country_code	reg_code	name	include_code	1980	1985	1990	1995	2000	2005	2010	2015	2020
630	72001	Adjuntas	2	72.2462661273512	71.544697829688	71.4493471555502	72.0555147451407	73.824296914709	75.9778487523757	76.9130065789903	79.4520894134115	79.1030612141242
630	72003	Aguada	2	72.9453570249819	72.9029627544564	72.9642010929089	72.6412435280651	75.1373661228323	76.6734760174239	76.9178857361011	79.1706849269633	78.1474110419097
630	72005	Aguadilla	2	71.0807261750652	70.6867698008443	70.7926465772045	70.7395297406142	73.2941901359931	74.077890706653	75.5974294352038	76.9183808453361	76.5002485681538
630	72007	Aguas Buenas	2	71.4787118078172	71.9529914848017	71.7903811034597	72.1484561517821	74.4317135061867	75.148352963671	77.497016256481	77.9576581704266	78.137131080718
630	72009	Aibonito	2	71.6158382934438	71.2434226438074	72.3379848736212	72.2281166480116	74.0750767742482	74.954929939131	75.5036070783783	77.7015115565524	79.1420718516851
630	72011	Añasco	2	71.604855548543	71.342959493513	70.628793844795	71.2939020497204	73.9027468735627	75.8211785547102	75.9689824791585	77.6476800299446	77.3830523671912
630	72013	Arecibo	2	70.9672868799537	70.3874954297727	70.6838615098108	70.4418042570503	73.2508058155942	73.7605786139057	75.5918965769233	77.318694069827	76.8285486671751
630	72015	Arroyo	2	69.8193554806069	69.5434145088937	69.7540128373182	69.950908258074	72.4779943931293	73.5694262774555	74.2312774411478	76.2365816986982	76.7574261442653
630	72017	Barceloneta	2	70.5472362939528	71.8538719393474	71.1708416050287	70.4696565709855	73.5911206634787	74.670983298779	75.5083706049676	77.8315761717541	75.9786633892326
630	72019	Barranquitas	2	71.5563675889498	71.5702025848197	71.0922318649978	71.0189176173616	73.8766329566622	75.3165562104414	75.7561463555667	78.1729026395411	77.7745185051626
630	72021	Bayamón	2	71.9960607818278	71.613300636866	69.6283546316634	70.924822830392	73.6188734135088	74.803229155457	76.3755564029694	77.5165443975918	76.336326678567
630	72023	Cabo Rojo	2	72.6168205933543	72.9612426746658	72.7506810623484	72.4444328858144	74.8344900375975	76.1984728139987	76.0966274427346	79.4382734268027	79.2877426922118
630	72025	Caguas	2	71.7340454881739	70.4755311279154	69.1553598022404	69.9470108350788	73.1756684742086	74.6813968605017	74.8643829161873	77.2852652252557	76.3527195529244
630	72027	Camuy	2	72.1696216413645	72.6654757956229	72.0415552869344	72.2314394670839	74.7808850377654	75.5132026236555	76.4366851808369	78.0652600520159	77.792873658039
630	72029	Canóvanas	2	71.9254460224962	71.3263989070289	69.2534103132649	68.7779369979964	71.8641988125002	72.8520792691039	74.4530703401331	76.8029985565827	75.4814716683369
630	72031	Carolina	2	72.6529820332756	71.5453242075486	70.1601226207159	70.8452551022517	74.0358284355027	74.9042921751011	75.9703444804065	78.1380946043897	78.499152981951
630	72033	Cataño	2	66.1139847902249	66.8471847350079	65.2113904316097	66.3539197495863	70.3796234702072	70.9460581216781	73.3254154600859	74.5863988827403	74.0148262819409
630	72035	Cayey	2	71.1518340083591	69.9216634163051	69.8756134767969	70.524483953392	73.6417199392052	74.527768421995	75.5738377863086	78.4050538540674	79.2560480043616
630	72037	Ceiba	2	71.5059925805097	70.6028496122311	70.7416335054228	71.4826600875187	73.6212116797947	74.7804089869406	76.1931986843514	77.9116488240038	76.0899868690555
630	72039	Ciales	2	72.687483621541	72.9682982205264	72.048982785567	71.7125361912924	73.6814655641717	74.9424944174138	76.4376345255677	79.0272618128161	78.0864376838206
630	72041	Cidra	2	73.17509421306	72.7038139102879	73.8826627668667	73.7734248703796	75.7191161166811	76.2502279710228	77.5476703482829	79.1611257545452	79.5757002485918
630	72043	Coamo	2	71.8511924732917	71.3644691049092	71.22611815552	71.3600081366598	73.3085857514113	75.7160113264946	75.9548937887834	76.6785744844294	77.9900569117645
630	72045	Comerío	2	72.1233645541656	72.0265774863914	71.8935328477967	71.3790592947542	73.7475317343261	74.9505527545492	76.8621774110934	76.7566688337769	76.1557251809459
630	72047	Corozal	2	72.5338376746441	73.1626902961226	71.5609389608957	72.1521969225292	75.0102288307268	75.4757754838544	76.6824765561075	78.3110403817685	77.2568877113502
630	72049	Culebra	2	73.4796605627083	72.805049076139	72.3323913169819	72.645958536012	75.426560696174	76.0831375750763	76.928793580703	78.0484262459769	77.5291791605673
630	72051	Dorado	2	72.7666157425028	71.0927776277823	71.0781594628887	71.5128475187418	73.1697233750587	74.9571210978582	77.3392848279102	78.5438597940945	77.7989823448635
630	72053	Fajardo	2	70.4419187571324	70.7987306854391	68.6916620733541	70.0036126673959	72.0180383358599	72.5248667758113	74.1548639890184	76.6044802960377	74.886173076013
630	72054	Florida	2	71.2927009711343	70.8069936964752	70.3665409264538	71.5382903937308	73.8597669735947	74.7538971795709	77.3394959714218	77.0910014060638	77.1345911521433
630	72055	Guánica	2	69.8851569891436	69.4946113976934	69.0927034328389	69.3093298295581	72.0375617495281	72.1553577678211	74.608046739983	74.6607917132356	74.5083282803126
630	72057	Guayama	2	70.1849439902749	69.3962393951171	69.5185616218719	70.115700500944	71.8859568180939	73.741725192585	75.5646778823714	76.5197496450651	75.1419423319669
630	72059	Guayanilla	2	71.6132308825389	70.38096268368	71.3267760644321	71.2843299052118	73.4068233593606	73.699723436915	76.0831037355625	75.9654104344325	75.1369454744375
630	72061	Guaynabo	2	73.2083883604793	73.318818512969	71.9927303340788	72.1506299669859	74.892461021024	75.7524133959543	77.5188600198607	79.4674503403754	77.7463094764218
630	72063	Gurabo	2	72.012477631304	72.062124748085	70.7280895748041	72.466506574421	73.9493164510841	75.5247867367712	76.1932279198252	77.9369165523215	77.8350241991155
630	72065	Hatillo	2	72.3350110484249	72.4406856088461	72.0660205551518	72.250119400176	74.0548919230177	75.2224897611308	77.0841560611377	79.1006847638076	78.2471648848167
630	72067	Hormigueros	2	73.6179797274132	72.9797663554823	73.3323072458812	73.6503895353089	75.2094032974994	76.1763133779816	77.0165112774978	78.4168538283176	78.9097219962964
630	72069	Humacao	2	70.7752209200459	70.7609112828689	69.8622801407757	71.4433371094605	73.3686345534601	73.9883891797981	75.8481097197441	77.1955096247746	77.4535752417685
630	72071	Isabela	2	72.7534952906566	71.5671595663359	71.6092228037356	71.5822045538686	73.2285057488307	74.8454649976065	76.0519797487252	77.8703597667723	77.5200233348507
630	72073	Jayuya	2	71.728277466296	71.3802712896907	71.0712851632601	72.0957408474573	73.7490153123948	75.4579764187822	76.9821641895953	78.1000429657603	79.2043213440814
630	72075	Juana Díaz	2	70.968774102932	70.624413690162	70.6089375744152	70.6639602502435	72.6230952714177	74.3068086105165	75.9592970022973	77.3397058418728	76.5793071351731
630	72077	Juncos	2	70.7153022843883	69.9181741505601	69.750068209156	70.5599589265868	73.340529253915	73.0925243176368	74.6733035113341	76.9490997351896	76.599004247287
630	72079	Lajas	2	71.9935959093751	72.5078684060421	72.0220358968338	72.1231688351227	73.9494922335911	75.4690654125917	76.4336461800658	78.2112026475807	77.5521951384494
630	72081	Lares	2	71.637654260961	72.2059928370076	71.925486326258	73.8590738572291	74.7791193592825	75.6748661181057	78.3003618630365	77.8321154680815	78.0494912765436
630	72083	Las Marías	2	73.3907119900529	73.0897334984862	73.224510274015	73.7060388694541	75.610625422674	76.8843050328692	77.3886497742619	79.2009532798841	78.918046051762
630	72085	Las Piedras	2	72.64956034915	72.319519723676	71.7689200309726	72.952274747176	74.5195253168716	75.8550885623887	76.453570294501	78.3551159430817	77.896013093711
630	72087	Loíza	2	70.7917558912134	70.6659669661807	69.1841506120271	68.9637891213665	71.0447113172862	71.6753116380713	74.3780624062116	76.7343773356478	75.6685170029125
630	72089	Luquillo	2	70.8964083889985	70.6920440197599	69.9699424246971	69.5587082972406	72.0288935385209	73.8614023104852	74.9912497358968	77.1532138836232	76.556061608226
630	72091	Manatí	2	70.2617996876265	69.8805217094785	69.7910395063819	70.7847387977883	73.2330398936358	74.4291425413412	75.6992740056346	76.8138970428115	76.567377001589
630	72093	Maricao	2	71.4556471737158	72.8918864860398	71.5995159536648	71.8045660395434	75.2000616916282	75.489230727863	77.0903081016844	77.8767906615945	78.1621373340556
630	72095	Maunabo	2	71.6344059504183	72.1886055823736	72.0143598157944	71.4303795149149	73.8055813457153	74.2590504130892	75.4548633151358	77.7130379164169	76.1681060666324
630	72097	Mayagüez	2	70.3243822671587	70.513066265162	70.3141748413964	70.8781743623945	73.5062400219174	74.0014609040559	74.9436858079822	77.2960829735446	76.5193089899852
630	72099	Moca	2	72.2304229787307	73.4048258504714	73.6017509801988	73.3964907957467	75.8896731274294	77.2212765312687	77.9205650107496	78.5639597763352	79.1486502871894
630	72101	Morovis	2	72.6602668125804	72.7992280598096	73.5427330261299	72.6669975707513	74.4937579824126	76.1420776578138	77.2664743927407	78.4021037153044	78.5375585655562
630	72103	Naguabo	2	71.5803264837484	70.4956344439404	70.0116904098732	70.1903132615988	72.2389827476382	73.7958480748443	74.9820937372237	76.0831124692729	76.7666228709339
630	72105	Naranjito	2	74.1482175079025	73.3656800944224	72.6603318795991	72.0688051825944	74.9074595508063	76.0832258623002	77.5651329506354	79.5451343710528	77.4993816922393
630	72107	Orocovis	2	73.4078162882473	72.6254584828833	71.389333651853	73.1552484282013	74.2870413403906	75.5770931420796	77.6740065592895	78.1011152827042	78.4725258255697
630	72109	Patillas	2	71.6877944275457	70.9158652991553	71.6071221283496	71.2889363775736	73.5804517208175	74.383518538867	75.9795143960129	77.2695777924374	76.4565925594581
630	72111	Peñuelas	2	71.571942916978	71.83266076896	71.1169746990899	71.8647264793518	72.9759647647082	74.2922681390474	76.7933503649845	76.8244493227995	77.4706249758642
630	72113	Ponce	2	70.8105574593315	69.0985807654693	68.332681612353	69.1048903687503	71.9723615530865	72.7768886820811	74.9025791899518	76.126615594061	76.1462326742963
630	72115	Quebradillas	2	71.4628293030358	70.8655267230641	71.5879246226378	71.7000807880574	73.3233251688753	75.1338074148695	76.3487879814837	77.1778670276039	77.4864594818184
630	72117	Rincón	2	72.46132364053	72.3905442558873	73.0827088730373	71.7222615901604	74.7291004724796	75.6995530624257	77.7749040157706	78.9149861763944	79.5796255242921
630	72119	Río Grande	2	71.2153973241079	71.8457413499319	70.1776780765835	69.9276876404338	73.5189416372783	74.8503817620344	75.731176145537	77.398669379702	76.5926100954028
630	72121	Sabana Grande	2	71.9346451444363	72.0065919730455	71.4898011972106	71.7528412921635	74.2903977510144	74.842914315465	75.8088926434549	76.9467053696041	77.4295800385974
630	72123	Salinas	2	69.7530396013273	68.9183225002179	69.9988506064792	69.574372077191	73.0087767310909	73.5893465764875	75.4583619144104	77.6035366241527	77.0533171894661
630	72125	San Germán	2	72.0064503406918	72.6340684135232	72.0404036803511	73.4313364003995	74.7411378405873	75.4329169792403	76.3422361453655	78.0621365796572	77.6081881610963
630	72127	San Juan	2	68.6470356701273	67.331312721927	64.9599451425749	67.2697977318805	71.257696959952	72.7404846500994	74.5169034822267	75.8746180760557	75.2078235879764
630	72129	San Lorenzo	2	72.3515996221722	70.897187021294	70.6729159356428	72.1295908750754	73.668055510682	74.9432223297515	76.6112220684538	77.9890280445898	77.7548185769639
630	72131	San Sebastián	2	72.7356216037808	71.7610129840225	72.2600170310413	72.8421808016944	74.4820016793862	75.9907188223419	76.3648051227671	78.4321623203998	77.7930690657711
630	72133	Santa Isabel	2	69.337318127099	69.5667982586642	68.1376572480428	69.2794067812304	70.805285937246	72.5832468359631	74.9815746659698	75.2725330057585	75.0217254074294
630	72135	Toa Alta	2	74.1558495547855	72.8627032144261	73.2816133829835	73.0585926955162	75.132107972202	77.1000040104866	77.690884734472	79.4153861340374	79.2001268745825
630	72137	Toa Baja	2	72.4667428360915	71.1716122644208	69.9846958253781	71.2121832384836	73.4770523427012	74.1125164662236	75.7309233627713	77.1545924311323	76.2980723989638
630	72139	Trujillo Alto	2	73.7388792935623	73.0090453768813	72.783184231541	72.7125893076586	74.8734191109396	75.9384177250574	77.848958872637	79.4913418325298	78.5872133658005
630	72141	Utuado	2	72.7594944890366	72.3636968817232	72.9102253975029	72.7074064912897	74.8141058029653	74.9594278424649	75.9458617573364	78.8402092912317	79.1201203100648
630	72143	Vega Alta	2	73.0138437389285	72.2614430744526	70.791181940388	71.8387929319762	74.0868278588871	74.7904537013042	76.7264776724296	78.6192026016853	78.8121695230683
630	72145	Vega Baja	2	71.9184551484639	71.3129531164788	69.6682343297977	70.1011241052208	72.0302877030777	73.7271170004394	75.6497277988713	76.9559572547346	76.6002807064207
630	72147	Vieques	2	69.2900509137576	69.1238186266347	69.7378887488403	68.7150054181633	71.5290379796738	72.7124128197224	74.4670928320095	76.1396335187216	75.1196492113231
630	72149	Villalba	2	71.6066078972185	71.1548932759714	71.6159439963064	72.7685741735662	74.7032505287002	75.121960331619	76.8119781443832	77.5753872796107	77.1540548590006
630	72151	Yabucoa	2	71.2971335190346	71.7148557805045	71.8214953289538	70.9696813174504	74.3726590755067	74.7106762012663	76.052975302116	78.0766232710896	77.1557492282183
630	72153	Yauco	2	71.0588120314946	70.1096719139251	71.2692012630288	71.5629268004618	73.0155812169568	73.5347820059357	75.5146276324793	77.2378789399459	76.3242347624793
630	630	Puerto Rico	0	71.2590120289259	70.704047116295	69.9284522915642	70.6913896751238	73.3442118145356	74.4574766225762	75.8814429382718	77.4958953160972	77.025779498913
