country_code	reg_code	name	include_code	1980	1985	1990	1995	2000	2005	2010	2015	2020
630	72001	Adjuntas	2	78.7877721110845	78.929758484464	78.4621094898231	78.8224593284677	79.906049432698	82.1423405708355	83.5474348233485	84.8860881657193	86.1840209532115
630	72003	Aguada	2	77.573548226922	77.9638146791465	79.3160902831899	78.4670703372125	80.3183831658429	81.362161461604	83.4333233284581	84.7136851450325	84.0171441340972
630	72005	Aguadilla	2	77.2792363732859	77.4996045097369	77.8194028768794	77.992930987247	79.9467131713094	80.7665818198469	81.5829121778184	83.430741156174	83.2945134378448
630	72007	Aguas Buenas	2	78.7629273379127	78.7781489135463	80.7279524563089	79.13476468347	81.3552948836756	83.4331825758294	83.8365076468391	85.9341123466561	85.42914057543
630	72009	Aibonito	2	78.2099396271766	79.145658613316	78.958188862715	79.5051229732092	80.6469302061633	81.2342432868815	82.8813396457285	84.3479468789884	85.5640344071511
630	72011	Añasco	2	76.7379635758032	77.0516252779913	77.5071910565612	77.904194302284	80.2665269959473	81.5908745811484	82.7712286285639	84.8579091926464	84.2200451250355
630	72013	Arecibo	2	77.2899038342772	77.1139660286913	77.8253082249146	77.6867558064214	79.8613903666788	80.6536693457717	81.6743839615003	84.2668098063835	83.6835083294628
630	72015	Arroyo	2	77.4086657451685	76.6252074575309	78.3371135721128	77.5411473181714	79.4681223313091	81.002973972685	82.1104735017345	83.4292971401748	83.0872170672298
630	72017	Barceloneta	2	77.3437872505616	78.5535378006219	79.5916745023184	78.4948343901153	80.2853106012525	82.3709671401026	82.7000907007494	84.9444806421886	84.4163585513684
630	72019	Barranquitas	2	77.6664516051328	78.0466687558621	79.5802502191845	78.0168688010747	81.0529502264653	82.9955227785777	83.0364566744731	85.7802027210737	85.6906382872061
630	72021	Bayamón	2	78.0394705791186	79.2683153361867	79.8692395252796	79.6696232758441	81.589670365372	82.693919927788	84.0174878739275	85.232677843331	85.5472773895123
630	72023	Cabo Rojo	2	77.5494694501798	78.8807413691932	80.0302997267842	79.7594928481532	81.7920923351762	82.3380181877721	83.6380085006598	84.4214569046119	84.6218478128635
630	72025	Caguas	2	78.2867479842512	78.9926926202975	78.5680047125656	79.5142644517798	80.9207634948225	82.9746826182463	83.6932860349327	84.6998805714004	84.4893911027129
630	72027	Camuy	2	78.8345380817277	79.2338717787269	78.5394937206736	80.5084039612761	80.8079468401489	82.735827545296	83.2012911560597	85.0483432815367	85.3553506130892
630	72029	Canóvanas	2	78.6060660345879	77.7561829587806	78.155009666589	77.2606978418479	79.7780743870503	81.6733215329445	81.9091101808599	83.2608303063907	84.0907857688946
630	72031	Carolina	2	79.6920996057252	79.7704553172829	79.220866653152	80.0252178971432	81.7381605025223	82.8084488371971	84.1577694673218	86.0863287668993	85.531856422337
630	72033	Cataño	2	75.2994080055006	77.3783708608479	77.236671281178	77.4509436998675	79.2658858844819	81.6367745206588	83.0093730204212	85.2506822805099	84.8012602138693
630	72035	Cayey	2	77.0781908352296	78.074370281963	78.229128478502	78.8450822474017	80.5236773882338	81.7647780256863	83.3267283452828	85.1280201147741	86.9212647632227
630	72037	Ceiba	2	77.8346352547469	78.2961808300344	78.62809013209	78.4233983344579	80.7100754142217	82.1295398110675	82.2841455971742	85.4592577268403	83.9161245437917
630	72039	Ciales	2	78.7984475556576	79.113933216026	79.3980965111557	79.6065724491324	81.1630876210002	82.2671637922026	83.4753884173383	85.7579469917221	84.3174276065999
630	72041	Cidra	2	79.8850673466656	79.2665389142402	79.3588424619169	80.7017062351211	82.577414765859	83.1620018138862	83.317578975958	85.0343475437922	85.1480029664865
630	72043	Coamo	2	78.2333536970946	77.9964884502963	79.2340736755846	78.6103337043934	80.9376481059516	82.0762663752243	82.3935215250348	84.4663162484701	85.0957810537995
630	72045	Comerío	2	79.3189894608702	79.0538007382593	78.4896911057138	78.4702120596322	80.386329923035	81.6523535183647	82.9505066979801	84.4723445621592	83.68119884714
630	72047	Corozal	2	78.3676927741326	78.293894713821	78.8290007383715	80.2252592965041	82.0932082888966	81.6220771041507	83.7451836547981	84.5953563751417	85.3236031834257
630	72049	Culebra	2	80.09684162717	80.527284347109	80.442764598982	81.4096199429715	82.9307748789808	84.1117003877574	84.8111619628637	86.000636384573	85.1080252865364
630	72051	Dorado	2	79.0961581470346	79.1628269623386	79.3435265320094	79.5404643876466	80.2220421839299	81.5153145184893	83.4836666245086	85.0676822934087	86.6108617265184
630	72053	Fajardo	2	76.8304910833753	77.1935948801425	77.8413556594842	78.5137608946843	79.7851304346211	80.2676927276758	81.265964887252	83.6625436109309	83.3797938199167
630	72054	Florida	2	78.3087536286715	76.9777329047807	77.0518978823113	77.9124403126465	80.5476911945215	80.7758616433934	83.0387417023784	83.7508099035054	86.019676680347
630	72055	Guánica	2	76.581241397197	76.6697885380186	77.0490204801233	77.0002361730937	78.5222548166813	79.7791296500506	81.0140338846115	81.5624443693288	81.9513692564013
630	72057	Guayama	2	76.7430930750506	76.8093098878238	77.8002902187775	78.6619054126369	80.0048547385686	80.4645568477771	81.8544351627528	83.3391152657001	82.4910014123713
630	72059	Guayanilla	2	77.3708629919413	76.7424095230678	77.8691914476084	78.6135128720533	79.7170843181452	79.6658024072976	80.8117433999854	84.281686721276	84.4784694223927
630	72061	Guaynabo	2	79.3324595361633	80.4430771398895	80.3780759912119	81.3814477560386	82.3819709879291	83.5064822731115	84.4113367799999	86.3131806420822	86.7136278444148
630	72063	Gurabo	2	77.623022334163	78.0272265858073	78.9427057661479	78.6890391987352	81.5562852186939	82.2546625830799	83.3481671946065	85.8682350032309	84.7510961751606
630	72065	Hatillo	2	78.852809912645	79.2303830340517	78.3240952355801	78.3833913390463	80.3296506507725	81.6992576318214	83.4426870048551	84.4110624010563	85.1551899833008
630	72067	Hormigueros	2	80.0794032958254	79.0545706699984	80.6525011807653	80.2954489385124	81.9906427511928	83.6853359100253	83.3760959755845	86.2305082093341	86.0619525172171
630	72069	Humacao	2	76.1580181403898	77.9939110395467	78.6844221230314	78.3395753244104	79.9116177443932	81.5515183304656	83.0357953114861	84.4229549948764	84.2109935875665
630	72071	Isabela	2	77.7614994271955	78.2422360006694	78.3492609659154	79.2820101302971	79.7257177263243	80.5427747401658	82.5312691688373	84.1276941245497	84.8557222147796
630	72073	Jayuya	2	77.2386226854694	77.1312157838599	78.1215637041953	78.4911475010616	81.58438937262	82.2913967540293	83.0783990740083	85.7384905210888	85.4888045372262
630	72075	Juana Díaz	2	76.4407431795736	77.7184205508666	77.9131561206181	78.2053691019077	79.9262103136845	81.3960245891724	82.6485023361105	85.8040798301982	85.2918222808626
630	72077	Juncos	2	77.0400908728793	77.4158973255683	78.3155747983823	78.6107148039762	80.3116552521412	80.3088166972996	82.4103009884773	83.4191895907404	84.4477828450438
630	72079	Lajas	2	77.7559379366778	77.7532310221013	79.2221636978694	79.6036325126918	80.8812156292442	81.5985864032198	83.297021956709	84.618901641832	85.4669611429866
630	72081	Lares	2	79.68148832122	79.5055653728491	78.6797342785482	80.6475211225628	81.6152309974384	82.0551825520236	82.3947261495033	84.4039892104126	84.575516440004
630	72083	Las Marías	2	81.0865516644592	79.6890358156719	80.5413618384786	80.9568938727886	82.4890394613524	83.4194118539023	84.8500585277374	85.9698299255732	87.3629206995753
630	72085	Las Piedras	2	77.9941839028701	78.9870433442481	78.7830967558864	79.6930816041097	80.3910940147096	82.3357458252854	82.5478384348673	85.0852785154627	84.802920218684
630	72087	Loíza	2	77.4443908378439	78.6483093965032	77.7945451203814	79.4750486911426	82.0597564895306	81.238427575242	82.7913089741118	84.515769739451	85.0584787804546
630	72089	Luquillo	2	80.0388647953054	76.613901914406	78.2175086931186	77.8117307846693	80.5101532356069	80.255352482063	82.8967408219438	85.254873528974	84.5691367337028
630	72091	Manatí	2	76.9316168022641	77.8935269983267	77.9477119697953	78.2409219664838	79.7565240407489	81.2060173199355	82.05214611725	84.1067297371939	84.5198058072794
630	72093	Maricao	2	78.7281118498059	79.3277311164501	79.6073143966085	80.1568798943191	81.438937991417	82.8370038818217	85.3477890266469	86.8005704401472	84.4637568911132
630	72095	Maunabo	2	78.3753958298715	79.3090839453735	80.0057282276458	79.6555663341063	81.2568680950142	82.8650810726628	84.7571058628609	85.38988113595	83.1291535872019
630	72097	Mayagüez	2	77.3103714610069	77.8106770484235	78.4200428224017	79.379161015406	81.0396725462347	81.3325371728262	82.7232807708038	84.9191556801847	84.8404142688267
630	72099	Moca	2	78.1370797951179	78.8426052940581	79.188877727583	79.5777320494927	81.3750275143487	81.863387578756	82.5368917976308	85.1360300570282	84.9607752300842
630	72101	Morovis	2	79.3972074421477	79.0743522254598	79.2758230368531	80.6265092854833	81.9458876109208	82.6985955670665	83.2023945218048	86.2011302370988	85.6104016455803
630	72103	Naguabo	2	76.6954499356305	77.191499182119	77.766412535585	77.2349173943773	79.9879817706882	80.8262287936404	82.4140455045644	84.2479110009856	83.7224951853209
630	72105	Naranjito	2	80.5395050366207	80.4891858001816	80.5380325385997	80.9879045529141	81.8836544046398	81.942735731773	83.5006087612217	86.6597917625713	85.1660020613854
630	72107	Orocovis	2	79.2591015937138	81.1098324940046	80.2587928842488	79.9845607892758	82.3336121767182	81.5377591347702	83.296807571631	85.2085496453233	84.7774231848634
630	72109	Patillas	2	77.610784950581	78.5867690858889	78.3163797449612	78.2927319032603	80.6331842467225	81.5747639160847	83.1074625917003	85.5269188997839	85.4268081581264
630	72111	Peñuelas	2	77.5237534746598	78.0326712612513	78.1198629981284	78.4139137946091	80.6460219481442	82.8082984979806	82.3223332713668	83.465404533338	83.3568863700998
630	72113	Ponce	2	77.5715974498218	77.2389148730485	77.7425323934362	78.5524655399821	79.9527642409287	81.4135552352093	81.784141273106	84.4361566692531	83.8578390297339
630	72115	Quebradillas	2	78.5219408278215	77.542487645888	78.5977924090437	78.6909768561455	79.7831657671782	82.2300241721468	82.8980806647589	83.5688406537384	83.9638760613787
630	72117	Rincón	2	78.4883214807671	78.7527004215322	79.3387040653297	80.246580110709	82.236232399214	81.2119646969707	83.8997448642487	86.2096570088973	85.6656226772016
630	72119	Río Grande	2	77.5817859509845	78.3191577993127	78.9068212886228	78.5306615193371	80.7865060055431	81.8461558096278	81.9442331161333	84.3429982882188	85.1677040414677
630	72121	Sabana Grande	2	77.2262669763216	78.7747616196586	77.6347606794652	77.7741773861395	80.5076884578109	81.1314029557455	82.9439313469055	83.1274069113834	84.4900856898154
630	72123	Salinas	2	76.9591804637449	76.7308930546395	77.606558809962	78.7872860935357	80.1847600586644	80.7543878493519	83.1903316800616	84.679023813388	84.961129352696
630	72125	San Germán	2	77.4161822869104	78.1098897239188	79.0282717050077	78.9317477862518	81.0577735209631	81.6428573485795	82.4859954715947	84.2278065882278	83.7848466169755
630	72127	San Juan	2	78.2902016327091	78.6348064755928	78.5880681406493	79.5509214166509	81.7965303149214	82.3994011040551	84.029863962562	85.1052286477255	85.3825120307564
630	72129	San Lorenzo	2	78.3508219171532	78.749981225769	79.0572090091926	78.5661485220742	80.9899963481603	81.6948494868685	83.281265617052	85.4005642356847	84.31454109001
630	72131	San Sebastián	2	77.6769058615902	78.365263689021	78.688283795458	79.3893890411728	80.2439303182914	81.0571706244129	82.9265715686846	84.0055015218622	84.2553273963447
630	72133	Santa Isabel	2	77.1115330933659	76.5890699759798	76.8453903437066	77.4655790196749	79.140351161483	81.2787014176929	81.3269112114262	83.7598526882131	83.0037406908265
630	72135	Toa Alta	2	78.7407907696726	80.7911393643422	79.817026876312	80.6950712800818	81.5891280195065	83.3784846486953	84.307126494816	84.3807656176293	85.3987741679804
630	72137	Toa Baja	2	78.6291040916635	78.9281361950069	78.3441309597787	79.8541803296665	80.9857089352139	81.2167174288536	82.9621722849407	85.0773441245791	84.745790362937
630	72139	Trujillo Alto	2	80.0716489317279	80.5823947119508	79.837691753021	80.813256566924	83.2082045740909	83.502977736491	84.9823800145682	86.2225307225818	85.8071024575786
630	72141	Utuado	2	78.2097413086048	78.4857066950973	78.8517291500023	79.3943731664158	81.0279382969497	82.1202547548291	83.5305177604588	85.1439430178375	85.4167405256069
630	72143	Vega Alta	2	78.5000809800008	78.3112587316	79.4497343110527	79.3982240090931	81.6722038546663	82.3579954122001	84.144445338009	84.7217760155515	85.8592034566783
630	72145	Vega Baja	2	77.1981861366788	78.2912216690282	79.4549921993682	78.4615993972499	80.3385798527147	81.2693873210395	82.4542499775206	85.1222772173445	84.3656179631435
630	72147	Vieques	2	77.256795851671	76.9983247458358	76.617822745356	77.9813157441955	79.7741749985331	81.2028376175318	82.0958280728687	83.9791308894943	82.6025134271171
630	72149	Villalba	2	78.1310769227022	78.3710491227563	78.9399354285335	79.6267760624525	80.8555509769047	82.1773568795645	82.6480706166837	84.1793037232236	85.379521268732
630	72151	Yabucoa	2	77.7194818065305	78.4456868312885	78.5503245803015	79.0880225552137	81.4906146184956	82.757631765612	82.4202688140277	85.6263712668775	84.840436485199
630	72153	Yauco	2	77.4306666674734	77.3906135390751	78.1859691180521	78.7598707020032	79.3089749893545	80.6035334890857	81.8561712985427	83.1854687847807	83.2987950541759
630	630	Puerto Rico	0	78.0617424997559	78.4826999220614	78.7714811255838	79.2567903284336	80.9851061730959	81.9747814672803	83.1534140979457	84.8545466508669	84.8395096195871
