country_code	reg_code	name	include_code	1980	1985	1990	1995	2000	2005	2010	2015	2020
630	72001	Adjuntas	2	78.6011292529979	78.8661705512478	78.8036639473769	79.1131989705821	80.37840008028	81.9748611532286	83.1928699716367	84.6278781371392	85.4838872042346
630	72003	Aguada	2	77.5688973662984	77.9376007422566	78.8259609026282	78.5146130941257	80.1823872410882	81.184155255143	82.9296712889393	84.3603046464283	84.0578057417643
630	72005	Aguadilla	2	77.2490121215786	77.5416294221378	77.9218685479074	78.10685738315	79.8610283278265	80.749633799923	81.7256100494277	83.4922506112152	83.4337574052899
630	72007	Aguas Buenas	2	79.1891769494	79.3722888983499	80.4784482996841	79.7991531615132	81.6679073883479	83.2108510635485	83.9847250976387	85.7670105067043	85.4751289920137
630	72009	Aibonito	2	78.5376827786488	79.2649381725065	79.2594382536498	79.7229080109014	80.924513271444	81.657042439908	83.1454530229168	84.6146264282796	85.4583432541062
630	72011	Añasco	2	76.9898848323924	77.30202636797	77.726799540284	78.1061928762231	80.0527823274824	81.1630117079297	82.380818260757	84.2641878417833	84.1133294742581
630	72013	Arecibo	2	77.2606919238917	77.2752170947004	78.0029599010371	77.8865970248336	79.8416705400793	80.6172919219213	81.7047011868484	84.1841759461173	83.7870618152679
630	72015	Arroyo	2	77.7915664318366	77.5353998026121	78.5449460077563	78.2637998896588	80.0117490810869	81.1853710734372	82.3171995241326	83.7425129055844	83.6444451115922
630	72017	Barceloneta	2	77.8410855050826	78.5920703115744	79.3167690876885	78.9175742909077	80.5023488083595	82.0924817151386	82.8111960269637	84.6363092928875	84.4474252251922
630	72019	Barranquitas	2	78.3322108297828	78.6577685304924	79.5554593090233	78.9260134905096	81.2297668560359	82.6521498952332	83.1853239844136	85.3884167795674	85.4750769991801
630	72021	Bayamón	2	78.2252210158867	79.2748233946819	79.9874280498842	79.9070935676694	81.6788635425839	82.8143242342653	84.0641551117254	85.317048151164	85.6843407499533
630	72023	Cabo Rojo	2	78.0210327555983	78.9567952844423	79.8217311203912	79.8164235619879	81.6793534301208	82.2630101365978	83.6544076313633	84.5963247368687	84.7269896501872
630	72025	Caguas	2	78.543474045985	79.1474415295837	78.9882589431922	79.7919658667394	81.1430336324853	83.0399925924617	83.7975099633032	84.9427555380832	84.8138738993255
630	72027	Camuy	2	78.5342440194539	78.9259382221386	78.6884176122038	79.9932280605754	80.7342413073942	82.2352537355439	83.016873303314	84.730390198529	85.0564662614588
630	72029	Canóvanas	2	78.3688014272594	78.0942402545112	78.5277248719932	78.0801117602849	80.1999473690189	81.7212184863324	82.2178248699406	83.6863070469933	84.2604435938006
630	72031	Carolina	2	79.6546419287446	79.82554274039	79.5289165222006	80.2296235714119	81.8385114587749	82.9475084131356	84.2705742638848	86.134399236741	85.5886114325528
630	72033	Cataño	2	76.9206038568924	78.1494987412406	78.3292996412719	78.6313821458843	80.1259250500052	81.9342905959647	83.088614777949	84.9341057373396	84.8530865573665
630	72035	Cayey	2	77.8710111318342	78.5805678196314	78.8641260646793	79.3069183806561	80.7999615202749	81.9247782321328	83.4169747813196	85.1520645420795	86.4027391727872
630	72037	Ceiba	2	77.6243189551048	78.1095314366061	78.4584675016706	78.59297214514	80.4089457778333	81.5659774992081	82.2255142171148	84.4435357484065	83.8470959388343
630	72039	Ciales	2	78.8438668544342	79.143812012485	79.496209191942	79.8230002145071	81.2840657234051	82.2738529003594	83.4613898728178	85.313073807045	84.6654607365612
630	72041	Cidra	2	79.6902534979944	79.5269663847593	79.6773098434276	80.7167437556395	82.2979187304015	83.0402238122942	83.6021648497463	85.3010621642394	85.358798022697
630	72043	Coamo	2	78.4658440840974	78.4946767620742	79.2950155600324	79.0768704808814	80.9683788204457	82.0197634242862	82.5974306068154	84.5374152798195	85.0136961146094
630	72045	Comerío	2	79.010304665547	79.1152751728821	79.0598236903403	79.1471605783007	80.8240573510279	81.9125373390684	83.1401815857292	84.6412795311124	84.2360208350115
630	72047	Corozal	2	78.6331633238188	78.7517436510923	79.2071671863487	80.0957300031974	81.8185208559026	81.9154679442559	83.6558043376845	84.714874095129	85.4077401013362
630	72049	Culebra	2	79.1858398836864	79.5757358124233	79.8045237471358	80.3130874011275	81.7938780915092	82.7827888379476	83.7453319524404	85.1498658326028	84.9599424510691
630	72051	Dorado	2	79.0086365960263	79.2011956465291	79.4987580085816	79.8159087920127	80.6799083427354	81.8921353145711	83.5220723690172	85.0382325104627	86.0014429077482
630	72053	Fajardo	2	77.1256681010776	77.5470922612714	78.1129109489565	78.6344738906429	79.9489401074649	80.6442256544556	81.6396895921725	83.7449283789772	83.6743028961392
630	72054	Florida	2	77.9861871567059	77.7207251963976	77.9476888838996	78.4935915907913	80.4423138543345	81.0718432025925	82.6909834289069	83.8424774492498	84.9713042103632
630	72055	Guánica	2	76.566413717649	76.773858484794	77.141835439371	77.3483913372703	78.8128626301393	79.90858779969	81.1050502787835	82.0862108194664	82.3557281602861
630	72057	Guayama	2	77.2291195752068	77.3668945059077	78.1269931850111	78.7479509263656	80.1514486313527	80.7253024270035	82.0719720367979	83.5902353565053	83.0609667896106
630	72059	Guayanilla	2	77.3715635083471	77.2308492311829	77.944398129916	78.5106485377224	79.7609018358508	80.1154966874396	81.3350325543053	83.8412748290824	83.9733904715222
630	72061	Guaynabo	2	79.691590463676	80.5992687180789	80.7129421856195	81.5456004553384	82.6779187367948	83.7456252817909	84.6527318751721	86.5065839516158	86.8159003389011
630	72063	Gurabo	2	78.3516653867052	78.6878302894968	79.3360029059303	79.3380264874834	81.5395933788378	82.3168325499223	83.4677095822046	85.5904622463595	84.9482163459407
630	72065	Hatillo	2	78.6853406862395	79.0316845336162	78.5859240953349	78.7485525106315	80.5142982422163	81.7305529534694	83.2766974911384	84.41407109669	84.9653864921996
630	72067	Hormigueros	2	79.6154670158265	79.459498079434	80.3430406018522	80.4098317343983	81.9722394167455	83.2230046457541	83.6003215034819	85.8339005099843	85.9503279639221
630	72069	Humacao	2	76.908591910594	78.1906419639463	78.7345299954189	78.6664036046192	80.2684825921602	81.5978719582385	82.9514205790736	84.4001334024346	84.4920864122106
630	72071	Isabela	2	77.6820818992626	78.1053065560534	78.2832328207338	79.032212793208	79.8302801115323	80.6610547647545	82.3836499220161	83.9642347099808	84.6095400836295
630	72073	Jayuya	2	77.5561761533492	77.7006316953324	78.3508219212031	78.6761711149879	80.8831256215373	81.7044937739961	82.7471957728936	84.7074769445748	84.7752856774438
630	72075	Juana Díaz	2	77.1702725823711	78.0448603424668	78.2548324819962	78.5699420955761	80.1363999399653	81.4178140504294	82.6815059907348	85.2758534166689	85.0298166842298
630	72077	Juncos	2	77.5971881774847	77.9245256336388	78.5894479824342	78.956532932366	80.4433776236224	80.8549094967031	82.5506628609175	83.7279014055594	84.4022198364803
630	72079	Lajas	2	77.9229901087592	78.0263860623078	78.9728571204861	79.3971023123915	80.7177637170144	81.5353414525225	83.0529083010764	84.4287702271043	85.081425634688
630	72081	Lares	2	79.1566019772802	79.2638842595514	78.9530942076337	80.2156555902406	81.3839716195737	82.0562748954932	82.6516748708221	84.5461405488434	84.7545435249608
630	72083	Las Marías	2	79.8057468626182	79.59211100834	80.1206008215794	80.5138131507474	81.9725785386528	82.9248272616981	84.1301068885512	85.4792979690691	86.1617967969065
630	72085	Las Piedras	2	78.2785848175	78.9611770083466	78.9753740203211	79.6812798453131	80.6110982928854	82.1794956109099	82.7094185096749	84.8838038264557	84.750188228509
630	72087	Loíza	2	78.8628296271147	79.5959997890835	79.2823921318079	80.2937255749266	82.2497827028389	82.3063529630752	83.6248466436346	85.2297214772371	85.6138887461621
630	72089	Luquillo	2	78.3799039117104	77.3787675508399	78.2809950645101	78.3305909390418	80.3685863092137	80.7149050804883	82.6290286592161	84.5200232513501	84.3697094635301
630	72091	Manatí	2	77.4425039236092	78.1472797748133	78.3158975049471	78.6531070123827	80.082702422551	81.3179591698698	82.2919696759272	84.277163025918	84.5448840522191
630	72093	Maricao	2	78.6848077368236	79.1205539571119	79.4320997899117	79.8698204362721	81.2335994718048	82.3601319897799	83.8476995668499	85.3252703912754	84.657804775365
630	72095	Maunabo	2	78.6587840156828	79.2475739074966	79.7840112099504	79.8056865656044	81.3111758552954	82.5266943320047	83.8418012614863	85.0281571897389	84.0364210419766
630	72097	Mayagüez	2	77.542935214844	78.0065211647268	78.5774933226122	79.5037887284535	81.0282834155337	81.5326205169804	82.9162570469828	84.9361682443083	85.02382101631
630	72099	Moca	2	78.0952382762511	78.594326132732	78.9471330013692	79.3171508438055	80.9518166009157	81.6442241839726	82.5355103239353	84.7565068011603	84.7314422160786
630	72101	Morovis	2	79.0532820451665	79.1031314430177	79.3762095329246	80.2666115587734	81.6020063548911	82.4602297148319	83.2164945965863	85.506788647868	85.4447344680192
630	72103	Naguabo	2	77.0713413362765	77.5089001071571	78.044591228557	77.8893680314661	80.0255052302162	80.8838170578094	82.230215466566	83.949958744951	83.6793068419029
630	72105	Naranjito	2	79.9913065514262	80.1569986223786	80.4235381310262	80.7380103240588	81.9173699640704	82.3951751060136	83.8351294994235	86.178128470263	85.4873934181103
630	72107	Orocovis	2	79.207000959455	80.200714266433	80.0392740926396	80.0986132773666	81.9944279809733	81.99983970416	83.4586269316461	85.1966246761873	85.0145174355573
630	72109	Patillas	2	78.009110891708	78.7118062518241	78.7530700210323	78.8663612749451	80.7681999581512	81.6749800507475	83.0758609859151	85.0078693454059	85.11992729549
630	72111	Peñuelas	2	77.4134944675362	77.8439116238086	78.019023101326	78.454481926733	80.1661535163657	81.5973118989986	82.0567537371305	83.3631523989223	83.4501596698428
630	72113	Ponce	2	77.6130563021948	77.4805726318666	78.0908906153983	78.7796573983504	80.0895870740494	81.5321236051183	82.092262941457	84.5770518335418	84.1529186021441
630	72115	Quebradillas	2	78.004699699953	77.7075265811794	78.425272058153	78.6905425366906	79.9429827854693	81.6410080480577	82.5600095209398	83.5660714513599	83.988500482868
630	72117	Rincón	2	78.7510149645942	79.051559727557	79.4881409713481	80.1288846780855	81.837276200415	81.785591421739	83.6862632090959	85.6157546649828	85.5524205978787
630	72119	Río Grande	2	78.023554691465	78.5460234156027	79.1132859728101	78.9611230460361	80.9602737240005	81.8919982692847	82.4355841761811	84.5299535135589	85.1610045822619
630	72121	Sabana Grande	2	77.3768780694638	78.370524611989	77.8819636429887	78.0841771132312	80.383662757519	81.0993595517248	82.6188131275702	83.358139463893	84.3498719072772
630	72123	Salinas	2	77.5690833612946	77.6144820123537	78.270972296705	79.0003485964151	80.4280713715999	81.1879223793752	83.0739447349198	84.5538978810141	84.8590009447491
630	72125	San Germán	2	77.5116402322099	78.0025010686085	78.7188445742839	78.9369094967396	80.6621682312289	81.4154521849677	82.4031240122114	84.0322319620465	83.8832245965752
630	72127	San Juan	2	78.42022126192	78.8490949932095	78.9690208639961	79.8492385481161	81.9287488445664	82.6026740045344	84.1126250024337	85.2578705529539	85.4929844712059
630	72129	San Lorenzo	2	78.7674452341262	79.0997329997266	79.4201337752551	79.2116935440411	81.290068570357	81.984931946955	83.4096563989306	85.3562356254278	84.7371477843047
630	72131	San Sebastián	2	77.7320558274564	78.239398857451	78.6658390885573	79.1873728065388	80.2017631850643	81.1303265447784	82.7079351529664	83.9866372738697	84.2087647908159
630	72133	Santa Isabel	2	77.530905811379	77.457514644795	77.7789954659531	78.2299372643897	79.7421561697532	81.2400477165449	81.8361422707023	83.7989021850679	83.499291548489
630	72135	Toa Alta	2	79.2056304934819	80.3543243098841	80.0715301095261	80.6921969339166	81.8009171001867	83.2699350393312	84.2245828401313	84.7563335073864	85.4078522077024
630	72137	Toa Baja	2	78.7010965548811	79.0501863815139	78.7255294823495	79.8809481415026	81.1032910558529	81.5695762096705	83.1923996694936	85.1723574789038	85.0239896516885
630	72139	Trujillo Alto	2	80.2195610398558	80.6507625921893	80.3379160786438	81.0873674928261	83.1816006951519	83.6450490040324	84.9842302092553	86.351810962524	86.079434701538
630	72141	Utuado	2	78.2224306933748	78.515355892569	78.8405606672617	79.3394815524799	80.8819719151684	81.9564644313389	83.2488654055415	84.8297673411364	85.0442097443595
630	72143	Vega Alta	2	78.6412327230547	78.7593426422757	79.5328946160249	79.6630455297042	81.5447587964323	82.317196503057	83.8228658649311	84.9087581338719	85.6535933274996
630	72145	Vega Baja	2	77.6365600519852	78.4766526700282	79.3846390619116	78.7684325569703	80.4829719563828	81.4291883485418	82.6292540780465	85.0332966308311	84.4682306059298
630	72147	Vieques	2	77.5768647853877	77.6945945624977	77.7443300722747	78.5735964837833	80.1344835651252	81.2775503471643	82.2442968289729	83.8547674048131	83.346859013644
630	72149	Villalba	2	78.3393722214766	78.5995001552284	79.018751728418	79.5564042558434	80.8577037985049	82.0461526557126	82.8682001652359	84.3336596771157	85.116559130953
630	72151	Yabucoa	2	78.4299915611039	78.9833042563821	79.1706168450297	79.5880368484568	81.5992511126911	82.7669966507259	83.0173365531687	85.4639694590363	85.1544122456844
630	72153	Yauco	2	77.4922850025521	77.5986921718008	78.2482065895775	78.7314035940139	79.6115518294911	80.7684218573963	82.0233148940075	83.3692894174315	83.4411796865299
630	630	Puerto Rico	0	78.2446753251817	78.6648762316592	79.0140172126153	79.4757794736748	81.090890379424	82.0625925517572	83.2293229684526	84.8653302335203	84.9200796532028
