country_code	reg_code	name	include_code	1980	1985	1990	1995	2000	2005	2010	2015	2020
630	72001	Adjuntas	2	72.2764075929468	71.6368353432268	71.530206829875	72.1443512436466	73.9232203731245	75.9151628862904	76.944890744732	79.2144655551304	79.0593474889138
630	72003	Aguada	2	73.1070204972278	72.9823739674395	73.0134480554765	72.7861405812284	75.2104569915595	76.6793573974791	77.0503894135323	79.1908511526527	78.1800418538343
630	72005	Aguadilla	2	71.0411705938274	70.706359741693	70.7964392923981	70.7178547960148	73.1167708898805	73.987184164799	75.4809147510234	76.8118688372557	76.5145753638652
630	72007	Aguas Buenas	2	71.361441163899	71.6992234842286	71.5893000375948	71.9094692434675	74.1676582188148	74.9339740004245	77.1729646679382	77.7292608082801	77.8278233966347
630	72009	Aibonito	2	71.6351245562431	71.3040438790166	72.1515998155155	72.0519099695296	73.9602623569805	74.8775885191151	75.5709764060146	77.6338203357653	78.9534581312911
630	72011	Añasco	2	71.7923591296533	71.4875956864825	70.8833229335675	71.4173019611074	73.9783976887967	75.7315412057512	76.118178219246	77.648012247639	77.5029720330938
630	72013	Arecibo	2	70.8552973640744	70.3733360777805	70.6250362179619	70.3996575882441	73.0689887782196	73.6789911137592	75.4224777932346	77.1804360592724	76.727455831729
630	72015	Arroyo	2	69.8320713730952	69.5306167724235	69.7027065977721	69.8402778567012	72.3081025622643	73.3829385621678	74.1370477387866	76.1450528044285	76.524691784252
630	72017	Barceloneta	2	70.481927551536	71.5272967233929	70.9071577167816	70.4451528982722	73.307190700092	74.427883251199	75.3354325800049	77.416367509543	75.8028048943891
630	72019	Barranquitas	2	71.435586691403	71.4548402411608	70.9943379473258	70.8782070187382	73.7714431077518	75.105327373919	75.6662483069151	77.9230680679858	77.67305963137
630	72021	Bayamón	2	71.8293110370976	71.4884143798581	69.6507124734246	70.8914940597208	73.4889774523605	74.6752795473682	76.2153313105426	77.3875754099872	76.2720237778673
630	72023	Cabo Rojo	2	72.5923590101576	72.8771800055403	72.6038979169763	72.3754896906731	74.703426753785	75.9745300989844	76.0953567727576	79.2151785608459	79.1035424651687
630	72025	Caguas	2	71.4997574509779	70.3162090887939	69.1648806482459	69.919687948447	73.0040914882025	74.4879614281779	74.7858148901231	77.1623746789751	76.1813067798466
630	72027	Camuy	2	72.0170149481811	72.4869713067699	71.9184142344427	72.1295280235682	74.5956419661315	75.3872042037773	76.3030621787975	77.9419289514006	77.6504182948313
630	72029	Canóvanas	2	71.464733480948	70.9786192701362	69.184171419842	68.816193451865	71.8139506130025	72.8723961205015	74.3926298579215	76.5454831959783	75.3190834913138
630	72031	Carolina	2	72.4733038743859	71.4298508005202	70.1830998930869	70.8273477179621	73.9173675894786	74.762299405619	75.9024190758162	77.986032295545	78.2868946648831
630	72033	Cataño	2	65.8525069049462	66.4761012749754	65.1893671909028	66.1859300898515	69.8350692538602	70.4742062531985	72.6832297075068	74.045054585182	73.4857494927952
630	72035	Cayey	2	70.9833713117695	69.8178489369517	69.8915524056965	70.4760961329723	73.4588723616892	74.4865110295423	75.4971126989299	78.1045328172812	78.8922721984081
630	72037	Ceiba	2	71.5963601338265	70.7940891751711	70.9636732278014	71.5059724120808	73.7095154413412	74.8237377612949	76.190229864213	77.8111444684467	76.4045940091223
630	72039	Ciales	2	72.5688386797846	72.8193372656935	71.9888247166124	71.8529606958911	73.7898597649093	75.0244054488433	76.4837522867846	78.8014368464035	77.9958940047416
630	72041	Cidra	2	73.1958642126554	72.7020333909256	73.6056271324995	73.6176928857222	75.5696736433247	76.1774057966717	77.5227092088886	79.0381650897519	79.3930024704575
630	72043	Coamo	2	71.7596182517432	71.3457892550792	71.2277595372902	71.3811179260851	73.2433108285687	75.4628449617322	75.8412417316241	76.6978661374186	77.8228955551099
630	72045	Comerío	2	72.0059842541643	71.9008932818923	71.7203312972808	71.4607182384205	73.7341551134367	74.8785299693355	76.673642441666	76.7879309678923	76.3092779285814
630	72047	Corozal	2	72.3982031998435	72.9129697111698	71.5016474887006	72.0447357255357	74.8064739175494	75.341629560533	76.5602836989047	78.0924656449756	77.2910845765206
630	72049	Culebra	2	73.5340124829825	73.06601567689	72.6450227232657	72.9647092976151	75.5801841022081	76.3390617309493	77.4012264036587	78.5738413715084	78.1745254328999
630	72051	Dorado	2	72.5672566505677	71.0479574397229	71.0766472603056	71.4677495144955	73.1847917640704	74.8769062918653	77.1374403110559	78.2786633574489	77.6224311204189
630	72053	Fajardo	2	70.1958274766392	70.4431819507637	68.7116625707017	69.8695622606017	71.8814367136373	72.4289606246082	74.130975797223	76.3617818012394	74.8690234368306
630	72054	Florida	2	71.4497952895311	71.1467802502028	70.5935705580048	71.5851485557665	73.885402294424	74.8028696407736	77.0557184512367	77.1469491103104	77.1977547056838
630	72055	Guánica	2	69.7583305371017	69.427365373494	69.0802990685654	69.2836319412002	71.9416881743121	72.2879548852802	74.4563592872767	74.6726700201428	74.5577478694845
630	72057	Guayama	2	69.965564742547	69.3277597061217	69.440876162721	69.9184650748883	71.7048614907597	73.5302074237453	75.230495069298	76.2560461476305	75.0506545879456
630	72059	Guayanilla	2	71.4365009441004	70.3595005545094	71.15112370172	71.1335181367768	73.2479692693523	73.5868156127274	75.869944369793	76.0259484042432	75.243960592121
630	72061	Guaynabo	2	72.9714236299165	73.0658649646808	71.9405892179835	72.1242779046327	74.765976070935	75.6051903908062	77.3659823239405	79.1707871522197	77.6205947736594
630	72063	Gurabo	2	71.9117857960836	71.914063800875	70.7494132683907	72.2859053831709	73.9030291722055	75.4242556361729	76.1608186725026	77.7989415224576	77.6957683615249
630	72065	Hatillo	2	72.2222707170337	72.3122958422825	71.9895169968078	72.1373144578924	73.9206757260726	75.0717888707213	76.913671630524	78.8981399848235	78.0775110330313
630	72067	Hormigueros	2	73.736365664838	73.1716134501317	73.3565136729699	73.6339253452166	75.3185785490381	76.3612122365412	77.2833866306041	78.563165882534	78.9130403225316
630	72069	Humacao	2	70.6455362313938	70.7129271694082	69.8913857228699	71.3000459493577	73.2619103603983	73.9357459532396	75.7495486837841	77.0564925224964	77.4740874718148
630	72071	Isabela	2	72.6806801934498	71.5619201597727	71.5740847931833	71.565002275272	73.2410547796063	74.7666539908122	76.0627027811363	77.8163793497315	77.4459172794514
630	72073	Jayuya	2	71.9645393923628	71.6032061047186	71.3170529724738	72.2859572841546	74.0064308787804	75.657703162802	77.0856966605211	78.2733727319885	79.0590048132713
630	72075	Juana Díaz	2	70.8670513715238	70.5410405687795	70.5696507388969	70.6029501775498	72.5440287542961	74.2653001196985	75.8259857610016	77.2190424456829	76.5601880351565
630	72077	Juncos	2	70.483719025667	69.8240724007825	69.6484980198625	70.3895916109618	73.0314392716087	73.0362716738907	74.5963087947369	76.7790432362909	76.3796291687001
630	72079	Lajas	2	72.0095429160339	72.4743253793545	72.0177192933448	72.100592953001	74.0493918954395	75.3685622420428	76.4576367870647	78.1062044102892	77.5367558758751
630	72081	Lares	2	71.6653795557216	72.1261648375335	71.9855883021087	73.6079506428126	74.657199909749	75.5573628208311	78.0599882308742	77.8874284636001	78.1203156552903
630	72083	Las Marías	2	73.6523300257997	73.3295937494989	73.382725685124	73.7153095724142	75.7690432704525	76.9073878625331	77.6744615430411	79.3431032890707	79.0169133993213
630	72085	Las Piedras	2	72.6355876655535	72.268077210094	71.7778080785873	72.8387777576806	74.4753218072223	75.7602572146785	76.4588151757615	78.2267248872529	77.8930927531391
630	72087	Loíza	2	70.071091323272	69.9755154932728	68.7937706499429	68.6819182566174	70.8074186588403	71.5299292916963	73.9987083591533	76.1481226621087	75.2110386881993
630	72089	Luquillo	2	70.8343173088151	70.6806788254693	70.0705822552305	69.7665865137421	72.1233438444301	73.811690242	75.0071410717936	76.975003406994	76.51599411016
630	72091	Manatí	2	70.1890862593013	69.8148306178828	69.7761912566808	70.655156921228	72.9960354525584	74.2058363775231	75.4600061859727	76.6932268486437	76.3970260582677
630	72093	Maricao	2	71.9677536410273	73.0210749064286	72.0699692763952	72.260745114378	75.361952250554	75.9384514175438	77.4669201129294	78.3844760031161	78.4338812767557
630	72095	Maunabo	2	71.5359712587457	71.90955360412	71.7558921195576	71.4548193056926	73.7905273188572	74.336567213859	75.5337346219553	77.5431378104857	76.3173479888201
630	72097	Mayagüez	2	70.276208529231	70.4121561151168	70.2822335594897	70.8161300478211	73.3644003442963	73.91546492054	74.786059771577	77.1839257396542	76.5081450332612
630	72099	Moca	2	72.5924621657213	73.5350121296678	73.7305825311834	73.5091959616734	75.941922651979	77.2220358946705	78.0719500315108	78.6899217540723	79.2478876934376
630	72101	Morovis	2	72.8073063294185	72.8020888974496	73.3459519965664	72.6447393684177	74.5945033997391	76.0968660314814	77.3159696504533	78.3582906050754	78.551099321008
630	72103	Naguabo	2	71.4179902054096	70.5715363860435	70.1059956438433	70.3413872200493	72.3803245241218	73.8080561215262	74.983243389694	76.1203308343264	76.6661964638013
630	72105	Naranjito	2	73.892662663024	73.207969859997	72.5568255465697	72.1188587449372	74.8738315984021	76.0343671571136	77.5172865609973	79.3253543833026	77.6729131124648
630	72107	Orocovis	2	73.2058627937143	72.5445440319186	71.4874105149025	72.9832132193253	74.3211373984354	75.5677309106081	77.4669852782858	78.073159701802	78.3951442527715
630	72109	Patillas	2	71.5449699463717	70.7347890794099	71.3864359799759	71.1585854358307	73.3845167998827	74.2913516005104	75.8527550834297	77.1068244916834	76.4765926453594
630	72111	Peñuelas	2	71.7784952403365	71.8222115549674	71.1967879309071	71.879305148193	73.2035696971686	74.4588593178732	76.717009459392	76.8754768835733	77.4987628023577
630	72113	Ponce	2	70.5920165756703	69.0496121698695	68.3719005453565	69.1165400809256	71.9061765255887	72.7349892773541	74.7995406071087	76.007758873322	76.021170056726
630	72115	Quebradillas	2	71.4212727961194	70.9186323125603	71.4894121796572	71.5423942534946	73.3047788123093	74.991272782928	76.1531191284126	77.0994544180143	77.3203154772609
630	72117	Rincón	2	72.5885980218182	72.4362884122796	72.9371792313406	71.8619588798407	74.7323354329653	75.7705755184676	77.6537610906703	78.8224527904634	79.3917042038047
630	72119	Río Grande	2	71.0521599130733	71.5715915651288	70.1757239312668	69.9817894831236	73.3138201193041	74.6457924422829	75.5984479801535	77.2212342908824	76.5748591395528
630	72121	Sabana Grande	2	71.9590118713719	71.9734959516873	71.5045146801968	71.7208932291839	74.2652827869335	74.8449779535267	75.8706159505929	77.0252331836009	77.4143121380519
630	72123	Salinas	2	69.6562256607693	69.0101604872565	69.9566516804698	69.611831863815	72.8062189060064	73.4921216175553	75.2503952869912	77.3110808866564	76.8556207570211
630	72125	San Germán	2	72.1300188894538	72.6648529869244	72.0669544639693	73.4016577691425	74.7915303108486	75.5485388962383	76.4236892827572	78.0446477359763	77.658857592447
630	72127	San Juan	2	68.5804358500742	67.3120955894711	65.0284568393978	67.2803226408975	71.2013060373354	72.6646592462818	74.4288388263528	75.7639097240541	75.1390662386865
630	72129	San Lorenzo	2	72.0124021928655	70.7545399068625	70.5311905172139	71.8203730212036	73.4290696505547	74.689794491459	76.3546997224302	77.7085446598082	77.499402021427
630	72131	San Sebastián	2	72.6451375596757	71.8154198439317	72.2107658383201	72.7183610223505	74.4063227060694	75.8560528700805	76.3664381487644	78.3470947652941	77.727759515788
630	72133	Santa Isabel	2	69.035016477541	69.2248334460133	68.1453072305351	69.0421605283301	70.654794349263	72.3107651227368	74.5654243439754	75.0304012342541	74.7637715296563
630	72135	Toa Alta	2	74.0358896576928	72.9630426357897	73.2528256766107	73.0544891255891	75.1185297138938	77.0135303232289	77.6819436357913	79.358138323636	79.1062565390922
630	72137	Toa Baja	2	72.1765279023739	71.0085528799823	69.978979056012	71.1054625971803	73.3396976270643	73.9861769898176	75.5435615197228	76.9633943093973	76.212758178659
630	72139	Trujillo Alto	2	73.4556523357406	72.7914303307033	72.6256452653354	72.546774668017	74.7076549621379	75.7904816279406	77.60619722937	79.2411229792226	78.4290134476252
630	72141	Utuado	2	72.6580142489252	72.3135553687923	72.7338632194913	72.5509662665558	74.6572126416742	74.9700098791665	75.9795776145874	78.7404480200494	78.9593220891932
630	72143	Vega Alta	2	72.8094828789603	72.1956745084248	70.9347419527056	71.8144075562324	74.1079587736172	74.8079363812625	76.6813423732916	78.5016101684672	78.768637013058
630	72145	Vega Baja	2	71.6125468556295	71.0934866208027	69.6730134835494	70.0157351787306	71.9190943657632	73.6308566040557	75.4676951588627	76.7394735878842	76.5984347753935
630	72147	Vieques	2	69.1193717860146	68.8997339988316	69.3965460899777	68.6622856032008	71.3298683108023	72.4317466101209	74.2040153720278	75.7269264488865	75.0183611388014
630	72149	Villalba	2	71.628684242231	71.0923791689964	71.5122552329855	72.5430619911401	74.4932067752986	75.043679680787	76.6720756038112	77.5281221888213	77.041111462674
630	72151	Yabucoa	2	71.1137280400565	71.456844446223	71.5400340864082	70.8659476937632	74.1148639178504	74.5536585102277	75.9137033439631	77.8730775069291	77.0285272012988
630	72153	Yauco	2	70.9746155355516	70.1237946386449	71.1421331660441	71.4524781883064	72.9792133530035	73.5506053910606	75.454776628921	77.0783981243049	76.327423497506
630	630	Puerto Rico	0	71.1443055573717	70.6194613633542	69.9142851510473	70.6430303267704	73.2417996227775	74.3612000905475	75.7778286713228	77.3644244329188	76.9377484160312
