country_code	reg_code	name	include_code	1980	1985	1990	1995	2000	2005	2010	2015	2020
630	72001	Adjuntas	2	72.2528007302681	71.5451600075844	71.4549995555989	72.0617818148774	73.828933371586	75.9913576109551	76.9285749566621	79.4628435678536	79.1286280964413
630	72003	Aguada	2	72.9324046645065	72.9001261579348	72.9668634562734	72.6413255661992	75.1381202505238	76.677116357326	76.9203317161895	79.1755581219781	78.1399725184939
630	72005	Aguadilla	2	71.0806170617419	70.6861946205415	70.7937845017465	70.7395128352711	73.2982821699332	74.0793164410654	75.5982125319684	76.9178231627645	76.4942422690661
630	72007	Aguas Buenas	2	71.4788375741	71.9510166809971	71.8072982046346	72.1510964310896	74.4366243684733	75.146708147213	77.5029558467412	77.9597056287304	78.1454083477218
630	72009	Aibonito	2	71.607885377059	71.2444672849897	72.346394171637	72.2316884670852	74.0742883004309	74.9481542372841	75.4929910253121	77.6963293896751	79.1536491548159
630	72011	Añasco	2	71.5990276489722	71.3341537751422	70.6175929038884	71.2926129842808	73.9041988280997	75.8282172229278	75.9655856860771	77.6467543177649	77.3802941811275
630	72013	Arecibo	2	70.9685631048619	70.386014249793	70.6867758293193	70.4424243574949	73.255728934663	73.764815115787	75.5959426731601	77.3245353764347	76.8319646363035
630	72015	Arroyo	2	69.7993887408426	69.5231854960655	69.7471752574637	69.9352700859753	72.4619318819112	73.5569146887027	74.2158514308166	76.217138857442	76.7427343930273
630	72017	Barceloneta	2	70.5384148941757	71.8625172121022	71.1793863197246	70.4640502619685	73.5972292703675	74.6845369323903	75.5121135710278	77.8431512899924	75.9813081330415
630	72019	Barranquitas	2	71.5395155361718	71.5557294642792	71.0815515479706	71.0048611490418	73.8663983866433	75.3112794228638	75.7444852304437	78.1709236242065	77.775842692079
630	72021	Bayamón	2	71.998713221118	71.6152167066223	69.6276079018062	70.9250780086597	73.6183606696561	74.8032146557183	76.3764141168976	77.5149070200252	76.3322274516313
630	72023	Cabo Rojo	2	72.6085438682236	72.9598122257787	72.7526368244896	72.4440869294508	74.832974150764	76.2005646117882	76.0907744886388	79.4395587160279	79.2863368658835
630	72025	Caguas	2	71.7356460008528	70.4763604525279	69.1502225163415	69.9426264019276	73.1756980294819	74.6826376891477	74.8588162210151	77.2852164598121	76.3522175493103
630	72027	Camuy	2	72.1566940939154	72.6596432936495	72.0355975659126	72.2314646175265	74.7815802420965	75.5120118558662	76.4354362629776	78.0606925792214	77.7874726058975
630	72029	Canóvanas	2	71.9540986970319	71.3387856732793	69.2510692559277	68.7691456979141	71.8589625498714	72.8516888972623	74.4529196997826	76.798577979772	75.4773014082329
630	72031	Carolina	2	72.6602581306263	71.54827070458	70.1581206279149	70.8444404894597	74.0366188448447	74.904213780422	75.968712037289	78.13763999157	78.505675524339
630	72033	Cataño	2	66.1072562830103	66.8527972142233	65.2075599897814	66.3550084628518	70.3910353879777	70.9559864331215	73.3466528053102	74.600864322552	74.0293198921805
630	72035	Cayey	2	71.1501589539849	69.9165308651112	69.8713809399895	70.5240622773444	73.6485694405022	74.5315093197602	75.5739552755399	78.4135830730611	79.2752764916222
630	72037	Ceiba	2	71.5229482762321	70.6202240860778	70.7636447898606	71.505174505412	73.6406295406725	74.8050807383322	76.1989006057915	77.9259981694229	76.0861788217762
630	72039	Ciales	2	72.6916662923986	72.9691029694481	72.0549966230951	71.7088682590346	73.670676864629	74.9379614450576	76.4385719733477	79.0336239183178	78.0894861787986
630	72041	Cidra	2	73.1764173692718	72.7044619218941	73.8951352017255	73.7801615313766	75.7300115420033	76.2517625052011	77.5495545458469	79.1587625309862	79.5765440668482
630	72043	Coamo	2	71.849111135052	71.3620204949244	71.2313971569092	71.3594267339865	73.3098777958812	75.7293474314626	75.958962797645	76.672541298481	77.9996120207561
630	72045	Comerío	2	72.1252551220216	72.0246970299752	71.891818804537	71.3667850059055	73.73237572747	74.9426016364669	76.8595746424655	76.7468590088549	76.1433273952539
630	72047	Corozal	2	72.5253734320981	73.1630297293098	71.5491839578535	72.1456864204005	75.0063216118255	75.4639270662097	76.6756753459126	78.2997577446218	77.2430258255937
630	72049	Culebra	2	73.3792033286154	72.7156094451649	72.2454043351275	72.5508144748622	75.3440583072326	75.9917959779273	76.8234976523038	77.9456625317074	77.4312462928578
630	72051	Dorado	2	72.7676851803407	71.0860333716538	71.0728003410703	71.5043453104251	73.1617428810604	74.9501362226208	77.34062271388	78.5412956084206	77.7976578262148
630	72053	Fajardo	2	70.4587371910783	70.8140448334364	68.6998451656256	70.0155569645931	72.0265342832856	72.5270206334973	74.1574677058558	76.6058924843886	74.8915442759022
630	72054	Florida	2	71.2991958748771	70.8037150891222	70.3665872330274	71.5448677139538	73.8731708619949	74.7649012492215	77.3624187028561	77.0963972160866	77.14832878826
630	72055	Guánica	2	69.895926074739	69.5030390041352	69.1019586788566	69.3098985108544	72.041525132961	72.1604957485719	74.6134061919019	74.6552247770536	74.5031643971344
630	72057	Guayama	2	70.1891635066555	69.3979176642949	69.5231949059383	70.1212922796829	71.8886200407172	73.7450296363934	75.5758834976708	76.5254031188744	75.1338025475956
630	72059	Guayanilla	2	71.6338986512254	70.3908169217338	71.3551013089055	71.306646993373	73.4190399114927	73.6970831937934	76.0911929552827	75.9683845879692	75.1349757984759
630	72061	Guaynabo	2	73.2262854202534	73.3209096236891	71.9901695119562	72.1480162910182	74.8902124717161	75.7471289219524	77.5194728705671	79.4692179028463	77.742944018741
630	72063	Gurabo	2	72.0134246935324	72.0615941798054	70.7235548029938	72.4730365246162	73.9541338581772	75.5300264580479	76.1957806907962	77.9379365371105	77.8386607049045
630	72065	Hatillo	2	72.3260943967265	72.4347364430162	72.0614699992366	72.2434173518367	74.0496728412232	75.2204479265077	77.0856676572613	79.1013933400641	78.2488649987748
630	72067	Hormigueros	2	73.6070562219826	72.9673451432175	73.3355068580246	73.65634809312	75.202880417488	76.1709984997489	76.9980659690818	78.3995585381693	78.9002661540147
630	72069	Humacao	2	70.7664112143247	70.7663804543135	69.863277910719	71.446179456412	73.3673519493514	73.9869060737505	75.8508511079874	77.1912030087974	77.4545462419615
630	72071	Isabela	2	72.7531893187313	71.5653332965296	71.6131855082128	71.5829853084324	73.2226144884038	74.8406908037189	76.0535122311468	77.8683156760807	77.5207287280101
630	72073	Jayuya	2	71.7178055069141	71.372534375563	71.0667322966547	72.0988675006238	73.7604385976246	75.4684502046263	76.991722946504	78.1106528118709	79.2202956784759
630	72075	Juana Díaz	2	70.9643272721482	70.6235146158295	70.6096029584884	70.6634062520306	72.618517192427	74.3071647266115	75.961031423787	77.3453175009221	76.5842682106855
630	72077	Juncos	2	70.7084810755384	69.9101409396011	69.747809472372	70.5630720810735	73.3419011820246	73.0833091665901	74.6656729609581	76.947499072254	76.601976754735
630	72079	Lajas	2	71.9894402120707	72.5094796040806	72.025287401648	72.1224791851893	73.947443046614	75.4657739344698	76.4291736561924	78.2004446145574	77.5538467409893
630	72081	Lares	2	71.6263994675972	72.2035369534512	71.9216802656145	73.867951538685	74.7775234711965	75.6766915936547	78.3029415924669	77.8301533762431	78.0498283413389
630	72083	Las Marías	2	73.4057691559081	73.0943893778247	73.2430957679374	73.7215206548576	75.6174442286873	76.8926688214753	77.4017511589155	79.2061696387225	78.9297074431548
630	72085	Las Piedras	2	72.6552050076937	72.3309609044344	71.7769755686726	72.9729464429296	74.5334448466815	75.869652661822	76.4557216401833	78.3579959424572	77.9011145665254
630	72087	Loíza	2	70.8076586433966	70.6853538189142	69.1891640267891	68.9641532957103	71.0413338073536	71.6667780601544	74.376674683181	76.7499160156006	75.6793214382958
630	72089	Luquillo	2	70.9219404961732	70.6992836910521	69.9797817242141	69.5601276085609	72.0355396783362	73.8675114645073	75.0007743199856	77.1804727452682	76.5686697954121
630	72091	Manatí	2	70.2523572381936	69.8738232667563	69.7870970900186	70.7818469383782	73.2340557031629	74.4307042635993	75.7019533248979	76.8169514710536	76.5680953964494
630	72093	Maricao	2	71.4407147675524	72.9009093491382	71.6057604167711	71.8056858553273	75.2048612935083	75.5082039015353	77.0982182874934	77.8843867745614	78.168846239849
630	72095	Maunabo	2	71.6215259841227	72.1916299892067	72.0200616803684	71.428320565197	73.8049204653173	74.2586166283491	75.4434475885401	77.7170479206028	76.1509764148398
630	72097	Mayagüez	2	70.3210948345177	70.5110901757286	70.313359305272	70.8769530314523	73.5062960620655	73.9976509003833	74.9354871482462	77.2928272623287	76.510229177279
630	72099	Moca	2	72.2194691328915	73.4110492995266	73.6118446583523	73.4056671592534	75.8944507920828	77.2293050655746	77.920991762144	78.565068458461	79.1508389876278
630	72101	Morovis	2	72.6617503210164	72.8017387644361	73.5519283663632	72.6684613721963	74.4912177058067	76.1516443183262	77.2626757111424	78.4053532862021	78.5386374460309
630	72103	Naguabo	2	71.588706735789	70.5034516846233	70.019692180418	70.1901981694133	72.2422637123235	73.7941352563988	74.9901002032933	76.085364965934	76.7712987781594
630	72105	Naranjito	2	74.1584060916827	73.3705872788985	72.6565651217615	72.0607996102098	74.9011578845599	76.0675609952006	77.5628720781047	79.5386813657537	77.4939406300203
630	72107	Orocovis	2	73.4079346115734	72.6367775348616	71.3858311369579	73.1569564630713	74.2886138333751	75.5718910903984	77.6785995987936	78.0957056079597	78.4723491549055
630	72109	Patillas	2	71.6843177163458	70.9240785961905	71.6188430395521	71.2915879264708	73.5804359762167	74.3957415209555	75.9808884379531	77.2763581308852	76.4609073676888
630	72111	Peñuelas	2	71.5854434980502	71.8480455832969	71.1259506815123	71.8785583414407	72.9796657294885	74.3012483024962	76.7959604699207	76.8249888986419	77.4783082909911
630	72113	Ponce	2	70.8169501553225	69.0965556412486	68.3284163638317	69.1040475411991	71.9723865334431	72.7759334450907	74.902323721711	76.1262636694577	76.1482831780563
630	72115	Quebradillas	2	71.4600953667694	70.8548572257287	71.590680150823	71.7012048954416	73.3207360697762	75.1359221337803	76.3465262848609	77.1740566267728	77.4838844260849
630	72117	Rincón	2	72.4388572414472	72.3733295125168	73.0819360810325	71.7098869060561	74.7224562199051	75.689447632535	77.7723276267044	78.916311892165	79.5836532935379
630	72119	Río Grande	2	71.2221657315936	71.8576102823439	70.1822269058735	69.926286381355	73.5248299232249	74.8555468337294	75.7323963045839	77.4085177575497	76.5847649152569
630	72121	Sabana Grande	2	71.9323248322094	72.0124195468285	71.4916017380464	71.7517949671738	74.290784112094	74.838159944401	75.8062432931025	76.9449299105666	77.4284665261468
630	72123	Salinas	2	69.7539670994877	68.9125769724675	70.0018154731284	69.5800620205286	73.0176869603205	73.5942633739458	75.4706377059382	77.6246687824863	77.0707534802664
630	72125	San Germán	2	71.9999162231536	72.639889242645	72.0415703107097	73.4356805507959	74.7379731748256	75.4301900759537	76.3379768799398	78.0560024999456	77.6073346379945
630	72127	San Juan	2	68.6474778269846	67.3300705679767	64.9560163781857	67.2683028719259	71.2583379027042	72.7412062940753	74.5181560396196	75.8751327028922	75.2089241292065
630	72129	San Lorenzo	2	72.35163455736	70.8957821051742	70.6723792123301	72.1348928324417	73.6590581786487	74.9413321011437	76.6135944044871	77.9872505615353	77.7554699788472
630	72131	San Sebastián	2	72.731229440152	71.7524397907269	72.2649607814323	72.8436184456825	74.4827032695787	75.9904915649013	76.3624738529234	78.4317334703656	77.7914067993015
630	72133	Santa Isabel	2	69.3556596137901	69.5803108472031	68.1379584770487	69.2939497598834	70.8062749901482	72.5931936032745	74.9983187939732	75.2883365918519	75.0343044519427
630	72135	Toa Alta	2	74.1527336484859	72.8642099474579	73.2825561183892	73.0602033608715	75.1322604899529	77.1039297818171	77.6875718937474	79.4192483835303	79.2014957373145
630	72137	Toa Baja	2	72.4767780399458	71.1733195927637	69.9839863387834	71.2149318517846	73.4780804518346	74.111190307149	75.730583611455	77.1542389053763	76.2924874318378
630	72139	Trujillo Alto	2	73.745643142585	73.0094189944094	72.779831131497	72.713474119891	74.87155624668	75.9392178025932	77.8494611405794	79.4904886048546	78.5867183133125
630	72141	Utuado	2	72.7576757415961	72.366377463537	72.9171354227696	72.7135109598182	74.8142149957756	74.9523390107878	75.9468415114658	78.841737707021	79.1278109883088
630	72143	Vega Alta	2	73.0076795731852	72.2540258422392	70.7855190387105	71.8338021070793	74.0829940144556	74.7814070850712	76.7225443016886	78.6240625021287	78.8137326682628
630	72145	Vega Baja	2	71.9251959960714	71.3141934997532	69.6662996945464	70.0968450704039	72.0291134030833	73.7245243919903	75.6492736061419	76.9606885831477	76.5984655904606
630	72147	Vieques	2	69.3203794549617	69.1457101473797	69.7690189009104	68.735553405423	71.5540674476524	72.7405101846284	74.4921010733704	76.1591470878052	75.1395960879908
630	72149	Villalba	2	71.5899186411711	71.1406059551152	71.6209129450231	72.7791802982839	74.7047802098776	75.1193877789346	76.8121728219106	77.5728749331402	77.1502514792896
630	72151	Yabucoa	2	71.2895151586717	71.7129032970164	71.8271395734852	70.9675161896112	74.376340080618	74.7157569106852	76.0501895099952	78.0790367556812	77.1530914832192
630	72153	Yauco	2	71.0577869957908	70.1056484336389	71.2782830646734	71.5741476035409	73.0109622942963	73.5292363363819	75.5147394394845	77.2295440268796	76.3228537693338
630	630	Puerto Rico	0	71.2597751316692	70.7045658735861	69.9285977058313	70.6916601682924	73.3447281586638	74.4579585866617	75.8819664034526	77.4964849453217	77.0261455636585
