country_code	reg_code	name	include_code	1980	1985	1990	1995	2000	2005	2010	2015	2020
630	72001	Adjuntas	2	72.2427332953447	71.5380964988398	71.4435965188577	72.0514669803443	73.8191934883749	75.9789191734087	76.9123215562666	79.4480338240408	79.1110056167716
630	72003	Aguada	2	72.9390321936467	72.9016557655262	72.9653518821479	72.6400674163729	75.1379139899727	76.6752080129976	76.919031912071	79.1755217042265	78.1457243434132
630	72005	Aguadilla	2	71.0806893644553	70.6897212948682	70.7929523982286	70.7400629642416	73.2990883692291	74.0791742402255	75.5984796956926	76.9189800900876	76.4993554991164
630	72007	Aguas Buenas	2	71.4751140923319	71.9491504144171	71.7968140372398	72.148285599812	74.4312299061356	75.145347255887	77.4974181364716	77.9558779496937	78.1404127955684
630	72009	Aibonito	2	71.6118173246708	71.2455271975772	72.3429720255514	72.2325572538128	74.0751365870704	74.9506754028985	75.498357048202	77.7013943261317	79.1492415535232
630	72011	Añasco	2	71.6046516690013	71.3401506415706	70.6251246284546	71.2951856061029	73.9059051543035	75.826966107991	75.9695933971237	77.6487299084155	77.3835212453184
630	72013	Arecibo	2	70.9669814490795	70.3860131161447	70.6840150638183	70.4417689556315	73.2519835331297	73.7604498883321	75.591748471878	77.321090215754	76.8285957178964
630	72015	Arroyo	2	69.8231913476487	69.5462911286417	69.76264274318	69.9545019181954	72.4821260505817	73.5753016454562	74.2344556510388	76.2393517800251	76.7635074801355
630	72017	Barceloneta	2	70.5396582780653	71.8557616786142	71.1724413781489	70.464316087207	73.5910647188205	74.678232515322	75.5088952480803	77.8340142347813	75.9775523377594
630	72019	Barranquitas	2	71.5542194488624	71.5705755557342	71.0924436522983	71.0172249888209	73.8768171188347	75.3188079135418	75.7561918680403	78.1706436011934	77.7795684733884
630	72021	Bayamón	2	71.9971723933513	71.6144409145834	69.6276125167647	70.925312631226	73.6181719233517	74.8029432805397	76.3756848491055	77.5150196390749	76.3347274818942
630	72023	Cabo Rojo	2	72.6143191269511	72.9607468458723	72.7534931790984	72.4441729227236	74.8347925932833	76.2005057343109	76.0935783137847	79.4384648658255	79.2879992347198
630	72025	Caguas	2	71.7358193407124	70.4766535617197	69.1534791077155	69.946110911263	73.1748152072617	74.6822730143799	74.8602550531121	77.2858836350445	76.3521342418137
630	72027	Camuy	2	72.1657738978294	72.6640347603152	72.0417249451349	72.2334848579617	74.7853095731999	75.51548766774	76.4373336471623	78.0647140120461	77.7934256873344
630	72029	Canóvanas	2	71.9387703667088	71.3321329191739	69.2515605900559	68.7729890764539	71.8598719808891	72.8517792875725	74.4522822192573	76.8033639234983	75.4863031373727
630	72031	Carolina	2	72.6560569032095	71.5460285461939	70.1585160459427	70.8440321123368	74.0337919381477	74.9035055372354	75.9685925007915	78.1376888550648	78.4999379742428
630	72033	Cataño	2	66.106345919933	66.8458440676157	65.2063827162196	66.3503241896302	70.3815888258951	70.9466611525248	73.3320096719007	74.5871392051762	74.0200193296187
630	72035	Cayey	2	71.15015456042	69.9191062969795	69.8711809775553	70.5225393713084	73.6453197314944	74.530223885656	75.5730523248357	78.4062443595484	79.2639164344268
630	72037	Ceiba	2	71.5032862002635	70.6020463719783	70.7422028307716	71.484512472315	73.621728648976	74.7841890188438	76.1857509445969	77.9114657650212	76.0746353039654
630	72039	Ciales	2	72.6900901443872	72.9703728025295	72.0544147776218	71.7100690640276	73.6763826289182	74.9403660062381	76.4378833351175	79.0275221680961	78.0875890945464
630	72041	Cidra	2	73.1738161118785	72.7017923714666	73.8885922693442	73.7754138098973	75.7218068541868	76.2509695423195	77.546790141212	79.1582918124118	79.5757842303939
630	72043	Coamo	2	71.8484369973767	71.3618005935651	71.2268279275596	71.3585626192871	73.3084024752446	75.7214813771705	75.9552604965292	76.674064918074	77.9942617706469
630	72045	Comerío	2	72.1313686574277	72.031193526773	71.900095802738	71.3795875794366	73.7469767635469	74.9521529568453	76.8680390786075	76.7561035880032	76.1521255827451
630	72047	Corozal	2	72.536514782521	73.1693501588087	71.5622783635457	72.1537354241943	75.0127007526601	75.4751459277329	76.6853402320916	78.3082389719539	77.2552904015419
630	72049	Culebra	2	73.4875652431954	72.8139575689299	72.3426967232086	72.6523326390463	75.4393901263773	76.0898354052769	76.9293035159071	78.0494366156432	77.5289781969853
630	72051	Dorado	2	72.7736869552993	71.0923119554607	71.0779355586112	71.5112413155375	73.1686819962057	74.9562071402442	77.3445086994463	78.5486496340371	77.7972667103738
630	72053	Fajardo	2	70.4459508214435	70.8024925203927	68.6912907816299	70.0053922980893	72.0185644529774	72.5217383944299	74.152830277754	76.6012530789761	74.8860704804797
630	72054	Florida	2	71.2907076561014	70.8029678080899	70.362573228713	71.5388090053368	73.8653641934946	74.7564922614768	77.3492539539725	77.0914031658644	77.1379678041431
630	72055	Guánica	2	69.8894300832462	69.497686576989	69.0970380012053	69.3087157708238	72.0379735007497	72.1559534919268	74.607092303272	74.6567075086888	74.503722351216
630	72057	Guayama	2	70.1857727544478	69.394653041722	69.5185857030985	70.1169900217242	71.885783043456	73.742003007919	75.5673300749401	76.5198463176289	75.1355487673485
630	72059	Guayanilla	2	71.6158126256642	70.3789087543143	71.3348344806178	71.2895905283501	73.4073636991531	73.6919001372069	76.0813345782158	75.9591285693407	75.1280630661527
630	72061	Guaynabo	2	73.2223088889268	73.3182473854541	71.9909821609194	72.1487174993494	74.890948298349	75.750671704825	77.5187634938535	79.467380125142	77.740722667981
630	72063	Gurabo	2	72.0116916860474	72.0630773227924	70.7234640827761	72.4704591825532	73.952261496754	75.5262150761031	76.1950565493267	77.9355381482278	77.8343149714309
630	72065	Hatillo	2	72.3321254409534	72.4371612944354	72.065361894697	72.2482711050181	74.0541549184277	75.2222342996029	77.0888370728022	79.0981581782673	78.2495664504641
630	72067	Hormigueros	2	73.6188885342446	72.97821009661	73.3388770782975	73.658140295956	75.210064892912	76.1771748384543	77.0107834825301	78.4112827351844	78.9087824648648
630	72069	Humacao	2	70.7707334858202	70.7633121797588	69.8622281748742	71.4438956077737	73.3682821459751	73.9871241635697	75.8495022269627	77.1913911626068	77.4542284219651
630	72071	Isabela	2	72.7525911571025	71.5671434606874	71.6125673422808	71.5832382364562	73.2264800120495	74.8459823539458	76.0535265920753	77.8700836512463	77.5211347462578
630	72073	Jayuya	2	71.722149135572	71.3762063349988	71.0680497407685	72.0963607463815	73.7540719203135	75.461170574328	76.9850252669908	78.1063411290854	79.2156467814354
630	72075	Juana Díaz	2	70.9666333887853	70.6236585962344	70.6087350779145	70.6634359389726	72.6195462334892	74.3065465979241	75.9598048055498	77.3437765090593	76.5807325584686
630	72077	Juncos	2	70.7136363758668	69.9175352746721	69.7501912773213	70.5650098025202	73.3442775643624	73.0890713706251	74.6710920449753	76.9522873628349	76.6042430377506
630	72079	Lajas	2	71.9938566722602	72.5112938706396	72.0256157412209	72.1225213496833	73.9493006953915	75.4693625552131	76.4319661286476	78.2053401568372	77.5522039599325
630	72081	Lares	2	71.6323173042394	72.2050482149258	71.9227382039303	73.8656232179489	74.7779102823373	75.6761949577297	78.3016998903335	77.8303196862461	78.0478990732718
630	72083	Las Marías	2	73.3914764163541	73.0857193263002	73.2246624509131	73.7079225820384	75.6094822296384	76.8849234105758	77.3902478380113	79.2003274422893	78.9140137982883
630	72085	Las Piedras	2	72.6443631837362	72.3189998179624	71.7665806446001	72.9570159777664	74.5222907696866	75.8576771502192	76.4515447687805	78.3527848477523	77.8921218841466
630	72087	Loíza	2	70.7957654181131	70.6738152741377	69.1855022281789	68.9619838556782	71.0399045834257	71.6670262254938	74.3725313061429	76.7390792448284	75.671435113453
630	72089	Luquillo	2	70.9013043968527	70.6890019471319	69.9657152717519	69.5520878298139	72.0255008314767	73.8591562879083	74.9894585379721	77.1657641074813	76.5559326202707
630	72091	Manatí	2	70.2603966012221	69.8782483178926	69.7902556101099	70.7856174542014	73.2346340146965	74.4309668389253	75.7033788637596	76.8154467915738	76.5683719754827
630	72093	Maricao	2	71.4465950103239	72.8957129204958	71.6009658206417	71.8042639388142	75.2008569235073	75.4967314690562	77.0941207258142	77.8802647288715	78.1638771207348
630	72095	Maunabo	2	71.6306087156986	72.1933184491117	72.0198959233838	71.4314525133785	73.8079331513922	74.2586017373474	75.4518996439846	77.7189236025867	76.1632514535912
630	72097	Mayagüez	2	70.3248140764327	70.5138281861311	70.3155677157632	70.8787061091241	73.5106442982886	74.0014195084674	74.942488941677	77.2954437568279	76.5168547015404
630	72099	Moca	2	72.2211840493068	73.4049254563126	73.6044750592937	73.3983697653704	75.8896583833208	77.2212368934388	77.9196348902328	78.5625385906431	79.1480771338657
630	72101	Morovis	2	72.6598437762349	72.7987880342326	73.54570208433	72.666243221763	74.4917364158189	76.1454246292846	77.2632923476684	78.4032489610262	78.5366417814175
630	72103	Naguabo	2	71.5854323571868	70.4981180977838	70.0147613203681	70.1887235028462	72.2385777171167	73.7951954080047	74.9835140213617	76.083136778165	76.7690957685296
630	72105	Naranjito	2	74.1568160711103	73.3688893778624	72.6610466935751	72.0671606963364	74.9049394651742	76.0778151271304	77.567624294773	79.5449658743339	77.4973633555113
630	72107	Orocovis	2	73.4069281983192	72.6291714651399	71.3864087841773	73.1541009911487	74.2869848301812	75.575060033636	77.6772376051177	78.0970481380008	78.4731881353954
630	72109	Patillas	2	71.6839750734453	70.9179025604501	71.6110124589009	71.2879264507208	73.5782834879471	74.3868889599927	75.9764839785067	77.2690838992877	76.4543494453782
630	72111	Peñuelas	2	71.5742416842228	71.8354868836898	71.1166845391075	71.8662005942122	72.9741870344663	74.2928317842366	76.787397705218	76.8193075015051	77.4702334330722
630	72113	Ponce	2	70.814532096326	69.0978649446562	68.3309888866688	69.1042654220112	71.9725524300185	72.7766700169567	74.9028396604579	76.12578465028	76.1480764358527
630	72115	Quebradillas	2	71.4629328340471	70.8601973057333	71.5899243301888	71.7022854864788	73.3235494625372	75.1357689074456	76.3491574137775	77.1779436796258	77.4862126857424
630	72117	Rincón	2	72.4548096504899	72.3864443194842	73.088656551949	71.7225092633254	74.7307233837759	75.6985231640875	77.7775234403175	78.9190011709894	79.582296055053
630	72119	Río Grande	2	71.2146061352314	71.8492084086524	70.1760852011022	69.9249207522412	73.5193452034354	74.849418634531	75.7301400276006	77.3993771283999	76.5827949553995
630	72121	Sabana Grande	2	71.9362155493303	72.0112875992604	71.4907037681435	71.7557254483613	74.2923211640182	74.8419827447356	75.8102962151822	76.9496123296478	77.4292930132291
630	72123	Salinas	2	69.7506433436928	68.9111729518344	69.9968842774765	69.5745804649224	73.0113380956193	73.5876915204344	75.4622160925956	77.613205673535	77.0583136834849
630	72125	San Germán	2	72.0049402805004	72.6385876776286	72.0437374575109	73.4371357350619	74.7419286246003	75.4332368392728	76.3380010687487	78.0624343639164	77.6056919162395
630	72127	San Juan	2	68.6473522144673	67.330792262234	64.9580062833227	67.2686384055364	71.2581333828956	72.7410010275806	74.5176762941457	75.8750431670469	75.2085170497263
630	72129	San Lorenzo	2	72.3527734684991	70.8962459020563	70.6718141020604	72.1344413794482	73.6650155184699	74.9416455213196	76.615329074938	77.9876858672201	77.7547668448567
630	72131	San Sebastián	2	72.7346952240178	71.7584330033031	72.2614506440183	72.8434902936431	74.4828128536746	75.9919234915906	76.364169630852	78.4324909997798	77.7924733406594
630	72133	Santa Isabel	2	69.3419216996759	69.5673739408891	68.1340720786169	69.2811565548535	70.8003362667844	72.5825746412694	74.9879128656176	75.2760775877468	75.0231605589148
630	72135	Toa Alta	2	74.1550904209014	72.8622815305444	73.28082757116	73.0589076429137	75.1318033638057	77.1003032829589	77.6873085042681	79.4182486078317	79.2015479463039
630	72137	Toa Baja	2	72.4727932795928	71.1718741518964	69.9831472500278	71.2118152883577	73.4771886703539	74.1114015492163	75.7299079729	77.153457264089	76.2950299127311
630	72139	Trujillo Alto	2	73.7421714666398	73.0083952127664	72.7800358468905	72.7122843601868	74.8729826785164	75.9380966528765	77.8486333077323	79.4902405334202	78.582933397596
630	72141	Utuado	2	72.7572031736672	72.3637305126568	72.9121537169946	72.708986608539	74.813617956829	74.9536808870505	75.9455065984452	78.8398877928294	79.1211189917735
630	72143	Vega Alta	2	73.0144983619834	72.2598730820043	70.7902733292366	71.8390752780167	74.0879165617565	74.7894677790863	76.7273077403836	78.6194215666902	78.8152979206994
630	72145	Vega Baja	2	71.9240204532862	71.3140648959962	69.6677368353682	70.0998579969037	72.0307409575014	73.726635012915	75.6490513150162	76.9591105281402	76.5991555450619
630	72147	Vieques	2	69.2897120019951	69.1203214306049	69.7385440179582	68.7125045974933	71.5287277661802	72.7126172994675	74.4633932321638	76.1344068953282	75.1178303793447
630	72149	Villalba	2	71.6000221171248	71.149417939662	71.6199272151553	72.7748492177669	74.7044747681647	75.1222577660803	76.8127039078417	77.5743384433962	77.1524218425841
630	72151	Yabucoa	2	71.2924418928122	71.7144773632749	71.8259969972309	70.9684216437944	74.3752576823082	74.7139903651283	76.0505889572874	78.0776299978071	77.1531917715861
630	72153	Yauco	2	71.0600655700222	70.1084812944549	71.2746030725094	71.5703479776252	73.0153103085837	73.5303847628314	75.5157139363896	77.2358125342708	76.3264281439725
630	630	Puerto Rico	0	71.2591580044081	70.7040392979901	69.92819159773	70.6912557010242	73.3452241753731	74.4574956500499	75.8804993189893	77.495902434957	77.0255517206794
