country_code	reg_code	name	include_code	1980	1985	1990	1995	2000	2005	2010	2015	2020
630	72001	Adjuntas	2	72.2447093939269	71.5459979050894	71.4488170434284	72.0551417571708	73.8238693538854	75.9733601558054	76.9033903181797	79.4461802603561	79.0917252898367
630	72003	Aguada	2	72.9525466381553	72.9052305449385	72.961010081313	72.6410649965996	75.1368289590689	76.6701942174976	76.9163935036226	79.1659941326668	78.1415160452651
630	72005	Aguadilla	2	71.0816221254252	70.6900813844213	70.7915232527875	70.7398284102469	73.2920638454681	74.0775362780328	75.5975208449292	76.9243052903768	76.5024439553849
630	72007	Aguas Buenas	2	71.479325016705	71.9543114367186	71.7836808079387	72.1461449156849	74.4327803863919	75.1491517398145	77.4945965551529	77.9570511358838	78.1360774859969
630	72009	Aibonito	2	71.620585163155	71.2429632482329	72.3348417617934	72.2265661228515	74.0760182040577	74.9569312588675	75.5094645526301	77.7041734453267	79.1300337987013
630	72011	Añasco	2	71.6064991111157	71.3461365294035	70.6354598958817	71.29394970908	73.9022264572597	75.8170952643805	75.9703267054563	77.6481536018871	77.3840553929133
630	72013	Arecibo	2	70.9670230515937	70.3875452331118	70.6837085772874	70.4422012401243	73.2504316378914	73.7601717738038	75.5917024389043	77.3158445030725	76.8277964887468
630	72015	Arroyo	2	69.8291723672758	69.5535199727491	69.7567826373518	69.9576161383417	72.4831927387676	73.5732015304858	74.2368347124385	76.2449794970442	76.7657851633506
630	72017	Barceloneta	2	70.5523813974471	71.8498627850207	71.1682737988369	70.4757465171115	73.5866477790878	74.6689375470513	75.5065926809431	77.8266347044623	75.9772828489867
630	72019	Barranquitas	2	71.563399759026	71.5763995906276	71.0961743701885	71.0248157038673	73.8834863236841	75.3184511905823	75.7588301307902	78.1759232165543	77.7745239983628
630	72021	Bayamón	2	71.9947026297477	71.6109143850301	69.628578412819	70.9253656342685	73.6190026119799	74.8032969522065	76.3752015630752	77.5178215699444	76.3375380095387
630	72023	Cabo Rojo	2	72.6183732145645	72.9610045536856	72.7477382331658	72.4438546350327	74.8346564100273	76.1960581674465	76.0995262350434	79.4383889810602	79.2875903695452
630	72025	Caguas	2	71.7335710871362	70.474818411207	69.1562664720317	69.9476579851385	73.1741221871759	74.6798983243048	74.8656784639268	77.2852385497509	76.3541707183831
630	72027	Camuy	2	72.1750155425291	72.6635701703944	72.0429257320479	72.2307811281954	74.7801313694763	75.5131470140977	76.436703907283	78.067146234138	77.7935247926809
630	72029	Canóvanas	2	71.9154819755197	71.321576042854	69.2551575429707	68.7849232275756	71.8692753390606	72.8534676844671	74.4537426292879	76.8059411934276	75.487210529022
630	72031	Carolina	2	72.6499888280274	71.543907212164	70.1616084351085	70.8456688913895	74.0361858222082	74.904475497052	75.9712707513321	78.1377284605762	78.4975615497818
630	72033	Cataño	2	66.1193640310129	66.8463548611054	65.2157343569926	66.3549748036451	70.3759672950424	70.9423121636529	73.317061612599	74.5798353487194	74.0089782239093
630	72035	Cayey	2	71.1538400997051	69.9249565064346	69.8786774125266	70.5299999061047	73.6400207610857	74.5279580912731	75.5744832253871	78.4012647206614	79.253010595289
630	72037	Ceiba	2	71.5032695672598	70.5991843495936	70.7357968311576	71.4785635042363	73.6175996777544	74.7830510744878	76.1962522617138	77.9103712545634	76.0987207782754
630	72039	Ciales	2	72.6872780435297	72.9671981872993	72.0478794987067	71.7161111503601	73.6869063868753	74.945732356125	76.4374508920353	79.026057693365	78.086346545344
630	72041	Cidra	2	73.1754899191538	72.7038844320567	73.8794117586883	73.7710411341893	75.7177549586916	76.2513924942185	77.5469029590089	79.1647233493576	79.5778268752394
630	72043	Coamo	2	71.8529603253228	71.3677075033979	71.2256111233742	71.3618440343774	73.3107003639632	75.7112332275963	75.9544306082386	76.680825183389	77.9865198775994
630	72045	Comerío	2	72.1232919911567	72.0298078059176	71.89641404198	71.385178819672	73.753059648314	74.9547090829474	76.8621570637067	76.7636026964148	76.1604397316767
630	72047	Corozal	2	72.5360464460541	73.1619332464646	71.5692172231996	72.1510616578514	75.0100537339952	75.4819304395916	76.6855950529425	78.3187544768133	77.2605084237474
630	72049	Culebra	2	73.5082055741613	72.8269049213913	72.3554593352733	72.6703365881572	75.4495409865048	76.1088899887398	76.9578190721494	78.0787494006759	77.5568293377851
630	72051	Dorado	2	72.7651113577242	71.0956113427022	71.0790770837376	71.5160744551356	73.1716633542558	74.9595990918053	77.339994524593	78.5446946227405	77.7988869789921
630	72053	Fajardo	2	70.4365355553327	70.7966876509159	68.6902149392362	70.0018905482591	72.0169148437487	72.5256727618782	74.1579204719452	76.6062295155411	74.8874879850745
630	72054	Florida	2	71.293453615462	70.8164712993926	70.3696171179222	71.5381946764804	73.8545971445907	74.7520656660903	77.3264815961841	77.0903320548138	77.1338850272376
630	72055	Guánica	2	69.8812169418	69.4942451726087	69.0905560693652	69.309637132226	72.0373737815491	72.1539505166474	74.6073173811797	74.6668732570155	74.5099939875967
630	72057	Guayama	2	70.1870896249241	69.3963712390605	69.516735030622	70.1142585878382	71.8854697347718	73.7406760078975	75.559547561277	76.5191544334694	75.1458878961346
630	72059	Guayanilla	2	71.6070038254894	70.378561803878	71.3180447468225	71.275535322135	73.404474342379	73.7033887951437	76.0829002910039	75.9662909222924	75.1407284841976
630	72061	Guaynabo	2	73.2203378138633	73.3172616622906	71.9950335359433	72.1504444571972	74.8935038028693	75.7544890488732	77.5184894762605	79.465964545776	77.7472273169635
630	72063	Gurabo	2	72.0131722602069	72.0647775704751	70.7285087873879	72.4660490841981	73.9479532209297	75.523216325312	76.1901962640696	77.9363064783376	77.8300553602373
630	72065	Hatillo	2	72.3394702167127	72.4430901758205	72.060652452127	72.2510218475097	74.0573196021152	75.2258295248502	77.0836498570248	79.1000531219123	78.2457641113958
630	72067	Hormigueros	2	73.6217283957305	72.9804442095666	73.3259946383307	73.6440409426634	75.209971514444	76.1764876295818	77.0235730815767	78.4183221518419	78.9078444348512
630	72069	Humacao	2	70.7807237822853	70.7593508404359	69.8621978246729	71.4406916793479	73.3693899075183	73.9897690226955	75.848864576408	77.1963569995915	77.452500497703
630	72071	Isabela	2	72.7537608312464	71.567605839247	71.6085479204198	71.5817341802421	73.2312998898935	74.8458406227296	76.0514355583948	77.8711324606579	77.5197306543791
630	72073	Jayuya	2	71.7356324597159	71.3877535960557	71.074156124128	72.0964344668593	73.7454901527176	75.4496518769648	76.9747725771696	78.1004586516417	79.2002450993728
630	72075	Juana Díaz	2	70.9724723563301	70.6264778506777	70.609289317211	70.6657674631717	72.6250115843487	74.3068586942348	75.9587684683722	77.3354874654393	76.574288163379
630	72077	Juncos	2	70.7196194829454	69.9208663977091	69.7514963548614	70.5587260904998	73.3401929952587	73.0977447047146	74.6789656687694	76.9473705144894	76.5996823635408
630	72079	Lajas	2	71.9937617428188	72.5069299637885	72.021228909998	72.1220559863473	73.9489174817517	75.468827193239	76.435909014293	78.2140573212412	77.5390280277063
630	72081	Lares	2	71.6426237031321	72.2074681231061	71.9268025487665	73.8565747220238	74.7799245511289	75.6741941491274	78.2993887218086	77.8328013118441	78.0491105259609
630	72083	Las Marías	2	73.3823791935488	73.0877588697273	73.213985623983	73.6975082627463	75.6088042010961	76.8807059101029	77.3811199731272	79.2007984440532	78.9080728579052
630	72085	Las Piedras	2	72.6500887064781	72.3166721665783	71.76509998375	72.9459929024378	74.5203155999052	75.8501908221833	76.4540811826843	78.3542306800091	77.8946638572121
630	72087	Loíza	2	70.7868265203744	70.6575864029865	69.18794101748	68.9653587306347	71.0474503819231	71.6790612351098	74.380960581445	76.7304646344458	75.6705024055031
630	72089	Luquillo	2	70.8884277459374	70.6933718052149	69.9682722796321	69.5614446855922	72.0322512105587	73.862445445119	74.9909239346083	77.149998389289	76.5525895940518
630	72091	Manatí	2	70.2666651315859	69.8823973499912	69.7926101294415	70.7880186972992	73.2326329948147	74.4254762264771	75.6991227810927	76.8093966869392	76.5674727967672
630	72093	Maricao	2	71.4631448796044	72.886287553111	71.598026671653	71.8034702961118	75.1991631320909	75.4819140502759	77.0851696058322	77.8753467922487	78.1605368453668
630	72095	Maunabo	2	71.6395544492838	72.1872486272248	72.0105054408605	71.4327153026763	73.8063060230234	74.2581784338986	75.4632676613323	77.7134796111292	76.1766751550374
630	72097	Mayagüez	2	70.3249900156646	70.5134734709944	70.3137588839969	70.8780958448713	73.5056120040807	74.0104314931691	74.9463491540401	77.2995010958281	76.5270696219209
630	72099	Moca	2	72.2366759685634	73.4017363216081	73.5970193603544	73.3933998378265	75.8875895590901	77.2148895992654	77.9196350101315	78.5637286610568	79.1469677100183
630	72101	Morovis	2	72.6615688031015	72.7979007488255	73.5408194733918	72.6662463246185	74.4962134780543	76.1389563385078	77.2636410948076	78.3976876101928	78.536792730986
630	72103	Naguabo	2	71.5806889313023	70.4957375838633	70.0113905832795	70.193994765615	72.2427544852508	73.7963475379169	74.9820840525671	76.0749704869035	76.7664646305228
630	72105	Naranjito	2	74.1411079027225	73.3608348432498	72.6608607125287	72.0713438028882	74.9099852465268	76.0865565956138	77.5656562881781	79.5463098737124	77.5067353640061
630	72107	Orocovis	2	73.407870225447	72.6193944848795	71.3914002759873	73.1539694063214	74.2860915147439	75.5769626210576	77.6748238696821	78.1037228425777	78.4742884214584
630	72109	Patillas	2	71.6919371306238	70.9134247532527	71.6026452215364	71.2886061803951	73.5855904311232	74.38404653118	75.9801188141015	77.2681414879867	76.4537137268073
630	72111	Peñuelas	2	71.5672908307096	71.8286225229174	71.1136275619027	71.8607792810404	72.9770621367954	74.2897262083766	76.7930222256945	76.8276860610311	77.4656457625513
630	72113	Ponce	2	70.8078426432826	69.1001530703459	68.3337852771476	69.1057337241351	71.972394969412	72.7773550808454	74.9028159686652	76.1279581999903	76.1456928833601
630	72115	Quebradillas	2	71.4638237381002	70.8702620883232	71.5841010090875	71.6991649975417	73.3244209235088	75.1303375496296	76.3497381698878	77.1793723482768	77.4895593922477
630	72117	Rincón	2	72.4702836968988	72.3962410692705	73.0805345261099	71.7255146138279	74.7291765278134	75.7046486283842	77.7745729000456	78.9157707975213	79.5790239981021
630	72119	Río Grande	2	71.2139661847976	71.8411444822689	70.1746211826383	69.9313213332842	73.5166754858297	74.8493016264946	75.7310179098925	77.397263213951	76.5916803665095
630	72121	Sabana Grande	2	71.9343724973714	72.0047067613496	71.4887885315403	71.7546536634187	74.2914533585562	74.8458972779532	75.8119629461998	76.9521686845224	77.4274076784358
630	72123	Salinas	2	69.7551771810572	68.9234931858413	69.9992671000052	69.5738745549147	73.0061292940809	73.5907563212393	75.454615343161	77.5958730991065	77.0477819392077
630	72125	San Germán	2	72.0101832557569	72.6294280663895	72.039305850623	73.4321105647865	74.7417165684891	75.4337529429562	76.3428402286142	78.0599551021437	77.6119223463943
630	72127	San Juan	2	68.6466998868953	67.3317834790222	64.9615502534495	67.2706985984034	71.2572364934161	72.7400029096996	74.5161288325719	75.8742214254336	75.2070766641125
630	72129	San Lorenzo	2	72.3533282860455	70.8980293723466	70.6729321380043	72.1321294018562	73.6688751997655	74.9441133654503	76.6110831672377	77.9900749651421	77.7546865712259
630	72131	San Sebastián	2	72.736793722524	71.7650024802056	72.2580237270753	72.8382319017139	74.4823531364672	75.9907262769345	76.3677366555081	78.4322319463181	77.7939121910506
630	72133	Santa Isabel	2	69.3321957811072	69.5645544093259	68.1434330190153	69.2758563067269	70.8102407252326	72.5832462760273	74.9761947135202	75.2647672204163	75.017766368844
630	72135	Toa Alta	2	74.1575221785466	72.8613860826881	73.2809637882929	73.0568549740315	75.132518412191	77.0987452264916	77.6901473727624	79.4153837224798	79.19942789644
630	72137	Toa Baja	2	72.4623990549091	71.1697751852457	69.9848661395409	71.2092904182528	73.4771486547402	74.1130428385842	75.731338344199	77.1550289646096	76.3021917656611
630	72139	Trujillo Alto	2	73.736719843075	73.0088040692481	72.7840475880356	72.7120356898161	74.8737835094709	75.9379582549309	77.8488382127418	79.5024785376647	78.5872390981816
630	72141	Utuado	2	72.7601857331279	72.363142680088	72.9058337978437	72.7048616613148	74.8164864885755	74.9608010039043	75.9458127151673	78.8398534861995	79.1200226591978
630	72143	Vega Alta	2	73.0169050946062	72.2638345939384	70.7950823679812	71.8410135636578	74.0874803720936	74.7952112257343	76.7266858983735	78.6137729588353	78.8111462300541
630	72145	Vega Baja	2	71.9176803080824	71.3123951838903	69.6683386250366	70.1019611743583	72.0356501412987	73.728492274858	75.6491950870166	76.9535186606774	76.6007168310112
630	72147	Vieques	2	69.2805176728383	69.1183494956046	69.7275298033167	68.7107201823304	71.5234111986515	72.7022537683917	74.4594609582264	76.1351121791657	75.1183337748889
630	72149	Villalba	2	71.6134451540275	71.1622669505471	71.613080064884	72.7627170505293	74.7027502380559	75.123171266569	76.8108118260815	77.5788787789116	77.1554345624646
630	72151	Yabucoa	2	71.3026392905951	71.7143142500644	71.8171044661335	70.9703450473064	74.3736278739193	74.710476750961	76.0545277112769	78.0762039439523	77.1584957000805
630	72153	Yauco	2	71.0606420806104	70.1124273635644	71.2640805945915	71.5579251815913	73.0178669180054	73.5390665582421	75.5153025043196	77.2419472331084	76.3285306289569
630	630	Puerto Rico	0	71.2590567773625	70.7041226378189	69.9285989234069	70.6915061753253	73.3452377587625	74.4575667604671	75.8805741826793	77.4959468389937	77.0258294036336
