country_code	reg_code	name	include_code	1980	1985	1990	1995	2000	2005	2010	2015	2020
630	72001	Adjuntas	2	78.7843901766947	78.9259077145807	78.4603525982063	78.8198732450071	79.9044329198911	82.1391433137112	83.5466513182389	84.8849321624432	86.1832308464451
630	72003	Aguada	2	77.5759338793159	77.9612604462814	79.3125772829412	78.4667607173245	80.3174970869119	81.3620193773591	83.4333672263402	84.7162698107636	84.0168042517867
630	72005	Aguadilla	2	77.2791434765228	77.5011893206507	77.8193917391667	77.99502554878	79.9468654125061	80.7666323803468	81.5828944627106	83.4304612246105	83.2973472406319
630	72007	Aguas Buenas	2	78.7619930829936	78.7761965224313	80.7275362407363	79.132456476856	81.3562030261812	83.43254828233	83.8361264676618	85.9336990914937	85.4285752722767
630	72009	Aibonito	2	78.2099780923227	79.1478309216713	78.9585170687057	79.5082668437698	80.6471468081859	81.2343481959556	82.8805553421816	84.3481243966056	85.5690376406923
630	72011	Añasco	2	76.7366294169866	77.0521728769332	77.5056713910637	77.9044860928844	80.2668417697103	81.5913787965736	82.7714626135537	84.8583331519988	84.2218066012323
630	72013	Arecibo	2	77.2894480116935	77.1137648564019	77.8251172126736	77.6866214379592	79.8613875928012	80.6536842467565	81.6743634668276	84.2668311825457	83.6834556209443
630	72015	Arroyo	2	77.4133797221006	76.6281461338181	78.3379210385884	77.5433257621494	79.4713096699442	81.0009311405299	82.1109624753694	83.4302813189275	83.0824571238419
630	72017	Barceloneta	2	77.3397935021509	78.552929103552	79.5910735750899	78.4917927610103	80.2850075687421	82.3708121929205	82.7034024912597	84.9443055931367	84.415891902003
630	72019	Barranquitas	2	77.6670928793466	78.0497918753867	79.5866348381833	78.0189811135732	81.0551337569441	82.9997013898063	83.0374561556718	85.7847537932843	85.6900413418476
630	72021	Bayamón	2	78.0395752768712	79.268513406969	79.8693252441762	79.6696282282584	81.5897340140075	82.6932850713495	84.017575536066	85.2327395930787	85.54725236922
630	72023	Cabo Rojo	2	77.5506630869372	78.8826573149182	80.0304380316937	79.7595469466633	81.7920794724276	82.3380960991294	83.6377733126826	84.4214438084547	84.621762366023
630	72025	Caguas	2	78.2870991791141	78.9930485388131	78.5681570073943	79.5144877898581	80.9213357057312	82.9721494303431	83.6945090374724	84.7001816141287	84.4895636517836
630	72027	Camuy	2	78.8345604174138	79.2340099496334	78.5395115333598	80.5087421100519	80.8057492180962	82.7361679231609	83.20157580418	85.0355059186903	85.3556054915858
630	72029	Canóvanas	2	78.6063325482607	77.7564095128189	78.1550509783329	77.2605329270898	79.7780012250615	81.6735387983756	81.909338412187	83.260815981372	84.0908757303063
630	72031	Carolina	2	79.692150694916	79.7704616543383	79.2206415170167	80.0251292749395	81.7381172156991	82.808342114122	84.1576483549206	86.0862320271889	85.5318824269666
630	72033	Cataño	2	75.302085474526	77.3779102110647	77.2360070925513	77.4502750764987	79.2663136487001	81.6350754008145	83.0093403783539	85.2503571181593	84.8028783933695
630	72035	Cayey	2	77.077631030852	78.0715103702852	78.2287036580542	78.844748260296	80.5238022873173	81.7647808385432	83.3267818272703	85.128125690555	86.9221515466095
630	72037	Ceiba	2	77.8330408596319	78.2967078035294	78.6252804023444	78.422394073073	80.7087295692941	82.1300391878932	82.2843232009584	85.4591109140014	83.9158641144231
630	72039	Ciales	2	78.7987166186499	79.1139757303162	79.395545716959	79.6066207366748	81.1630336111258	82.2647705148954	83.4731505201156	85.758348655465	84.3147475968865
630	72041	Cidra	2	79.8842361515507	79.2648656494422	79.3606063654727	80.696944746062	82.5747101286051	83.1615259545204	83.3165753095322	85.0316488745042	85.1474827238219
630	72043	Coamo	2	78.2325758156994	77.9957010416196	79.2337247120578	78.609690624352	80.9314459413603	82.0762598346559	82.3873887731196	84.4659196541635	85.0956096624997
630	72045	Comerío	2	79.3207267336231	79.0543675333042	78.4931355867374	78.4715301461684	80.3909008306839	81.6515520294155	82.9512273000951	84.4738672570626	83.6833976077368
630	72047	Corozal	2	78.3679673434717	78.2905547194843	78.8309339164433	80.2290258078621	82.0896201099781	81.6212015227962	83.7476123045695	84.5958614255924	85.3255962599387
630	72049	Culebra	2	80.1098302005667	80.5410922610377	80.4562099488724	81.423548649461	82.935368989287	84.121056973955	84.8251707326585	86.0178655764372	85.1246708747725
630	72051	Dorado	2	79.0985325911996	79.1632064321144	79.3438271573232	79.5406455857843	80.222318148302	81.5155583506342	83.484116550756	85.0679388657767	86.6112711763338
630	72053	Fajardo	2	76.8303198493223	77.192931518017	77.8411080928971	78.5136336238739	79.7828431390123	80.2669765216192	81.2656226480768	83.662076288048	83.3794772127385
630	72054	Florida	2	78.3086260558815	76.9759837627561	77.0490806800741	77.9088430754227	80.5466783253753	80.7750048247224	83.0388471826532	83.749928280259	86.0189160330283
630	72055	Guánica	2	76.5814239721688	76.667842657906	77.0457085042059	77.0006347743839	78.519284610979	79.7791264600316	81.0137454292385	81.5626481785391	81.9510629193501
630	72057	Guayama	2	76.7440285245694	76.8078545336365	77.800084400946	78.6653417360552	80.0036764829297	80.4643128471887	81.8543853299086	83.3388979260187	82.4906094671016
630	72059	Guayanilla	2	77.3677755489118	76.7402063057242	77.8683551147647	78.6124018939032	79.715490543612	79.6657282590859	80.8133986204245	84.278341108457	84.4784601741701
630	72061	Guaynabo	2	79.3291362145263	80.4433125670033	80.3780500000963	81.3815131536183	82.3824392455534	83.5064686199123	84.4088664463041	86.3128639421372	86.7136753578966
630	72063	Gurabo	2	77.6235462665085	78.0227179615865	78.9404999147578	78.6902817537688	81.5594587278362	82.2513895361948	83.3440315785771	85.8723237396658	84.7508140135552
630	72065	Hatillo	2	78.8530470775214	79.2305785564902	78.3244331710766	78.3828596348727	80.3253760940747	81.7030357657266	83.4431065567822	84.4098483406733	85.1571376433372
630	72067	Hormigueros	2	80.0830617751248	79.0546471565937	80.6531044030077	80.2960841019767	81.9910622122174	83.6872895316751	83.376156533109	86.2306155355628	86.0623519763911
630	72069	Humacao	2	76.1577244693709	77.9948964478631	78.6845007228516	78.3396442522	79.9078197016735	81.55166036763	83.0360590615567	84.4203004180676	84.206432573946
630	72071	Isabela	2	77.7614882281898	78.2422002181302	78.3507110868559	79.28546691039	79.725577221779	80.5430383567925	82.5317286269103	84.1277015923709	84.8557539949335
630	72073	Jayuya	2	77.2354425983183	77.1327462596381	78.1199197478897	78.4903157433605	81.5874824131686	82.2888561621075	83.0723896273415	85.7381726262191	85.48849048651
630	72075	Juana Díaz	2	76.439484995414	77.718154282644	77.913029811829	78.2027015306008	79.9226683845915	81.3957604465247	82.6485844758996	85.8089603921903	85.2920079705087
630	72077	Juncos	2	77.0406360937705	77.4164738555905	78.3194023046812	78.6114811829969	80.3123782232707	80.3091332080024	82.4104191824278	83.4196543935941	84.4524341220016
630	72079	Lajas	2	77.7556781663292	77.752803343278	79.2222778205888	79.6037211266069	80.8812888520724	81.5945913686201	83.2969552568419	84.6187378053405	85.4669169679993
630	72081	Lares	2	79.6813832339966	79.5056071173259	78.6796505338641	80.64777126894	81.6133806283243	82.0552935740109	82.3948614110528	84.404124454295	84.5806361265559
630	72083	Las Marías	2	81.081023054966	79.6855969277265	80.5434581062443	80.9508590701508	82.4872683893236	83.4163776491224	84.8560678367454	85.9668523480193	87.3674112087075
630	72085	Las Piedras	2	77.9910528527164	78.9850896322707	78.781599177478	79.6915199864493	80.3892591315862	82.3332055943916	82.5450729469887	85.0843163368952	84.8020380733633
630	72087	Loíza	2	77.4442114218223	78.646574691681	77.7942183660921	79.4749578066539	82.0581139365859	81.2383519093275	82.7850610516045	84.5134752696101	85.0583508527439
630	72089	Luquillo	2	80.042061558957	76.6123307927218	78.2169460036591	77.8090481519929	80.5098354995165	80.2508224627794	82.8966768150076	85.254741428751	84.568877267481
630	72091	Manatí	2	76.9316433627754	77.8935218277414	77.9478688882412	78.2410241377695	79.7616671310927	81.2063836219655	82.0524232511068	84.1076091788101	84.5200738781311
630	72093	Maricao	2	78.7235527477548	79.3253171163875	79.6012914136932	80.1557173180834	81.4307752615068	82.8341890922575	85.3443927491979	86.7961266030323	84.4553407213667
630	72095	Maunabo	2	78.3754458209918	79.3094450773234	80.0044895639417	79.6556610140701	81.2572598583256	82.8630067936368	84.7579296956249	85.3903320439186	83.1290579278202
630	72097	Mayagüez	2	77.310561342004	77.8108606486041	78.4202619273833	79.3793684985852	81.039912778343	81.3326373735528	82.7232812098522	84.9192683962039	84.840423100731
630	72099	Moca	2	78.1361155913598	78.8390749702446	79.1876837297373	79.5738005038532	81.3735805420358	81.8593689147224	82.5339140702971	85.1353789668496	84.9584254941139
630	72101	Morovis	2	79.3973641387228	79.0736339134266	79.276095235272	80.6259090711008	81.9451042315376	82.6955327899484	83.2018733634278	86.2008840811835	85.6134027527881
630	72103	Naguabo	2	76.6951117365986	77.1933787440319	77.7660837146569	77.2365211740265	79.9877305124399	80.8259987585791	82.4140906804986	84.2479309317922	83.72230529129
630	72105	Naranjito	2	80.5381025043474	80.4895279816258	80.5381339375951	80.987975093682	81.8841318688331	81.9426380997827	83.5006822395725	86.6627885129538	85.1661001316987
630	72107	Orocovis	2	79.2612322128708	81.1101237277561	80.2586166070803	79.9843626005223	82.3336460668626	81.536498737735	83.2953059011309	85.2084022088994	84.7737626744369
630	72109	Patillas	2	77.6087211881323	78.5864033695923	78.3157305953224	78.2919916020573	80.6338390862189	81.5704040802712	83.1071097864437	85.5227335435413	85.4263703244084
630	72111	Peñuelas	2	77.5223330633634	78.0319024556849	78.1188640254305	78.4126202516223	80.6453345046604	82.8082982467383	82.3192822378517	83.4690482364929	83.3562783556395
630	72113	Ponce	2	77.5719697529935	77.2390375897149	77.7425514972109	78.552599723274	79.9529743639171	81.4137742596777	81.7842599798266	84.4362800969006	83.8581001098362
630	72115	Quebradillas	2	78.5218204097448	77.5419684524028	78.5954283951164	78.6888573608943	79.783139794271	82.2300804838272	82.8980601554315	83.5645747784072	83.9637513848195
630	72117	Rincón	2	78.4857507044753	78.7529911515067	79.339407831599	80.245513182407	82.2361066523523	81.2122680952695	83.900394775128	86.2087662253354	85.6658405064781
630	72119	Río Grande	2	77.5813922672509	78.3189596114537	78.9065495516594	78.5280209748122	80.7863276434557	81.8461382660052	81.9450859710245	84.3430211975284	85.1609509952323
630	72121	Sabana Grande	2	77.2258832868964	78.7749718897331	77.634919903483	77.7740104133877	80.5075497179035	81.1258034354754	82.9439226182691	83.1228317221529	84.4812137537161
630	72123	Salinas	2	76.9570134427355	76.7293636565568	77.6053321430283	78.7811566455704	80.1826845017247	80.7537549628965	83.1896545690283	84.6787489962606	84.9607089192987
630	72125	San Germán	2	77.4162017876284	78.1100097975651	79.0283001700012	78.9315467358566	81.0576929667419	81.642772654337	82.4857811928376	84.2278047902353	83.7817131831361
630	72127	San Juan	2	78.2902580923406	78.634798714766	78.587923440038	79.5508474581849	81.7965831814997	82.3994252193181	84.0299534122614	85.1052532061122	85.3825709026708
630	72129	San Lorenzo	2	78.3507922341541	78.7501479328895	79.0573362516776	78.5661701063435	80.9899645346185	81.6950180584897	83.2815820919274	85.4007808878809	84.3182661686264
630	72131	San Sebastián	2	77.6767464064803	78.3652361003427	78.6884307877114	79.3890368838782	80.2440760491147	81.0616429509161	82.9266958495207	83.9916086926805	84.2553609154689
630	72133	Santa Isabel	2	77.1090307832747	76.5891669019143	76.8446031311877	77.4644547547863	79.1319192445113	81.2752613705304	81.3250858175937	83.7593761845068	83.0029856102152
630	72135	Toa Alta	2	78.7415194061428	80.7869114531202	79.8163212154161	80.6948857003994	81.5887613234564	83.3783202033315	84.306984036936	84.3801095389929	85.3992887163257
630	72137	Toa Baja	2	78.6289727717514	78.9279028229147	78.3427921415459	79.8541965100837	80.9855641964457	81.2164457694567	82.9619255373055	85.0771238652609	84.7471381854494
630	72139	Trujillo Alto	2	80.0716941104058	80.5801438868034	79.8374860218755	80.8133133262577	83.2081566434306	83.5030489975583	84.9824221273998	86.2224313400636	85.8071345172299
630	72141	Utuado	2	78.2104278447594	78.4837593211743	78.8515668265267	79.3963153512023	81.0275948316787	82.1277091541158	83.5303151726512	85.143836190682	85.4165790472596
630	72143	Vega Alta	2	78.499912185185	78.3112127692632	79.4498703554042	79.3969869118001	81.6763927205284	82.3581492218627	84.1446961117496	84.7220025019846	85.8593999303765
630	72145	Vega Baja	2	77.1981753896452	78.2912496412187	79.4549973987918	78.4615937267778	80.3386335986499	81.269378449689	82.4542786999455	85.1231792428795	84.3656608432071
630	72147	Vieques	2	77.254914176874	76.9945445153921	76.6145971379423	77.9773832636749	79.7722075632473	81.2066233780017	82.0940618803149	83.9789184665846	82.6001076522444
630	72149	Villalba	2	78.1308494477736	78.3703341795075	78.9402143570902	79.6291359591587	80.8559247660458	82.1765543628395	82.6452749398267	84.177943326222	85.3797832600352
630	72151	Yabucoa	2	77.7193722702461	78.4432392831762	78.550495308144	79.0885870311407	81.4908117168126	82.7580588949214	82.4230854146669	85.6182500000974	84.8404916645189
630	72153	Yauco	2	77.4313541813598	77.3905615844333	78.1871713804543	78.7602641992736	79.3089497562182	80.6035205923748	81.8563598190653	83.1853455199915	83.2982755727169
630	630	Puerto Rico	0	78.0616298261075	78.4853979021509	78.7713739177453	79.2567178518752	80.9850878972917	81.9747282000395	83.1534254959135	84.8545450706955	84.8387082621919
