country_code	reg_code	name	include_code	1980	1985	1990	1995	2000	2005	2010	2015	2020
630	72001	Adjuntas	2	72.4157826869047	72.0039712454391	71.9390967893435	72.3656178820897	74.1603682410109	75.7942126862576	77.3069205389746	78.4975758342308	79.7065879627288
630	72003	Aguada	2	72.0117763955929	72.2712852919142	72.3582135272931	72.4641209800666	74.3603027930961	75.468821340649	76.8738335875395	78.7498890554689	78.0356526673545
630	72005	Aguadilla	2	70.9752207277086	70.9514757744396	71.0804662377408	71.0777157748908	73.1870470107804	73.8790376659426	75.3180709969992	76.5364365832795	76.7660046155868
630	72007	Aguas Buenas	2	72.3548227300239	72.2849602180513	72.9603963165385	72.9431005785211	74.8533189413745	75.5687204584926	77.6312342532747	78.6841885599732	78.4496888904953
630	72009	Aibonito	2	72.0686103216072	72.3317525865795	72.4984778124259	72.3218883483572	74.1217876284412	74.9364995223737	76.1936309597939	78.2613000292599	79.3540612469272
630	72011	Añasco	2	71.5308777820947	71.2091837059578	70.9578101626849	71.7396869713665	74.0392909631924	75.1396782904059	76.0551219329822	77.6312560696675	77.8050664984616
630	72013	Arecibo	2	71.1030925368264	70.6397694480287	70.9679062369325	70.9710160584484	72.9032683401615	73.8353634651543	75.1537281728292	77.1906204592059	76.9640688915302
630	72015	Arroyo	2	70.6848446181771	70.4968017744713	71.104226824331	70.9170479393983	73.0519111104581	73.9757795736851	75.0749001764072	76.6938646520606	77.055568516753
630	72017	Barceloneta	2	70.9880505851176	71.7718311900552	71.4450190113848	71.1167648558761	73.57261830137	75.0415075720849	76.0289176064226	77.4305433098565	77.2880710595257
630	72019	Barranquitas	2	71.9230160282647	71.7478318770392	71.8278974038881	71.508846075219	74.1654072389247	75.3952309737212	76.1826003685334	78.4993995408086	78.911145302485
630	72021	Bayamón	2	72.190499715282	72.1060398670614	71.7145213056389	72.0802729777056	74.1344332315309	75.1988585546385	76.48801251615	77.8105568560081	77.6042552306555
630	72023	Cabo Rojo	2	72.5133575671618	72.8532890956508	72.8366280017798	72.6609821298414	74.599565391899	75.7706554469876	76.5346167147187	78.3564312740877	78.5154765329043
630	72025	Caguas	2	72.2900583681569	71.6877263204309	70.9526260240244	71.5647407955238	73.8960027849779	75.4883698834368	75.7736614973851	77.8563044767894	77.2646847222865
630	72027	Camuy	2	71.6698535356853	72.0764886277058	71.6686144828033	72.4795118439626	74.3571257031932	75.2232556035168	76.3915180564249	77.6980703514883	77.7918704229368
630	72029	Canóvanas	2	72.3152958542979	71.4793408392229	70.6159034624263	70.313696811898	72.958184393951	74.4372117011683	75.3933147990728	76.9174541157331	76.8749370057037
630	72031	Carolina	2	73.4294567330771	72.6484199110009	71.7036687623507	72.5477110560663	74.7088131684101	75.513678631513	76.5731182914806	78.5414407440074	78.6945197409354
630	72033	Cataño	2	68.4673597993012	69.1624004714107	68.5603113379602	69.3497881851494	72.0533891974406	73.1317754378727	75.0068004307572	76.4597044203283	76.5031871449909
630	72035	Cayey	2	71.4131439844111	70.9957154497429	71.0935260534817	71.6569309548686	74.0161942900583	74.9537956164923	76.0772806336574	78.3059717503211	79.0162518321377
630	72037	Ceiba	2	71.6132978611533	71.4500689251201	71.5555599300135	72.0036295096249	73.8913279473441	75.0586086434842	75.8272657533097	77.6229043438401	77.1427700870149
630	72039	Ciales	2	72.8979409680569	72.8860048149024	72.6928092911152	72.5912838512322	74.3472513971488	75.7520402955167	77.1183363692931	78.7689750721969	78.8163663868205
630	72041	Cidra	2	73.7048053070841	73.1213455108824	73.3812666224154	73.9269376139616	75.8363439628127	76.453051377874	77.8269274231331	78.9620074066708	78.9367114972046
630	72043	Coamo	2	72.0421297673124	71.7809447589195	72.0600783230758	72.0782268044622	73.8020903852435	75.5687235004841	76.3910472615891	77.5888326488047	78.7234643022617
630	72045	Comerío	2	72.5759809415694	72.2780938105925	72.1478999378604	72.00365670451	73.9634438611252	75.0068118074191	76.7823237484036	77.7469029502156	77.8410015041043
630	72047	Corozal	2	72.5257923943784	72.7266511791138	71.8548019594697	72.6653761791083	75.0616071035056	75.3448297056357	76.7956432862277	77.8406096406215	78.478012397985
630	72049	Culebra	2	73.3895645768098	73.3287628383609	73.2302094078907	73.5336069847803	75.5906736192035	76.4322597413348	77.5399491660871	78.9699575286646	79.0641026793727
630	72051	Dorado	2	72.9764949689491	71.9266375266597	72.1732718929583	72.3822067150558	74.1100475691797	75.243772124102	77.1847861309903	78.161231823638	78.399912474494
630	72053	Fajardo	2	70.8216997332148	70.598839351119	70.3719499245076	70.9733579858638	72.7276283908358	73.4098495756242	74.7765641929879	76.5424348759781	76.6718018215095
630	72054	Florida	2	71.4922345911075	70.9627594068497	70.9210302871602	71.6711501107963	73.8923375387125	74.6266487217561	76.6045008366028	77.4958586156083	77.8751506727169
630	72055	Guánica	2	70.3134372332609	69.7526967038038	69.6296604969276	69.875319969087	72.0463412593322	73.0052316106753	74.4811436733229	74.8880611585739	75.3007468602079
630	72057	Guayama	2	70.539063390612	70.3071482143128	70.4803971669127	70.9121898460626	72.7218693872118	73.6772343763034	75.4596671387068	76.5913094788063	75.8079177084605
630	72059	Guayanilla	2	71.5825360975904	70.6161616830883	71.3933039536617	71.7794451464459	73.1870696222592	73.2345479449529	75.2010330487165	76.4711674408073	76.2972751289251
630	72061	Guaynabo	2	73.5060567767362	73.4822023973745	72.8770714835562	73.508811366361	75.4785748683516	76.1034284669644	77.369162938544	78.8422355754353	78.3395313822797
630	72063	Gurabo	2	72.358683470074	72.1365366690157	71.7921234613622	72.7445658130923	74.8024208688549	75.8392651833092	77.0034124155964	78.3564222969451	78.4636025732211
630	72065	Hatillo	2	72.2206762164243	72.0829225297815	72.0878333017017	72.1259881704397	73.9621776527723	74.9232562407607	76.8791556808822	78.3398977831009	78.2298251498958
630	72067	Hormigueros	2	73.7008012528708	73.6324164050679	73.8596016421752	74.4958569896854	75.9227328708101	76.7901264245861	77.4443538281953	79.2188914908211	79.1582859900317
630	72069	Humacao	2	70.6862755521887	71.733010383392	71.217720815876	71.7454833506246	73.7874864000894	74.4434241077138	76.2470378471898	77.293116836359	78.4017843172584
630	72071	Isabela	2	71.9084351043285	71.5406170105349	71.3447428700017	71.7201559060765	73.2297667172981	74.5003918750101	76.1176134759127	77.523068936989	77.7248039798499
630	72073	Jayuya	2	71.5704107573478	71.2359983014321	71.4033151631574	72.1565548857206	74.5344278113264	75.6688116429446	77.082958191221	78.3926433203244	78.6909471307275
630	72075	Juana Díaz	2	71.0595648270409	71.1979134093325	71.0429111077815	71.3478387338103	72.9635688999382	74.8088835927229	76.1495867804475	78.2547946993844	78.1058224920237
630	72077	Juncos	2	71.0904068459524	70.8081020427915	70.7825426547287	71.8153047671521	73.5462732256804	73.8356909691807	75.4386025448018	77.3212297395937	77.1391507992009
630	72079	Lajas	2	72.025931866011	72.1818483851787	71.9347369766853	72.2851266504209	74.1298261527064	74.9571063944129	76.1859819424	77.6252506298408	78.2512954814431
630	72081	Lares	2	72.0806608713671	72.4740094228321	72.2966943180856	73.4475699463417	74.5970981865111	75.7228192121204	77.3703123625371	78.4286616788731	79.0497491728306
630	72083	Las Marías	2	73.8734190201081	73.3344212048893	73.7034301781383	73.9018389115164	75.5596854257159	76.5379606502663	78.1051255626933	79.2469967378611	79.6830739558243
630	72085	Las Piedras	2	72.499641948949	72.4833033132325	72.3723955647097	73.3712691059388	74.705821811391	76.055421472257	76.4314010668434	78.141218794143	78.3957452051329
630	72087	Loíza	2	71.9352999235592	72.0495933755747	71.0029478621206	71.5073155758102	73.6600247050642	74.1520247678206	76.0873712540794	78.0332598095178	78.0857740058834
630	72089	Luquillo	2	71.7095715309083	70.8708766609627	70.8376693278346	70.7877127868956	73.1449115932464	74.1960001992477	75.7908304198509	77.6834720333537	77.4896956183597
630	72091	Manatí	2	70.7092020936288	70.6106694657092	70.6927166992695	71.1915530765195	73.3581464684252	74.4727892177184	75.6318235102257	77.8634820692865	77.458281489785
630	72093	Maricao	2	72.4490133262954	73.014184938556	72.7126182532433	73.0934927916071	75.1128940147042	76.4182755180283	77.6043524582266	79.0015806694867	78.9992044432228
630	72095	Maunabo	2	72.0427523773874	72.3754979919141	72.4984400455205	72.5203762044815	74.4429409224828	75.4276500375901	76.2541618029867	77.963967136448	77.4832181475051
630	72097	Mayagüez	2	70.9801226566843	71.1386090531089	71.1253346890114	71.6935924545792	73.7343948571881	74.185046208627	75.3904047289644	77.8163279244546	77.5711383788688
630	72099	Moca	2	72.4640529749507	73.0402248857737	73.244456264697	73.4401091457602	75.0687515102746	76.4987918268149	77.5719593177275	78.6798038646198	79.2495629319391
630	72101	Morovis	2	72.9152868002571	72.8812051020575	72.9746664742183	73.0237356629829	74.7985061439142	76.0327960150097	77.2176497912788	78.7084847393562	79.160422066375
630	72103	Naguabo	2	71.353145560872	71.1363404465852	70.9673390228968	71.0570276575371	73.0022876535559	73.726874238307	75.4476822172629	76.7802522729954	77.0206278746622
630	72105	Naranjito	2	74.1385608624128	73.6565812310442	73.216714656434	73.0665349744907	75.089511781622	75.8662431294907	77.6915204719133	79.3006594608759	79.0056518390153
630	72107	Orocovis	2	73.1179722427793	73.2738849150046	72.3824115131804	73.2319543347981	75.1262509294376	75.5055645220535	77.3795198568155	78.3939947134337	78.9911690402538
630	72109	Patillas	2	71.510601154446	71.6021376303153	71.8867701131852	71.9806024372085	73.622309577077	74.859898410333	76.2474436758441	77.7472439458697	78.1430672733047
630	72111	Peñuelas	2	71.8605153409521	71.6446876245301	71.1436902748988	72.1170037279481	73.323937905211	74.5932853663045	75.8542479510872	76.8924066497452	77.5044931739928
630	72113	Ponce	2	71.234746471092	70.2930253292039	70.1862622393934	70.954701669395	72.8649506065087	73.8674757402285	75.2563876205681	76.678748096443	76.9847686463275
630	72115	Quebradillas	2	71.4895629654854	70.6475112741446	71.4986730361807	71.4497717087552	73.4781751794596	74.8421577726649	75.7940248247075	77.1274726252977	77.3238124205956
630	72117	Rincón	2	72.5791494841167	72.3280361153508	72.8489771894207	72.7596936615915	75.1463820187357	75.5893103345589	77.4548864159152	79.0374276442322	79.6374155612412
630	72119	Río Grande	2	71.6598781659186	71.8894084695421	71.6232969875996	71.4663869303482	74.0751854717714	75.0462072070578	76.2392182059189	77.7314085965838	77.6784179592062
630	72121	Sabana Grande	2	71.6450037999716	71.9185588207118	71.562435941455	71.5871935275572	73.9531722660864	74.3994515177063	76.0067113707882	77.1556926854471	77.6689670579302
630	72123	Salinas	2	70.5834782438813	70.2080024273403	70.8433176258483	70.975148394425	73.4591620305919	73.9926095759784	76.02927793382	77.9395200514218	78.0737629329637
630	72125	San Germán	2	71.7505535076293	72.3536386603187	71.9823726700836	72.9232980934512	74.2353475964904	74.9312303813922	76.1753105113508	77.4696835523616	77.1568053796991
630	72127	San Juan	2	70.9705699861425	70.5834987649776	70.0062184044856	71.1753688388005	73.9239115813101	74.9168166647677	76.1938123543766	77.2335964855095	77.2059351555312
630	72129	San Lorenzo	2	72.625949746633	72.0157666919465	71.9030998776089	72.3651010536248	74.0677732947324	75.0406596906181	76.991405297749	78.1648034350791	78.2286589975209
630	72131	San Sebastián	2	71.8600330221894	71.6048824937096	72.0619926160899	72.5216398653449	74.0120597942526	75.0966628236111	76.2545600578649	77.8243796871356	77.7581362328776
630	72133	Santa Isabel	2	70.4293919177462	70.1199947239826	69.5147982702662	70.4134536265742	71.8620945605022	73.0020750610642	74.9137398317085	76.27563387495	76.2909530318518
630	72135	Toa Alta	2	73.6339234185049	73.6313790693416	73.507338243672	73.9093262926681	75.6528036329705	77.0619916152737	78.2808378213239	79.2614827046557	79.1113351173252
630	72137	Toa Baja	2	72.6505389556571	71.9229339863018	71.4196822604562	72.3773134627783	74.1407782499348	74.6923578286195	76.1741503420226	77.7739151872539	77.3381185720849
630	72139	Trujillo Alto	2	74.0555217860458	73.4949114268722	73.3708367891405	73.827542090685	75.9682251060955	76.7370173116727	77.9094190890099	79.132466438244	79.0854636510517
630	72141	Utuado	2	72.4102078842468	72.5293997457845	72.4530764176151	72.4563182828641	74.1442124404603	74.9138969885608	76.6027647139997	78.3439205350305	78.5327426447053
630	72143	Vega Alta	2	72.4423226145338	72.3363278372281	71.9419866937351	72.4673719439669	74.5592627763632	75.2508607792719	76.9028813970399	78.6856767100714	79.0913352540498
630	72145	Vega Baja	2	71.6914698845784	71.7366519926305	71.2000800770894	71.1684500300661	72.8744909184702	74.2597632539201	76.1076997572485	77.6413749782502	77.8000227617685
630	72147	Vieques	2	70.4604035973726	70.0038836916831	70.1802498153258	70.4762199328978	72.6299229891337	73.6561780521049	75.1634882377221	76.3884264455271	76.74505522067
630	72149	Villalba	2	71.6449527625295	71.3191937682356	72.0069158926695	72.7957968690155	74.436841614567	75.1948585130016	76.8203062648166	77.8324021330533	78.1586729822782
630	72151	Yabucoa	2	71.6954584848903	72.1325804964317	72.3743214374257	72.238930887529	74.5859274977997	75.8944652745947	76.7570483466344	78.3873482376834	78.0180752640568
630	72153	Yauco	2	71.028317969435	70.4350138678518	71.4892078663842	71.9485369597208	73.0732123514152	73.7711004916987	75.5299506372405	76.4689599477167	76.5832675992267
630	630	Puerto Rico	0	71.7734164004221	71.5534062058611	71.3506445365753	71.8942623164953	73.969732520156	74.9525348853578	76.2749864782918	77.7755982868823	77.8284244082787
