country_code	reg_code	name	include_code	1980	1985	1990	1995	2000	2005	2010	2015	2020
630	72001	Adjuntas	2	78.7830281850377	78.9237660814112	78.4592317399396	78.8168722091645	79.9003855967411	82.1405517356835	83.5471936137207	84.877034407422	86.185025530205
630	72003	Aguada	2	77.5745280211994	77.9623507989278	79.3158721700302	78.4628360508015	80.3184699021753	81.3675832940399	83.4346013817383	84.7202118944015	84.0118776169625
630	72005	Aguadilla	2	77.2813040686926	77.50276309537	77.8219537591332	77.9948059004122	79.9497314933554	80.7667839321416	81.5844323704925	83.4315006716252	83.2987080995743
630	72007	Aguas Buenas	2	78.7593586618005	78.7767988634055	80.7298487487376	79.1303607589393	81.352859523062	83.4318285949421	83.8375899951648	85.9347872312715	85.4320314059752
630	72009	Aibonito	2	78.2116228932778	79.1488161270837	78.9605658880723	79.5098575807865	80.6436665722396	81.2272568324203	82.8699695036372	84.3471092433339	85.5671747691514
630	72011	Añasco	2	76.7387893451751	77.0519564741805	77.503096529037	77.9055347776224	80.2706785161026	81.5938199045073	82.7773360791506	84.8571758818248	84.222027374744
630	72013	Arecibo	2	77.2889935188896	77.1139857989861	77.8257780610088	77.6870578317262	79.8625436469417	80.6576711676966	81.6729820502689	84.2680255018674	83.6834786308295
630	72015	Arroyo	2	77.4212412238118	76.632135864648	78.3457706451892	77.5477327687471	79.4743867059913	81.0072258021851	82.122208363366	83.4334067907065	83.0889237173555
630	72017	Barceloneta	2	77.3377783443014	78.5555853092653	79.5969436712173	78.4924227087447	80.2866197322464	82.3740916870229	82.7024720502464	84.9528188477263	84.4161077848957
630	72019	Barranquitas	2	77.6646089878553	78.047414189566	79.5877310188724	78.0144449838881	81.0549984053601	83.0008568339716	83.0384418428719	85.7886992561287	85.6869371746794
630	72021	Bayamón	2	78.0405262118546	79.2697316543185	79.8693574125803	79.6698221448255	81.5901938243474	82.6937427320454	84.0182465552597	85.2331679584148	85.5473227505337
630	72023	Cabo Rojo	2	77.5490349671448	78.8798720920871	80.0321217146466	79.7582493137843	81.7875353496087	82.3362570586095	83.6353865540513	84.4188782405686	84.6195144823827
630	72025	Caguas	2	78.288695027792	78.9945525006673	78.5684314765091	79.5151526543572	80.9225553044959	82.9765868101053	83.6941212263977	84.7014666411782	84.4902284469919
630	72027	Camuy	2	78.8317388220306	79.2344722436521	78.5364242860999	80.512328260957	80.807125244713	82.7374007489503	83.2010549200426	85.039141623063	85.356562423344
630	72029	Canóvanas	2	78.6127572252486	77.760877606589	78.1567746707641	77.2632207801864	79.7821187639234	81.6756746706435	81.9151357665818	83.262268085785	84.0926172151322
630	72031	Carolina	2	79.6930978953431	79.7734154863476	79.2200159020033	80.0254469589364	81.7387150907245	82.8087164485482	84.1578376009857	86.0868481045407	85.5329963608988
630	72033	Cataño	2	75.3039889753557	77.382446520396	77.2382067010726	77.4533505541038	79.2705577581791	81.6426713763305	83.0213899458752	85.259964647742	84.808079121218
630	72035	Cayey	2	77.0789435024304	78.074703171862	78.2299311838145	78.8460018135429	80.5270010097169	81.7670306510769	83.3248740734931	85.1304870841238	86.9298229478494
630	72037	Ceiba	2	77.8339952259406	78.2979418699083	78.6278609029224	78.4218755730104	80.7094379281931	82.1329711210726	82.2871467607274	85.4533937150294	83.9127924275158
630	72039	Ciales	2	78.8000400889044	79.1134085811571	79.3995581255375	79.6048777066518	81.1568600972728	82.2634369859827	83.4767757066058	85.7575573283655	84.3153932760291
630	72041	Cidra	2	79.8855760850754	79.2640982243563	79.3602823836841	80.6968823005411	82.575571933276	83.1613365271778	83.3182644347303	85.0309620067167	85.1473362064416
630	72043	Coamo	2	78.2334018512862	77.9891318035268	79.2351949828225	78.6069114555991	80.9370978544607	82.077824142863	82.3914730339838	84.4621155214876	85.0936259488604
630	72045	Comerío	2	79.3248000596867	79.0582131121883	78.4941486782916	78.4733112518344	80.3928421243737	81.6558320999699	82.9530409655547	84.4757923498504	83.6866404109056
630	72047	Corozal	2	78.3681937156342	78.2954615625637	78.8296772085076	80.2308450131123	82.09104957001	81.6171865745947	83.7442410517003	84.5930218218613	85.3224849047702
630	72049	Culebra	2	80.086044019713	80.5194402605801	80.4316316322315	81.396974684611	82.9192184248793	84.0997547388159	84.8083484548381	85.9947123499307	85.0964393199246
630	72051	Dorado	2	79.1016746850578	79.1684526564483	79.3450267973727	79.5408005680206	80.2194409444212	81.5207370882155	83.4868464825983	85.0650335631098	86.6126722497638
630	72053	Fajardo	2	76.8348905341412	77.1959184623825	77.8433771910787	78.5161891877704	79.7870290896596	80.2679583686321	81.2663780957378	83.6628845950364	83.383252627177
630	72054	Florida	2	78.314503472735	76.9775049326733	77.0534230419806	77.9147841309591	80.5549493109396	80.7756600459078	83.0440870483205	83.7503583896614	86.0292763212535
630	72055	Guánica	2	76.5864302333062	76.6734475920297	77.0544896269545	77.0027545680185	78.524966131267	79.7814184158846	81.0201978119198	81.5635736357489	81.9479074128882
630	72057	Guayama	2	76.745971814417	76.8096699766274	77.8011046702641	78.6639974643412	80.0070199020796	80.4663394861664	81.8566557903755	83.3419619436467	82.4919919234705
630	72059	Guayanilla	2	77.3731148814826	76.742988355116	77.8727602610434	78.6163676821455	79.7185173134686	79.6652358800642	80.8142191342983	84.2821813929768	84.4754837348425
630	72061	Guaynabo	2	79.3323490668886	80.4437111815668	80.3815567281971	81.3816820119587	82.379558442367	83.5037434521583	84.409474600673	86.3138772744858	86.7139203477819
630	72063	Gurabo	2	77.6248571029094	78.0282085500967	78.9421379542736	78.6872189653851	81.5589427671459	82.2570205087174	83.3513470011244	85.8737655755098	84.7492874752176
630	72065	Hatillo	2	78.8519880733776	79.229959345884	78.3264923243155	78.3792072210439	80.3256187674645	81.7000757355138	83.4477243176573	84.409567973223	85.1541668498459
630	72067	Hormigueros	2	80.080743693324	79.048908189485	80.6527886211571	80.2958872410606	81.9896138952419	83.6856955488867	83.3674356056628	86.2281653275297	86.0590613630329
630	72069	Humacao	2	76.1556654586957	77.9964791253959	78.6827011987017	78.3410815498111	79.9084100550132	81.5520161719714	83.0378660149287	84.4213881329416	84.2117011712026
630	72071	Isabela	2	77.7641244494427	78.2440645099329	78.3523880995547	79.2837583288993	79.7257922514193	80.5450170754258	82.5333397370377	84.1286228420263	84.8567680169835
630	72073	Jayuya	2	77.236807218178	77.1284830208704	78.1237760372162	78.4927770927262	81.5889501758814	82.2938268989296	83.0786136154692	85.7358242235186	85.4831297267997
630	72075	Juana Díaz	2	76.4366960975037	77.7177290259959	77.9141300246365	78.2033637612363	79.9229059989296	81.400054917114	82.6472908770253	85.809406584355	85.29418139696
630	72077	Juncos	2	77.0419431098246	77.4182429343332	78.3183684783557	78.6142767812844	80.3181113047816	80.3079236750419	82.4113646938221	83.4190047763626	84.4541820151901
630	72079	Lajas	2	77.7543479176334	77.7542021077866	79.2275087990816	79.6034931045553	80.8846181728661	81.5958379732006	83.2974781349692	84.6179364663121	85.4678357033347
630	72081	Lares	2	79.6775264007683	79.5000251196397	78.6762046948161	80.6507614676713	81.6123954214708	82.0538568912316	82.3997576067836	84.406993765565	84.5761741827294
630	72083	Las Marías	2	81.0868666516629	79.6841591753883	80.5433931827063	80.957865662603	82.488164057232	83.4169897832899	84.8521365063734	85.9679618073808	87.3632004205707
630	72085	Las Piedras	2	77.9907782803267	78.9831806386493	78.7824539261424	79.6905585479075	80.3887339327012	82.3344569253724	82.5440052206201	85.0816934985913	84.8041677062278
630	72087	Loíza	2	77.4518635798549	78.6525104580342	77.7940844957105	79.4795055733576	82.0602814569367	81.2446555215274	82.7899474569064	84.5143982272607	85.0598355785309
630	72089	Luquillo	2	80.052258824097	76.6153523158549	78.2188525895169	77.8105018781471	80.5112081268729	80.2541387469685	82.9035385648777	85.2549625933058	84.5671834137497
630	72091	Manatí	2	76.9341387462557	77.8940897155214	77.9474552986101	78.2407679688874	79.7633929007152	81.2083738805242	82.0585437378819	84.1054712141902	84.5217972684538
630	72093	Maricao	2	78.725760645215	79.3300187087597	79.6088887930165	80.1593919962395	81.4375220923283	82.8360309903275	85.3573034444207	86.802444670786	84.4586115950162
630	72095	Maunabo	2	78.3724402714135	79.3117571300475	80.0103346099914	79.6564237709849	81.2588573449134	82.865495895033	84.7591400603714	85.3921546385063	83.1270773500155
630	72097	Mayagüez	2	77.3119241950369	77.8127109265589	78.4221255042512	79.3834271026527	81.0416065299022	81.335993761449	82.7237149333328	84.920278365024	84.840896832648
630	72099	Moca	2	78.1298869917418	78.8379667533562	79.1880685393812	79.5766013301956	81.3738733234532	81.8604614304384	82.5336401560062	85.1332160245073	84.9580462057365
630	72101	Morovis	2	79.3963563678302	79.073382497416	79.2753051859968	80.6283767596824	81.9440777549617	82.6954974737554	83.199491714326	86.1979146056245	85.628590037283
630	72103	Naguabo	2	76.6999335610381	77.1970028527738	77.7709253866627	77.2379473750102	79.9932326152796	80.8258484844036	82.415268928095	84.2546034662531	83.7267364777181
630	72105	Naranjito	2	80.5423227454946	80.4910909949296	80.5432530073603	80.9838461657375	81.8838090822037	81.9424856810486	83.502244241261	86.6596700146501	85.1662175893766
630	72107	Orocovis	2	79.2584389822407	81.1135828019511	80.2568092252458	79.9844378342514	82.3289520116136	81.5337387422394	83.291514205805	85.2093203312729	84.7739329632044
630	72109	Patillas	2	77.6094123102238	78.5851417456995	78.3177454302317	78.2918924564186	80.6337717333567	81.5723961666636	83.1055993287288	85.5246396946718	85.4323992951102
630	72111	Peñuelas	2	77.5254578536479	78.0342753812319	78.1206753220577	78.4150922900791	80.6436515329267	82.8112196189545	82.3188735919641	83.463581230118	83.3573419641975
630	72113	Ponce	2	77.5742987023258	77.2390536058264	77.7427410340121	78.5533531629666	79.9541700153973	81.4171423679038	81.7852421326443	84.4371147535288	83.8555946268924
630	72115	Quebradillas	2	78.5236793683272	77.5424082889605	78.5981961353538	78.6906196162634	79.7845561325938	82.2322976178237	82.899435697023	83.5622503492176	83.9648138179647
630	72117	Rincón	2	78.4809045286629	78.7475739208204	79.33524955649	80.2413213042161	82.2318372730659	81.209343503513	83.9010894225965	86.2107473499827	85.6605043692489
630	72119	Río Grande	2	77.5826931571458	78.3229217052853	78.9059781760337	78.528598578134	80.7908937309772	81.8476790001445	81.9459376612441	84.3472231543323	85.1608231564937
630	72121	Sabana Grande	2	77.228118683821	78.7789512433828	77.6346051485614	77.7752635180766	80.5105683747951	81.1260330732232	82.9451753605621	83.1240732933443	84.4825683672704
630	72123	Salinas	2	76.9591803415973	76.7319119001237	77.6070155478611	78.7806536828474	80.1836932865868	80.7548839616767	83.1930626064185	84.6830114643653	84.9567365668145
630	72125	San Germán	2	77.4146926643818	78.1115239490873	79.0298132914016	78.9325003991235	81.0559359443854	81.6462060884703	82.4858779049138	84.2286200212756	83.7793760636341
630	72127	San Juan	2	78.2911194315318	78.6352662054988	78.5876271004795	79.5510214552439	81.7963117040955	82.4032180694202	84.0310862952742	85.1062378437491	85.3837555238646
630	72129	San Lorenzo	2	78.350996641547	78.7490920908733	79.0576991671635	78.5642977780262	80.9864998001928	81.6959236125442	83.2832434004233	85.4018331652103	84.319280178315
630	72131	San Sebastián	2	77.6792379674353	78.3652852786852	78.6879533036736	79.3906553295379	80.2446683391363	81.0585397902205	82.9257637116629	83.9964108387678	84.2558142270462
630	72133	Santa Isabel	2	77.1193246307429	76.5933181718515	76.8472434533165	77.470922619462	79.1400437974477	81.2831887478766	81.3315376820854	83.7544816886681	83.0071569796423
630	72135	Toa Alta	2	78.7371148685432	80.7882442674	79.8157672225195	80.6947440791139	81.5848826770243	83.3785738129481	84.3058232951897	84.3749030087101	85.3996528872273
630	72137	Toa Baja	2	78.6280580985927	78.9293549737198	78.3456465973045	79.8562299836283	80.9867760763906	81.2171570683779	82.9627675911666	85.0781255673258	84.745295728955
630	72139	Trujillo Alto	2	80.0736754868872	80.5806392787986	79.8353557592726	80.8137671783369	83.2081811048603	83.5035399266682	84.9828332049198	86.2224249343107	85.8129004465753
630	72141	Utuado	2	78.2092630678778	78.4833251674241	78.850243510054	79.3954360037393	81.0293853366151	82.1254851292094	83.5294384477096	85.1449821313678	85.4176331207532
630	72143	Vega Alta	2	78.5017721384437	78.3127612871161	79.4516100072056	79.3958861909775	81.6786139857906	82.3597976744029	84.1426414484522	84.7111229610454	85.8582731054084
630	72145	Vega Baja	2	77.2003729241343	78.2922301507939	79.4564616703913	78.4631726607955	80.3396628881155	81.269985493579	82.4557094551585	85.1244399526504	84.3645354448951
630	72147	Vieques	2	77.2616005410275	77.0014815257942	76.6205250358245	77.9751736396332	79.7787296870017	81.2087125755651	82.0976503308075	83.9849940496498	82.6032783840564
630	72149	Villalba	2	78.130100184337	78.3685328470562	78.9416260405374	79.6288572695574	80.8556024810687	82.1775305939896	82.6469004269992	84.1774781830287	85.3791792643495
630	72151	Yabucoa	2	77.718512546886	78.4449804298677	78.5519493201878	79.0877481931533	81.4860918134064	82.758316682752	82.4200054472541	85.6222505520042	84.8406698916112
630	72153	Yauco	2	77.4333800639429	77.3923698942591	78.1890717539734	78.7649077847489	79.3079012937732	80.604765482568	81.8580537334209	83.1865266331816	83.2980567951099
630	630	Puerto Rico	0	78.062875833963	78.4865766018139	78.7737226675794	79.2577415677457	80.9847150054913	81.9759051497293	83.1480836699788	84.8508015333341	84.8398323820569
