country_code	reg_code	name	include_code	1980	1985	1990	1995	2000	2005	2010	2015	2020
630	72001	Adjuntas	2	78.7864319098479	78.92690620044	78.4608891117675	78.8182121628524	79.9030211489387	82.1464230575202	83.5484513941043	84.8852127152696	86.1858579588099
630	72003	Aguada	2	77.5759695460273	77.9632840356966	79.3165612216293	78.463610773406	80.3147230321231	81.3678368851926	83.4355239401946	84.7209354168737	84.0127014730717
630	72005	Aguadilla	2	77.2825156421973	77.5038329765769	77.8227380054404	77.9956522542085	79.9504365314377	80.7676355009259	81.5852847464711	83.4323944823394	83.3015828552363
630	72007	Aguas Buenas	2	78.7609838422049	78.7780053314095	80.7305350443723	79.1311750516675	81.353861315571	83.4342498288865	83.8370392140444	85.9359491786696	85.4353522961485
630	72009	Aibonito	2	78.212653776541	79.1506626511861	78.9591687290614	79.5078298988362	80.6433752596471	81.228162807094	82.8749822866633	84.3473828467547	85.5655667046232
630	72011	Añasco	2	76.7391517909423	77.0503907910706	77.5047713635431	77.9054277085505	80.2704078278392	81.5982974651722	82.7763270867413	84.8605230281426	84.222256044002
630	72013	Arecibo	2	77.2896365616556	77.1146156896902	77.8260534208362	77.687539983098	79.8628763128822	80.6549742140377	81.6734950466155	84.2717678110781	83.6839014113947
630	72015	Arroyo	2	77.4224642692094	76.6313649120247	78.3474812105905	77.5475463442209	79.4733276107251	81.008725053645	82.1185990946723	83.4342397513163	83.0895115047398
630	72017	Barceloneta	2	77.3390592912677	78.555130382298	79.5942712337948	78.4940114216519	80.2867189308318	82.3747755918308	82.7032670369729	84.9440544383198	84.4166715328789
630	72019	Barranquitas	2	77.6659510852009	78.0449554957043	79.593629943712	78.0136364430965	81.053999410021	82.9982282141415	83.038820679944	85.7858197456955	85.6893716364357
630	72021	Bayamón	2	78.0395295883939	79.2700373032777	79.8697920113369	79.6701831956557	81.5905683873858	82.694096954875	84.0185878486751	85.2336303116295	85.5477823824199
630	72023	Cabo Rojo	2	77.5501660832434	78.8809381376499	80.0329576221274	79.7590415268713	81.7883564533105	82.3383782768895	83.6414288182422	84.4196600101746	84.6201309312363
630	72025	Caguas	2	78.289227995664	78.995075852261	78.5691195919345	79.5157532693646	80.9230491085466	82.9769546171647	83.6958199955134	84.696157110057	84.4907616013925
630	72027	Camuy	2	78.8332429868366	79.2358562707507	78.5362629299935	80.5110743197915	80.8062495982648	82.738143314219	83.2017392650882	85.0399864639611	85.358117697021
630	72029	Canóvanas	2	78.6141266957189	77.7595921405792	78.1561537260613	77.2622631169871	79.7810568586678	81.6759059171925	81.9118660116219	83.2653306512229	84.0926992122051
630	72031	Carolina	2	79.6919394187526	79.7715162517381	79.2205416971288	80.0259209280216	81.7391302778476	82.8133447109198	84.1583719283916	86.0872615938869	85.5333962854862
630	72033	Cataño	2	75.3048871916261	77.3836490202596	77.2373942073726	77.4490581372966	79.2697015727821	81.6404369372963	83.0206737181043	85.2513604521853	84.80731970696
630	72035	Cayey	2	77.080340103178	78.0763157771943	78.230193485533	78.8473834766236	80.5282164540255	81.7693917146942	83.3202196705256	85.133017116469	86.9277224478391
630	72037	Ceiba	2	77.8333262098094	78.2990768391991	78.6272350180797	78.4236231454367	80.7100781741693	82.133469264802	82.2883032491837	85.454274305247	83.9138655583163
630	72039	Ciales	2	78.8015368818171	79.1144064538616	79.4006985901691	79.606170175852	81.1607739742506	82.2652546087908	83.4730811256142	85.7586719466028	84.3139438272766
630	72041	Cidra	2	79.8874096161862	79.2636034877389	79.3613155817094	80.6979195142973	82.5773127820696	83.1548732826622	83.3150352993483	85.0347205470277	85.1437439284105
630	72043	Coamo	2	78.2335788422669	77.9899640546978	79.2358247837361	78.6096454523711	80.9380166026377	82.0774975346263	82.3921518572559	84.4659688693378	85.0940524634037
630	72045	Comerío	2	79.3262822936544	79.0610214174095	78.4958023990877	78.4766627031814	80.3909199536761	81.6530302895316	82.9577206896525	84.4730095624507	83.6851048611836
630	72047	Corozal	2	78.367554264757	78.2956196898998	78.8293050879203	80.2303284468822	82.0933198184963	81.621137351897	83.7498827344396	84.5934465797077	85.3229734984913
630	72049	Culebra	2	80.0997729393403	80.5286980661452	80.4412471096066	81.411445274867	82.9272240287745	84.1113434181185	84.8148750957523	86.0015252921028	85.1072130737223
630	72051	Dorado	2	79.0989177890126	79.1688954611935	79.3455926715277	79.5413486840501	80.2200572476108	81.5166799424915	83.487254068838	85.0653937800868	86.6130853988369
630	72053	Fajardo	2	76.828604670661	77.195451769624	77.8485162270476	78.5163462545338	79.784866723098	80.2683366021021	81.2672603189588	83.6693570113615	83.379421126348
630	72054	Florida	2	78.3226336559688	76.9819213812982	77.0549093374825	77.9139744733738	80.5587841178286	80.7799695573641	83.0438793439402	83.7603349954265	86.0360065521023
630	72055	Guánica	2	76.5858823941222	76.6711591683201	77.0538992593606	77.0030765351494	78.5239861291041	79.778262517159	81.0164133231464	81.5551271981325	81.9518931133608
630	72057	Guayama	2	76.7462141564525	76.809506511826	77.8018175179007	78.6651757029237	80.0065657451819	80.4674333915849	81.8567674468048	83.3422183527371	82.4923914420038
630	72059	Guayanilla	2	77.3738352395357	76.7437841319452	77.870036103397	78.6163533041054	79.7192910325603	79.6653170099047	80.8080141051189	84.2807773017834	84.4765455286479
630	72061	Guaynabo	2	79.3329369833924	80.444370817074	80.3822674412891	81.3824507482893	82.3802334621787	83.5044473819113	84.4103517303161	86.3144011636422	86.7069857489751
630	72063	Gurabo	2	77.6272932071201	78.030405125638	78.9440905494	78.6887528685065	81.5608158574761	82.2572998884212	83.3531482505716	85.8754529225802	84.7504626612115
630	72065	Hatillo	2	78.8535356217642	79.230908967322	78.3272999976113	78.3839836358133	80.333792245013	81.7008412806115	83.4483625214716	84.4105074820555	85.1549048425475
630	72067	Hormigueros	2	80.0826146033188	79.0469268743347	80.654015373733	80.2955985946317	81.991140738392	83.6872360091799	83.3744737320472	86.2294071850887	86.0624924334281
630	72069	Humacao	2	76.1573320718029	77.9966502907713	78.6844599646388	78.3410862058126	79.9085760915643	81.5525539307764	83.0382043380677	84.4219315881519	84.2117965902295
630	72071	Isabela	2	77.7622707185553	78.2446672564698	78.3527350122409	79.2815533254781	79.726400938795	80.5454001713203	82.5382686574315	84.1291502253262	84.8570484629008
630	72073	Jayuya	2	77.2409569763076	77.1326973981619	78.1239389980328	78.4938590618267	81.5912225772006	82.2972656708469	83.0809543367081	85.7435281535879	85.4902963211574
630	72075	Juana Díaz	2	76.4401120223843	77.7180913274955	77.9145140121652	78.2049480731368	79.923477962937	81.4005196663943	82.6481549965911	85.8096679890473	85.2913256588212
630	72077	Juncos	2	77.0441399143705	77.4173020538204	78.3182746807907	78.613877312095	80.3182263735892	80.3073184809292	82.4145061678414	83.4187426750488	84.4517903073366
630	72079	Lajas	2	77.7565520545238	77.7544438546641	79.2249562473441	79.5992094094691	80.8819529292138	81.5964171490508	83.2983269616568	84.6187058059454	85.468433975452
630	72081	Lares	2	79.6810237124043	79.5033858521086	78.6772730671364	80.650960720077	81.6148554853268	82.0528665182906	82.3930901890377	84.4098596102418	84.5769839442462
630	72083	Las Marías	2	81.0979613515373	79.6900618844348	80.549266891987	80.9633802165709	82.4924126412048	83.4184270386908	84.8598008256387	85.9746644059796	87.3710245882445
630	72085	Las Piedras	2	77.9907133224948	78.9858998514377	78.784813041657	79.6946614839851	80.3885634541483	82.335270324604	82.545307463694	85.0860625343655	84.8053789808565
630	72087	Loíza	2	77.4514971969166	78.6557502696499	77.7936290995547	79.4798003620757	82.0642468569723	81.2370871354491	82.7905572041803	84.5183379875422	85.0290985460663
630	72089	Luquillo	2	80.0521950944399	76.6138982550359	78.2194347955378	77.810606815812	80.5117493410206	80.2524354456195	82.906148305705	85.2548544639608	84.5709326392943
630	72091	Manatí	2	76.9337464663675	77.8941815184612	77.947738365705	78.2395398796423	79.7582166060987	81.2080207821055	82.0587120223783	84.1056731335382	84.5219206546988
630	72093	Maricao	2	78.7330599961562	79.3337091610145	79.6115973680906	80.1677454474462	81.4442597366564	82.842910190871	85.3647293484185	86.8074918029551	84.468086825859
630	72095	Maunabo	2	78.3727797619979	79.312144741305	80.0105878535902	79.6565376843158	81.2579768572834	82.8623552182268	84.7580109301729	85.3927527642431	83.1263272323868
630	72097	Mayagüez	2	77.3121750476594	77.8097869169735	78.4236209943082	79.3809071428236	81.0416196480944	81.3361073633604	82.7238991302289	84.9204735243353	84.8411269459663
630	72099	Moca	2	78.1318499846459	78.839362016214	79.1890991478787	79.5745953929956	81.3739953223297	81.8614961735736	82.5348172962017	85.1345128292954	84.9592513449894
630	72101	Morovis	2	79.3994936845912	79.0720497329062	79.2763047908293	80.6297763325422	81.9455652866536	82.6965693356634	83.2000758858855	86.2034702656217	85.6139660098437
630	72103	Naguabo	2	76.7015391912875	77.1984741141278	77.7721479499613	77.2392876447798	79.9919718211595	80.8272343116261	82.4165204367053	84.2368349594452	83.7277161692325
630	72105	Naranjito	2	80.544074384243	80.4918245166912	80.5418270205052	80.9849366396201	81.885503442995	81.9410832624249	83.502971220527	86.6635634651586	85.1723429791328
630	72107	Orocovis	2	79.2647464349543	81.1157105659029	80.259982722549	79.9855875826708	82.3303876672927	81.535034274427	83.2926494408162	85.2111897658338	84.7773610321483
630	72109	Patillas	2	77.610799203932	78.5898304849351	78.3190406088341	78.2945249682544	80.6320871903432	81.5734649641291	83.1064543899534	85.5256727403424	85.428579565452
630	72111	Peñuelas	2	77.524034915851	78.0338202670789	78.1164728973887	78.4152958726206	80.642157018738	82.8120106973378	82.3198532279091	83.4634243867575	83.349686128761
630	72113	Ponce	2	77.5744213257006	77.239495674831	77.743190280205	78.5537200748962	79.9523559321574	81.4175641381569	81.7854922204471	84.4375554059893	83.8600393156932
630	72115	Quebradillas	2	78.5246130155846	77.5433969984259	78.598913128149	78.690558100708	79.7841711244792	82.2363825887923	82.9000381876493	83.5635545506772	83.9669048507955
630	72117	Rincón	2	78.483640895823	78.7495958802911	79.3396629685444	80.243107424044	82.2368678162268	81.210650640834	83.9024057375799	86.2126718155493	85.6636480403686
630	72119	Río Grande	2	77.581486077517	78.3202932243212	78.9064236018583	78.5293623697391	80.7868266312968	81.8483098922628	81.9433027427343	84.3477785268872	85.1614592328266
630	72121	Sabana Grande	2	77.2279622900487	78.778237678157	77.634386959282	77.7756572325664	80.51092478111	81.1270323588114	82.9435916218525	83.1229065515099	84.4830382589756
630	72123	Salinas	2	76.9620882535922	76.7342672452291	77.6076454273759	78.7824303348082	80.1853569610329	80.7551017185874	83.1984934846328	84.68445074184	84.9633484971165
630	72125	San Germán	2	77.4145563613064	78.111855896864	79.0290898450649	78.9303996326855	81.056340203883	81.6437623576761	82.4846288476454	84.2291958182457	83.780023688226
630	72127	San Juan	2	78.2911875408038	78.6353860076826	78.5878408881527	79.5511193729337	81.7963092938876	82.4031805092639	84.0310905123779	85.1062233310724	85.3837180149879
630	72129	San Lorenzo	2	78.3526383906051	78.7493903869795	79.0583196380072	78.5685572005828	80.987222970144	81.6966220040788	83.283873999536	85.3999013380298	84.3197991680963
630	72131	San Sebastián	2	77.6800311952416	78.3663259708823	78.6880060435032	79.3897898026295	80.2458233155362	81.0605712626423	82.9265341287978	84.0004615931949	84.2564091891549
630	72133	Santa Isabel	2	77.1214428907028	76.5952362880614	76.8477263695133	77.4725831281312	79.139367933374	81.2849991131719	81.3314380680953	83.7661895322681	83.0108451261014
630	72135	Toa Alta	2	78.7355889095042	80.7880385999952	79.8150594559577	80.6941378622999	81.5853089598147	83.3789824434075	84.3067887825248	84.3757596732987	85.4005694873228
630	72137	Toa Baja	2	78.6295980133089	78.928937991362	78.3444072653356	79.8565794080389	80.9871937586849	81.2175464766109	82.9631854002184	85.0755798824906	84.7458253078972
630	72139	Trujillo Alto	2	80.0721439212103	80.581677068337	79.8340790008434	80.8070978155349	83.2090163367328	83.5043680180715	84.9836752023663	86.2231834967084	85.8125782297716
630	72141	Utuado	2	78.2106689462189	78.4836781320892	78.8513433732371	79.3969893307522	81.030392121135	82.1267196545187	83.5257690254291	85.1460745848186	85.4184407171115
630	72143	Vega Alta	2	78.5016557161247	78.3143818885774	79.4544461517257	79.3994886070838	81.6800467208897	82.3561799484326	84.1440282270147	84.7263850259407	85.8617862202565
630	72145	Vega Baja	2	77.2006422412512	78.2926452221282	79.4568743046537	78.4636735795504	80.3402391922809	81.2705029145301	82.4559944436301	85.1247628503287	84.3649786138359
630	72147	Vieques	2	77.2619809767547	77.0001785648313	76.6194773455646	77.9817923561049	79.7831365131235	81.2087641051081	82.0975372809809	83.9906342300667	82.6003430423391
630	72149	Villalba	2	78.1316590023597	78.3660663731687	78.9419790934275	79.6302896087793	80.8562689154351	82.178481962353	82.6483030225841	84.1779766549583	85.3799929707055
630	72151	Yabucoa	2	77.7196890276625	78.4457362797836	78.5483281728121	79.0885604362722	81.4866124187038	82.7590176815341	82.4199176565542	85.6229375118087	84.8407131477445
630	72153	Yauco	2	77.434790863622	77.3937619696518	78.191543096747	78.7655725971061	79.3089764720278	80.606137786511	81.8614615229167	83.1872681000045	83.2993285307963
630	630	Puerto Rico	0	78.0635952194435	78.4844362889742	78.773077659954	79.2583067892009	80.9853198218684	81.9765213079171	83.148720226863	84.8514238243949	84.8404001028192
