region,period,sex,Age,AgeInt,nMx,nAx,nqx,lx,ndx,nLx,Sx,Tx,ex
Adjuntas,1980-1984,1,0,1,0.018537199261381216,0.11229994573387686,0.01823709917217995,100000,1823.7099172180024,98381.09260751991,0.9812662584883619,7228046.692709966,72.28046692709965
Adjuntas,1980-1984,1,1,4,4.8093667407031124e-4,1.5980516201942219,0.0019215269770152632,98176.290082782,188.64838989733835,392252.0366366611,0.9980757274912845,7129665.600102445,72.6210533530115
Adjuntas,1980-1984,1,5,5,2.0355046068557485e-4,2.5,0.001017234656970245,97987.64169288466,99.67642508479184,489689.0174017113,0.9988190471155943,6737413.563465784,68.75778870750207
Adjuntas,1980-1984,1,10,5,2.69148544827057e-4,2.5,0.001344837821278721,97887.96526779987,131.64343794014712,489110.717744149,0.9968389344766686,6247724.546064073,63.82525705761355
Adjuntas,1980-1984,1,15,5,9.984337791019875e-4,2.5,0.004979739046322534,97756.32182985972,486.8009728410252,487564.60671719606,0.9940090503903506,5758613.828319924,58.907840644234966
Adjuntas,1980-1984,1,20,5,0.00140637156594175,2.5,0.00700722093899656,97269.5208570187,681.5890232754609,484643.63172690483,0.9919396727441873,5271049.221602728,54.19014276168693
Adjuntas,1980-1984,1,25,5,0.0018325301289286548,2.5,0.00912086499488075,96587.93183374323,880.9654863903124,480737.2454527404,0.989848031566634,4786405.589875823,49.55490296773991
Adjuntas,1980-1984,1,30,5,0.0022511104466117894,2.5,0.011192562994356555,95706.96634735292,1071.2062498415034,475856.81611216086,0.9873986213996204,4305668.344423083,44.98803492314611
Adjuntas,1980-1984,1,35,5,0.002825040397145837,2.5,0.014026140948738568,94635.76009751142,1327.3745099187217,469860.3642127603,0.9840516626849989,3829811.528310922,40.468967802073294
Adjuntas,1980-1984,1,40,5,0.0036118983013114156,2.5,0.0178978782167368,93308.3855875927,1670.0221218470397,462366.8726333459,0.9774910764969534,3359951.1640981613,36.00910189303433
Adjuntas,1980-1984,1,45,5,0.005515826414732526,2.5,0.027204000709414162,91638.36346574566,2492.930104731713,451959.492066899,0.9685866002677471,2897584.2914648154,31.619773442897962
Adjuntas,1980-1984,1,50,5,0.007278165397105327,2.5,0.035740513562807635,89145.43336101394,3186.103570101681,437761.90787981555,0.9559430908198029,2445624.7993979165,27.43410074068319
Adjuntas,1980-1984,1,55,5,0.010821353670857256,2.5,0.05268155403395672,85959.32979091226,4528.471077102644,418475.4712618047,0.9332509709386564,2007862.891518101,23.358289279384017
Adjuntas,1980-1984,1,60,5,0.017013920636707154,2.5,0.08159881382726926,81430.85871380962,6644.661479982824,390542.63986909104,0.8986571827230395,1589387.4202562964,19.518244623235894
Adjuntas,1980-1984,1,65,5,0.026175950881290284,2.5,0.12284105110652524,74786.1972338268,9186.815076463186,350963.94847797597,0.8466994555222418,1198844.7803872053,16.03029468979273
Adjuntas,1980-1984,1,70,5,0.041507369209463144,2.5,0.18802571419717756,65599.38215736361,12334.370681031869,297160.98408423836,0.7816367262283046,847880.8319092293,12.92513441476146
Adjuntas,1980-1984,1,75,5,0.05864353447208217,2.5,0.2557259835335227,53265.01147633174,13621.247447709313,232271.9387623854,0.6984607201961918,550719.847824991,10.339242075817497
Adjuntas,1980-1984,1,80,5,0.08872678972130843,2.5,0.36309362035137877,39643.76402862243,14394.39780550828,162232.82562934145,0.4905514496644186,318447.9090626056,8.032736468532331
Adjuntas,1980-1984,1,85,NA,0.19029709876648557,6.186891268987948,1,25249.366223114146,25249.366223114146,156215.0834332641,0,156215.0834332641,6.186891268987948
Adjuntas,1980-1984,2,0,1,0.011120300251630164,0.12617478050183206,0.011013282000895958,100000,1101.3282000895852,99037.63164381719,0.9887141892145461,7886225.531799047,78.86225531799047
Adjuntas,1980-1984,2,1,4,2.7916193659545017e-4,1.5060813901845422,0.001115870869105561,98898.67179991041,110.35814685474907,395319.4629634559,0.9988409561583252,7787187.90015523,78.7390544122786
Adjuntas,1980-1984,2,5,5,1.2754983397250132e-4,2.5,6.37545872686979e-4,98788.31365305567,62.98208163923118,493784.1130611803,0.9993110084505723,7391868.437191774,74.82533271245018
Adjuntas,1980-1984,2,10,5,1.4814885911056466e-4,2.5,7.404700460714957e-4,98725.33157141643,73.10315081709996,493443.89998003945,0.998267278348606,6898084.324130594,69.8714728462636
Adjuntas,1980-1984,2,15,5,5.458856693655585e-4,2.5,0.002725708533759176,98652.22842059933,268.8972208803898,492588.8990507957,0.9964902147887331,6404640.424150554,64.92139637074044
Adjuntas,1980-1984,2,20,5,8.61050517513724e-4,2.5,0.004296004894474547,98383.33119971894,422.65527236869093,490860.017817673,0.9950785761584414,5912051.525099759,60.092003929997524
Adjuntas,1980-1984,2,25,5,0.0011129965468509506,2.5,0.005549541183819258,97960.67592735025,543.6368054536142,488444.2876231172,0.9939491789769289,5421191.507282086,55.34048694501208
Adjuntas,1980-1984,2,30,5,0.0013152904494806226,2.5,0.006554898259707338,97417.03912189664,638.5587802059599,485488.7986589683,0.9927345074040097,4932747.219658969,50.63536383493126
Adjuntas,1980-1984,2,35,5,0.0016025499033731387,2.5,0.007980775539192754,96778.48034169068,772.3673286312114,481961.48338687536,0.9908618490962734,4447258.421,45.95296811128155
Adjuntas,1980-1984,2,40,5,0.002071641430124427,2.5,0.0103048373307594,96006.11301305947,989.3273773580731,477557.24662190216,0.9881486076833926,3965296.937613125,41.302546402162285
Adjuntas,1980-1984,2,45,5,0.0027009252209295887,2.5,0.013414050238140419,95016.7856357014,1274.5599359839252,471897.52833854716,0.9832130815648855,3487739.690991223,36.706563663007636
Adjuntas,1980-1984,2,50,5,0.004082372609127347,2.5,0.020205645610165055,93742.22569971747,1894.1221911965986,463975.8230205958,0.9730225296262038,3015842.1626526755,32.17165093042766
Adjuntas,1980-1984,2,55,5,0.00689461480708809,2.5,0.03388894596384314,91848.10350852087,3112.6354166817327,451458.9290009,0.9590241029832071,2551866.33963208,27.783549601493295
Adjuntas,1980-1984,2,60,5,0.00990146542729322,2.5,0.048311441955796106,88735.46809183914,4286.938416139281,432959.9944188475,0.942421084585049,2100407.41063118,23.670438166363276
Adjuntas,1980-1984,2,65,5,0.013932307917822526,2.5,0.0673168421566576,84448.52967569986,5684.808342540899,408030.627522147,0.9133204704604597,1667447.4162123322,19.74513259870458
Adjuntas,1980-1984,2,70,5,0.02270780582366401,2.5,0.107439727919937,78763.72133315896,8462.352789996352,372662.7246908039,0.8622039283905861,1259416.7886901852,15.989808091507477
Adjuntas,1980-1984,2,75,5,0.03759043742772094,2.5,0.17180648484317002,70301.3685431626,12078.231009064963,321311.2651931506,0.7845494465841121,886754.0639993814,12.613610266419565
Adjuntas,1980-1984,2,80,5,0.061933360797323526,2.5,0.26814846492326505,58223.137534097645,15612.444952784419,252084.57528852718,0.5541820042261906,565442.7988062308,9.711651119369622
Adjuntas,1980-1984,2,85,NA,0.1399473411130058,7.353980997134174,1,42610.692581313226,42610.692581313226,313358.2235177036,0,313358.2235177036,7.353980997134174
Adjuntas,1985-1989,1,0,1,0.013624277592135213,0.12210343527877379,0.013463247638660449,100000,1346.3247638660541,98818.06611480287,0.9858931978201466,7159938.020211176,71.59938020211176
Adjuntas,1985-1989,1,1,4,5.16646468862226e-4,1.6124352348647162,0.0020640398267893884,98653.67523613395,203.62511474652274,394128.5327952704,0.9980167139282655,7061119.954096373,71.57482919105777
Adjuntas,1985-1989,1,5,5,2.2871835596308224e-4,2.5,0.0011429382524202592,98450.05012138742,112.5223282364168,491968.94478634605,0.9987040489497501,6666991.421301102,67.71953303305385
Adjuntas,1985-1989,1,10,5,2.900379391087149e-4,2.5,0.0014491389323700074,98337.527793151,142.50474003807176,491331.3771156598,0.9971431947897658,6175022.476514757,62.7941602264363
Adjuntas,1985-1989,1,15,5,8.551270764724328e-4,2.5,0.0042665143524997125,98195.02305311293,418.95047520015214,489927.73907756427,0.9938592312323757,5683691.099399096,57.88166164312453
Adjuntas,1985-1989,1,20,5,0.001611073661399553,2.5,0.008023053979621376,97776.07257791278,784.4627082079678,486919.206119044,0.9903175304339834,5193763.360321532,53.11896073738169
Adjuntas,1985-1989,1,25,5,0.0022840292083044383,2.5,0.011355306412732372,96991.60986970481,1101.3694495347008,482204.62572468736,0.9880295446526559,4706844.154202488,48.528364056700376
Adjuntas,1985-1989,1,30,5,0.002534491953389397,2.5,0.012592669716774845,95890.24042017011,1207.5141266733408,476432.41678416723,0.9847085377512788,4224639.528477801,44.05703343704586
Adjuntas,1985-1989,1,35,5,0.003637718988686008,2.5,0.018024673203487076,94682.72629349677,1706.6251994554914,469147.0684688451,0.9805202212474899,3748207.1116936337,39.58702139685935
Adjuntas,1985-1989,1,40,5,0.004236722937781695,2.5,0.020961593528620568,92976.10109404128,1948.9272390092374,460008.1873726833,0.9758774811431028,3279060.0432247887,35.26777316579625
Adjuntas,1985-1989,1,45,5,0.005546069777773202,2.5,0.02735112082734412,91027.17385503204,2489.6952306806343,448911.63119845866,0.9660551515889785,2819051.855852105,30.96934394933174
Adjuntas,1985-1989,1,50,5,0.00831409011527398,2.5,0.0407239932030108,88537.47862435141,3605.59967770979,433673.3939274826,0.9499617479617452,2370140.224653647,26.769908760443986
Adjuntas,1985-1989,1,55,5,0.012317559865051701,2.5,0.05974792763656799,84931.87894664162,5074.503757341707,411973.1353398538,0.9158917125769149,1936466.8307261642,22.800235373842934
Adjuntas,1985-1989,1,60,5,0.02328414463340981,2.5,0.11001661616016974,79857.37518929991,8785.638193759863,377322.7804620999,0.8756576735097615,1524493.6953863103,19.09020540397848
Adjuntas,1985-1989,1,65,5,0.030209049452691986,2.5,0.14043893075296146,71071.73699554005,9981.238750409342,330405.5881016769,0.8427208792528672,1147170.9149242104,16.141028254258067
Adjuntas,1985-1989,1,70,5,0.03880596725591319,2.5,0.17687073627821204,61090.49824513071,10805.121404219084,278439.6877151058,0.7833938054337749,816765.3268225335,13.369760442044434
Adjuntas,1985-1989,1,75,5,0.06106317185401935,2.5,0.26487984979790585,50285.376840911624,13319.583064651772,218127.92654292868,0.700492231007224,538325.6391074277,10.705411253266217
Adjuntas,1985-1989,1,80,5,0.08385522799964543,2.5,0.34661288396663503,36965.79377625985,12812.820388905315,152796.91790903598,0.522804467635735,320197.71256449894,8.662000185970202
Adjuntas,1985-1989,1,85,NA,0.1694668537316026,6.930856585264441,1,24152.973387354537,24152.973387354537,167400.794655463,0,167400.794655463,6.930856585264441
Adjuntas,1985-1989,2,0,1,0.010757895591033299,0.126919619928617,0.010657792197127503,100000,1065.779219712742,99069.48907378102,0.9890979567621536,7901412.714997277,79.01412714997277
Adjuntas,1985-1989,2,1,4,2.6103130598427834e-4,1.5066597720952735,0.0010434461076227334,98934.22078028726,103.23252758389572,395479.4893072958,0.9988931644268328,7802343.225923495,78.86394782702044
Adjuntas,1985-1989,2,5,5,1.241674409594433e-4,2.5,6.20644545184914e-4,98830.98825270336,61.338913754269015,494001.5939791312,0.9993290384862693,7406863.7366162,74.94475030116475
Adjuntas,1985-1989,2,10,5,1.4431399366847893e-4,2.5,7.213097306226495e-4,98769.6493389491,71.24350915837567,493670.13792184956,0.9984124011630694,6912862.142637068,69.98974066328928
Adjuntas,1985-1989,2,15,5,4.915058552278391e-4,2.5,0.0024545132570452655,98698.40582979072,242.2565455584554,492886.3877850575,0.9966738368318845,6419192.004715219,65.03845680937712
Adjuntas,1985-1989,2,20,5,8.417592406008517e-4,2.5,0.004199957819742004,98456.14928423226,413.5116740879894,491246.9672359413,0.9949943102571904,5926305.616930162,60.19233597915309
Adjuntas,1985-1989,2,25,5,0.0011663550681239566,2.5,0.005814819978738707,98042.63761014427,570.1002879437146,488787.93733086204,0.9937906712942662,5435058.64969422,55.43566332136158
Adjuntas,1985-1989,2,30,5,0.0013256075471647418,2.5,0.006606144847156075,97472.53732220056,643.9177001702774,485752.8923605771,0.9928597250146538,4946270.712363358,50.745275010264706
Adjuntas,1985-1989,2,35,5,0.0015415092468889933,2.5,0.007677957129663482,96828.61962203028,743.4459903824318,482284.4831341953,0.9910810682866895,4460517.82000278,46.066109766042054
Adjuntas,1985-1989,2,40,5,0.002044296378234482,2.5,0.010169508169374715,96085.17363164785,977.138958202835,477983.0207627322,0.9885800575267881,3978233.3368685856,41.40319662760398
Adjuntas,1985-1989,2,45,5,0.002552833826492482,2.5,0.012683223726070201,95108.03467344501,1206.276481910143,472524.48216244974,0.9830196456113096,3500250.3161058533,36.80288766479109
Adjuntas,1985-1989,2,50,5,0.00431253632408067,2.5,0.02133268665517665,93901.75819153487,2003.176783870178,464500.8489979989,0.9738679012338288,3027725.8339434033,32.243547855276994
Adjuntas,1985-1989,2,55,5,0.0063050678378540085,2.5,0.031036126974277368,91898.5814076647,2852.1760413242446,452362.46693501284,0.9601881216048026,2563224.9849454043,27.89188848927783
Adjuntas,1985-1989,2,60,5,0.010018540433667494,2.5,0.048868719073391687,89046.40536634045,4351.583768343058,434353.0674108446,0.9461770864144203,2110862.518010392,23.70519628867914
Adjuntas,1985-1989,2,65,5,0.012165402402825432,2.5,0.059031652496323334,84694.82159799739,4999.675276811075,410974.9197979593,0.9114348154136134,1676509.450599547,19.7947102192041
Adjuntas,1985-1989,2,70,5,0.025520938018122025,2.5,0.11995150291304886,79695.14632118632,9559.552576101632,374576.85016567755,0.8640602659011674,1265534.5308015877,15.879693923909084
Adjuntas,1985-1989,2,75,5,0.03339461002910122,2.5,0.154107177414407,70135.59374508468,10808.398388338537,323656.97275457706,0.792086208881467,890957.6806359102,12.70335977869085
Adjuntas,1985-1989,2,80,5,0.06283521397070564,2.5,0.2715230478322364,59327.195356746146,16108.700902602213,256364.2245272252,0.5480981762130095,567300.7078813332,9.562237089922117
Adjuntas,1985-1989,2,85,NA,0.13033946577571037,7.19452371678566,1,43218.49445414393,43218.49445414393,310936.48335410806,0,310936.48335410806,7.19452371678566
Adjuntas,1990-1994,1,0,1,0.015259372945996743,0.11884068425491082,0.015056918543398743,100000,1505.6918543398788,98673.24559590692,0.9844117251991928,7147255.908341203,71.47255908341202
Adjuntas,1990-1994,1,1,4,4.722546367824835e-4,1.6076335044287395,0.0018868867308585327,98494.30814566012,185.84760310513957,393532.6170036895,0.9980851982101134,7048582.662745296,71.56335016152781
Adjuntas,1990-1994,1,5,5,2.2710162235862482e-4,2.5,0.0011348637882744412,98308.46054255498,111.56671195074159,491263.3859328981,0.9987118261212786,6655050.0457416065,67.69559821212765
Adjuntas,1990-1994,1,10,5,2.8853961832921274e-4,2.5,0.0014416581529130567,98196.89383060424,141.56635258163442,490630.5532715671,0.9970626149473911,6163786.659808708,62.76967039753441
Adjuntas,1990-1994,1,15,5,8.890258138512843e-4,2.5,0.004435271392358315,98055.3274780226,434.90198883161065,489189.38241803396,0.9937890177339799,5673156.106537141,57.856684103254665
Adjuntas,1990-1994,1,20,5,0.001605337817270843,2.5,0.007994603986071852,97620.425489191,780.4366427379136,486151.0358391102,0.9903644745236092,5183966.724119107,53.103299828303875
Adjuntas,1990-1994,1,25,5,0.0022707522645814496,2.5,0.011289671206759427,96839.98884645308,1093.2916337427014,481466.71514790866,0.9876892383709646,4697815.688279997,48.511113479460725
Adjuntas,1990-1994,1,30,5,0.0026866268092677827,2.5,0.013343511457311451,95746.69721271038,1277.5971512575343,475539.49318540806,0.9840162698703773,4216348.973132089,44.03649520949082
Adjuntas,1990-1994,1,35,5,0.003767077187727399,2.5,0.018659655036589,94469.10006145285,1762.7608187637234,467938.59826035495,0.9796996316521421,3740809.4799466804,39.5982334701321
Adjuntas,1990-1994,1,40,5,0.004443270172588309,2.5,0.021972278933914416,92706.33924268912,2036.9695447824633,458439.27235148946,0.9755681097647038,3272870.881686325,35.303636282288274
Adjuntas,1990-1994,1,45,5,0.0054629562694659874,2.5,0.026946758933190287,90669.36969790666,2443.2456478738022,447238.7343698488,0.9677125512627389,2814431.609334836,31.04059969438405
Adjuntas,1990-1994,1,50,5,0.00770065782004642,2.5,0.03777603823953302,88226.12405003286,3332.8334358398133,432798.5366605648,0.9550636848394529,2367192.874964987,26.830974390562105
Adjuntas,1990-1994,1,55,5,0.010757259863670255,2.5,0.052377698045997165,84893.29061419304,4446.515141921278,413350.16521616204,0.9213372264115747,1934394.3383044223,22.786186332386283
Adjuntas,1990-1994,1,60,5,0.022475863319180965,2.5,0.10640069774684585,80446.77547227177,8559.593041733577,380834.8947570249,0.8800789016423058,1521044.1730882602,18.90745979759662
Adjuntas,1990-1994,1,65,5,0.028966239250054957,2.5,0.13505137047939023,71887.18243053819,9708.46250714612,335164.7558848256,0.8503432776049612,1140209.2783312353,15.861092892783432
Adjuntas,1990-1994,1,70,5,0.03633409062159253,2.5,0.16654252510882994,62178.71992339207,10355.401024076426,285005.0970567693,0.7811686110169532,805044.5224464098,12.947267544881484
Adjuntas,1990-1994,1,75,5,0.06554086307304918,2.5,0.28156867966610705,51823.318899315644,14591.82347839592,222637.03580058843,0.6804339831538152,520039.42538964044,10.034853738333378
Adjuntas,1990-1994,1,80,5,0.0915379672495645,2.5,0.3724553273545549,37231.495420919724,13867.068814898263,151489.80506735295,0.4906234436223588,297402.389589052,7.987924906769843
Adjuntas,1990-1994,1,85,NA,0.15919190585984122,6.24507448790096,1,23364.42660602146,23364.42660602146,145912.58452169906,0,145912.58452169906,6.24507448790096
Adjuntas,1990-1994,2,0,1,0.010371843826278327,0.12771306053916492,0.010278848779852686,100000,1027.8848779852706,99103.38944566416,0.9894789778647022,7860613.551261797,78.60613551261797
Adjuntas,1990-1994,2,1,4,2.558893374874273e-4,1.5072763130351796,0.001022904878398817,98972.11512201473,101.2390593837481,395636.099486687,0.9989185099575892,7761510.161816133,78.42118107961615
Adjuntas,1990-1994,2,5,5,1.2136452174697959e-4,2.5,6.06638547741848e-4,98870.87606263098,59.978884668598766,494204.4331014834,0.9993274079444489,7365874.062329446,74.49993724808752
Adjuntas,1990-1994,2,10,5,1.4777169053856794e-4,2.5,7.385855975869325e-4,98810.89717796238,72.9803055402881,493872.0351259612,0.9984778498492721,6871669.629227962,69.54364169826138
Adjuntas,1990-1994,2,15,5,4.617912854272788e-4,2.5,0.0023062938611196453,98737.9168724221,227.71865154261468,493120.2877332539,0.9967884038135011,6377797.594102002,64.59319576635049
Adjuntas,1990-1994,2,20,5,8.254983565460968e-4,2.5,0.004118991231499907,98510.19822087948,405.7626426851348,491536.58449768455,0.9950902675861584,5884677.306368748,59.73673195920416
Adjuntas,1990-1994,2,25,5,0.0011440113988372175,2.5,0.005703744123452885,98104.435578194345,559.562597913784,489123.27139618725,0.9940500582635149,5393140.721871063,54.97346465616683
Adjuntas,1990-1994,2,30,5,0.0012433632345597702,2.5,0.006197551653124401,97544.87298028056,604.5393887927494,486213.01642942097,0.9930324967720153,4904017.450474876,50.27447676790005
Adjuntas,1990-1994,2,35,5,0.0015544688231773909,2.5,0.00774225637549507,96940.33359148781,750.5369157913083,482825.3256679608,0.9912588969097671,4417804.4340454545,45.57240799956743
Adjuntas,1990-1994,2,40,5,0.0019590970824774744,2.5,0.009747743472891174,96189.7966756965,937.6334627042525,478604.8997217219,0.9874241432002702,3934979.108377494,40.90848763974686
Adjuntas,1990-1994,2,45,5,0.003110361093116899,2.5,0.01543180921811344,95252.16321299225,1469.9132103154989,472586.0330391725,0.9828173653620155,3456374.208655772,36.28656916617226
Adjuntas,1990-1994,2,50,5,0.0038284760675661948,2.5,0.018960901939592968,93782.25000267675,1778.1960459751572,464465.75989844586,0.9731199384072596,2983788.1756165996,31.81612912391669
Adjuntas,1990-1994,2,55,5,0.007114794688989642,2.5,0.03495227774478156,92004.0539567016,3215.7512475404947,451980.8916646567,0.959033947394878,2519322.4157181536,27.382732688102877
Adjuntas,1990-1994,2,60,5,0.009667672743227345,2.5,0.047197635480927376,88788.3027091611,4190.597946237234,433465.01868021244,0.9453196044938799,2067341.524053497,23.28394012469607
Adjuntas,1990-1994,2,65,5,0.012910433044234717,2.5,0.06253381852839565,84597.70476292387,5290.217517563462,409762.9800207107,0.9153408938394356,1633876.5053732845,19.313485040191704
Adjuntas,1990-1994,2,70,5,0.02289115406185115,2.5,0.10826026433507822,79307.4872453604,8585.849532933571,375072.8123944681,0.8527041122789152,1224113.5253525737,15.435031014983847
Adjuntas,1990-1994,2,75,5,0.04225053041001214,2.5,0.19107056975529918,70721.63771242683,13512.823611741253,319826.129532781,0.7682130671149529,849040.7129581057,12.005388172860663
Adjuntas,1990-1994,2,80,5,0.06569042483685768,2.5,0.2821205733825023,57208.81410068558,16139.783436618396,245694.61191188192,0.5357372612038933,529214.5834253246,9.250577760516498
Adjuntas,1990-1994,2,85,NA,0.12127784192698496,6.903498011252184,1,41069.030664067184,41069.030664067184,283519.97151344275,0,283519.97151344275,6.903498011252184
Adjuntas,1995-1999,1,0,1,0.017895590834915924,0.11358024326846702,0.017616145820844333,100000,1761.6145820844395,98438.47003069399,0.9818668870798092,7205796.966751546,72.05796966751545
Adjuntas,1995-1999,1,1,4,4.867932457807048e-4,1.599922552641796,0.0019449006749689146,98238.38541791556,191.06390210715472,392494.9735092106,0.9980500914517259,7107358.496720852,72.34807928169283
Adjuntas,1995-1999,1,5,5,2.126138977532768e-4,2.5,0.001062504730586006,98047.3215158084,104.17574293183861,489976.16822171246,0.9987947969505662,6714863.523211641,68.48594555567729
Adjuntas,1995-1999,1,10,5,2.697924767359398e-4,2.5,0.0013480531471863216,97943.14577287657,132.03256590444653,489385.64744962176,0.9968947662267985,6224887.354989929,63.556130506825006
Adjuntas,1995-1999,1,15,5,9.753296591421912e-4,2.5,0.004864786369631725,97811.11320697212,475.830170327783,487865.9906090411,0.993496675943682,5735501.707540307,58.63854851957121
Adjuntas,1995-1999,1,20,5,0.0016366435869959197,2.5,0.00814987184624959,97335.28303664434,793.2700828670932,484693.23997605394,0.9898595227841566,5247635.716931266,53.91298564319847
Adjuntas,1995-1999,1,25,5,0.0024443340127051996,2.5,0.01214743906732717,96542.01295377724,1172.7382197931147,479778.21921940346,0.9864326189441694,4762942.476955212,49.3354378185136
Adjuntas,1995-1999,1,30,5,0.0030236413033658902,2.5,0.015004783806664682,95369.27473398413,1430.995349181845,473268.885296966,0.9851588626541076,4283164.257735808,44.91136447962873
Adjuntas,1995-1999,1,35,5,0.0029566943418077047,2.5,0.014674998000155775,93938.27938480228,1378.5440621100424,466245.0367687363,0.9829129051848311,3809895.372438843,40.55743193711533
Adjuntas,1995-1999,1,40,5,0.003945561772363285,2.5,0.01953511634118035,92559.73532269224,1808.1651980376628,458278.263618367,0.9784845065535225,3343650.3356701066,36.12424262032614
Adjuntas,1995-1999,1,45,5,0.004763116406046837,2.5,0.023535328259843787,90751.57012465458,2135.8679929799837,448418.180640823,0.9717283796693205,2885372.0720517393,31.794183484522073
Adjuntas,1995-1999,1,50,5,0.006735968469349876,2.5,0.033122069310462146,88615.7021316746,2935.1354280005908,435740.67208837153,0.957756234295743,2436953.8914109166,27.500249197256625
Adjuntas,1995-1999,1,55,5,0.010609732882422783,2.5,0.0516779415234215,85680.566703674,4427.79531580607,417333.34522885486,0.9257932322044286,2001213.2193225448,23.356675805421958
Adjuntas,1995-1999,1,60,5,0.020601764597469197,2.5,0.09796328180974617,81252.77138786794,7959.788141292593,386364.3865861082,0.8866576138914122,1583879.87409369,19.493241240140435
Adjuntas,1995-1999,1,65,5,0.027897115480017966,2.5,0.1303916968391936,73292.98324657534,9556.796451927556,342572.9251030578,0.8537641660926605,1197515.4875075817,16.33874669119211
Adjuntas,1995-1999,1,70,5,0.03583802096420748,2.5,0.16445568876677066,63736.18679464779,10481.77849868135,292476.4877265356,0.8030428963264999,854942.562404524,13.413770189281504
Adjuntas,1995-1999,1,75,5,0.05347761707580326,2.5,0.23585559711038148,53254.40829596644,12560.350267405222,234871.16581131914,0.7079174183941161,562466.0746779884,10.561868823178537
Adjuntas,1995-1999,1,80,5,0.08949548905050195,2.5,0.36566420346018175,40694.058028561216,14880.360314576254,166269.38935636543,0.4924542938363035,327594.9088666692,8.050190242436525
Adjuntas,1995-1999,1,85,NA,0.1577938364384135,6.249609075684777,1,25813.697713984962,25813.697713984962,161325.5195103038,0,161325.5195103038,6.249609075684777
Adjuntas,1995-1999,2,0,1,0.007732872385003868,0.1331368593732731,0.007681381457739636,100000,768.1381457739626,99334.12935451919,0.9919813256434418,7896114.593291866,78.96114593291865
Adjuntas,1995-1999,2,1,4,2.7446029659471485e-4,1.5115023923682576,0.0010970918794365367,99231.86185422604,108.86646982163074,396656.5334672017,0.9989598336702481,7796780.463937347,78.57134108186948
Adjuntas,1995-1999,2,5,5,1.132060817467654e-4,2.5,5.658702588468743e-4,99122.9953844044,56.090755055862246,495474.7500343824,0.9993389433955371,7400123.930470145,74.65597565703155
Adjuntas,1995-1999,2,10,5,1.5131658886880655e-4,2.5,7.562968436976314e-4,99066.90462934854,74.92398728607805,495147.21317852754,0.998444543315817,6904649.180435763,69.6968296957394
Adjuntas,1995-1999,2,15,5,4.7159963761297935e-4,2.5,0.0023552213841866944,98991.98064206247,233.14802967116702,494377.03313613444,0.9963488288494998,6409501.967257235,64.74768891060846
Adjuntas,1995-1999,2,20,5,9.924925828727119e-4,2.5,0.004950180371108042,98758.8326123913,488.87403467140393,492571.9779752779,0.9950189031088085,5915124.934121101,59.89464210595507
Adjuntas,1995-1999,2,25,5,0.0010049519365710221,2.5,0.005012167214982326,98269.9585777199,492.5454646009166,490118.4292270972,0.99421231168422175,5422552.956145823,55.18016934806405
Adjuntas,1995-1999,2,30,5,0.0013177501166937488,2.5,0.006567116038653053,97777.41311311898,642.1156178731762,487281.77652091195,0.993077397559127,4932434.526918726,50.44554125411743
Adjuntas,1995-1999,2,35,5,0.0014614076034985834,2.5,0.007280438795959862,97135.2974952458,707.1875883414759,483908.51850537537,0.9914949780825331,4445152.7503978135,45.762486603959566
Adjuntas,1995-1999,2,40,5,0.00195724759720032,2.5,0.009738585926240939,96428.10990690433,939.0734340333875,479792.8659494382,0.9890853735882651,3961244.231892438,41.0797664261675
Adjuntas,1995-1999,2,45,5,0.002435182070032593,2.5,0.012102232501177385,95489.03647287094,1155.6305207081023,474556.10606258444,0.9861282634119838,3481451.365943,36.45917368673108
Adjuntas,1995-1999,2,50,5,0.0031573099369458938,2.5,0.015662917968371697,94333.40595216284,1477.5363991058402,467973.1887630496,0.9778540058229905,3006895.2598804156,31.875190231181033
Adjuntas,1995-1999,2,55,5,0.005830203384051857,2.5,0.02873223005797094,92855.869553057,2667.9562062313635,457609.45724970655,0.9617741381004306,2538922.071117366,27.342612624683348
Adjuntas,1995-1999,2,60,5,0.009836136158184017,2.5,0.04800033618503358,90187.91334682563,4329.0501604743185,440116.94133294234,0.9377058342600284,2081312.6138676596,23.07751157146509
Adjuntas,1995-1999,2,65,5,0.01608343425708331,2.5,0.07730869788555879,85858.86318635131,6637.636914871167,412700.22364457865,0.9063055549808099,1641195.6725347172,19.115040796342765
Adjuntas,1995-1999,2,70,5,0.0236061046222383,2.5,0.11145308986181705,79221.22627148015,8829.450450598611,374032.5052309042,0.8498409042504621,1228495.4488901387,15.507150125147714
Adjuntas,1995-1999,2,75,5,0.04289924560613083,2.5,0.19372011143266213,70391.77582088154,13636.302655964137,317868.12246449734,0.767900142472175,854462.9436592343,12.138675771349984
Adjuntas,1995-1999,2,80,5,0.06503540583313383,2.5,0.27970087876048794,56755.4731649174,15874.55571869469,244090.97652785026,0.5451111958472172,536594.821194737,9.45450352665592
Adjuntas,1995-1999,2,85,NA,0.12966347506553147,7.155021534232064,1,40880.91744622271,40880.91744622271,292503.8446668868,0,292503.8446668868,7.155021534232064
Adjuntas,2000-2004,1,0,1,0.014183905381889747,0.12098672600570812,0.014009240398560085,100000,1400.9240398560069,98768.56917310886,0.9855797024719297,7386972.236006454,73.86972236006454
Adjuntas,2000-2004,1,1,4,3.983662279857359e-4,1.6107901586791384,0.001591949725217835,98599.075960144,156.96477188149584,394021.282062856,0.9983520415534146,7288203.666833345,73.9175656147062
Adjuntas,2000-2004,1,5,5,1.892783981979905e-4,2.5,9.45944373900262e-4,98442.1111882625,93.12076123339648,491977.754038229,0.9989787424323205,6894182.384770489,70.03285790555556
Adjuntas,2000-2004,1,10,5,2.194487425628307e-4,2.5,0.0010966420710053445,98348.9904270291,107.85364054318052,491475.31803378754,0.9974189635121189,6402204.63073226,65.09680071888924
Adjuntas,2000-2004,1,15,5,8.150695769077621e-4,2.5,0.004067060541252269,98241.13678648592,399.5526509520714,490206.8023050494,0.9945609481011802,5910729.312698472,60.165522367118555
Adjuntas,2000-2004,1,20,5,0.0013679917608043466,2.5,0.00681664601505943,97841.58413553385,666.9514446045941,487540.54206615774,0.9922984492696449,5420522.510393423,55.40100927724873
Adjuntas,2000-2004,1,25,5,0.0017259207979194715,2.5,0.008592528928635716,97174.63269092925,834.9758425263572,483785.72384833044,0.9905147985013337,4932981.968327265,50.76409173592619
Adjuntas,2000-2004,1,30,5,0.0020879645661792657,2.5,0.010385610862200328,96339.6568484029,1000.5461866254336,479196.9187754509,0.9882967348506784,4449196.244478935,46.18239663734793
Adjuntas,2000-2004,1,35,5,0.002624051463593268,2.5,0.013034747696042915,95339.11066177746,1242.7212530413817,473588.7501762839,0.9859231033451316,3969999.325703484,41.64082608015246
Adjuntas,2000-2004,1,40,5,0.0030496366178586034,2.5,0.015132809166877077,94096.38940873608,1423.942704214569,466922.09028314403,0.9827881046751973,3496410.5755272005,37.15775490959048
Adjuntas,2000-2004,1,45,5,0.003902287272117432,2.5,0.019322927327165042,92672.44670452151,1790.7029529020365,458885.4761403525,0.976755030171103,3029488.485244056,32.69028274286673
Adjuntas,2000-2004,1,50,5,0.005524108392353176,2.5,0.02724429092145853,90881.74375161948,2476.008666218564,448218.697092551,0.9613662314826662,2570603.009103704,28.285141800636904
Adjuntas,2000-2004,1,55,5,0.010328424994985257,2.5,0.05034223497975547,88405.73508540091,4450.542289227262,430902.3197039364,0.9390333620638815,2122384.312011153,24.00731479649942
Adjuntas,2000-2004,1,60,5,0.014970959230419523,2.5,0.07215425030312372,83955.19279617365,6057.723995262117,404631.65399271296,0.9147302745599392,1691481.9923072164,20.14743741240396
Adjuntas,2000-2004,1,65,5,0.020920845715761704,2.5,0.09940513010319796,77897.46880091153,7743.408020864415,370128.82395239663,0.8737947390321943,1286850.3383145034,16.519796575205856
Adjuntas,2000-2004,1,70,5,0.033830895690791556,2.5,0.15596351494018157,70154.06078004712,10941.473906583284,323416.6191337774,0.7919903610248689,916721.5143621068,13.06726231053522
Adjuntas,2000-2004,1,75,5,0.06234035454089388,2.5,0.2696729970837096,59212.586873463835,15968.035767246518,256142.84494920287,0.6896539109316315,593304.8952283293,10.019911754509401
Adjuntas,2000-2004,1,80,5,0.0896073814806219,2.5,0.3660377064154555,43244.55110621732,15829.136301885737,176649.91477637226,0.4760682151798251,337162.0502791265,7.796636608644374
Adjuntas,2000-2004,1,85,NA,0.17558861994879968,5.854813310261993,1,27415.41480433158,27415.41480433158,160512.13550275422,0,160512.13550275422,5.854813310261993
Adjuntas,2000-2004,2,0,1,0.007778320193904745,0.13304345185507338,0.007726218703660175,100000,772.6218703660124,99330.17041024621,0.9920690455892494,8008630.419069838,80.08630419069837
Adjuntas,2000-2004,2,1,4,2.0781459749544465e-4,1.511429442169145,8.308287175314359e-4,99227.37812963399,82.44095531545463,396704.35238437844,0.999130042964413,7909300.248659592,79.70885049816206
Adjuntas,2000-2004,2,5,5,9.821716286854054e-5,2.5,4.909652613051217e-4,99144.93717431853,48.676719986862736,495602.99407162546,0.9994551689573937,7512595.896275214,75.77387318392691
Adjuntas,2000-2004,2,10,5,1.1978051431648267e-4,2.5,5.987232831254483e-4,99096.26045433167,59.33123840468761,495332.9741756466,0.998709550200145,7016992.902203588,70.80986578133648
Adjuntas,2000-2004,2,15,5,3.9691160012043247e-4,2.5,0.001982590717467028,99036.92921592698,196.3496965499362,494693.77183826006,0.9970791508492686,6521659.928027942,65.85078899012488
Adjuntas,2000-2004,2,20,5,7.736878857762262e-4,2.5,0.003860971461762897,98840.57951937705,381.6206567884219,493248.84595491417,0.9957665684252496,6026966.156189681,60.97663718177749
Adjuntas,2000-2004,2,25,5,9.235947191704066e-4,2.5,0.004607335319425861,98458.95886258862,453.6334386814997,491160.7107162394,0.9947788877038082,5533717.310234767,56.20328890495114
Adjuntas,2000-2004,2,30,5,0.0011709639334979245,2.5,0.0058377302385824465,98005.32542390712,572.1286517692497,488596.3054901125,0.9939705257237178,5042556.599518528,51.45186322995936
Adjuntas,2000-2004,2,35,5,0.0012483526874315953,2.5,0.006222344236782695,97433.19677213788,606.2628904064331,485650.32663467334,0.9926070991700342,4553960.294028415,46.739309033229546
Adjuntas,2000-2004,2,40,5,0.0017215347804619377,2.5,0.008570786634093414,96826.93388173144,829.8829907337786,482059.9619318227,0.9896132476419437,4068309.967393742,42.01630480588128
Adjuntas,2000-2004,2,45,5,0.0024587041135094214,2.5,0.012218416887890037,95997.05089099766,1172.9319877942035,477052.9244855028,0.9874782935901629,3586250.005461919,37.35791852120561
Adjuntas,2000-2004,2,50,5,0.0025823134209405425,2.5,0.012828747487674515,94824.11890320346,1216.4746771504288,471079.4078231412,0.9827932281286228,3109197.0809764164,32.78909540040427
Adjuntas,2000-2004,2,55,5,0.004375686771671094,2.5,0.021641690708975814,93607.64422605303,2025.82768433608,462973.65191942494,0.97136616265461,2638117.673153275,28.18271621901398
Adjuntas,2000-2004,2,60,5,0.00728648828691146,2.5,0.0357806531592009,91581.81654171695,3276.857213368741,449716.9396751629,0.9493366021591131,2175144.02123385,23.75082853093483
Adjuntas,2000-2004,2,65,5,0.013671516319843773,2.5,0.06609841761149052,88304.95932834821,5836.8180788508325,426932.75144461397,0.9153774787597222,1725427.0815586874,19.53941312789643
Adjuntas,2000-2004,2,70,5,0.02204281036453572,2.5,0.10445769871305917,82468.14124949738,8614.432252066006,390804.6256173219,0.8653559338593932,1298494.3301140734,15.74540556438196
Adjuntas,2000-2004,2,75,5,0.03676500598986634,2.5,0.16835142690309465,73853.70899743137,12433.377291803496,338185.1017576481,0.7831938391801002,907689.7044967515,12.290373995005734
Adjuntas,2000-2004,2,80,5,0.06378683773916345,2.5,0.2750696334984718,61420.331705627876,16894.86813162163,264864.4881990853,0.5349212509869341,569504.6027391034,9.272248894203225
Adjuntas,2000-2004,2,85,NA,0.11244458764225612,6.841930214464193,1,44525.463574006244,44525.463574006244,304640.11454001814,0,304640.11454001814,6.841930214464193
Adjuntas,2005-2009,1,0,1,0.010346458561511961,0.12864415926343095,0.010254014040383482,100000,1025.4014040383481,99106.5104974917,0.989332702480339,7592844.959386769,75.92844959386768
Adjuntas,2005-2009,1,1,4,3.599337399872643e-4,1.6221046556963246,0.0014385037664915354,98974.59859596165,142.37533286729013,395559.8407426778,0.9985524729768682,7493738.448889277,75.71375438945236
Adjuntas,2005-2009,1,5,5,1.7071189761535643e-4,2.5,8.531953615787528e-4,98832.22326309436,84.32319446258771,493950.30832931533,0.9990548743947587,7098178.6081465995,71.82048904486378
Adjuntas,2005-2009,1,10,5,2.075344906422655e-4,2.5,0.0010371343503385146,98747.90006863177,102.41483918497397,493483.46324519644,0.9976988085239923,6604228.299817284,66.87968346898731
Adjuntas,2005-2009,1,15,5,7.145865001237686e-4,2.5,0.003566560959834428,98645.4852294468,351.825136483254,492347.86330602586,0.9945588954136857,6110744.836572087,61.94652317192881
Adjuntas,2005-2009,1,20,5,0.0014698529580732908,2.5,0.007322357817122532,98293.66009296355,719.7413503553107,489668.9470889294,0.9921848276923634,5618396.973266061,57.15930170829258
Adjuntas,2005-2009,1,25,5,0.0016692615314763308,2.5,0.008311621980291967,97573.91874260824,810.997527724292,485842.0998937304,0.9910603739115917,5128728.0261771325,52.562488954720415
Adjuntas,2005-2009,1,30,5,0.0019237868389005445,2.5,0.009572893677336089,96762.92121488394,926.3011566985224,481498.8531826734,0.9890869693454418,4642885.926283401,47.98207689464876
Adjuntas,2005-2009,1,35,5,0.002468362741183841,2.5,0.012266120618137512,95836.62005818542,1175.5435412683146,476244.2414377563,0.9849827905401359,4161387.0731007284,43.421680257235906
Adjuntas,2005-2009,1,40,5,0.0035924699159681464,2.5,0.017802462551970474,94661.0765169171,1685.2002698216238,469092.3819100314,0.9808873060852024,3685142.831662972,38.929863965833846
Adjuntas,2005-2009,1,45,5,0.0041315731428161724,2.5,0.020446673397409187,92975.87624709548,1901.0473754622944,460126.76279682165,0.9754316176067418,3216050.449752941,34.5901601530043
Adjuntas,2005-2009,1,50,5,0.005839240508178243,2.5,0.028776125743122043,91074.82887163319,2620.7807276434323,448822.19253905735,0.9669751528745845,2755923.6869561193,30.259993031010776
Adjuntas,2005-2009,1,55,5,0.0076224278566792755,2.5,0.03739945270803075,88454.04814398976,3308.132990395039,433999.90824396117,0.9525001104713887,2307101.4944170616,26.082486249373808
Adjuntas,2005-2009,1,60,5,0.011944909853222501,2.5,0.05799275372757254,85145.91515359472,4937.846088411199,413384.9605469456,0.9257216636684152,1873101.5861731006,21.998725162495614
Adjuntas,2005-2009,1,65,5,0.019191972465035942,2.5,0.09156650759401987,80208.06906518352,7344.372765158783,382679.41341302067,0.8789640341093001,1459716.625626155,18.199124385351702
Adjuntas,2005-2009,1,70,5,0.03324642733630915,2.5,0.1534758291751659,72863.69630002473,11182.816206413765,336361.4409840893,0.8276667719938552,1077037.2122131344,14.781534109638201
Adjuntas,2005-2009,1,75,5,0.04311742971169279,2.5,0.19460949545472156,61680.88009361097,12003.684954220815,278395.1880825028,0.7602144051350591,740675.771229045,12.00819070844882
Adjuntas,2005-2009,1,80,5,0.06944989186952293,2.5,0.2958777627701555,49677.195139390155,14698.377358539197,211640.03230060276,0.5421827348662118,462280.58314654225,9.305690102861497
Adjuntas,2005-2009,1,85,NA,0.15591711417575294,7.165495198158236,1,34978.81778085096,34978.81778085096,250640.55084593946,0,250640.55084593946,7.165495198158236
Adjuntas,2005-2009,2,0,1,0.006421263958934749,0.13583256882312017,0.006385828694225172,100000,638.5828694225202,99448.15748213758,0.9934058465084028,8224552.40554906,82.24552405549059
Adjuntas,2005-2009,2,1,4,1.9327419072656584e-4,1.5136102567144956,7.72725425865923e-4,99361.41713057748,76.77909336685843,397254.7657720638,0.9992091119777131,8125104.248066922,81.77323233412804
Adjuntas,2005-2009,2,5,5,9.115537038829293e-5,2.5,4.556730093366096e-4,99284.63803721062,45.24132979531714,496310.0868615648,0.9994807842442213,7727849.4822948575,77.83529894522613
Adjuntas,2005-2009,2,10,5,1.1659146805048157e-4,2.5,5.827874701356465e-4,99239.3967074153,57.835476944892434,496052.3948447143,0.9988208857214136,7231539.395433293,72.8696428571995
Adjuntas,2005-2009,2,15,5,3.5547338713043657e-4,2.5,0.0017757888214841794,99181.56123047041,176.12550773043768,495467.49238302594,0.9972933282567472,6735487.000588579,67.91067731770401
Adjuntas,2005-2009,2,20,5,7.291689311125656e-4,2.5,0.003639210657200317,99005.43572273997,360.30163680294936,494126.4245216925,0.9960528924439179,6240019.508205553,63.02703950195655
Adjuntas,2005-2009,2,25,5,8.530411364355953e-4,2.5,0.00425612904927545,98645.13408593702,419.8464207528159,492176.0543778031,0.9952384384234576,5745893.0836838605,58.248114688335164
Adjuntas,2005-2009,2,30,5,0.001056614629803777,2.5,0.0052691544847307285,98225.28766518421,517.5642150149797,489832.52778838354,0.9942889144242677,5253717.029306057,53.48640003187518
Adjuntas,2005-2009,2,35,5,0.0012348720605017413,2.5,0.006155357604687642,97707.72345016923,601.4259785757167,487035.0523044068,0.9930536320238744,4763884.501517674,48.756478334563255
Adjuntas,2005-2009,2,40,5,0.0015544730719150156,2.5,0.007742277455027241,97106.29747159351,751.8238976554858,483651.92761382886,0.9900609157972632,4276849.449213266,44.042966940062485
Adjuntas,2005-2009,2,45,5,0.002445466304697056,2.5,0.012153031948162436,96354.47357393803,1170.99899569244,478844.87038045906,0.9873446504486446,3793197.521599438,39.36711375096364
Adjuntas,2005-2009,2,50,5,0.002650212886306787,2.5,0.013163846939552505,95183.47457824559,1252.9806905228033,472784.9211649209,0.983908747882648,3314352.6512189787,34.82067308327156
Adjuntas,2005-2009,2,55,5,0.0038482104857610884,2.5,0.019057707256557317,93930.49388772278,1790.0998549760698,465177.2198011738,0.9728514698025937,2841567.730054058,30.251812935750635
Adjuntas,2005-2009,2,60,5,0.007206857172785111,2.5,0.0353965413196719,92140.39403274671,3261.451264590971,452548.34200225613,0.9575202512806847,2376390.510252884,25.790974036949684
Adjuntas,2005-2009,2,65,5,0.010219149205307679,2.5,0.04982287747953555,88878.94276815574,4428.204676048466,433324.20215065754,0.9312585603487963,1923842.168250628,21.645646407710394
Adjuntas,2005-2009,2,70,5,0.018552770831661108,2.5,0.08865200340113337,84450.73809210728,7486.727120569718,403536.8726591121,0.8886846023004574,1490517.9660999705,17.649555229159965
Adjuntas,2005-2009,2,75,5,0.02922677874796182,2.5,0.13618338927135543,76964.01097153756,10481.219866021784,358617.00519263337,0.8254632987203115,1086981.0934408584,14.123238637378712
Adjuntas,2005-2009,2,80,5,0.049169844167312626,2.5,0.21893653283187553,66482.79110551577,14555.511777627464,296025.1760835102,0.5935752725048885,728364.088248225,10.955678546832189
Adjuntas,2005-2009,2,85,NA,0.11228098425943404,8.325853342609477,1,51927.27932788831,51927.27932788831,432338.9121647149,0,432338.9121647149,8.325853342609477
Adjuntas,2010-2014,1,0,1,0.010430584867825665,0.12847628942549727,0.010336619804535353,100000,1033.661980453544,99099.13907531534,0.9893083379366082,7689234.770212571,76.89234770212572
Adjuntas,2010-2014,1,1,4,3.298889147160374e-4,1.621855764528935,0.0013185212480641185,98966.33801954646,130.48921952185628,395555.0298929888,0.9986313637648299,7590135.631137256,76.69411421121956
Adjuntas,2010-2014,1,5,5,1.636323819835005e-4,2.5,8.178273523232227e-4,98835.8488000246,80.8306605387479,493977.16734877613,0.9991162491406721,7194580.601244267,72.79322926442532
Adjuntas,2010-2014,1,10,5,1.900359061429966e-4,2.5,9.497283245081389e-4,98755.01813948585,93.79043791438744,493540.6146026433,0.9979924958442488,6700603.433895491,67.85076404351695
Adjuntas,2010-2014,1,15,5,6.141987627261585e-4,2.5,0.003066285541666152,98661.22770157146,302.52349602435424,492549.82976779644,0.9957948082495148,6207062.819292848,62.912888516528994
Adjuntas,2010-2014,1,20,5,0.0010723875326737018,2.5,0.0053476009119991525,98358.70420554711,525.9830963126296,490478.563286954,0.9934089345648671,5714512.989525051,58.09870143859389
Adjuntas,2010-2014,1,25,5,0.0015744157184014596,2.5,0.007841215260613101,97832.72110923448,767.127425749044,487245.78698179976,0.9915055833675602,5224034.426238097,53.397619600146214
Adjuntas,2010-2014,1,30,5,0.0018389719283088595,2.5,0.009152780376100235,97065.59368348544,888.4200610607222,483106.91826477536,0.9896420871826982,4736788.639256298,48.7998729467639
Adjuntas,2010-2014,1,35,5,0.0023283096267372903,2.5,0.011574177461672507,96177.17362242471,1113.1716752680368,478102.93892395345,0.988036824895339,4253681.720991522,44.227560041333255
Adjuntas,2010-2014,1,40,5,0.002486709354570276,2.5,0.012356727796343763,95064.00194715668,1174.6799952921137,472383.30974755314,0.9845712626620142,3775578.7820675685,39.71617757230864
Adjuntas,2010-2014,1,45,5,0.0037425280630894267,2.5,0.018539181795109844,93889.32195186456,1740.6312082852091,465095.0317386098,0.9784916505151141,3303195.4723200155,35.181801334272144
Adjuntas,2010-2014,1,50,5,0.004967657852068596,2.5,0.024533602897657773,92148.69074357935,2260.7393862420577,455091.60525229166,0.969287587371046,2838100.440581406,30.799140147079694
Adjuntas,2010-2014,1,55,5,0.0075491601201242535,2.5,0.03704662337127209,89887.9513573373,3330.045079550502,441114.64408781024,0.9547666272994861,2383008.835329114,26.51088159586358
Adjuntas,2010-2014,1,60,5,0.011043734310137183,2.5,0.053735081638804694,86557.9062777868,4651.1961603208765,421161.5409881318,0.9323186414429582,1941894.191241304,22.43462526703524
Adjuntas,2010-2014,1,65,5,0.01719241512523191,2.5,0.08241959585996371,81906.71011746592,6750.717946100733,392656.75572207774,0.8963442800041281,1520732.650253172,18.5666430512497
Adjuntas,2010-2014,1,70,5,0.027076507782260995,2.5,0.12679933121521905,75155.99217136519,9529.729544145346,351955.6369964626,0.8436761306225344,1128075.8945310945,15.009793124132251
Adjuntas,2010-2014,1,75,5,0.0420220967287116,2.5,0.19013572868734846,65626.26262721984,12477.897265653744,296936.56997196487,0.760772551249983,776120.2575346318,11.82636686082928
Adjuntas,2010-2014,1,80,5,0.0705452407334029,2.5,0.29984466795774806,53148.365361566095,15936.253964335861,225901.19189699081,0.5285707803493461,479183.68756266695,9.015962848580582
Adjuntas,2010-2014,1,85,NA,0.12487137252501866,6.806453225992665,1,37212.111397230234,37212.111397230234,253282.49566567614,0,253282.49566567614,6.806453225992665
Adjuntas,2010-2014,2,0,1,0.005759863659691506,0.13719192501614583,0.005731380664361665,100000,573.1380664361641,99505.49184819825,0.9940771335805672,8365042.434094961,83.65042434094961
Adjuntas,2010-2014,2,1,4,1.7649088181146875e-4,1.5146750436590837,7.056540011554853e-4,99426.86193356384,70.16096294575254,397533.07494208537,0.9992790763360104,8265536.942246762,83.1318295831334
Adjuntas,2010-2014,2,5,5,8.31641118131593e-5,2.5,4.1573412366793333e-4,99356.70097061808,41.30597100855084,496680.23992556904,0.9995381250095334,7868003.867304677,79.1894637245596
Adjuntas,2010-2014,2,10,5,1.0163282603407112e-4,2.5,5.080350475763318e-4,99315.39499960953,50.45570142369252,496450.83574448846,0.9988920965371734,7371323.627379107,74.22135941168122
Adjuntas,2010-2014,2,15,5,3.4190735944402426e-4,2.5,0.0017080767871600576,99264.93929818584,169.55213859408104,495900.816144444,0.9976717362717864,6874872.791634619,69.2578148965862
Adjuntas,2010-2014,2,20,5,5.907736086059067e-4,2.5,0.002949511808692416,99095.38715959176,292.28301461416413,494746.22826142336,0.9965427339520934,6378971.975490175,64.37203747150136
Adjuntas,2010-2014,2,25,5,7.948809253922418e-4,2.5,0.003966522344581584,98803.1041449776,391.9047203050868,493035.7589241253,0.9956872263282978,5884225.747228752,59.55506963217068
Adjuntas,2010-2014,2,30,5,9.342577856692394e-4,2.5,0.0046604038818188155,98411.19942467251,458.635935813174,490909.4072838296,0.9948349800430732,5391189.988304626,54.782281080023196
Adjuntas,2010-2014,2,35,5,0.0011376260583966262,2.5,0.005671998758007375,97952.56348885933,555.5868184524443,488373.8503981655,0.9939047552085326,4900280.581020797,50.02707848047419
Adjuntas,2010-2014,2,40,5,0.0013084471639513444,2.5,0.0065209051700663,97396.97667040689,635.1164487188944,485397.0922302372,0.9924766716668534,4411906.7306226315,45.298189753390425
Adjuntas,2010-2014,2,45,5,0.001713777479979172,2.5,0.00853233110763588,96761.860221688,825.6042300022091,481745.2905334345,0.989383398292307,3926509.6383923944,40.57910450870306
Adjuntas,2010-2014,2,50,5,0.002560042150969744,2.5,0.012718809036738258,95936.25599168579,1220.1949196578935,476630.7926592842,0.9856257157929594,3444764.34785896,35.90680407788164
Adjuntas,2010-2014,2,55,5,0.003236189438584501,2.5,0.016051086302993615,94716.0610720279,1520.2956705467368,469779.56618377264,0.975507338924341,2968133.5551996757,31.337172614711303
Adjuntas,2010-2014,2,60,5,0.006725602904139625,2.5,0.03307194263708434,93195.76540148116,3082.165007376956,458273.4144889634,0.9592873751994283,2498353.989015903,26.80759129186997
Adjuntas,2010-2014,2,65,5,0.009965154617094487,2.5,0.04861464202440276,90113.6003941042,4380.840424689464,439615.90090879734,0.9390537918365787,2040080.5745269395,22.638986408320385
Adjuntas,2010-2014,2,70,5,0.015348778497645816,2.5,0.07390790242920053,85732.75996941474,6336.3284588055685,412822.97870005976,0.9020472756342508,1600464.6736181423,18.668064275419454
Adjuntas,2010-2014,2,75,5,0.0264202463578163,2.5,0.12391647246339534,79396.43151060917,9838.525718976249,372385.84325560526,0.8414976172578056,1187641.6949180826,14.95837624338805
Adjuntas,2010-2014,2,80,5,0.04394630000209717,2.5,0.19798025122358076,69557.90579163292,13771.09166321365,313361.7998001305,0.6156276595118941,815255.8516624772,11.720534745606788
Adjuntas,2010-2014,2,85,NA,0.10787833124930536,8.996643018671124,1,55786.81412841927,55786.81412841927,501894.0518623468,0,501894.0518623468,8.996643018671124
Adjuntas,2015-2019,1,0,1,0.010778025213055953,0.1277829895886075,0.010677647035146917,100000,1067.7647035146947,99068.6774624776,0.9890243160917536,7931245.340547186,79.31245340547186
Adjuntas,2015-2019,1,1,4,3.0341424288670484e-4,1.6208282494831023,0.0012127814953955458,98932.2352964853,119.9831842657004,395443.4805833992,0.9987312932065856,7832176.663084708,79.16708481934964
Adjuntas,2015-2019,1,5,5,1.4294301935433105e-4,2.5,7.144597791765484e-4,98812.2521122196,70.59737982401566,493884.767111538,0.9992070039460046,7436733.18250131,75.26124568090526
Adjuntas,2015-2019,1,10,5,1.743936957564311e-4,2.5,8.715884799416661e-4,98741.65473239559,86.06208875513403,493493.1184400901,0.9980022680432286,6942848.415389772,70.31326783216174
Adjuntas,2015-2019,1,15,5,6.259495664042309e-4,2.5,0.003124857823521884,98655.59264364046,308.2847005066724,492507.25146693556,0.995699457762782,6449355.296949681,65.37242465559726
Adjuntas,2015-2019,1,20,5,0.0010989935968647377,2.5,0.005479912013787353,98347.30794313378,538.9345943212247,490389.2032298659,0.993547879154753,5956848.045482745,60.56950790078671
Adjuntas,2015-2019,1,25,5,0.0014914779371223619,2.5,0.007429686651311401,97808.37334881256,726.6855658561544,487225.1528294224,0.9909953912943814,5466458.842252879,55.88947709781378
Adjuntas,2015-2019,1,30,5,0.0021295412306293593,2.5,0.010591319524113374,97081.6877829564,1028.2231752495136,482837.8809766582,0.9900852613700218,4979233.689423458,51.289113355295505
Adjuntas,2015-2019,1,35,5,0.001854743518574204,2.5,0.009230915142792015,96053.46460770689,886.6613809649134,478050.66958612215,0.988697281422464,4496395.808446799,46.811386000604806
Adjuntas,2015-2019,1,40,5,0.002696825370657489,2.5,0.01339382483671297,95166.80322674198,1274.6474926889205,472647.3974019876,0.9851603464938317,4018345.138860677,42.22423158721294
Adjuntas,2015-2019,1,45,5,0.0032878262339095703,2.5,0.016305110246509696,93892.15573405306,1530.9219505261863,465633.4737939498,0.9806451378317975,3545697.7414586893,37.76351404159662
Adjuntas,2015-2019,1,50,5,0.004542028978208687,2.5,0.022455164867200242,92361.23378352687,2073.9867319471086,456621.2020877666,0.971291346745786,3080064.26766474,33.34801995914964
Adjuntas,2015-2019,1,55,5,0.007146601631666426,2.5,0.035105790410756,90287.24705157976,3169.605171756906,443512.2223285065,0.9511237484848508,2623443.065576973,29.05662927210793
Adjuntas,2015-2019,1,60,5,0.013041309287201305,2.5,0.0631477239393179,87117.64187982286,5501.2807996714255,421835.0073999357,0.9357133271683142,2179930.8432484665,25.022840336468704
Adjuntas,2015-2019,1,65,5,0.013544062564359945,2.5,0.06550239159703608,81616.36108015143,5346.066844197165,394716.6382902643,0.9186060775428858,1758095.8358485308,21.540973066931898
Adjuntas,2015-2019,1,70,5,0.020698215354010733,2.5,0.09839934945573048,76270.29423595426,7504.947335615056,362589.1028407337,0.8811079187044081,1363379.1975582666,17.875625251168383
Adjuntas,2015-2019,1,75,5,0.030482778095694833,2.5,0.14162135930519673,68765.34690033921,9738.64190111943,319480.12974889745,0.8198573105378424,1000790.0947175329,14.553698044568376
Adjuntas,2015-2019,1,80,5,0.05070918701925672,2.5,0.2250195402255697,59026.70499921978,13282.162019954769,261928.11994621198,0.6155521958962246,681309.9649686354,11.54240212083058
Adjuntas,2015-2019,1,85,NA,0.13080376632851473,9.167909825058695,1,45744.54297926501,45744.54297926501,419381.8450224234,0,419381.8450224234,9.167909825058695
Adjuntas,2015-2019,2,0,1,0.005848461150197094,0.1370098332518344,0.005819091239683875,100000,581.9091239683767,99497.81814807425,0.9940268649745144,8497674.542258061,84.97674542258062
Adjuntas,2015-2019,2,1,4,1.5865104120346268e-4,1.5145323385530343,6.343540250454551e-4,99418.09087603162,63.06626610955573,397515.61433918297,0.9993343960181037,8398176.724109989,84.47332522792064
Adjuntas,2015-2019,2,5,5,7.449802240044961e-5,2.5,3.7242075047871914e-4,99355.02460992207,37.00187282905972,496682.61836753774,0.9995856774016919,8000661.109770805,80.5259838763285
Adjuntas,2015-2019,2,10,5,9.126883166226658e-5,2.5,4.5624005706891736e-4,99318.02273709301,45.31286036153324,496476.83153456124,0.9989994498888526,7503978.491403268,75.55505319781909
Adjuntas,2015-2019,2,15,5,3.0926064356796753e-4,2.5,0.0015451086146284815,99272.70987673147,153.38711922806397,495980.08158558724,0.9978251662110951,7007501.659868706,70.58839905317417
Adjuntas,2015-2019,2,20,5,5.618949000083299e-4,2.5,0.0028055334626804424,99119.32275750341,278.08257679438975,494901.4073455311,0.9969272481772959,6511521.578283119,65.69376582821931
Adjuntas,2015-2019,2,25,5,6.692623060440686e-4,2.5,0.0033407219819765683,98841.24018070902,330.20110379751713,493380.6981440513,0.9963703572883541,6016620.1709375875,60.87155685154848
Adjuntas,2015-2019,2,30,5,7.854456657503524e-4,2.5,0.003919531880433619,98511.0390769115,386.11715823659324,491589.902488966,0.9955670856562171,5523239.472793536,56.067213629543815
Adjuntas,2015-2019,2,35,5,9.921180460800466e-4,2.5,0.0049483169440554305,98124.92191867491,485.55321376428765,489410.7265589638,0.9942623278086641,5031649.570304571,51.277998207985924
Adjuntas,2015-2019,2,40,5,0.00131046987702534,2.5,0.006530952842705105,97639.36870491062,637.6781126032729,486602.64824304497,0.9921353394537805,4542238.843745607,46.520567512816804
Adjuntas,2015-2019,2,45,5,0.0018499435192711245,2.5,0.009207135892915254,97001.69059230735,893.1077471258905,482775.683593722,0.9894911682206033,4055636.1955025615,41.80995373109704
Adjuntas,2015-2019,2,50,5,0.00237858534575907,2.5,0.011822623928732092,96108.58284518146,1136.255631301974,477702.27514765237,0.9841844811016305,3572860.5119088395,37.17524914152836
Adjuntas,2015-2019,2,55,5,0.0040110591961072615,2.5,0.019856185145467962,94972.32721387949,1885.7881128547451,470147.1657872606,0.9757348292039921,3095158.236761187,32.590106271596696
Adjuntas,2015-2019,2,60,5,0.005836636093990701,2.5,0.02876347561997311,93086.53910102474,2677.492397980008,458738.96451017365,0.964551549317497,2625011.0709739267,28.1996848988559
Adjuntas,2015-2019,2,65,5,0.00864935024459166,2.5,0.04233140338735253,90409.04670304473,3827.141825852581,442477.37895059225,0.9434017835177109,2166272.106463753,23.960789162826103
Adjuntas,2015-2019,2,70,5,0.014829245177128048,2.5,0.07149565923586754,86581.90487719215,6190.230367092023,417433.9484682307,0.9065921981598304,1723794.7275131608,19.909410978635695
Adjuntas,2015-2019,2,75,5,0.024855580717193786,2.5,0.11700719889443546,80391.67451010013,9406.40464886,378442.36092835065,0.8588251779130174,1306360.7790449301,16.249951092644594
Adjuntas,2015-2019,2,80,5,0.036811156601653836,2.5,0.16854494691958363,70985.26986124013,11964.20854083504,325015.8279541131,0.6497366345914264,927918.4181165794,13.07198549685655
Adjuntas,2015-2019,2,85,NA,0.09893168073149398,10.215041489842331,1,59021.06132040509,59021.06132040509,602902.5901624664,0,602902.5901624664,10.215041489842331
Adjuntas,2020-2024,1,0,1,0.010741253878229941,0.12785636494868607,0.010641564592861918,100000,1064.1564592861978,99071.9027173348,0.9890357677924427,7897887.427753662,78.97887427753662
Adjuntas,2020-2024,1,1,4,3.1610954035578363e-4,1.620936965881707,0.001263487962222289,98935.8435407138,125.00424734600529,395445.98117888655,0.9986921781789952,7798815.525036327,78.82699783953406
Adjuntas,2020-2024,1,5,5,1.4826041390818723e-4,2.5,7.41027406965751e-4,98810.8392933678,73.22154002166644,493871.1426167848,0.9991777067774045,7403369.54385744,74.92467017587974
Adjuntas,2020-2024,1,10,5,1.8080555030866737e-4,2.5,9.036193030799295e-4,98737.61775334613,89.22121734205575,493465.0357233755,0.9980583523241431,6909498.401240655,69.97837864086506
Adjuntas,2020-2024,1,15,5,5.970127083717644e-4,2.5,0.0029806148794543318,98648.39653600407,294.03287854952214,492506.90048364655,0.9956534265427672,6416033.36551728,65.0394085541532
Adjuntas,2020-2024,1,20,5,0.0011466004576366291,2.5,0.005716615603016766,98354.36365745455,562.25408990898,490366.1830625003,0.9934375487804952,5923526.465033634,60.226371711009214
Adjuntas,2020-2024,1,25,5,0.0014881459151408782,2.5,0.007413149953649764,97792.10956754557,724.9475725079683,487148.1789064579,0.9922571276880278,5433160.281971133,55.55826851468439
Adjuntas,2020-2024,1,30,5,0.0016215585302945085,2.5,0.008075057206732064,97067.1619950376,783.8228860050585,483376.2527601754,0.9909491716374734,4946012.103064675,50.95453499832963
Adjuntas,2020-2024,1,35,5,0.002017028594325724,2.5,0.010034543070866297,96283.33910903255,966.1593132964044,479001.29726192175,0.9884549103660131,4462635.850304499,46.348993414644156
Adjuntas,2020-2024,1,40,5,0.00263138685638772,2.5,0.013070947483417604,95317.17979573614,1245.8858513775485,473471.18435023684,0.9835451298299609,3983634.553042578,41.793458026973425
Adjuntas,2020-2024,1,45,5,0.004016654743957599,2.5,0.019883609731401408,94071.2939443586,1870.4768957175838,465680.277482499,0.9772723710244549,3510163.3686923413,37.313862938555275
Adjuntas,2020-2024,1,50,5,0.005192407968047857,2.5,0.025629344804788706,92200.81704864101,2363.046531422864,455096.4689146479,0.9684837541829234,3044483.091209842,33.02013136829047
Adjuntas,2020-2024,1,55,5,0.007655358519707771,2.5,0.03755799284722356,89837.77051721814,3374.12634249618,440753.5367298503,0.9605407951242408,2589386.6222951943,28.82291721385625
Adjuntas,2020-2024,1,60,5,0.008462236556589531,2.5,0.0414346091228786,86463.64417472197,3582.5872997192637,423361.75262431166,0.9523999625326299,2148633.085565344,24.850133325672463
Adjuntas,2020-2024,1,65,5,0.01110644565989901,2.5,0.054031970440508115,82881.0568750027,4478.226815148228,403209.71733714297,0.9186338956089324,1725271.3329410322,20.816232297121946
Adjuntas,2020-2024,1,70,5,0.02333899957209408,2.5,0.1102615142743043,78402.83005985447,8644.814765790492,370402.11338479613,0.8643883271246399,1322061.6156038893,16.862422116581733
Adjuntas,2020-2024,1,75,5,0.035754380997782276,2.5,0.16410336903974462,69758.01529406398,11447.525327281932,320171.2631521151,0.8057976349901246,951659.5022190931,13.642296131955378
Adjuntas,2020-2024,1,80,5,0.05203113435134574,2.5,0.2302104009981933,58310.48996678205,13423.681277654025,257993.24663977517,0.5914520165554319,631488.239066978,10.82975360739929
Adjuntas,2020-2024,1,85,NA,0.11108880337811154,8.320818595367564,1,44886.808689128025,44886.808689128025,373494.9924272028,0,373494.9924272028,8.320818595367564
Adjuntas,2020-2024,2,0,1,0.0052748428800854135,0.13818877367384685,0.005250972385939268,100000,525.097238593924,99547.4653048669,0.994576397341314,8618271.207472622,86.18271207472623
Adjuntas,2020-2024,2,1,4,1.6077415781608355e-4,1.5154566679280768,6.428398486542281e-4,99474.90276140608,63.94643143603753,397740.7333657901,0.9993424602458503,8518723.742167756,85.63691449490736
Adjuntas,2020-2024,2,5,5,7.531351489496342e-5,2.5,3.7649668625284706e-4,99410.95632997004,37.42789563545375,496961.21191076154,0.9995815016451314,8120983.008801965,81.69102590509615
Adjuntas,2020-2024,2,10,5,9.21243809544049e-5,2.5,4.6051584292965055e-4,99373.52843433458,45.7630842118233,496753.2344611434,0.9990209489907881,7624021.796891204,76.72085229346678
Adjuntas,2020-2024,2,15,5,2.997895319741654e-4,2.5,0.0014978250791721666,99327.76535012276,148.7756179995631,496266.8877056149,0.9978969910627393,7127268.5624300605,71.75504791945117
Adjuntas,2020-2024,2,20,5,5.425550410302938e-4,2.5,0.002709100614663609,99178.9897321232,268.6858620450075,495223.2340055035,0.9968797845210675,6631001.674724446,66.85893547246653
Adjuntas,2020-2024,2,25,5,7.077394501300695e-4,2.5,0.0035324471201941977,98910.30387007819,349.3954180633882,493678.03080523247,0.9960500949872231,6135778.440718942,62.03376393200127
Adjuntas,2020-2024,2,30,5,8.756814133850117e-4,2.5,0.004368842780872031,98560.9084520148,430.59711336676264,491728.04947665706,0.9953997936517088,5642100.409913709,57.244809311600584
Adjuntas,2020-2024,2,35,5,9.688580729894682e-4,2.5,0.004832585142126445,98130.31133864804,474.2230845673912,489465.9989818217,0.9943109247045684,5150372.360437052,52.48503026412603
Adjuntas,2020-2024,2,40,5,0.001314248906167276,2.5,0.006549724609825978,97656.08825408065,639.6204845370958,486681.3900590605,0.9918448582795042,4660906.361455231,47.72776019175098
Adjuntas,2020-2024,2,45,5,0.001963823037213534,2.5,0.009771143195798119,97016.46776954355,947.9617989267426,482712.43435040093,0.9879632408704219,4174224.97139617,43.025942578241214
Adjuntas,2020-2024,2,50,5,0.002885614055950111,2.5,0.014324731165751557,96068.50597061681,1376.1555215244734,476902.14104927285,0.9838292931943471,3691512.5370457694,38.425834770188295
Adjuntas,2020-2024,2,55,5,0.0036415551875658035,2.5,0.01804350984562841,94692.35044909234,1708.5823576339026,469190.2963513769,0.9775051025183564,3214610.3959964965,33.947941737117475
Adjuntas,2020-2024,2,60,5,0.005479668383614413,2.5,0.027028079634465088,92983.76809145843,2513.172688688559,458635.90873557073,0.9669312417193104,2745420.0996451196,29.525799566917275
Adjuntas,2020-2024,2,65,5,0.008012808558015956,2.5,0.03927724027260092,90470.59540276988,3553.4353132398683,443469.3887307497,0.9444506696328435,2286784.1909095487,25.276546271514157
Adjuntas,2020-2024,2,70,5,0.015042525825482829,2.5,0.07248667251898863,86917.16008953,6300.335719690265,418834.96114842437,0.9224141248405366,1843314.8021787992,21.207720089796673
Adjuntas,2020-2024,2,75,5,0.017336924714880242,2.5,0.08308358876571792,80616.82436983974,6697.935083541874,386339.284140344,0.8844329590863537,1424479.8410303749,17.669758789993956
Adjuntas,2020-2024,2,80,5,0.032664874543371226,2.5,0.15099388217194798,73918.88928629787,11161.30005917653,341691.196283548,0.6708622989288116,1038140.5568900307,14.044320293682604
Adjuntas,2020-2024,2,85,NA,0.07341442377979134,11.097452422622776,1,62757.58922712134,62757.58922712134,696449.3606064827,0,696449.3606064827,11.097452422622776
Aguada,1980-1984,1,0,1,0.014769688352971254,0.11981782537606352,0.0145801462128991,100000,1458.014621289898,98716.68151999956,0.984931463113966,7292886.120646763,72.92886120646763
Aguada,1980-1984,1,1,4,4.4495403364091434e-4,1.609070019460535,0.0017779246823870652,98541.9853787101,175.20022805623012,393749.0500369834,0.9981157349036315,7194169.439126763,73.00613450681557
Aguada,1980-1984,1,5,5,0.00024098263701139629,2.5,0.0012041877142299018,98366.78515065387,118.45207416672201,491537.79556785256,0.998589806772363,6800420.389089779,69.13329919926304
Aguada,1980-1984,1,10,5,3.235509233642595e-4,2.5,0.00161644710943423,98248.33307648715,158.81323400822293,490844.63229741517,0.9971791685035044,6308882.593521927,64.21363493882801
Aguada,1980-1984,1,15,5,8.07058250566685e-4,2.5,0.004027165859250653,98089.51984247893,395.0227654599148,489460.04229874484,0.994649280727698,5818037.961224511,59.31355327834866
Aguada,1980-1984,1,20,5,0.0013404015708720603,2.5,0.006679624406741223,97694.49707701901,652.5625470799569,486841.0790173952,0.9916193102373054,5328577.918925767,54.54327601200401
Aguada,1980-1984,1,25,5,0.002028877729019075,2.5,0.010093194003773063,97041.93452993906,979.4630717121181,482761.0149704149,0.9891145078792899,4841736.839908372,49.893243198017814
Aguada,1980-1984,1,30,5,0.0023509099307931717,2.5,0.011685868592654818,96062.47145822694,1122.573418146494,477505.92374576844,0.9878179919208319,4358975.824937956,45.37646969486383
Aguada,1980-1984,1,35,5,0.002552993893106009,2.5,0.0126840139402065,94939.89804008044,1204.218990222158,471688.9427248468,0.9853896480684862,3881469.9011921883,40.88344290778111
Aguada,1980-1984,1,40,5,0.003339944646212466,2.5,0.016561437519619245,93735.679049858285,1552.3975919433142,464797.40126943315,0.9791599123478026,3409780.9584673415,36.376553656304864
Aguada,1980-1984,1,45,5,0.005102425407395377,2.5,0.02519079169799623,92183.28145791497,2322.169841244089,455110.9826864646,0.9668330069464448,2944983.557197908,31.947046260686655
Aguada,1980-1984,1,50,5,0.00844444878833039,2.5,0.04134931354009704,89861.11161667088,3715.6952792993834,440016.31988510594,0.9557948659426556,2489872.5745114437,27.70800994686924
Aguada,1980-1984,1,55,5,0.009664840400138267,2.5,0.047184134184901874,86145.4163373715,4064.6968838767934,420565.3394771655,0.9345034972465689,2049856.2546263377,23.795302661240626
Aguada,1980-1984,1,60,5,0.017692561611539665,2.5,0.0847157131229644,82080.7194534947,6953.526682148775,393019.78056210163,0.8983322824639419,1629290.915149172,19.84986152652202
Aguada,1980-1984,1,65,5,0.025574640755277267,2.5,0.12018874390583685,75127.19277134593,9029.442932359729,353062.35652583034,0.8433286759478295,1236271.1345870704,16.455707833377122
Aguada,1980-1984,1,70,5,0.043985091368914465,2.5,0.19813769526944108,66097.7498389862,13096.455815592803,297747.609655949,0.7896615001803095,883208.7780612401,13.36216104500883
Aguada,1980-1984,1,75,5,0.05084496148006954,2.5,0.22555408543616268,53001.2940233934,11954.658400379652,235119.82411601787,0.7235226994305795,585461.1684052912,11.046167441626684
Aguada,1980-1984,1,80,5,0.08257648142168778,2.5,0.3422316859637025,41046.635623013746,14047.459312401763,170114.5298340643,0.5144320457547754,350341.34428927326,8.535202434297593
Aguada,1980-1984,1,85,NA,0.17602390709231866,6.675270844628363,1,26999.176310611983,26999.176310611983,180226.81445520895,0,180226.81445520895,6.675270844628363
Aguada,1980-1984,2,0,1,0.009512474827929425,0.1294792958604015,0.0094343507965554,100000,943.4350796555373,99178.72023014826,0.9902858641804736,7774481.66071182,77.7448166071182
Aguada,1980-1984,2,1,4,2.656378326635285e-4,1.5086503112540044,0.0010618486027192471,99056.56492034446,105.18307505083794,395964.2118600886,0.9987792744718796,7675302.940481672,77.48404102901918
Aguada,1980-1984,2,5,5,1.7665824131113758e-4,2.5,8.829012770885334e-4,98951.38184529362,87.36430140088487,494538.4984729659,0.9991355565962772,7279338.728621583,73.5648011465118
Aguada,1980-1984,2,10,5,1.692654405715577e-4,2.5,8.459692194761769e-4,98864.01754389274,83.63591575590544,494110.99793007394,0.9984016346880398,6784800.230148617,68.62759979520723
Aguada,1980-1984,2,15,5,4.7083324774339647e-4,2.5,0.0023513984472977824,98780.38162813683,232.27203598388587,493321.2280507244,0.9966279230659992,6290689.232218543,63.68358907439864
Aguada,1980-1984,2,20,5,8.809682184660006e-4,2.5,0.004395161099221372,98548.10959215295,433.13481768123165,491657.71091656166,0.9953770564019395,5797368.004167819,58.82779515670632
Aguada,1980-1984,2,25,5,9.72705985667465e-4,2.5,0.004851731657277609,98114.97477447172,476.0275291662838,489384.80504944286,0.994616362361453,5305710.293251257,54.07645780317457
Aguada,1980-1984,2,30,5,0.0011871402024273676,2.5,0.005918136866642192,97638.94724530543,577.8406533125817,486750.1345932457,0.9932940667939035,4816325.488201815,49.32791292906313
Aguada,1980-1984,2,35,5,0.0015053277070681045,2.5,0.007498419588426322,97061.10659199285,727.8049029437389,483486.0207026049,0.9914329058348558,4329575.353608569,44.60669680810894
Aguada,1980-1984,2,40,5,0.0019381139638204687,2.5,0.009643842653821696,96333.30168904911,929.0232038123213,479343.9504357148,0.9877643571997825,3846089.332905964,39.92481587852787
Aguada,1980-1984,2,45,5,0.0029927615171769033,2.5,0.014852681253677266,95404.27848523679,1417.009338578282,473478.8690797382,0.9805323633659442,3366745.382470249,35.28924945427088
Aguada,1980-1984,2,50,5,0.004889479751578802,2.5,0.02415216989376339,93987.26914665851,2269.996492280945,464261.3545025902,0.971699466223025,2893266.513390511,30.78360015839841
Aguada,1980-1984,2,55,5,0.006618027469138492,2.5,0.032551569394649066,91717.27265437756,2985.5411654969357,451122.5103581455,0.9543425493021522,2429005.158887921,26.483617410226024
Aguada,1980-1984,2,60,5,0.01220206813425193,2.5,0.0592043033140619,88731.73148888063,5253.300344649586,430525.4065827792,0.9282045615079173,1977882.6485297752,22.29059002165006
Aguada,1980-1984,2,65,5,0.01779360708565128,2.5,0.0851789342099887,83478.43114423104,7110.603794387527,399615.6462351864,0.8906081783677808,1547357.241946996,18.536012485351186
Aguada,1980-1984,2,70,5,0.02915212570225788,2.5,0.13585916954065552,76367.82734984352,10375.26960337389,355900.9627407829,0.8403777857804708,1147741.5957118096,15.02912463980372
Aguada,1980-1984,2,75,5,0.04128709798454559,2.5,0.1871212558586588,65992.55774646963,12348.610282844464,299091.26302523696,0.7634210601978522,791840.6329710267,11.998938365339953
Aguada,1980-1984,2,80,5,0.069875565028935,2.5,0.29742157383575396,53643.94746362516,15954.867281393897,228332.56911464105,0.5366151982299617,492749.3699457898,9.185553883407124
Aguada,1980-1984,2,85,NA,0.1590388563886448,7.015740356428481,1,37689.080182231264,37689.080182231264,264416.80083114875,0,264416.80083114875,7.015740356428481
Aguada,1985-1989,1,0,1,0.012182416427249265,0.12498059714024545,0.012053923402852332,100000,1205.3923402852379,98945.25831419189,0.9873484871450461,7287344.980828731,72.87344980828732
Aguada,1985-1989,1,1,4,4.7774464085098404e-4,1.6166815287872058,0.0019088051641973519,98794.60765971476,188.5796572957188,394728.9852583312,0.9981328946527054,7188399.72251454,72.76105338941223
Aguada,1985-1989,1,5,5,2.2537745304635943e-4,2.5,0.0011262526853275327,98606.02800241904,111.05530382720463,492752.5017525272,0.9987951730255772,6793670.737256208,68.89711384672692
Aguada,1985-1989,1,10,5,2.568628119673709e-4,2.5,0.001283489857801838,98494.97269859184,126.41729850310367,492158.8202467014,0.9970508497526334,6300918.235503681,63.971978090550444
Aguada,1985-1989,1,15,5,9.255268045839999e-4,2.5,0.004616951242593805,98368.55540008874,454.16282408659754,490707.3699402272,0.992860387866112,5808759.41525698,59.05097814673956
Aguada,1985-1989,1,20,5,0.0019441988748487868,2.5,0.009673974050582786,97914.39257600214,947.2212929588131,487203.90964761365,0.990890749606424,5318052.045316753,54.31328230105525
Aguada,1985-1989,1,25,5,0.0017151247836925648,2.5,0.00853901024820059,96967.17128304332,828.0036693249276,482765.84724190435,0.98984590151015,4830848.135669139,49.819419002830195
Aguada,1985-1989,1,30,5,0.0023705857736719405,2.5,0.011783096764460627,96139.1676137184,1132.8171148471447,477863.79528147413,0.9866092033768189,4348082.288427235,45.22696000341481
Aguada,1985-1989,1,35,5,0.0030262568658201974,2.5,0.015017666041682894,95006.35049887125,1426.7736436311243,471464.81838527846,0.9835292717305204,3870218.4931457606,40.73641891119417
Aguada,1985-1989,1,40,5,0.0036216862521074194,2.5,0.017945944806569518,93579.57685524013,1679.3739212662622,463699.449473035,0.978096247786799,3398753.6747604823,36.31939563071624
Aguada,1985-1989,1,45,5,0.005254917033781857,2.5,0.025933884145044488,91900.20293397387,2383.329215795762,453542.69163037994,0.9688640465250826,2935054.225287447,31.937407443987375
Aguada,1985-1989,1,50,5,0.007430830344057623,2.5,0.03647652455648784,89516.8737181781,3265.2644424011523,439421.2074848876,0.954966061345947,2481511.5336570675,27.721159493007956
Aguada,1985-1989,1,55,5,0.01108180232358003,2.5,0.05391531447484057,86251.60927577695,4650.282638064586,419632.3397837233,0.9340566751488274,2042090.3261721795,23.675967826210563
Aguada,1985-1989,1,60,5,0.016375374239953843,2.5,0.07865678545396801,81601.32663771237,6418.49804210171,391960.3880833076,0.908266437359715,1622457.9863884563,19.88274030876639
Aguada,1985-1989,1,65,5,0.022370143804084277,2.5,0.10592672863951592,75182.82859561066,7963.8710829984775,356004.4652705571,0.8645154912878756,1230497.5983051488,16.366737209684977
Aguada,1985-1989,1,70,5,0.03681097678580353,2.5,0.16854419299016066,67218.95751261218,11329.36494760312,307771.3751940531,0.7928276434938585,874493.1330345917,13.009620580183975
Aguada,1985-1989,1,75,5,0.05809328949944698,2.5,0.25363082512265056,55889.59256500906,14175.323478032005,244009.6541299653,0.6957541386724466,566721.7578405385,10.14002306746726
Aguada,1985-1989,1,80,5,0.09141886694765157,2.5,0.3720608755438361,41714.26908697705,15520.247479171863,169770.7267369556,0.47392513393542957,322712.1037105733,7.736252145223901
Aguada,1985-1989,1,85,NA,0.1761899305090344,5.838789448354308,1,26194.02160780519,26194.02160780519,152941.37697361768,0,152941.37697361768,5.838789448354308
Aguada,1985-1989,2,0,1,0.007428256483704921,0.13376292729673578,0.00738076398981248,100000,738.0763989812403,99360.65086071512,0.9922823835275877,7813302.78315039,78.1330278315039
Aguada,1985-1989,2,1,4,2.706192240855238e-4,1.511991496988575,0.001081748551871944,99261.92360101876,107.37644211143197,396780.5409030787,0.9989456660282883,7713942.132289674,77.71300265442875
Aguada,1985-1989,2,5,5,1.2480782771317022e-4,2.5,6.23844486877756e-4,99154.54715890733,61.85701759395306,495618.0932505517,0.9993126946806068,7317161.591386596,73.79552225335613
Aguada,1985-1989,2,10,5,1.5021754536213695e-4,2.5,7.508057663125367e-4,99092.69014131337,74.39936315751402,495277.4522986731,0.9984162377351062,6821543.498136044,68.84002733610347
Aguada,1985-1989,2,15,5,4.8405398703421285e-4,2.5,0.00241734462191538,99018.29077815586,239.361332683824,494493.0505590697,0.9965869226213551,6326266.045837371,63.88987323575363
Aguada,1985-1989,2,20,5,8.841947896586255e-4,2.5,0.004411222997317501,98778.92944547204,435.73588522028876,492805.3075143094,0.9955710279276185,5831772.995278301,59.03863332004987
Aguada,1985-1989,2,25,5,8.913417670873825e-4,2.5,0.004446799789481312,98343.19356025175,437.31249242063495,490622.6865702072,0.9949963382317364,5338967.687763992,54.28914289317822
Aguada,1985-1989,2,30,5,0.0011157055534404192,2.5,0.005563011061364558,97905.88106783111,544.6514993529854,488167.7765907731,0.9936181107939256,4848345.001193784,49.52046749709301
Aguada,1985-1989,2,35,5,0.0014462801285305765,2.5,0.0072053482626244425,97361.22956847813,701.5215663182171,485052.34392659506,0.9908956679503342,4360177.224603011,44.783506164908495
Aguada,1985-1989,2,40,5,0.002215624472228269,2.5,0.011017097981390086,96659.70800215991,1064.9094739123539,480636.26632601867,0.9880232557413836,3875124.880676416,40.0903847194513
Aguada,1985-1989,2,45,5,0.0026062880769806016,2.5,0.01294708082891276,95594.79852824756,1237.6735833688435,474879.8086828157,0.9834434844371392,3394488.6143503976,35.5091350848692
Aguada,1985-1989,2,50,5,0.004083933862719454,2.5,0.020213294914649585,94357.12494487871,1907.2683938092669,467017.45373987034,0.975098361176207,2919608.805667582,30.942112822673973
Aguada,1985-1989,2,55,5,0.006026798834641731,2.5,0.02968670468027999,92449.85655106945,2744.531589165854,455387.9537824326,0.9610786272875135,2452591.3519277116,26.528882179204857
Aguada,1985-1989,2,60,5,0.009928168184618646,2.5,0.04843857512200682,89705.32496190359,4345.198122011207,437663.62950448995,0.9366268953677607,1997203.3981452791,22.264045071944828
Aguada,1985-1989,2,65,5,0.016464478806389758,2.5,0.07906786602102472,85360.12683989239,6749.243072514277,409927.52651817625,0.8906171059036221,1559539.7686407892,18.270120094432084
Aguada,1985-1989,2,70,5,0.030640191673024553,2.5,0.1423006596480849,78610.88376737811,11186.380615616843,365088.46729784843,0.8311854887064292,1149612.242122613,14.624084948904724
Aguada,1985-1989,2,75,5,0.044377113587255566,2.5,0.19972726871111426,67424.50315176127,13466.511858705184,303456.2361120433,0.7547686968183916,784523.7748247645,11.635588519783866
Aguada,1985-1989,2,80,5,0.07116803851539777,2.5,0.3020919616688813,53957.99129305608,16300.27543743173,229039.2678717011,0.5238937374893707,481067.53871272114,8.91559391267833
Aguada,1985-1989,2,85,NA,0.14028466405818812,6.69260641848989,1,37657.71585562435,37657.71585562435,252028.27084102004,0,252028.27084102004,6.69260641848989
Aguada,1990-1994,1,0,1,0.01241656204866328,0.12451337125999487,0.012283038856553753,100000,1228.3038856553758,98924.63637207933,0.9871987522336938,7288934.380511563,72.88934380511563
Aguada,1990-1994,1,1,4,4.379224007187478e-4,1.6159912039252036,0.001749862727192497,98771.69611434462,172.83690953208134,394674.7397447676,0.9981395260018628,7190009.744139484,72.79423181936508
Aguada,1990-1994,1,5,5,2.543217066594351e-4,2.5,0.0012708005528835925,98598.85920481254,125.29948479116138,492681.0473120848,0.9986711299570454,6795335.004394717,68.91900230082014
Aguada,1990-1994,1,10,5,2.775951984657156e-4,2.5,0.0013870134216634248,98473.55972002138,136.58414901065407,492026.3382275803,0.9970060372015292,6302653.957082631,64.00351500445649
Aguada,1990-1994,1,15,5,9.227526079027703e-4,2.5,0.004603144131384383,98336.97557101073,452.65927199779253,490553.22967505915,0.9935016692249989,5810627.618855051,59.08893969043315
Aguada,1990-1994,1,20,5,0.0016875459337732952,2.5,0.008402281578585575,97884.31629901293,822.4515876716468,487365.45252588554,0.9905564723963288,5320074.389179992,54.350631340453454
Aguada,1990-1994,1,25,5,0.002109788957957566,2.5,0.010493596604175951,97061.86471134129,1018.5280539299129,482763.00342188164,0.9892449365237683,4832708.936654107,49.78998653102761
Aguada,1990-1994,1,30,5,0.002216070410467475,2.5,0.011019303173072831,96043.33665741138,1058.330644381509,477570.8566761031,0.9859540799999766,4349945.933232225,45.29149116037664
Aguada,1990-1994,1,35,5,0.003450766783724831,2.5,0.017106259637249176,94985.00601302987,1624.8381745045626,470862.9346288879,0.9801440430506853,3872375.0765561215,40.76827742712272
Aguada,1990-1994,1,40,5,0.004582608064444223,2.5,0.022653509928999612,93360.1678385253,2114.9354891031107,461513.5004698687,0.9770966452503684,3401512.141927234,36.434297631195896
Aguada,1990-1994,1,45,5,0.004686060337700971,2.5,0.023158990619991035,91245.2323494222,2113.147480099171,450943.29304686305,0.965065554524038,2939998.641457365,32.22084667611658
Aguada,1990-1994,1,50,5,0.009623924311819921,2.5,0.046989073345695784,89132.08486932302,4188.234073379397,435189.83916316665,0.9507815270941966,2489055.348410502,27.925469846909987
Aguada,1990-1994,1,55,5,0.010584413520588287,2.5,0.05155779504551282,84943.85079594362,4379.517649713889,413770.4598554334,0.9335512267430531,2053865.5092473354,24.17909583804052
Aguada,1990-1994,1,60,5,0.017133602660449294,2.5,0.08214923252968526,80564.33314622974,6618.2981372286595,386275.92038807704,0.9020561040955408,1640095.049391902,20.357582385930236
Aguada,1990-1994,1,65,5,0.024437455277171508,2.5,0.11515220899255016,73946.03500900108,8515.04927752693,348442.55185118807,0.8667658134163148,1253819.129003825,16.95586692175184
Aguada,1990-1994,1,70,5,0.033291829130370494,2.5,0.15366931426880667,65430.985731474146,10054.734709287703,302018.09188415145,0.8114111579374832,905376.5771526368,13.837122687838786
Aguada,1990-1994,1,75,5,0.05193878255477884,2.5,0.22984875190915227,55376.25102218644,12728.162182857472,245060.84965378852,0.7208907394702581,603358.4852684854,10.895618141913406
Aguada,1990-1994,1,80,5,0.08282104123156264,2.5,0.34307138322019143,42648.08883932897,14631.338829806205,176662.09712212934,0.5069403770442216,358297.6356146969,8.401258892620858
Aguada,1990-1994,1,85,NA,0.1836214130485232,6.4831052292228915,1,28016.750009522766,28016.750009522766,181635.53849256755,0,181635.53849256755,6.4831052292228915
Aguada,1990-1994,2,0,1,0.008503388176556595,0.1315532413823685,0.008441053194241824,100000,844.1053194241831,99266.93947141417,0.9913236572690718,7941917.604433773,79.41917604433773
Aguada,1990-1994,2,1,4,2.3172100946430572e-4,1.5102664064529685,9.263496049253412e-4,99155.89468057582,91.85302386336843,396394.88916312176,0.9989927596148436,7842650.664962359,79.0941445309625
Aguada,1990-1994,2,5,5,1.2733616569877886e-4,2.5,6.364782117563045e-4,99064.04165671245,63.05210408300627,495162.5780233547,0.9993310471383513,7446255.775799237,75.16608096409813
Aguada,1990-1994,2,10,5,1.4033885904208773e-4,2.5,7.014481941123415e-4,99000.98955262944,69.44406533704023,494831.3375998046,0.9985963040145421,6951093.197775883,70.21236079747108
Aguada,1990-1994,2,15,5,4.2173151797974515e-4,2.5,0.002106436713017453,98931.5454872924,208.39303948997986,494136.74483773706,0.9970223130952265,6456261.860176078,65.25989085054144
Aguada,1990-1994,2,20,5,7.716409490789273e-4,2.5,0.0038507762038829992,98723.15244780242,380.1607662183087,492665.3603234663,0.9957574133834067,5962125.115338341,60.392369646934405
Aguada,1990-1994,2,25,5,9.293364881051755e-4,2.5,0.004635911635928628,98342.99168158411,455.90941944868246,490575.18485929887,0.9948408562719329,5469459.755014875,55.61616198055012
Aguada,1990-1994,2,30,5,0.0011402034767373959,2.5,0.0056848127754590295,97887.08226213543,556.4697357961995,488044.23697118665,0.9933225068705743,4978884.570155576,50.86355068611032
Aguada,1990-1994,2,35,5,0.0015410843552267827,2.5,0.007675848949311742,97330.61252633923,747.0950798961712,484785.3249319558,0.9912660299833709,4490840.333184389,46.14006032243037
Aguada,1990-1994,2,40,5,0.0019697070134215354,2.5,0.009800275886738739,96583.51744644306,946.5451170867891,480551.22443949827,0.9891360616807895,4006055.0082524335,41.477625936266485
Aguada,1990-1994,2,45,5,0.002401963093151763,2.5,0.011938128107967176,95636.97232935627,1141.7264275259513,475330.5455779665,0.9853788108447707,3525503.783812935,36.863398097461136
Aguada,1990-1994,2,50,5,0.0034976524063727557,2.5,0.01733666793605124,94495.24590183032,1638.2326997355412,468380.6477598127,0.9785237195531792,3050173.2382349684,32.27858935256645
Aguada,1990-1994,2,55,5,0.005204635994599265,2.5,0.025688926198113065,92857.01320209478,2385.396959125821,458321.57361265935,0.9622701724652721,2581792.590475156,27.803959027371697
Aguada,1990-1994,2,60,5,0.010274967781617175,2.5,0.050088202247261536,90471.61624296896,4531.560612014466,441029.17968480865,0.9378201561146886,2123471.0168624967,23.47112945522871
Aguada,1990-1994,2,65,5,0.01556478571859805,2.5,0.07490906955305798,85940.05563095449,6437.689604652842,413606.0541431403,0.9001436751085835,1682441.8371776878,19.57692283098423
Aguada,1990-1994,2,70,5,0.027082059133535476,2.5,0.12682367968572403,79502.36602630165,10082.782603176864,372304.8736235661,0.8561715100183931,1268835.7830345475,15.959723546023529
Aguada,1990-1994,2,75,5,0.03556452942291096,2.5,0.1633031480778804,69419.58342312479,11336.436511251326,318756.8258374956,0.7902686100732107,896530.9094109815,12.914668530153302
Aguada,1990-1994,2,80,5,0.061153924035180426,2.5,0.2652213104903131,58083.14691187346,15404.88834136846,251903.51370594616,0.5640103617179515,577774.0835734858,9.947361916359533
Aguada,1990-1994,2,85,NA,0.14601045718588207,7.635517023947861,1,42678.258570505,42678.258570505,325870.5698675396,0,325870.5698675396,7.635517023947861
Aguada,1995-1999,1,0,1,0.01166794690360249,0.1260071953512064,0.011550161799689705,100000,1155.0161799689668,98990.52416945419,0.9879017318756381,7261629.399170622,72.61629399170623
Aguada,1995-1999,1,1,4,4.4603595313624995e-4,1.618199362497535,0.001782250405467428,98844.98382003103,176.16651249167626,394960.3417683649,0.9982010070040224,7162638.875001169,72.46335219238159
Aguada,1995-1999,1,5,5,2.286402960551235e-4,2.5,0.0011425483987652402,98668.81730753936,112.73389922278875,493062.2517896398,0.9987460567648417,6767678.533232803,68.5898414302335
Aguada,1995-1999,1,10,5,2.7327967520821033e-4,2.5,0.0013654654911262442,98556.08340831657,134.5749308346276,492443.9797144963,0.9972367265974229,6274616.281443164,63.66543864621233
Aguada,1995-1999,1,15,5,8.34335182039956e-4,2.5,0.0041629925822648925,98421.50847748194,409.728009727085,491083.222363092,0.9941543264137133,5782172.301728668,58.74907214058381
Aguada,1995-1999,1,20,5,0.0015127774556893973,2.5,0.007535388862469495,98011.78046775486,738.556878927513,488212.5101414555,0.9905089483414234,5291089.079365576,53.984215510770206
Aguada,1995-1999,1,25,5,0.0023055250652354677,2.5,0.011461563024080357,97273.22358882734,1114.9031827188155,483578.85998733965,0.9883030725494555,4802876.56922412,49.37511467210974
Aguada,1995-1999,1,30,5,0.002401334146275835,2.5,0.011935020798926737,96158.32040610853,1147.6515540367545,477922.4731454507,0.9861897749953853,4319297.70923678,44.9186060134469
Aguada,1995-1999,1,35,5,0.0031664857360590246,2.5,0.015708080150947996,95010.66885207177,1492.4352015235345,471322.2562565501,0.9807940559432601,3841375.2360913297,40.430988251142765
Aguada,1995-1999,1,40,5,0.004604322242036634,2.5,0.022759629538916797,93518.23365054824,2128.4403530203417,462270.06737019034,0.9762081329284026,3370052.9798347796,36.03631985210216
Aguada,1995-1999,1,45,5,0.0050321488019836455,2.5,0.02484814510091551,91389.7932975279,2270.86684459963,451271.7993761404,0.9686204434944308,2907782.9124645893,31.817370491232364
Aguada,1995-1999,1,50,5,0.007763282151175531,2.5,0.03807739681817328,89118.92645292827,3393.416726557756,437111.0904482469,0.9530371752413211,2456511.1130884485,27.56441544867524
Aguada,1995-1999,1,55,5,0.011564971481311978,2.5,0.0561999795059678,85725.50972637051,4817.771889760654,416583.1189074509,0.93249452735106,2019400.0226402017,23.556582271554607
Aguada,1995-1999,1,60,5,0.01655475407680582,2.5,0.07948416823855717,80907.73783660986,6430.884246006186,388461.47856803384,0.9018227229465275,1602816.903732751,19.810427860059313
Aguada,1995-1999,1,65,5,0.025189159872089452,2.5,0.11848448760860769,74476.85359060367,8824.351836383983,350323.38836205844,0.8542639384303752,1214355.425164717,16.305138665497083
Aguada,1995-1999,1,70,5,0.0387529699738796,2.5,0.17665051920303446,65652.50175421969,11597.548521861027,299268.6374664459,0.7864402804485315,864032.0368026587,13.160687159147361
Aguada,1995-1999,1,75,5,0.05934451605160646,2.5,0.2583878286464151,54054.95323235866,13967.141993292673,235356.91117856163,0.7013173220789477,564763.3993362128,10.447949088190704
Aguada,1995-1999,1,80,5,0.08573658916419248,2.5,0.35301680407366276,40087.81123906599,14151.671005923337,165059.8786805216,0.49891734190273335,329406.48815765115,8.217123309457243
Aguada,1995-1999,1,85,NA,0.15491529903964757,6.336587017181463,1,25936.14023314265,25936.14023314265,164346.60947712953,0,164346.60947712953,6.336587017181463
Aguada,1995-1999,2,0,1,0.00857644351323245,0.13140309294055874,0.008513025962060885,100000,851.3025962060929,99260.56119796372,0.99126440896105406,7863899.246974368,78.63899246974367
Aguada,1995-1999,2,1,4,2.2610692907649914e-4,1.510149306759727,9.039188348650617e-4,99148.6974037939,89.62237503562937,396371.6432825633,0.9990370599685209,7764638.685776404,78.31306803914997
Aguada,1995-1999,2,5,5,1.1344711918925365e-4,2.5,5.670747634505724e-4,99059.07502875828,56.173901539557846,495154.9403899425,0.9993882259615229,7368267.042493841,74.38255445404398
Aguada,1995-1999,2,10,5,1.3134284834631367e-4,2.5,6.564986757165577e-4,99002.90112721872,64.99527348212723,494852.01745238825,0.9985654135919658,6873112.102103898,69.42334036526819
Aguada,1995-1999,2,15,5,4.4312741944033617e-4,2.5,0.002213185289486497,98937.90585373659,218.96791780808417,494142.10947416275,0.9968865400248912,6378260.084651509,64.46730431186523
Aguada,1995-1999,2,20,5,8.047621653946478e-4,2.5,0.004015731554918789,98718.93793592851,396.42875413737784,492603.6177942991,0.995443205083634,5884117.975177347,59.604753639026306
Aguada,1995-1999,2,25,5,0.0010226156509513804,2.5,0.005100039803448199,98322.50918179113,501.44871040203725,490358.92413295055,0.9948814757752863,5391514.357383048,54.83499559001827
Aguada,1995-1999,2,30,5,0.0010300664590578118,2.5,0.005137103400515103,97821.0604713891,502.51690238957235,487849.0101009715,0.9938138620814846,4901155.433250098,50.10327438316412
Aguada,1995-1999,2,35,5,0.001453379514472877,2.5,0.007240589262098768,97318.54356899952,704.6436015687796,484831.1088410757,0.9916235117346655,4413306.423149126,45.34908005502631
Aguada,1995-1999,2,40,5,0.0019132420411675022,2.5,0.009520671831815538,96613.89996743074,919.8292359817715,480769.92674719926,0.9903727254335077,3928475.31430805,40.66159543950061
Aguada,1995-1999,2,45,5,0.0019565035826094993,2.5,0.009734901986515073,95694.07073144897,931.5723992612911,476141.4226590916,0.985198495466933,3447705.387560851,36.02841180449224
Aguada,1995-1999,2,50,5,0.004023654368999572,2.5,0.019917914832405934,94762.49833218768,1887.471371086518,469093.8132332221,0.9757904040457822,2971563.9649017593,31.358016274381164
Aguada,1995-1999,2,55,5,0.005800614547160439,2.5,0.02858849562676705,92875.02696110116,2655.157302113308,457737.2415502225,0.9648727773899586,2502470.151668537,26.94448910057002
Aguada,1995-1999,2,60,5,0.008550634539792564,2.5,0.04185838335277258,90219.86965898785,3776.457890223086,441658.20356938156,0.9466792678883047,2044732.9101183147,22.663886767371483
Aguada,1995-1999,2,65,5,0.013497346713198676,2.5,0.06528383710553974,86443.41176876477,5643.357612759137,418108.66481192596,0.8947755977586588,1603074.706548933,18.544787552313892
Aguada,1995-1999,2,70,5,0.031954843488087456,2.5,0.14795455575887628,80800.05415600563,11954.736117944965,374113.43048516574,0.8356592154341586,1184966.041737007,14.665411479169558
Aguada,1995-1999,2,75,5,0.040424936043693724,2.5,0.1835724217017687,68845.31803806066,12638.101755075244,312631.3358026152,0.7652298222767795,810852.6112518413,11.777890412294514
Aguada,1995-1999,2,80,5,0.06989159790775896,2.5,0.29747966645481017,56207.21628298542,16720.503952215884,239234.82153438742,0.5198221486654118,498221.27544922614,8.864009079205076
Aguada,1995-1999,2,85,NA,0.14783268970351468,6.5588254536204245,1,39486.71233076954,39486.71233076954,258986.4539148387,0,258986.4539148387,6.5588254536204245
Aguada,2000-2004,1,0,1,0.010053817974162486,0.12922810892345749,0.00996656486390709,100000,996.6564863907115,99132.13954659186,0.9896271336641144,7510049.66479843,75.1004966479843
Aguada,2000-2004,1,1,4,3.5292973699274286e-4,1.622970740065048,0.0014105356153509704,99003.34351360929,139.6477420647716,395681.42728546535,0.9985523879240618,7410917.525251838,74.85522470494253
Aguada,2000-2004,1,5,5,1.7908224501205804e-4,2.5,8.950105238255e-4,98863.69577154452,88.48404813981324,494097.26873737306,0.9990372997346354,7015236.097966373,70.95866731684065
Aguada,2000-2004,1,10,5,2.0619636643045005e-4,2.5,0.0010304506442056973,98775.2117234047,101.78298055194318,493621.60116564366,0.9975214497834188,6521138.829229,66.01999343205479
Aguada,2000-2004,1,15,5,7.871747724046457e-4,2.5,0.003928143523313385,98673.42874285276,387.60339003935223,492398.1352391654,0.9947501085008038,6027517.228063356,61.0855151671209
Aguada,2000-2004,1,20,5,0.001319710162437062,2.5,0.00657685196624357,98285.82535281341,646.4113237255224,489813.0984547532,0.9925834155708307,5535119.092824191,56.31655503685252
Aguada,2000-2004,1,25,5,0.0016592294243436545,2.5,0.008261876251277259,97639.41402908789,806.6847559555463,486180.35825555056,0.990744891417891,5045305.994369438,51.67284179794836
Aguada,2000-2004,1,30,5,0.002061897089952612,2.5,0.010256615236988285,96832.72927313234,993.1760465019761,481680.7062494068,0.9875811929503883,4559125.636113887,47.08248616285654
Aguada,2000-2004,1,35,5,0.002942163895620108,2.5,0.014603405447449072,95839.55322663036,1399.5838536708616,475698.8064989747,0.9847269588493738,4077444.92986448,42.54449016704624
Aguada,2000-2004,1,40,5,0.0032161733119716405,2.5,0.0159526007379831,94439.9693729595,1506.5631251141895,468433.43905201205,0.9822967940687699,3601746.1233655056,38.13794251818949
Aguada,2000-2004,1,45,5,0.003934767051932155,2.5,0.019482190555913596,92933.40624784531,1810.54632953064,460140.66541539994,0.9746244048606509,3133312.6843134933,33.71567674983548
Aguada,2000-2004,1,50,5,0.006377298755099591,2.5,0.03138609747461718,91122.85991831467,2859.990963562115,448464.3221826681,0.9640726066428099,2673172.0188980936,29.33591001527396
Aguada,2000-2004,1,55,5,0.008291552454345472,2.5,0.04061584132467507,88262.86895475256,3584.870680326814,432352.16807294573,0.9455284548227891,2224707.6967154252,25.2054768110462
Aguada,2000-2004,1,60,5,0.014274626583362312,2.5,0.06891383477230606,84677.99827442574,5835.485581933404,408801.2774172952,0.9152539631275377,1792355.5286424798,21.166720578748055
Aguada,2000-2004,1,65,5,0.021440812010871377,2.5,0.10175005077732384,78842.51269249234,8022.22966987289,374156.98928777943,0.8703447202447373,1383554.2512251844,17.548327722905402
Aguada,2000-2004,1,70,5,0.034953161872090556,2.5,0.16072149801899568,70820.28302261945,11382.341977524651,325645.56016928557,0.8092491279236883,1009397.2619374051,14.252940243334123
Aguada,2000-2004,1,75,5,0.05109327342065818,2.5,0.22653085927535943,59437.9410450948,13464.527858503476,263528.3855792153,0.7375203336869739,683751.7017681195,11.503623607173168
Aguada,2000-2004,1,80,5,0.07308082318911145,2.5,0.3089570306251784,45973.41318659132,14203.809225833676,194357.5428683724,0.5374898646009392,420223.3161889042,9.140572497485726
Aguada,2000-2004,1,85,NA,0.17501177604174217,7.109492885071059,1,31769.603960757646,31769.603960757646,225865.7733205318,0,225865.7733205318,7.109492885071059
Aguada,2000-2004,2,0,1,0.007351536373969531,0.13392060783667165,0.007305025175281477,100000,730.502517528148,99367.32682364545,0.9924827464806074,8050191.245971873,80.50191245971874
Aguada,2000-2004,2,1,4,2.0655078384334945e-4,1.512114724039817,8.257787885842475e-4,99269.49748247185,81.97464537444466,396874.04641665827,0.9991525697329886,7950823.919148228,80.09332293187155
Aguada,2000-2004,2,5,5,9.420411117674517e-5,2.5,4.7090965182074006e-4,99187.52283709741,46.708361844182946,495820.8432808766,0.9994785429224416,7553949.87273157,76.15826725643657
Aguada,2000-2004,2,10,5,1.1443839455742244e-4,2.5,5.720283177812914e-4,99140.81447525322,56.71135332774429,495562.2939929468,0.9987360652256994,7058129.029450693,71.19296998727492
Aguada,2000-2004,2,15,5,3.916305105838065e-4,2.5,0.0019562372474389387,99084.10312192548,193.83201315619226,494935.9355767369,0.9971742173801209,6562566.735457746,66.23228680167134
Aguada,2000-2004,2,20,5,7.407758087734745e-4,2.5,0.0036970323635195025,98890.27110876929,365.60053272634104,493537.3542120306,0.9960928597791954,6067630.799881009,61.35720664783323
Aguada,2000-2004,2,25,5,8.253048613666774e-4,2.5,0.004118027736058857,98524.67057604295,405.7273261181981,491609.03456491925,0.9953774770719608,5574093.445668979,56.57561109394223
Aguada,2000-2004,2,30,5,0.0010284583823017724,2.5,0.005129104235896094,98118.94324992475,503.2622874448425,489336.56053101167,0.9944644063997551,5082484.41110406,51.799216774666576
Aguada,2000-2004,2,35,5,0.0011923795866048594,2.5,0.005944178639851069,97615.6809624799,580.2450456916849,486627.7921981703,0.9929653393621244,4593147.850573048,47.05338123224787
Aguada,2000-2004,2,40,5,0.0016329720729094323,2.5,0.008131663416384025,97035.43591678822,789.0595043374196,483204.53082309756,0.9913549781840499,4106520.0583748776,42.31979811886848
Aguada,2000-2004,2,45,5,0.0018409517212629619,2.5,0.00916258889681278,96246.3764124508,881.8659798751905,479027.217112566,0.9882270428561419,3623315.52755178,37.646253943364606
Aguada,2000-2004,2,50,5,0.002902400978615829,2.5,0.01440746429689246,95364.51043257561,1373.9607792479655,473387.6502147582,0.9840872689636271,3144288.310439214,32.97126253966648
Aguada,2000-2004,2,55,5,0.0035186832968380683,2.5,0.017440001875946052,93990.54965332765,1639.1953622752335,465854.7598609502,0.9726892585287193,2670900.660224456,28.41669370033198
Aguada,2000-2004,2,60,5,0.007613544846661329,2.5,0.037356682293398474,92351.35429105241,3449.9402016159293,453131.92095122224,0.9504868102592674,2205045.900363506,23.87670345812292
Aguada,2000-2004,2,65,5,0.012826828229532329,2.5,0.06214144698173827,88901.41408943648,5524.462510240279,430695.91417158174,0.9050654490661475,1751913.9794122835,19.706255489365166
Aguada,2000-2004,2,70,5,0.027784722276113283,2.5,0.129900488864021,83376.9515791962,10830.706770129385,389807.99097065756,0.86294636980346,1321218.0652407017,15.84632251738939
Aguada,2000-2004,2,75,5,0.031330718511117336,2.5,0.14527469139812635,72546.24480906682,10539.133326730109,336383.3907285088,0.7991415804489775,931410.0742700442,12.838846128030553
Aguada,2000-2004,2,80,5,0.061331621965853816,2.5,0.2658895208808963,62007.11148233671,16487.041163246824,268817.9545035665,0.5482253788963032,595026.6835415354,9.596103887390951
Aguada,2000-2004,2,85,NA,0.1451179135400991,7.166261535873898,1,45520.070319089886,45520.070319089886,326208.7290379689,0,326208.7290379689,7.166261535873898
Aguada,2005-2009,1,0,1,0.010411134685993459,0.12851510129083435,0.010317522293088608,100000,1031.752229308855,99100.84351294782,0.9892823655947012,7658842.811039121,76.5884281103912
Aguada,2005-2009,1,1,4,3.536481665421053e-4,1.621913305330924,0.0014134039849374451,98968.24777069114,139.88211578137998,395540.3392844027,0.9985251933912055,7559741.967526173,76.38552907435576
Aguada,2005-2009,1,5,5,1.8638600432050305e-4,2.5,9.314959770694987e-4,98828.365654909765,92.0582250278967,493911.6827119791,0.9990225399352752,7164201.62824177,72.49134983429582
Aguada,2005-2009,1,10,5,2.0479820363480125e-4,2.5,0.0010234670076623843,98736.30742988187,101.053353112904,493428.90376662713,0.9977306984250616,6670289.9455297915,67.55660728214629
Aguada,2005-2009,1,15,5,7.045211974032959e-4,2.5,0.0035164125191201436,98635.25407676896,346.84224226215156,492309.1647781894,0.9951055850910628,6176861.041763164,62.623258788948235
Aguada,2005-2009,1,20,5,0.0012594088355527945,2.5,0.006277280022953605,98288.41183450681,616.9838840965822,489899.5994622926,0.9933730516639566,5684551.876984974,57.83542302582265
Aguada,2005-2009,1,25,5,0.001400652550956546,2.5,0.006978825480502863,97671.42795041023,681.6318500974157,486653.06012680766,0.9925479569793669,5194652.277522682,53.184973195642364
Aguada,2005-2009,1,30,5,0.001592028522335147,2.5,0.007928586272954887,96989.79610031281,768.9919659776497,483026.50058661995,0.9910603654953958,4707999.217395875,48.5411806879826
Aguada,2005-2009,1,35,5,0.002001719924007682,2.5,0.00995876298432791,96220.80413433517,958.2401825352863,478708.4202153376,0.9877057806086699,4224972.716809254,43.90913955479641
Aguada,2005-2009,1,40,5,0.0029522636090349207,2.5,0.014653168008503156,95262.56395179988,1395.8983545064984,472823.07387273316,0.9843374900864216,3746264.2965939166,39.325671503964756
Aguada,2005-2009,1,45,5,0.0033654517782367105,2.5,0.01668686181922678,93866.66559729338,1566.34007825359,465417.47779083287,0.9759152345506763,3273441.2227211837,34.87330887798759
Aguada,2005-2009,1,50,5,0.006423154572824066,2.5,0.03160821178889377,92300.32551903979,2917.4482371896447,454208.00700222485,0.9642232391165013,2808023.7449303507,30.422685176241433
Aguada,2005-2009,1,55,5,0.00818021124216274,2.5,0.04008137100654119,89382.87728185015,3582.5882659659837,437957.91574433574,0.9545749189372102,2353815.737928126,26.334078847180788
Aguada,2005-2009,1,60,5,0.010465203919327261,2.5,0.05099191755793307,85800.28901588416,4375.121263944791,418063.64191955887,0.9242538718316542,1915857.8221837902,22.32927003111969
Aguada,2005-2009,1,65,5,0.02145865757500827,2.5,0.10183042720478085,81425.16775193937,8291.559617400926,386396.9397161945,0.8846808552012699,1497794.1802642313,18.394732508592924
Aguada,2005-2009,1,70,5,0.027884632293609952,2.5,0.13033715253636782,73133.60813453844,9532.02623896629,341837.9750752765,0.8438623706703589,1111397.2405480368,15.196805803748697
Aguada,2005-2009,1,75,5,0.040966892990836896,2.5,0.18580484676743372,63601.581895572155,11817.482178273174,288464.20403217786,0.7660954394739938,769559.2654727603,12.099687500482371
Aguada,2005-2009,1,80,5,0.06865323628042683,2.5,0.2929809546406161,51784.09971729898,15171.754970379116,220991.11116054712,0.5406498031827321,481095.06144058245,9.290401186213304
Aguada,2005-2009,1,85,NA,0.17641175623898495,7.104269122286067,1,36612.344746919865,36612.344746919865,260103.9502800353,0,260103.9502800353,7.104269122286067
Aguada,2005-2009,2,0,1,0.008065502959667502,0.13245321373208416,0.00800945916262534,100000,800.945916262528,99305.14194437204,0.9918369865323031,8154104.492492252,81.54104492492252
Aguada,2005-2009,2,1,4,0.00018523920907989973,1.5109686099424087,7.406153636037456e-4,99199.05408373747,73.4683435093757,396613.35132177954,0.9991944035622158,8054799.35054788,81.19834836074682
Aguada,2005-2009,2,5,5,8.794464818691646e-5,2.5,4.396265839214408e-4,99125.5857402281,43.57824263819202,495518.983094545,0.999500789440939,7658185.999226101,77.25740980028512
Aguada,2005-2009,2,10,5,1.1179538487398248e-4,2.5,5.588207404205351e-4,99082.0074975899,55.36908079216664,495271.6147859691,0.9988720893264379,7162667.016131556,72.29028959981238
Aguada,2005-2009,2,15,5,3.3975209456471887e-4,2.5,0.0016973188037767762,99026.63841679774,168.07977545962785,494712.99264533963,0.9977383903661079,6667395.401345586,67.32931166746145
Aguada,2005-2009,2,20,5,5.661722195382465e-4,2.5,0.002826859873868453,98858.55864133811,279.45929261167475,493594.14497516135,0.9968592828384897,6172682.408700247,62.43953476091968
Aguada,2005-2009,2,25,5,6.922889287852277e-4,2.5,0.003455464194911261,98579.09934872643,340.6365481661196,492043.90537321684,0.9961268226370222,5679088.263725085,57.60945576947447
Aguada,2005-2009,2,30,5,8.603141657577786e-4,2.5,0.004292338928827134,98238.46280056032,421.67277818698494,490138.1320573341,0.9950099078296831,5187044.358351869,52.80054482206621
Aguada,2005-2009,2,35,5,0.0011414184858181118,2.5,0.005690853316152718,97816.79002237333,556.6610038742365,487692.2976021811,0.9935927634494417,4696906.226294534,48.01738254976702
Aguada,2005-2009,2,40,5,0.001430642599962472,2.5,0.007127719950308576,97260.1290184991,693.2429619747418,484567.5376875586,0.9918296984974935,4209213.928692354,43.277897851562095
Aguada,2005-2009,2,45,5,0.0018526144194146448,2.5,0.009220367632004832,96566.88605652435,890.3821905190853,480608.47480632405,0.9884236862578912,3724646.3910047947,38.57063785638292
Aguada,2005-2009,2,50,5,0.0028104456783566664,2.5,0.013954184696594495,95676.50386600527,1335.087606070665,475044.80031484965,0.9827645145103296,3244037.9161984706,33.906317487747444
Aguada,2005-2009,2,55,5,0.0041553683076827426,2.5,0.020563222134509757,94341.4162599346,1939.9634990373015,466857.1725520797,0.9711394919432333,2768993.1158836214,29.35076900111761
Aguada,2005-2009,2,60,5,0.007608417715810302,2.5,0.03733199504783037,92401.4527608973,3449.5305768821418,453383.43736228114,0.9522544607303721,2302135.9433315415,24.914499442867697
Aguada,2005-2009,2,65,5,0.01206589043775999,2.5,0.05856291781366198,88951.92218401516,5209.284108229738,431736.4006495015,0.9229744621218238,1848752.5059692604,20.783727440366487
Aguada,2005-2009,2,70,5,0.020308606015402915,2.5,0.09663664138563306,83742.63807578542,8092.607284416532,398481.6721678858,0.8821824762024705,1417016.1053197589,16.92108271102455
Aguada,2005-2009,2,75,5,0.030400063736307728,2.5,0.14126421577359646,75650.03079136889,10686.64227299115,351533.5482743666,0.812382944241605,1018534.4331518731,13.463767595294625
Aguada,2005-2009,2,80,5,0.05495777438893674,2.5,0.24159505555323976,64963.38851837774,15694.833458024172,285579.8589468283,0.5718448574483157,667000.8848775064,10.267335188170119
Aguada,2005-2009,2,85,NA,0.14304892045837636,7.741672664510672,1,49268.55506035357,49268.55506035357,381421.0259306781,0,381421.0259306781,7.741672664510672
Aguada,2010-2014,1,0,1,0.010833343526968419,0.12767260465911087,0.010731924454716872,100000,1073.192445471679,99063.82482934216,0.988924132967429,7690729.627630496,76.90729627630496
Aguada,2010-2014,1,1,4,3.28436961946133e-4,1.620664711617938,0.0013127220058751462,98926.80755452832,129.86339724781283,395398.24165437237,0.9986598910160716,7591665.802801155,76.74022836142406
Aguada,2010-2014,1,5,5,1.500911889745127e-4,2.5,7.501744584315527e-4,98796.94415728051,74.11494407786813,493799.43342620786,0.999151371770334,7196267.561146783,72.8389690848194
Aguada,2010-2014,1,10,5,1.895209357080897e-4,2.5,9.471559138528113e-4,98722.82921320264,93.5059115215845,493380.3812872093,0.9980444459507999,6702468.127720575,67.89177519665557
Aguada,2010-2014,1,15,5,5.938620132365421e-4,2.5,0.0029649082003004807,98629.32330168106,292.4268894472334,492415.5492847872,0.9957201834470825,6209087.746433365,62.9537701221107
Aguada,2010-2014,1,20,5,0.0011228702867705726,2.5,0.005598635081404412,98336.89641223382,550.5523980499711,490308.1010660442,0.9929733195501138,5716672.197148578,58.13354301099727
Aguada,2010-2014,1,25,5,0.001699745461387245,2.5,0.008462765936955914,97786.34401418385,827.5429412226804,486862.8627178626,0.9919740761270827,5226364.096082534,53.446768552104295
Aguada,2010-2014,1,30,5,0.0015228463365469871,2.5,0.007585353363781314,96958.80107296117,735.4667678669939,482955.3384451384,0.9908098140739635,4739501.2333646715,48.88159899788997
Aguada,2010-2014,1,35,5,0.0021732001472755213,2.5,0.01080728475432822,96223.33430509418,1039.912973846076,478516.8890908557,0.987580841259605,4256545.894919532,44.23610889873503
Aguada,2010-2014,1,40,5,0.0028296046583065003,2.5,0.014048643027151224,95183.4213312481,1337.1979083856422,472574.1118852764,0.9845400215839927,3778029.005828677,39.69209083881055
Aguada,2010-2014,1,45,5,0.0034070597787377232,2.5,0.01689142366822455,93846.22342286246,1585.1963194984273,465268.1263155662,0.9776659364771934,3305454.8939434006,35.22203423199381
Aguada,2010-2014,1,50,5,0.005652815981600802,2.5,0.027870216889396362,92261.02710336403,2571.3348358092335,454876.7984272971,0.9666487097326948,2840186.7676278343,30.78425264489902
Aguada,2010-2014,1,55,5,0.007952940968024555,2.5,0.03898950182417196,89689.6922675548,3496.9564202752517,439706.07028708584,0.949601539383257,2385309.9692005375,26.5951405216653
Aguada,2010-2014,1,60,5,0.012854279160710313,2.5,0.06227029637111536,86192.73584727955,5367.2472062473535,417545.5612207793,0.9269368236923825,1945603.8989134515,22.57271311541574
Aguada,2010-2014,1,65,5,0.017661388504476617,2.5,0.08457276152682865,80825.48864103219,6835.634776127423,387038.35626484244,0.8990009704432046,1528058.3376926722,18.90564923744775
Aguada,2010-2014,1,70,5,0.025292768379361796,2.5,0.11894285659144155,73989.85386490477,8800.564577475081,347947.8578808361,0.8439593096308852,1141019.9814278297,15.421303352094386
Aguada,2010-2014,1,75,5,0.04398731946510611,2.5,0.19814673769557137,65189.28928742969,12917.045004997053,293653.8339246558,0.7632661146402681,793072.1235469937,12.165681390545856
Aguada,2010-2014,1,80,5,0.06643323174733734,2.5,0.2848563405247404,52272.244282432635,14890.080217309041,224136.02086889057,0.5512058218004328,499418.28962233785,9.554177297686444
Aguada,2010-2014,1,85,NA,0.14224544061922342,7.364000336467336,1,37382.164065123594,37382.164065123594,275282.2687534473,0,275282.2687534473,7.364000336467336
Aguada,2010-2014,2,0,1,0.006018911580254668,0.13665951159644998,0.005987796772361317,100000,598.7796772361326,99483.04926100884,0.9938390165561997,8354740.759901301,83.54740759901301
Aguada,2010-2014,2,1,4,1.704809065575374e-4,1.514257854651368,6.816347687910083e-4,99401.22032276387,67.7553278322448,397436.45901709097,0.9992908249585737,8255257.710640292,83.0498628068629
Aguada,2010-2014,2,5,5,8.07299624514927e-5,2.5,4.0356836211066403e-4,99333.46499493162,40.08784377077245,496567.10536523117,0.9995525736661933,7857821.251623201,79.10547821949166
Aguada,2010-2014,2,10,5,9.828454616537583e-5,2.5,4.91302012338597e-4,99293.37715116085,48.78303600626532,496344.9281657886,0.9989977481065522,7361254.14625797,74.13640624843939
Aguada,2010-2014,2,15,5,3.0291981317006705e-4,2.5,0.001513452928654361,99244.59411515458,150.20202161670022,495847.4655217312,0.9977585309095446,6864909.218092182,69.17161865891408
Aguada,2010-2014,2,20,5,5.950015004841753e-4,2.5,0.0029705887405260404,99094.39209353788,294.3686854023399,494736.03875418357,0.996674825541953,6369061.75257045,64.2726759609012
Aguada,2010-2014,2,25,5,7.375206676209169e-4,2.5,0.003680816642236154,98800.02340813554,363.66477041397593,493090.9551146428,0.9961365253178593,5874325.7138162665,59.456723907340226
Aguada,2010-2014,2,30,5,8.110024928335702e-4,2.5,0.004046807536667214,98436.35863772157,398.35299801721703,491185.9106935648,0.9953684873052379,5381234.758701623,54.66714568857988
Aguada,2010-2014,2,35,5,0.0010464492279550182,2.5,0.005218593656517906,98038.00563970435,511.6205143290281,488910.97691269923,0.9942931312657662,4890048.848008059,49.879113881399086
Aguada,2010-2014,2,40,5,0.0012433941529543166,2.5,0.0061977052884780144,97526.38512537532,604.4397928576655,486120.8261447325,0.992339076768258,4401137.871095359,45.12766330298682
Aguada,2010-2014,2,45,5,0.001835033188124419,2.5,0.009133266323572756,96921.94533251766,885.2139393206453,482396.6918142867,0.989509251317826,3915017.0449506273,40.393504603308095
Aguada,2010-2014,2,50,5,0.0023863003621244117,2.5,0.011860743568938004,96036.73139319701,1139.067044253694,477335.98935535084,0.9855246139087211,3432620.3531363406,35.74278615420993
Aguada,2010-2014,2,55,5,0.00345384988497341,2.5,0.017121412453781855,94897.66434894332,1624.7820522188122,470426.36661416956,0.9755103835201172,2955284.36378099,31.141802952222992
Aguada,2010-2014,2,60,5,0.0065012088175778575,2.5,0.03198617212720443,93272.8822967245,2983.4424679435033,458905.8053137638,0.9639007178657669,2484857.9971668203,26.64073346915411
Aguada,2010-2014,2,65,5,0.008235810897301264,2.5,0.04034830202278909,90289.439828781,3643.0255876800948,442339.6351747048,0.9429482500117532,2025952.1918530564,22.43841799987839
Aguada,2010-2014,2,70,5,0.015467327181333363,2.5,0.074457490008991975,86646.41424110091,6451.47452267175,417103.3848988252,0.8950621212092336,1583612.5566783517,18.27672351531844
Aguada,2010-2014,2,75,5,0.02961562522516416,2.5,0.13787033565011717,80194.93971842916,11056.50325642075,373333.4404510939,0.8333067128069978,1166509.1717795264,14.545919928055726
Aguada,2010-2014,2,80,5,0.04447544833425649,2.5,0.2001255569950395,69138.43646200841,13836.368106725582,311101.2620432281,0.6077776339397234,793175.7313284326,11.472283319051956
Aguada,2010-2014,2,85,NA,0.12992090251876795,8.717114632822833,1,55302.06835528283,55302.06835528283,482074.4692852044,0,482074.4692852044,8.717114632822833
Aguada,2015-2019,1,0,1,0.008254481099307,0.13281859569038784,0.008195814373978046,100000,819.5814373978064,99289.27421817128,0.9914759662661908,7908725.596868896,79.08725596868896
Aguada,2015-2019,1,1,4,2.9030989438680267e-4,1.6283060112912042,0.0011604405837653306,99180.4185626022,115.09298281486554,396448.7089149242,0.9988270241111247,7809436.322650724,78.73969918488946
Aguada,2015-2019,1,5,5,1.3743813858380197e-4,2.5,6.869546584951222e-4,99065.32557978733,68.0533869023784,495156.49443168065,0.9992394066274692,7412987.6137358,74.8292863355642
Aguada,2015-2019,1,10,5,1.6692617336961228e-4,2.5,8.342827077982585e-4,98997.27219288495,82.59171230973152,494779.88168365037,0.9981714148627345,6917831.11930412,69.87900743189682
Aguada,2015-2019,1,15,5,5.655420232748694e-4,2.5,0.002823717788695906,98914.68048057522,279.3071428361727,493875.13454578567,0.9956053160804531,6423051.237620469,64.93526750947574
Aguada,2015-2019,1,20,5,0.0011975945942493996,2.5,0.0059700985767902484,98635.37333773905,588.8629019848013,491704.70943373325,0.9935422502846138,5929176.103074684,60.11206631491617
Aguada,2015-2019,1,25,5,0.0013945106929354341,2.5,0.006948329664638724,98046.51043575424,681.2594769750576,488529.40348633355,0.9927096820030319,5437471.39364095,55.4580817764432
Aguada,2015-2019,1,30,5,0.001532791039955993,2.5,0.007634699203450445,97365.25095877919,743.3544039387489,484967.86878404906,0.991449734589852,4948941.9901546165,50.828626655004605
Aguada,2015-2019,1,35,5,0.0019035913352520668,2.5,0.00947287546711254,96621.89655484044,915.2871934602299,480821.2647905516,0.9894471680659257,4463974.121370568,46.20043986444538
Aguada,2015-2019,1,40,5,0.002342258902926321,2.5,0.011643116531248787,95706.60936138021,1114.3232056052511,475747.2387928879,0.9845197735164917,3983152.8565800157,41.61836766716875
Aguada,2015-2019,1,45,5,0.003910365026723885,2.5,0.019362538648718085,94592.28615577496,1831.5467965618009,468382.5637874703,0.9792503166643655,3507405.617787128,37.07919282140109
Aguada,2015-2019,1,50,5,0.004482519160659495,2.5,0.02216421698500671,92760.73935921316,2055.9691548472474,458663.77390894765,0.971390499758685,3039023.0539996577,32.76195376398557
Aguada,2015-2019,1,55,5,0.007166305350521582,2.5,0.03520087618425228,90704.77020436591,3192.8873852849356,445541.63255861716,0.9606364373751549,2580359.28009071,28.447889502138988
Aguada,2015-2019,1,60,5,0.008930662387591801,2.5,0.04367812545749949,87511.88281908097,3822.354996793816,428003.5266034203,0.9431751383967648,2134817.647532093,24.394603095736617
Aguada,2015-2019,1,65,5,0.014630667934227624,2.5,0.07057204913047324,83689.52782228716,5906.141469180555,403682.2854384844,0.9088461947130072,1706814.1209286726,20.394596138157862
Aguada,2015-2019,1,70,5,0.024020405551088017,2.5,0.11329834713906911,77783.3863531066,8812.729108686603,366885.10899381654,0.8703213993781412,1303131.835490188,16.753344082687164
Aguada,2015-2019,1,75,5,0.03200086165588425,2.5,0.14815184179597743,68970.65724442,10218.129900639899,319307.9614705003,0.8078100797393246,936246.7264963717,13.574565821208232
Aguada,2015-2019,1,80,5,0.05555155546321827,2.5,0.24388701913982846,58752.5273437801,14328.978760805789,257940.18981688604,0.5819030924307873,616938.7650258713,10.500633639400096
Aguada,2015-2019,1,85,NA,0.12501487879851106,8.081267405696952,1,44423.54858297431,44423.54858297431,358998.57520898536,0,358998.57520898536,8.081267405696952
Aguada,2015-2019,2,0,1,0.005443081792466221,0.13784299728439794,0.005417657855984963,100000,541.7657855984871,99532.91283411454,0.9944139741533851,8484048.01042986,84.84048010429859
Aguada,2015-2019,2,1,4,1.6076831153034096e-4,1.5151854706683126,6.42816454166579e-4,99458.23421440151,63.93338945537107,397674.07424257795,0.9993456647725945,8384515.097595745,84.30186966240821
Aguada,2015-2019,2,5,5,7.233681946742218e-5,2.5,3.616187014703001e-4,99394.30082494614,35.942837997863535,496881.6470297361,0.9995984248991099,7986841.023353167,80.35512053573012
Aguada,2015-2019,2,10,5,8.832869149176202e-5,2.5,4.4154595451782e-4,99358.35798694828,43.87128101667622,496682.1117321997,0.999055425537082,7489959.376323431,75.38328458796906
Aguada,2015-2019,2,15,5,2.8977480755863283e-4,2.5,0.0014478251796361452,99314.4867059316,143.7900145554886,496212.9584932693,0.998013026501597,6993277.264591231,70.4154801232392
Aguada,2015-2019,2,20,5,5.060200402121521e-4,2.5,0.0025269035414815784,99170.69669137611,250.59478468063753,495226.99649517896,0.9971020662819579,6497064.306097962,65.51395243614283
Aguada,2015-2019,2,25,5,6.550517435393897e-4,2.5,0.0032699038271889326,98920.10190669548,323.4592198106111,493791.86148395087,0.9965229444493802,6001837.309602783,60.67358599431997
Aguada,2015-2019,2,30,5,7.383377179690566e-4,2.5,0.003684886862452789,98596.64268688486,363.31747331886436,492074.9197511272,0.9954797739265888,5508045.448118832,55.864432074130875
Aguada,2015-2019,2,35,5,0.0010746101924058024,2.5,0.005358654799366553,98233.325213566,526.3984796134173,489850.62986879644,0.9943686996290966,5015970.528367705,51.061801251893286
Aguada,2015-2019,2,40,5,0.0011845806856097786,2.5,0.005905414827186895,97706.92673395258,576.9999338535417,487092.13383512903,0.993040964554721,4526119.898498909,46.32342915485549
Aguada,2015-2019,2,45,5,0.0016102392041992236,2.5,0.008018915092353985,97129.92680009904,778.8766359365545,483702.4424106538,0.990843325052069,4039027.764663779,41.58376205694475
Aguada,2015-2019,2,50,5,0.0020713978921595533,2.5,0.010303632155974088,96351.05016416249,992.7657787333301,479273.3363739791,0.9873968631980743,3555325.3222531253,36.899704945567045
Aguada,2015-2019,2,55,5,0.0030077640909164623,2.5,0.014926581366000315,95358.28438542916,1423.3731908013142,473232.9889501425,0.9801855468746803,3076051.985879146,32.25783691164194
Aguada,2015-2019,2,60,5,0.005017434887601146,2.5,0.024776389633663867,93934.91119462784,2327.3679599617026,463856.13607323496,0.9645772439663787,2602818.996929004,27.708750280671577
Aguada,2015-2019,2,65,5,0.009487749771304364,2.5,0.04633960247457072,91607.54323466614,4245.057137166485,447425.0733304145,0.9425842007357347,2138962.860855769,23.349200134933238
Aguada,2015-2019,2,70,5,0.014299592464928927,2.5,0.06903020290148804,87362.48609749966,6030.650141288832,421735.8051342762,0.9115411199801666,1691537.7875253542,19.36228996090539
Aguada,2015-2019,2,75,5,0.02313001474191657,2.5,0.1093281683457245,81331.83595621082,8891.860653287455,384429.52814783546,0.8571671177900847,1269801.982391078,15.612606889567097
Aguada,2015-2019,2,80,5,0.039669205031703916,2.5,0.18045023202770558,72439.97530292337,13071.81035149379,329520.35063588235,0.6278172546970253,885372.4542432426,12.222152900258
Aguada,2015-2019,2,85,NA,0.10443450056481059,9.362797453182447,1,59368.16495142958,59368.16495142958,555852.1036073603,0,555852.1036073603,9.362797453182447
Aguada,2020-2024,1,0,1,0.00988154711119381,0.1295718668169683,0.009797278984400947,100000,979.7278984400909,99147.21727433345,0.9898796110425019,7809075.164231026,78.09075164231025
Aguada,2020-2024,1,1,4,3.0671645252048485e-4,1.62348079842,0.0012259721774596404,99020.27210155991,121.39609860100609,395792.58824691747,0.9987395865358633,7709927.946956691,77.86211634572183
Aguada,2020-2024,1,5,5,1.4436376468446785e-4,2.5,7.215584062024414e-4,98898.8760029589,71.36131534390734,494315.9767264347,0.9992027291886539,7314135.358709774,73.9556975196659
Aguada,2020-2024,1,10,5,1.7468383017298796e-4,2.5,8.730378868600327e-4,98827.514687615,86.28016458651109,493921.8730266087,0.9981836359948995,6819819.38198334,69.00729420890714
Aguada,2020-2024,1,15,5,5.528659777288205e-4,2.5,0.0027605144024087968,98741.23452302848,272.5766000124422,493024.7311151113,0.9957642398759663,6325897.50895673,64.06540833233558
Aguada,2020-2024,1,20,5,0.001146293496166194,2.5,0.005715089555861242,98468.65792301604,562.7571984754904,490936.3966188915,0.9937613081779411,5832872.777841619,59.235830982908574
Aguada,2020-2024,1,25,5,0.001357653212652409,2.5,0.006765303722428734,97905.90072454055,662.3631546194665,487873.5957361541,0.9923834212813558,5341936.381222728,54.56194510944066
Aguada,2020-2024,1,30,5,0.0017019412442666928,2.5,0.008473652076437327,97243.53756992109,824.0079040494893,484157.6680894817,0.9901141451193739,4854062.785486574,49.916559051508735
Aguada,2020-2024,1,35,5,0.002274889939797949,2.5,0.011310126466697415,96419.5296658716,1090.5170743804774,479371.35564340674,0.9871630268875757,4369905.117397092,45.32178421260078
Aguada,2020-2024,1,40,5,0.002897089160833726,2.5,0.01438128613372646,95329.01259149112,1370.9538069238479,473217.678440146,0.9849063563506786,3890533.7617536853,40.811644388110935
Aguada,2020-2024,1,45,5,0.003188494295570073,2.5,0.015816395262671586,93958.05878456727,1486.0777958500548,466075.09943321126,0.9785252851768279,3417316.0833135396,36.370654391114755
Aguada,2020-2024,1,50,5,0.005519930568500968,2.5,0.027223966825810717,92471.98098871722,2517.454142753835,456066.26958670147,0.9711277205054455,2951240.983880328,31.91497524250527
Aguada,2020-2024,1,55,5,0.006208226891291797,2.5,0.030566721598936124,89954.52684596338,2749.6149786645838,442898.5967831554,0.9542949974221404,2495174.7142936266,27.738178408367617
Aguada,2020-2024,1,60,5,0.012652035452839256,2.5,0.06132060121285997,87204.9118672988,5347.457624417235,422655.9152754509,0.9243493038237807,2052276.1175104713,23.53395093883536
Aguada,2020-2024,1,65,5,0.019049338756255883,2.5,0.09091692549996418,81857.45424288156,7442.228069016797,390681.70104186586,0.903338089947062,1629620.2022350205,19.908024471415008
Aguada,2020-2024,1,70,5,0.02171437857344067,2.5,0.10298144752329878,74415.22617386476,7663.387709158254,352917.6615964282,0.8588853649955797,1238938.5011931546,16.648991945525793
Aguada,2020-2024,1,75,5,0.04043784752171927,2.5,0.1836256704516074,66751.83846470651,12257.351091959128,303115.8145936347,0.7858279105884802,886020.8395967263,13.273354861457326
Aguada,2020-2024,1,80,5,0.057558388590469724,2.5,0.2515892617236505,54494.48737274738,13710.227846118309,238196.86724844112,0.5913624741060042,582905.0250030917,10.6965869963317
Aguada,2020-2024,1,85,NA,0.11872062988427864,8.451990099993893,1,40784.259526629074,40784.259526629074,344708.1577546505,0,344708.1577546505,8.451990099993893
Aguada,2020-2024,2,0,1,0.00511831407768239,0.1385104826255617,0.005095844593408637,100000,509.58445934085466,99560.99833006093,0.994734654996727,8416994.779333368,84.16994779333368
Aguada,2020-2024,2,1,4,1.5717720809979495e-4,1.5157090608465242,6.284634338224172e-4,99490.41554065915,62.52608818310546,397806.3291683026,0.999357346357706,8317433.781003308,83.60035221286405
Aguada,2020-2024,2,5,5,7.383974613495536e-5,2.5,3.691305894022466e-4,99427.88945247604,36.7018754366145,497047.69257378863,0.9995900089405847,7919627.451835005,79.65197185061825
Aguada,2020-2024,2,10,5,9.019365622384094e-5,2.5,4.5086661784737235e-4,99391.18757703943,44.81216858669359,496843.9074637304,0.9990612215258358,7422579.759261216,74.68046151986941
Aguada,2020-2024,2,15,5,2.8558583527660763e-4,2.5,0.0014269104128777216,99346.37540845273,141.7583775519597,496377.4810983838,0.9978699455705045,6925735.851797486,69.7130199599433
Aguada,2020-2024,2,20,5,5.676450513777134e-4,2.5,0.0028342032033311423,99204.61703090077,281.1660433742363,495320.1700460683,0.9967023870412524,6429358.370699102,64.80906396419485
Aguada,2020-2024,2,25,5,7.538861568816083e-4,2.5,0.003762339844592237,98923.45098752654,372.1836412149423,493686.79583459534,0.9963151556453518,5934038.200653033,59.986162445963075
Aguada,2020-2024,2,30,5,7.227146760718126e-4,2.5,0.0036070561992275684,98551.2673463116,355.4799598232348,491867.6368319999,0.9952839108898757,5440351.404818438,55.203261726720456
Aguada,2020-2024,2,35,5,0.0011692351853024906,2.5,0.005829136846759517,98195.78738648836,572.396682451159,489547.9452263139,0.9936633467968436,4948483.767986438,50.39405355048199
Aguada,2020-2024,2,40,5,0.0013741335034260908,2.5,0.0068471452877735635,97623.3907040372,668.4415396356198,486445.84967109695,0.9909385690844937,4458935.822760125,45.67487146884897
Aguada,2020-2024,2,45,5,0.002271017531243703,2.5,0.011290982607601436,96954.94916440158,1094.7166447361378,482037.9542101676,0.9873613246282863,3972489.9730890277,40.97253422672708
Aguada,2020-2024,2,50,5,0.0028200948811622066,2.5,0.014001758685818171,95860.23251966544,1342.2118433067662,475945.63299006026,0.9834780233107624,3490452.01887886,36.41188767367953
Aguada,2020-2024,2,55,5,0.0038523441345224203,2.5,0.019077983280142666,94518.02067635868,1803.2132181357447,468082.070336454,0.9773966833981614,3014506.3858887996,31.89345655270163
Aguada,2020-2024,2,60,5,0.005308983132797425,2.5,0.026197214242636036,92714.80745822293,2428.869674447822,457501.8631049951,0.9657405264760562,2546424.3155523455,27.465130817423724
Aguada,2020-2024,2,65,5,0.008692610537337985,2.5,0.04253862347013897,90285.93778377511,3840.6395120324014,441828.09013879456,0.9370817824316939,2088922.4524473506,23.136742041159167
Aguada,2020-2024,2,70,5,0.017580831042551332,2.5,0.08420324754207814,86445.29827174271,7278.974849224338,414029.05423565273,0.9041830017863084,1647094.362308556,19.053602627766733
Aguada,2020-2024,2,75,5,0.022944435144146073,2.5,0.10849857918724595,79166.32342251837,8589.43361082123,374358.0330855388,0.856274873256232,1233065.3080729032,15.57562931768239
Aguada,2020-2024,2,80,5,0.04034407248456508,2.5,0.18323885799997552,70576.88981169714,12932.428690285487,320553.377332772,0.6267023854694967,858707.2749873644,12.166975298549435
Aguada,2020-2024,2,85,NA,0.10040158557104516,9.335743403362283,1,57644.46112141165,57644.46112141165,538153.8976545924,0,538153.8976545924,9.335743403362283
Aguadilla,1980-1984,1,0,1,0.020657860779122475,0.10806827170830006,0.020284117765871593,100000,2028.4117765871633,98190.79517842138,0.9791435755035512,7107483.331747346,71.07483331747346
Aguadilla,1980-1984,1,1,4,5.361965275594294e-4,1.5918839531714288,0.0021420202833911453,97971.58822341284,209.85712917058845,391380.9925733543,0.9978262526131995,7009292.536568924,71.54413502601433
Aguadilla,1980-1984,1,5,5,2.4652482343004455e-4,2.5,0.0012318649039553796,97761.73109424225,120.4292454849201,488507.58235749893,0.9985374126257173,6617911.543995569,67.69429581413516
Aguadilla,1980-1984,1,10,5,3.3900595210841855e-4,2.5,0.00169359441407502,97641.30184875733,165.3647633940709,487793.09733530146,0.997016501938797,6129403.961638071,62.77470543287394
Aguadilla,1980-1984,1,15,5,8.569499809795807e-4,2.5,0.00427558998800067,97475.93708536326,416.7671406731679,486337.76757513336,0.9930096303508603,5641610.864302769,57.8769595142461
Aguadilla,1980-1984,1,20,5,0.0019528490151613004,2.5,0.009716806436108333,97059.16994469009,943.1051672018802,482938.0868054458,0.9889317296430548,5155273.096727636,53.114745362704085
Aguadilla,1980-1984,1,25,5,0.002502153640585409,2.5,0.012432995043398993,96116.06477748821,1195.0105569695297,477592.79749501724,0.9871594650737399,4672335.00992219,48.611384795442845
Aguadilla,1980-1984,1,30,5,0.0026683230249145927,2.5,0.013253205540826679,94921.05422051868,1258.0082417364902,471460.25049825216,0.9854273034689209,4194742.212427173,44.191905019112326
Aguadilla,1980-1984,1,35,5,0.0032074974748421085,2.5,0.01590990988475971,93663.04597878219,1490.170621054538,464589.8033412746,0.9803452702581371,3723281.961928921,39.75187784061997
Aguadilla,1980-1984,1,40,5,0.004747709366392399,2.5,0.023460092578780223,92172.87535772765,2162.38418914465,455458.41631577665,0.9729905984383884,3258692.158587646,35.35413369649688
Aguadilla,1980-1984,1,45,5,0.00622416215323345,2.5,0.030643978045233115,90010.491168583,2758.2795152107137,443156.7570548882,0.9650052488712062,2803233.7422718694,31.143411238825703
Aguadilla,1980-1984,1,50,5,0.008055643539117825,2.5,0.039483063972600485,87252.21165337229,3444.9846544609754,427648.596630709,0.9501690378970019,2360076.9852169813,27.048907305557847
Aguadilla,1980-1984,1,55,5,0.012499608836305598,2.5,0.060604221524320934,83807.22699891131,5079.071750381074,406338.45561860385,0.9274202319975194,1932428.3885862723,23.05801608984599
Aguadilla,1980-1984,1,60,5,0.017826113550573064,2.5,0.085327905425018,78728.15524853024,6717.70858533273,376846.50477931934,0.8940075875928178,1526089.9329676684,19.384296864953644
Aguadilla,1980-1984,1,65,5,0.027483940576453772,2.5,0.12858466935339002,72010.44666319751,9259.439474177176,336903.6346305446,0.8385134640978029,1149243.428188349,15.95939869063046
Aguadilla,1980-1984,1,70,5,0.04425769575966714,2.5,0.19924334989397463,62751.00718902033,12502.720881561298,282498.23374119843,0.7793981297905517,812339.7935578044,12.945446295560673
Aguadilla,1980-1984,1,75,5,0.056432073215176716,2.5,0.2472747930164532,50248.286307459035,12425.134596108408,220178.59504702417,0.7048382760587957,529841.559816606,10.544470244708712
Aguadilla,1980-1984,1,80,5,0.0874422097306245,2.5,0.35877980193363945,37823.15171135063,13570.182879504373,155190.3013579922,0.49884125964669906,309662.9647695818,8.187127480353594
Aguadilla,1980-1984,1,85,NA,0.19720737731326127,6.369226979286493,1,24252.968831846254,24252.968831846254,154472.66341158957,0,154472.66341158957,6.369226979286493
Aguadilla,1980-1984,2,0,1,0.012028286210998442,0.12430862419912123,0.011902912046857669,100000,1190.2912046857673,98957.67225736503,0.9877557342325743,7736092.629830807,77.36092629830807
Aguadilla,1980-1984,2,1,4,3.2333828471821e-4,1.5046339620997626,0.0012923104415860866,98809.70879531423,127.69281840627082,394920.19485892216,0.9986326463055349,7637134.957573442,77.29134161698502
Aguadilla,1980-1984,2,5,5,1.6830285218612107e-4,2.5,8.411603367210654e-4,98682.01597690796,83.00739778744173,493202.5613900712,0.999117922896612,7242214.76271452,73.38940830322346
Aguadilla,1980-1984,2,10,5,1.8469090078388042e-4,2.5,9.230283165913012e-4,98599.00857912052,91.00967690636753,492767.5187033367,0.9981513513023953,6749012.201324449,68.4490878618594
Aguadilla,1980-1984,2,15,5,5.557960499017868e-4,2.5,0.002775124241780014,98507.99890221415,273.3719357627706,491856.56467166386,0.9965469359181582,6256244.682621112,63.510016976707576
Aguadilla,1980-1984,2,20,5,8.282897203174845e-4,2.5,0.0041328905247453125,98234.62696645138,405.99295899154095,490158.15243477805,0.994570987838902,5764388.1179494485,58.679798518683995
Aguadilla,1980-1984,2,25,5,0.001350647827603134,2.5,0.0067305127569311585,97828.63400745984,658.4368691803538,487497.0778643483,0.9935927968032398,5274229.96551467,53.91294705303243
Aguadilla,1980-1984,2,30,5,0.0012200505629682199,2.5,0.006081702852369004,97170.19713827949,590.9602651011373,484373.5850286446,0.9931557247162096,4786732.887650322,49.26132732692197
Aguadilla,1980-1984,2,35,5,0.001528118413637102,2.5,0.007611513832079375,96579.23687317835,735.1141973518534,481058.3988725121,0.9908600733545948,4302359.3026216775,44.54745597411646
Aguadilla,1980-1984,2,40,5,0.00214748005469741,2.5,0.010680062221975501,95844.1226758265,1023.62119378848,476661.56039466127,0.9888863338136699,3821300.903749165,39.86995547628881
Aguadilla,1980-1984,2,45,5,0.002323812496196989,2.5,0.01155195106041085,94820.50148203802,1095.361792644122,471364.1029285798,0.98391127096639,3344639.343354504,35.273377498304875
Aguadilla,1980-1984,2,50,5,0.00417891250824735,2.5,0.020678528141480308,93725.1396893939,1938.097938631312,463780.4536003912,0.9712216885517786,2873275.2404259243,30.656398592181233
Aguadilla,1980-1984,2,55,5,0.007549679087145214,2.5,0.037049122963636966,91787.04175076258,3400.6293962924683,450433.63526308176,0.9497532967656566,2409494.786825533,26.25092541241547
Aguadilla,1980-1984,2,60,5,0.013212907235307552,2.5,0.06395205475894465,88386.41235447011,5652.492682839729,427800.8300652512,0.9285219278607002,1959061.1515624512,22.164732105040265
Aguadilla,1980-1984,2,65,5,0.016562152340164754,2.5,0.07951827715082525,82733.91967163038,6578.858754222834,397222.45147259487,0.8883692460663455,1531260.3214971998,18.508253054789954
Aguadilla,1980-1984,2,70,5,0.031619902824955755,2.5,0.14651735296729013,76155.06091740755,11158.037940681272,352880.2097353346,0.8390131205093767,1134037.870024605,14.891168838463711
Aguadilla,1980-1984,2,75,5,0.03906357143902046,2.5,0.1779403894109936,64997.02297672628,11565.59557903398,296071.1259360464,0.7659433063272292,781157.6602892705,12.01836060351537
Aguadilla,1980-1984,2,80,5,0.07123125899709733,2.5,0.3023197533571774,53431.4273976923,16153.375952392264,226773.69710748084,0.532508777202313,485086.534353224,9.07867444271524
Aguadilla,1980-1984,2,85,NA,0.15867058832036068,6.929354599576606,1,37278.051445300036,37278.051445300036,258312.83724574314,0,258312.83724574314,6.929354599576606
Aguadilla,1985-1989,1,0,1,0.015806341614956726,0.11774923562443461,0.01558895124284981,100000,1558.8951242849726,98624.66358501824,0.9837279034787372,7068686.848215167,70.68686848215168
Aguadilla,1985-1989,1,1,4,5.57817877412906e-4,1.6060304899052935,0.0022282958456283633,98441.10487571503,219.35590503363346,393239.28815435036,0.9979069884560706,6970062.184630149,70.80438799859135
Aguadilla,1985-1989,1,5,5,2.2351326742284098e-4,2.5,0.001116942208607784,98221.7489706814,109.70801722862234,490834.4748103354,0.9986687701250102,6576822.896475798,66.95892676925291
Aguadilla,1985-1989,1,10,5,3.0939055251968977e-4,2.5,0.0015457571559470997,98112.04095345277,151.65738938837603,490181.0612937929,0.9970134697583412,6085988.421665464,62.031004171575994
Aguadilla,1985-1989,1,15,5,8.87873204319343e-4,2.5,0.004429533860540717,97960.3835640644,433.91883598857385,488717.12073035055,0.9934026273847986,5595807.360371671,57.12316710879465
Aguadilla,1985-1989,1,20,5,0.001762705063878374,2.5,0.008774856608943392,97526.46472807582,855.7807435660361,485492.871781464,0.9878928045407149,5107090.23964132,52.366198794152496
Aguadilla,1985-1989,1,25,5,0.003117922415952473,2.5,0.015469033960416583,96670.68398450979,1495.4020935330773,479614.91468871624,0.9849797223734504,4621597.367859856,47.80764113141485
Aguadilla,1985-1989,1,30,5,0.0029342620655204883,2.5,0.0145644703951403,95175.28189097671,1386.1775754502742,472410.96551625786,0.9814532637806923,4141982.4531711396,43.519518627912035
Aguadilla,1985-1989,1,35,5,0.004569175719002591,2.5,0.02258785885445784,93789.10431552643,2118.4950503651344,463649.28395171935,0.974642347316155,3669571.4876548816,39.125776010288625
Aguadilla,1985-1989,1,40,5,0.00571890331862147,2.5,0.028191456064004337,91670.6092651613,2584.3279534592875,451892.2264421582,0.970332159542881,3205922.2037031623,34.97219260788253
Aguadilla,1985-1989,1,45,5,0.006336214670162655,2.5,0.031187053683147503,89086.28131170201,2778.3386377000425,438485.55996425997,0.9642822301498999,2754029.977261004,30.914187198194856
Aguadilla,1985-1989,1,50,5,0.008245400590490408,2.5,0.04039433428307667,86307.94267400197,3486.351887658253,422823.83365086425,0.9470939254308102,2315544.417296744,26.828868184738248
Aguadilla,1985-1989,1,55,5,0.013638593692077386,2.5,0.0659444930916204,82821.59078634372,5461.627821447066,400453.8843781009,0.9229588486025275,1892720.58364588,22.85298514162284
Aguadilla,1985-1989,1,60,5,0.018611736474406206,2.5,0.08892123585046269,77359.96296489665,6878.943512184633,369602.4560440217,0.8930058217940272,1492266.699267779,19.28990969068741
Aguadilla,1985-1989,1,65,5,0.027083736989971675,2.5,0.12683103871317689,70481.01945271202,8939.180906751091,330057.1449966824,0.8461529920820814,1122664.2432237573,15.928603926862731
Aguadilla,1985-1989,1,70,5,0.04071966476465916,2.5,0.18478714711494956,61541.83854596093,11372.14077311696,279278.8407970122,0.780736851508738,792607.0982270748,12.879158584694164
Aguadilla,1985-1989,1,75,5,0.06018108987816847,2.5,0.2615539456178055,50169.69777284397,13122.08240294017,218043.2828568694,0.6930223384401702,513328.2574300627,10.231838743663289
Aguadilla,1985-1989,1,80,5,0.09034337173991205,2.5,0.368490233361743,37047.6153699038,13651.684433151946,151108.86576663912,0.48826090462255045,295284.9745731933,7.970417842684488
Aguadilla,1985-1989,1,85,NA,0.165899835816607,6.162443768376531,1,23395.93093675185,23395.93093675185,144176.10880655414,0,144176.10880655414,6.162443768376531
Aguadilla,1985-1989,2,0,1,0.009489297301164367,0.12952693193583592,0.009411556174396048,100000,941.1556174396101,99180.74938216152,0.9902037258884976,7758106.403159011,77.58106403159012
Aguadilla,1985-1989,2,1,4,3.186087530167248e-4,1.5086873981042577,0.0012734242264915592,99058.84438256039,126.14393228500558,395921.11356208724,0.9987700229019285,7658925.65377685,77.31692915978765
Aguadilla,1985-1989,2,5,5,1.380025962839591e-4,2.5,6.897750045660909e-4,98932.70045027538,68.24130390482605,494492.8989916148,0.9992595541482265,7263004.540214762,73.41358829950492
Aguadilla,1985-1989,2,10,5,1.5829295178495086e-4,2.5,7.911516745900531e-4,98864.45914637056,78.21678241109475,494126.753775825,0.9983343008117421,6768511.6412231475,68.4625364834318
Aguadilla,1985-1989,2,15,5,5.088342883793564e-4,2.5,0.002540939149486921,98786.24236395946,251.0098306532891,493303.6872431641,0.9965689510782261,6274384.887447322,63.51476417465625
Aguadilla,1985-1989,2,20,5,8.665584848854068e-4,2.5,0.004323426170347807,98535.23253330617,426.0098030358058,491611.13815894135,0.9944237797713564,5781081.200204158,58.67019391515698
Aguadilla,1985-1989,2,25,5,0.0013715778265938282,2.5,0.006834454168483233,98109.22273027037,670.5229862555425,488869.806185713,0.9929154455349848,5289470.062045217,53.91409609458884
Aguadilla,1985-1989,2,30,5,0.0014726772213966264,2.5,0.007336375823077505,97438.69974401483,714.8469210341136,485406.38141748885,0.992179449775824,4800600.2558595035,49.26790144440921
Aguadilla,1985-1989,2,35,5,0.001668592177199202,2.5,0.008308302962672718,96723.85282298071,803.6110729702923,481610.23643247783,0.9904878648856605,4315193.874442015,44.61354411035996
Aguadilla,1985-1989,2,40,5,0.002156777426832182,2.5,0.010726052862429171,95920.24175001042,1028.8455835875939,477029.09479108313,0.9875769700436873,3833583.638009537,39.966367557754
Aguadilla,1985-1989,2,45,5,0.0028478130221774307,2.5,0.014138406267185837,94891.39616642283,1341.613110261358,471102.94805646077,0.9826126178998115,3356554.543218454,35.372590970541175
Aguadilla,1985-1989,2,50,5,0.004179815873600673,2.5,0.020682952039880333,93549.78305616147,1934.885676291815,462911.7010900778,0.9724041870682542,2885451.595161993,30.84402230446379
Aguadilla,1985-1989,2,55,5,0.007053146613627482,2.5,0.034654671864371,91614.89737986965,3174.884206587405,450137.27638287976,0.9556989047342405,2422539.894071915,26.44264157200502
Aguadilla,1985-1989,2,60,5,0.011161770134750476,2.5,0.054293813022024975,88440.01317328225,4801.7455388956005,430195.70201917225,0.9335405133140757,1972402.6176890356,22.302152011493583
Aguadilla,1985-1989,2,65,5,0.016519930650755524,2.5,0.07932360223408942,83638.26763438665,6634.488673378408,401605.1164884872,0.8960031179925448,1542206.9156698633,18.43901074579177
Aguadilla,1985-1989,2,70,5,0.027989659465041263,2.5,0.1307959612857305,77003.77896100824,10071.78329183899,359839.4365754437,0.8354755816879611,1140601.7991813761,14.812283430387659
Aguadilla,1985-1989,2,75,5,0.045267759691269546,2.5,0.2033282612810609,66931.99566916925,13609.166303483682,300637.06258713704,0.7535310674205767,780762.3626059324,11.66500945922898
Aguadilla,1985-1989,2,80,5,0.07075994029419329,2.5,0.3006200580702474,53322.82936568557,16029.912060382288,226539.3666774721,0.5281661544005204,480125.30001879536,9.004122731862513
Aguadilla,1985-1989,2,85,NA,0.1536196447487328,6.79984167678032,1,37292.91730530328,37292.91730530328,253585.93334132325,0,253585.93334132325,6.79984167678032
Aguadilla,1990-1994,1,0,1,0.018064978292186805,0.11324223906685585,0.017780153397378397,100000,1778.0153397378308,98423.33109842929,0.9816445362495198,7073385.210911195,70.73385210911195
Aguadilla,1990-1994,1,1,4,5.191200544360969e-4,1.599428397813699,0.002073895760245083,98221.98466026217,203.70215754977835,392398.9370263306,0.9979560289383043,6974961.879812766,71.012227088857
Aguadilla,1990-1994,1,5,5,2.2242573533968863e-4,2.5,0.0011115106052891448,98018.28250271239,108.94836051398306,489819.04161227704,0.9985756698159958,6582562.942786435,67.15648116568744
Aguadilla,1990-1994,1,10,5,3.4780172275370754e-4,2.5,0.0017374978519031057,97909.33414219841,170.117257753358,489121.37756660866,0.9962509792875295,6092743.901174158,62.22842749931661
Aguadilla,1990-1994,1,15,5,0.0011561409586349105,2.5,0.005764044672840373,97739.21688444505,563.3732124103699,487287.6513911993,0.9924558972651056,5603622.523607549,57.332386141712085
Aguadilla,1990-1994,1,20,5,0.0018756502333781466,2.5,0.009334480615030618,97175.84367203468,907.0860290058627,483611.50328765874,0.9891537946868044,5116334.8722163495,52.65027478931712
Aguadilla,1990-1994,1,25,5,0.00248983717711954,2.5,0.01237217413777264,96268.75764302882,1191.0538335865858,478366.1536311776,0.98628455346714206,4632723.368928691,48.12281245081763
Aguadilla,1990-1994,1,30,5,0.003038009087225828,2.5,0.01507554631934647,95077.70380944223,1433.3483277163468,471805.1482279203,0.9813043922038963,4154357.2152975136,43.69433683026053
Aguadilla,1990-1994,1,35,5,0.004524828449247462,2.5,0.022371079009382268,93644.35548172588,2094.925275264366,462984.46422046854,0.9772573545247887,3682552.0670695934,39.32486958905089
Aguadilla,1990-1994,1,40,5,0.0046786342611464795,2.5,0.023122714495113533,91549.43020646152,2116.8713368543395,452454.97269017174,0.9724295327751902,3219567.602849125,35.16753294464403
Aguadilla,1990-1994,1,45,5,0.0065295760924256275,2.5,0.032123498394326475,89432.55886960718,2872.8866612483253,439980.5776949151,0.9635765320318961,2767112.630158953,30.940774424149126
Aguadilla,1990-1994,1,50,5,0.008343718249200565,2.5,0.0408661520984076,86559.67220835885,3537.360730055094,423954.9592166565,0.9483427696974469,2327132.0524640377,26.884714245016657
Aguadilla,1990-1994,1,55,5,0.012990212258117346,2.5,0.06290808775874093,83022.31147830376,5222.774856410659,402054.6202504922,0.9188399287103644,1903177.0932473813,22.923682313335
Aguadilla,1990-1994,1,60,5,0.021193915990426446,2.5,0.10063733204972589,77799.5366218931,7829.537800332269,369423.83860863483,0.8877063747605973,1501122.4729968891,19.294748248853544
Aguadilla,1990-1994,1,65,5,0.0267245282672804,2.5,0.12525424013377265,69969.99882156083,8764.039034555572,327939.8965214152,0.8429726982815358,1131698.6343882543,16.174055358702223
Aguadilla,1990-1994,1,70,5,0.04280849485833909,2.5,0.19334992600823594,61205.95978700526,11834.167796080532,276444.379444825,0.7834707522212837,803758.7378668392,13.132033884672232
Aguadilla,1990-1994,1,75,5,0.05590917609745773,2.5,0.24526453525693576,49371.79199092473,12109.149617456256,216586.085910983,0.7073383669891862,527314.3584220142,10.680478409998617
Aguadilla,1990-1994,1,80,5,0.08645858893131798,2.5,0.35546124952282376,37262.64237346847,13245.425418595227,153199.6483208543,0.5069658544977893,310728.27251103113,8.338868440856306
Aguadilla,1990-1994,1,85,NA,0.15658549697262797,6.558987433313471,1,24017.216954873245,24017.216954873245,157528.62419017684,0,157528.62419017684,6.558987433313471
Aguadilla,1990-1994,2,0,1,0.008742764901609959,0.1310612575806681,0.008676847523181241,100000,867.6847523181204,99246.03510250426,0.9910054177969346,7790296.95006551,77.9029695006551
Aguadilla,1990-1994,2,1,4,2.762543129484726e-4,1.5098827690797842,0.0011042576267612251,99132.31524768188,109.46761517075356,396256.67379596306,0.9988934021037765,7691050.914963006,77.5836910067815
Aguadilla,1990-1994,2,5,5,1.291848490625295e-4,2.5,6.457157035983809e-4,99022.84763251113,63.94060773134697,494954.38664322725,0.9993059146816736,7294794.241167043,73.66778895552606
Aguadilla,1990-1994,2,10,5,1.4855238629835827e-4,2.5,7.424861862548869e-4,98958.90702477978,73.47562147276767,494610.84607021697,0.9984238583067496,6799839.854523816,68.71377280694
Aguadilla,1990-1994,2,15,5,4.8266503949441345e-4,2.5,0.002410416637867781,98885.43140330701,238.35508909726923,493831.26929379185,0.996258410871468,6305229.008453599,63.76297214842038
Aguadilla,1990-1994,2,20,5,0.0010177787217188177,2.5,0.005075978052459826,98647.07631420974,500.7303943102597,491983.5555852731,0.9943067862051973,5811397.739159808,58.91099824032694
Aguadilla,1990-1994,2,25,5,0.0012667184954144929,2.5,0.0063135985967845394,98146.34591989948,619.6566318794066,489182.5880197989,0.9933360055289151,5319414.183574534,54.19880010526205
Aguadilla,1990-1994,2,30,5,0.0014082639562377007,2.5,0.007016616660344752,97526.68928802008,684.3073928865779,485922.677957884,0.991651936056518,4830231.5955547355,49.52727946387972
Aguadilla,1990-1994,2,35,5,0.0019472171141356896,2.5,0.009688919496028077,96842.3818951335,938.2980419855594,481866.16437070357,0.9896433352862885,4344308.9175968515,44.85958350653869
Aguadilla,1990-1994,2,40,5,0.0022184242474727277,2.5,0.011030942959031627,95904.08385314794,1057.9124785222666,476875.638069434,0.9871586599595119,3862442.753226148,40.274017518800036
Aguadilla,1990-1994,2,45,5,0.002956071690484096,2.5,0.014671930258217792,94846.17137462567,1391.5764116674836,470751.91584395966,0.9826154156681671,3385567.115156714,35.69534822638565
Aguadilla,1990-1994,2,50,5,0.004068491068329696,2.5,0.02013763091288252,93454.59496295819,1881.9541404769843,462568.08946359844,0.9718589537434844,2914815.199312754,31.189640278983337
Aguadilla,1990-1994,2,55,5,0.007396060309563984,2.5,0.036308943704286264,91572.6408224812,3324.9058604762977,449550.9394612153,0.959453340680829,2452247.109849156,26.779255111829492
Aguadilla,1990-1994,2,60,5,0.009195448120326445,2.5,0.04494403915080926,88247.7349620049,3966.209655102575,431323.1506722681,0.9333546581917568,2002696.1703879405,22.69402349250326
Aguadilla,1990-1994,2,65,5,0.01870959602516188,2.5,0.08936788744644653,84281.52530690233,7532.061867442084,402577.47186590644,0.903644339742048,1571373.0197156724,18.644335327269914
Aguadilla,1990-1994,2,70,5,0.021947426886644694,2.5,0.1040292012139267,76749.46343946025,7984.185375204514,363786.85375928995,0.8561898004124066,1168795.5478497657,15.228712950830051
Aguadilla,1990-1994,2,75,5,0.04155229708559508,2.5,0.18821008229310673,68765.27806425573,12942.31864338195,311470.5937128238,0.7611092993990186,805008.6940904759,11.706615849619029
Aguadilla,1990-1994,2,80,5,0.07095430734776155,2.5,0.30132140736688307,55822.95942087378,16820.652696082085,237063.1653641637,0.5196659281567836,493538.1003776521,8.841131059653284
Aguadilla,1990-1994,2,85,NA,0.1410369521368533,6.575891442094139,1,39002.3067247917,39002.3067247917,256474.9350134884,0,256474.9350134884,6.575891442094139
Aguadilla,1995-1999,1,0,1,0.01292263823735721,0.12350352152926557,0.012777907392108847,100000,1277.7907392108755,98880.02091685915,0.9865806959269096,7072499.572574314,70.72499572574314
Aguadilla,1995-1999,1,1,4,5.08584764986847e-4,1.614500165027576,0.0020318739318271094,98722.20926078912,200.59108348938753,394410.32704659563,0.99804818699179,6973619.551657455,70.6388117109051
Aguadilla,1995-1999,1,5,5,2.2794048245125512e-4,2.5,0.0011390533213472616,98521.61817729974,112.22137640936126,492327.5374454753,0.9986915133876638,6579209.2246108595,66.77934595807083
Aguadilla,1995-1999,1,10,5,2.9584126682026746e-4,2.5,0.0014781131169587756,98409.39680089038,145.4602202433889,491683.3334538434,0.9963277485723433,6086881.687165384,61.85264705443568
Aguadilla,1995-1999,1,15,5,0.001177382950463152,2.5,0.005869637723862083,98263.93658064699,576.7737090489536,489877.74863061256,0.991899636675433,5595198.353711541,56.94050684728533
Aguadilla,1995-1999,1,20,5,0.002079607959407466,2.5,0.010344259784581844,97687.16287159803,1010.5013903625804,485909.5608820837,0.9886010265923699,5105320.605080928,52.261939593756686
Aguadilla,1995-1999,1,25,5,0.002508576601617439,2.5,0.012464711300302554,96676.66148123545,1205.0466748406761,480370.6907190756,0.9848655692995226,4619411.044198845,47.782070392402346
Aguadilla,1995-1999,1,30,5,0.0035996747059550507,2.5,0.01783784740945401,95471.61480639478,1703.0080968506372,473100.5537898473,0.9807122742308229,4139040.3534797686,43.35362255968181
Aguadilla,1995-1999,1,35,5,0.004196353721527094,2.5,0.02076393655158102,93768.60670954414,1947.0054002471443,463975.5200471029,0.9757281805496655,3665939.7996899216,39.095598498604836
Aguadilla,1995-1999,1,40,5,0.005649497645441888,2.5,0.027854084268482612,91821.601309297,2557.6066205361712,452713.98999514454,0.969360315129897,3201964.2796428185,34.87157960638417
Aguadilla,1995-1999,1,45,5,0.0068151916263604305,2.5,0.03350509895716897,89263.99468876082,2990.7989753591246,438842.97600540635,0.9624145272590238,2749250.289647674,30.79909541617042
Aguadilla,1995-1999,1,50,5,0.008539976524915827,2.5,0.04180729923939277,86273.1957134017,3606.849309528887,422348.85529318627,0.948582052014312,2310407.3136422676,26.780129037034946
Aguadilla,1995-1999,1,55,5,0.012679137923619448,2.5,0.06144792289435364,82666.34640387281,5079.6752797830995,400632.54381990636,0.9270255431695512,1888058.4583490815,22.839505318462077
Aguadilla,1995-1999,1,60,5,0.017810345065691777,2.5,0.08525564422245925,77586.67112408971,6614.70162976034,371396.6015460477,0.8931924612046838,1487425.914529175,19.171152634583745
Aguadilla,1995-1999,1,65,5,0.02789171599011709,2.5,0.13036810458261497,70971.96949432937,9252.481141470897,331728.64461796964,0.8501875274623684,1116029.3129831273,15.72493085558655
Aguadilla,1995-1999,1,70,5,0.03767789104193059,2.5,0.17217178118015083,61719.488352858476,10626.35424323922,282031.5561561943,0.7823660982058411,784300.6683651577,12.707504376595072
Aguadilla,1995-1999,1,75,5,0.0631106968834202,2.5,0.27255123800047826,51093.134109619255,13925.496954901188,220651.92816084332,0.6795997806303068,502269.11220896343,9.83046197814672
Aguadilla,1995-1999,1,80,5,0.09571720403459504,2.5,0.38617664771592286,37167.63715471807,14353.273519930804,149955.00197376334,0.4675218329427638,281617.1840481201,7.5769461178236766
Aguadilla,1995-1999,1,85,NA,0.16722085330067357,5.771021457447041,1,22814.363634787263,22814.363634787263,131662.18207435677,0,131662.18207435677,5.771021457447041
Aguadilla,1995-1999,2,0,1,0.00901857509933174,0.13049439315559644,0.008948404382239296,100000,894.8404382239387,99221.93122173318,0.9907745500779301,7808689.102827642,78.08689102827643
Aguadilla,1995-1999,2,1,4,2.5874264552725086e-4,1.5094409460700966,0.0010343040622581134,99105.15956177606,102.50486912547785,396165.3438172319,0.9989151392229287,7709467.171605908,77.7907750282194
Aguadilla,1995-1999,2,5,5,1.3210039273875041e-4,2.5,6.602839042860639e-4,99002.65469265058,65.36985937514692,494849.84881481505,0.9992714426749137,7313301.827788677,73.86975481104525
Aguadilla,1995-1999,2,10,5,1.594386975267418e-4,2.5,7.968758555124754e-4,98937.28483327544,78.84073349359096,494489.3223326432,0.9983309876425353,6818451.978973862,68.91691024737543
Aguadilla,1995-1999,2,15,5,5.090157991180001e-4,2.5,0.0025418443981960466,98858.44409978185,251.28278234941536,493664.01354303566,0.9966126811395831,6323962.656641219,63.96987848866189
Aguadilla,1995-1999,2,20,5,8.487868567772002e-4,2.5,0.004234947863671449,98607.16131743243,417.5961871639738,491991.81611925224,0.994850877985556,5830298.643098183,59.126523522257244
Aguadilla,1995-1999,2,25,5,0.0012171290952190097,2.5,0.006067184110328222,98189.56513026846,595.7341693583876,489458.4902279463,0.9936695945071007,5338306.82697893,54.36735380074837
Aguadilla,1995-1999,2,30,5,0.0013234108291228018,2.5,0.006595233636575911,97593.83096091007,643.6541166756942,486360.0195128611,0.9926561284371628,4848848.336750984,49.68396351500052
Aguadilla,1995-1999,2,35,5,0.0016260795151220744,2.5,0.008097479710905324,96950.17684423437,785.0520899648836,482788.25399625965,0.991380007543264,4362488.317238123,44.99721876987541
Aguadilla,1995-1999,2,40,5,0.0018377589357356629,2.5,0.009146770779346142,96165.12475426949,879.6003530945163,478626.62288861116,0.9871796483350133,3879700.0632418636,40.344148392212375
Aguadilla,1995-1999,2,45,5,0.0033331134163965257,2.5,0.016527844134411336,95285.52440117497,1574.8642955682735,472490.4612669542,0.9814383881612252,3401073.4403532525,35.693495541189606
Aguadilla,1995-1999,2,50,5,0.004168913065219573,2.5,0.02062955823891803,93710.6601056067,1933.2095202560595,463720.2767273933,0.972370698748449,2928582.9790862985,31.25133230078572
Aguadilla,1995-1999,2,55,5,0.007078378075624706,2.5,0.034776487560386836,91777.45058535064,3191.69736860547,450908.00950523955,0.9572757333630988,2464862.7023589048,26.8569532781546
Aguadilla,1995-1999,2,60,5,0.010458145161545019,2.5,0.05095839994808231,88585.75321674517,4514.1882421210175,431643.2954784233,0.9364138263300003,2013954.6928536654,22.73452129402871
Aguadilla,1995-1999,2,65,5,0.01599327549994664,2.5,0.07689199052905697,84071.56497462415,6464.429977791791,404196.74992864125,0.9026646683863698,1582311.397375242,18.82100562601447
Aguadilla,1995-1999,2,70,5,0.02541459519681345,2.5,0.11948153863905708,77607.13499683236,9272.619898790552,364854.1252371854,0.8438212420968297,1178114.647446601,15.180494003479026
Aguadilla,1995-1999,2,75,5,0.04391559031196133,2.5,0.19785558908214818,68334.51509804181,13520.36573936601,307871.66114179406,0.7612294681246029,813260.5222094154,11.901167675553173
Aguadilla,1995-1999,2,80,5,0.06777538784107145,2.5,0.28977748553157484,54814.1493586758,15883.906372709258,234360.98086160587,0.5362759274778551,505388.86106762144,9.220043856935822
Aguadilla,1995-1999,2,85,NA,0.1466906742468308,6.961885141680591,1,38930.24298596654,38930.24298596654,271027.88020601554,0,271027.88020601554,6.961885141680591
Aguadilla,2000-2004,1,0,1,0.010636412059527624,0.1280655715558156,0.010538673723960402,100000,1053.8673723960383,99081.09675499388,0.9889298098818861,7327109.490718394,73.27109490718394
Aguadilla,2000-2004,1,1,4,4.260644553461414e-4,1.6212469760697072,0.0017025323013022244,98946.13262760396,168.45898688743182,395383.8081859491,0.9983024433972705,7228028.393963399,73.05013548298022
Aguadilla,2000-2004,1,5,5,2.129917637658458e-4,2.5,0.0010643920519780063,98777.67364071653,105.1381707360706,493625.52277674247,0.9989033196882944,6832644.58577745,69.17195287094724
Aguadilla,2000-2004,1,10,5,2.2592813185041906e-4,2.5,0.00112900297541937,98672.53546998046,111.40158613778476,493084.1733845578,0.9971281895054013,6339019.063000708,64.24299358284203
Aguadilla,2000-2004,1,15,5,9.254537939066495e-4,2.5,0.004616587872629177,98561.13388384267,455.0161354007287,491668.1290807115,0.9940123564776805,5845934.8896161495,59.312780395827865
Aguadilla,2000-2004,1,20,5,0.0014784560830096423,2.5,0.007365058127572139,98106.11774844195,722.5572598877188,488724.19559249043,0.9922643657061119,5354266.760535439,54.57627804888316
Aguadilla,2000-2004,1,25,5,0.0016283942973159388,2.5,0.008108960025921262,97383.56048855423,789.6793991835584,484943.60394481226,0.9909768346759598,4865542.564942948,49.96266865304035
Aguadilla,2000-2004,1,30,5,0.0019989083124712045,2.5,0.009944844481604738,96593.88108937067,960.6111253084091,480567.87763358233,0.9869277298323675,4380598.960998136,45.35068796899375
Aguadilla,2000-2004,1,35,5,0.003272782450980877,2.5,0.01623111002478177,95633.26996406226,1552.2341268163582,474285.7645032704,0.9833537685470854,3900031.0833645533,40.7811118957883
Aguadilla,2000-2004,1,40,5,0.0034430234962005125,2.5,0.01706820193029283,94081.0358372459,1605.794117481215,466390.69389252644,0.978306185365587,3425745.318861283,36.41270834631966
Aguadilla,2000-2004,1,45,5,0.005350576778382194,2.5,0.026399749179621974,92475.24171976469,2441.3231867267023,456272.9006320067,0.9686652896679814,2959354.6249687565,32.001588424464266
Aguadilla,2000-2004,1,50,5,0.007415675394838801,2.5,0.03640348588773393,90033.91853303798,3277.5484827348264,441975.72145835287,0.9536092774625412,2503081.72433675,27.80154152035761
Aguadilla,2000-2004,1,55,5,0.011682576798947289,2.5,0.056755264649699703,86756.37005030316,4923.880742252237,421472.14839588525,0.9323221065572904,2061106.002878397,23.75740250177969
Aguadilla,2000-2004,1,60,5,0.0165056480693788,2.5,0.07925773946109559,81832.48930805092,6485.858117030395,392947.80124767864,0.9044924843389224,1639633.8544825118,20.036465569442232
Aguadilla,2000-2004,1,65,5,0.023988433923705244,2.5,0.11315607693214504,75346.63119102053,8525.929195629069,355418.33296602994,0.8634617010204334,1246686.053234833,16.546009204767305
Aguadilla,2000-2004,1,70,5,0.035469883182921484,2.5,0.16290395525709486,66820.70199539146,10885.356648104935,306890.118356695,0.8007864472573976,891267.7202688032,13.338197499485606
Aguadilla,2000-2004,1,75,5,0.05521514264577353,2.5,0.24258921759436852,55935.34534728652,13569.311663669032,245753.44757726003,0.7065452437834766,584377.6019121081,10.447376310700777
Aguadilla,2000-2004,1,80,5,0.08798694830629578,2.5,0.36061189182079856,42366.03368361749,15277.695555592978,173635.92952910502,0.4872311165452027,338624.1543348481,7.992821722789467
Aguadilla,2000-2004,1,85,NA,0.17145568110176618,6.0907473919580495,1,27088.338128024512,27088.338128024512,164988.22480574308,0,164988.22480574308,6.0907473919580495
Aguadilla,2000-2004,2,0,1,0.006760511641690434,0.1351353232381829,0.006721213193983169,100000,672.1213193983276,99418.70601235384,0.9929719320609564,8003994.138757104,80.03994138757103
Aguadilla,2000-2004,2,1,4,2.473513876697429e-4,1.5130645861333893,9.88797295062808e-4,99327.87868060167,98.21513776370557,397067.26001812436,0.9990571512202256,7904575.43274475,79.58063272611177
Aguadilla,2000-2004,2,5,5,1.052082054585039e-4,2.5,5.259027040931609e-4,99229.66354283797,52.185148383432534,496017.85484323127,0.9994181120738236,7507508.172726626,75.65790213009838
Aguadilla,2000-2004,2,10,5,1.2762122626273721e-4,2.5,6.379026065314817e-4,99177.47839445453,63.26557197704096,495729.22804233007,0.9986536752157752,7011490.317883394,70.69639631284917
Aguadilla,2000-2004,2,15,5,4.1146264979041725e-4,2.5,0.002055199154726959,99114.2128224775,203.69944641418988,495061.81549635204,0.9972999791648683,6515761.089841064,65.73992673998613
Aguadilla,2000-2004,2,20,5,6.703556585071083e-4,2.5,0.0033461704817436258,98910.5133760633,330.97144019308325,493725.1382798338,0.9960828692167859,6020699.2743447125,60.87016504963105
Aguadilla,2000-2004,2,25,5,9.000221592843045e-4,2.5,0.004490008029616474,98579.54193587022,442.6229348479683,491791.1523422312,0.9949594944001994,5526974.136064879,56.06613732959307
Aguadilla,2000-2004,2,30,5,0.0011218346946966222,2.5,0.005593486056676407,98136.91900102225,548.9274880774028,489312.2762849178,0.9940414023853579,5035182.983722647,51.307734489506416
Aguadilla,2000-2004,2,35,5,0.0012691668054598093,2.5,0.006325762906548545,97587.99151294485,617.3184968371643,486396.66132263135,0.993050627272084,4545870.707437729,46.582275513219564
Aguadilla,2000-2004,2,40,5,0.0015211533472932039,2.5,0.007576952469936206,96970.67301610768,734.7421804207697,483016.5096294865,0.9891003690492689,4059474.046115098,41.862904730389815
Aguadilla,2000-2004,2,45,5,0.002869980764164382,2.5,0.014247677420494811,96235.93083568692,1371.138498807908,477751.8079314148,0.9835445954503994,3576457.5364856115,37.16343267455946
Aguadilla,2000-2004,2,50,5,0.0037742884998274617,2.5,0.01869504130067497,94864.792336879,1773.501210717921,469890.2086576003,0.9764984269073881,3098705.7285541967,32.6644443341027
Aguadilla,2000-2004,2,55,5,0.005761750948269426,2.5,0.02839967510394538,93091.29112616109,2643.762422989763,458847.049573331,0.9646577432303962,2628815.519896596,28.239113327302753
Aguadilla,2000-2004,2,60,5,0.008681992984916972,2.5,0.04248776865114972,90447.52870317132,3842.913674608557,442630.3593293352,0.9429179637575095,2169968.4703232655,23.991462248179488
Aguadilla,2000-2004,2,65,5,0.01500747897058665,2.5,0.0723238964647685,86604.61502856277,6263.583210696917,417364.1171160715,0.9120408565310699,1727338.1109939301,19.94510466242755
Aguadilla,2000-2004,2,70,5,0.0221220116100117,2.5,0.1048133525453285,80341.03181786585,8420.812891781432,380653.1268598756,0.8690777580641212,1309973.9938778586,16.305167661371172
Aguadilla,2000-2004,2,75,5,0.03480342798291716,2.5,0.16008810300494936,71920.21892608442,11513.571415577513,330817.16609147826,0.7943605718109266,929320.867017983,12.921552254632138
Aguadilla,2000-2004,2,80,5,0.05973652894747002,2.5,0.2598728845159728,60406.647510506904,15698.049732495034,262788.1132212969,0.5609248316852649,598503.7009265048,9.907911224876424
Aguadilla,2000-2004,2,85,NA,0.12226547496587399,7.508971526508399,1,44708.59777801187,44708.59777801187,335715.5877052078,0,335715.5877052078,7.508971526508399
Aguadilla,2005-2009,1,0,1,0.011327971460385779,0.1266855993493732,0.011217002989052174,100000,1121.7002989052125,99020.40297575196,0.9883198402670863,7404607.04493733,74.0460704493733
Aguadilla,2005-2009,1,1,4,3.972180431013522e-4,1.6192031699939857,0.001587371002858104,98878.29970109479,156.95654575743538,395139.5171577912,0.9984332841829704,7305586.641961578,73.8846305412419
Aguadilla,2005-2009,1,5,5,1.7917325191789486e-4,2.5,8.954651510817282e-4,98721.34315533735,88.40152246358048,493385.71197052783,0.998990804939772,6910447.124803787,69.99952496523721
Aguadilla,2005-2009,1,10,5,2.247315701637427e-4,2.5,0.0011230269018212575,98632.94163287377,110.76744685949234,492887.7895472201,0.997333026819995,6417061.412833259,65.06002261109174
Aguadilla,2005-2009,1,15,5,8.443094525037147e-4,2.5,0.004212655300792077,98522.17418601428,415.0399593302718,491573.2710317457,0.9944601500859048,5924173.62328604,60.13035818820781
Aguadilla,2005-2009,1,20,5,0.0013792714700693817,2.5,0.0068726591934742355,98107.13422668401,674.2568979884236,488850.028888449,0.9911138205266862,5432600.352254294,55.3741620838894
Aguadilla,2005-2009,1,25,5,0.002194702842606075,2.5,0.010913633755464676,97432.87732869558,1063.346738906519,484506.0197962116,0.989794197525098,4943750.323365845,50.740062891582376
Aguadilla,2005-2009,1,30,5,0.0019070814438744519,2.5,0.009490160944779334,96369.53058978906,914.5623554699268,479561.2470602705,0.9872846535595003,4459244.303569633,46.27234641778069
Aguadilla,2005-2009,1,35,5,0.0032200005549197883,2.5,0.0159714327190534,95454.96823431914,1524.5526028538152,473463.45966446114,0.9811438874481139,3979683.0565093625,41.6917330771112
Aguadilla,2005-2009,1,40,5,0.004405515359298703,2.5,0.021787612641160803,93930.41563146532,2046.519511001592,464535.77937982266,0.9755326574478161,3506219.5968449013,37.32784075609231
Aguadilla,2005-2009,1,45,5,0.00551639314223849,2.5,0.027206757781077253,91883.89612046373,2499.862905731119,453169.82333799085,0.9681966970130065,3041683.8174650786,33.10355727055044
Aguadilla,2005-2009,1,50,5,0.007441595364647385,2.5,0.03652840284010469,89384.03321473261,3265.0559727410728,438757.5261418104,0.9580732466791791,2588513.9941270878,28.959467379465252
Aguadilla,2005-2009,1,55,5,0.009737361935548193,2.5,0.047529773167621865,86118.97724199154,4093.215453739438,420361.8475756091,0.9386754524663521,2149756.467985277,24.962633519723894
Aguadilla,2005-2009,1,60,5,0.015758862170140022,2.5,0.0758077029934292,82025.7617882521,6218.184587453579,394583.3474726266,0.9140475559389777,1729394.6204096682,21.08355451637336
Aguadilla,2005-2009,1,65,5,0.020373245717110296,2.5,0.09692931662363903,75807.57720079852,7347.9766529671615,360667.94437157473,0.877819643153342,1334811.2729370415,17.607887261736433
Aguadilla,2005-2009,1,70,5,0.0324655494369867,2.5,0.15014166783575053,68459.60054783136,10278.638605620661,316601.40622510517,0.8136962976073172,974143.3285654668,14.229462643224922
Aguadilla,2005-2009,1,75,5,0.05168504716532735,2.5,0.22885436429516962,58180.9619422107,13314.967059366085,257617.3920626383,0.7324101250916708,657541.9223403616,11.301668112560208
Aguadilla,2005-2009,1,80,5,0.07557364501354531,2.5,0.3178209970461791,44865.994882844614,14259.355227134449,188681.58634638693,0.5282070189208974,399924.5302777234,8.913755982053177
Aguadilla,2005-2009,1,85,NA,0.17911591853521144,6.9018665984759835,1,30606.639655710165,30606.639655710165,211242.94393133646,0,211242.94393133646,6.9018665984759835
Aguadilla,2005-2009,2,0,1,0.006528629820772207,0.1356119029882615,0.00649199374781954,100000,649.1993747819506,99438.83978785101,0.9932779806009953,8086136.589368011,80.8613658936801
Aguadilla,2005-2009,2,1,4,2.055883337891123e-4,1.5134375261722977,8.219331561576977e-4,99350.80062521805,81.65971712468308,397200.1505126466,0.9991508462240882,7986697.74958016,80.38886148193666
Aguadilla,2005-2009,2,5,5,1.035329661250347e-4,2.5,5.175308768583174e-4,99269.14090809337,51.37484553914692,496217.26742661896,0.9994280352250082,7589497.599067513,76.45374513812021
Aguadilla,2005-2009,2,10,5,1.2532462514267282e-4,2.5,6.264268589351758e-4,99217.76606255422,62.15267354513344,495933.44862890826,0.9987004745738249,7093280.3316408945,71.4920383025835
Aguadilla,2005-2009,2,15,5,3.949988563845584e-4,2.5,0.0019730459047328825,99155.61338900909,195.6385769284534,495288.9705027243,0.9974231902188557,6597346.883011986,66.53528385860673
Aguadilla,2005-2009,2,20,5,6.373674307028018e-4,2.5,0.0031817672664447385,98959.97481208063,314.8676085452753,494012.70503904,0.9964622723079057,6102057.912509262,61.66187818960871
Aguadilla,2005-2009,2,25,5,7.804847887854362e-4,2.5,0.003894824316092925,98645.10720353536,384.2053621999221,492265.022612177,0.9952694167504109,5608045.207470221,56.8507183625346
Aguadilla,2005-2009,2,30,5,0.0011170327273594509,2.5,0.005569610045049877,98260.90184133544,547.2749059311609,489936.32194184925,0.9940101005970526,5115780.184858045,52.06323256750314
Aguadilla,2005-2009,2,35,5,0.0012866338410961176,2.5,0.006412542719305256,97713.62693540427,626.5928069815272,487001.65265956754,0.9919547812289015,4625843.862916196,47.34082653562958
Aguadilla,2005-2009,2,40,5,0.0019471186629601235,2.5,0.009688431997905762,97087.03412842275,940.6211280315911,483083.61782203475,0.9893022997918395,4138842.2102566278,42.630226038030344
Aguadilla,2005-2009,2,45,5,0.0023571778017646436,2.5,0.011716842307339126,96146.41300039116,1126.5323595418886,477915.734103101,0.9852776059028648,3655758.592434593,38.02282870833382
Aguadilla,2005-2009,2,50,5,0.0035845530396005115,2.5,0.017763578970520152,95019.88064084927,1687.8931535331358,470879.6703204135,0.9779828461018016,3177842.858331492,33.44397863793285
Aguadilla,2005-2009,2,55,5,0.0053398774226917555,2.5,0.02634765400653283,93331.98748731613,2459.0789140578563,460512.240151436,0.967418708351516,2706963.1880110786,29.003595239830894
Aguadilla,2005-2009,2,60,5,0.00795171642877379,2.5,0.0389836155042241,90872.90857325828,3542.554527570406,445508.15654736536,0.951434880547215,2246450.9478596426,24.7207994453995
Aguadilla,2005-2009,2,65,5,0.012060028055457441,2.5,0.058535296968112285,87330.35404568787,5111.908208394729,423871.99970745255,0.9183689749919927,1800942.7913122773,20.622185848119813
Aguadilla,2005-2009,2,70,5,0.022422776148252388,2.5,0.10616272329209327,82218.44583729314,8728.534114930502,389270.8938991394,0.870502361261716,1377070.7916048248,16.748927537866507
Aguadilla,2005-2009,2,75,5,0.03374635228385016,2.5,0.15560408568815368,73489.91172236264,11435.330520861367,338861.23230965977,0.8061767514310232,987799.8977056853,13.441299282512302
Aguadilla,2005-2009,2,80,5,0.05430936462261233,2.5,0.23908538476958877,62054.58120150127,14836.343423276623,273182.0474493148,0.5790325619099904,648938.6653960255,10.457546450741752
Aguadilla,2005-2009,2,85,NA,0.12807823221444467,7.957870425227859,1,47218.23777822465,47218.23777822465,375756.6179467107,0,375756.6179467107,7.957870425227859
Aguadilla,2010-2014,1,0,1,0.010631989520012663,0.12807439651229074,0.0105343330514681,100000,1053.433305146813,99081.48452967581,0.9890621994456786,7554483.22647627,75.5448322647627
Aguadilla,2010-2014,1,1,4,3.578842138670377e-4,1.6212600545159266,0.0014303192054544475,98946.56669485319,141.52517465743585,395449.6151931635,0.9985436680248337,7455401.741946594,75.34775577346429
Aguadilla,2010-2014,1,5,5,1.7359627511742893e-4,2.5,8.676048431645267e-4,98805.04152019575,85.72373255198181,493810.8982695988,0.999066924230584,7059952.126753431,71.45335924291248
Aguadilla,2010-2014,1,10,5,1.9982048029745198e-4,2.5,9.986035478858468e-4,98719.31778764377,98.58146098761063,493350.13528574986,0.9979036033973884,6566141.2284838315,66.51323546024022
Aguadilla,2010-2014,1,15,5,6.400800223314059e-4,2.5,0.0031952870132001187,98620.73632665616,315.1215580167918,492315.87773823884,0.9946339084339819,6072791.0931980815,61.57722320266908
Aguadilla,2010-2014,1,20,5,0.0015144834610027436,2.5,0.007543854697086355,98305.61476863937,741.6032737223723,489674.0656588909,0.9924255036839774,5580475.215459843,56.766596990348916
Aguadilla,2010-2014,1,25,5,0.0015268804154884405,2.5,0.00760537084794158,97564.011494917,742.0104888316855,485965.0312525058,0.9915829948062946,5090801.1498009525,52.17908808583767
Aguadilla,2010-2014,1,30,5,0.0018555397497040946,2.5,0.0092348596257243,96822.00100608531,894.1375879729312,481874.66106049425,0.9886770788802376,4604836.118548446,47.55981151700253
Aguadilla,2010-2014,1,35,5,0.0027042486928380515,2.5,0.01343044530379769,95927.86341811238,1288.3539227471338,476418.43228369404,0.9854268231097184,4122961.457487952,42.979811189138665
Aguadilla,2010-2014,1,40,5,0.0031712370619392306,2.5,0.015731464799171837,94639.50949536524,1488.8181122372334,469475.50219623314,0.9806850688871651,3646543.025204258,38.530874099498995
Aguadilla,2010-2014,1,45,5,0.004644442469551611,2.5,0.022955671607431467,93150.69138312801,2138.336681396293,460407.61521214934,0.9715468426919329,3177067.523008025,34.10675192888019
Aguadilla,2010-2014,1,50,5,0.006934118004036783,2.5,0.03407980652026821,91012.35470173172,3101.6834391890297,447307.56491068605,0.9601097034924893,2716659.9077958753,29.849353054307745
Aguadilla,2010-2014,1,55,5,0.0093968434712712115,2.5,0.04590579346726507,87910.67126254269,4035.609118546912,429464.3335163462,0.9422269130930411,2269352.3428851897,25.814298881962056
Aguadilla,2010-2014,1,60,5,0.014553173021240479,2.5,0.07021136958223122,83875.06214399578,5888.982986924704,404652.8532526671,0.9156435286214848,1839888.0093688434,21.936055394035286
Aguadilla,2010-2014,1,65,5,0.02095729935322709,2.5,0.09956971590907954,77986.07915707107,7765.051746532554,370517.766419024,0.8863136025246096,1435235.1561161762,18.403735277234308
Aguadilla,2010-2014,1,70,5,0.02766205953185553,2.5,0.12936410380727284,70221.02741053852,9084.080279390262,328394.93635421694,0.8342530005873614,1064717.3896971522,15.162372710276854
Aguadilla,2010-2014,1,75,5,0.04631297724550879,2.5,0.2075358755254515,61136.947131148256,12688.109849816094,273964.46103120106,0.7549354300812408,736322.4533429353,12.043821091743576
Aguadilla,2010-2014,1,80,5,0.06849970032063532,2.5,0.29242153313547475,48448.83728133216,14167.483276438288,206825.4782155651,0.5526724277405423,462357.9923117342,9.543221638672545
Aguadilla,2010-2014,1,85,NA,0.14346654049244514,7.453979619932464,1,34281.354004893874,34281.354004893874,255532.5140961691,0,255532.5140961691,7.453979619932464
Aguadilla,2010-2014,2,0,1,0.005703319591052104,0.13730813834409833,0.005675395468295908,100000,567.5395468295901,99510.38825178223,0.994086286245872,8170324.508391611,81.70324508391612
Aguadilla,2010-2014,2,1,4,1.9948840969233786e-4,1.5147661315730825,7.975582290574995e-4,99432.46045317041,79.30317706985807,397532.7548711538,0.9992039605468968,8070814.120139829,81.16880627670811
Aguadilla,2010-2014,2,5,5,9.528626627561851e-5,2.5,4.763178650008018e-4,99353.15727610055,47.32368375483202,496647.4771711157,0.99947275368290045,7673281.365268675,77.2323857202119
Aguadilla,2010-2014,2,10,5,1.156732488586131e-4,2.5,5.781990388897772e-4,99305.83359234572,57.41853753925534,496385.6216178804,0.9987779426470551,7176633.888097559,72.26799905389161
Aguadilla,2010-2014,2,15,5,3.7360626059720334e-4,2.5,0.0018662881606337886,99248.41505480646,185.22614197844814,495779.0099190862,0.9970644319797803,6680248.266479678,67.30836218181162
Aguadilla,2010-2014,2,20,5,8.029781444524794e-4,2.5,0.004006847195447135,99063.18891282802,396.93106066741166,494323.61691247154,0.9960356993764086,6184469.256560593,62.42953941249256
Aguadilla,2010-2014,2,25,5,7.858574802832715e-4,2.5,0.003921582888298058,98666.2578521606,386.92790844543197,492363.96948968945,0.9953865453184657,5690145.639648121,57.67063394837689
Aguadilla,2010-2014,2,30,5,0.001064435115497192,2.5,0.005308050389412662,98279.32994371517,521.671635578954,490092.47062962846,0.9939963897380192,5197781.670158432,52.887841961633384
Aguadilla,2010-2014,2,35,5,0.0013450843515111078,2.5,0.006702881903658944,97757.65830813622,655.2580388176866,487150.1464436369,0.992719250376263,4707689.199528803,48.156730439368445
Aguadilla,2010-2014,2,40,5,0.001578709687950227,2.5,0.007862516860901194,97102.40026931853,763.4692593514919,483603.32819821395,0.9902417051817238,4220539.053085166,43.46482724813478
Aguadilla,2010-2014,2,45,5,0.0023475159925057183,2.5,0.011669096485981257,96338.93100996704,1124.1882813115953,478884.1843465562,0.9849412289165086,3736935.7248869524,38.78946637367542
Aguadilla,2010-2014,2,50,5,0.003732194706616886,2.5,0.018488467135146295,95214.74272865544,1760.3746417201473,471672.7770389769,0.977564368464927,3258051.5405403962,34.21793145863184
Aguadilla,2010-2014,2,55,5,0.005362365974574034,2.5,0.02645714760264836,93454.3680869353,2472.5360105882864,461090.5004082058,0.9709734385017355,2786378.763501419,29.815393550244856
Aguadilla,2010-2014,2,60,5,0.006435045879703096,2.5,0.0316658021739973,90981.83207634701,2881.0126959574554,447706.6286418414,0.9584257724938893,2325288.2630932136,25.557720811139063
Aguadilla,2010-2014,2,65,5,0.01063686454947263,2.5,0.05180667138174646,88100.81938038956,4564.210198102432,429093.5714066917,0.9362330670395966,1877581.634451372,21.311738615558266
Aguadilla,2010-2014,2,70,5,0.015882699680441693,2.5,0.07638067028345122,83536.60918228712,6380.582202549791,401731.59040506114,0.8925141186959383,1448488.0630446805,17.339560190717126
Aguadilla,2010-2014,2,75,5,0.030376721525476904,2.5,0.14116340408842812,77156.02697973733,10891.607414398328,358551.1163626908,0.8176541883280526,1046756.4726396193,13.566749269172682
Aguadilla,2010-2014,2,80,5,0.052053305359240624,2.5,0.2302972005386602,66264.419565339,15260.510321216789,293170.8220236531,0.5740067708719149,688205.3562769284,10.385744880755112
Aguadilla,2010-2014,2,85,NA,0.12509666047440432,7.745181498980883,1,51003.90924412222,51003.90924412222,395034.53425327543,0,395034.53425327543,7.745181498980883
Aguadilla,2015-2019,1,0,1,0.00901002801714717,0.13131093959318368,0.008940054986586211,100000,894.0054986586183,99223.38720337172,0.9906862250106012,7685368.533639942,76.85368533639942
Aguadilla,2015-2019,1,1,4,3.23548134136444e-4,1.6260636143254157,0.0012931992525875432,99105.99450134138,128.16379801608855,396119.7253019289,0.9986986605513938,7586145.14643657,76.54577490097124
Aguadilla,2015-2019,1,5,5,1.5415493928433414e-4,2.5,7.704777640393321e-4,98977.8307033253,76.26021768974897,494698.5029724021,0.9991294931027263,7190025.421134641,72.64278647090093
Aguadilla,2015-2019,1,10,5,1.9421688676463797e-4,2.5,9.706131601576433e-4,98901.57048563554,95.99516587363905,494267.8645134936,0.9979778977619821,6695326.91816224,67.69687159957353
Aguadilla,2015-2019,1,15,5,6.158693592521776e-4,2.5,0.003074612896574483,98805.5753197619,303.7888961315912,493268.40435848053,0.9951710410979384,6201059.053648746,62.76021402213812
Aguadilla,2015-2019,1,20,5,0.0013220985611889083,2.5,0.006588715477811298,98501.78642363031,649.000244801442,490886.43150614796,0.9930766938079953,5707790.6492902655,57.94606226472439
Aguadilla,2015-2019,1,25,5,0.0014573133420979659,2.5,0.007260116050525803,97852.78617882887,710.4225835255784,487487.8744353304,0.9911657277166471,5216904.217784118,53.31380353595728
Aguadilla,2015-2019,1,30,5,0.0020949025104273987,2.5,0.010419940652558123,97142.3635953033,1012.2176635122887,483181.2738177357,0.9880130509082318,4729416.343348787,48.68541559325872
Aguadilla,2015-2019,1,35,5,0.0027326330596524036,2.5,0.013570457595611074,96130.145931791,1304.5300690272707,477389.4044863868,0.9861759899451159,4246235.069531051,44.17173227370279
Aguadilla,2015-2019,1,40,5,0.00283617831991315,2.5,0.014081050672965095,94825.61586276373,1335.2443020586943,470789.9685586719,0.9829099729030775,3768845.665044665,39.74501647844948
Aguadilla,2015-2019,1,45,5,0.00406937830434481,2.5,0.02014197819900006,93490.37156070504,1883.0810257921403,462744.15523904486,0.9741599006208417,3298055.696485993,35.27695570601625
Aguadilla,2015-2019,1,50,5,0.006432887910213363,2.5,0.031655351235426975,91607.2905349129,2899.860957608471,450786.8002805433,0.9560247939454266,2835311.541246948,30.950719366231755
Aguadilla,2015-2019,1,55,5,0.01167040288314214,2.5,0.05669779902275331,88707.42957730443,5029.516013999048,430963.35785152455,0.9396066211444717,2384524.740966405,26.88077822036768
Aguadilla,2015-2019,1,60,5,0.013289549454067968,2.5,0.06431108394404217,83677.91356330538,5381.417323432033,404936.0245079468,0.919616994459793,1953561.3831148802,23.34620092597003
Aguadilla,2015-2019,1,65,5,0.02051250996410295,2.5,0.09755957065750077,78296.49623987335,7638.572557148669,372386.0498064951,0.8866250461464205,1548625.3586069334,19.778986710497
Aguadilla,2015-2019,1,70,5,0.02801350095542765,2.5,0.13090008092218994,70657.92368272468,9249.12792786258,330166.79859396693,0.8519933977121803,1176239.3088004382,16.64695546506725
Aguadilla,2015-2019,1,75,5,0.03660725545931583,2.5,0.16768963411203314,61408.7957548621,10297.618491393398,281299.932545827,0.7958057010308,846072.5102064713,13.777708873886894
Aguadilla,2015-2019,1,80,5,0.05663501036746135,2.5,0.24805373693044808,51111.1772634687,12678.318519117958,223860.0900195486,0.6036279046217082,564772.5776606443,11.049883956875924
Aguadilla,2015-2019,1,85,NA,0.12115379977805903,8.87033904786504,1,38432.85874435074,38432.85874435074,340912.4876410957,0,340912.4876410957,8.87033904786504
Aguadilla,2015-2019,2,0,1,0.007034244609568058,0.13457272808129306,0.006991681857460916,100000,699.1681857460935,99394.9207843974,0.9928032848947871,8352457.968957417,83.52457968957417
Aguadilla,2015-2019,2,1,4,1.990933088225823e-4,1.5126245336179112,7.959790506945789e-4,99300.8318142539,79.04138184069598,397006.72166299616,0.9991955204479349,8253063.04817302,83.11172119495129
Aguadilla,2015-2019,2,5,5,8.60114448466062e-5,2.5,4.299647695053852e-4,99221.79043241321,42.6618742531864,496002.2974764331,0.9995231533033916,7856056.326510023,79.17672410740586
Aguadilla,2015-2019,2,10,5,1.0477719645676556e-4,2.5,5.23748789959179e-4,99179.12855816002,51.944948571530404,495765.78041937127,0.9988737962577321,7360054.02903359,74.2097065787138
Aguadilla,2015-2019,2,15,5,3.46094072890507e-4,2.5,0.0017289743949768328,99127.1836095885,171.3883623071597,495207.4471421746,0.9974979755746393,6864288.248614219,69.24728413196077
Aguadilla,2015-2019,2,20,5,6.563579208033075e-4,2.5,0.0032764133543741144,98955.79524728133,324.2200890409149,493968.42601380433,0.996508372483428,6369080.801472045,64.36288835389887
Aguadilla,2015-2019,2,25,5,7.428869704131094e-4,2.5,0.003707549127218604,98631.57515824042,365.6814103941142,492243.6722652168,0.9957983162744076,5875112.3754582405,59.56624302138999
Aguadilla,2015-2019,2,30,5,9.417434278584291e-4,2.5,0.004697657169876986,98265.8937478463,461.6194803189428,490175.4200384342,0.9949146295089838,5382868.703193024,54.77860626806745
Aguadilla,2015-2019,2,35,5,0.0010979884465937189,2.5,0.0054749137528517745,97804.27426752736,535.4699662749917,487682.6964219493,0.9934951997569101,4892693.283154589,50.025352366210896
Aguadilla,2015-2019,2,40,5,0.0015137784772490377,2.5,0.007540356313499775,97268.80430125237,733.4414426195144,484510.4178997131,0.9918852841055444,4405010.58673264,45.28698197101127
Aguadilla,2015-2019,2,45,5,0.0017462784338968958,2.5,0.008693439255762651,96535.36285863286,839.2243130445277,480578.753510553,0.9869351666585945,3920500.1688329265,40.61206228202755
Aguadilla,2015-2019,2,50,5,0.0035257178183711406,2.5,0.017474563145232214,95696.13854558833,1672.2482157697814,474300.0721885172,0.9787838171152347,3439921.4153223736,35.946292793033045
Aguadilla,2015-2019,2,55,5,0.005068284996942217,2.5,0.025024348657562645,94023.89032981855,2352.886613753799,464237.2351147082,0.9684437757454993,2965621.3431338565,31.541146965212793
Aguadilla,2015-2019,2,60,5,0.0078003544387932775,2.5,0.03825575114826945,91671.00371606475,3506.943105673854,449587.66081613913,0.9600872430736189,2501384.1080191485,27.286535617813872
Aguadilla,2015-2019,2,65,5,0.008504173334936251,2.5,0.04163567419891988,88164.0606103909,3670.770103628063,431643.3777928843,0.9413305140216219,2051796.4472030092,23.27248124686747
Aguadilla,2015-2019,2,70,5,0.015896245615672523,2.5,0.07644332346468044,84493.29050676283,6458.947936803685,406319.0826918049,0.90102991707758,1620153.069410125,19.17493163886721
Aguadilla,2015-2019,2,75,5,0.026294118657167333,2.5,0.12336139536709625,78034.34256995915,9626.425385984156,366105.6493848353,0.8472077085921851,1213833.98671832,15.555125432499118
Aguadilla,2015-2019,2,80,5,0.04110302296921277,2.5,0.1863647303640519,68407.91718397499,12748.823040757889,310167.52831798024,0.6341191928376406,847728.3373334847,12.392254759834593
Aguadilla,2015-2019,2,85,NA,0.1182498275984907,9.658094823323932,1,55659.0941432171,55659.0941432171,537560.8090155044,0,537560.8090155044,9.658094823323932
Aguadilla,2020-2024,1,0,1,0.0092683951310231,0.13079538093579995,0.009194324440970403,100000,919.4324440970522,99200.82507267335,0.9903422623033875,7643560.236916714,76.43560236916714
Aguadilla,2020-2024,1,1,4,3.7430583255352646e-4,1.6252975004593562,0.001495893682681597,99080.56755590295,148.21399508336617,395970.30607902043,0.9985475144399828,7544359.411844041,76.14368385190552
Aguadilla,2020-2024,1,5,5,1.6977632743742335e-4,2.5,8.485214900312936e-4,98932.35356081958,83.94622805573454,494451.90223395854,0.9990888264864073,7148389.1057650205,72.25532243474306
Aguadilla,2020-2024,1,10,5,1.9487063896446517e-4,2.5,9.738787438895866e-4,98848.40733276385,96.26636276871432,494001.37075689744,0.9977645951934293,6653937.203531062,67.31456159056978
Aguadilla,2020-2024,1,15,5,7.008579849721586e-4,2.5,0.0034981606403170886,98752.14096999513,345.4508526882855,492897.07771825494,0.9951188620200978,6159935.832774165,62.37774464703303
Aguadilla,2020-2024,1,20,5,0.001257736391859715,2.5,0.006268970179463091,98406.69011730685,616.9086058050598,490491.17907202156,0.9924980678164983,5667038.75505591,57.58794192041669
Aguadilla,2020-2024,1,25,5,0.001756211460819946,2.5,0.008742672350648724,97789.78151150179,854.9440189965826,486811.54751001747,0.9881874366000553,5176547.5759838885,52.935465198631576
Aguadilla,2020-2024,1,30,5,0.0030043024118707965,2.5,0.014909530215389098,96934.8374925052,1445.252888518342,481061.0552412302,0.9854698915877778,4689736.028473871,48.38029494645278
Aguadilla,2020-2024,1,35,5,0.0028491392552788303,2.5,0.014144943988441181,95489.58460398686,1350.6948257028998,474071.18595567707,0.9825164355393072,4208674.973232641,44.0747018712753
Aguadilla,2020-2024,1,40,5,0.004218032776951396,2.5,0.0208700871060788,94138.88977828396,1964.6868297423498,465782.73181706393,0.9775305933263514,3734603.7872769637,39.67121129293863
Aguadilla,2020-2024,1,45,5,0.004879366359550479,2.5,0.024102815628383442,92174.20294854161,2221.6578193618916,455316.87019430334,0.969561564557792,3268821.0554599,35.46351311857608
Aguadilla,2020-2024,1,50,5,0.007525058834876994,2.5,0.036930533088646376,89952.54512917972,3321.995444301123,441457.7370351458,0.959876439672387,2813504.1852655965,31.27764957873241
Aguadilla,2020-2024,1,55,5,0.008880690205374468,2.5,0.04343902961479464,86630.5496848786,3763.1470133073744,423744.8808911246,0.9482305788409333,2372046.4482304505,27.381177389025527
Aguadilla,2020-2024,1,60,5,0.012472787233574511,2.5,0.06047810968199189,82867.40267157122,5011.663867833078,401807.8536882734,0.9289719715460394,1948301.567339326,23.511073166623056
Aguadilla,2020-2024,1,65,5,0.0171570560105105,2.5,0.08225705768754019,77855.73880373815,6404.183998085151,373268.2340234779,0.9011462865727217,1546493.7136510527,19.86358022431096
Aguadilla,2020-2024,1,70,5,0.024839950731566838,2.5,0.11693792304039619,71451.554805653,8355.396416980097,336369.28298581473,0.8582079019414827,1173225.4796275748,16.419873336818604
Aguadilla,2020-2024,1,75,5,0.037143550437751215,2.5,0.1699375429446736,63096.1583886729,10722.406125819034,288674.7766288169,0.7908935839657549,836856.19664176,13.26318777581859
Aguadilla,2020-2024,1,80,5,0.0587930120039514,2.5,0.2562942785338022,52373.752262853865,13423.093050316216,228311.02868847875,0.5835119171257426,548181.4200129431,10.466720376682678
Aguadilla,2020-2024,1,85,NA,0.12741002345877758,8.212194550522593,1,38950.65921253765,38950.65921253765,319870.3913244643,0,319870.3913244643,8.212194550522593
Aguadilla,2020-2024,2,0,1,0.006689922941081046,0.13528040207688435,0.006651444947479842,100000,665.1444947479758,99424.83651994076,0.9931770477913214,8338347.4705117885,83.38347470511789
Aguadilla,2020-2024,2,1,4,1.7792753885881145e-4,1.5131780990704504,7.113953814038215e-4,99334.85550525202,70.66635741887148,397163.68737571995,0.999252239906721,8238922.633991848,82.94090319139026
Aguadilla,2020-2024,2,5,5,8.36334778712111e-5,2.5,4.1807997565007567e-4,99264.18914783315,41.50036978183198,496217.19481471117,0.9994987120398139,7841758.946616128,78.99887173749514
Aguadilla,2020-2024,2,10,5,1.1694032698127034e-4,2.5,5.845307468646791e-4,99222.68877805132,57.99871237736079,495968.4471093132,0.9989243690601791,7345541.751801417,74.03086776082505
Aguadilla,2020-2024,2,15,5,3.136494199674289e-4,2.5,0.0015670183638349065,99164.69006567396,155.39289037691196,495434.96810242755,0.9975325253665196,6849573.3046921035,69.07270420707033
Aguadilla,2020-2024,2,20,5,6.750059935913314e-4,2.5,0.0033693441492186707,99009.29717529705,333.59639615583,494212.49488609564,0.9965139896465429,6354138.336589676,64.17718858603354
Aguadilla,2020-2024,2,25,5,7.219147500846303e-4,2.5,0.003603070975216625,98675.70077914122,355.53555343647895,492489.66501211486,0.9957959096892679,5859925.841703581,59.385702816739396
Aguadilla,2020-2024,2,30,5,9.637731636271467e-4,2.5,0.004807282992290905,98320.16522570474,472.6528580887825,490419.19398330175,0.9947090264509126,5367436.176691466,54.59140720898838
Aguadilla,2020-2024,2,35,5,0.0011587471565632143,2.5,0.005777000575340721,97847.51236761596,565.2651352433604,487824.39899997134,0.9932946075376966,4877016.982708164,49.84303499086485
Aguadilla,2020-2024,2,40,5,0.0015336938475228777,2.5,0.007639178833671068,97282.2472323726,743.1564839494968,484553.34495198925,0.9913513475533842,4389192.583708192,45.11812492595875
Aguadilla,2020-2024,2,45,5,0.0019425677242242683,2.5,0.009665896972410637,96539.0907484231,933.1369049844652,480362.6114796543,0.9876301406765629,3904639.238756203,40.44619861742361
Aguadilla,2020-2024,2,50,5,0.0030430177060937623,2.5,0.015100212991719835,95605.95384343863,1443.6702663124452,474420.5935514121,0.981768838036659,3424276.627276549,35.81656256349933
Aguadilla,2020-2024,2,55,5,0.004328358076368235,2.5,0.021410113784552844,94162.28357712619,2016.0252055995952,465771.35487163195,0.9726276583359807,2949856.033725137,31.32736294897709
Aguadilla,2020-2024,2,60,5,0.006806899364312038,2.5,0.03346501435914038,92146.2583715266,3083.675859544208,453022.1022087725,0.9615019808678212,2484084.678853505,26.958063439080373
Aguadilla,2020-2024,2,65,5,0.008936339663912276,2.5,0.04370528513683416,89062.58251198239,3892.5055637090118,435581.64865063934,0.9408307538710611,2031062.5766447324,22.80489201367449
Aguadilla,2020-2024,2,70,5,0.01565782020522922,2.5,0.07533995245174618,85170.07694827337,6416.709547594481,409808.61087238067,0.9009857223629455,1595480.9279940932,18.73288113809128
Aguadilla,2020-2024,2,75,5,0.02657965631995403,2.5,0.12461755231955123,78753.3674006789,9814.051882394939,369231.70729740715,0.8428159589152187,1185672.3171217125,15.055512624486092
Aguadilla,2020-2024,2,80,5,0.04306273478811686,2.5,0.1943866247686594,68939.31551828395,13400.880857460877,311194.37544776755,0.6188401560344539,816440.6098243053,11.84288825159238
Aguadilla,2020-2024,2,85,NA,0.11822374608731344,9.097235769465058,1,55538.43466082308,55538.43466082308,505246.23437653773,0,505246.23437653773,9.097235769465058
Aguas Buenas,1980-1984,1,0,1,0.01822086830501371,0.11293116834076039,0.017931045863589144,100000,1793.1045863589243,98409.39280953577,0.9815339593748345,7155054.429543552,71.55054429543551
Aguas Buenas,1980-1984,1,1,4,4.989006502974528e-4,1.598973758813006,0.001993214981677598,98206.89541364108,195.74745524251193,392357.58687788143,0.998015629053581,7056645.036734016,71.85488358034213
Aguas Buenas,1980-1984,1,5,5,2.1447736358564962e-4,2.5,0.0010718121193342134,98011.14795839856,105.04953621166351,489793.1159514637,0.9987216810791454,6664287.449856134,67.99519838993042
Aguas Buenas,1980-1984,1,10,5,2.97230159693188e-4,2.5,0.0014850472963533223,97906.0984221869,145.3951867583819,489167.0041440386,0.9971128212189551,6174494.333904671,63.0654722577061
Aguas Buenas,1980-1984,1,15,5,8.60124686468581e-4,2.5,0.004291395594118146,97760.70323542852,419.52985114240437,487754.6915492866,0.9938715028234149,5685327.3297606325,58.1555486161874
Aguas Buenas,1980-1984,1,20,5,0.0016010864378795224,2.5,0.007973516466704987,97341.17338428611,776.1514488679823,484765.4882992606,0.9910720335560991,5197572.638211345,53.395417966580574
Aguas Buenas,1980-1984,1,25,5,0.001987847576136207,2.5,0.009890087912469593,96565.02193541813,955.0365562108491,480437.5182865636,0.9886370257054315,4712807.149912085,48.8044952039049
Aguas Buenas,1980-1984,1,30,5,0.0025867351466695603,2.5,0.012850573160226784,95609.98537920728,1228.6431119637127,474978.3191161271,0.9857641176875147,4232369.631625522,44.26702519448302
Aguas Buenas,1980-1984,1,35,5,0.003152496345286651,2.5,0.015639225225516862,94381.34226724357,1476.0510688040085,468216.58366420784,0.9826261249339977,3757391.3125093943,39.81074248626629
Aguas Buenas,1980-1984,1,40,5,0.0038641896289591253,2.5,0.01913608449666835,92905.29119843956,1777.8435025609215,460081.84723579546,0.9767659490892139,3289174.7288451865,35.40352423867578
Aguas Buenas,1980-1984,1,45,5,0.005558579043851837,2.5,0.0274119662661645,91127.44769587864,2497.9825221610954,449392.28217399045,0.9642614062049222,2829092.881609391,31.04545285906587
Aguas Buenas,1980-1984,1,50,5,0.00906067422999463,2.5,0.04429990366123663,88629.46517371754,3926.2767687426094,433331.6339467312,0.9476462382624968,2379700.5994354007,26.849993901814546
Aguas Buenas,1980-1984,1,55,5,0.012537200049240006,2.5,0.06078094313794526,84703.18840497494,5148.339678045435,410645.0928297611,0.9352911607422973,1946368.9654886695,22.978697757903433
Aguas Buenas,1980-1984,1,60,5,0.014269712164550691,2.5,0.06889092658978972,79554.8487269295,5480.607243508741,384072.7255258757,0.8974133951976524,1535723.8726589084,19.303963205690344
Aguas Buenas,1980-1984,1,65,5,0.029824526689278347,2.5,0.1387753598846564,74074.24148342076,10279.67952004465,344672.00861699216,0.8367715977004667,1151651.1471330326,15.54725534909182
Aguas Buenas,1980-1984,1,70,5,0.04238532274279081,2.5,0.1916217404320814,63794.56196337611,12224.4249935244,288411.74733306956,0.7762698071923381,806979.1385160405,12.649654040720902
Aguas Buenas,1980-1984,1,75,5,0.06068348136668182,2.5,0.2634497819919907,51570.13696985171,13586.141342004528,223885.33149424722,0.6894582317125748,518567.39118297095,10.055575215674322
Aguas Buenas,1980-1984,1,80,5,0.09214949220415475,2.5,0.37447764820990226,37983.99562784718,14224.157352331425,154359.58475840732,0.47618261891660707,294682.0596887237,7.758058487998658
Aguas Buenas,1980-1984,1,85,NA,0.19850421667222626,5.905868268258253,1,23759.838275515755,23759.838275515755,140322.47493031638,0,140322.47493031638,5.905868268258253
Aguas Buenas,1980-1984,2,0,1,0.008863515244777733,0.13081308302286565,0.008795752316048748,100000,879.5752316048747,99235.48471619192,0.9908795294644747,7881691.973131961,78.81691973131962
Aguas Buenas,1980-1984,2,1,4,2.8116651412637495e-4,1.5096893109817886,0.0011238791253604646,99120.42476839513,111.39937629406631,396204.28001604544,0.9988808485984668,7782456.488415769,78.51516482702999
Aguas Buenas,1980-1984,2,5,5,1.291889960967853e-4,2.5,6.457364253825807e-4,99009.02539210106,63.933734137317515,494885.292625162,0.9992849429865178,7386252.208399723,74.60180704888545
Aguas Buenas,1980-1984,2,10,5,1.5694603465889087e-4,2.5,7.844223933341257e-4,98945.09165796374,77.61474560700299,494531.4214258012,0.9984140026467395,6891366.9157745615,69.64839589614853
Aguas Buenas,1980-1984,2,15,5,4.78211348578512e-4,2.5,0.0023882015801467617,98867.47691235674,236.11546458720113,493747.09590031573,0.9967788476116491,6396835.494348761,64.70110995165152
Aguas Buenas,1980-1984,2,20,5,8.12867978391862e-4,2.5,0.004056097213104867,98631.36144776954,400.0583902930375,492156.6612631151,0.9952803535166467,5903088.398448445,59.850014354454984
Aguas Buenas,1980-1984,2,25,5,0.0010800882496586823,2.5,0.005385898135069544,98231.3030574765,529.0637919427099,489833.85580752575,0.9943826411593529,5410931.737185329,55.08357894854879
Aguas Buenas,1980-1984,2,30,5,0.0011734469592507462,2.5,0.005850072920553684,97702.23926553379,571.5652242047508,487082.2832671571,0.9930486314390008,4921097.881377804,50.36832234728328
Aguas Buenas,1980-1984,2,35,5,0.0016183502139468253,2.5,0.00805914477306483,97130.67404132904,782.7901640044438,483696.3947966341,0.9897136928548768,4434015.598110647,45.65000337817049
Aguas Buenas,1980-1984,2,40,5,0.0025221159029356886,2.5,0.012531564370211511,96347.8838773246,1207.3897087423538,478720.9451147671,0.9869778864993989,3950319.203314013,41.00058085700954
Aguas Buenas,1980-1984,2,45,5,0.0027221780082975966,2.5,0.013518887992513337,95140.49416858224,1286.1936842174327,472486.9866323676,0.9815090338191822,3471598.2581992457,36.48917622866052
Aguas Buenas,1980-1984,2,50,5,0.004762267389268463,2.5,0.023531182488848394,93854.30048436481,2208.502672060815,463750.245741672,0.9738373549979551,2999111.271566878,31.954969096663824
Aguas Buenas,1980-1984,2,55,5,0.005855999035446205,2.5,0.028857521137366556,91645.797812304,2644.670547519374,451617.31269272155,0.9650185266672406,2535361.025825206,27.66478208873008
Aguas Buenas,1980-1984,2,60,5,0.00843153791643549,2.5,0.04128739890875209,89001.12726478462,3674.6250447097846,435819.07371214865,0.9387323783112153,2083743.7131324844,23.41255416836688
Aguas Buenas,1980-1984,2,65,5,0.017124700426332684,2.5,0.08210830194821817,85326.50222007484,7006.014208471213,409117.4755791961,0.9079409950703814,1647924.6394203359,19.313162927621182
Aguas Buenas,1980-1984,2,70,5,0.021696235385855436,2.5,0.10289982961789168,78320.48801160362,8059.164871984132,371454.5278780578,0.8585324803030693,1238807.1638411398,15.817153279964286
Aguas Buenas,1980-1984,2,75,5,0.04064001455204129,2.5,0.18445902873054462,70261.32313961949,12960.335423657154,318905.77713895455,0.7760797711756161,867352.6359630818,12.344666983277923
Aguas Buenas,1980-1984,2,80,5,0.06304516467887754,2.5,0.2723067617933099,57300.987715962336,15603.446412491932,247496.32254858187,0.548732354709415,548446.8588241274,9.571333421733435
Aguas Buenas,1980-1984,2,85,NA,0.1517114091838662,7.217464792114685,1,41697.5413034704,41697.5413034704,300950.5362755455,0,300950.5362755455,7.217464792114685
Aguas Buenas,1985-1989,1,0,1,0.015423050869638119,0.11851407314218063,0.015216183773148208,100000,1521.6183773148223,98658.71481434876,0.9841737878248215,7194958.457940926,71.94958457940926
Aguas Buenas,1985-1989,1,1,4,5.155519376693586e-4,1.6071536382915044,0.0020596668702870862,98478.38162268518,202.8326600677392,393428.179098062,0.9979596567786391,7096299.743126577,72.05946753182523
Aguas Buenas,1985-1989,1,5,5,2.4018517309695178e-4,2.5,0.0012002051867584253,98275.54896261744,117.95082359647495,491082.867754096,0.9987076888714965,6702871.5640285155,68.204875320291407
Aguas Buenas,1985-1989,1,10,5,2.7709737432493354e-4,2.5,0.0013845277491147682,98157.59813902096,135.90191840993066,490448.23589908,0.9970068624631964,6211788.696274419,63.283829413558394
Aguas Buenas,1985-1989,1,15,5,9.229200670927934e-4,2.5,0.004603977577227795,98021.69622061103,451.289691481521,488980.25687435135,0.9936235544479134,5721340.460375339,58.36810299118566
Aguas Buenas,1985-1989,1,20,5,0.0016381034310788281,2.5,0.008157111673842603,97570.40652912951,795.8927021203272,485862.30089034676,0.9897486017584471,5232360.203500988,53.62650817631752
Aguas Buenas,1985-1989,1,25,5,0.002487960943988548,2.5,0.012362908635345643,96774.51382700918,1196.4144726733066,480881.5329533626,0.9874189416979525,4746497.902610641,49.046982670409676
Aguas Buenas,1985-1989,1,30,5,0.002576882283071319,2.5,0.012801938692840232,95578.09935433588,1223.584968312396,474831.5343508984,0.9862770080974647,4265616.369657278,44.62964213008039
Aguas Buenas,1985-1989,1,35,5,0.0029528362255556036,2.5,0.014655989287553907,94354.51438602348,1382.8587520739093,468315.4250499326,0.9828664444961364,3790784.83530638,40.175977376106346
Aguas Buenas,1985-1989,1,40,5,0.003968581894144847,2.5,0.019647972996002776,92971.65563394957,1826.7045792895078,460291.5167215241,0.9758345685783866,3322469.4102564473,35.73636919339977
Aguas Buenas,1985-1989,1,45,5,0.005838685016867982,2.5,0.02877342763233775,91144.95105466006,2622.5526532242366,449168.3736402397,0.9616114673216055,2862177.8935349234,31.402484289211607
Aguas Buenas,1985-1989,1,50,5,0.009896645763800007,2.5,0.048288493531624926,88522.39840143583,4274.613262611645,431925.45885065006,0.9458251209885139,2413009.5198946837,27.258745396301247
Aguas Buenas,1985-1989,1,55,5,0.012447656104216935,2.5,0.060359931351248466,84247.78513882418,5085.190527474173,408525.9493754355,0.9290067626906031,1981084.0610440336,23.51496906155559
Aguas Buenas,1985-1989,1,60,5,0.01716848516080569,2.5,0.08230959802338741,79162.59461135001,6515.841340948595,379523.36970437854,0.9017717789625785,1572558.1116685981,19.864913718266774
Aguas Buenas,1985-1989,1,65,5,0.024532596572952807,2.5,0.11557461910342173,72646.75327040142,8396.120838326897,342243.4642561898,0.8507824485340828,1193034.7419642196,16.422409650209374
Aguas Buenas,1985-1989,1,70,5,0.041320109593217316,2.5,0.18725686273985448,64250.63243207452,12031.371858281826,291174.732514668,0.7859296963709295,850791.2777080297,13.241757248187128
Aguas Buenas,1985-1989,1,75,5,0.056376558950508485,2.5,0.24706158914100673,52219.26057379269,12901.373501129536,228842.86911613966,0.710578878379292,559616.5451933617,10.716669271916437
Aguas Buenas,1985-1989,1,80,5,0.08358240232701171,2.5,0.34568008233885644,39317.88707266316,13591.41044066806,162610.90926164563,0.5083922300283573,330773.67607722204,8.412803960343066
Aguas Buenas,1985-1989,1,85,NA,0.19306849079171903,6.536564226072,1,25726.476631995098,25726.476631995098,168162.7668155764,0,168162.7668155764,6.536564226072
Aguas Buenas,1985-1989,2,0,1,0.008406784412171705,0.13175178820119585,0.00834586646784918,100000,834.5866467849119,99275.37163633783,0.9913317141250844,7885551.357365914,78.85551357365914
Aguas Buenas,1985-1989,2,1,4,2.7478266490002e-4,1.5104212752568094,0.0010983792659489135,99165.41335321509,108.92123392643407,396390.48542620434,0.9989125018241999,7786275.985729576,78.51806111063958
Aguas Buenas,1985-1989,2,5,5,1.2573687592968676e-4,2.5,6.284868197252457e-4,99056.49211928865,62.25569970520155,495126.82134718023,0.9993045601147554,7389885.500303372,74.6027377125783
Aguas Buenas,1985-1989,2,10,5,1.52545164159577e-4,2.5,7.624350563458067e-4,98994.23641958345,75.47667622246081,494782.49040736107,0.998244038376638,6894758.678956191,69.6480818310776
Aguas Buenas,1985-1989,2,15,5,5.508066805782783e-4,2.5,0.002750246267847477,98918.75974336099,272.0509498042811,493913.67134229426,0.9965756836934607,6399976.18854883,64.69931694607978
Aguas Buenas,1985-1989,2,20,5,8.21733718208324e-4,2.5,0.004100245316467951,98646.70879355671,404.4757057157549,492222.3547034942,0.9951819627302056,5906062.517206536,59.870852149426206
Aguas Buenas,1985-1989,2,25,5,0.0011108332255908603,2.5,0.005538784463425902,98242.23308784096,544.1425542791985,489850.8090535068,0.9941997602833711,5413840.162503041,55.10705520773723
Aguas Buenas,1985-1989,2,30,5,0.0012163175946813968,2.5,0.006063151179759098,97698.09053356176,592.3582928787655,487009.5569356119,0.9928772067198315,4923989.353449535,50.40005722279721
Aguas Buenas,1985-1989,2,35,5,0.0016445132452786867,2.5,0.008188899342809674,97105.73224068299,795.1890669287823,483540.68853609305,0.9902475081273275,4436979.796513923,45.69225414537398
Aguas Buenas,1985-1989,2,40,5,0.002278706571105136,2.5,0.011328994221583842,96310.54317375421,1091.1015870930714,478824.96190103836,0.9874410550733864,3953439.10797783,41.04887147033753
Aguas Buenas,1985-1989,2,45,5,0.00277978253530915,2.5,0.013802989404342629,95219.44158666114,1314.3129433081049,472811.4255750354,0.9816025399551468,3474614.1460767915,36.49059570376156
Aguas Buenas,1985-1989,2,50,5,0.004665026114175882,2.5,0.0230562357165981,93905.12864335303,2165.098780998611,464112.8962642686,0.9729374744609905,3001802.7205017563,31.966334148824313
Aguas Buenas,1985-1989,2,55,5,0.006331325766684626,2.5,0.031163365289340612,91740.02986235442,2858.928062255567,451552.8291561332,0.9601677687998998,2537689.8242374877,27.661750579817834
Aguas Buenas,1985-1989,2,60,5,0.00999988442161139,2.5,0.04877993775885216,88881.10180009886,4335.6146137470205,433566.4724661267,0.9380588088308319,2086136.9950813544,23.471097374256832
Aguas Buenas,1985-1989,2,65,5,0.01575230881790122,2.5,0.07577737265098726,84545.48718635183,6406.634888479457,406710.84871056053,0.9036726684380572,1652570.5226152278,19.546525516763502
Aguas Buenas,1985-1989,2,70,5,0.025206719869316548,2.5,0.11856218959598572,78138.85229787238,9264.313420953084,367533.4779369792,0.8501950747848201,1245859.6739046671,15.944176773359011
Aguas Buenas,1985-1989,2,75,5,0.04083209988665436,2.5,0.18525012083808326,68874.5388769193,12759.016649616555,312475.1527605551,0.7808140982796085,878326.195967688,12.75255283432505
Aguas Buenas,1985-1989,2,80,5,0.05999156637247109,2.5,0.26083767946255715,56115.52222730274,14637.04259959919,243985.00463751573,0.5688176109835258,565851.043207133,10.08368131931633
Aguas Buenas,1985-1989,2,85,NA,0.12811381815876008,7.759832121586306,1,41478.47962770355,41478.47962770355,321866.0385696172,0,321866.0385696172,7.759832121586306
Aguas Buenas,1990-1994,1,0,1,0.013762581191837613,0.12182745736074764,0.013598234010949811,100000,1359.8234010949818,98805.84042632006,0.9857701654508754,7178533.408559403,71.78533408559403
Aguas Buenas,1990-1994,1,1,4,5.116243568916727e-4,1.6120285209250083,0.0020440001818476257,98640.17659890502,201.6205389056413,394079.2422991177,0.9980032481909104,7079727.568133083,71.77326533914248
Aguas Buenas,1990-1994,1,5,5,2.3733784355980402e-4,2.5,0.0011859855196846823,98438.55605999938,116.74670206582232,491900.9135448324,0.9987237549175547,6685648.325833966,67.91696864955018
Aguas Buenas,1990-1994,1,10,5,2.7350925425904444e-4,2.5,0.0013666118188466363,98321.80935793355,134.3677467189409,491273.1274228704,0.9971094579318177,6193747.412289133,62.99464434936542
Aguas Buenas,1990-1994,1,15,5,8.852664729955732e-4,2.5,0.004416557788637046,98187.44161121461,433.6505099943606,489853.08178108715,0.9929414828405838,5702474.284866263,58.0774301814067
Aguas Buenas,1990-1994,1,20,5,0.0019519180377340617,2.5,0.009712196659058219,97753.79110122025,949.4040433435293,486395.44539774244,0.9896507936362882,5212621.203085176,53.32398001513526
Aguas Buenas,1990-1994,1,25,5,0.002210642907395822,2.5,0.010992463508255777,96804.38705787672,1064.1186921727785,481361.6385589517,0.9863960165395463,4726225.757687434,48.82243358311593
Aguas Buenas,1990-1994,1,30,5,0.003275510467003234,2.5,0.016244529518839913,95740.26836570395,1555.2556156083447,474813.20278949884,0.9822559087653624,4244864.1191284815,44.33729079298336
Aguas Buenas,1990-1994,1,35,5,0.0038911713258675948,2.5,0.019268414870738132,94185.0127500956,1814.7959002746065,466388.07399979146,0.9806932340641249,3770050.916338983,40.028140425506884
Aguas Buenas,1990-1994,1,40,5,0.003906965925118086,2.5,0.019345870483661893,92370.216849821,1786.9822517244029,457383.6286197939,0.9754629284913503,3303662.842339191,35.76545508938678
Aguas Buenas,1990-1994,1,45,5,0.006056470733827844,2.5,0.029830682037316397,90583.23459809659,2702.1596692074527,446160.77381746436,0.9671650684324913,2846279.2137193973,31.42169990228198
Aguas Buenas,1990-1994,1,50,5,0.007317780722422403,2.5,0.035931555501670084,87881.07492888914,3157.7037213537988,431511.1153410612,0.950725414215518,2400118.439901933,27.310981822241484
Aguas Buenas,1990-1994,1,55,5,0.01303431401546741,2.5,0.06311492083429802,84723.37120753534,5347.308866578445,410248.5838712306,0.932985000235392,1968607.3245608718,23.235705762211015
Aguas Buenas,1990-1994,1,60,5,0.014760886709755401,2.5,0.07117781441182465,79376.0623409569,5649.814634046052,382755.7751196693,0.9026724585973811,1558358.7406896413,19.632603265147747
Aguas Buenas,1990-1994,1,65,5,0.026776190655965062,2.5,0.12548118307541675,73726.24770691084,9251.256785974409,345503.0965696182,0.8327751783603929,1175602.9655699718,15.945514686213643
Aguas Buenas,1990-1994,1,70,5,0.04816874835157257,2.5,0.21495808678647926,64474.990920936434,13859.420693940127,287726.4028698319,0.7791523859911864,830099.8690003537,12.874757439179449
Aguas Buenas,1990-1994,1,75,5,0.0515564066467573,2.5,0.22834979589643492,50615.57022699631,11558.055130516266,224182.71330869087,0.7160065725397236,542373.4661305218,10.715545902143006
Aguas Buenas,1990-1994,1,80,5,0.08664859613968318,2.5,0.3561033436735215,39057.51509648004,13908.511721435589,160516.29617881123,0.49553437755404733,318190.7528218309,8.146722904307525
Aguas Buenas,1990-1994,1,85,NA,0.14498831390358088,6.269610540490892,1,25149.003375044453,25149.003375044453,157674.45664301972,0,157674.45664301972,6.269610540490892
Aguas Buenas,1990-1994,2,0,1,0.008677761275108978,0.13119485758410676,0.00861282673160542,100000,861.2826731605455,99251.71318448441,0.991108171789982,8070013.951552784,80.70013951552784
Aguas Buenas,1990-1994,2,1,4,2.55874631381126e-4,1.509986930907678,0.0010228468379156026,99138.71732683945,101.40372353277053,396302.3727105066,0.9989669293278192,7970762.2383683,80.40009446652792
Aguas Buenas,1990-1994,2,5,5,1.1669674273639941e-4,2.5,5.833135367076776e-4,99037.31360330668,57.76980566397833,495042.1435023735,0.9993202315689644,7574459.865657793,76.48086958413718
Aguas Buenas,1990-1994,2,10,5,1.5531620873336963e-4,2.5,7.762796216474699e-4,98979.5437976427,76.83580281007744,494705.62948118837,0.9984768264505732,7079417.72215542,71.52404881385222
Aguas Buenas,1990-1994,2,15,5,4.546457153652929e-4,2.5,0.0022706477261769387,98902.70799483263,224.57320902121137,493952.1069516101,0.9968807635763773,6584712.092674231,66.5776724032497
Aguas Buenas,1990-1994,2,20,5,7.955303011752562e-4,2.5,0.003969756352210116,98678.13478581142,391.72815239020565,492411.35354808153,0.9955364467534221,6090759.985722622,61.72350135055847
Aguas Buenas,1990-1994,2,25,5,9.9432923895867e-4,2.5,0.004959318207046933,98286.40663342121,487.4335659223434,490213.4492523002,0.9948029405707874,5598348.63217454,56.9595412421038
Aguas Buenas,1990-1994,2,30,5,0.0010901601598644977,2.5,0.0054359855620989914,97798.97306749887,531.633805583042,487665.78082353674,0.9936542305477041,5108135.182922239,52.23096953581208
Aguas Buenas,1990-1994,2,35,5,0.001457395919560073,2.5,0.007260525945582984,97267.33926191583,706.2120403689623,484571.1662086567,0.991538801372611,4620469.402098703,47.50278394741499
Aguas Buenas,1990-1994,2,40,5,0.0019435281087617027,2.5,0.009670652581005381,96561.12722154686,933.8091141898476,480471.1133222597,0.9881495678534398,4135898.235890046,42.8319175106642
Aguas Buenas,1990-1994,2,45,5,0.0028301836491590395,2.5,0.014051497449972417,95627.31810735702,1343.7070165332261,474777.322995452,0.9841622751348994,3655427.122567787,38.22576220807513
Aguas Buenas,1990-1994,2,50,5,0.003561309334277054,2.5,0.017649409157443077,94283.61109082379,1664.0500289831834,467257.930381661,0.97615540829399,3180649.7995723346,33.73491705264027
Aguas Buenas,1990-1994,2,55,5,0.006122516248280625,2.5,0.03015108004766552,92619.5610618406,2792.579799555213,456116.355810315,0.9651932869271262,2713391.869190674,29.29609942093102
Aguas Buenas,1990-1994,2,60,5,0.008081457969628187,2.5,0.03960708241847957,89826.9812622854,3557.7846502585453,440240.44468578056,0.9476380480759896,2257275.5133803585,25.129148076226116
Aguas Buenas,1990-1994,2,65,5,0.013574088573261393,2.5,0.06564283860281953,86269.19661202685,5662.954949598177,417188.5956861388,0.9195585334191881,1817035.068694578,21.062385417430256
Aguas Buenas,1990-1994,2,70,5,0.020229813962895703,2.5,0.09627976545558427,80606.24166242867,7760.750041514781,383629.3332083564,0.8702315389450529,1399846.4730084394,17.366477386092065
Aguas Buenas,1990-1994,2,75,5,0.03640131280174537,2.5,0.16682494636895046,72845.49162091389,12152.445232878781,333846.3450223725,0.808330703409486,1016217.1398000829,13.950309307931525
Aguas Buenas,1990-1994,2,80,5,0.049814272382106894,2.5,0.22148818052527608,60693.04638803511,13442.792415022079,269858.2509026203,0.6045284279926876,682370.7947777105,11.242981451532996
Aguas Buenas,1990-1994,2,85,NA,0.14215395407938616,8.730377282431045,1,47250.25397301303,47250.25397301303,412512.54387509014,0,412512.54387509014,8.730377282431045
Aguas Buenas,1995-1999,1,0,1,0.013823202175046642,0.12170649121980319,0.013657390140305538,100000,1365.7390140305506,98800.4802892891,0.9857326269145592,7212873.426192408,72.12873426192408
Aguas Buenas,1995-1999,1,1,4,5.007084054417381e-4,1.6118502835072595,0.0020004415604906473,98634.26098596945,197.3120749646041,394065.8331679905,0.9980853796092457,7114072.94590312,72.12577936702019
Aguas Buenas,1995-1999,1,5,5,2.131091018028904e-4,2.5,0.0010649781176892007,98436.94891100485,104.83319656232197,491922.6615636184,0.9987317530850776,6720007.112735129,68.26712110724371
Aguas Buenas,1995-1999,1,10,5,2.9456324309041766e-4,2.5,0.0014717324197657694,98332.11571444252,144.71856260110508,491298.7821657099,0.9966719321415927,6228084.45117151,63.33723632325711
Aguas Buenas,1995-1999,1,15,5,0.0010401255085461635,2.5,0.005187139352837642,98187.39715184142,509.31171171901224,489663.70647990954,0.992775862930189,5736785.6690058,58.42690442373348
Aguas Buenas,1995-1999,1,20,5,0.0018629877985947066,2.5,0.00927175607188984,97678.0854401224,905.6473817700171,486126.308746187,0.989559831088635,5247121.962525891,53.71851770930161
Aguas Buenas,1995-1999,1,25,5,0.0023374834883976925,2.5,0.011619516372826839,96772.43805835239,1124.4489284574083,481051.06797061843,0.9855054309542147,4760995.653779704,49.197847541144846
Aguas Buenas,1995-1999,1,30,5,0.0035112380117133493,2.5,0.017403421173669636,95647.98912989498,1664.6022392421437,474078.44005136954,0.9820699445028884,4279944.5858090855,44.746832889468244
Aguas Buenas,1995-1999,1,35,5,0.0037276206319340386,2.5,0.018466017391128138,93983.38689065284,1735.4988567999098,465578.1873112644,0.980960893690734,3805866.145757716,40.495094629710884
Aguas Buenas,1995-1999,1,40,5,0.003963483067244597,2.5,0.019622976993615177,92247.88803385293,1810.1781845978985,456713.9947077699,0.9777507482540054,3340287.9584464515,36.20991254803189
Aguas Buenas,1995-1999,1,45,5,0.005048543956594193,2.5,0.0249280933454495,90437.70984925503,2254.4396730708977,446552.4500635979,0.9647426721816486,2883573.9637386817,31.884641578663715
Aguas Buenas,1995-1999,1,50,5,0.009385287322546874,2.5,0.04585063319655835,88183.27017618413,4043.2587749212253,430808.2039436176,0.9530840829675222,2437021.513675084,27.635871393815197
Aguas Buenas,1995-1999,1,55,5,0.009842866603369662,2.5,0.048032391950328684,84140.0114012629,4041.4460063305887,410596.44199048803,0.9382521535593789,2006213.3097314662,23.843748964613926
Aguas Buenas,1995-1999,1,60,5,0.015833986542444535,2.5,0.0761553266682224,80098.56539493232,6099.932413307048,385242.99594139395,0.9126594286434739,1595616.8677409783,19.920667241337757
Aguas Buenas,1995-1999,1,65,5,0.020930306969554172,2.5,0.09944784978891082,73998.63298162527,7359.004937341422,351595.65256477275,0.8653018765389278,1210373.8717995842,16.356705834013642
Aguas Buenas,1995-1999,1,70,5,0.03807797406688322,2.5,0.1738410799949038,66639.62804428385,11584.704909676977,304236.37794722675,0.7909669677163662,858778.2192348115,12.886899948843201
Aguas Buenas,1995-1999,1,75,5,0.05756907773030909,2.5,0.25163010584487205,55054.92313460687,13853.47613564242,240640.9253339283,0.6947573301663363,554541.8412875847,10.072520488889873
Aguas Buenas,1995-1999,1,80,5,0.09287845899762921,2.5,0.3768817942927222,41201.44699896445,15528.07527242622,167187.0468137567,0.4673891081017432,313900.9159536564,7.61868669227918
Aguas Buenas,1995-1999,1,85,NA,0.1499348907530115,5.7146319035393205,1,25673.37172653823,25673.37172653823,146713.86913989973,0,146713.86913989973,5.7146319035393205
Aguas Buenas,1995-1999,2,0,1,0.008405046889941408,0.13175535927851012,0.008344154281613059,100000,834.415428161301,99275.52327636362,0.9914039782562354,7923619.917427106,79.23619917427106
Aguas Buenas,1995-1999,2,1,4,2.3899519679833412e-4,1.5104240609838155,9.554123200239139e-4,99165.5845718387,94.7440212223155,396426.46585175407,0.9989999296013183,7824344.394150742,78.90181284095128
Aguas Buenas,1995-1999,2,5,5,1.1950617359053611e-4,2.5,5.973523997037463e-4,99070.84055061638,59.18020434357459,495206.252242223,0.999354198606239,7427917.928298988,74.97582423865661
Aguas Buenas,1995-1999,2,10,5,1.3890408836772711e-4,2.5,6.942793462394807e-4,99011.66034627281,68.74175081528665,494886.4473543258,0.998495896643363,6932711.676056765,70.01914372318411
Aguas Buenas,1995-1999,2,15,5,4.634343073843842e-4,2.5,0.002314490001744654,98942.91859545752,229.0023958326201,494142.086987706,0.9966825003319439,6437825.22870244,65.06605343859344
Aguas Buenas,1995-1999,2,20,5,8.664399741647492e-4,2.5,0.004322836175662846,98713.9161996249,426.7240879891033,492502.77077815175,0.9953104250374879,5943683.141714733,60.211197879082
Aguas Buenas,1995-1999,2,25,5,0.0010141459241744184,2.5,0.005057905984025699,98287.1921116358,497.127377134515,490193.1421153427,0.9940395155788683,5451180.370936582,55.46175705930295
Aguas Buenas,1995-1999,2,30,5,0.0013782629591746582,2.5,0.006867651222631581,97790.06473450128,671.5880576351192,487271.35352841864,0.9925585973959936,4960987.228821239,50.73099442453846
Aguas Buenas,1995-1999,2,35,5,0.0016102808303923612,2.5,0.008019121557659593,97118.47667686616,778.8048699665233,483645.37120941456,0.9912249076118159,4473715.87529282,46.06451860007879
Aguas Buenas,1995-1999,2,40,5,0.0019165742409140683,2.5,0.00953717444737797,96339.67180689964,918.808256225544,479401.33839393436,0.9884812485938422,3990070.5040834057,41.41669189076109
Aguas Buenas,1995-1999,2,45,5,0.0027222836299393297,2.5,0.013519408985278949,95420.8635506741,1290.0336800700607,473879.2335531953,0.9840579030897754,3510669.1656894716,36.791421027384644
Aguas Buenas,1995-1999,2,50,5,0.003713760260118658,2.5,0.018397987017959597,94130.82987060404,1731.8177859491261,466324.6048881473,0.9772164983311026,3036789.9321362763,32.26137426293562
Aguas Buenas,1995-1999,2,55,5,0.005525531360411877,2.5,0.02725121321893317,92399.01208465491,2517.985179537718,455700.0974744303,0.9643140858840503,2570465.3272481286,27.81918625810737
Aguas Buenas,1995-1999,2,60,5,0.009072598247849138,2.5,0.044356910175402296,89881.02690511719,3986.844636903217,439438.0229333279,0.9434946735799803,2114765.2297736984,23.52849430621379
Aguas Buenas,1995-1999,2,65,5,0.014339807843135441,2.5,0.06921762076292866,85894.18226821398,5945.390933983101,414607.4340061121,0.9181955028090931,1675327.2068403705,19.50454806833108
Aguas Buenas,1995-1999,2,70,5,0.020019691859729398,2.5,0.09532739653747098,79948.79133423087,7621.310134209751,380690.68133563,0.8580789589607415,1260719.7728342586,15.76909108686511
Aguas Buenas,1995-1999,2,75,5,0.04282674009450373,2.5,0.19342436315098802,72327.48120002112,13989.896989429151,326662.66352653276,0.7709628453471271,880029.0914986285,12.167285199175048
Aguas Buenas,1995-1999,2,80,5,0.0632820661346896,2.5,0.2731902258279588,58337.58421059197,15937.257804749184,251844.7765410869,0.5448860577537846,553366.4279720958,9.485590386713762
Aguas Buenas,1995-1999,2,85,NA,0.11924209513361335,7.111304958950954,1,42400.32640584279,42400.32640584279,301521.6514310089,0,301521.6514310089,7.111304958950954
Aguas Buenas,2000-2004,1,0,1,0.011971934038248,0.12540060422337804,0.011847879087203542,100000,1184.7879087203473,98963.78521090974,0.9877087650588863,7441361.562404783,74.41361562404784
Aguas Buenas,2000-2004,1,1,4,3.935052796227075e-4,1.6173023403102558,0.0015725466922508447,98815.21209127965,155.39153491820616,394890.5973185334,0.9984018422427151,7342397.777193874,74.30432644734296
Aguas Buenas,2000-2004,1,5,5,1.898146534879728e-4,2.5,9.486231110220906e-4,98659.82055636145,93.59098590906069,493065.12531703454,0.9989236540838916,6947507.17987534,70.41881021774648
Aguas Buenas,2000-2004,1,10,5,2.4098309412460986e-4,2.5,0.001204189997044545,98566.22957045239,118.6924676951312,492534.4166830241,0.9973461626743728,6454442.054558306,65.4833007479996
Aguas Buenas,2000-2004,1,15,5,8.22735241619616e-4,2.5,0.004105232409651931,98447.53710275725,404.1500199646398,491227.31046387466,0.9930548439010447,5961907.637875282,60.55923604927141
Aguas Buenas,2000-2004,1,20,5,0.001969002225779748,2.5,0.009796786393363685,98043.38708279261,960.5101205319952,487815.6601126331,0.9898850166543403,5470680.327411408,55.79856520860197
Aguas Buenas,2000-2004,1,25,5,0.0020982145173831183,2.5,0.010436328447274964,97082.87696226062,1013.188790584536,482881.41283484176,0.990106989469218,4982864.667298774,51.325885915348195
Aguas Buenas,2000-2004,1,30,5,0.0018775644599037483,2.5,0.009343962569431154,96069.68817167608,897.6715703330556,478104.2619325478,0.9885917182884346,4499983.2544639325,46.84082294950811
Aguas Buenas,2000-2004,1,35,5,0.0027167415779815363,2.5,0.013492071709442305,95172.01660134303,1284.0676727175596,472649.91382492124,0.9842190087632258,4021878.992531385,42.25904983581728
Aguas Buenas,2000-2004,1,40,5,0.003653307734064631,2.5,0.018101215394828413,93887.94892862547,1699.4859865356993,465191.0296767881,0.978438534864932,3549229.078706464,37.802818351103
Aguas Buenas,2000-2004,1,45,5,0.005080828424903337,2.5,0.025085504266688624,92188.46294208977,2312.5940804732672,455160.82950926566,0.9732759219344823,3084038.0490296753,33.453622618341974
Aguas Buenas,2000-2004,1,50,5,0.005762808546784682,2.5,0.02840481397210275,89875.8688616165,2552.907335595315,442997.07596909424,0.9606210173306449,2628877.21952041,29.25008962715164
Aguas Buenas,2000-2004,1,55,5,0.010398257315579081,2.5,0.05067398377173545,87322.96152602119,4425.002335269484,425552.30179193226,0.9409869583973932,2185880.1435513156,25.032134794236793
Aguas Buenas,2000-2004,1,60,5,0.014035220369001242,2.5,0.06779722921394277,82897.9591907517,5620.251940623464,400439.1661021999,0.9112714258258636,1760327.8417593834,21.234875489622063
Aguas Buenas,2000-2004,1,65,5,0.023545355085843968,2.5,0.11118221367849404,77277.70725012824,8591.906560067859,364908.7698504715,0.8821429271040793,1359888.6756571834,17.597425234881392
Aguas Buenas,2000-2004,1,70,5,0.026750170916169748,2.5,0.12536689022873063,68685.80069006038,8610.925235383278,321901.69036184374,0.8272799549122487,994979.905806712,14.48596210294593
Aguas Buenas,2000-2004,1,75,5,0.0511771702765621,2.5,0.22686063767451517,60074.8754546771,13628.62455386512,266302.8158887227,0.7320173705178169,673078.2154448682,11.203988528493337
Aguas Buenas,2000-2004,1,80,5,0.07652261240288118,2.5,0.32117095982922345,46446.25090081198,14917.186982282718,194938.28704835312,0.5207716905666843,406775.39955614554,8.757981358384175
Aguas Buenas,2000-2004,1,85,NA,0.14373047945756584,6.718788513835268,1,31529.063918529264,31529.063918529264,211837.1125077924,0,211837.1125077924,6.718788513835268
Aguas Buenas,2000-2004,2,0,1,0.006812215704840467,0.13502905742831253,0.006772310753342436,100000,677.2310753342463,99414.2147984293,0.9929600965475269,8142249.374834195,81.42249374834195
Aguas Buenas,2000-2004,2,1,4,2.2809105938797225e-4,1.512981450404312,9.118469771301931e-4,99322.76892466575,90.56716660415987,397065.83347533416,0.9990860254675589,8042835.160035766,80.97675132412074
Aguas Buenas,2000-2004,2,5,5,1.0864798295234993e-4,2.5,5.430924000272004e-4,99232.2017580616,53.892254612757824,496026.2781537761,0.9994121978595137,7645769.326560432,77.04927625410964
Aguas Buenas,2000-2004,2,10,5,1.2654725799131258e-4,2.5,6.325361756600378e-4,99178.30950344884,62.733868601731956,495734.71284573985,0.9987456963027491,7149743.048406656,72.08978539967985
Aguas Buenas,2000-2004,2,15,5,3.7564539431601764e-4,2.5,0.0018764647582200338,99115.5756348471,185.98688466948806,495112.91096256184,0.9972250981338802,6654008.335560916,67.13383131703769
Aguas Buenas,2000-2004,2,20,5,7.363586751938004e-4,2.5,0.003675028029042088,98929.58875017762,363.5690115585021,493739.0212219918,0.9961551529040752,6158895.424598354,62.25534243502348
Aguas Buenas,2000-2004,2,25,5,8.046740117132856e-4,2.5,0.004015292554646054,98566.01973861911,395.77140519757813,491840.67018010165,0.9951343347458576,5665156.403376362,57.47575501576939
Aguas Buenas,2000-2004,2,30,5,0.0011471738539050843,2.5,0.0057194662142771415,98170.24833342154,561.4814185902069,489447.5381206322,0.9935506901875039,5173315.73319626,52.69738867957037
Aguas Buenas,2000-2004,2,35,5,0.0014418490020101998,2.5,0.007183351738712123,97608.76691483133,701.1581055311835,486290.9393103287,0.9920347305792009,4683868.195075628,47.98614246569208
Aguas Buenas,2000-2004,2,40,5,0.0017582638112791195,2.5,0.008752844531929985,96907.60880930015,848.2172338688979,482417.50096182845,0.990207939812437,4197577.255765299,43.31524951797656
Aguas Buenas,2000-2004,2,45,5,0.0021799060348424806,2.5,0.010840452255979325,96059.39157543125,1041.327248111891,477693.6397568765,0.9875493079625987,3715159.7548034713,38.6756536125478
Aguas Buenas,2000-2004,2,50,5,0.0028356769201686254,2.5,0.014078578848072495,95018.06432731936,1337.71931062339,471746.0233600383,0.9799332329166714,3237466.1150465948,34.07211184490281
Aguas Buenas,2000-2004,2,55,5,0.005297330204540806,2.5,0.026140464344373598,93680.34501669597,2448.8477186775563,462279.60578678595,0.96900908771831,2765720.0916865566,29.522949463877854
Aguas Buenas,2000-2004,2,60,5,0.007326076502389744,2.5,0.03597155657352943,91231.49729801841,3281.7389663434733,447953.1390742334,0.9524947584914684,2303440.4858997706,25.248302988772743
Aguas Buenas,2000-2004,2,65,5,0.012258356276432398,2.5,0.059469291961241795,87949.75833167494,5230.30985614704,426673.0170180071,0.9231788895403688,1855487.346825537,21.09712842903045
Aguas Buenas,2000-2004,2,70,5,0.020007051847357533,2.5,0.09527007586829118,82719.4484755279,7880.688132046736,393895.52204752265,0.8828986486359276,1428814.32980753,17.273015670918515
Aguas Buenas,2000-2004,2,75,5,0.030392490394825042,2.5,0.1412315087883814,74838.76034348116,10569.591039161933,347769.824119501,0.8179510866450109,1034918.8077600072,13.828647120958811
Aguas Buenas,2000-2004,2,80,5,0.051869941418127605,2.5,0.2295790742590286,64269.16930431923,14754.856392282381,284458.70554089017,0.5860305227640276,687148.9836405063,10.691735883294298
Aguas Buenas,2000-2004,2,85,NA,0.11907250612302787,8.132805534735043,1,49514.31291203685,49514.31291203685,402690.27809961606,0,402690.27809961606,8.132805534735043
Aguas Buenas,2005-2009,1,0,1,0.012387380952600105,0.12457160067813412,0.012254490014473663,100000,1225.4490014473704,98927.20714221236,0.9873437810980955,7513220.946186149,75.13220946186149
Aguas Buenas,2005-2009,1,1,4,3.756697599456062e-4,1.6160772215863908,0.0015013344931066623,98774.55099855263,148.29364045524562,394744.68340683536,0.9984556556402363,7414293.739043936,75.06279364562822
Aguas Buenas,2005-2009,1,5,5,1.799889392800534e-4,2.5,8.995399283064273e-4,98626.25735809738,88.71825647301739,492909.49114930443,0.9989801673495218,7019549.055637101,71.17322753260477
Aguas Buenas,2005-2009,1,10,5,2.281768230854442e-4,2.5,0.0011402336781815648,98537.53910162437,112.35582064882328,492406.80595649977,0.9976709931833099,6526639.564487796,66.23505746126561
Aguas Buenas,2005-2009,1,15,5,7.050680117962399e-4,2.5,0.0035191369816938954,98425.18328097554,346.37170241407875,491259.9871488425,0.9944406770229696,6034232.758531297,61.307813278897335
Aguas Buenas,2005-2009,1,20,5,0.0015271511052446947,2.5,0.007606714021908878,98078.81157856146,746.057471286811,488528.9142145903,0.9910953418308496,5542972.771382455,56.515496896518925
Aguas Buenas,2005-2009,1,25,5,0.0020529933665683333,2.5,0.010212551083764895,97332.75410727465,994.0157234440558,484178.7312277631,0.9885077354004999,5054443.857167864,51.92952674078391
Aguas Buenas,2005-2009,1,30,5,0.002573487674531004,2.5,0.012785182101269391,96338.7383838306,1231.708313643845,478614.4211350434,0.9868531805457036,4570265.125940101,47.439536811571635
Aguas Buenas,2005-2009,1,35,5,0.002721012770818339,2.5,0.013513140285862464,95107.03007018675,1285.194639510155,472322.16375215835,0.9843009929339492,4091650.7048050575,43.02153796397086
Aguas Buenas,2005-2009,1,40,5,0.0036153474202995236,2.5,0.017914816388459723,93821.8354306766,1680.8009549688722,464907.17476596084,0.9780938944392811,3619328.5410528993,38.57661198418103
Aguas Buenas,2005-2009,1,45,5,0.005262372900240526,2.5,0.025970202279479385,92141.03447570773,2392.921303574607,454722.8691196021,0.9692149230644499,3154421.3662869385,34.23470752456743
Aguas Buenas,2005-2009,1,50,5,0.007275638979725736,2.5,0.03572832884359144,89748.11317213312,3206.5501005058322,440724.19060940103,0.9594944567038429,2699698.4971673363,30.080838490603448
Aguas Buenas,2005-2009,1,55,5,0.009303418353663644,2.5,0.04545976376686359,86541.56307162729,3934.1590132513084,422872.41782500816,0.9461929424858233,2258974.306557935,26.102767576410248
Aguas Buenas,2005-2009,1,60,5,0.01291428428952812,2.5,0.06255188924620904,82607.40405837598,5167.249189576367,400118.897317939,0.9177026938138095,1836101.8887329272,22.226844066367384
Aguas Buenas,2005-2009,1,65,5,0.021798604624131936,2.5,0.10336025005846972,77440.15486879961,8004.233771805753,367190.18991448364,0.8925411266711779,1435982.9914149882,18.543131710517034
Aguas Buenas,2005-2009,1,70,5,0.02373553898452646,2.5,0.11202996586695652,69435.92109699386,7778.903870436901,327732.345808877,0.8470345494559696,1068792.8015005046,15.39250555929871
Aguas Buenas,2005-2009,1,75,5,0.04421382959778841,2.5,0.1990655249874667,61657.017226556956,12273.786503365845,277600.61987437017,0.7589951665306781,741060.4556916275,12.01907729283468
Aguas Buenas,2005-2009,1,80,5,0.06875946790081557,2.5,0.2933678042119645,49383.23072319111,14487.449962155399,210697.52871056704,0.5453812554457356,463459.8358172573,9.384963863848817
Aguas Buenas,2005-2009,1,85,NA,0.15739250958601278,7.2433486683559805,1,34895.78076103571,34895.78076103571,252762.30710669028,0,252762.30710669028,7.2433486683559805
Aguas Buenas,2005-2009,2,0,1,0.007009965040134434,0.13462262915196288,0.0069676971420217625,100000,696.7697142021789,99397.03125663719,0.9928165993796091,8341679.720273592,83.41679720273592
Aguas Buenas,2005-2009,2,1,4,2.042051526533996e-4,1.5126635567499307,8.164059360625803e-4,99303.23028579782,81.07174667550134,397011.26843316737,0.9991473324860023,8242282.689016955,83.0011537922322
Aguas Buenas,2005-2009,2,5,5,1.014258329709003e-4,2.5,5.070006074571812e-4,99222.15853912232,50.305694652561215,495985.0284589802,0.9994644476465527,7845271.420583787,79.06773583735809
Aguas Buenas,2005-2009,2,10,5,1.1285554846257178e-4,2.5,5.641185825327848e-4,99171.85284446976,55.94468505376426,495719.40250971436,0.9988342113475136,7349286.392124807,74.10657541763005
Aguas Buenas,2005-2009,2,15,5,3.5387245302218647e-4,2.5,0.0017677983272846203,99115.908159416,175.21693665151543,495141.4984554512,0.997213594224529,6853566.989615093,69.14699281766109
Aguas Buenas,2005-2009,2,20,5,7.628153703196784e-4,2.5,0.003806817105098979,98940.69122276448,376.6491157371347,493761.8333244796,0.9959674015571249,6358425.491159642,64.26501990817589
Aguas Buenas,2005-2009,2,25,5,8.536665010331162e-4,2.5,0.004259242573403858,98564.04210702734,419.808164349015,491770.69012426416,0.9951692866389766,5864663.657835162,59.50104655272684
Aguas Buenas,2005-2009,2,30,5,0.0010838546344401876,2.5,0.005404628592831516,98144.23394267833,530.4331329881534,489395.0868809212,0.9938475271677821,5372892.967710898,54.744866324484896
Aguas Buenas,2005-2009,2,35,5,0.0013856597323046484,2.5,0.006904380855204362,97613.80080969018,673.9628575141542,486384.09690466546,0.9929103578347512,4883497.880829977,50.028764788607525
Aguas Buenas,2005-2009,2,40,5,0.001460551924302002,2.5,0.007276191482830416,96939.83795217602,705.3528232545941,482935.8077027437,0.9906396161298862,4397113.783925312,45.359202953223104
Aguas Buenas,2005-2009,2,45,5,0.002305178983922306,2.5,0.01145985239237713,96234.48512892143,1102.832994633849,478415.3431580225,0.9862990407353548,3914177.9762225677,40.673340445256216
Aguas Buenas,2005-2009,2,50,5,0.0032193123898493214,2.5,0.015968046623405553,95131.65213428758,1519.066656641895,471860.59402983316,0.980382575782238,3435762.633064545,36.11587264577968
Aguas Buenas,2005-2009,2,55,5,0.004720256572862034,2.5,0.0233260208561478,93612.58547764568,2183.609121249494,462603.9045851047,0.9708649313175788,2963902.039034712,31.66136288098228
Aguas Buenas,2005-2009,2,60,5,0.007141849166079617,2.5,0.03508285468913486,91428.97635639619,3207.5894918877893,449125.90805226145,0.9572877370363992,2501298.134449607,27.357827180514214
Aguas Buenas,2005-2009,2,65,5,0.010386695279459741,2.5,0.050619064404057966,88221.3868645084,4465.684063509863,429942.7241637673,0.9377695588391868,2052172.2263973458,23.26161829159521
Aguas Buenas,2005-2009,2,70,5,0.015468065739754977,2.5,0.07446091295711771,83755.70280099854,6236.526095927373,403187.19876517425,0.9101606782255934,1622229.5022335784,19.368585636347117
Aguas Buenas,2005-2009,2,75,5,0.0224879666411325,2.5,0.1064549450717687,77519.17670507116,8252.299698147079,366965.1342799881,0.8549835914589576,1219042.303468404,15.725686923977053
Aguas Buenas,2005-2009,2,80,5,0.041543015714108594,2.5,0.18817199790566713,69266.87700692409,13034.08663507901,313749.1684469229,0.6317831532257087,852077.1691884161,12.30136547232006
Aguas Buenas,2005-2009,2,85,NA,0.11910186530514814,9.573204480548524,1,56232.790371845076,56232.790371845076,538328.0007414932,0,538328.0007414932,9.573204480548524
Aguas Buenas,2010-2014,1,0,1,0.010909481060703694,0.12752067601741882,0.010806620441440923,100000,1080.66204414409,99057.14471027153,0.9888460430386004,7740437.674069906,77.40437674069905
Aguas Buenas,2010-2014,1,1,4,3.3107570133603873e-4,1.6204396526099385,0.001323260321528852,98919.33795585591,130.8960349488916,395365.8768090287,0.998615835779644,7641380.529359634,77.24860161083673
Aguas Buenas,2010-2014,1,5,5,1.6490565418630001e-4,2.5,8.241884875772082e-4,98788.44192090702,81.42029653690406,493738.65886319283,0.9991101400117145,7246014.652550606,73.34880995847654
Aguas Buenas,2010-2014,1,10,5,1.9120848991245522e-4,2.5,9.555856593350174e-4,98707.02162437011,94.32301433992689,493299.3005860007,0.9976755771736143,6752275.993687413,68.40725089835271
Aguas Buenas,2010-2014,1,15,5,7.402813675505102e-4,2.5,0.0036945692857441492,98612.69861003019,364.33144746895414,492152.66443147854,0.994278725442207,6258976.693101412,63.47029116252978
Aguas Buenas,2010-2014,1,20,5,0.0015571372653861374,2.5,0.007755495399684738,98248.36716256123,761.9647595557908,489336.9239139167,0.9898330503298117,5766824.028669934,58.69638544860676
Aguas Buenas,2010-2014,1,25,5,0.0025354200911487245,2.5,0.012597252140319043,97486.40240300544,1228.0607913232525,484361.8600367191,0.9881267952965965,5277487.104756017,54.1356227603832
Aguas Buenas,2010-2014,1,30,5,0.0022404632692387878,2.5,0.01113991989283852,96258.34161168219,1072.3102145716257,478610.9325219819,0.9880805955171748,4793125.244719298,49.79438835602784
Aguas Buenas,2010-2014,1,35,5,0.0025577858075114222,2.5,0.012707670290766469,95186.03139711056,1209.5927032810287,472906.1752273502,0.9860783555837094,4314514.3121973155,45.32717930215426
Aguas Buenas,2010-2014,1,40,5,0.0030533800300510316,2.5,0.015151243886471695,93976.43869382954,1423.8599422322586,466322.543613567,0.9814295542150413,3841608.1369699654,40.878417935007406
Aguas Buenas,2010-2014,1,45,5,0.004457577484948937,2.5,0.022042249833308245,92552.57875159728,2040.0670635596616,457662.7260990872,0.9725605734795062,3375285.5933563984,36.468844400493246
Aguas Buenas,2010-2014,1,50,5,0.006702094759947562,2.5,0.0329582505047259,90512.51168803762,2983.1340340262686,445104.72335512243,0.9646964151573072,2917622.8672573115,32.234470272057564
Aguas Buenas,2010-2014,1,55,5,0.007690853889946014,2.5,0.037728851734417965,87529.37765401135,3302.382911914072,429390.93099027156,0.9524257480350325,2472518.143902189,28.247866147016722
Aguas Buenas,2010-2014,1,60,5,0.011905229273184057,2.5,0.05780567192211227,84226.99474209727,4868.798025047159,408962.97864786844,0.9382035790960542,2043127.2129119174,24.25739181562829
Aguas Buenas,2010-2014,1,65,5,0.01365731209503565,2.5,0.06603201101832791,79358.19671705012,5240.181320014875,383690.5302852134,0.9119769186348512,1634164.234264049,20.592255140204674
Aguas Buenas,2010-2014,1,70,5,0.023632089815699718,2.5,0.11156893155086912,74118.01539703524,8269.267786518089,349916.90751888097,0.8663136011789799,1250473.7039788356,16.871386764476902
Aguas Buenas,2010-2014,1,75,5,0.034447652295999144,2.5,0.1585813716057518,65848.74761051715,10442.384714596781,303137.77626609383,0.803129547498197,900556.7964599546,13.676141599329682
Aguas Buenas,2010-2014,1,80,5,0.05515987905403454,2.5,0.24237584019344643,55406.36289592037,13429.163758961695,243458.90508219763,0.5924821660294713,597419.0201938607,10.782498416582571
Aguas Buenas,2010-2014,1,85,NA,0.13817456263465497,8.432199441339579,1,41977.199136958676,41977.199136958676,353960.1151116632,0,353960.1151116632,8.432199441339579
Aguas Buenas,2010-2014,2,0,1,0.006936183635778696,0.13477426985889313,0.006894805395096865,100000,689.4805395096919,99403.44369678464,0.9929381434273524,8388888.863017583,83.88888863017583
Aguas Buenas,2010-2014,2,1,4,1.7866731569091636e-4,1.5127821516221773,7.143518158630693e-4,99310.51946049031,70.9426499109104,397065.6280168916,0.9992221868965596,8289485.4193207985,83.47036612388969
Aguas Buenas,2010-2014,2,5,5,9.270425243237784e-5,2.5,4.6341386107299527e-4,99239.5768105794,45.98899546102621,496082.9115642444,0.999510633058005,7892419.7913039075,79.52895452555516
Aguas Buenas,2010-2014,2,10,5,1.0309297465943917e-4,2.5,5.153320555108459e-4,99193.58781511837,51.11763550226169,495840.14498683624,0.9987682225607073,7396336.879739663,74.56466736060904
Aguas Buenas,2010-2014,2,15,5,3.900985156082651e-4,2.5,0.001948592220709264,99142.47017961611,193.1882461339119,495229.3802827458,0.99731998150831,6900496.734752826,69.6018237416439
Aguas Buenas,2010-2014,2,20,5,6.83741320450025e-4,2.5,0.0034128727968684783,98949.2819334822,337.7013125804515,493902.1563859599,0.9963570422947154,6405267.354470081,64.73283311723239
Aguas Buenas,2010-2014,2,25,5,7.762696792732722e-4,2.5,0.0038738305533633152,98611.58062090175,382.0045539247076,492102.891719697,0.9959062281549441,5911365.198084121,59.94595321222491
Aguas Buenas,2010-2014,2,30,5,8.647792677676401e-4,2.5,0.0043145684654425035,98229.57606697704,423.81823127236567,490088.3347567043,0.994949430610629,5419262.306364424,55.16935451975628
Aguas Buenas,2010-2014,2,35,5,0.0011613137838288434,2.5,0.005789759600072667,97805.75783570467,566.2718253716448,487613.10961509426,0.9931391492228766,4929173.97160772,50.39758477090692
Aguas Buenas,2010-2014,2,40,5,0.001593962465641604,2.5,0.007938179428073327,97239.48601033303,771.9044874436513,484267.668833056,0.9910898986942324,4441560.8619926255,45.676515212355696
Aguas Buenas,2010-2014,2,45,5,0.001987789462147743,2.5,0.009889800209142516,96467.58152288938,954.0451079205377,479952.79484464554,0.9887328281688946,3957293.1931595695,41.02200066268482
Aguas Buenas,2010-2014,2,50,5,0.0025477856085345794,2.5,0.012658301447034776,95513.53641496884,1209.0391362130176,474545.08423431165,0.9849798475557414,3477340.398314924,36.40678095309176
Aguas Buenas,2010-2014,2,55,5,0.003513041792434234,2.5,0.017412283760787742,94304.49727875582,1642.0566665361257,467417.34472743876,0.9773612485954183,3002795.3140806123,31.841485832903736
Aguas Buenas,2010-2014,2,60,5,0.0056708394949806385,2.5,0.02795783646682745,92662.4406122197,2590.6413612535544,456835.5996579646,0.9676798832300825,2535377.9693531734,27.3614417298094
Aguas Buenas,2010-2014,2,65,5,0.00749959499908383,2.5,0.03680786479849478,90071.79925096614,3315.350608986715,442070.6197323639,0.950665721097745,2078542.3696952087,23.076505487625347
Aguas Buenas,2010-2014,2,70,5,0.012868999365719514,2.5,0.06233938312389567,86756.44864197943,5408.343490360945,420261.3844839948,0.9126914868076461,1636471.749962845,18.862825479592008
Aguas Buenas,2010-2014,2,75,5,0.02416414114736899,2.5,0.11393768969722289,81348.10515161848,9268.615162222151,383568.987852537,0.8494642332301207,1216210.36547885,14.950690777763649
Aguas Buenas,2010-2014,2,80,5,0.04243870918908575,2.5,0.19183994667586218,72079.48998939633,13827.725515989136,325828.1361570088,0.6086813063676022,832641.377626313,11.551710170934943
Aguas Buenas,2010-2014,2,85,NA,0.09623764829045964,8.700392958923539,1,58251.764473407195,58251.764473407195,506813.24146930425,0,506813.24146930425,8.700392958923539
Aguas Buenas,2015-2019,1,0,1,0.009984717772327846,0.1293659949212084,0.009898668304052432,100000,989.8668304052408,99138.18827694963,0.9897803126081514,7792409.836920132,77.92409836920132
Aguas Buenas,2015-2019,1,1,4,3.067770709695576e-4,1.62317531239989,0.0012262141832880904,99010.13316959476,121.40762958179403,395751.96802712604,0.9987189736638397,7693271.648643183,77.70186143942817
Aguas Buenas,2015-2019,1,5,5,1.5169357422346047e-4,2.5,7.581803434018109e-4,98888.72554001297,74.97548788849963,494256.18898034364,0.9991814655202224,7297519.680616057,73.79526473584988
Aguas Buenas,2015-2019,1,10,5,1.7586416857329545e-4,2.5,8.789344101932796e-4,98813.75005212447,86.85080512105196,493851.6232478197,0.9981482182533767,6803263.491635713,68.84936041843343
Aguas Buenas,2015-2019,1,15,5,5.658964467865959e-4,2.5,0.0028254849042635495,98726.89924700341,278.95136346716026,492937.11782634916,0.9944241879688502,6309411.868387893,63.90772845607625
Aguas Buenas,2015-2019,1,20,5,0.0016737609420713956,2.5,0.008333932184894609,98447.94788353625,820.4585214034305,490188.5931141727,0.9918199202778366,5816474.750561544,59.08172669523211
Aguas Buenas,2015-2019,1,25,5,0.0016114527588297059,2.5,0.008024934287904352,97627.48936213282,783.454186824194,486178.81134360365,0.9908098885741873,5326286.157447371,54.5572378460989
Aguas Buenas,2015-2019,1,30,5,0.0020837416292507588,2.5,0.010364714677631079,96844.03517530863,1003.760792822548,481710.7738944868,0.988275720647437,4840107.346103767,49.978373343718346
Aguas Buenas,2015-2019,1,35,5,0.0026368856962986327,2.5,0.013098083111479187,95840.27438248608,1255.3238792887714,476063.0622142085,0.9846657165850125,4358396.572209281,45.4756270293581
Aguas Buenas,2015-2019,1,40,5,0.0035512840660523893,2.5,0.017600162389626407,94584.95050319731,1664.7104884710425,468762.97629480896,0.9823112363386464,3882333.509995072,41.04599610552035
Aguas Buenas,2015-2019,1,45,5,0.0035876830765214597,2.5,0.017778952267189105,92920.24001472627,1652.0245118775783,460471.1387939374,0.9785334636903654,3413570.533700263,36.73656603942554
Aguas Buenas,2015-2019,1,50,5,0.005108595293695698,2.5,0.025220868443890047,91268.21550284869,2301.8636563059554,450586.4183734786,0.9660896723494438,2953099.3949063257,32.356274072370276
Aguas Buenas,2015-2019,1,55,5,0.008752330149605745,2.5,0.0428246128720653,88966.35184654273,3809.949576468134,435306.8852915433,0.9532051765753379,2502512.976532847,28.12875794715523
Aguas Buenas,2015-2019,1,60,5,0.010454831200207437,2.5,0.05094266362823191,85156.4022700746,4338.093956634824,414936.7764587859,0.93169522206477,2067206.0912413038,24.275404269489144
Aguas Buenas,2015-2019,1,65,5,0.01810364545661698,2.5,0.0865988405188179,80818.30831343977,6998.771792636224,386594.61208560836,0.9021508579534998,1652269.314782518,20.444245236790632
Aguas Buenas,2015-2019,1,70,5,0.02331762052491154,2.5,0.11016607575180931,73819.53652080355,8132.4086523142905,348766.660973232,0.874605458861652,1265674.7026969094,17.145524915890274
Aguas Buenas,2015-2019,1,75,5,0.03068834713810465,2.5,0.14250836987825036,65687.12786848926,9360.965514522606,305033.2255561398,0.8118001398679824,916908.0417236775,13.958717201936409
Aguas Buenas,2015-2019,1,80,5,0.05492927966476332,2.5,0.241484916975406,56326.162353966654,13601.91863959087,247626.0151708561,0.5952995471821257,611874.8161675377,10.86306594655561
Aguas Buenas,2015-2019,1,85,NA,0.1243608021562806,8.525576331597412,1,42724.243714375785,42724.243714375785,364248.8009966817,0,364248.8009966817,8.525576331597412
Aguas Buenas,2015-2019,2,0,1,0.0050801294134094205,0.138588962420502,0.005057995223950732,100000,505.79952239508566,99564.29870860644,0.9947485057844995,8593126.101497164,85.93126101497164
Aguas Buenas,2015-2019,2,1,4,1.688312974653087e-4,1.5157706417706323,6.750420666434433e-4,99494.20047760491,67.16277070943033,397809.9541836433,0.9993210025836853,8493561.802788557,85.36740595950985
Aguas Buenas,2015-2019,2,5,5,7.939172879849406e-5,2.5,3.9687987154465214e-4,99427.03770689548,39.4605899531889,497036.5370595944,0.9995700989676649,8095751.848604914,81.42404757618013
Aguas Buenas,2015-2019,2,10,5,9.260849662385243e-5,2.5,4.629353037629732e-4,99387.5771169423,46.01001820289821,496822.8605392042,0.9990292992452594,7598715.31154532,76.4553833785932
Aguas Buenas,2015-2019,2,15,5,2.9595909298732806e-4,2.5,0.001478701377140696,99341.5670987394,146.896512076215,496340.59421350644,0.997809885072354,7101892.451006115,71.4896357931144
Aguas Buenas,2015-2019,2,20,5,5.813601235559855e-4,2.5,0.0029025820041984466,99194.67058666318,287.9206657572504,495253.55126892275,0.9968313530593539,6605551.856792609,66.59180193578597
Aguas Buenas,2015-2019,2,25,5,6.88279567648796e-4,2.5,0.0034354864005079673,98906.74992090593,339.79279427170695,493684.26761885034,0.9962647605682733,6110298.305523686,61.77837519087412
Aguas Buenas,2015-2019,2,30,5,8.088374064162601e-4,2.5,0.004036025810459398,98566.95712663422,397.81878302154655,491840.23867561726,0.9952911631284841,5616614.037904836,56.98272729154937
Aguas Buenas,2015-2019,2,35,5,0.0010797818588200933,2.5,0.005384374419552148,98169.13834361268,528.5793972868123,489524.2432248463,0.9945518205435997,5124773.799229219,52.20351207821984
Aguas Buenas,2015-2019,2,40,5,0.0011055129567196684,2.5,0.005512329903273885,97640.55894632587,538.2269728522078,486857.2272994988,0.9933757244962119,4635249.556004372,47.4725831767557
Aguas Buenas,2015-2019,2,45,5,0.0015544946455971495,2.5,0.007742384489901482,97102.33197347366,751.8035890047031,483632.15089485655,0.9890458317286371,4148392.3287048736,42.72186099339126
Aguas Buenas,2015-2019,2,50,5,0.002858484988513324,2.5,0.014191012948851394,96350.52838446895,1367.3115959326533,478334.3629325131,0.9840900655023408,3664760.177810017,38.03570399932286
Aguas Buenas,2015-2019,2,55,5,0.003562162583930762,2.5,0.017653600432324584,94983.2167885363,1676.7957569616992,470724.0945502773,0.9766412231449332,3186425.814877504,33.54725100510683
Aguas Buenas,2015-2019,2,60,5,0.005919623318253079,2.5,0.02916648015122894,93306.4210315746,2721.4198769996146,459728.55546537397,0.9686397755321342,2715701.7203272264,29.105196515985128
Aguas Buenas,2015-2019,2,65,5,0.00683893707054723,2.5,0.033619874831996896,90585.00115457499,3045.456400473122,445311.36477169214,0.95150300103105,2255973.164861853,24.904489000471962
Aguas Buenas,2015-2019,2,70,5,0.013200024070783647,2.5,0.0638916907154991,87539.54475410187,5593.0495188046625,423715.0999734977,0.9185470102901224,1810661.8000901605,20.683929819104044
Aguas Buenas,2015-2019,2,75,5,0.02109981481192334,2.5,0.10021289048225866,81946.4952352972,8212.095152419774,389202.2382954366,0.8730069504976741,1386946.7001166628,16.92502767975923
Aguas Buenas,2015-2019,2,80,5,0.034017375201969985,2.5,0.15675582198127436,73734.40008287743,11558.296493287591,339776.25918116816,0.6594556299907094,997744.4618212263,13.53160072774393
Aguas Buenas,2015-2019,2,85,NA,0.08620806515467039,10.58233251448426,1,62176.10358958984,62176.10358958984,657968.2026400581,0,657968.2026400581,10.58233251448426
Aguas Buenas,2020-2024,1,0,1,0.010549751659638389,0.12823849805077459,0.010453611184227687,100000,1045.3611184227775,99088.69442132444,0.9891188402022177,7804159.01506592,78.04159015065919
Aguas Buenas,2020-2024,1,1,4,3.697855578241661e-4,1.621503269501922,0.0014778424190263282,98954.63888157722,146.23936289863195,395470.7256797844,0.9985761471293786,7705070.320644595,77.86467019363837
Aguas Buenas,2020-2024,1,5,5,1.5126484610590013e-4,2.5,7.560383254771169e-4,98808.39951867859,74.70293691517145,493855.24025110505,0.9991622167637534,7309599.594964811,73.97751234279445
Aguas Buenas,2020-2024,1,10,5,1.840026026887048e-4,2.5,9.195899960618193e-4,98733.69658176342,90.79451965077897,493441.49660969013,0.9979846191502033,6815744.354713705,69.0315929685611
Aguas Buenas,2020-2024,1,15,5,6.234061380222437e-4,2.5,0.0031121803093425277,98642.90206211264,306.994497454114,492447.02406692796,0.9948103916183643,6322302.858104016,64.09283106982234
Aguas Buenas,2020-2024,1,20,5,0.0014600141161263316,2.5,0.007273521968760793,98335.90756465853,715.2483839895867,489891.41686331865,0.9929148110446447,5829855.834037088,59.28511749590351
Aguas Buenas,2020-2024,1,25,5,0.0013838664210982404,2.5,0.0068954760610452845,97620.65918066894,673.1409184437507,486420.4436072353,0.9916259037360259,5339964.417173768,54.70117147325307
Aguas Buenas,2020-2024,1,30,5,0.0019823726640108867,2.5,0.009862983050094162,96947.51826222519,956.1917293690203,482347.11198770336,0.9888196279996808,4853543.973566533,50.06362267509097
Aguas Buenas,2020-2024,1,35,5,0.0025179275022619626,2.5,0.01251088376553272,95991.32653285617,1200.93632875185,476954.2918424012,0.987539790509587,4371196.8615788305,45.53741488386084
Aguas Buenas,2020-2024,1,40,5,0.0024972728366020607,2.5,0.012408893203188755,94790.39020410432,1176.243828731327,471011.3414486933,0.9841267167234892,3894242.569736429,41.08267263539351
Aguas Buenas,2020-2024,1,45,5,0.003914171222611566,2.5,0.019381202747919067,93614.14637537299,1814.3547509744676,463534.84499942884,0.9763730404015659,3423231.2282877355,36.5674565312095
Aguas Buenas,2020-2024,1,50,5,0.005670591451895179,2.5,0.027956630682052303,91799.79162439852,2566.4128711326775,452582.9259441609,0.9629300031674212,2959696.3832883066,32.24077452591602
Aguas Buenas,2020-2024,1,55,5,0.009509940754794515,2.5,0.04644546961309961,89233.37875326585,4144.486181359025,435805.6783129316,0.9454315747175701,2507113.457344146,28.096139498162714
Aguas Buenas,2020-2024,1,60,5,0.013028366819520638,2.5,0.06308703162373151,85088.89257190682,5368.005656512163,412024.44871825376,0.9335326444287486,2071307.7790312143,24.342869162162334
Aguas Buenas,2020-2024,1,65,5,0.014523943527734543,2.5,0.07007529362058569,79720.88691539466,5586.464558289808,384638.27318124875,0.9122888190240229,1659283.3303129605,20.813658684880252
Aguas Buenas,2020-2024,1,70,5,0.02253730225988317,2.5,0.10667603612436337,74134.42235710485,7908.366317425331,350901.19599196094,0.8632769408719796,1274645.0571317119,17.193700532146295
Aguas Buenas,2020-2024,1,75,5,0.03724404054954705,2.5,0.17035813914232953,66226.05603967952,11282.147669655431,302924.911024259,0.801031478883905,923743.8611397508,13.948344750988753
Aguas Buenas,2020-2024,1,80,5,0.05286105354547227,2.5,0.23345374097251415,54943.90837002409,12826.860952633157,242652.38946853753,0.609141458353685,620818.9501154919,11.29914067879077
Aguas Buenas,2020-2024,1,85,NA,0.12183838406389505,8.978942823299674,1,42117.04741739093,42117.04741739093,378166.56064695434,0,378166.56064695434,8.978942823299674
Aguas Buenas,2020-2024,2,0,1,0.006002613489536821,0.13669300857335964,0.00597166772103434,100000,597.1667721034319,99484.46175059542,0.9938674271602891,8545919.598307308,85.45919598307307
Aguas Buenas,2020-2024,2,1,4,1.6405865722177003e-4,1.5142840966178772,6.559671233863154e-4,99402.83322789657,65.20499056894914,397449.25182954915,0.999313562462727,8446435.136556713,84.97177456895959
Aguas Buenas,2020-2024,2,5,5,7.695770021819745e-5,2.5,0.00038471448423611863,99337.62823732762,38.21662441256922,496592.5996256067,0.9995723351858372,8048985.884727163,81.02655587364461
Aguas Buenas,2020-2024,2,10,5,9.414848944312864e-5,2.5,4.706316740626505e-4,99299.41161291505,46.73344832082512,496380.22444377316,0.9990083169422272,7552393.285101556,76.0567778039007
Aguas Buenas,2020-2024,2,15,5,3.0282504012776683e-4,2.5,0.0015129797802321807,99252.67816459422,150.16729519690853,495887.97258497885,0.997829227619609,7056013.060657783,71.09141225344618
Aguas Buenas,2020-2024,2,20,5,5.667141193865654e-4,2.5,0.002829561715493213,99102.51086939732,280.416670665305,494811.5126703233,0.9968270168490381,6560125.088072805,66.19534692433872
Aguas Buenas,2020-2024,2,25,5,7.047151904236284e-4,2.5,0.0035173790759548836,98822.09419873201,347.59476637667103,493241.4840777184,0.9961794611632071,6065313.5754024815,61.37608825820963
Aguas Buenas,2020-2024,2,30,5,8.266586256777109e-4,2.5,0.004124768689348616,98474.49943235534,406.1845319578424,491357.0358318821,0.9953571408584794,5572072.091324762,56.58390876261688
Aguas Buenas,2020-2024,2,35,5,0.0010352917446714662,2.5,0.005163095448121354,98068.3149003975,506.336070267178,489075.73432631954,0.9943593247959551,5080715.055492881,51.807916355584155
Aguas Buenas,2020-2024,2,40,5,0.0012279045476815457,2.5,0.006120733547013915,97561.97883013032,597.1508767386404,486317.01695880503,0.9926845595215259,4591639.321166561,47.06381908428976
Aguas Buenas,2020-2024,2,45,5,0.0017107868027348683,2.5,0.008517504926124733,96964.82795339168,825.8983997538453,482759.3937675738,0.9879849759635139,4105322.304207756,42.33826213955715
Aguas Buenas,2020-2024,2,50,5,0.0031328642511400683,2.5,0.015542589200509263,96138.92955363783,1494.2478882288851,476959.02804761694,0.9843540863056869,3622562.9104401823,37.68049974406135
Aguas Buenas,2020-2024,2,55,5,0.003175179815949454,2.5,0.015750869472664124,94644.68166540895,1490.7360271937068,469496.56825906044,0.9765637160619353,3145603.8823925653,33.23592860202129
Aguas Buenas,2020-2024,2,60,5,0.006348109864531687,2.5,0.031244687549539824,93153.94563821524,2910.5659254728525,458493.3133773941,0.9614367814173538,2676107.314133505,28.72779350138085
Aguas Buenas,2020-2024,2,65,5,0.00944126305958998,2.5,0.046117789834073955,90243.37971274239,4161.825219508784,440812.33551494,0.9495460143994507,2217614.0007561105,24.57370288895533
Aguas Buenas,2020-2024,2,70,5,0.011311017073166816,2.5,0.054999825454005453,86081.5544932336,4734.470471937311,418571.5962863247,0.9234310674648988,1776801.6652411707,20.640910537702187
Aguas Buenas,2020-2024,2,75,5,0.020918243517519457,2.5,0.09939338025698474,81347.0840212963,8085.361654925597,386522.0159691675,0.8694566629767448,1358230.068954846,16.69672718200037
Aguas Buenas,2020-2024,2,80,5,0.03599844894468272,2.5,0.1651310871945328,73261.7223663707,12097.787864102815,336064.14217159647,0.6541511196300135,971708.0529856784,13.263516357509515
Aguas Buenas,2020-2024,2,85,NA,0.10310129810048609,10.392462747642782,1,61163.93450226788,61163.93450226788,635643.910814082,0,635643.910814082,10.392462747642782
Aibonito,1980-1984,1,0,1,0.01770869144284669,0.11395319166037157,0.017435121664438426,100000,1743.5121664438338,98455.16660962113,0.9819947081826997,7165034.1631104555,71.65034163110455
Aibonito,1980-1984,1,1,4,5.13594691141542e-4,1.600467978425047,0.002051850091377392,98256.48783355617,201.6075835397205,392542.18748172873,0.9979036494299567,7066578.996500835,71.91971901612673
Aibonito,1980-1984,1,5,5,2.500977285589095e-4,2.5,0.0012497072704203084,98054.88025001645,122.53989674862532,489968.0515082107,0.9986867113435651,6674036.8090191055,68.06430023678486
Aibonito,1980-1984,1,10,5,2.7557964964283743e-4,2.5,0.0013769495999933323,97932.34035326782,134.8478968758427,489324.5820241495,0.9971205569219116,6184068.757510895,63.146338943839446
Aibonito,1980-1984,1,15,5,8.787278283554243e-4,2.5,0.0043840082666180774,97797.49245639198,428.7450153833488,487915.5997435015,0.9937193527080737,5694744.175486745,58.22996103940026
Aibonito,1980-1984,1,20,5,0.0016438555654204148,2.5,0.008185637811420026,97368.74744100863,797.0253007037245,484851.17395328387,0.9908254934253633,5206828.575743244,53.47535746927245
Aibonito,1980-1984,1,25,5,0.0020447062352325963,2.5,0.010171536665060616,96571.7221403049,982.2828125581582,480402.90367012913,0.9891657786458877,4721977.40178996,48.89606705915011
Aibonito,1980-1984,1,30,5,0.0023140532717840336,2.5,0.011503715830780439,95589.43932774675,1099.6337464500248,475198.1122726087,0.9862388414073757,4241574.498119831,44.37283582736351
Aibonito,1980-1984,1,35,5,0.0032349265018937327,2.5,0.016044872550882768,94489.80558129672,1516.0768879095995,468658.8356867096,0.9835297067720046,3766376.3858472225,39.860134780431146
Aibonito,1980-1984,1,40,5,0.003409343679419488,2.5,0.016902651030952908,92973.72869338712,1571.5024911508226,460939.88723905856,0.9769568125248737,3297717.550160513,35.46934813204999
Aibonito,1980-1984,1,45,5,0.005944921245413987,2.5,0.02928929977581853,91402.2262022363,2677.1072034144745,450318.3630026453,0.9602920266414926,2836777.6629214543,31.03619879722413
Aibonito,1980-1984,1,50,5,0.01034921442880967,2.5,0.05044101007097275,88725.11899882182,4475.384620967816,432437.1334416896,0.9428020650772709,2386459.299918809,26.89722287045339
Aibonito,1980-1984,1,55,5,0.013290127381355482,2.5,0.06431379072886624,84249.73437785401,5418.419785739883,407702.6224249203,0.9229576420855469,1954022.1664771193,23.19321456508658
Aibonito,1980-1984,1,60,5,0.018989837653677753,2.5,0.0906458149916948,78831.31459211413,7145.728758068857,376292.25106539845,0.8883166774947996,1546319.544052199,19.615549379749716
Aibonito,1980-1984,1,65,5,0.028912539862286684,2.5,0.1348178809207574,71685.58583404527,9664.498774709049,334266.6822334537,0.8420996999969542,1170027.2929868004,16.32165350082311
Aibonito,1980-1984,1,70,5,0.04066927008649392,2.5,0.1845795604422855,62021.08705933622,11447.824987565,281485.8728277686,0.795151010708835,835760.6107533467,13.475426671476523
Aibonito,1980-1984,1,75,5,0.051902500373082285,2.5,0.2297066306569782,50573.26207177122,11617.01363183892,223823.7762792588,0.7190761975588297,554274.7379255781,10.959837574625446
Aibonito,1980-1984,1,80,5,0.0840898653142233,2.5,0.34741427713897904,38956.2484399323,13533.956891805556,160946.3499701476,0.5129493672274194,330450.9616463193,8.482617677003745
Aibonito,1980-1984,1,85,NA,0.17275834186961345,6.667558325939416,1,25422.291548126745,25422.291548126745,169504.61167617174,0,169504.61167617174,6.667558325939416
Aibonito,1980-1984,2,0,1,0.009846362241346626,0.1287930670762275,0.009762616379553994,100000,976.2616379553947,99149.47409266574,0.9898678810236917,7828390.989225818,78.28390989225818
Aibonito,1980-1984,2,1,4,3.148160994977224e-4,1.5081162231504657,0.0012582772981597713,99023.7383620446,124.59932195987494,395784.46641918016,0.9987533803631096,7729241.515133152,78.05443061414189
Aibonito,1980-1984,2,5,5,1.44643277296621e-4,2.5,7.229549600462077e-4,98899.13904008473,71.49962311334093,494316.94614264026,0.9991590924161128,7333457.048713972,74.1508684493366
Aibonito,1980-1984,2,10,5,1.9188111053935783e-4,2.5,9.589455438570341e-4,98827.63941697139,94.77032442879863,493901.2712737849,0.9981513632291802,6839140.102571332,69.20270627648793
Aibonito,1980-1984,2,15,5,5.485877372516975e-4,2.5,0.0027391819821447243,98732.86909254259,270.4472960637504,492988.22722255357,0.9964817962105509,6345238.831297547,64.26673193655637
Aibonito,1980-1984,2,20,5,8.617255044632652e-4,2.5,0.004299365340399258,98462.42179647884,423.3259236035519,491253.79417338537,0.9947730821058689,5852250.604074993,59.43638697178864
Aibonito,1980-1984,2,25,5,0.0012354995076739503,2.5,0.006158475554580487,98039.09587287529,603.7713753262797,488686.0509260607,0.9935642372136222,5360996.809901607,54.68223428797294
Aibonito,1980-1984,2,30,5,0.0013474776534145533,2.5,0.006714768266604997,97435.32449754901,654.2556249824993,485540.9834252888,0.9926595486334537,4872310.758975547,50.0055886722901
Aibonito,1980-1984,2,35,5,0.0016004509253862978,2.5,0.007970364185092248,96781.06887256651,771.3803651368507,481976.8934499904,0.99092336629403,4386769.775550258,45.326734108779085
Aibonito,1980-1984,2,40,5,0.002048798752818285,2.5,0.010191791440112705,96009.68850742966,978.5107214979071,477602.1657334035,0.9878768842332567,3904792.882100268,40.670821276522496
Aibonito,1980-1984,2,45,5,0.00283481433625469,2.5,0.014074326425463371,95031.17778593175,1337.499816755444,471812.13938777015,0.9810642071878065,3427190.7163668643,36.06385605455707
Aibonito,1980-1984,2,50,5,0.004830981248626346,2.5,0.023866657802355327,93693.67796917631,2236.1549503343995,462878.0024700456,0.9734982941557186,2955378.576979094,31.542988182739133
Aibonito,1980-1984,2,55,5,0.00592677062068197,2.5,0.029201181344209678,91457.52301884191,2670.6677149654424,450610.9458067959,0.963710005055053,2492500.5745090484,27.25309512259093
Aibonito,1980-1984,2,60,5,0.00891266803524176,2.5,0.04359203679389864,88786.85530387647,3870.399863221144,434258.2768613295,0.9450990132920631,2041889.6287022524,22.997656823341764
Aibonito,1980-1984,2,65,5,0.01380567164331685,2.5,0.06672538628333137,84916.45544065532,5666.083291089017,410417.0689755541,0.8992208667703447,1607631.351840923,18.931917771396282
Aibonito,1980-1984,2,70,5,0.02947660872655736,2.5,0.13726758630212044,79250.3721495663,10878.50729851576,369055.5925015421,0.8345376468616893,1197214.282865369,15.106733891494043
Aibonito,1980-1984,2,75,5,0.04398643088997839,2.5,0.1981431315448395,68371.86485105054,13547.415411147696,307990.78572738345,0.7670065787696969,828158.6903638268,12.112565485349666
Aibonito,1980-1984,2,80,5,0.06415973338987357,2.5,0.2764554043553031,54824.44943990285,15156.515338465215,236230.95885335119,0.5458563345647822,520167.9046364433,9.487881956874697
Aibonito,1980-1984,2,85,NA,0.1461731840195232,7.1578455549769044,1,39667.93410143763,39667.93410143763,283936.9457830921,0,283936.9457830921,7.1578455549769044
Aibonito,1985-1989,1,0,1,0.0209223356894407,0.10754052524850556,0.0205388277812752,100000,2053.8827781275177,98166.99285463117,0.9789614882024533,7129200.837243383,71.29200837243383
Aibonito,1985-1989,1,1,4,4.993666904152813e-4,1.591116511895018,0.0019950668634607597,97946.11722187248,195.40905287400528,391313.7512465955,0.9979819061338534,7031033.844388751,71.78471228687604
Aibonito,1985-1989,1,5,5,2.1340315665150668e-4,2.5,0.001066446825460148,97750.70816899848,104.24593241330876,488492.9260139591,0.9987597796674872,6639720.093142156,67.92503315334481
Aibonito,1985-1989,1,10,5,2.8303600335981467e-4,2.5,0.0014141793576155396,97646.46223658517,138.08961123917834,487887.0871548279,0.9968764822891617,6151227.167128197,62.99487996016223
Aibonito,1985-1989,1,15,5,9.693990159707377e-4,2.5,0.004835276798427833,97508.37262534599,471.47997180778475,486363.16319721047,0.9934594984527345,5663340.079973369,58.08055172588595
Aibonito,1985-1989,1,20,5,0.001657643422303864,2.5,0.008254011591463797,97036.8926535382,800.9436367619346,483182.1041757862,0.9905678230763278,5176976.916776159,53.35060485974242
Aibonito,1985-1989,1,25,5,0.0021353685208508754,2.5,0.01062014778110797,96235.94901677627,1022.0400004133407,478624.645082848,0.9880957718349803,4693794.812600372,48.77381956073535
Aibonito,1985-1989,1,30,5,0.0026579637521165853,2.5,0.013202092055245555,95213.90901636293,1257.0227917737939,472926.9881023802,0.9847146816957865,4215170.167517524,44.27052949578122
Aibonito,1985-1989,1,35,5,0.003509812165709663,2.5,0.017396415452064825,93956.88622458914,1634.5130273453397,465698.1485545823,0.981490252869123,3742243.179415144,39.82936567810369
Aibonito,1985-1989,1,40,5,0.00396752456303849,2.5,0.019642789688750655,92322.3731972438,1813.468960279817,457078.1935855194,0.9786781457207112,3276545.030860562,35.49026002462402
Aibonito,1985-1989,1,45,5,0.004660589560133824,2.5,0.023034561211902973,90508.90423696398,2084.8328948686103,447332.4389476484,0.9638400838503783,2819466.8372750427,31.15126474068579
Aibonito,1985-1989,1,50,5,0.010171165387262123,2.5,0.04959473627386285,88424.07134209537,4385.368498472453,431156.9354642957,0.9472342737805819,2372134.398327394,26.826794585719444
Aibonito,1985-1989,1,55,5,0.011544266717526059,2.5,0.05610218706047367,84038.70284362292,4714.755027252497,408406.62664998334,0.924106540730113,1940977.4628630984,23.09623301153065
Aibonito,1985-1989,1,60,5,0.020358168848761682,2.5,0.09686105972207826,79323.94781637042,7683.40164683247,377411.2349647709,0.8959306687532943,1532570.8362131151,19.32040548159445
Aibonito,1985-1989,1,65,5,0.02374018927102658,2.5,0.11205068517039919,71640.54616953795,8027.372284278346,338134.3001369939,0.8506283244547559,1155159.6012483442,16.12438295088719
Aibonito,1985-1989,1,70,5,0.04233162700072581,2.5,0.19140221687406653,63613.1738852596,12175.702504034161,287626.6131662126,0.7759281272072215,817025.3011113503,12.843649376543226
Aibonito,1985-1989,1,75,5,0.060955545311420646,2.5,0.2644747240007242,51437.47138122544,13603.911046844747,223177.57928901532,0.6936376417156437,529398.6879451376,10.29208228416856
Aibonito,1985-1989,1,80,5,0.08879189118108792,2.5,0.36331163746000955,37833.560334380694,13745.372756025918,154804.36978183867,0.49446865220620817,306221.10865612235,8.093901444899132
Aibonito,1985-1989,1,85,NA,0.18184316972771467,6.285933235190516,1,24088.187578354777,24088.187578354777,151416.73887428365,0,151416.73887428365,6.285933235190516
Aibonito,1985-1989,2,0,1,0.009137308609318474,0.130250363734526,0.009065265396507923,100000,906.5265396507893,99211.54887187373,0.9905679485235808,7919228.382906652,79.19228382906653
Aibonito,1985-1989,2,1,4,3.055886818420334e-4,1.5092508131998816,0.0012214250460935976,99093.47346034921,121.03525038887165,396072.42538991664,0.9988143915288973,7820016.834034778,78.91555882501024
Aibonito,1985-1989,2,5,5,1.337624794905776e-4,2.5,6.685888172080145e-4,98972.43820996034,66.17186539899558,494696.7613863042,0.9992945539295007,7423944.408644862,75.01022045042167
Aibonito,1985-1989,2,10,5,1.4852072206891214e-4,2.5,7.423279826245823e-4,98906.26634456134,73.4208891644812,494347.7794998955,0.9982823863443876,6929247.647258557,70.05873240750012
Aibonito,1985-1989,2,15,5,5.394513091111111e-4,2.5,0.0026936238482775402,98832.84545539686,266.2185095117893,493498.68100320484,0.996392645746851,6434899.867758662,65.10892040098881
Aibonito,1985-1989,2,20,5,9.067614017476063e-4,2.5,0.0045235525516065965,98566.62694588507,445.87131682432664,491718.4564373645,0.9952960888639014,5941401.186755457,60.27802077489572
Aibonito,1985-1989,2,25,5,9.79410110818912e-4,2.5,0.004885089289488615,98120.75562906075,479.32865240005776,489405.4565143036,0.9947156176451004,5449682.730318093,55.54057034497645
Aibonito,1985-1989,2,30,5,0.0011403689768402223,2.5,0.005685635578133805,97641.42697666069,555.1535711182514,486819.2509555078,0.9929786876651387,4960277.273803789,50.80095024614346
Aibonito,1985-1989,2,35,5,0.0016799514207366457,2.5,0.008364626687464384,97086.27340554244,812.0904335144733,483401.140943926,0.9912433146984941,4473458.022848281,46.07714217397185
Aibonito,1985-1989,2,40,5,0.0018388247091685151,2.5,0.009152051002037285,96274.18297202796,881.1062327394611,479168.14927829115,0.9890822656093519,3990056.8819043553,41.44472337992885
Aibonito,1985-1989,2,45,5,0.0025561767054160804,2.5,0.012699726663424905,95393.0767392885,1211.4660001720913,473936.71869601234,0.983412906824784,3510888.732626064,36.80443961590006
Aibonito,1985-1989,2,50,5,0.0041474547836059745,2.5,0.020524463210224393,94181.61073911641,1933.0270046946534,466075.48618384544,0.9690399698056348,3036952.013930052,32.24570051517197
Aibonito,1985-1989,2,55,5,0.008499708526772296,2.5,0.041614269725801976,92248.58373442176,3838.8574453474575,451645.7750587401,0.9594887079206542,2570876.5277462066,27.86900810474889
Aibonito,1985-1989,2,60,5,0.008030118792813578,2.5,0.03936042180695514,88409.7262890743,3479.84411857542,433349.021148933,0.9428202974470858,2119230.7526874663,23.970561177377625
Aibonito,1985-1989,2,65,5,0.01574187813790142,2.5,0.07572909521845113,84929.88217049888,6431.663133781549,408570.2530180405,0.9040967677957044,1685881.7315385332,19.850277528397875
Aibonito,1985-1989,2,70,5,0.025018798373724623,2.5,0.11773031437411982,78498.21903671733,9241.620005001256,369387.04517108353,0.853005102713577,1277311.4785204928,16.271852969339772
Aibonito,1985-1989,2,75,5,0.03960018578246067,2.5,0.1801645543528369,69256.59903171608,12477.584300542236,315089.0344072248,0.7902324950197053,907924.4333494093,13.109572893315553
Aibonito,1985-1989,2,80,5,0.056068076786126575,2.5,0.24587591037387926,56779.01473117384,13960.591937159268,248993.59381297103,0.5799954013251261,592835.3989421845,10.44110049723521
Aibonito,1985-1989,2,85,NA,0.10954008361537919,8.030230510435285,1,42818.42279401457,42818.42279401457,343841.8051292135,0,343841.8051292135,8.030230510435285
Aibonito,1990-1994,1,0,1,0.015153865832466033,0.11905121842460566,0.014954230155189449,100000,1495.4230155189434,98682.60891653878,0.9843855511107635,7226002.2034143675,72.26002203414367
Aibonito,1990-1994,1,1,4,5.398299737634731e-4,1.6079429045424143,0.0021565351523287458,98504.57698448106,212.4285829323053,393510.166638843,0.9979351518717466,7127319.594497829,72.35521244480553
Aibonito,1990-1994,1,5,5,2.315011404517927e-4,2.5,0.0011568361800214865,98292.14840154875,113.70791348295461,491176.4722240364,0.9987199428082912,6733809.427858985,68.50811114993273
Aibonito,1990-1994,1,10,5,2.808812803345623e-4,2.5,0.0014034209150141676,98178.4404880658,137.7856767844205,490547.7382483679,0.9967990053860339,6242632.955634949,63.58456016006671
Aibonito,1990-1994,1,15,5,0.0010027262866948625,2.5,0.005001094610902812,98040.65481128138,490.31059042610286,488977.49758034165,0.993124178225594,5752085.217386581,58.670407990019854
Aibonito,1990-1994,1,20,5,0.0017597018191520817,2.5,0.008759971750199044,97550.34422085527,854.538259596884,485615.37545528414,0.9897418854518554,5263107.71980624,53.95273345105266
Aibonito,1990-1994,1,25,5,0.0023678335074562187,2.5,0.01176949701379318,96695.80596125839,1138.0609995073464,480633.87730752357,0.9867093844866243,4777492.344350955,49.407441169321025
Aibonito,1990-1994,1,30,5,0.0029881267415208883,2.5,0.014829850028993494,95557.74496175104,1417.1070268915792,474245.9572415263,0.9810794707342078,4296858.4670434315,44.96609321163175
Aibonito,1990-1994,1,35,5,0.004668413825200509,2.5,0.023072785844941504,94140.63793485946,2172.0867783771973,465272.97272835433,0.9783482909604346,3822612.5098019056,40.605338923313425
Aibonito,1990-1994,1,40,5,0.004080622235979447,2.5,0.0201970696510975,91968.55115648227,1857.4952334179834,455199.0176988664,0.9767991944452438,3357339.537073551,36.50529985365453
Aibonito,1990-1994,1,45,5,0.005323202573765585,2.5,0.02626645866786669,90111.05592306428,2366.8983259209926,444638.03380051896,0.9657108217721606,2902140.519374685,32.20626469911191
Aibonito,1990-1994,1,50,5,0.008690457358621353,2.5,0.04252831061820253,87744.15759714329,3731.6107892238215,429391.7610126569,0.9559486432849543,2457502.485574166,28.007591079251245
Aibonito,1990-1994,1,55,5,0.009341595273058022,2.5,0.04564205241261425,84012.54680791947,3834.5050647242606,410476.4713777867,0.9397973417650538,2028110.724561509,24.140569493726247
Aibonito,1990-1994,1,60,5,0.01568366643093279,2.5,0.07545962325435118,80178.04174319521,6050.204823213164,385764.69665794313,0.905812723018109,1617634.2531837223,20.17552708963502
Aibonito,1990-1994,1,65,5,0.024277915073383182,2.5,0.11444345421177092,74127.83691998204,8483.445710369575,349430.5703239863,0.8601782698558527,1231869.5565257792,16.618177566081307
Aibonito,1990-1994,1,70,5,0.03679560167170899,2.5,0.16847972612766454,65644.39120961247,11059.749052812782,300572.5834160304,0.7979817843614334,882438.9862017928,13.442717190933063
Aibonito,1990-1994,1,75,5,0.055153745920324536,2.5,0.242352156451237,54584.64215679969,13228.705735819502,239851.4464444497,0.7121652468321614,581866.4027857624,10.659892229654902
Aibonito,1990-1994,1,80,5,0.08422224422437535,2.5,0.3478660686449137,41355.936420980186,14386.327017895383,170813.86456016247,0.5005660969115651,342014.9563413127,8.270032936983766
Aibonito,1990-1994,1,85,NA,0.15623737855189382,6.347926261088827,1,26969.609403084803,26969.609403084803,171201.0917811502,0,171201.0917811502,6.347926261088827
Aibonito,1990-1994,2,0,1,0.010194295907939617,0.12807796944928893,0.010104480903838345,100000,1010.4480903838266,99118.96804926645,0.9895907028830954,7903569.682075684,79.03569682075684
Aibonito,1990-1994,2,1,4,2.857679463666257e-4,1.507560009569455,0.0011422582012597404,98989.55190961617,113.07162750778662,395676.38339228125,0.9988684642112912,7804450.714026417,78.84115609647756
Aibonito,1990-1994,2,5,5,1.189138581305832e-4,2.5,5.943925868635456e-4,98876.48028210839,58.77144689485431,494235.4727933048,0.9993235552498856,7408774.330634136,74.92959204753112
Aibonito,1990-1994,2,10,5,1.5176670370508177e-4,2.5,7.585457135690138e-4,98817.70883521353,74.95774946166785,493901.1498024135,0.998403231578375,6914538.857840831,69.97266926489239
Aibonito,1990-1994,2,15,5,4.877194399452678e-4,2.5,0.002435627442595794,98742.75108575186,240.5005543018633,493112.5040430047,0.9967340104394573,6420637.708038418,65.02388922162497
Aibonito,1990-1994,2,20,5,8.213589339756027e-4,2.5,0.004098379069219708,98502.25053145,403.6995618491346,491502.0037526272,0.9952726916121517,5927525.203995413,60.176545936916035
Aibonito,1990-1994,2,25,5,0.0010746445975837772,2.5,0.005358825904649328,98098.55096960087,525.6930561444606,489178.52220764314,0.9941307047324487,5436023.200242786,55.4138990485937
Aibonito,1990-1994,2,30,5,0.0012805896683167602,2.5,0.006382514885034667,97572.8579134564,622.7602180079994,486307.38902226207,0.9923947067951364,4946844.678035143,50.69898313753211
Aibonito,1990-1994,2,35,5,0.001775027216053323,2.5,0.008835926057190246,96950.0976954484,856.6438944743568,482608.87874105613,0.9909598268471503,4460537.28901288,46.00858993484328
Aibonito,1990-1994,2,40,5,0.0018578372152017585,2.5,0.00924624104920395,96093.45380097405,888.5032370943372,478246.01091213437,0.9893997395299877,3977928.4102718243,41.39645577221933
Aibonito,1990-1994,2,45,5,0.0024077901758240987,2.5,0.011966916320243515,95204.95056387971,1139.3096766708768,473176.47862772143,0.9836165839818167,3499682.39935969,36.75945818606887
Aibonito,1990-1994,2,50,5,0.0042146262059422545,2.5,0.020853407732925308,94065.64088720884,1961.589163079887,465424.23152834445,0.9750308406567312,3026505.9207319682,32.17440387570374
Aibonito,1990-1994,2,55,5,0.005920876848856265,2.5,0.029172566313020114,92104.05172412895,2686.9115566199907,453802.9797290948,0.963113640252086,2561081.689203624,27.806395497937526
Aibonito,1990-1994,2,60,5,0.00917198831074304,2.5,0.04483194633439781,89417.14016750896,4008.7444293650915,437063.83976413205,0.9471845521391673,2107278.709474529,23.56683187951296
Aibonito,1990-1994,2,65,5,0.012620762032691654,2.5,0.06117366450741865,85408.39573814387,5224.744547002061,413980.1173232142,0.9121018820281642,1670214.8697103972,19.555628639029337
Aibonito,1990-1994,2,70,5,0.02471049079070613,2.5,0.11636392943673839,80183.6511911418,9330.484729186064,377592.0441327439,0.8540081428096208,1256234.752387183,15.666968686578892
Aibonito,1990-1994,2,75,5,0.03944488394995901,2.5,0.17952141618037687,70853.16646195574,12719.660784114276,322466.680349493,0.7794470120065925,878642.708254439,12.400895431063367
Aibonito,1990-1994,2,80,5,0.06257809767188056,2.5,0.27056230282770083,58133.505677841466,15728.735167644008,251345.6904700973,0.5480824813379879,556176.0279049461,9.5672198230588
Aibonito,1990-1994,2,85,NA,0.13012812897545395,7.188585948402752,1,42404.77051019746,42404.77051019746,304830.3374348488,0,304830.3374348488,7.188585948402752
Aibonito,1995-1999,1,0,1,0.01479516879722797,0.11976698042357145,0.014604965467826024,100000,1460.4965467825969,98714.4227145446,0.9848980046966832,7217359.969671316,72.17359969671317
Aibonito,1995-1999,1,1,4,4.497818347184509e-4,1.6089952390454403,0.0017971945809922279,98539.5034532174,177.0946616197907,393734.57963379705,0.998085836301218,7118645.546956772,72.2415406764904
Aibonito,1995-1999,1,5,5,2.487614642643095e-4,2.5,0.0012430342737563716,98362.40879159761,122.26784537719504,491506.37434454507,0.998723750340407,6724910.967322975,68.36870965178555
Aibonito,1995-1999,1,10,5,2.6207286998401194e-4,2.5,0.0013095063846788216,98240.14094622042,128.64609180082334,490879.0895016,0.997061520059252,6233404.59297843,63.4506886181157
Aibonito,1995-1999,1,15,5,9.160107856343773e-4,2.5,0.004569589445127741,98111.4948544196,448.3292513324559,489436.6511437669,0.9929287272029631,5742525.50347683,58.53060858972478
Aibonito,1995-1999,1,20,5,0.0019261184421240157,2.5,0.009584440292607509,97663.16560308714,936.0467795098375,485975.7110666611,0.990191397602168,5253088.852333063,53.78782082164059
Aibonito,1995-1999,1,25,5,0.002017107522692552,2.5,0.010034933762507574,96727.1188235773,970.6502304327878,481208.9685418045,0.9885353174302348,4767113.141266402,49.28414284686018
Aibonito,1995-1999,1,30,5,0.0025985571379393813,2.5,0.01290892424658669,95756.46859314451,1236.1129991895723,475692.0604677486,0.9859316093063076,4285904.172724597,44.758377535148966
Aibonito,1995-1999,1,35,5,0.003072017481687808,2.5,0.015243020345997471,94520.35559395494,1440.7757034295646,468999.8387112008,0.9803249590133839,3810212.1122568487,40.311021772124306
Aibonito,1995-1999,1,40,5,0.00489429435499375,2.5,0.02417566472647128,93079.57989052538,2250.2607163141365,459772.24766184157,0.973426087428449,3341212.273545648,35.89629731328162
Aibonito,1995-1999,1,45,5,0.005891839912342779,2.5,0.029031576065265036,90829.31917421124,2636.9182885623595,447554.3001496503,0.9656935952061628,2881440.0258838064,31.723677465391823
Aibonito,1995-1999,1,50,5,0.008108909538247853,2.5,0.039738948838057106,88192.40088564888,3504.673306700206,432200.3211614939,0.9539588656983709,2433885.725734156,27.597453990281497
Aibonito,1995-1999,1,55,5,0.010805019538088687,2.5,0.05260412616300505,84687.72757894867,4454.923906021213,412301.3281296903,0.9314084170009973,2001685.4045726622,23.636074101842272
Aibonito,1995-1999,1,60,5,0.017856413317654828,2.5,0.08546674287409041,80232.80367292746,6857.236401581467,384020.9273606836,0.8962548244943662,1589384.0764429718,19.809653953041025
Aibonito,1995-1999,1,65,5,0.02637827572971389,2.5,0.12373179981822237,73375.567271346,9078.891001166696,344180.60885381326,0.8397943730604022,1205363.1490822881,16.42730944245792
Aibonito,1995-1999,1,70,5,0.04489667501429345,2.5,0.20182967208217967,64296.6762701793,12976.977087584353,289040.9386319356,0.7884404698802905,861182.540228475,13.393888925295665
Aibonito,1995-1999,1,75,5,0.0503869836103442,2.5,0.22374973275842666,51319.699182594944,11482.768977348474,227891.57346960352,0.7258760530162396,572141.6015965394,11.148576681263576
Aibonito,1995-1999,1,80,5,0.08164285753319113,2.5,0.33901824248505513,39836.93020524647,13505.446064182466,165421.03586577618,0.5194741543934451,344250.0281269358,8.641479811654728
Aibonito,1995-1999,1,85,NA,0.20223759658169305,6.791451302293876,1,26331.484141064004,26331.484141064004,178828.99226115967,0,178828.99226115967,6.791451302293876
Aibonito,1995-1999,2,0,1,0.009077315171858757,0.13037366644673384,0.009006221211606017,100000,900.6221211606025,99216.79528685813,0.9906498976668602,7956488.816739019,79.5648881673902
Aibonito,1995-1999,2,1,4,2.9329753861266915e-4,1.509346878088717,0.001172333761788691,99099.3778788394,116.17754645961395,396108.15354657196,0.9988842950765089,7857272.021452161,79.28679462608329
Aibonito,1995-1999,2,5,5,1.1616600931287226e-4,2.5,5.806614137663634e-4,98983.20033237978,57.47572504411801,494772.3123492886,0.9993396974500038,7461163.867905589,75.37808277416205
Aibonito,1995-1999,2,10,5,1.480527703073649e-4,2.5,7.39989957628758e-4,98925.72460733567,73.20404276058252,494445.6129297769,0.9984407323220892,6966391.5555563,70.42042485114857
Aibonito,1995-1999,2,15,5,4.7639713150593926e-4,2.5,0.0023791521044347736,98852.52056457508,235.185182329893,493674.6398670507,0.9966303424045607,6471945.942626524,65.47072250321374
Aibonito,1995-1999,2,20,5,8.744123769774e-4,2.5,0.004362525269660331,98617.33538224519,430.22061763161037,492011.1253671469,0.9954465775035009,5978271.302759473,60.62089671747292
Aibonito,1995-1999,2,25,5,9.512882388898939e-4,2.5,0.004745156166317685,98187.11476461358,465.9131930782314,489770.79084037227,0.9937313519517496,5486260.177392326,55.875561579996265
Aibonito,1995-1999,2,30,5,0.0015659876055575202,2.5,0.0077994036043497195,97721.20157153535,762.167091758427,486700.5901282807,0.9923929445572472,4996489.386551954,51.130044516433294
Aibonito,1995-1999,2,35,5,0.0014881550495126333,2.5,0.007413195287562641,96959.03447977692,718.7762574921071,482998.2317551544,0.9913023016392026,4509788.796423673,46.51231131395285
Aibonito,1995-1999,2,40,5,0.0020083926886017237,2.5,0.00999179482383313,96240.25822228481,961.6129139497934,478797.2588265496,0.9885861108558057,4026790.5646685185,41.84101995412247
Aibonito,1995-1999,2,45,5,0.002586687129219651,2.5,0.012850336148295899,95278.64530833502,1224.3626199663559,473332.31999175926,0.9848536891268619,3547993.305841969,37.23807464264596
Aibonito,1995-1999,2,50,5,0.0035252314718073425,2.5,0.017472173717363378,94054.28268836866,1643.3327659931965,466163.08152686036,0.9776373468527803,3074660.98585021,32.69028159023365
Aibonito,1995-1999,2,55,5,0.005543803951974693,2.5,0.027340099382365122,92410.94992237547,2526.524554896503,455738.4382246361,0.9676691463901599,2608497.9043233492,28.227151722977297
Aibonito,1995-1999,2,60,5,0.007635396374395036,2.5,0.03746189090695285,89884.42536747897,3367.240537350648,441004.0254940182,0.9482962035513958,2152759.466098713,23.950305709776522
Aibonito,1995-1999,2,65,5,0.013757433759819514,2.5,0.06649999558826303,86517.18483012832,5753.392409512468,418202.4431268604,0.914250435638418,1711755.4406046951,19.785149551105157
Aibonito,1995-1999,2,70,5,0.022469108226859727,2.5,0.10637041993988419,80763.79242061585,8590.878515718548,382341.76581378287,0.8712316483756327,1293552.9974778346,16.01649648571531
Aibonito,1995-1999,2,75,5,0.03333009364045427,2.5,0.15383235150111293,72172.9139048973,11102.52906067772,333108.2468727922,0.7932212861369181,911211.2316640518,12.625390639828682
Aibonito,1995-1999,2,80,5,0.062254244518918186,2.5,0.2693506668985075,61070.38484421958,16449.348885539046,264228.55200725025,0.5429386130869789,578102.9847912596,9.466175565552836
Aibonito,1995-1999,2,85,NA,0.1455796514737886,7.034225585319439,1,44621.035958680535,44621.035958680535,313874.4327840093,0,313874.4327840093,7.034225585319439
Aibonito,2000-2004,1,0,1,0.012342347258233705,0.12466146316355756,0.012210429052820214,100000,1221.0429052820255,98931.17408987592,0.9873652350708007,7406343.434820313,74.06343434820313
Aibonito,2000-2004,1,1,4,3.8722972427607667e-4,1.6162099772638527,0.001547490448359548,98778.95709471797,152.85949260299094,394751.4434455244,0.9984185192840797,7307412.260730437,73.97741862898437
Aibonito,2000-2004,1,5,5,1.8552984229611833e-4,2.5,9.272191444264932e-4,98626.09760211498,91.4480058367626,492901.867995983,0.9988069901528539,6912660.817284913,70.08957046209517
Aibonito,2000-2004,1,10,5,2.920224822592052e-4,2.5,0.001459047224815216,98534.64959627822,143.76670704159187,492313.8312137871,0.9973340252992052,6419758.94928893,65.15229896886356
Aibonito,2000-2004,1,15,5,7.764373604183405e-4,2.5,0.0038746657140429157,98390.88288923663,381.23178050534625,491001.3349949198,0.9944039351323685,5927445.118075143,60.24384520207989
Aibonito,2000-2004,1,20,5,0.0014702160108001426,2.5,0.007324159811449583,98009.65110873128,717.8383477847528,488253.6596741945,0.9918559618381005,5436443.783080223,55.46845358166888
Aibonito,2000-2004,1,25,5,0.001802075424991435,2.5,0.008969965737908923,97291.81276094653,872.7042270447419,484277.3032371208,0.989501145875876,4948190.123406028,50.85926536865041
Aibonito,2000-2004,1,30,5,0.002422903939677588,2.5,0.01204158071500213,96419.10853390179,1161.038477879527,479192.94647481013,0.9871444891332587,4463912.820168908,46.296972540451954
Aibonito,2000-2004,1,35,5,0.0027547136583891242,2.5,0.013679361482163229,95258.07005602226,1303.069574389563,473032.6763441374,0.9848363378844477,3984719.8736940976,41.830785269433264
Aibonito,2000-2004,1,40,5,0.0033617272844985893,2.5,0.016668548635639394,93955.0004816327,1566.093495089619,465859.7686704395,0.9813179003184335,3511687.1973499605,37.37626714223116
Aibonito,2000-2004,1,45,5,0.004189378983909261,2.5,0.02072978263031518,92388.90698654308,1915.2019592834404,457156.5300345068,0.9752234772776331,3045827.4286795207,32.967458194122386
Aibonito,2000-2004,1,50,5,0.005866583648097208,2.5,0.028908926649570017,90473.70502725964,2615.497702347886,445829.78088042844,0.9551959552637908,2588670.898645014,28.61241172631374
Aibonito,2000-2004,1,55,5,0.0126204829280892,2.5,0.06117235304718828,87858.20732491175,5374.493276572568,425854.80343312735,0.9385293604542275,2142841.1177645857,24.389765999208976
Aibonito,2000-2004,1,60,5,0.012751623331663945,2.5,0.061788361866320064,82483.71404833918,5096.533571696855,399677.2363124538,0.9191939420104068,1716986.3143314582,20.816064530329303
Aibonito,2000-2004,1,65,5,0.021291262887752706,2.5,0.10107621383748218,77387.18047664233,7822.003202136926,367380.8943778693,0.8657079561929188,1317309.0780190045,17.02231648582424
Aibonito,2000-2004,1,70,5,0.03745553497934344,2.5,0.17124270690099777,69565.1772745054,11912.529262534073,318044.56321619183,0.8118910005072442,949928.1836411351,13.655225514522904
Aibonito,2000-2004,1,75,5,0.04654327341250257,2.5,0.20846030467245386,57652.64801197133,12018.288569749282,258217.51863548346,0.731762751113387,631883.6204249433,10.96018382874166
Aibonito,2000-2004,1,80,5,0.08302093274043836,2.5,0.3437570801307339,45634.35944222205,15687.134155494641,188953.96182237365,0.4943240478130427,373666.1017894598,8.188262229528188
Aibonito,2000-2004,1,85,NA,0.16125664415207852,6.167921675499951,1,29947.225286727407,29947.225286727407,184712.1399670862,0,184712.1399670862,6.167921675499951
Aibonito,2000-2004,2,0,1,0.008329260506124666,0.13191112075957714,0.008269467801492347,100000,826.9467801492283,99282.13669642877,0.9915273481616034,8074815.030532193,80.74815030532193
Aibonito,2000-2004,2,1,4,2.134454368001523e-4,1.510545575886972,8.533283203714469e-4,99173.05321985077,84.62717493021046,396481.5373843729,0.9990869295193741,7975532.893835764,80.42036253694121
Aibonito,2000-2004,2,5,5,1.058917069422587e-4,2.5,5.293184086367772e-4,99088.42604492056,52.44932798840455,495311.0069046318,0.9994131783601348,7579051.356451391,76.487756027283325
Aibonito,2000-2004,2,10,5,1.2891259770587683e-4,2.5,6.44355324732492e-4,99035.97671693216,63.81435893764137,495020.3476873167,0.9984872529778055,7083740.349546759,71.5269398492806
Aibonito,2000-2004,2,15,5,4.769076518019867e-4,2.5,0.002381698633253721,98972.16235799452,235.72186381820939,494271.50713042705,0.9971049325979955,6588720.001859442,66.5714464035577
Aibonito,2000-2004,2,20,5,6.830969206271162e-4,2.5,0.0034096617794807226,98736.4404941763,336.6578673949698,492840.5578023941,0.9961846182544001,6094448.494729016,61.72440959210475
Aibonito,2000-2004,2,25,5,8.462846767199614e-4,2.5,0.004222489812534922,98399.78262678134,415.49207969724375,490960.18293466355,0.9949333882823663,5601607.936926622,56.927035684345505
Aibonito,2000-2004,2,30,5,0.0011863708909913354,2.5,0.005914313032900568,97984.29054708409,579.509766602132,488472.6783189152,0.9933406894045247,5110647.753991958,52.157827805429214
Aibonito,2000-2004,2,35,5,0.0014872574565371992,2.5,0.007408740521226637,97404.78078048196,721.6467463295558,485219.78703658585,0.9917079931394556,4622175.075673043,47.45326706386097
Aibonito,2000-2004,2,40,5,0.0018448427363066927,2.5,0.009181865934844364,96683.1340341524,887.7315748621768,481196.34123360657,0.9896136249727607,4136955.288636457,42.78880003181441
Aibonito,2000-2004,2,45,5,0.002333948539413705,2.5,0.011602046249821073,95795.40245929023,1111.4226898529014,476198.4555718189,0.9874550088741542,3655758.9474028503,38.16215448289831
Aibonito,2000-2004,2,50,5,0.0027181470414381517,2.5,0.013499004509267692,94683.97976943733,1278.139469863061,470224.55017252895,0.9797797220117318,3179560.4918310316,33.58076518935413
Aibonito,2000-2004,2,55,5,0.005480787194537242,2.5,0.0270335234991429,93405.84029957427,2525.0889786957123,460716.47905113205,0.9673999399021946,2709335.9416585024,29.006065712476133
Aibonito,2000-2004,2,60,5,0.007813972828393159,2.5,0.03832126091315294,90880.75132087855,3482.6649833507545,445697.0941460159,0.9527116644669174,2248619.4626073707,24.742527212038823
Aibonito,2000-2004,2,65,5,0.011652383190932787,2.5,0.05661273281407519,87398.0863375278,4947.844510287949,424620.82041191915,0.933129035489703,1802922.3684613546,20.62885406321762
Aibonito,2000-2004,2,70,5,0.01617782968811346,2.5,0.07774479337468426,82450.24182723985,6410.077014551498,396226.0165998205,0.8822742242373927,1378301.5480494355,16.716767804482938
Aibonito,2000-2004,2,75,5,0.03503727046276252,2.5,0.16107709771851178,76040.16481268835,12248.329058065145,349580.0014182789,0.798365032963383,982075.531449615,12.915220973925903
Aibonito,2000-2004,2,80,5,0.0571376681949152,2.5,0.24998013583318504,63791.83575462321,15946.691766988937,279092.4493556437,0.5587439972234801,632495.5300313361,9.914991825352777
Aibonito,2000-2004,2,85,NA,0.14005207726413815,7.386393920499654,1,47845.14398763427,47845.14398763427,353403.08067569236,0,353403.08067569236,7.386393920499654
Aibonito,2005-2009,1,0,1,0.013129533750972406,0.12309067187662212,0.012980088660340108,100000,1298.0088660340116,98861.76391738793,0.9866120615922054,7492747.038098289,74.92747038098288
Aibonito,2005-2009,1,1,4,3.864244302025859e-4,1.6138909928663954,0.0015442738218766421,98701.99113396599,152.42290107527515,394444.2668787148,0.9984285874093547,7393885.2741809,74.91120684835371
Aibonito,2005-2009,1,5,5,1.7623073076866985e-4,2.5,8.807656089261067e-4,98549.56823289071,86.7990704740514,492530.84348826844,0.9990264305433928,6999441.0073021855,71.02457304288967
Aibonito,2005-2009,1,10,5,2.1340481628525634e-4,2.5,0.0010664551147816657,98462.76916241666,105.00612378881488,492051.3305026113,0.9974472205488172,6506910.163813918,66.08498033485749
Aibonito,2005-2009,1,15,5,8.097741389698926e-4,2.5,0.004040690578015323,98357.76303862785,397.433286384854,490795.2319771771,0.9944974359015509,6014858.833311306,61.15286325644782
Aibonito,2005-2009,1,20,5,0.0013989493086510093,2.5,0.006970368562550989,97960.329752243,682.8196028821694,488094.5997540095,0.9914576099729451,5524063.601334129,56.39082284946724
Aibonito,2005-2009,1,25,5,0.002035393830126574,2.5,0.010125445974971031,97277.51014936082,984.9781735970464,483925.1053128115,0.9895017256011959,5035969.001580119,51.769098467341976
Aibonito,2005-2009,1,30,5,0.0021868743362527887,2.5,0.01087491649180191,96292.53197576378,1047.173244020596,478844.7267687674,0.9878698341881299,4552043.896267308,47.273073029308534
Aibonito,2005-2009,1,35,5,0.002697918183406828,2.5,0.013399215946172705,95245.35873174318,1276.2131295173167,473036.2608349226,0.9835717562564025,4073199.1694985405,42.76532970987733
Aibonito,2005-2009,1,40,5,0.003938074969511933,2.5,0.01949840935301366,93969.14560222586,1832.2488675051281,465265.1058423665,0.9793725186149127,3600162.908663618,38.31218093546591
Aibonito,2005-2009,1,45,5,0.004403755979004347,2.5,0.021779006321756215,92136.89673472074,2006.6500564524758,455667.85853247246,0.9740601464015772,3134897.8028212516,34.024347616647056
Aibonito,2005-2009,1,50,5,0.006131228633496154,2.5,0.03019333752849201,90130.24667826826,2721.332959483203,443847.9009926333,0.9613987716253937,2679229.944288779,29.72620227982557
Aibonito,2005-2009,1,55,5,0.009683039952929864,2.5,0.047270885092252725,87408.91371878506,4131.896716439325,426714.826802827,0.9419338190082481,2235382.0432961457,25.57384536876746
Aibonito,2005-2009,1,60,5,0.01437832698058407,2.5,0.06939709943497009,83277.01700234573,5779.1834295594745,401937.12643783,0.9156615721048686,1808667.2164933188,21.718683997078962
Aibonito,2005-2009,1,65,5,0.02113995472472613,2.5,0.10039396399016118,77497.83357278626,7780.314713021813,368038.38108137675,0.884304125663359,1406730.0900554887,18.15186341608224
Aibonito,2005-2009,1,70,5,0.028427318476064733,2.5,0.13270544267429998,69717.51885976444,9251.894202438896,325457.858792725,0.8364290083245429,1038691.7089741121,14.898575364728943
Aibonito,2005-2009,1,75,5,0.04423696192488015,2.5,0.19915930332857154,60465.62465732555,12042.291682079856,272222.3940814281,0.7528727395842656,713233.850181387,11.795691423407417
Aibonito,2005-2009,1,80,5,0.07254073546555995,2.5,0.3070242627615621,48423.33297524569,14867.138107182443,204948.81960827237,0.5352755200041356,441011.4560999589,9.107416383862025
Aibonito,2005-2009,1,85,NA,0.15610926605444544,7.034845202796119,1,33556.19486806325,33556.19486806325,236062.6364916865,0,236062.6364916865,7.034845202796119
Aibonito,2005-2009,2,0,1,0.0071801137221430104,0.13427292767029114,0.007135757717791021,100000,713.575771779113,99382.23813621225,0.9926613898147799,8135073.050939107,81.35073050939107
Aibonito,2005-2009,2,1,4,1.997463790906254e-4,1.512390122193154,7.985887047699469e-4,99286.42422822089,79.2890169256425,396948.4567711777,0.9991696371876181,8035690.812802895,80.93443665905387
Aibonito,2005-2009,2,5,5,9.446365604631998e-5,2.5,4.7220676428818864e-4,99207.13521129524,46.84628031242755,495918.56035569514,0.9994760851598149,7638742.356031718,76.99791289973675
Aibonito,2005-2009,2,10,5,1.1516261543099801e-4,2.5,5.756473445205878e-4,99160.28893098282,57.08135700500861,495658.74126240157,0.9987699911055221,7142823.795676022,72.03310793746823
Aibonito,2005-2009,2,15,5,3.773050309041078e-4,2.5,0.0018847473428844055,99103.20757397781,186.7845071463671,495049.0766020231,0.9973838929626775,6647165.05441362,67.07315754085654
Aibonito,2005-2009,2,20,5,6.708929116924995e-4,2.5,0.003348847762896336,98916.42306683144,331.2560421010712,493753.9752289045,0.9961851287813555,6152115.977811597,62.19509144255054
Aibonito,2005-2009,2,25,5,8.583299941561305e-4,2.5,0.004282460559912244,98585.16702473037,422.1870895757602,491870.36739971244,0.9951316364151886,5658362.0025826935,57.39567293285893
Aibonito,2005-2009,2,30,5,0.001094343099865113,2.5,0.0054567865076703,98162.97993515461,535.6544244628603,489475.7636146159,0.9941281277805223,5166491.63518298,52.631772574507295
Aibonito,2005-2009,2,35,5,0.0012618150043963298,2.5,0.006289235393018919,97627.32551069175,614.0012309276353,486601.6244761396,0.9921098361214253,4677015.871568365,47.90683189468462
Aibonito,2005-2009,2,40,5,0.0019093153581049116,2.5,0.00950122470489988,97013.32427976411,921.7453933513607,482762.2579154422,0.9896791799982229,4190414.247092225,43.19421355986147
Aibonito,2005-2009,2,45,5,0.0022421535053510013,2.5,0.01114827715500073,96091.57888641275,1071.2555536873406,477779.75554784545,0.9861882378084751,3707651.989176783,38.584567265353165
Aibonito,2005-2009,2,50,5,0.00332852415534124,2.5,0.016505275258237202,95020.32333272541,1568.336591733343,471180.7751842937,0.981337526308956,3229872.2336289375,33.99138332037811
Aibonito,2005-2009,2,55,5,0.004215130075209272,2.5,0.020855874813122382,93451.98674099207,1949.0229365076957,462387.37636369106,0.9706682788787269,2758691.4584446438,29.519880257768374
Aibonito,2005-2009,2,60,5,0.007744724471664,2.5,0.03798810386424614,91502.96380448437,3476.024092891108,448824.7587901941,0.9561633531977511,2296304.082080953,25.095406603304095
Aibonito,2005-2009,2,65,5,0.01023876748308171,2.5,0.04991613808660322,88026.93971159327,4393.964877984981,429149.78636300383,0.9282206424557975,1847479.3232907585,20.987658202633654
Aibonito,2005-2009,2,70,5,0.01990149183250793,2.5,0.09479124137261376,83632.97483360828,7927.673504162303,398345.69040763564,0.8850258035984087,1418329.5369277548,16.958975090262992
Aibonito,2005-2009,2,75,5,0.029477317635324553,2.5,0.13727066098682383,75705.30132944598,10392.116753699716,352546.21476298064,0.8150122114839222,1019983.8465201191,13.473083504171866
Aibonito,2005-2009,2,80,5,0.054622246321992425,2.5,0.2402972875344313,65313.184575746265,15694.581093787485,287329.47014426265,0.5695036412798287,667437.6317571384,10.219033662079129
Aibonito,2005-2009,2,85,NA,0.12178469739717962,7.660597738327768,1,49618.60348195878,49618.60348195878,380108.16161287576,0,380108.16161287576,7.660597738327768
Aibonito,2010-2014,1,0,1,0.013718838492048318,0.12191474373104219,0.013555544206848763,100000,1355.5544206848863,98809.70764912639,0.9861042112968533,7553221.952278139,75.53221952278139
Aibonito,2010-2014,1,1,4,3.562654291178749e-4,1.6121571453047647,0.0014238504385606576,98644.44557931511,140.4549370996683,394242.39799930033,0.9985164661246845,7454412.244629012,75.56849451432406
Aibonito,2010-2014,1,5,5,1.619327283836586e-4,2.5,8.093359969528789e-4,98503.99064221545,79.72282547024952,492320.6461474016,0.9990562175504739,7060169.846629712,71.67394742689709
Aibonito,2010-2014,1,10,5,2.1578390448871298e-4,2.5,0.0010783378025900632,98424.2678167452,106.1346086790436,491856.00256202836,0.9972303377908793,6567849.200482311,66.72997773995027
Aibonito,2010-2014,1,15,5,8.945586043197895e-4,2.5,0.004462812403511382,98318.13320806615,438.7753843710525,490493.72757940314,0.9938457488528197,6075993.197920282,61.79931412104761
Aibonito,2010-2014,1,20,5,0.001576846161852781,2.5,0.007853272303539353,97879.3578236951,768.673249885047,487475.1059937629,0.9913752174516892,5585499.470340879,57.06514217636923
Aibonito,2010-2014,1,25,5,0.001889362195563263,2.5,0.009402399631786624,97110.68457381005,913.0734648793295,483270.7392068519,0.9892166140969063,5098024.364347116,52.497048977883644
Aibonito,2010-2014,1,30,5,0.0024504159464479123,2.5,0.01217748000426456,96197.61110893072,1171.4444857370254,478059.4443303111,0.9880017077106465,4614753.625140265,47.97160316085898
Aibonito,2010-2014,1,35,5,0.0023774260215968903,2.5,0.01181689562012997,95026.1666231937,1122.9142921673483,472323.5473855501,0.9870125762449773,4136694.1808099532,43.53215885486726
Aibonito,2010-2014,1,40,5,0.0028546176089583168,2.5,0.014171949304695463,93903.25233102635,1330.7921315813437,466189.2813261784,0.9805265248249008,3664370.633424403,39.022829800471854
Aibonito,2010-2014,1,45,5,0.005032778141277257,2.5,0.024851214088760988,92572.460199445,2300.5380271397153,457110.9559293757,0.97241831953887,3198181.3520982247,34.54787034078844
Aibonito,2010-2014,1,50,5,0.00617007508252202,2.5,0.030381731501359078,90271.92217230529,2742.617301550563,444503.06760765,0.966135737873827,2741070.396168849,30.364595437957647
Aibonito,2010-2014,1,55,5,0.0076341547867578305,2.5,0.03745591333361858,87529.30487075473,3278.4900573908526,429450.29921029654,0.9505769556148308,2296567.328561199,26.237696414387127
Aibonito,2010-2014,1,60,5,0.012765997424649277,2.5,0.06185585781919801,84250.81481336388,5211.406422247019,408225.55801120185,0.9261591918245414,1867117.0293509024,22.161412129805775
Aibonito,2010-2014,1,65,5,0.018107390169606146,2.5,0.08661597759494682,79039.40839111686,6846.0756263228395,378081.85288977716,0.8967249830672936,1458891.4713397005,18.45777316703276
Aibonito,2010-2014,1,70,5,0.025874841274200627,2.5,0.12151382878962338,72193.33276479402,8772.488277333483,339035.4431306364,0.8335086803251301,1080809.6184499233,14.971044791230273
Aibonito,2010-2014,1,75,5,0.04885574386563418,2.5,0.21769018012281133,63420.844487460534,13806.095060016087,282588.98478726245,0.7479487552954068,741774.175319287,11.696062726915429
Aibonito,2010-2014,1,80,5,0.06947635603147609,2.5,0.29597382334124633,49614.74942744445,14684.667082158645,211362.0794318256,0.5397018810930385,459185.19053202454,9.255013797933762
Aibonito,2010-2014,1,85,NA,0.15784610898086976,7.094833291558082,1,34930.0823452858,34930.0823452858,247823.11110019893,0,247823.11110019893,7.094833291558082
Aibonito,2010-2014,2,0,1,0.005808026922552828,0.13709293650688484,0.00577906348467045,100000,577.9063484670478,99501.32052987027,0.9940172114663702,8296269.110690005,82.96269110690005
Aibonito,2010-2014,2,1,4,1.8329524843498657e-4,1.5145974637104411,7.328471360845783e-4,99422.09365153295,72.86119659605902,397507.28520331485,0.9992556313649371,8196767.790160134,82.44412774980576
Aibonito,2010-2014,2,5,5,8.659346941396384e-5,2.5,4.3287363699470613e-4,99349.2324549369,43.005663585398,496638.648115721,0.9995192166437343,7799260.50495682,78.50348022058883
Aibonito,2010-2014,2,10,5,1.0577072589687466e-4,2.5,5.287138233721488e-4,99306.2267913515,52.50457485152583,496399.87251962867,0.998821060081565,7302621.8568410985,73.53639437116423
Aibonito,2010-2014,2,15,5,3.6623701291121566e-4,2.5,0.001829509978881686,99253.72221649997,181.5856752362306,495814.64689440926,0.997470600255557,6806221.98432147,68.57397216272864
Aibonito,2010-2014,2,20,5,6.471598107258822e-4,2.5,0.003230572312214139,99072.13654126374,320.0597012220969,494560.53345326346,0.9962974964766793,6310407.337427061,63.69507671613364
Aibonito,2010-2014,2,25,5,8.369403732833018e-4,2.5,0.004175964283650568,98752.07684004164,412.38514582032803,492729.4213356574,0.9954720947973468,5815846.803973798,58.89341257495062
Aibonito,2010-2014,2,30,5,9.786529555871509e-4,2.5,0.00488132197748466,98339.69169422131,480.02769832608465,490498.3892252914,0.994104886627823,5323117.382638141,54.12989700221869
Aibonito,2010-2014,2,35,5,0.0013875722892407688,2.5,0.006913877683491811,97859.66399589523,676.5897470152267,487606.8456119381,0.9920702970980502,4832618.993412849,49.383155388879686
Aibonito,2010-2014,2,40,5,0.0017985710052589113,2.5,0.008952600307955652,97183.07424888,870.041220448591,483740.2681932785,0.9911385599398294,4345012.14780091,44.70955648792912
Aibonito,2010-2014,2,45,5,0.0017616154686942765,2.5,0.00876945631871367,96313.03302843141,844.6129360656487,479453.63280199294,0.9883751154692483,3861271.8796076323,40.09085539303692
Aibonito,2010-2014,2,50,5,0.0029223098582718842,2.5,0.014505574830541441,95468.42009236576,1384.8243116033846,473880.0396828203,0.9804046351631522,3381818.246805639,35.423423196212184
Aibonito,2010-2014,2,55,5,0.005014088979341855,2.5,0.024760071887758965,94083.59578076238,2329.516594990535,464594.18741633557,0.9721063127730073,2907938.207122819,30.90802581460663
Aibonito,2010-2014,2,60,5,0.0063196646608853985,2.5,0.03110686097932176,91754.07918577184,2854.1813855174987,451634.94246506545,0.9634534106395747,2443344.0197064835,26.629268599159666
Aibonito,2010-2014,2,65,5,0.008613775187920772,2.5,0.04216096329086953,88899.89780025434,3748.1053277185565,435129.22568197537,0.9420207426678439,1991709.077241418,22.403952383798124
Aibonito,2010-2014,2,70,5,0.015475166399899392,2.5,0.0744938212985966,85151.79247253579,6343.2824117042765,409900.75633341825,0.900407163253791,1556579.8515594425,18.28005971878384
Aibonito,2010-2014,2,75,5,0.027056613155483567,2.5,0.12671206730913095,78808.51006083151,9985.989231360407,369077.57722575654,0.8373335197255284,1146679.0952260243,14.550193809538005
Aibonito,2010-2014,2,80,5,0.04539407304124697,2.5,0.20383779573574673,68822.5208294711,14028.630942856907,309041.02679021325,0.6025714718446488,777601.5180002677,11.298649172223927
Aibonito,2010-2014,2,85,NA,0.10959828941491678,8.55132738667858,1,54793.8898866142,54793.8898866142,468560.49121005443,0,468560.49121005443,8.55132738667858
Aibonito,2015-2019,1,0,1,0.009818083981407447,0.12969850431930052,0.009734902228786134,100000,973.4902228786086,99152.77000299821,0.9899025315859835,7766626.039678311,77.66626039678312
Aibonito,2015-2019,1,1,4,3.2698300124015293e-4,1.6236687395846674,0.0013069165047928464,99026.50977712139,129.41938003976247,395798.4957899935,0.9986900682245786,7667473.269675313,77.42849149114178
Aibonito,2015-2019,1,5,5,1.4771394447762661e-4,2.5,7.382970804532579e-4,98897.09039708163,73.01543310548004,494302.91340264445,0.9991820227454931,7271674.773885319,73.52769171154402
Aibonito,2015-2019,1,10,5,1.796238855779321e-4,2.5,8.977162996649294e-4,98824.07496397615,88.71598289447138,493898.58486264455,0.9979691421631026,6777371.860482675,68.58016999352837
Aibonito,2015-2019,1,15,5,6.340068269141373e-4,2.5,0.0031650175277709125,98735.35898108168,312.49914178586914,492895.5470509437,0.9943055833842621,6283473.27562003,63.63954454071498
Aibonito,2015-2019,1,20,5,0.0016531736790476833,2.5,0.008231846714442735,98422.85983929581,810.2018953941733,490088.7944579936,0.9915120647132328,5790577.728569087,58.83366667077043
Aibonito,2015-2019,1,25,5,0.001756912999503437,2.5,0.008746149438407342,97612.65794390164,853.734893457513,485928.9524858644,0.9905108325294119,5300488.934111093,54.30124581954632
Aibonito,2015-2019,1,30,5,0.00205828540362913,2.5,0.010238741388268136,96758.92305044412,990.689590120819,481317.8912769186,0.9895780417293188,4814559.981625228,49.758304762396065
Aibonito,2015-2019,1,35,5,0.0021327250763923146,2.5,0.010607070469020721,95768.2334603233,1015.8204010072805,476301.6162990983,0.9870223150175897,4333242.09034831,45.247175746888644
Aibonito,2015-2019,1,40,5,0.003098561065984961,2.5,0.015373714348128096,94752.41305931602,1456.6965321697644,470120.32396615576,0.9837971632944266,3856940.4740492115,40.70545909616809
Aibonito,2015-2019,1,45,5,0.003438283563369084,2.5,0.017044904777010452,93295.71652714626,1590.216604308167,462503.0411249609,0.9742826384809742,3386820.1500830557,36.301989803546796
Aibonito,2015-2019,1,50,5,0.007029439685920222,2.5,0.034540202749680275,91705.49992283809,3167.526560595623,450608.6832127014,0.9636959096443365,2924317.108958095,31.888132243089498
Aibonito,2015-2019,1,55,5,0.007774440444714774,2.5,0.0381310826457688,88537.97336224247,3376.048779564546,434249.7448623009,0.9546344819284427,2473708.4257453936,27.93951941529668
Aibonito,2015-2019,1,60,5,0.0108646471296075,2.5,0.05288674606350465,85161.92458267792,4503.937079683426,414549.78021418105,0.9360208335241902,2039458.6808830926,23.948010697000168
Aibonito,2015-2019,1,65,5,0.015733644950260344,2.5,0.07569098696422691,80657.9875029945,6105.082680649924,388027.2308133476,0.9120171602238345,1624908.9006689116,20.14566630004977
Aibonito,2015-2019,1,70,5,0.021336759667361944,2.5,0.10128126339703634,74552.90482234457,7550.812390326071,353887.4931359077,0.8706693923284478,1236881.669855564,16.59065696773297
Aibonito,2015-2019,1,75,5,0.03491047654721356,2.5,0.1605409776484136,67002.0924320185,10756.581423525626,308119.0086012785,0.7958293381990155,882994.1767196562,13.17860599078391
Aibonito,2015-2019,1,80,5,0.05875353663009511,2.5,0.2561442340551136,56245.511008492875,14406.963336308865,245210.1467016922,0.5734549684859606,574875.1681183778,10.220818653982425
Aibonito,2015-2019,1,85,NA,0.11611264020719654,7.879456619758827,1,41838.54767218401,41838.54767218401,329665.02141668554,0,329665.02141668554,7.879456619758827
Aibonito,2015-2019,2,0,1,0.0055509386809560095,0.13762132225719154,0.005524492871925237,100000,552.4492871925177,99523.57951419096,0.9943031736848189,8443584.522961142,84.43584522961142
Aibonito,2015-2019,2,1,4,1.641487344151943e-4,1.5150116500973776,6.563272167401582e-4,99447.55071280748,65.27013417096168,397628.0073282185,0.9993239103091692,8344060.943446951,83.90413724259123
Aibonito,2015-2019,2,5,5,7.724003751025324e-5,2.5,3.861256266565497e-4,99382.28057863652,38.37404536698887,496815.46777976514,0.9995707404067992,7946432.936118732,79.95824698177553
Aibonito,2015-2019,2,10,5,9.450436667605988e-5,2.5,4.7241022130835926e-4,99343.90653326953,46.93107687101292,496602.20497417013,0.9989342409536437,7449617.468338967,74.98816714887437
Aibonito,2015-2019,2,15,5,3.321532471944308e-4,2.5,0.001659388307935061,99296.97545639852,164.77224008567282,496072.9466817784,0.9975555537788512,6953015.263364797,70.02242748489232
Aibonito,2015-2019,2,20,5,6.472073047154108e-4,2.5,0.0032308090155894796,99132.20321631285,320.27721588651184,494860.32304184797,0.9964043478511453,6456942.316683019,65.13465964832392
Aibonito,2015-2019,2,25,5,7.939081724527317e-4,2.5,0.003961677841226722,98811.92600042633,391.46101768482185,493080.9774579196,0.9956751118432559,5962081.993641171,60.33767617904186
Aibonito,2015-2019,2,30,5,9.40112973710941e-4,2.5,0.004689543117740293,98420.46498274151,461.5470142046106,490948.45737819606,0.9945308468120307,5469001.0161832515,55.56772178573091
Aibonito,2015-2019,2,35,5,0.001254408855668766,2.5,0.006252436499059015,97958.9179685369,612.4819141148037,488263.38505739754,0.9935145076891302,4978052.558805055,50.817757709450596
Aibonito,2015-2019,2,40,5,0.0013485339754075634,2.5,0.0067200144575098614,97346.4360544221,654.1694576727896,485096.7566279285,0.9922726784970626,4489789.173747658,46.12176219001602
Aibonito,2015-2019,2,45,5,0.0017559635204372134,2.5,0.008741443462595363,96692.26659674931,845.2299817256862,481348.2580294323,0.9896572490264931,4004692.4171197293,41.41688428735585
Aibonito,2015-2019,2,50,5,0.0024060217527915196,2.5,0.011958179662975328,95847.03661502362,1146.1560840062157,476369.7928651026,0.9846844731739457,3523344.159090297,36.76007400460441
Aibonito,2015-2019,2,55,5,0.0037780518318105316,2.5,0.01871350765436968,94700.8805310174,1772.185652692744,469073.9385233552,0.9782851451706638,3046974.366225194,32.17472054261648
Aibonito,2015-2019,2,60,5,0.005016829831416667,2.5,0.024773438839590253,92928.69487832466,2302.163339011109,458888.06604409555,0.9683570696503278,2577900.4277018392,27.740628780778525
Aibonito,2015-2019,2,65,5,0.007890005193240505,2.5,0.03868692585150531,90626.53153931355,3506.0619058405427,444367.50293196645,0.9541759994767768,2119012.361657744,23.381810223405953
Aibonito,2015-2019,2,70,5,0.01094095326414969,2.5,0.05324829845866898,87120.46963347301,4639.016768902569,424004.8062451086,0.9114394785148981,1674644.8587257771,19.22217437269591
Aibonito,2015-2019,2,75,5,0.02686218438747479,2.5,0.1258588151865485,82481.45286457044,10381.017932399991,386454.7194918522,0.8487737753744727,1250640.0524806685,15.162682143028492
Aibonito,2015-2019,2,80,5,0.03961986861328225,2.5,0.18024603272940068,72100.43493217045,12995.81735458802,328012.63127438223,0.6204371692586604,864185.3329888163,11.985854645700979
Aibonito,2015-2019,2,85,NA,0.09738685500444247,9.071587359661676,1,59104.61757758243,59104.61757758243,536172.7017144341,0,536172.7017144341,9.071587359661676
Aibonito,2020-2024,1,0,1,0.010830642960264831,0.12767799350493955,0.010729274829563653,100000,1072.9274829563656,99064.0617452438,0.9889315664078734,7894970.127950377,78.94970127950377
Aibonito,2020-2024,1,1,4,3.25862916140533e-4,1.6206726949385248,0.0013024418364277189,98927.07251704363,128.84675800151308,395401.7214586929,0.9986396401565935,7795906.066205133,78.80457662246113
Aibonito,2020-2024,1,5,5,1.603886112858031e-4,2.5,8.016216289793937e-4,98798.22575904212,79.19879467324063,493793.1318085275,0.999133932485283,7400504.34474644,74.90523527006899
Aibonito,2020-2024,1,10,5,1.8619965607434712e-4,2.5,9.305651031163481e-4,98719.02696436888,91.86448150663637,493365.4736180778,0.9979589233583983,6906711.212937912,69.96332343744416
Aibonito,2020-2024,1,15,5,6.315199812487786e-4,2.5,0.003152622545916189,98627.16248286224,310.9342160832166,492358.4768741032,0.9955850861131039,6413345.739319835,65.02616092634965
Aibonito,2020-2024,1,20,5,0.0011394762630873086,2.5,0.005681197341644745,98316.22826677903,558.5538946697634,490184.7565972207,0.9932048136725173,5920987.262445731,60.223905725708434
Aibonito,2020-2024,1,25,5,0.001589398527045683,2.5,0.007915540265132982,97757.67437210926,773.8048077181884,486853.8598412509,0.9916177729031951,5430802.50584851,55.55372036753305
Aibonito,2020-2024,1,30,5,0.0017783992581266422,2.5,0.008852637480812359,96983.86956439108,858.5630387399433,482772.9402251055,0.9888493694908163,4943948.646007259,50.9770198715859
Aibonito,2020-2024,1,35,5,0.002712094509326352,2.5,0.0134691485371495,96125.30652565113,1294.7260317730252,477389.7175488231,0.9857464362170061,4461175.705782155,46.410002391947486
Aibonito,2020-2024,1,40,5,0.003032555730399941,2.5,0.015048688684238722,94830.58049387811,1427.0758835980087,470585.2127603955,0.9827541438113071,3983785.988233331,42.00950756059654
Aibonito,2020-2024,1,45,5,0.0039336254844828935,2.5,0.01947659336241124,93403.5046102801,1819.1820779185218,462469.56785660423,0.977322724948714,3513200.7754729358,37.613157987288936
Aibonito,2020-2024,1,50,5,0.005256487345365947,2.5,0.025941533372105086,91584.32253236158,2375.8377593348996,451982.0182634706,0.9654344126379688,3050731.2076163315,33.31062700756832
Aibonito,2020-2024,1,55,5,0.008876571507359427,2.5,0.04341932077269756,89208.48477302668,3873.371816006358,436358.99432511744,0.9565001540854069,2598749.1893528607,29.131188540696137
Aibonito,2020-2024,1,60,5,0.008910993711891064,2.5,0.04358402610309635,85335.11295702032,3719.2477906294516,417377.445308528,0.9378285745627633,2162390.1950277435,25.339981633549225
Aibonito,2020-2024,1,65,5,0.01701545132642533,2.5,0.08160585547755266,81615.86516639087,6660.3324974439165,391428.49458834453,0.9115166951931891,1745012.7497192153,21.38080318283271
Aibonito,2020-2024,1,70,5,0.02016185846426433,2.5,0.09597186445222818,74955.53266894695,7193.622221248734,356793.6077916129,0.8855111310365819,1353584.2551308707,18.058496910550836
Aibonito,2020-2024,1,75,5,0.028947901638566656,2.5,0.1349716435398641,67761.91044769822,9145.936422526916,315944.71118217375,0.8264627599764156,996790.6473392579,14.710191031414722
Aibonito,2020-2024,1,80,5,0.048964086865840126,2.5,0.2181202831061702,58615.9740251713,12785.33284891428,261116.5380035708,0.616482196431402,680845.9361570842,11.61536505159345
Aibonito,2020-2024,1,85,NA,0.09647695436069571,9.158270261576833,1,45830.64117625702,45830.64117625702,419729.3981535133,0,419729.3981535133,9.158270261576833
Aibonito,2020-2024,2,0,1,0.005355957189306981,0.13802206186753305,0.005331343883713985,100000,533.1343883713998,99540.44991916411,0.9944543425138668,8556969.60672718,85.56969606727179
Aibonito,2020-2024,2,1,4,1.8291377779839103e-4,1.5153259035011974,7.313227388120604e-4,99466.8656116286,72.7423805801518,397686.72133776924,0.9992890983005629,8457429.156808015,85.02760295906282
Aibonito,2020-2024,2,5,5,7.802750759172397e-5,2.5,3.900614491519075e-4,99394.12323104845,38.76981574467209,496873.6916158805,0.9995665208028154,8059742.435470245,81.0887220840494
Aibonito,2020-2024,2,10,5,9.540552759366073e-5,2.5,4.769138874156895e-4,99355.35341530378,47.38394783285912,496658.3072069367,0.9989942630658023,7562868.743854364,76.11938847665002
Aibonito,2020-2024,2,15,5,3.071982066680327e-4,2.5,0.001534812304371476,99307.96946747092,152.41909346081957,496158.79960370256,0.9975885546343694,7066210.436647428,71.15451533788554
Aibonito,2020-2024,2,20,5,6.589690073430269e-4,2.5,0.0032894259623123512,99155.5503740101,326.1648417076358,494962.33976578136,0.9965781786601597,6570051.637043726,66.26004910730461
Aibonito,2020-2024,2,25,5,7.121965379046478e-4,2.5,0.003554653659448965,98829.38553230246,351.3042369434843,493268.66706915357,0.9957673153012768,6075089.297277944,61.470475249411486
Aibonito,2020-2024,2,30,5,9.850467338224063e-4,2.5,0.004913134501378499,98478.08129535898,483.8360588417854,491180.8163296904,0.9948090021217827,5581820.63020879,56.68084264830053
Aibonito,2020-2024,2,35,5,0.0010970471870850153,2.5,0.005470233175630016,97994.24523651719,536.051371313617,488631.0977543019,0.9940319047964089,5090639.8138791,51.9483547385096
Aibonito,2020-2024,2,40,5,0.0012979371065717138,2.5,0.006468695632626807,97458.19386520358,630.4273930195486,485714.900843469,0.9917726364297541,4602008.716124798,47.220336573135455
Aibonito,2020-2024,2,45,5,0.0020095415504719086,2.5,0.009997481864343323,96827.76647218403,968.0338392705307,481718.74776274385,0.9881950029765066,4116293.815281329,42.511502281360876
Aibonito,2020-2024,2,50,5,0.002744860326914564,2.5,0.01363076526755185,95859.7326329135,1306.6415141295147,476032.0593792437,0.9843362748958395,3634575.0675185854,37.91555607021015
Aibonito,2020-2024,2,55,5,0.003576653430883797,2.5,0.01772477867824102,94553.09111878398,1675.932613424011,468575.62406035984,0.9775456957110228,3158543.0081393416,33.40496826456331
Aibonito,2020-2024,2,60,5,0.005529223143656471,2.5,0.027269172370829486,92877.15850535997,2532.683244595508,458054.0844153111,0.9704112585730316,2689967.384078982,28.962636533758115
Aibonito,2020-2024,2,65,5,0.00649855756661782,2.5,0.03197333641486697,90344.47526076446,2888.6143007370556,444500.8405519797,0.9522317888457509,2231913.299663671,24.704480193411055
Aibonito,2020-2024,2,70,5,0.013241237105059749,2.5,0.06408478107277267,87455.8609600274,5604.589703154197,423267.8305422515,0.9179012129659225,1787412.459111691,20.437880771977603
Aibonito,2020-2024,2,75,5,0.021351184018207486,2.5,0.1013462632979565,81851.27125687321,8295.320488071535,388518.0550641872,0.8714729062288309,1364144.6285694393,16.66613856598946
Aibonito,2020-2024,2,80,5,0.034492929470795415,2.5,0.1587732601900205,73555.95076880167,11678.718109939284,338582.9585691602,0.6529584497143286,975626.5735052521,13.263734114073316
Aibonito,2020-2024,2,85,NA,0.09927081417010813,10.295282894246421,1,61877.23265886239,61877.23265886239,637043.6149360919,0,637043.6149360919,10.295282894246421
Anasco,1980-1984,1,0,1,0.01872823326455381,0.1119187469322461,0.018421837706879184,100000,1842.183770687916,98363.99112854639,0.9809991535526358,7160515.453295133,71.60515453295133
Anasco,1980-1984,1,1,4,5.261386435536062e-4,1.597495002989173,0.002101897668952077,98157.81622931208,206.31768512181588,392135.5856477715,0.9979235262816425,7062151.462166587,71.9469089009508
Anasco,1980-1984,1,5,5,2.2589263866877908e-4,2.5,0.0011288257097984366,97951.49854419027,110.57016986997041,489481.0672962764,0.9987552218716678,6670015.876518815,68.095087626553
Anasco,1980-1984,1,10,5,2.723576374943599e-4,2.5,0.0013608615848562787,97840.9283743203,133.1479608512891,488871.7719694733,0.9972004545117742,6180534.809222539,63.16921672673647
Anasco,1980-1984,1,15,5,8.498397227575243e-4,2.5,0.004240189909245341,97707.78041346901,414.29954456395353,487503.1532059352,0.9933426950028742,5691663.037253065,58.251891642279794
Anasco,1980-1984,1,20,5,0.001825233411604752,2.5,0.009084712754886136,97293.48086890506,883.8833266170113,484257.69602798275,0.9903051559071033,5204159.88404713,53.489296893995466
Anasco,1980-1984,1,25,5,0.0020727996954370016,2.5,0.010310569115877079,96409.59754228804,994.0378188936447,479562.8931642061,0.9894766094552832,4719902.188019147,48.9567668400323
Anasco,1980-1984,1,30,5,0.0021592794635397093,2.5,0.01073842914389582,95415.5597233944,1024.6132273148396,474516.26554868487,0.9870574489933904,4240339.294854941,44.44075271525422
Anasco,1980-1984,1,35,5,0.0030573103340455795,2.5,0.015170598600540177,94390.94649607956,1431.9671608170756,468374.8145783551,0.9816956195617714,3765823.029306256,39.89601936519056
Anasco,1980-1984,1,40,5,0.004343955250762516,2.5,0.021486435963008373,92958.97933526248,1997.3571566737373,459801.5037846281,0.9752664224964279,3297448.2147279014,35.47207852654496
Anasco,1980-1984,1,45,5,0.005690215127535227,2.5,0.028052020558328807,90961.62217858875,2551.657295372701,448428.96765451203,0.9684552095737701,2837646.7109432733,31.196087349585774
Anasco,1980-1984,1,50,5,0.007153352033704959,2.5,0.03513836738896744,88409.96488321605,3106.5818269121664,434283.36984879983,0.9552733429646679,2389217.743288761,27.024303724639704
Anasco,1980-1984,1,55,5,0.011240040203681178,2.5,0.054664133376283834,85303.38305630388,4663.035508838031,414859.3265094243,0.9286368327928449,1954934.3734399613,22.917430744213522
Anasco,1980-1984,1,60,5,0.018635085394078058,2.5,0.08902782420415672,80640.34754746585,7179.234685217874,385253.65102428454,0.8934702941489835,1540075.0469305369,19.098070553627398
Anasco,1980-1984,1,65,5,0.026835583794272807,2.5,0.12574201783142372,73461.11286224797,9237.14856344102,344212.69290263735,0.8450044314661986,1154821.3959062523,15.720172903883691
Anasco,1980-1984,1,70,5,0.04161237776970672,2.5,0.18845657352207126,64223.96429880695,12103.428249756995,290861.2508696423,0.7757064760241993,810608.703003615,12.621592451568318
Anasco,1980-1984,1,75,5,0.06201447752140825,2.5,0.2684525292544959,52120.53604904996,13991.889728467591,225622.9559240808,0.6841009877434916,519747.4521339728,9.972028139634734
Anasco,1980-1984,1,80,5,0.09405793667019492,2.5,0.3807567076206395,38128.64632058237,14517.737839056754,154348.88700526993,0.47522600465374326,294124.496209892,7.71400310771378
Anasco,1980-1984,1,85,NA,0.15502303695344297,5.919958959393266,1,23610.908481525614,23610.908481525614,139775.60920462201,0,139775.60920462201,5.919958959393266
Anasco,1980-1984,2,0,1,0.012419412686868593,0.12350475368705958,0.01228567626762304,100000,1228.5676267623057,98923.16631536887,0.9874590931748886,7688781.491199844,76.88781491199843
Anasco,1980-1984,2,1,4,2.834788553810545e-4,1.5040112047125773,0.0011331136755589866,98771.4323732377,111.91926077665994,394806.38027207536,0.9987850100116228,7589858.324884475,76.8426471350937
Anasco,1980-1984,2,5,5,1.3618765294404547e-4,2.5,6.807065051670213e-4,98659.51311246103,67.15817237226292,493129.6701313745,0.9992470433405385,7195051.9446124,72.92811121428127
Anasco,1980-1984,2,10,5,1.6511933854610722e-4,2.5,8.252560284066818e-4,98592.35494008877,81.36393526912434,492758.364862271,0.9983297245479381,6701922.2744810255,67.97608474362497
Anasco,1980-1984,2,15,5,5.0383238113686e-4,2.5,0.0025159928090645145,98510.99100481965,247.85294498194708,491935.3226616434,0.996376640004923,6209163.909618754,63.03016390643122
Anasco,1980-1984,2,20,5,9.489500043770927e-4,2.5,0.004733520336525301,98263.1380598377,465.13056233704265,490152.8638933459,0.9949205739935753,5717228.586957111,58.18284149927701
Anasco,1980-1984,2,25,5,0.0010883485842959712,2.5,0.00542697681514543,97798.00749750066,530.7475192563579,487663.1686893624,0.9938145049407493,5227075.723063765,53.44767093744061
Anasco,1980-1984,2,30,5,0.0013944749573632856,2.5,0.0069481522261182534,97267.2599782443,675.8277289462567,484646.7305688558,0.9923262322421217,4739412.554374402,48.72567146884228
Anasco,1980-1984,2,35,5,0.0016879853533685388,2.5,0.008404460252320481,96591.43224929804,811.7988530539296,480927.6641138554,0.9902817409412841,4254765.823805546,44.04910171353699
Anasco,1980-1984,2,40,5,0.0022209015668887867,2.5,0.011043193221620553,95779.63339624411,1057.7129982906918,476253.8844854938,0.9881960080717488,3773838.1596916914,39.401259180844576
Anasco,1980-1984,2,45,5,0.0025305659848710543,2.5,0.012573286099054474,94721.92039795342,1190.9658050153375,470632.18747722876,0.9818321595320688,3297584.2752061975,34.813317354125836
Anasco,1980-1984,2,50,5,0.004824215785067351,2.5,0.023833632460508066,93530.95459293808,2229.182395448559,462081.816976069,0.9702630480819908,2826952.087728969,30.224775316710108
Anasco,1980-1984,2,55,5,0.0072872660626552435,2.5,0.035784404128825394,91301.77219748952,3267.1795139929163,448340.91220246535,0.9535366828071795,2364870.2707529,25.901690775920397
Anasco,1980-1984,2,60,5,0.011848585396014123,2.5,0.05753855089545145,88034.59268349661,5065.382891679721,427509.50618828373,0.930114134324362,1916529.3585504345,21.77018487994568
Anasco,1980-1984,2,65,5,0.01731589735053364,2.5,0.08298700078510918,82969.20979181689,6885.365878133394,397632.634263751,0.8855554815003834,1489019.8523621508,17.946655826882544
Anasco,1980-1984,2,70,5,0.03214017714744469,2.5,0.1487488497811143,76083.8439136835,11317.384269086251,352125.75889570185,0.8298780457123446,1091387.2180983997,14.344533109244187
Anasco,1980-1984,2,75,5,0.043269736744023075,2.5,0.19522982580247855,64766.45964459724,12644.344634257963,292221.4366373413,0.74898633091318,739261.459202698,11.414263852916445
Anasco,1980-1984,2,80,5,0.07628407693508092,2.5,0.32033015853048846,52122.11501033928,16696.285364206342,218869.86164118056,0.5104020879714811,447040.02256535663,8.576782090993024
Anasco,1980-1984,2,85,NA,0.17146996818181937,6.440785246340251,1,35425.82964613294,35425.82964613294,228170.1609241761,0,228170.1609241761,6.440785246340251
Anasco,1985-1989,1,0,1,0.0169163404466152,0.1155342884558017,0.016666970515619876,100000,1666.697051561976,98525.86360636161,0.9826926070886329,7133224.916706928,71.33224916706928
Anasco,1985-1989,1,1,4,5.445310491774597e-4,1.6027824178364374,0.002175284668409113,98333.30294843802,213.90292629777105,392820.4399379548,0.9979217277119892,7034699.053100566,71.53933450999074
Anasco,1985-1989,1,5,5,2.217695516310105e-4,2.5,0.0011082333271348994,98119.40002214025,108.73918914301612,490325.1521378437,0.9986842099524903,6641878.613162612,67.69179807116531
Anasco,1985-1989,1,10,5,3.049477145406354e-4,2.5,0.001523577044359167,98010.66083299724,149.32679294762784,489679.9871826171,0.9970689270305316,6151553.461024768,62.76412595061011
Anasco,1985-1989,1,15,5,8.700315993501763e-4,2.5,0.004340716595246661,97861.33404004961,424.7883167006221,488244.6994084965,0.9933980356864731,5661873.4738421505,57.856083093298494
Anasco,1985-1989,1,20,5,0.0017825222745049265,2.5,0.008873070259074514,97436.54572334899,864.5613160047942,485021.32532673294,0.9897561778497934,5173628.774433655,53.09741571836001
Anasco,1985-1989,1,25,5,0.0023389665428579973,2.5,0.011626845706523661,96571.984407344193,1122.8275622770016,480052.8531310284,0.9859904685239581,4688607.449106921,48.550389410351166
Anasco,1985-1989,1,30,5,0.0033112348970739474,2.5,0.016420246254330025,95449.15684506719,1567.298660164175,473327.5375749256,0.9844013930482178,4208554.595975893,44.09210866898706
Anasco,1985-1989,1,35,5,0.0029746076187190415,2.5,0.014763250897106226,93881.85818490302,1386.0014270702668,465944.2873568394,0.9814170607893415,3735227.0584009676,39.7864628014108
Anasco,1985-1989,1,40,5,0.004542990175816127,2.5,0.022459863530655783,92495.85675783275,2077.4443199320085,457285.6729893337,0.9738681020376639,3269282.771044128,35.3451806993212
Anasco,1985-1989,1,45,5,0.006068346418527359,2.5,0.029888300686568777,90418.41243790074,2702.4526985461707,445335.93044313823,0.9693945138871941,2811997.0980547946,31.099828256618316
Anasco,1985-1989,1,50,5,0.006368767244038182,2.5,0.031344767400460785,87715.95973935457,2749.4363553382427,431706.2078084273,0.9506846845332048,2366661.1676116562,26.98096417851576
Anasco,1985-1989,1,55,5,0.014050251529231825,2.5,0.06786737347623556,84966.52338401633,5766.454775480335,410416.4799813808,0.9223955765684942,1934954.959803229,22.773145030990257
Anasco,1985-1989,1,60,5,0.01842107472650996,2.5,0.08805041542685399,79200.06860853599,6973.598942816941,378566.3456856376,0.8914806731661445,1524538.479821848,19.249206555075343
Anasco,1985-1989,1,65,5,0.028028264391072658,2.5,0.1309645494133272,72226.46966571905,9459.107055486238,337484.5806898796,0.8491274781166235,1145972.1341362104,15.866373359241242
Anasco,1985-1989,1,70,5,0.03806347715182401,2.5,0.17378064658255896,62767.36261023281,10907.752858688189,286567.4309044436,0.7900995593031666,808487.5534463308,12.880699774926102
Anasco,1985-1989,1,75,5,0.058089766772415674,2.5,0.2536173954799359,51859.60975154462,13152.499155792633,226416.80086824152,0.6907333212436997,521920.1225418872,10.064096607019724
Anasco,1985-1989,1,80,5,0.09499600310573982,2.5,0.38382533398132107,38707.11059575199,14856.769651866442,156393.62884909386,0.4707550901176833,295503.3216736457,7.634342040143819
Anasco,1985-1989,1,85,NA,0.18367414529192594,5.832608143919009,1,23850.34094388555,23850.34094388555,139109.69282455184,0,139109.69282455184,5.832608143919009
Anasco,1985-1989,2,0,1,0.010848973921113237,0.12673242936915358,0.010747154763224685,100000,1074.715476322468,99061.48582687251,0.9889267159606139,7721092.145256059,77.2109214525606
Anasco,1985-1989,2,1,4,3.0353704667900364e-4,1.5065143792002336,0.0012132299351241811,98925.28452367753,120.01911652479612,395401.87215343444,0.998768990484618,7622030.659429187,77.04835721351776
Anasco,1985-1989,2,5,5,1.3903535995875898e-4,2.5,6.949352483627846e-4,98805.26540715274,68.66326165528153,493854.66888162546,0.9992683863508888,7226628.787275752,73.1401181657329
Anasco,1985-1989,2,10,5,1.5372256521259693e-4,2.5,7.683175566987006e-4,98736.60214549745,75.86106491716055,493493.35806519433,0.9983873071690652,6732774.118394127,68.18924261210412
Anasco,1985-1989,2,15,5,4.921482511177113e-4,2.5,0.0024577173523468087,98660.7410805803,242.48021534913278,492697.50486452866,0.9963883526802438,6239280.760328933,63.239751617444824
Anasco,1985-1989,2,20,5,9.559632789991052e-4,2.5,0.004768420308211815,98418.26086523116,469.2996338086523,490918.05524163414,0.994556063982679,5746583.255464404,58.38940055375979
Anasco,1985-1989,2,25,5,0.0012282979031241184,2.5,0.006122688302611642,97948.96123142251,599.7109591845947,488245.52875915106,0.993188675141513,5255665.20022277,53.65718159894815
Anasco,1985-1989,2,30,5,0.0015064932552291547,2.5,0.007504203695512884,97349.25027223791,730.5286036483303,484919.9298520687,0.992034240001777,4767419.671463619,48.972330635639146
Anasco,1985-1989,2,35,5,0.0016932991587639986,2.5,0.00843080610162105,96618.72166858958,814.5737081743719,481057.174072512,0.9904300070214191,4282499.741611551,44.323705257671364
Anasco,1985-1989,2,40,5,0.00215532447273899,2.5,0.010718865779359306,95804.14796041521,1026.9118030935642,476453.46029434213,0.9879886681587843,3801442.567539038,39.67931084893877
Anasco,1985-1989,2,45,5,0.0026814156367646782,2.5,0.013317801778979671,94777.23615732165,1262.224444302774,470730.6196758513,0.9833471255515759,3324989.107244696,35.08214885825025
Anasco,1985-1989,2,50,5,0.004047130498675786,2.5,0.020032962460002173,93515.01171301887,1873.3827190935554,462891.60176736047,0.9736249878232167,2854258.4875688446,30.52192835443428
Anasco,1985-1989,2,55,5,0.006679033974442662,2.5,0.032846709156205973,91641.62899392532,3010.1259341644036,450682.8301342156,0.9503574259238382,2391366.8858014843,26.094766232931125
Anasco,1985-1989,2,60,5,0.013866357326783407,2.5,0.06700886448634294,88631.50305976091,5939.096377752416,428309.77435442357,0.9204578508134387,1940684.0556672686,21.8960977606206
Anasco,1985-1989,2,65,5,0.019501710297736785,2.5,0.09297559375333968,82692.4066820085,7688.375610152361,394241.0943846616,0.8988162710165669,1512374.281312845,18.289155461741984
Anasco,1985-1989,2,70,5,0.02333266761172145,2.5,0.11023324868054857,75004.03107185614,8267.938009187521,354350.31033631193,0.8298831440089985,1118133.1869281835,14.907641242068417
Anasco,1985-1989,2,75,5,0.0538799650378177,2.5,0.2374194464976147,66736.09306266862,15844.446276352079,294069.3496224629,0.7357634063052985,763782.8765918715,11.444824555052094
Anasco,1985-1989,2,80,5,0.07042300826056973,2.5,0.29940290769775474,50891.64678631654,15237.10702535027,216365.466368207,0.5393671803232987,469713.5269694087,9.229678279848917
Anasco,1985-1989,2,85,NA,0.132969491786915,7.105632615080366,1,35654.53976096627,35654.53976096627,253348.06060120164,0,253348.06060120164,7.105632615080366
Anasco,1990-1994,1,0,1,0.01864519082440537,0.1120844539694403,0.01834154012028788,100000,1834.1540120287827,98371.42613890533,0.981044793665916,7062582.153522961,70.6258215352296
Anasco,1990-1994,1,1,4,5.439343681536624e-4,1.5977369396175727,0.002172898204243584,98165.84598797122,213.30439046531683,392150.97069405264,0.9977636413629698,6964210.727384055,70.94331696828057
Anasco,1990-1994,1,5,5,2.7566623599084003e-4,2.5,0.0013773819357198462,97952.5415975059,134.91806135425577,489425.41283414385,0.9985526795036458,6572059.756690002,67.0943259818114
Anasco,1990-1994,1,10,5,3.037015159796766e-4,2.5,0.0015173555219676286,97817.62353615164,148.4241112183372,488717.05740271235,0.9965465428062222,6082634.343855859,62.18341975572353
Anasco,1990-1994,1,15,5,0.0010814159853454516,2.5,0.005392501084542715,97669.19942493331,526.6812638253759,487029.29396510305,0.9930941936780348,5593917.2864531465,57.27411834426395
Anasco,1990-1994,1,20,5,0.0016925952786162664,2.5,0.008427316303614074,97142.51816110793,818.6507270732254,483665.9639878566,0.9886074718064259,5106887.992488043,52.57108925278655
Anasco,1990-1994,1,25,5,0.002897424994754878,2.5,0.014382941240156093,96323.8674340347,1385.4205253282998,478155.7858568528,0.9844017876330547,4623222.028500186,47.9966404138237
Anasco,1990-1994,1,30,5,0.0033948129656068272,2.5,0.01683121773752835,94938.4469087064,1597.929671583217,470697.410364574,0.9823845185650827,4145066.242643334,43.660565109404665
Anasco,1990-1994,1,35,5,0.0037168537770663297,2.5,0.018413171222813444,93340.51723712319,1718.6949259131216,462405.8488708332,0.9789447651947638,3674368.8322787597,39.36520753301973
Anasco,1990-1994,1,40,5,0.004806440886470232,2.5,0.023746859738421108,91621.82231121007,2175.7305634028453,452669.78514754324,0.9700618879853207,3211962.9834079267,35.056746333836436
Anasco,1990-1994,1,45,5,0.007390048004349552,2.5,0.036279963344959525,89446.09174780722,3245.100929960332,439117.7064141353,0.9625572036009636,2759293.198260383,30.848672584154887
Anasco,1990-1994,1,50,5,0.007882202249260045,2.5,0.0386494051752872,86200.99081784689,3331.617020630176,422675.911537659,0.9497019544595028,2320175.491846248,26.91587961847282
Anasco,1990-1994,1,55,5,0.012885111912719151,2.5,0.06241499894742133,82869.37379721671,5172.291878326752,401416.13929026667,0.9214541704428381,1897499.5803085892,22.897476997374383
Anasco,1990-1994,1,60,5,0.020113013218268794,2.5,0.09575048896578274,77697.08191888996,7439.533584948178,369886.5756320794,0.892343990790033,1496083.4410183225,19.255336288949994
Anasco,1990-1994,1,65,5,0.025718098292341132,2.5,0.12082219851823392,70257.54833394178,8488.671452207935,330066.0630391891,0.8540417842151743,1126196.865386243,16.029549736539433
Anasco,1990-1994,1,70,5,0.03824776331243197,2.5,0.1745485842225038,61768.87688173385,10781.670008720794,281890.20938686724,0.7857959857513794,796130.802347054,12.888866408747736
Anasco,1990-1994,1,75,5,0.06036406808780011,2.5,0.26224491558836227,50987.206873013056,13371.135762499674,221508.1949588161,0.6888470234893357,514240.59296018677,10.085678830004088
Anasco,1990-1994,1,80,5,0.09304986496389775,2.5,0.3774460620558575,37616.07111051338,14198.037910676383,152585.26077587594,0.4787551298809041,292732.39800137066,7.782109863131197
Anasco,1990-1994,1,85,NA,0.18320129292222936,5.984581883096407,1,23418.033199837,23418.033199837,140147.1372254947,0,140147.1372254947,5.984581883096407
Anasco,1990-1994,2,0,1,0.00893240250226208,0.1306715011091758,0.008863575138980468,100000,886.3575138980523,99229.4641529624,0.9908066913749101,7763186.506793957,77.63186506793957
Anasco,1990-1994,2,1,4,2.8448925210142895e-4,1.5095789632488787,0.0011371513389357283,99113.64248610195,112.70721125986893,396173.88153449266,0.9988709528331664,7663957.042640994,77.32494589446313
Anasco,1990-1994,2,5,5,1.2987076878038397e-4,2.5,6.491430821241101e-4,99000.93527484208,64.26577225748042,494844.01194356673,0.9992992187018516,7267783.161106502,73.41125758994093
Anasco,1990-1994,2,10,5,1.5054725117700433e-4,2.5,7.524530565367683e-4,98936.6695025846,74.44519937080622,494497.23451449594,0.9983125138329395,6772939.149162935,68.4573190427236
Anasco,1990-1994,2,15,5,5.25333709014219e-4,2.5,0.002623223375907,98862.22430321379,259.3376977863518,493662.77727160306,0.9966093986258475,6278441.91464844,63.506986201243514
Anasco,1990-1994,2,20,5,8.337336992732022e-4,2.5,0.004159997670748508,98602.88660542744,410.1877786076511,491988.96358061803,0.9942264602560101,5784779.1373768365,58.66744206511316
Anasco,1990-1994,2,25,5,0.0014842515838321242,2.5,0.0073938221884262585,98192.69882681979,726.019355327182,489148.44574578095,0.9926577174689134,5292790.173796218,53.90207456392446
Anasco,1990-1994,2,30,5,0.0014634061701616057,2.5,0.007290358960095785,97466.679471492607,710.5670799957879,485556.97965747357,0.992278761732839,4803641.728050437,49.284963375154504
Anasco,1990-1994,2,35,5,0.0016377344748010451,2.5,0.008155281908173382,96756.11239149682,789.0733728915657,481807.8785252552,0.9908065550638722,4318084.748392964,44.62854740299021
Anasco,1990-1994,2,40,5,0.0020585688389179258,2.5,0.01024014409076145,95967.03901860525,982.7163075142453,477378.4043242407,0.9879989995341223,3836276.8698677085,39.97494253338341
Anasco,1990-1994,2,45,5,0.0027751357528965335,2.5,0.013780074818715154,94984.32271109101,1308.8910735638055,471649.3858715455,0.9831430596509599,3358898.465543468,35.36266164428059
Anasco,1990-1994,2,50,5,0.004035669425493519,2.5,0.01997679774774301,93675.4316375272,1871.335151755411,463698.8203082475,0.9720651113817073,2887249.079671922,30.821839079898776
Anasco,1990-1994,2,55,5,0.007343423746251994,2.5,0.03605519725206838,91804.09648577179,3310.0148073424207,450745.4454105029,0.9585577969897919,2423550.2593636746,26.39915158621802
Anasco,1990-1994,2,60,5,0.00963265594085983,2.5,0.04703070324671836,88494.08167842937,4161.938894509061,432065.56115587417,0.9343641094601469,1972804.813953172,22.29307063857636
Anasco,1990-1994,2,65,5,0.017789318004396665,2.5,0.08515927639973532,84332.14278392031,7181.6642567178205,403706.553277807,0.9035203246033335,1540739.2527972977,18.269893328158997
Anasco,1990-1994,2,70,5,0.023023889543827,2.5,0.1088538501627182,77150.47852720249,8398.126629582111,364757.07606205717,0.8500172727766174,1137032.6995194906,14.737856734337482
Anasco,1990-1994,2,75,5,0.043492294250403296,2.5,0.19613551267633436,68752.35189762038,13484.777787143517,310049.81502024306,0.7477083172688802,772275.6234574335,11.232715712873862
Anasco,1990-1994,2,80,5,0.07680050832093997,2.5,0.3221494397788882,55267.57411047686,17804.41803762831,231826.8254583135,0.49845547083982156,462225.8084371904,8.363417716023257
Anasco,1990-1994,2,85,NA,0.14034101732564355,6.150015298520425,1,37463.15607284855,37463.15607284855,230398.98297887694,0,230398.98297887694,6.150015298520425
Anasco,1995-1999,1,0,1,0.01407202966619527,0.12120996840259066,0.013900135593803133,100000,1390.0135593803134,98778.46994023134,0.9854820426732015,7128213.480997489,71.28213480997489
Anasco,1995-1999,1,1,4,5.072567233637985e-4,1.6111188914558712,0.002026571143174255,98609.98644061969,199.84015294937126,393962.5513963694,0.997985473244381,7029435.011057257,71.28522439550477
Anasco,1995-1999,1,5,5,2.459388453784863e-4,2.5,0.00122893861753084,98410.14628767032,120.9400291297643,491748.38136552717,0.9987059498595172,6635472.459660888,67.42671065912477
Anasco,1995-1999,1,10,5,2.7203323546119517e-4,2.5,0.0013592417799580356,98289.20625854055,133.5987956655299,491112.0343035389,0.9971212999771509,6143724.07829536,62.506599779988754
Anasco,1995-1999,1,15,5,8.819857460657467e-4,2.5,0.00440022638794466,98155.60746287502,431.90689408288745,489698.27007916785,0.9936178004126098,5652612.043991822,57.58827427286602
Anasco,1995-1999,1,20,5,0.0016816265652612994,2.5,0.00837293246216272,97723.70056879213,818.2339448151033,486572.9179819229,0.9912148401026606,5162913.773912653,52.83174648383526
Anasco,1995-1999,1,25,5,0.001848678328388073,2.5,0.009200868028623178,96905.46662397703,891.6144096593634,482298.2970957367,0.9884102812706139,4676340.855930731,48.25672914900012
Anasco,1995-1999,1,30,5,0.0028198909058123217,2.5,0.014000753038641135,96013.85221431767,1344.266233141243,476708.59548873524,0.9815753250057048,4194042.558834994,43.68164032699414
Anasco,1995-1999,1,35,5,0.00463538454563262,2.5,0.02291141468429767,94669.58598117642,2169.0141424055037,467925.39454986836,0.9763596201276854,3717333.9633462587,39.266401398284266
Anasco,1995-1999,1,40,5,0.004937491579857397,2.5,0.02438643831468333,92500.57183877092,2255.7594892191264,456863.4604708068,0.9748691453399699,3249408.5687963907,35.12852411831713
Anasco,1995-1999,1,45,5,0.005246704451160823,2.5,0.02589387843766236,90244.8123495518,2336.7882006089494,445382.0912462366,0.9658862556993522,2792545.108325584,30.944106764929774
Anasco,1995-1999,1,50,5,0.008695426836793679,2.5,0.042552112237194496,87908.02414894284,3740.6721101358125,430188.44046937465,0.9517461117196184,2347163.0170793473,26.700213544812947
Anasco,1995-1999,1,55,5,0.011143863205488541,2.5,0.05420906987936176,84167.35203880703,4562.6338682325295,409430.17552345386,0.9342172080959817,1916974.5766099724,22.775750099945085
Anasco,1995-1999,1,60,5,0.01623739471362873,2.5,0.07801987481110416,79604.7181705745,6210.750146041464,382496.7154877688,0.8978988193698354,1507544.4010865185,18.937877499373837
Anasco,1995-1999,1,65,5,0.027400723787234783,2.5,0.12822029660799167,73393.96802453304,9410.596349343075,343443.3492493075,0.841691470024885,1125047.68559875,15.32888486452573
Anasco,1995-1999,1,70,5,0.04267916390046006,2.5,0.19282210404669875,63983.37167518996,12337.408350412086,289073.3374999196,0.7695268669687998,781604.3363494424,12.215741619826442
Anasco,1995-1999,1,75,5,0.0643383505335459,2.5,0.27711840066459387,51645.96332477788,14312.046757344717,222449.6997305276,0.6697262139700467,492530.9988495228,9.536679483587521
Anasco,1995-1999,1,80,5,0.10119234168347253,2.5,0.40380641628949887,37333.91656743316,15075.675055146334,148980.39519929996,0.4483868535686335,270081.2991189952,7.23420749685262
Anasco,1995-1999,1,85,NA,0.16416051123825368,5.44072198393777,1,22258.241512286826,22258.241512286826,121100.9039196952,0,121100.9039196952,5.44072198393777
Anasco,1995-1999,2,0,1,0.008331578475013077,0.13190635670765988,0.008271752279606128,100000,827.1752279606153,99281.9344427185,0.9914254640198671,7803638.68950782,78.0363868950782
Anasco,1995-1999,2,1,4,2.639599569421369e-4,1.5105418590410808,0.0010551464728055383,99172.82477203938,104.64185625637765,396430.79756721505,0.9989493811565425,7704356.755065101,77.68616829030017
Anasco,1995-1999,2,5,5,1.203474435569812e-4,2.5,6.015562283992968e-4,99068.182915783,59.59508246918267,495191.92687274213,0.9993329749120595,7307925.957497886,73.76662963234412
Anasco,1995-1999,2,10,5,1.4656035105023248e-4,2.5,7.325333543872249e-4,99008.58783331382,72.52709295868408,494861.62143417244,0.9984040531877125,6812734.030625144,68.80952632204735
Anasco,1995-1999,2,15,5,4.926045445172387e-4,2.5,0.0024599932129956855,98936.06074035514,243.38203794181754,494071.84860692115,0.9967365180160876,6317872.409190971,63.85813586990701
Anasco,1995-1999,2,20,5,8.154494536484245e-4,2.5,0.00406895220610864,98692.67870241332,401.57579273295414,492459.4540302342,0.9948619229108507,5823800.560584051,59.00944869623487
Anasco,1995-1999,2,25,5,0.0012461843733890777,2.5,0.006211569963388917,98291.10290968037,610.5420625021216,489929.1593921465,0.9933844262389397,5331341.106553816,54.24032235606087
Anasco,1995-1999,2,30,5,0.0014093689150491149,2.5,0.00702210274193865,97680.56084717825,685.9229341590835,486687.9969004935,0.9920339076730654,4841411.94716167,49.563719794116295
Anasco,1995-1999,2,35,5,0.001791337979457845,2.5,0.008916757581017985,96994.63791301916,864.8776729289966,482810.99538277334,0.9906067037387676,4354723.950261177,44.89654319000928
Anasco,1995-1999,2,40,5,0.001984622673776654,2.5,0.009874122351129031,96129.76024009017,949.1970141953643,478275.8086649624,0.9874921973191979,3871912.954878403,40.2779841040699
Anasco,1995-1999,2,45,5,0.003056731391639015,2.5,0.015167747632374233,95180.5632258948,1443.6747625176067,472293.62922318,0.9816728582490514,3393637.1462134407,35.654728562166866
Anasco,1995-1999,2,50,5,0.004353920221818029,2.5,0.021535194808694237,93736.8884633772,2018.6421538196737,463637.8369323368,0.9750462713499207,2921343.5169902607,31.165356188792455
Anasco,1995-1999,2,55,5,0.005771594029504324,2.5,0.028447501571954106,91718.24630955752,2609.154956068014,452068.34415761754,0.9638201922091921,2457705.680057924,26.796256785841074
Anasco,1995-1999,2,60,5,0.00902692136681288,2.5,0.04413851947274439,89109.09135348951,3933.143363904557,435712.59835768613,0.9350830377064882,2005637.3359003062,22.507662298385288
Anasco,1995-1999,2,65,5,0.01811589224433039,2.5,0.08665488483152024,85175.94798958495,7380.911963453036,407427.4600392922,0.9021751209279424,1569924.7375426202,18.431549922222008
Anasco,1995-1999,2,70,5,0.0232926611441894,2.5,0.1100546420116414,77795.03602613191,8561.7048401387,367570.9180303128,0.8536903212018881,1162497.277503328,14.943077821994153
Anasco,1995-1999,2,75,5,0.04126930984230237,2.5,0.18704817634859267,69233.33118599321,12949.968340878178,313791.73507777066,0.7563793437858863,794926.3594730151,11.4818447394575
Anasco,1995-1999,2,80,5,0.07427351514142619,2.5,0.3132096259656336,56283.362845115036,17628.49102480652,237345.58666355885,0.5066960999493912,481134.6243952444,8.548434209932841
Anasco,1995-1999,2,85,NA,0.1276707905285778,6.3068127315223315,1,38654.871820308515,38654.871820308515,243789.03773168556,0,243789.03773168556,6.3068127315223315
Anasco,2000-2004,1,0,1,0.01236100381343778,0.12462423494047559,0.01222868306499331,100000,1222.8683064993384,98929.5307206311,0.9872588999846236,7386781.991732845,73.86781991732845
Anasco,2000-2004,1,1,4,4.342714522233961e-4,1.6161549779251752,0.0017352893751403414,98777.13169350066,171.40690713457298,394699.91927168064,0.9982836648700919,7287852.4610122135,73.78076621647578
Anasco,2000-2004,1,5,5,2.0001331012691864e-4,2.5,9.995667340066895e-4,98605.72478636609,98.5630022790574,492782.21642613277,0.9988949223727762,6893152.541740533,69.906210381546
Anasco,2000-2004,1,10,5,2.4228548503150263e-4,2.5,0.0012106940911447686,98507.16178408703,119.26203870744212,492237.6538236665,0.9976183779140809,6400370.325314401,64.97365480230823
Anasco,2000-2004,1,15,5,7.120592052658746e-4,2.5,0.0035539694347013415,98387.89974537959,349.6675884395372,491065.3297557991,0.993781108836074,5908132.6714907335,60.04938297067558
Anasco,2000-2004,1,20,5,0.0017866079808902659,2.5,0.00889331772339829,98038.23215694005,871.8851476119453,488011.44791567035,0.9905932752367922,5417067.341734935,55.254641200213285
Anasco,2000-2004,1,25,5,0.001994846900127135,2.5,0.009924738665233393,97166.3470093281,964.350601122962,483420.85854383314,0.9891709864240331,4929055.893819264,50.72801484804268
Anasco,2000-2004,1,30,5,0.002362340345936842,2.5,0.011742353143218054,96201.99640820514,1129.63781490775,478185.8875037564,0.9879064781830404,4445635.035275431,46.21146339221147
Anasco,2000-2004,1,35,5,0.0025053670924388965,2.5,0.012448863032743198,95072.3585932974,1183.542770327782,472402.9360406675,0.9853869102849054,3967449.1477716747,41.73083750602754
Anasco,2000-2004,1,40,5,0.0033893983761498106,2.5,0.016804598186238338,93888.81582296961,1577.7638240867527,465499.66955463117,0.9786118331516824,3495046.2117310073,37.22537323637172
Anasco,2000-2004,1,45,5,0.005278771611150688,2.5,0.02605007703791338,92311.05199888286,2404.7100160217233,455543.48495436,0.969226740306977,3029546.542176376,32.81889304233083
Anasco,2000-2004,1,50,5,0.007253753919162174,2.5,0.035622772531162514,89906.34198286114,3202.7131695643766,441524.9269903948,0.9563205991360545,2574003.057222016,28.629827445462066
Anasco,2000-2004,1,55,5,0.01068470807347142,2.5,0.05203363000094918,86703.62881329676,4511.504541410715,422239.38271295704,0.938706447272451,2132478.130231621,24.59502744485577
Anasco,2000-2004,1,60,5,0.014735930553945982,2.5,0.07106175022869997,82192.12427188604,5840.716205775039,396358.83084499266,0.9151400155443308,1710238.7475186645,20.80781781307062
Anasco,2000-2004,1,65,5,0.02098920700882763,2.5,0.09971375350906567,76351.408066111,7613.2854839742795,362723.82662061934,0.8743478024712951,1313879.9166736717,17.20832594909071
Anasco,2000-2004,1,70,5,0.033478293100205246,2.5,0.15446352739266792,68738.12258213673,10617.532880386432,317146.78070971754,0.812479784807478,951156.0900530524,13.837388254479814
Anasco,2000-2004,1,75,5,0.05111486310597177,2.5,0.22661573486646278,58120.589701750294,13171.04014613432,257675.3481434157,0.7247341355589498,634009.3093433349,10.908514738009304
Anasco,2000-2004,1,80,5,0.08139741151415636,2.5,0.3381713717908627,44949.54955561597,15200.650834604017,186746.1206915698,0.5037755293300117,376333.96119991917,8.3723633478080135
Anasco,2000-2004,1,85,NA,0.14930268441616554,6.372936433254972,1,29748.898721011956,29748.898721011956,189587.84050834933,0,189587.84050834933,6.372936433254972
Anasco,2000-2004,2,0,1,0.007915745247945286,0.1327610062642555,0.007861775394604281,100000,786.1775394604338,99318.19618178069,0.9919134322573093,8037662.609937694,80.37662609937694
Anasco,2000-2004,2,1,4,2.19591554140273e-4,1.5112088914329789,8.778864362541167e-4,99213.82246053957,87.09846902702702,396638.519946874,0.9990879111630806,7938344.413755913,80.0124843180318
Anasco,2000-2004,2,5,5,1.0434653967770291e-4,2.5,5.215966313795345e-4,99126.72399151254,51.70416531365481,495504.35954427853,0.9994212921955925,7541705.893809039,76.08146007583967
Anasco,2000-2004,2,10,5,1.2721019962064217e-4,2.5,6.358487819770013e-4,99075.01982619888,62.99673068083939,495217.6073042923,0.9986889009875862,7046201.534264761,71.11985994679054
Anasco,2000-2004,2,15,5,3.9775089615200703e-4,2.5,0.0019867788730669896,99012.02309551805,196.71499566579587,494568.32798842574,0.9972060079782734,6550983.926960468,66.16351956207033
Anasco,2000-2004,2,20,5,7.218627914186532e-4,2.5,0.0036028121170638147,98815.30809985225,356.01298937354295,493186.5080258274,0.9959980476426187,6056415.598972043,61.29025669638224
Anasco,2000-2004,2,25,5,8.824496730833431e-4,2.5,0.0044025358246686744,98459.2951104787,433.4705739954952,491212.7991174048,0.9950775528337424,5563229.090946215,56.502832817397845
Anasco,2000-2004,2,30,5,0.0010919040333343543,2.5,0.005444657557803047,98025.82453648321,533.7170464224473,488794.8300663599,0.993818405489538,5072016.29182881,51.741633552300385
Anasco,2000-2004,2,35,5,0.0013893219960746694,2.5,0.006922565798042112,97492.10749006076,674.8955288897414,485773.2986280795,0.9924616110504261,4583221.461762451,47.0112051093952
Anasco,2000-2004,2,40,5,0.0016383843623270229,2.5,0.008158504894537169,96817.21196117102,789.8836976606544,482111.3505617035,0.9893955666727139,4097448.1631343714,42.32148478699915
Anasco,2000-2004,2,45,5,0.0026312923326940697,2.5,0.013070481022224342,96027.32826351037,1255.1233716831193,476998.83288834407,0.9844374077992096,3615336.812572668,37.649040933969914
Anasco,2000-2004,2,50,5,0.003650556672420805,2.5,0.018087707855601366,94772.20489182725,1714.2119549145573,469575.4945718498,0.9775281710179454,3138337.9796843235,33.1145401045213
Anasco,2000-2004,2,55,5,0.005460891132009185,2.5,0.02693670956408586,93057.99293691269,2506.6761283583764,459023.27436366753,0.9657245067280601,2668762.485112474,28.678487477391894
Anasco,2000-2004,2,60,5,0.00854209054372657,2.5,0.04181743199266418,90551.31680855431,3786.623532487909,443290.0252115518,0.9440834592072547,2209739.210748806,24.403170363835656
Anasco,2000-2004,2,65,5,0.01464333014051529,2.5,0.07063096920214741,86764.6932760664,6128.274378615606,418502.78043379297,0.9076994673244887,1766449.1855372544,20.359078316761828
Anasco,2000-2004,2,70,5,0.024542135069608534,2.5,0.11561695785783228,80636.4188974508,9322.937445473086,379874.7508735713,0.8668924061773924,1347946.4051034616,16.716347570168136
Anasco,2000-2004,2,75,5,0.03310780236960727,2.5,0.15288481153407435,71313.48145197771,10902.74817162432,329310.5368308277,0.8064900077722015,968071.6542298902,13.574875809166416
Anasco,2000-2004,2,80,5,0.054924666263222906,2.5,0.24146708383336188,60410.733280353394,14587.203597441963,265585.6574081621,0.5842175577474311,638761.1173990625,10.573636218496269
Anasco,2000-2004,2,85,NA,0.11412961615459669,8.143751967017623,1,45823.52968291143,45823.52968291143,373175.4599909004,0,373175.4599909004,8.143751967017623
Anasco,2005-2009,1,0,1,0.01006612959109563,0.12920354170744824,0.009978661137991042,100000,997.8661137991003,99131.0617222536,0.9895354928339296,7571036.310830976,75.71036310830976
Anasco,2005-2009,1,1,4,3.953948771782348e-4,1.622934293991233,0.0015800944102061746,99002.1338862009,156.43271835206542,395636.6846947112,0.9984588252243133,7471905.249108722,75.4721636373756
Anasco,2005-2009,1,5,5,1.8079403419588762e-4,2.5,9.035617745335302e-4,98845.70116784883,89.31319715223799,494005.2228463636,0.9990019900182348,7076268.564414011,71.58903706290549
Anasco,2005-2009,1,10,5,2.1862815158775895e-4,2.5,0.0010925436059660415,98756.3879706966,107.89566022568033,493512.20070291875,0.9975550610334808,6582263.341567648,66.65151973278695
Anasco,2005-2009,1,15,5,7.612085434494916e-4,2.5,0.0037988134940308885,98648.49231047092,374.7472237548209,492305.59349296754,0.9938607133138211,6088751.140864729,61.721684723796294
Anasco,2005-2009,1,20,5,0.0017049734518352266,2.5,0.008488684803598304,98273.7450867161,834.2148465102946,489283.18831730477,0.9910169142847522,5596445.547371762,56.94751474499619
Anasco,2005-2009,1,25,5,0.0019053769991672288,2.5,0.00948171937083179,97439.5302402058,923.8942813633184,484887.9154976207,0.9905266416825681,5107162.3590544565,52.41365949183449
Anasco,2005-2009,1,30,5,0.001901984508569427,2.5,0.00946491722799081,96515.63595884248,913.5125055573299,480294.3985303191,0.9886965873110632,4622274.443556836,47.89145714719146
Anasco,2005-2009,1,35,5,0.0026493270034734753,2.5,0.013159475632008796,95602.12345328515,1258.073813951807,474865.4327315462,0.9855632177409662,4141980.045026517,43.32518876581697
Anasco,2005-2009,1,40,5,0.0031711673527181645,2.5,0.01573112171458351,94344.04963933335,1484.1377279230655,468009.90387685905,0.9788349567699859,3667114.612294971,38.8695908890273
Anasco,2005-2009,1,45,5,0.005409338829458809,2.5,0.02668581264100738,92859.91191141028,2478.042211128326,458104.4540292306,0.9741258936230215,3199104.708418112,34.4508695148247
Anasco,2005-2009,1,50,5,0.005071524895984866,2.5,0.025040145180716632,90381.86970028195,2263.175138999679,446251.4106539106,0.9635692065058885,2741000.2543888814,30.326881524783623
Anasco,2005-2009,1,55,5,0.009860000130257039,2.5,0.04811399076330183,88118.69456128227,4239.742056195755,429994.11766592204,0.9437833679927163,2294748.843734971,26.041566493465066
Anasco,2005-2009,1,60,5,0.013378761589655156,2.5,0.06472882901969564,83878.95250508652,5429.386375052913,405821.29658780026,0.9262623799573033,1864754.7260690485,22.231497537549334
Anasco,2005-2009,1,65,5,0.017399266963823417,2.5,0.0833698970790547,78449.5661300336,6540.332254157402,375897.0000147745,0.8993591438079128,1458933.4294812484,18.597087293803536
Anasco,2005-2009,1,70,5,0.02541484752824543,2.5,0.11948265405362005,71909.2338758762,8591.90611445217,338066.4040932506,0.8440487078373371,1083036.4294664739,15.0611593406199
Anasco,2005-2009,1,75,5,0.043795658939559334,2.5,0.197368577440384,63317.327761424036,12496.85090759879,285344.5115381232,0.7556373839309242,744970.0253732232,11.765658023033227
Anasco,2005-2009,1,80,5,0.07139586875310394,2.5,0.30291257724406534,50820.47685382525,15394.16162056457,215616.98021771482,0.5308855280495335,459625.51383510005,9.04410076979638
Anasco,2005-2009,1,85,NA,0.16040964167647953,6.887776276215517,1,35426.31523326068,35426.31523326068,244008.53361738526,0,244008.53361738526,6.887776276215517
Anasco,2005-2009,2,0,1,0.006188594467963881,0.13631076744782786,0.006155692155464714,100000,615.5692155464785,99468.33949664191,0.9935871407354865,8168382.9750174135,81.68382975017414
Anasco,2005-2009,2,1,4,2.151261404993402e-4,1.513984688863059,8.600446042266814e-4,99384.43078445352,85.4750434403104,397325.2308711014,0.9991319336885346,8068914.635520772,81.18892035534981
Anasco,2005-2009,2,5,5,1.0674307376923518e-4,2.5,5.335729807960499e-4,99298.95574101321,52.98323980467103,496362.3206055544,0.9994377411087322,7671589.40464967,77.25750333828628
Anasco,2005-2009,2,10,5,1.1822695689558792e-4,2.5,5.909601159375547e-4,99245.97250120854,58.65041141564143,496083.2364775036,0.9986953136562061,7175227.084044117,72.29741321701233
Anasco,2005-2009,2,15,5,4.0417490209727246e-4,2.5,0.002018834604789509,99187.3220897929,200.2427981912624,495436.00345348637,0.9972781018598909,6679143.847566613,67.33868509445267
Anasco,2005-2009,2,20,5,6.864528085692941e-4,2.5,0.003426383915691064,98987.07929160164,339.1677363459894,494087.4771171432,0.9961286638723912,6183707.844113126,62.46984847281751
Anasco,2005-2009,2,25,5,8.654320207220147e-4,2.5,0.004317818158375291,98647.91155525565,425.9437437990855,492174.6984167805,0.9955316335600397,5689620.366995983,57.67603467012128
Anasco,2005-2009,2,30,5,9.260524971621195e-4,2.5,0.004619567580576094,98221.96781145656,453.7430182021926,489975.4815117774,0.9943950399168855,5197445.668579202,52.91530789279275
Anasco,2005-2009,2,35,5,0.001323348853584042,2.5,0.006594925799180666,97768.22479325437,644.7741880291142,487229.1884961991,0.9927985727830171,4707470.187067425,48.149285690949995
Anasco,2005-2009,2,40,5,0.0015685175985335027,2.5,0.007811955020346599,97123.45060522525,758.7240275488875,483720.44295725407,0.9901881276900595,4220240.998571226,43.45233795002931
Anasco,2005-2009,2,45,5,0.0023795794552085386,2.5,0.01182753587262211,96364.72657767637,1139.7572604528832,478974.2397372496,0.9855725593718889,3736520.555613972,38.774774632936754
Anasco,2005-2009,2,50,5,0.003441042228486208,2.5,0.017058463905798637,95224.96931722348,1624.3917020286463,472063.8673310458,0.9824772659711685,3257546.3158767223,34.20895106854631
Anasco,2005-2009,2,55,5,0.0036316884946130945,2.5,0.01799506133008466,93600.57761519484,1684.348134716769,463792.0177391823,0.9696465640257386,2785482.4485456767,29.759244221731063
Anasco,2005-2009,2,60,5,0.008776069766865638,2.5,0.04293827557895369,91916.22948047807,3946.7243916111183,449714.3364233625,0.9480610071617576,2321690.4308064943,25.25876489852746
Anasco,2005-2009,2,65,5,0.012656914774245135,2.5,0.06134352446835616,87969.50508886695,5396.359487888098,426356.6267246145,0.9195603702137024,1871976.0943831317,21.279829782969202
Anasco,2005-2009,2,70,5,0.02122637922699708,2.5,0.10078371286219127,82573.14560097885,8322.028196376952,392060.6575139519,0.8767825946160004,1445619.4676585172,17.507138151721087
Anasco,2005-2009,2,75,5,0.03200403737358896,2.5,0.14816545497195188,74251.1174046019,11001.450592428657,343751.96054193785,0.8176716836394877,1053558.8101445653,14.189130709018372
Anasco,2005-2009,2,80,5,0.05005345053462905,2.5,0.22243335974946704,63249.666812173244,14068.835892066054,281076.24433070107,0.604010239562979,709806.8496026276,11.222301798213042
Anasco,2005-2009,2,85,NA,0.12628251729546533,8.717433139110371,1,49180.83092010719,49180.83092010719,428730.60527192644,0,428730.60527192644,8.717433139110371
Anasco,2010-2014,1,0,1,0.013310368197779521,0.12272982577974087,0.013156739723731804,100000,1315.6739723731735,98845.79846503913,0.9865074511683571,7593262.7377084065,75.93262737708406
Anasco,2010-2014,1,1,4,3.4991332354325115e-4,1.6133587432123961,0.0013984853944427483,98684.32602762683,138.00858861007146,394407.92711913947,0.9985262319093076,7494416.939243367,75.9433360992433
Anasco,2010-2014,1,5,5,1.6632858877655923e-4,2.5,8.312972726272714e-4,98546.31743901676,81.92128491451149,492526.78398279747,0.9990565730225377,7100009.012124227,72.04743106223034
Anasco,2010-2014,1,10,5,2.112414931317478e-4,2.5,0.0010556499729674537,98464.39615410224,103.9439371383487,492062.1209276653,0.9976303540484319,6607482.22814143,67.1052937530877
Anasco,2010-2014,1,15,5,7.38366554812882e-4,2.5,0.003685030515848492,98360.4522169639,362.4612679721613,490896.10791488906,0.9945365527496522,6115420.107213765,62.17356640171139
Anasco,2010-2014,1,20,5,0.0014549614504621466,2.5,0.007248441744027033,97997.99094899173,710.3327284254628,488214.122923895,0.9926086508222207,5624523.999298876,57.39427864624754
Anasco,2010-2014,1,25,5,0.001512759554740721,2.5,0.007535300030904632,97287.65822056627,733.0916939960589,484605.5618678412,0.9920226691648609,5136309.87637498,52.795081825591545
Anasco,2010-2014,1,30,5,0.0016916677728016454,2.5,0.0084227177635084,96554.56652657021,813.2518626312085,480739.702976273,0.9908859453501075,4651704.31450714,48.17694783215735
Anasco,2010-2014,1,35,5,0.0019719263315062427,2.5,0.009811263933292671,95741.314663939,939.3433074883214,476358.2150509742,0.9875714978830521,4170964.6115308665,43.56493981904618
Anasco,2010-2014,1,40,5,0.0030372226433251375,2.5,0.015071673149221658,94801.97135645068,1428.8243261862954,470437.7959667877,0.9828751032136724,3694606.3964798925,38.971830897781196
Anasco,2010-2014,1,45,5,0.0038791663953431305,2.5,0.019209539476695615,93373.14703026439,1793.655153941174,462381.59726646903,0.9721249939044788,3224168.600513105,34.529933959150775
Anasco,2010-2014,1,50,5,0.007479322194631,2.5,0.036710192577863024,91579.49187632321,3361.9007829626644,449492.7074242094,0.9605384129158844,2761787.0032466357,30.157264979984703
Anasco,2010-2014,1,55,5,0.008646517960487371,2.5,0.042317835001464105,88217.59109336055,3733.1774641154625,431755.01180651406,0.9494853413256378,2312294.295822426,26.211260896654142
Anasco,2010-2014,1,60,5,0.012174327507909467,2.5,0.05907368167017071,84484.41362924509,4990.805356825047,409945.0547541628,0.9269892422681136,1880539.2840159123,22.259008534622126
Anasco,2010-2014,1,65,5,0.01837127639494171,2.5,0.08782283790247233,79493.60827242004,6981.354273591394,380014.6556781217,0.8902292789363324,1470594.2292617494,18.49952796484099
Anasco,2010-2014,1,70,5,0.02868588197979461,2.5,0.1338317084169647,72512.25399882864,9704.438833828106,338300.17290957295,0.8471705207270664,1090579.5735836278,15.039934817103395
Anasco,2010-2014,1,75,5,0.03829914867851263,2.5,0.17476259670586136,62807.81516500054,10976.456871657276,286597.93364585954,0.7666138990505029,752279.4006740547,11.977480807090073
Anasco,2010-2014,1,80,5,0.07181619296164006,2.5,0.30442445186479183,51831.35829334326,15778.73283785866,219709.9593720697,0.5281969008254153,465681.4670281952,8.984550711417551
Anasco,2010-2014,1,85,NA,0.1362911504772438,6.822568524443106,1,36052.6254554846,36052.6254554846,245971.50765612556,0,245971.50765612556,6.822568524443106
Anasco,2010-2014,2,0,1,0.006084582001697278,0.13652454114937163,0.006052781370911377,100000,605.2781370911398,99477.35718284297,0.9937393465411312,8285134.102307639,82.85134102307639
Anasco,2010-2014,2,1,4,1.8886477826427913e-4,1.5141521247095273,7.551045996723468e-4,99394.72186290886,75.05341166182188,397392.3160877226,0.9992309353633638,8185656.745124796,82.35504453058326
Anasco,2010-2014,2,5,5,8.926216237360661e-5,2.5,4.462112374182147e-4,99319.66845124704,44.31755215959856,496487.5483758362,0.9995050387732393,7788264.429037074,78.41613398921174
Anasco,2010-2014,2,10,5,1.0877616831635794e-4,2.5,5.437329786067895e-4,99275.35089908744,53.979282246596995,496241.8062898207,0.9988356964647029,7291776.880661238,73.45002374328818
Anasco,2010-2014,2,15,5,3.5736132285402216e-4,2.5,0.0017852117002331864,99221.37161684084,177.13115352355817,495664.03020039527,0.9974513968409822,6795535.074371417,68.48862259850085
Anasco,2010-2014,2,20,5,6.63771631229351e-4,2.5,0.003313359870431639,99044.24046331728,328.1692117485509,494400.77928721503,0.9960186548035477,6299871.044171021,63.606636940229606
Anasco,2010-2014,2,25,5,9.324789680116298e-4,2.5,0.004651551156004139,98716.07125156873,459.1828553464147,492432.3991194776,0.9955010706194939,5805470.264883807,58.809778299311624
Anasco,2010-2014,2,30,5,8.710114029824609e-4,2.5,0.00434559435931306,98256.88839622232,426.9845799782779,490216.9805311659,0.9948272684055868,5313037.865764329,54.07293017808001
Anasco,2010-2014,2,35,5,0.0012043108113662401,2.5,0.006003478920407062,97829.90381624404,587.3197653462848,487681.2196678545,0.9932880903527519,4822820.885233163,49.29802337628757
Anasco,2010-2014,2,40,5,0.0014904568593057494,2.5,0.0074246191103269485,97242.58405089776,721.9891478818608,484407.9473847841,0.9906400475204057,4335139.665565308,44.5806711933555
Anasco,2010-2014,2,45,5,0.002274816305047083,2.5,0.011309762445194074,96520.5949030159,1091.6249994219252,479873.9120165247,0.9851614688852127,3850731.7181805247,39.89544119625193
Anasco,2010-2014,2,50,5,0.0037157321479595004,2.5,0.01840766585037467,95428.96990359397,1756.6245904308162,472753.2880418928,0.9795701093079978,3370857.8061639997,35.32321274733837
Anasco,2010-2014,2,55,5,0.004549163032332082,2.5,0.022490038037569774,93672.34531316315,2106.694609161408,463094.9900429123,0.9668299763028069,2898104.518122107,30.93874193534103
Anasco,2010-2014,2,60,5,0.009017972818640078,2.5,0.04409572888201017,91565.65070400175,4037.6541083485063,447734.1182491375,0.9531638792548569,2435009.5280791945,26.59304563837688
Anasco,2010-2014,2,65,5,0.01019391910550894,2.5,0.04970292649748855,87527.99659565324,4350.397581266181,426763.9890251007,0.9318280132989916,1987275.409830057,22.704454427427713
Anasco,2010-2014,2,70,5,0.018324063379940168,2.5,0.08760702519423298,83177.59901438706,7286.942012449232,397670.64004081226,0.8950146226050986,1560511.4208049565,18.761198198748655
Anasco,2010-2014,2,75,5,0.026446593139589622,2.5,0.12403238091262138,75890.65700193783,9412.898876973428,355921.0378172556,0.8413031678196706,1162840.7807641441,15.322581549589849
Anasco,2010-2014,2,80,5,0.04401759217015074,2.5,0.1982695863693747,66477.7581249644,13180.517606200032,299437.4966093219,0.6289129133019231,806919.7429468886,12.138191264363138
Anasco,2010-2014,2,85,NA,0.11614883122865828,9.521735860956953,1,53297.24051876437,53297.24051876437,507482.24633756664,0,507482.24633756664,9.521735860956953
Anasco,2015-2019,1,0,1,0.010152677529350722,0.12903083962405712,0.010063687670129835,100000,1006.3687670129875,99123.48383996612,0.9895885803115873,7757578.485509349,77.57578485509349
Anasco,2015-2019,1,1,4,3.228861487148193e-4,1.6226781090498987,0.0012905539600777188,98993.63123298701,127.75662281020777,395670.8063158275,0.9986794744353851,7658455.001669384,77.363108174553
Anasco,2015-2019,1,5,5,1.5256490918981322e-4,2.5,7.625337062349513e-4,98865.8746101768,75.38856178664719,494140.9016464174,0.9991548538648817,7262784.1953535555,73.46098159744552
Anasco,2015-2019,1,10,5,1.8565044661502183e-4,2.5,9.278216068358889e-4,98790.48604839016,91.65994750551181,493723.28037318704,0.997928711322716,6768643.293707139,68.5151330300337
Anasco,2015-2019,1,15,5,6.441993471121132e-4,2.5,0.003215817666457657,98698.82610088465,317.39742863386346,492700.63693283853,0.9955394890349326,6274920.013333951,63.5764401789345
Anasco,2015-2019,1,20,5,0.0011451128272369725,2.5,0.005709219883878499,98381.42867225078,561.6812087799917,490502.9403393039,0.9934323675172086,5782219.376401113,58.77348453298109
Anasco,2015-2019,1,25,5,0.0014917373485456673,2.5,0.007430974088767612,97819.74746347079,726.8960087708401,487281.49729542685,0.9916176401217331,5291716.436061809,54.09660700706588
Anasco,2015-2019,1,30,5,0.0018769397875299703,2.5,0.009340868319154105,97092.85145469995,906.9315401695494,483196.9284230759,0.9882186469776886,4804434.938766382,49.48289051957609
Anasco,2015-2019,1,35,5,0.002869406917251386,2.5,0.014244848916218435,96185.9199145304,1370.1538970499678,477504.2148300271,0.986074206312089,4321238.010343307,44.92588950839275
Anasco,2015-2019,1,40,5,0.002739054059647708,2.5,0.013602127889201628,94815.76601748043,1289.696175282399,470854.5896491962,0.9849908769574719,3843733.7955132793,40.53897317883442
Anasco,2015-2019,1,45,5,0.003314340501759238,2.5,0.016435520232858075,93526.06984219803,1537.1496131911408,463787.47517801233,0.9754561449710561,3372879.205864083,36.06351909745568
Anasco,2015-2019,1,50,5,0.006666831249508731,2.5,0.032787681400150016,91988.9202290069,3016.103408812487,452404.3426230033,0.9636091764334691,2909091.730686071,31.624370885579175
Anasco,2015-2019,1,55,5,0.008187446082969478,2.5,0.04011610921177264,88972.8168201944,3569.243236437964,435940.97600987717,0.9464059178944029,2456687.3880630676,27.611662481449798
Anasco,2015-2019,1,60,5,0.014000532444628785,2.5,0.06763533545214129,85403.57358375644,5776.299348149012,412577.11954840965,0.9268226527593011,2020746.4120531902,23.66114586612019
Anasco,2015-2019,1,65,5,0.01647608245891308,2.5,0.07912138609082556,79627.27423560743,6300.220308155534,382385.82040764834,0.90742647035851,1608169.2925047805,20.196211762145754
Anasco,2015-2019,1,70,5,0.022650132070274127,2.5,0.10718147399754312,73327.0539274519,7859.301723841621,346987.0153276554,0.8656132034752058,1225783.4720971321,16.716660583553434
Anasco,2015-2019,1,75,5,0.035933586057568204,2.5,0.16485807566486935,65467.752203610275,10792.88764639169,300356.54190207215,0.7945063631173513,878796.4567694768,13.423348552373465
Anasco,2015-2019,1,80,5,0.0582297019170103,2.5,0.2541507094516376,54674.864557218585,13895.655616389296,238635.1837451197,0.5874503511746387,578439.9148674046,10.579631418419941
Anasco,2015-2019,1,85,NA,0.13394170830499313,8.332793596250047,1,40779.20894082929,40779.20894082929,339804.73112228495,0,339804.73112228495,8.332793596250047
Anasco,2015-2019,2,0,1,0.005637596818430548,0.13744321638698423,0.005610315272543554,100000,561.0315272543521,99516.07845034599,0.994208706947972,8488079.518683415,84.88079518683415
Anasco,2015-2019,2,1,4,1.6962456667105668e-4,1.5148720170515717,6.782123738830022e-4,99438.96847274565,67.440738864374,397588.27502364,0.9993043431775478,8388563.440233069,84.35891450877446
Anasco,2015-2019,2,5,5,7.979670002020552e-5,2.5,3.989039220595139e-4,99371.52773388127,39.639692154101795,496758.53943902114,0.9995562825624732,7990975.165209428,80.4151384952982
Anasco,2015-2019,2,10,5,9.773364111128227e-5,2.5,4.885488364148025e-4,99331.88804172717,48.52847832166299,496538.1190128317,0.9989440363849309,7494216.625770407,75.44623155277436
Anasco,2015-2019,2,15,5,3.2499498779852966e-4,2.5,0.0016236557390498945,99283.35956340551,161.2019965472864,496013.79282565933,0.9977981637075178,6997678.506757575,70.48188676863452
Anasco,2015-2019,2,20,5,5.569658768757227e-4,2.5,0.0027809571388001993,99122.15756685822,275.6544716988283,494921.65165504406,0.996562399919288,6501664.713931916,65.59244545848915
Anasco,2015-2019,2,25,5,8.208960677979681e-4,2.5,0.004096074210956882,98846.5030951594,404.8826121713646,493220.30894536857,0.9958161293689519,6006743.062276872,60.76839214528599
Anasco,2015-2019,2,30,5,8.562345592469625e-4,2.5,0.004272028150882658,98441.62048298803,420.545373921821,491156.7389801356,0.9953594723898899,5513522.753331504,56.00804544135182
Anasco,2015-2019,2,35,5,0.0010046385376693838,2.5,0.005010608063452665,98021.07510906621,491.1451893297781,488877.5125720066,0.994083025060912,5022366.014351368,51.237614041297505
Anasco,2015-2019,2,40,5,0.0013702592274748488,2.5,0.006827906133913426,97529.92991973643,665.9252067391208,485984.83658183436,0.991532816151822,4533488.501779362,46.48304890109382
Anasco,2015-2019,2,45,5,0.0020338351680813664,2.5,0.01011773134582598,96864.00471299731,980.0439767669159,481869.91362306924,0.9884418598016053,4047503.665197527,41.785425630398585
Anasco,2015-2019,2,50,5,0.002619699768478333,2.5,0.01301327168037113,95883.9607362304,1247.7640308506088,476300.3936040254,0.9840758346111981,3565633.7515744576,37.18696770759449
Anasco,2015-2019,2,55,5,0.0038106477724087393,2.5,0.01887343879330519,94636.19670537979,1786.1104661501886,468715.70736152347,0.9752391644501907,3089333.3579704324,32.644310163774925
Anasco,2015-2019,2,60,5,0.0062484021044728905,2.5,0.030761485200210187,92850.0862392296,2856.206553686294,457109.91481193225,0.9618471083420388,2620617.650608909,28.22418111553337
Anasco,2015-2019,2,65,5,0.00937025695720719,2.5,0.04577888499694639,89993.8796855433,4119.819468553513,439669.8497563327,0.9425716710231834,2163507.735796977,24.040609687644398
Anasco,2015-2019,2,70,5,0.014429751128373343,2.5,0.06963665658213614,85874.06021698979,5979.982440644191,414420.3449833385,0.916162746539826,1723837.886040644,20.07402330441563
Anasco,2015-2019,2,75,5,0.02085344588377203,2.5,0.09910074914549313,79894.0777763456,7917.5629599241365,379676.4814819176,0.8661810191176513,1309417.5410573054,16.38941930993773
Anasco,2015-2019,2,80,5,0.03772207627275358,2.5,0.1723562886933223,71976.51481642146,12405.604966838342,328868.56166501145,0.6462794040577217,929741.0595753879,12.917283671579874
Anasco,2015-2019,2,85,NA,0.10151717571092286,10.086676524289839,1,59570.90984958312,59570.90984958312,600872.4979103764,0,600872.4979103764,10.086676524289839
Anasco,2020-2024,1,0,1,0.012675683195303338,0.12399630796793196,0.01253647882050026,100000,1253.6478820500197,98901.799826816,0.9871057105786555,7729390.645111054,77.29390645111054
Anasco,2020-2024,1,1,4,3.552589509214182e-4,1.6152275893138328,0.0014198329045732555,98746.35211794998,140.20331994364096,394651.0554625117,0.9985247448838847,7630488.845284238,77.27362764925043
Anasco,2020-2024,1,5,5,1.672035182297015e-4,2.5,8.356682744596009e-4,98606.14879800634,82.40203021714115,492824.7389144888,0.9990969133591985,7235837.789821727,73.38120267372236
Anasco,2020-2024,1,10,5,1.9420652340777515e-4,2.5,9.705613936538376e-4,98523.7467677892,95.6233449709398,492379.67547651863,0.9978794831317512,6743013.050907238,68.44048538673482
Anasco,2020-2024,1,15,5,6.553899894195541e-4,2.5,0.0032715895295299113,98428.12342281826,322.01641800136713,491335.57606908784,0.995477310321925,6250633.375430719,63.5045468517147
Anasco,2020-2024,1,20,5,0.0011589273505765742,2.5,0.005777896347617745,98106.10700481689,566.8469173421181,489113.41773072915,0.9935584853217924,5759297.799361631,58.704783781491365
Anasco,2020-2024,1,25,5,0.0014268697229709065,2.5,0.007108989609766805,97539.26008747477,693.405586506211,485962.7864711084,0.9916641858861919,5270184.381630902,54.03141644610095
Anasco,2020-2024,1,30,5,0.001923489775772986,2.5,0.009571422545350967,96845.85450096856,926.952595194336,481911.891016857,0.9897019082285817,4784221.595159794,49.40037567753555
Anasco,2020-2024,1,35,5,0.0022185942196720518,2.5,0.011031783470758018,95918.90190577423,1058.1565565773926,476949.11813742766,0.9856054471954,4302309.704142937,44.853617156390136
Anasco,2020-2024,1,40,5,0.003590916539918624,2.5,0.017794833296568762,94860.74534919683,1688.0311498772207,470083.6488712911,0.9825787250274007,3825360.5860055094,40.32606503273588
Anasco,2020-2024,1,45,5,0.003437478710957211,2.5,0.017040948807931614,93172.71419931961,1587.7514529666369,461894.1923641815,0.9752968250530193,3355276.9371342184,36.01136841368007
Anasco,2020-2024,1,50,5,0.006607005275019504,2.5,0.03249823632797806,91584.96274635298,2976.349763420061,450483.93932321476,0.9632001983175481,2893382.7447700365,31.59233413440739
Anasco,2020-2024,1,55,5,0.008422875547712991,2.5,0.0412458559595495,88608.61298293291,3654.738087869511,433906.2196949908,0.952804685113109,2442898.805446822,27.569541190283093
Anasco,2020-2024,1,60,5,0.010973130768980517,2.5,0.05340072110528715,84953.8748950634,4536.598180084737,413427.8790251052,0.93386303876415655,2008992.5857518313,23.648039459452274
Anasco,2020-2024,1,65,5,0.01657807738685611,2.5,0.0795916937869049,80417.27671497867,6400.547263475382,386085.0154162049,0.9033080691141642,1595564.706726726,19.841068634814057
Anasco,2020-2024,1,70,5,0.02446418417268152,2.5,0.11527089957125307,74016.72945150328,8531.974987196845,348753.7097895243,0.8540577570074518,1209479.6913105212,16.340625967579232
Anasco,2020-2024,1,75,5,0.039707751315514295,2.5,0.18060973997714141,65484.75446430644,11827.184476265327,297855.8111308689,0.7870920670405002,860725.9815209968,13.14391400810932
Anasco,2020-2024,1,80,5,0.05775108627279132,2.5,0.2523252833456969,53657.56998804111,13539.161550874036,234439.94606302044,0.5834919695592875,562870.1703901279,10.490042141594879
Anasco,2020-2024,1,85,NA,0.13535149141699912,8.186521776941639,1,40118.408437167076,40118.408437167076,328430.2243271075,0,328430.2243271075,8.186521776941639
Anasco,2020-2024,2,0,1,0.006885483270293863,0.13487847279906312,0.006844710835039029,100000,684.4710835039004,99407.84933091422,0.992998303682051,8428458.257187387,84.28458257187387
Anasco,2020-2024,2,1,4,1.729542936091247e-4,1.5128636554713915,6.915197096891881e-4,99315.5289164961,68.67864572396502,397091.3025101113,0.9992538453331595,8329050.407856472,83.86453255320714
Anasco,2020-2024,2,5,5,8.51107181644938e-5,2.5,4.254630621555377e-4,99246.85027077213,42.22586882549513,496128.686681797,0.9995393449377062,7931959.105346361,79.9215197631546
Anasco,2020-2024,2,10,5,9.91970023543117e-5,2.5,4.958620417012633e-4,99204.62440194664,49.19180760215386,495900.1424907278,0.998953635033609,7435830.418664563,74.954473780747
Anasco,2020-2024,2,15,5,3.1968348980615703e-4,2.5,0.0015971410000092964,99155.43259434449,158.36520677008957,495381.2499547972,0.9976474573076536,6939930.276173836,69.99041902792997
Anasco,2020-2024,2,20,5,6.227987477752688e-4,2.5,0.0031091527977037143,98997.0673875744,307.7970090325398,494215.84441529063,0.9964566942264063,6444549.026219038,65.09838317723667
Anasco,2020-2024,2,25,5,7.973488123124582e-4,2.5,0.003978812807396313,98689.27037854186,392.66613293474074,492464.6865603724,0.9956465877265211,5950333.181803748,60.29361813072576
Anasco,2020-2024,2,30,5,9.481437577511546e-4,2.5,0.004729508154670563,98296.60424560712,464.89459135601646,490320.78474964557,0.9945670387622311,5457868.495243376,55.52448670155652
Anasco,2020-2024,2,35,5,0.0012317326933346151,2.5,0.006139757117745422,97831.7096542511,600.6629356908961,487656.8909320283,0.9935231292259886,4967547.71049373,50.77645814480433
Anasco,2020-2024,2,40,5,0.0013678751669612974,2.5,0.006816067012798608,97231.0467185602,662.7333301582548,484498.4002674054,0.9920553357067903,4479890.819561702,46.07469497401334
Anasco,2020-2024,2,45,5,0.001824485474928792,2.5,0.009081006961396972,96568.31338840195,876.9375261304376,480649.2231266837,0.9868879642574181,3995392.4192942963,41.373741335055264
Anasco,2020-2024,2,50,5,0.003465772150415806,2.5,0.017180005788068355,95691.37586227151,1643.978391182056,474346.9333334024,0.9797316349518832,3514743.196167613,36.729989139526836
Anasco,2020-2024,2,55,5,0.004737597218710679,2.5,0.023410709809351334,94047.39747108945,2201.7163305204012,464732.6965291463,0.9742706040539423,3040396.2628342104,32.328340226201796
Anasco,2020-2024,2,60,5,0.0057008403379939015,2.5,0.028103665416342093,91845.68114056905,2581.200292710593,452775.4049710688,0.9630322322113088,2575663.566305064,28.04338249027771
Anasco,2020-2024,2,65,5,0.00943505988020641,2.5,0.04608818738173983,89264.48084785846,4114.038119849822,436037.3089396677,0.9453398649976266,2122888.1613339954,23.782003112214657
Anasco,2020-2024,2,70,5,0.013147646239137733,2.5,0.06364623571655362,85150.44272800864,5419.505149235731,412203.4507669539,0.9203065144873741,1686850.8523943275,19.81024171280638
Anasco,2020-2024,2,75,5,0.020351641188094134,2.5,0.09683150578678204,79730.93757877291,7720.466743544501,379353.52103500324,0.8647859865910984,1274647.4016273736,15.986860813822014
Anasco,2020-2024,2,80,5,0.03900845376604969,2.5,0.17771162915617808,72010.4708352284,12797.098088431892,328059.6089550623,0.6335732701110367,895293.8805923705,12.43282914565227
Anasco,2020-2024,2,85,NA,0.09521129189472598,9.57949607199154,1,59213.372746796515,59213.372746796515,567234.2716373082,0,567234.2716373082,9.57949607199154
Arecibo,1980-1984,1,0,1,0.01615935694004656,0.1170448111939841,0.015932038800698874,100000,1593.2038800698792,98593.27236726643,0.9835806187039291,7098102.367597968,70.98102367597969
Arecibo,1980-1984,1,1,4,4.5677366572466046e-4,1.6049967670934944,0.0018250980523407268,98406.79611993012,179.60205193558068,393197.03698469815,0.9980523970625367,6999509.095230701,71.12830994619797
Arecibo,1980-1984,1,5,5,2.4731307801376264e-4,2.5,0.001235801315500938,98227.19406799454,121.38929564719729,490832.4971008547,0.9985925014074375,6606312.0582460035,67.2554288140716
Arecibo,1980-1984,1,10,5,3.1613131338990646e-4,2.5,0.001579408315886332,98105.80477234734,154.9491238941555,490141.6510520013,0.9966961710438201,6115479.561145148,62.33555267535904
Arecibo,1980-1984,1,15,5,0.0010087329502120434,2.5,0.005030977469197832,97950.85564845319,492.78854785602016,488522.3068726259,0.9928751552433255,5625337.910093147,57.43020694257693
Arecibo,1980-1984,1,20,5,0.001854417388464631,2.5,0.009229299508592949,97458.06710059717,899.4696907999605,485041.66127598594,0.9907434673642453,5136815.6032205215,52.70795693001227
Arecibo,1980-1984,1,25,5,0.0018654633885743525,2.5,0.009284019446929115,96558.5974097972,896.451896120765,480551.85730868415,0.9880402246733679,4651773.941944536,48.17565775321162
Arecibo,1980-1984,1,30,5,0.0029537732059878633,2.5,0.01466060576868161,95662.14551367644,1402.4650023622526,474804.56506247655,0.9828624269671334,4171222.0846358514,43.60368526377561
Arecibo,1980-1984,1,35,5,0.003969279830135618,2.5,0.019651394441699402,94259.68051131419,1852.3341616764083,466667.5671523799,0.9798740942136047,3696417.5195733747,39.21525618930658
Arecibo,1980-1984,1,40,5,0.004164904969446931,2.5,0.020609928859418307,92407.34634963778,1904.5088343536481,457275.4596623048,0.9750350777426291,3229749.952420995,34.95122498378783
Arecibo,1980-1984,1,45,5,0.005970107195505341,2.5,0.02941156055428624,90502.83751528413,2661.8296859155234,445859.6133616318,0.9617587438685286,2772474.49275869,30.6341167733053
Arecibo,1980-1984,1,50,5,0.00969722949392618,2.5,0.0473385163277993,87841.00782936861,4158.262983380904,428809.3816883908,0.9453734318433505,2326614.8793970584,26.48665966943952
Arecibo,1980-1984,1,55,5,0.012855658260922526,2.5,0.06227676915014118,83682.7448459877,5211.490982623742,405384.9967733792,0.9261654124457183,1897805.4977086675,22.67857610552148
Arecibo,1980-1984,1,60,5,0.01800777327318694,2.5,0.08615999234740568,78471.25386336396,6761.0826323587535,375453.5627359229,0.8914720792168559,1492420.5009352884,19.018690634584825
Arecibo,1980-1984,1,65,5,0.02849600748279993,2.5,0.13300477477118045,71710.17123100521,9537.795173382641,334706.36822156946,0.8345909830123713,1116966.9381993653,15.57612984357823
Arecibo,1980-1984,1,70,5,0.04513300536305116,2.5,0.20278435802009606,62172.37605762257,12607.585365428982,279342.9168745404,0.7764532775873776,782260.5699777959,12.582124402850257
Arecibo,1980-1984,1,75,5,0.05703586407620532,2.5,0.24959032128251218,49564.79069219359,12370.892033165066,216896.72337805526,0.6933740687441052,502917.65310325555,10.14667158036571
Arecibo,1980-1984,1,80,5,0.09463075038989967,2.5,0.382631893853367,37193.89865902852,14231.57188369429,150390.56358590687,0.47419734726966556,286020.9297252003,7.68999594119642
Arecibo,1980-1984,1,85,NA,0.1777903137797776,5.9066473300513005,1,22962.32677533423,22962.32677533423,135630.36613929342,0,135630.36613929342,5.9066473300513005
Arecibo,1980-1984,2,0,1,0.009554726563188334,0.1293924571364759,0.009475902058265756,100000,947.5902058265783,99175.02081926378,0.9901776918990782,7737338.2050031135,77.37338205003114
Arecibo,1980-1984,2,1,4,2.9989667470617956e-4,1.5085827073512017,0.0011986910754972638,99052.40979417342,118.73323962677387,395913.82513027533,0.9987864173273143,7638163.184183849,77.112340831037
Arecibo,1980-1984,2,5,5,1.45902883560217e-4,2.5,7.292484191831086e-4,98933.67655454665,72.14722723138402,494488.0147046548,0.999149578338884,7242249.359053574,73.20307514358461
Arecibo,1980-1984,2,10,5,1.944311293301553e-4,2.5,9.716833329313437e-4,98861.52932731526,96.06210031543742,494067.4913857877,0.9982773618801413,6747761.34434892,68.25467287692994
Arecibo,1980-1984,2,15,5,4.9547764729611e-4,2.5,0.0024743233067538494,98765.46722699983,244.37769746220147,493216.3918913436,0.9964657700722116,6253693.852963132,63.31862774050179
Arecibo,1980-1984,2,20,5,9.214710142554268e-4,2.5,0.004596765605614883,98521.08952953762,452.87835577709484,491473.2517582454,0.9952382808204026,5760477.461071787,58.46948596061494
Arecibo,1980-1984,2,25,5,9.87920859287176e-4,2.5,0.004927434508102565,98068.21117376053,483.22468788546394,489132.99414908903,0.9948648905137237,5269004.209313543,53.72795267956652
Arecibo,1980-1984,2,30,5,0.0010716258512981046,2.5,0.005343812836540185,97584.98648587507,521.475903436818,486621.2426707833,0.9931839057640168,4779871.215164454,48.981625015199604
Arecibo,1980-1984,2,35,5,0.0016661686053220715,2.5,0.008296285500506028,97063.51058243825,805.2665954732947,483304.386423508,0.9913086959320246,4293249.97249367,44.23134859569411
Arecibo,1980-1984,2,40,5,0.001826225301257963,2.5,0.009089627238186366,96258.24398696495,874.9515564439062,479103.841043715,0.9882080246663804,3809945.5860701622,39.58046010673221
Arecibo,1980-1984,2,45,5,0.002925057032567359,2.5,0.014519112085555572,95383.29243052105,1384.880713888051,473454.2603678851,0.979871416623058,3330841.745026447,34.92059940636557
Arecibo,1980-1984,2,50,5,0.005231682679219824,2.5,0.02582069913502399,93998.411716633,2427.1047081052966,463924.29681290174,0.9694450603381441,2857387.484658562,30.398252826573536
Arecibo,1980-1984,2,55,5,0.007210613031628905,2.5,0.03541466160691072,91571.3070085277,3242.9668506095477,449749.1179161146,0.9530207866965827,2393463.1878456604,26.13769821613189
Arecibo,1980-1984,2,60,5,0.012151961899887834,2.5,0.05896835644732202,88328.34015791815,5208.577046832419,428620.2581725097,0.9262783908046925,1943714.0699295455,22.00555412288365
Arecibo,1980-1984,2,65,5,0.018716491662052196,2.5,0.08939935271122951,83119.76311108573,7430.8530196418,397021.68300632417,0.8807303109089266,1515093.8117570358,18.22784082928849
Arecibo,1980-1984,2,70,5,0.03291743637670149,2.5,0.15207258294885823,75688.91009144393,11510.20805818979,349669.0303117452,0.8326112444528895,1118072.1287507117,14.77194119191183
Arecibo,1980-1984,2,75,5,0.04088110275823759,2.5,0.18545182591169138,64178.70203325414,11902.057476709364,291138.3664744973,0.7624800564273649,768403.0984389666,11.972867541646746
Arecibo,1980-1984,2,80,5,0.07098792186700642,2.5,0.3014426424593172,52276.64455654478,15758.409874031335,221987.19809764557,0.5348761741016896,477264.73196446925,9.129597662838481
Arecibo,1980-1984,2,85,NA,0.1437785566234849,6.990412764641713,1,36518.234682513445,36518.234682513445,255277.53386682368,0,255277.53386682368,6.990412764641713
Arecibo,1985-1989,1,0,1,0.023184230248598645,0.10390545929878378,0.02271237470981402,100000,2271.237470981403,97964.75650161752,0.9768030707714698,7041497.8631955655,70.41497863195565
Arecibo,1985-1989,1,1,4,5.071409184450433e-4,1.5845676149993304,0.002026081795307922,97728.7625290186,198.0064666380058,390436.7788841174,0.9978994443996233,6943533.106693949,71.0490231024076
Arecibo,1985-1989,1,5,5,2.2829168688863791e-4,2.5,0.0011408073423616826,97530.75606238059,111.26380262205203,487375.6208053478,0.9984893748810866,6553096.327809831,67.19004950211271
Arecibo,1985-1989,1,10,5,3.7652715205053474e-4,2.5,0.0018808652681456596,97419.49225975854,183.2329394317785,486639.3789502132,0.996666656968315,6065720.707004483,62.26393267202517
Arecibo,1985-1989,1,15,5,9.600101036126952e-4,2.5,0.004788557858249343,97236.25932032676,465.6214536751213,485017.242967446,0.9926738640245679,5579081.32805427,57.376552399810286
Arecibo,1985-1989,1,20,5,0.0019849865680671677,2.5,0.009875923899615861,96770.63786665164,955.6994552883407,481463.9406950373,0.9893471386430868,5094064.085086823,52.64059633570216
Arecibo,1985-1989,1,25,5,0.0023006666576303627,2.5,0.011437548322972566,95814.9384113633,1095.887988142611,476334.97208646,0.9881651307415728,4612600.144391786,48.14072023496441
Arecibo,1985-1989,1,30,5,0.002462423505992791,2.5,0.012236787149179033,94719.05042322069,1159.0568590013136,470697.60996860015,0.9842989151785859,4136265.1723053264,43.668777862782576
Arecibo,1985-1989,1,35,5,0.003878913573606958,2.5,0.019208299533568122,93559.99356421937,1797.128380740236,463307.14686924627,0.9782079425510218,3665567.5623367266,39.17879237369431
Arecibo,1985-1989,1,40,5,0.004945686081190193,2.5,0.024426416930386066,91762.86518347914,2241.4380036984658,453210.7309081495,0.9745858715566792,3202260.41546748,34.89712760237581
Arecibo,1985-1989,1,45,5,0.005356085542057401,2.5,0.026426570282743093,89521.42717978067,2365.7442871779494,441692.7751809585,0.9669866562451536,2749049.684559331,30.70828706783879
Arecibo,1985-1989,1,50,5,0.008117228825431897,2.5,0.039778907882881666,87155.68289260272,3466.9578812544787,427111.0197598774,0.945706327861415,2307356.909378372,26.473969714879114
Arecibo,1985-1989,1,55,5,0.014381039472113067,2.5,0.06940973694372364,83688.72501134824,5808.812388193313,403921.5940862579,0.9189158138598199,1880245.8896184948,22.46713508138082
Arecibo,1985-1989,1,60,5,0.019645580924470704,2.5,0.09362939498226998,77879.91262315493,7291.849100178049,371169.9403653295,0.8874687001815599,1476324.2955322368,18.956419515721212
Arecibo,1985-1989,1,65,5,0.028583474547007444,2.5,0.1333857987745273,70588.06352297688,9415.445236959335,329401.7045224861,0.8382342406496113,1105154.3551669074,15.656391463511
Arecibo,1985-1989,1,70,5,0.04309395565272275,2.5,0.19451385017988315,61172.61828601755,11898.921508397594,276115.78765909374,0.7691682189133725,775752.6506444212,12.681370724027648
Arecibo,1985-1989,1,75,5,0.06401558927056208,2.5,0.2759199938570828,49273.69677761995,13595.598112196662,212379.4886076081,0.6853764161150616,499636.8629853275,10.140032018305188
Arecibo,1985-1989,1,80,5,0.09021880944475419,2.5,0.36807567439911343,35678.09866542329,13132.240227553786,145559.892758232,0.4932770896706975,287257.3743777194,8.051364425877019
Arecibo,1985-1989,1,85,NA,0.17816712014669103,6.284856352219574,1,22545.858437869505,22545.858437869505,141697.48161948743,0,141697.48161948743,6.284856352219574
Arecibo,1985-1989,2,0,1,0.012278184922488292,0.12379501487435748,0.012147499609136227,100000,1214.749960913614,98935.63002856632,0.98754156722771,7722550.105278935,77.22550105278935
Arecibo,1985-1989,2,1,4,3.103732547665088e-4,1.5042360181359353,0.0012405320801031788,98785.25003908639,122.54627171451284,394835.15358528873,0.9986988809585942,7623614.475250369,77.17361116395344
Arecibo,1985-1989,2,5,5,1.502163073963692e-4,2.5,7.507995811301658e-4,98662.70376737187,74.07591666170629,493128.32904520514,0.9991288399063966,7228779.32166508,73.2675980450443
Arecibo,1985-1989,2,10,5,1.984205861414152e-4,2.5,9.916110405973268e-4,98588.62785071017,97.76157185409102,492698.7353239156,0.9982114926627711,6735650.992619876,68.32077024968308
Arecibo,1985-1989,2,15,5,5.179086321387624e-4,2.5,0.002586194629386437,98490.86627885608,254.7165494140063,491817.54002074536,0.9967371146484043,6242952.25729596,63.38610363747192
Arecibo,1985-1989,2,20,5,7.89822609121182e-4,2.5,0.0039413306654319585,98236.14972944207,387.1811493826244,490212.79577375384,0.9952056478807361,5751134.717275214,58.54397523838985
Arecibo,1985-1989,2,25,5,0.0011333519267964392,2.5,0.005650748916052569,97848.96858005945,552.9199531406339,487862.54301744566,0.9938379084694635,5260921.9215014605,53.76573711348838
Arecibo,1985-1989,2,30,5,0.0013397402876981098,2.5,0.006676340034195092,97296.04862691881,649.5815046168864,484856.28937305184,0.9921456715452779,4773059.378484015,49.05707318892555
Arecibo,1985-1989,2,35,5,0.0018162565698483734,2.5,0.009040234386498251,96646.46712230192,873.706715412598,481048.0688229781,0.9905971427939493,4288203.089110963,44.3699932009354
Arecibo,1985-1989,2,40,5,0.0019633473877044088,2.5,0.00976878812689709,95772.76040688933,935.5838047429861,476524.8425225892,0.988468724915541,3807155.020287985,39.75196083012891
Arecibo,1985-1989,2,45,5,0.0026800672386529134,2.5,0.013311149255692068,94837.17660214634,1262.3918127396028,471029.90347888274,0.9826113456243766,3330630.177765396,35.11945733831576
Arecibo,1985-1989,2,50,5,0.004351053476672108,2.5,0.021521168001226092,93574.78478940674,2013.8386641313991,462839.3272867052,0.9716565812493517,2859600.274286513,30.559517510215404
Arecibo,1985-1989,2,55,5,0.007190106214897706,2.5,0.03531572160106991,91560.94612527534,3233.5408828907675,449720.8784191498,0.956782459235749,2396760.946999808,26.176673007731008
Arecibo,1985-1989,2,60,5,0.010552984111840708,2.5,0.05140863430658158,88327.40524238457,4540.79127535499,430285.0480235354,0.9343517420177495,1947040.0685806582,22.043442386172988
Arecibo,1985-1989,2,65,5,0.016809856903719538,2.5,0.08065959393854982,83786.61396702958,6758.194260066637,402037.5841849813,0.8943534640406143,1516755.0205571228,18.102593585581257
Arecibo,1985-1989,2,70,5,0.02845492135185501,2.5,0.13282574167697472,77028.41970696294,10231.356977782649,359563.70609035814,0.8304834778778539,1114717.4363721414,14.471508575832525
Arecibo,1985-1989,2,75,5,0.04738407029789362,2.5,0.21182725735559885,66797.0627291803,14149.438597332148,298611.71715257113,0.7437319564184528,755153.7302817833,11.305193663132352
Arecibo,1985-1989,2,80,5,0.07411695390928023,2.5,0.31265261998398025,52647.62413184815,16460.417620754153,222087.07660735538,0.5135451497987338,456542.01312921214,8.6716546217901591
Arecibo,1985-1989,2,85,NA,0.15717357230301793,6.47894543752581,1,36187.206511093995,36187.206511093995,234454.93652185673,0,234454.93652185673,6.47894543752581
Arecibo,1990-1994,1,0,1,0.01634850505763089,0.11666737558275045,0.016115774453269564,100000,1611.577445326955,98576.44106576769,0.9833053523977932,7064676.960552191,70.64676960552191
Arecibo,1990-1994,1,1,4,5.070482147497355e-4,1.6044431715722989,0.002025732277332197,98388.42255467304,199.30860328480776,393076.2351331289,0.9978729517050113,6966100.519486424,70.80203481883716
Arecibo,1990-1994,1,5,5,2.761172251768291e-4,2.5,0.0013796337742603732,98189.11395138824,135.46501787203306,490606.9072122611,0.9985971541237073,6573024.284353295,66.94249514877473
Arecibo,1990-1994,1,10,5,2.854215277534649e-4,2.5,0.0014260900467676684,98053.6489335162,139.833332793336,489918.6613355977,0.9971400384481842,6082417.377141034,62.03152502019711
Arecibo,1990-1994,1,15,5,8.610255930641684e-4,2.5,0.0042958808070218445,97913.81560072287,420.62608118142816,488517.5128006608,0.9934217480031099,5592498.7158054365,57.11654357961869
Arecibo,1990-1994,1,20,5,0.0017819976351940005,2.5,0.008870470283300253,97493.18951954144,864.8104404572514,485303.92149656406,0.9901101826851607,5103981.203004776,52.35218201556262
Arecibo,1990-1994,1,25,5,0.002195643806880262,2.5,0.010918287359345594,96628.37907908419,1055.0164098532114,480504.3543707879,0.9848306485779842,4618677.281508211,47.79835205274547
Arecibo,1990-1994,1,30,5,0.003931738687780514,2.5,0.019467342182880834,95573.36266923098,1860.559354650497,473215.4149595286,0.9800283442307047,4138172.927137424,43.29839205782882
Arecibo,1990-1994,1,35,5,0.004139598251234464,2.5,0.02048598191885702,93712.80331458048,1919.7987942678883,463764.5195872327,0.977792787817156,3664957.512177895,39.10839695911301
Arecibo,1990-1994,1,40,5,0.004851014121808179,2.5,0.023964441004703258,91793.00452031259,2199.7680414714996,453465.60249788425,0.9699179008962482,3201192.992590662,34.87404088491602
Arecibo,1990-1994,1,45,5,0.007404570544636978,2.5,0.036349963058775754,89593.23647884109,3256.7108363220323,439824.40530340036,0.9606049663978588,2747727.390092778,30.66891540123901
Arecibo,1990-1994,1,50,5,0.008696023015104555,2.5,0.042554967630713494,86336.52564251906,3674.0480540656717,422497.5080774311,0.95082039316115,2307902.9847893775,26.731478567314273
Arecibo,1990-1994,1,55,5,0.01154352577982119,2.5,0.056098687291691526,82662.47758845339,4637.256480991098,401719.2467397892,0.9257517721049607,1885405.4767119465,22.80848011958581
Arecibo,1990-1994,1,60,5,0.019611915337642033,2.5,0.09347644631044971,78025.22110746229,7293.520391712678,371892.3045580298,0.8871802868103622,1483686.2299721574,19.015469727778296
Arecibo,1990-1994,1,65,5,0.028760749441299468,2.5,0.13415756679582458,70731.70071574961,9489.192863355442,329935.52142035944,0.8344349245262829,1111793.9254141275,15.718467309051539
Arecibo,1990-1994,1,70,5,0.044898984506738855,2.5,0.20183900647253003,61242.50785239417,12361.126938813366,275309.7219149374,0.7730127903584281,781858.4039937682,12.7665967872869
Arecibo,1990-1994,1,75,5,0.059372755434756834,2.5,0.25849489214294225,48881.380913580804,12635.587287054143,212817.93635026866,0.6957897778871001,506548.68207883066,10.362814482970045
Arecibo,1990-1994,1,80,5,0.08955482732101006,2.5,0.36586229906497203,36245.79362652666,13260.969387635552,148076.54466354442,0.4958765916851529,293730.745728562,8.103857478060398
Arecibo,1990-1994,1,85,NA,0.17049918774145867,6.336972584657215,1,22984.82423889111,22984.82423889111,145654.2010650176,0,145654.2010650176,6.336972584657215
Arecibo,1990-1994,2,0,1,0.013002261774439514,0.12230684144284769,0.012855554238256852,100000,1285.5554238256882,98871.67679956215,0.9869653158131686,7792046.227227629,77.9204622722763
Arecibo,1990-1994,2,1,4,2.5047658161847096e-4,1.5030840132543561,0.001001280106889789,98714.44457617431,98.84080961679865,394610.9811070222,0.9988418630238652,7693174.550428067,77.9336254532793
Arecibo,1990-1994,2,5,5,1.3542517240625637e-4,2.5,6.768966899039532e-4,98615.60376655751,66.75257576246804,492911.13739338145,0.9992454946418222,7298563.569321046,74.01023053712856
Arecibo,1990-1994,2,10,5,1.6650259796711963e-4,2.5,8.321665950855402e-4,98548.85119079505,82.00906194503477,492539.23329911265,0.9983739030653762,6805652.431927664,69.05866836287734
Arecibo,1990-1994,2,15,5,4.847243847185057e-4,2.5,0.002420688506724985,98466.84212885001,238.3575530348171,491738.316761663,0.9963809247987324,6313113.198628551,64.11410239365094
Arecibo,1990-1994,2,20,5,9.664031815773968e-4,2.5,0.0048203698559740014,98228.4845758152,473.4976260472613,489958.6788139578,0.9951094136486985,5821374.881866888,59.26361286143843
Arecibo,1990-1994,2,25,5,9.946960056521344e-4,2.5,0.004961142955557267,97754.98694976793,484.9764648764394,487562.49358664855,0.9934494572090674,5331416.2030529305,54.5385598158027
Arecibo,1990-1994,2,30,5,0.0016362393667087318,2.5,0.008147867180953184,97270.01048489149,792.5431261208141,484368.6946091554,0.9916770909559586,4843853.709466281,49.79801775819337
Arecibo,1990-1994,2,35,5,0.001707132559930278,2.5,0.008499388841076117,96477.46735877068,819.9995094844344,480337.33802014234,0.9911610293948769,4359485.014857126,45.18656152783855
Arecibo,1990-1994,2,40,5,0.001844761474566071,2.5,0.009181463348168252,95657.46784928624,878.2755350367952,476091.6504088392,0.9872160076617751,3879147.6768369842,40.55248130704025
Arecibo,1990-1994,2,45,5,0.00331116537348918,2.5,0.016419904320887583,94779.19231424945,1556.2652694109856,470005.29839771974,0.9808670863597176,3403056.026428145,35.90509629101911
Arecibo,1990-1994,2,50,5,0.0044266956685622035,2.5,0.021891213987466306,93222.92704483846,2040.763044476509,461012.727613001,0.9738804095898059,2933050.728030425,31.46276158674661
Arecibo,1990-1994,2,55,5,0.006182628212073298,2.5,0.030442602822714843,91182.16400036195,2775.8224031786813,448971.2639938631,0.9614176520856316,2472038.000417424,27.110981928522897
Arecibo,1990-1994,2,60,5,0.0096215322587505335,2.5,0.04697766841354808,88406.34159718327,4153.12380120733,431648.8984828981,0.9316282157056474,2023066.736423561,22.88372869948074
Arecibo,1990-1994,2,65,5,0.019028171496033277,2.5,0.09082048793090948,84253.21779597594,7651.918349979722,402136.29310493043,0.8944164282561727,1591417.8379406629,18.888511080898695
Arecibo,1990-1994,2,70,5,0.025944578463010206,2.5,0.12182138134791769,76601.29944599622,9331.676111556735,359677.30695108924,0.8506977498544015,1189281.5448357326,15.525605354438849
Arecibo,1990-1994,2,75,5,0.0397042564189339,2.5,0.18059527893723715,67269.62333443949,12148.576390085975,305976.6756969825,0.7741058560832357,829604.2378846433,12.33252390548049
Arecibo,1990-1994,2,80,5,0.06543472155612445,2.5,0.2811767946205277,55121.04694435351,15498.759295940952,236858.3364819152,0.5476587682047407,523627.5621876607,9.499593915846333
Arecibo,1990-1994,2,85,NA,0.13529865569525187,7.237573666881264,1,39622.28764841256,39622.28764841256,286769.2257057455,0,286769.2257057455,7.237573666881264
Arecibo,1995-1999,1,0,1,0.01381465016525591,0.1217235563277401,0.01364904518331305,100000,1364.9045183312992,98801.23651368779,0.9857806120955855,7045307.052839432,70.45307052839432
Arecibo,1995-1999,1,1,4,4.7954116290929136e-4,1.6118754268626778,0.0019159704745188547,98635.0954816687,188.98193069422268,394089.069534105,0.9981487844553256,6946505.816325744,70.42631005124083
Arecibo,1995-1999,1,5,5,2.0546282593361195e-4,2.5,0.0010267867134186345,98446.11355097448,101.08316138184455,491977.8598514178,0.9987281592098215,6552416.746791639,66.55840957498906
Arecibo,1995-1999,1,10,5,3.036596969266392e-4,2.5,0.0015171467438321326,98345.03038959263,149.20384262765583,491352.14234139404,0.9961659357790467,6060438.886940221,61.62425150444173
Arecibo,1995-1999,1,15,5,0.0012346999102039863,2.5,0.006154502142911922,98195.82654696498,604.3464249082899,489468.26667255413,0.9918625771683315,5569086.744598827,56.71408796518711
Arecibo,1995-1999,1,20,5,0.002036843882376482,2.5,0.010132622984038745,97591.48012205669,988.8576745311148,485485.25642395567,0.9880982891746968,5079618.477926273,52.04981491799535
Arecibo,1995-1999,1,25,5,0.002756649290446484,2.5,0.013688907658274496,96602.62244752557,1322.3843782313343,479707.15129204956,0.984607933659646,4594133.221502317,47.55702386855848
Arecibo,1995-1999,1,30,5,0.003453331147817553,2.5,0.017118862982208563,95280.23806929424,1631.0893404204544,472323.4669954201,0.9815528155126635,4114426.070210268,43.182365552214286
Arecibo,1995-1999,1,35,5,0.003999318819198471,2.5,0.019798641398146927,93649.14872887378,1854.12591292469,463610.4288620572,0.9780671393258737,3642102.603214848,38.89093123269277
Arecibo,1995-1999,1,40,5,0.0048808770466844745,2.5,0.02411018807451204,91795.0228159491,2213.195264396665,453442.1259187538,0.9714230475704212,3178492.1743527907,34.62597510025933
Arecibo,1995-1999,1,45,5,0.006742586498774866,2.5,0.03315407199828668,89581.82755155243,2970.002360382263,440484.13185680646,0.9597948406105512,2725050.048434037,30.419674647358903
Arecibo,1995-1999,1,50,5,0.009730701668560304,2.5,0.047498035314091115,86611.82519117017,4113.891531548099,422774.3971269806,0.9474305979257317,2284565.91657723,26.37706700597432
Arecibo,1995-1999,1,55,5,0.011923890980384605,2.5,0.057893660656611,82497.93365962207,4776.1073761617445,400549.399857706,0.9236749513961215,1861791.5194502496,22.56773517663859
Arecibo,1995-1999,1,60,5,0.02014358885995974,2.5,0.09588906932802872,77721.82628346032,7452.6735887957475,369977.4474453122,0.8897953425274744,1461242.1195925437,18.80092362038982
Arecibo,1995-1999,1,65,5,0.02690312365656308,2.5,0.12603854207544388,70269.15269466458,8856.62155851227,329204.20957704226,0.8413402761741167,1091264.6721472314,15.529782704069653
Arecibo,1995-1999,1,70,5,0.043455385305034316,2.5,0.19598537641004485,61412.531136152305,12035.958031012407,276972.7606032305,0.7658989502618012,762060.4625701891,12.408875655697893
Arecibo,1995-1999,1,75,5,0.06552435484222932,2.5,0.28150774137020673,49376.5731051399,13899.88757142883,212133.14659712743,0.6754977889701832,485087.7019669587,9.824248048442694
Arecibo,1995-1999,1,80,5,0.09515431526088174,2.5,0.3843420619721261,35476.68553371107,13635.182469963209,143295.47149364732,0.47502077296532536,272954.5553698313,7.693913658040609
Arecibo,1995-1999,1,85,NA,0.1586129393256912,5.936362689772473,1,21841.50306374786,21841.50306374786,129659.08387618395,0,129659.08387618395,5.936362689772473
Arecibo,1995-1999,2,0,1,0.010720045248470386,0.12699741260217626,0.010620650539040497,100000,1062.0650539040507,99072.81445995695,0.9890130345915488,7780273.835286923,77.80273835286923
Arecibo,1995-1999,2,1,4,3.22576613473799e-4,1.506720201572981,0.001289269528252024,98937.93494609595,127.5576647141861,395433.7028358174,0.9987780654730289,7681201.020826966,77.6365609916145
Arecibo,1995-1999,2,5,5,1.2117676692538007e-4,2.5,6.057003426037945e-4,98810.37728138176,59.84947937213292,493902.26270847843,0.999285389660495,7285767.317991148,73.73483958312909
Arecibo,1995-1999,2,10,5,1.647851260315225e-4,2.5,8.235863432092035e-4,98750.52780200963,81.32958608244371,493549.315044842,0.9984431176964957,6791865.05528267,68.77801269984151
Arecibo,1995-1999,2,15,5,4.5868190911744664e-4,2.5,0.0022907826941384315,98669.19821592719,226.0296917175583,492780.91685034207,0.9966283250042554,6298315.740237827,63.83264335902096
Arecibo,1995-1999,2,20,5,8.929989915514231e-4,2.5,0.004455049071935739,98443.16852420963,438.5691465721902,491119.4197546177,0.9951560284532027,5805534.823387486,58.973465710419106
Arecibo,1995-1999,2,25,5,0.0010496742192187942,2.5,0.005234634444036622,98004.59937763744,513.0182515761844,488740.45125924674,0.9936499726097489,5314415.403632868,54.22618364220878
Arecibo,1995-1999,2,30,5,0.0014998608946441916,2.5,0.0074712897349559155,97491.58112606125,728.3878493117663,485636.9360070268,0.9917266646574022,4825674.952373621,49.49837613294828
Arecibo,1995-1999,2,35,5,0.0018245685095298041,2.5,0.009081418372687344,96763.19327674949,878.7470412233815,481619.098780689,0.9910296342373245,4340038.0163665945,44.852157823623934
Arecibo,1995-1999,2,40,5,0.0017795409285591734,2.5,0.008858295394765237,95884.4462355261,849.372748517766,477298.7993063361,0.9888855731879835,3858418.917585905,40.24030037268259
Arecibo,1995-1999,2,45,5,0.0026961964746356057,2.5,0.013390722327348477,95035.07348700834,1272.5882804236899,471993.8967339825,0.9834756573255813,3381120.1182795693,35.57760302823127
Arecibo,1995-1999,2,50,5,0.003979295843248588,2.5,0.019700493981714494,93762.48520658465,1847.1672755229083,464194.50784411596,0.9741024299350713,2909126.221545587,31.026547719335493
Arecibo,1995-1999,2,55,5,0.0065493442852289545,2.5,0.03221918508683675,91915.31793106174,2961.436640736327,452172.9980534679,0.9622086929628002,2444931.7137014708,26.599828719900817
Arecibo,1995-1999,2,60,5,0.008903659457982261,2.5,0.04354893507083995,88953.88129032541,3873.8468006115872,435084.7894500981,0.9420479640433141,1992758.715648003,22.402155889568075
Arecibo,1995-1999,2,65,5,0.01515544374557515,2.5,0.07301093589832848,85080.03448971383,6211.7729443560675,409870.74008767895,0.9054414113589995,1557673.9261979049,18.308336797703433
Arecibo,1995-1999,2,70,5,0.025035293754459703,2.5,0.11780336420213819,78868.26154535776,9290.946538817268,371113.94137974567,0.8400472730355759,1147803.186110226,14.553423184687738
Arecibo,1995-1999,2,75,5,0.04636143498279111,2.5,0.20773046840204068,69577.31500654049,14453.328236465,311753.25444153993,0.7443645352167925,776689.2447304802,11.162966617172119
Arecibo,1995-1999,2,80,5,0.07508787467180103,2.5,0.31610099383686874,55123.98677007549,17424.747002271266,232058.0663446993,0.5008816886804485,464935.9902889403,8.434368004408103
Arecibo,1995-1999,2,85,NA,0.1425106418977884,6.177257827440929,1,37699.239767804225,37699.239767804225,232877.923944241,0,232877.923944241,6.177257827440929
Arecibo,2000-2004,1,0,1,0.011550905024693447,0.12624074656847548,0.011435489939303274,100000,1143.548993930337,99000.81348480105,0.9880569292173487,7323301.282786665,73.23301282786665
Arecibo,2000-2004,1,1,4,4.2323344936151183e-4,1.6185448688128792,0.0016912291881494676,98856.45100606966,167.18891537832678,395027.6511238733,0.9983422948577516,7224300.469301864,73.07869537880032
Arecibo,2000-2004,1,5,5,1.9204769223650888e-4,2.5,9.597776534740198e-4,98689.26209069134,94.71974839248287,493209.5110824755,0.9989056319031211,6829272.818177991,69.19975561173183
Arecibo,2000-2004,1,10,5,2.459687268425292e-4,2.5,0.0012290878412839004,98594.54234229885,121.18135320987494,492669.7583284696,0.9974795361162622,6336063.307095515,64.26383404771106
Arecibo,2000-2004,1,15,5,7.641428210349994e-4,2.5,0.003813429094010711,98473.36098908898,375.52117978081515,491428.00199599285,0.99495790983628,5843393.548767045,59.33984064395348
Arecibo,2000-2004,1,20,5,0.001259041444938228,2.5,0.006275454581182299,98097.83980930816,615.6085382354067,488950.1777009523,0.9926301533433594,5351965.546771052,54.55742508881651
Arecibo,2000-2004,1,25,5,0.001701436544144382,2.5,0.00847114991064965,97482.23127107276,825.7865947218816,485346.6898685591,0.9901798310110544,4863015.369070101,49.886172132717384
Arecibo,2000-2004,1,30,5,0.0022487138009671505,2.5,0.011180713443274377,96656.44467635087,1080.688010371974,480580.50335582445,0.9871098245493799,4377668.6792015415,45.29101700212479
Arecibo,2000-2004,1,35,5,0.0029453220978811236,2.5,0.014618966576143366,95575.7566659789,1397.2187921895675,474385.73634942056,0.9846902576848902,3897088.1758457166,40.774860820253615
Arecibo,2000-2004,1,40,5,0.003227994593585173,2.5,0.016010766300284678,94178.53787378933,1507.8705603997514,467123.0129679473,0.9794119868826411,3422702.4394962965,36.342700967423525
Arecibo,2000-2004,1,45,5,0.005112466174010999,2.5,0.025239737608148564,92670.66731338958,2338.983326961985,457505.87824954296,0.968286549274193,2955579.426528349,31.89336509829265
Arecibo,2000-2004,1,50,5,0.007820943213543858,2.5,0.03835478949127261,90331.6839864276,3464.6527236915863,442996.788122909,0.9528220188255978,2498073.548278806,27.65445564652756
Arecibo,2000-2004,1,55,5,0.011597390738132929,2.5,0.056353081914999,86867.03126273601,4895.224928461728,422097.09399252577,0.9296042006675703,2055076.760155897,23.657729869231506
Arecibo,2000-2004,1,60,5,0.01781503244385744,2.5,0.08527712533297267,81971.80633427428,6990.320002538079,392383.2316650262,0.8978295820470307,1632979.6661633712,19.921235595373055
Arecibo,2000-2004,1,65,5,0.025676515007190617,2.5,0.12063862628999807,74981.4863317362,9045.663508242927,352293.2728880737,0.8583797084927893,1240596.434498345,16.545369999864324
Arecibo,2000-2004,1,70,5,0.036081469877795626,2.5,0.16548040845627696,65935.82282349328,10911.086892732383,302401.3968856354,0.7953884543110856,888303.1616102713,13.472238967703673
Arecibo,2000-2004,1,75,5,0.05753559553162892,2.5,0.251502161115032,55024.73593076089,13838.840001370314,240526.57965037867,0.7076211177388223,585901.7647246359,10.64797049570382
Arecibo,2000-2004,1,80,5,0.08396577756568895,2.5,0.3469905578366736,41185.89592939058,14291.117003542422,170201.68713809684,0.5071976954525477,345375.1850742572,8.385763555231895
Arecibo,2000-2004,1,85,NA,0.1553218386350037,6.513290122931773,1,26894.778925848157,26894.778925848157,175173.4979361604,0,175173.4979361604,6.513290122931773
Arecibo,2000-2004,2,0,1,0.00754451998531525,0.13352397440978112,0.0074955206746288375,100000,749.5520674628933,99350.53110361182,0.9922967537607754,7996326.88067906,79.9632688067906
Arecibo,2000-2004,2,1,4,2.0656718769080612e-4,1.5118047878623788,8.258442837415973e-4,99250.4479325371,81.96541508386144,396797.8457767759,0.9991071549358511,7896976.349575448,79.56615324238346
Arecibo,2000-2004,2,5,5,1.1056513657271238e-4,2.5,5.526729169721992e-4,99168.48251745325,54.80773450464767,495705.39325100457,0.9994044331814934,7500178.503798672,75.63066725840714
Arecibo,2000-2004,2,10,5,1.2773766714592891e-4,2.5,6.384844394476346e-4,99113.6747829486,63.282539085368626,495410.16756702954,0.9988014202541375,7004473.110547667,70.67110694752192
Arecibo,2000-2004,2,15,5,3.521162706292619e-4,2.5,0.0017590328928909122,99050.39224386323,174.23289801071223,494816.37897428934,0.997469449511768,6509062.942980638,65.71466094707883
Arecibo,2000-2004,2,20,5,6.61778588794498e-4,2.5,0.0033034275998344814,98876.15934585252,326.63023374872864,493564.22114489076,0.9959815037998826,6014246.564006348,60.82605355826478
Arecibo,2000-2004,2,25,5,9.494351929676477e-4,2.5,0.004735934806895071,98549.52911210379,466.7241451251175,491580.8351977061,0.995184860017388,5520682.342861458,56.019368053818646
Arecibo,2000-2004,2,30,5,9.81346119011628e-4,2.5,0.004894722053830222,98082.80496697867,480.08806857340096,489213.8046634599,0.9938949200200556,5029101.507663752,51.27403839395589
Arecibo,2000-2004,2,35,5,0.0014696582541508117,2.5,0.007321391412451115,97602.71689840527,714.5876933318941,486227.1152586966,0.9917673004358352,4539887.703000292,46.51394804640392
Arecibo,2000-2004,2,40,5,0.0018385578660577366,2.5,0.009150728968475798,96888.12920507338,886.5970106182795,482224.1534988212,0.9881998989390474,4053660.587741595,41.83856805782284
Arecibo,2000-2004,2,45,5,0.00291589035924507,2.5,0.014473940735597319,96001.5321944551,1389.5204875090712,476533.85975350277,0.9836826333839217,3571436.434242774,37.20186910151268
Arecibo,2000-2004,2,50,5,0.0036709566323887177,2.5,0.018187865993697188,94612.01170694602,1720.7905903200444,468758.08205893,0.9770374291814332,3094902.5744892713,32.71151853398395
Arecibo,2000-2004,2,55,5,0.005643664746454743,2.5,0.027825726059260824,92891.22111662598,2584.76567210145,457994.1914028763,0.963098610590742,2626144.4924303414,28.27118064400496
Arecibo,2000-2004,2,60,5,0.009466207215953098,2.5,0.046236817833226494,90306.45544452453,4175.483129552871,441093.5693987405,0.9431925513332085,2168150.301027465,24.008807458502954
Arecibo,2000-2004,2,65,5,0.014055213044277062,2.5,0.06789052571485951,86130.97231497166,5847.476990795447,416036.16909786966,0.9161001696313896,1727056.7316287244,20.05151788270849
Arecibo,2000-2004,2,70,5,0.0212910331749149,2.5,0.10107517843170008,80283.49532417621,8114.668615011673,381130.8050833519,0.867084393403331,1311020.5625308547,16.329888942143004
Arecibo,2000-2004,2,75,5,0.03676136914267546,2.5,0.16833617503688492,72168.82670916454,12148.624245120533,330472.57293302135,0.7908401775723373,929889.7574475029,12.884922754735856
Arecibo,2000-2004,2,80,5,0.05930725468749912,2.5,0.25824654011986053,60020.20246404401,15500.009623632897,261350.98826113777,0.5639914987208317,599417.1845144816,9.986923734113882
Arecibo,2000-2004,2,85,NA,0.14303240013844978,7.593547437343535,1,44520.19284041111,44520.19284041111,338066.1962533438,0,338066.1962533438,7.593547437343535
Arecibo,2005-2009,1,0,1,0.0121543725527685,0.1250365572895781,0.012026475416631703,100000,1202.647541663173,98947.72736657916,0.9875193038805021,7376243.99466602,73.76243994666021
Arecibo,2005-2009,1,1,4,4.011831903517961e-4,1.6167642295696887,0.0016031999193115297,98797.35245833683,158.3919074893929,394811.9245736719,0.99837468377519345,7277296.267299441,73.65881864464234
Arecibo,2005-2009,1,5,5,1.928495359178977e-4,2.5,9.637830168206899e-4,98638.96055084743,95.06655497575412,492957.1363667977,0.9989492239613238,6882484.342725769,69.77450192389156
Arecibo,2005-2009,1,10,5,2.2770014140518658e-4,2.5,0.0011378529838126517,98543.89399587168,112.12846381972486,492439.1488198091,0.9973838210016848,6389527.206358971,64.83940249638043
Arecibo,2005-2009,1,15,5,8.209191293063426e-4,2.5,0.004096189046667552,98431.76553205196,403.1951198165334,491150.83986071846,0.9941405650057125,5897088.057539162,59.91041637487358
Arecibo,2005-2009,1,20,5,0.0015318305298204478,2.5,0.007629933237418316,98028.57041223542,747.9514476049226,488272.97344216483,0.9905507502863389,5405937.2176784435,55.146547531450096
Arecibo,2005-2009,1,25,5,0.0022693126576241976,2.5,0.011282554180590126,97280.6189646305,1097.573854189788,483659.160187678,0.9890630565425914,4917664.244236279,50.5513256039649
Arecibo,2005-2009,1,30,5,0.0021287467077167484,2.5,0.010587388865606302,96183.04511044071,1018.3273008623801,478369.40730004763,0.9874325902462913,4434005.084048601,46.09965383147645
Arecibo,2005-2009,1,35,5,0.00293510384647506,2.5,0.014568618213981093,95164.71780957833,1386.4184412089962,472357.54294486914,0.9841094209548702,3955635.6767485533,41.566199824851665
Arecibo,2005-2009,1,40,5,0.0034763692926112217,2.5,0.017232083746099493,93778.29936836933,1615.9955082825327,464851.5080711404,0.9793591102562823,3483278.1338036843,37.1437545494514
Arecibo,2005-2009,1,45,5,0.0048807291981232325,2.5,0.02410946654729477,92162.3038600868,2221.983981836369,455256.5593458431,0.9688917794554056,3018426.625732544,32.75120628836351
Arecibo,2005-2009,1,50,5,0.007805370197242537,2.5,0.03827987941143259,89940.31987825043,3442.9045991651074,441094.3378933394,0.9534422141010326,2563170.0663867006,28.498565158055793
Arecibo,2005-2009,1,55,5,0.011345988254300339,2.5,0.055165182490055434,86497.41527908533,4771.645698788852,420557.9621484545,0.9349113237033676,2122075.7284933613,24.533400468053863
Arecibo,2005-2009,1,60,5,0.015712166375485413,2.5,0.0755915638095309,81725.76958029647,6177.77872611201,393184.40108620236,0.909861855779854,1701517.7663449068,20.819843913163115
Arecibo,2005-2009,1,65,5,0.02235843956238463,2.5,0.10587424077781293,75547.99085418446,7998.5861739759275,357743.4888359825,0.8701467749669111,1308333.3652587044,17.31791078049878
Arecibo,2005-2009,1,70,5,0.03399754076198913,2.5,0.15667158252693372,67549.40468020854,10583.072130000539,311289.3430760413,0.809617925983846,950589.8764227219,14.072513013593404
Arecibo,2005-2009,1,75,5,0.052068126818271034,2.5,0.23035522183231527,56966.332550208,13122.492171576603,252025.43232209847,0.729387890236601,639300.5333466806,11.22242743612159
Arecibo,2005-2009,1,80,5,0.07701898789252698,2.5,0.3229179124830958,43843.840378631394,14157.961410309716,183824.29836738267,0.525339228158346,387275.10102458205,8.83305608450605
Arecibo,2005-2009,1,85,NA,0.14505946591436397,6.853453888776724,1,29685.87896832168,29685.87896832168,203450.80265719938,0,203450.80265719938,6.853453888776724
Arecibo,2005-2009,2,0,1,0.007269790424243933,0.13408861783476417,0.007224313412675331,100000,722.4313412675401,99374.43847876354,0.9925630312569886,8076294.029203563,80.76294029203564
Arecibo,2005-2009,2,1,4,2.0578895419742755e-4,1.5122460420775772,8.227346159228919e-4,99277.56865873246,81.67909232019156,396907.07714973076,0.999141668144674,7976919.590724799,80.34966708487325
Arecibo,2005-2009,2,5,5,9.995365770604246e-5,2.5,4.996434355578802e-4,99195.88956641227,49.56257505618851,495855.5413944209,0.999408904080899,7580012.513575069,76.41458276857533
Arecibo,2005-2009,2,10,5,1.3656543320457055e-4,2.5,6.825941191189019e-4,99146.32699135608,67.67669973653392,495562.44320743904,0.9987633012577587,7084156.972180648,71.45153216617162
Arecibo,2005-2009,2,15,5,3.5855749129048655e-4,2.5,0.0017911818522739417,99078.65029161955,177.4678803501447,494949.58175722236,0.9972988134193392,6588594.528973209,66.49863022539073
Arecibo,2005-2009,2,20,5,7.23872455536889e-4,2.5,0.003612824217839469,98901.1824112694,357.31258698838064,493612.6305888761,0.9963895427798798,6093644.947215986,61.61346910774284
Arecibo,2005-2009,2,25,5,7.229205060718694e-4,2.5,0.0036080816398467806,98543.86982428102,355.5543274324591,491830.46330282395,0.9958650884521477,5600032.31662711,56.82781005670708
Arecibo,2005-2009,2,30,5,9.349098827393941e-4,2.5,0.00466364918441662,98188.31549684856,457.9158574861067,489796.78784052754,0.9944738826088305,5108201.853324287,52.024539044956306
Arecibo,2005-2009,2,35,5,0.0012826250101030717,2.5,0.006392626693322588,97730.39963936245,624.753961483686,487090.11329310306,0.9935586728553292,4618405.065483758,47.25658630811147
Arecibo,2005-2009,2,40,5,0.001302294351723348,2.5,0.006490340922805419,97105.64567787877,630.2487459785771,483952.6065244474,0.9915381617828329,4131314.9521906557,42.54453923199435
Arecibo,2005-2009,2,45,5,0.00210021259433846,2.5,0.010446214792018894,96475.39693190019,1007.8027184959064,479857.4778632612,0.9857028810573482,3647362.3456662083,37.806139820713035
Arecibo,2005-2009,2,50,5,0.0036711214426406492,2.5,0.018188675125041336,95467.59421340429,1736.4290561168891,472996.8984267292,0.9789842173868454,3167504.867802947,33.17884873816384
Arecibo,2005-2009,2,55,5,0.004836841614526345,2.5,0.02389526405371892,93731.1651572874,2239.73094149612,463056.4984326967,0.9676498781118945,2694507.969376218,28.747193794664206
Arecibo,2005-2009,2,60,5,0.008374110640645166,2.5,0.04101195654890125,91491.43421579128,3752.2427246546868,448076.5642673196,0.9445246088147041,2231451.4709435212,24.38973101766478
Arecibo,2005-2009,2,65,5,0.014627512829772812,2.5,0.07055736716525227,87739.19149113659,6190.646348822498,423219.3415836267,0.9170989306126612,1783374.9066762016,20.325864375629198
Arecibo,2005-2009,2,70,5,0.020208195982500926,2.5,0.09618182689298364,81548.54514231409,7843.488052252709,388134.00558093865,0.8752404233610521,1360155.5650925748,16.679090506383716
Arecibo,2005-2009,2,75,5,0.03392854566639254,2.5,0.15637849136791776,73705.05709006138,11525.885633930062,339710.5713654817,0.8007655098057491,972021.5595116362,13.187990049636724
Arecibo,2005-2009,2,80,5,0.05715187511311463,2.5,0.2500345212363981,62179.17145613132,15546.939365909704,272028.5088658823,0.5697868391257425,632310.9881461544,10.169176805327211
Arecibo,2005-2009,2,85,NA,0.13023104816338907,7.726039761150965,1,46632.232090221616,46632.232090221616,360282.47928027215,0,360282.47928027215,7.726039761150965
Arecibo,2010-2014,1,0,1,0.009484428807655543,0.13036429653576376,0.009406841201013665,100000,940.6841201013594,99181.94750347802,0.9901746717428502,7554997.840778557,75.54997840778557
Arecibo,2010-2014,1,1,4,3.529043631415961e-4,1.6246571874613458,0.0014104351287435883,99059.31587989864,139.7167389463284,395905.3883679471,0.9985380119718064,7455815.893275078,75.26617589722352
Arecibo,2010-2014,1,5,5,1.8971593157987907e-4,2.5,9.481299694983399e-4,98919.59914095231,93.78863651629945,494363.5241134708,0.999013912630117,7059910.504907131,71.37018918614235
Arecibo,2010-2014,1,10,5,2.0492108646853968e-4,2.5,0.0010240807929708805,98825.81050443601,101.20561438737786,493876.0384862116,0.9975572314795674,6565546.9807936605,66.43554904615684
Arecibo,2010-2014,1,15,5,7.740772131531596e-4,2.5,0.0038629105881090404,98724.60489004863,381.36432153664646,492669.61364640156,0.9937482085725754,6071670.942307449,61.5010913345217
Arecibo,2010-2014,1,20,5,0.0017375018570315742,2.5,0.008649936085130077,98343.24056851199,850.6627453222027,489589.5459792544,0.9913834262590148,5579001.328661048,56.7298911080154
Arecibo,2010-2014,1,25,5,0.0017239824613690556,2.5,0.00858292029669819,97492.57782318979,836.7710249760858,485370.9615535087,0.9901319161977082,5089411.782681793,52.20306915990906
Arecibo,2010-2014,1,30,5,0.0022454089431693082,2.5,0.011164373256956414,96655.8067982137,1079.101504547507,480581.28022969974,0.9890654216938904,4604040.821128285,47.63335979120265
Arecibo,2010-2014,1,35,5,0.0021519530787249574,2.5,0.01070218887288951,95576.7052936662,1022.8799519013119,475326.3265885777,0.9858446496142652,4123459.5408985848,43.142934549051084
Arecibo,2010-2014,1,40,5,0.0035605884526962173,2.5,0.01764586807818859,94553.82534176488,1668.4843282688817,468597.9158881522,0.9817252855561968,3648133.214310007,38.582608383360764
Arecibo,2010-2014,1,45,5,0.0038190901059463995,2.5,0.018914856674776912,92885.341013496,1756.9129124580504,460034.4227863349,0.9760199043567512,3179535.2984218546,34.230754430452876
Arecibo,2010-2014,1,50,5,0.005914785267783868,2.5,0.029142990018862485,91128.42810103795,2655.7548705831723,449002.7533287318,0.9613038206808225,2719500.87563552,29.842508340210742
Arecibo,2010-2014,1,55,5,0.009948661655285873,2.5,0.0485361343301636,88472.67323045478,4294.12155246202,431628.0622711188,0.9432124610527233,2270498.1223067883,25.663270243825064
Arecibo,2010-2014,1,60,5,0.013534971653551177,2.5,0.06545986473371554,84178.55167799276,5510.3166063214885,407116.96687416005,0.92130210913993,1838870.0600356692,21.844876436813472
Arecibo,2010-2014,1,65,5,0.019476982102242697,2.5,0.0928631745400295,78668.23507167127,7305.382044216676,375077.72024781466,0.8842302800996011,1431753.0931615094,18.199888326681034
Arecibo,2010-2014,1,70,5,0.03034379896478393,2.5,0.1410211976460571,71362.85302745459,10063.6750013712,331655.077633845,0.8300409749721277,1056675.3729136947,14.807078586210284
Arecibo,2010-2014,1,75,5,0.045346931273638424,2.5,0.2036476647271451,61299.17802608339,12483.434454705413,275287.3039936534,0.7530119538014991,725020.2952798497,11.827569612293113
Arecibo,2010-2014,1,80,5,0.07097933430662566,2.5,0.30141167196272517,48815.74357137798,14713.634887952685,207294.63063700817,0.5390717722438729,449732.9912861962,9.212867783701796
Arecibo,2010-2014,1,85,NA,0.15555603966710824,7.109189724887036,1,34102.10868342529,34102.10868342529,242438.36064918808,0,242438.36064918808,7.109189724887036
Arecibo,2010-2014,2,0,1,0.005772563771965224,0.13716582285639303,0.005743954482722864,100000,574.3954482722911,99504.39197603494,0.9940171486194002,8179079.664117087,81.79079664117087
Arecibo,2010-2014,2,1,4,2.0065675757954305e-4,1.5146545860566099,8.022269586491009e-4,99425.60455172771,79.76190035138279,397504.18233366514,0.9992065489813319,8079575.2721410515,81.2625209428576
Arecibo,2010-2014,2,5,5,9.261990622034849e-5,2.5,4.629923253373587e-4,99345.84265137633,45.99636270175688,496614.22235012724,0.9995024067200968,7682071.0898073865,77.32654819553197
Arecibo,2010-2014,2,10,5,1.0647038468886632e-4,2.5,5.32210261866041e-4,99299.84628867457,52.84839719654701,496367.1104503815,0.9989193773644669,7185456.867457259,72.36120836046834
Arecibo,2010-2014,2,15,5,3.2613109416693424e-4,2.5,0.0016293270353127155,99246.99789147802,161.70581683820637,495830.7249152946,0.9975680821687026,6689089.757006878,67.39840901103211
Arecibo,2010-2014,2,20,5,6.482124377378417e-4,2.5,0.0032358184442845914,99085.29207463982,320.62201565243595,494624.905334068,0.9966378706264741,6193259.032091583,62.504322310785255
Arecibo,2010-2014,2,25,5,6.989894044811151e-4,2.5,0.0034888503488364328,98764.67005898738,344.57515358801174,492961.9124109669,0.9959298946602854,5698634.126757516,57.69911571976088
Arecibo,2010-2014,2,30,5,9.328495272467012e-4,2.5,0.004653395342121032,98420.09490539937,457.98761120390554,490955.50549898704,0.9945829553352565,5205672.214346549,52.89237141409181
Arecibo,2010-2014,2,35,5,0.0012406892075027783,2.5,0.006184264163005424,97962.10729419546,605.8235494719847,488295.97759729734,0.9930817384836299,4714716.708847561,48.1279633428927
Arecibo,2010-2014,2,40,5,0.0015372505000205627,2.5,0.007656826349765943,97356.28374472348,745.440158691883,484917.8183268877,0.9904926666714106,4226420.731250264,43.41189462749319
Arecibo,2010-2014,2,45,5,0.0022874301927233395,2.5,0.011372118644758565,96610.8435860316,1098.6699756305607,480307.5429910816,0.9857246122205877,3741502.912923376,38.727566948440746
Arecibo,2010-2014,2,50,5,0.0034722932516932674,2.5,0.017212053019597006,95512.17361040103,1643.9605961991765,473450.9665615072,0.9788282222780053,3261195.369932295,34.144290163836864
Arecibo,2010-2014,2,55,5,0.005104488942377031,2.5,0.025200851048101346,93868.21301420186,2365.5588543223566,463427.1679352034,0.9687462430010945,2787744.4033707874,29.698492320813795
Arecibo,2010-2014,2,60,5,0.0076356568199633205,2.5,0.03746314480696025,91502.6541598795,3427.9771830127575,448943.3278418656,0.9534218653473469,2324317.235435584,25.401637327091986
Arecibo,2010-2014,2,65,5,0.011532772050588678,2.5,0.056047891365361216,88074.67697686674,4936.3999272387155,428032.38506623695,0.9301047581554397,1875373.9075937185,21.292997850974746
Arecibo,2010-2014,2,70,5,0.017659650209520112,2.5,0.08456478953933472,83138.27704962803,7030.570901364699,398114.95799472835,0.8885078020610782,1447341.5225274814,17.40884672969004
Arecibo,2010-2014,2,75,5,0.030317380335391834,2.5,0.14090706869316919,76107.70614826333,10724.113778312865,353728.24629553454,0.8180232446090341,1049226.564532753,13.78607525614796
Arecibo,2010-2014,2,80,5,0.05192190087617153,2.5,0.22978262737657562,65383.592369950464,15024.013642086247,289357.9277445367,0.5839559634336264,695498.3182372185,10.637199533209825
Arecibo,2010-2014,2,85,NA,0.12046257058815196,8.064809133678521,1,50359.57872786422,50359.57872786422,406140.3904926819,0,406140.3904926819,8.064809133678521
Arecibo,2015-2019,1,0,1,0.008816399554538763,0.13169731550889563,0.008749420089175489,100000,874.9420089175401,99240.28550488286,0.990877959811544,7724491.361165404,77.24491361165404
Arecibo,2015-2019,1,1,4,3.206744777135786e-4,1.6266379972713143,0.0012817224218848546,99125.05799108246,127.05080939781328,396198.69440088916,0.9986875664306095,7625251.075660521,76.92556483897853
Arecibo,2015-2019,1,5,5,1.6272540700012846e-4,2.5,8.13296175122871e-4,98998.00718168465,80.51470058564155,494788.7491569591,0.9991502415352765,7229052.381259632,73.02220102261876
Arecibo,2015-2019,1,10,5,1.7732866542376617e-4,2.5,8.862504331024977e-4,98917.492481099,87.66567055278574,494368.29822911305,0.998056370352435,6734263.632102673,68.07960314389737
Arecibo,2015-2019,1,15,5,6.012918823315192e-4,2.5,0.003001946796058443,98829.82681054622,296.68188194894174,493407.4293478587,0.9949400482051064,6239895.33387356,63.137774650108916
Arecibo,2015-2019,1,20,5,0.001429924183062589,2.5,0.007124153417175276,98533.14492859728,701.9652411481075,490910.81154011615,0.9919066864929585,5746487.904525702,58.32035411728646
Arecibo,2015-2019,1,25,5,0.0018221484383216706,2.5,0.009069427583339718,97831.17968744917,887.2727995680034,486937.7164383258,0.9884852825901551,5255577.092985585,53.72088029374777
Arecibo,2015-2019,1,30,5,0.0028161658799026245,2.5,0.013982387592370108,96943.90688788117,1355.507280824997,481330.7662373433,0.9870805304638758,4768639.376547259,49.1896760676496
Arecibo,2015-2019,1,35,5,0.002382401295507235,2.5,0.011841478592686335,95588.39960705617,1131.9079876561009,475112.2280661406,0.9870549798160724,4287308.610309917,44.85176682457434
Arecibo,2015-2019,1,40,5,0.0028322705778605784,2.5,0.014061785932878232,94456.49161940007,1328.2269651227107,468961.8906841936,0.9836131574624295,3812196.3822437758,40.35928411997892
Arecibo,2015-2019,1,45,5,0.0037844821502499917,2.5,0.018745059889853664,93128.26465427736,1745.6948983825714,461277.08602543036,0.9767780104219244,3343234.491559582,35.89924609860137
Arecibo,2015-2019,1,50,5,0.005635173624150927,2.5,0.027784442723758004,91382.56975589479,2539.0137753324816,450565.3143411427,0.9659249358791773,2881957.4055341515,31.537276892437642
Arecibo,2015-2019,1,55,5,0.008276887496336678,2.5,0.04054546191479401,88843.5559805623,3602.203015384759,435212.2723643496,0.9513995560209356,2431392.0911930087,27.367118125314146
Arecibo,2015-2019,1,60,5,0.011733545621965174,2.5,0.05699582046073251,85241.35296517755,4858.400849433179,414060.76270230475,0.9266462152926916,1996179.8188286594,23.41797436795883
Arecibo,2015-2019,1,65,5,0.01900182396514354,2.5,0.09070043555096452,80382.95211574437,7290.768767770336,383687.838659296,0.8978634952073461,1582119.0561263545,19.682271109528827
Arecibo,2015-2019,1,70,5,0.024338641751852765,2.5,0.1147132943225362,73092.18334797403,8384.645141072928,344499.3038871878,0.8602461596402223,1198431.2174670584,16.39616115668101
Arecibo,2015-2019,1,75,5,0.03669053797956936,2.5,0.16803907934128828,64707.5382069011,10873.3951467289,296354.2031676832,0.790551670049213,853931.9135798707,13.196791861397044
Arecibo,2015-2019,1,80,5,0.05956447349964375,2.5,0.2592214017156395,53834.1430601722,13954.962024218104,234283.31024031574,0.5798194478270616,557577.7104121875,10.3573249004626
Arecibo,2015-2019,1,85,NA,0.13367702202561513,8.106846524265316,1,39879.1810359541,39879.1810359541,323294.4001718718,0,323294.4001718718,8.106846524265316
Arecibo,2015-2019,2,0,1,0.005129970275679966,0.13848652599150324,0.005107397933806403,100000,510.73979338064964,99559.99078629026,0.9946713734908806,8430918.594196616,84.30918594196616
Arecibo,2015-2019,2,1,4,1.8351065375207893e-4,1.515690263561697,7.337081194548387e-4,99489.26020661935,72.99607801214734,397775.69595915003,0.999289066811674,8331358.603410326,83.74128610573398
Arecibo,2015-2019,2,5,5,7.984701274955548e-5,2.5,3.9915538533492266e-4,99416.2641286072,39.68253721680958,496982.114299994,0.9995476252477246,7933582.907451176,79.80165998983937
Arecibo,2015-2019,2,10,5,1.0114864525393638e-4,2.5,5.056153704953189e-4,99376.5815913904,50.24632711989398,496757.29213915224,0.9990152488165656,7436600.793151182,74.83252768472629
Arecibo,2015-2019,2,15,5,2.930404000005373e-4,2.5,0.0014641293773567038,99326.3352642705,145.4266054056061,496268.1098078385,0.9978791930548413,6939843.50101203,69.86911862345151
Arecibo,2015-2019,2,20,5,5.564625276563226e-4,2.5,0.0027784473836464526,99180.9086588649,275.5689361708937,495215.62095389725,0.9968094743718036,6443575.391204191,64.96790035839481
Arecibo,2015-2019,2,25,5,7.220514472696269e-4,2.5,0.003603752000479267,98905.339722694,356.4303158837429,493635.6228237606,0.9957874475011145,5948359.770250294,60.141947714127646
Arecibo,2015-2019,2,30,5,9.670432728401268e-4,2.5,0.004823554898411424,98548.90940681026,475.35607470232935,491556.15684729547,0.9947181145201839,5454724.1474265335,55.35042630364799
Arecibo,2015-2019,2,35,5,0.0011517945660805915,2.5,0.005742437559460348,98073.55333210793,563.1812562440173,488959.81351992954,0.9933542969904683,4963167.990579238,50.606588850435436
Arecibo,2015-2019,2,40,5,0.0015165652801787798,2.5,0.007554185362790791,97510.37207586391,736.6114254557906,485710.3318156801,0.9914833537484695,4474208.177059309,45.88443343830476
Arecibo,2015-2019,2,45,5,0.0019063287480193853,2.5,0.009486433089808765,96773.76065040812,918.0378052592714,481573.70873889246,0.9887988252463509,3988497.8452436286,41.21466209887141
Arecibo,2015-2019,2,50,5,0.0026033011849492557,2.5,0.01293233899119641,95855.72284514885,1239.6387020796246,476179.5174705452,0.9830946025435902,3506924.1365047363,36.5854435438355
Arecibo,2015-2019,2,55,5,0.004230373950639485,2.5,0.020930510042058616,94616.08414306922,1980.3628992967715,468129.5134671042,0.9747973640770631,3030744.619034191,32.032023376188285
Arecibo,2015-2019,2,60,5,0.006001945259746042,2.5,0.029566091147204748,92635.72124377245,2738.876177780432,456331.4157744112,0.9651338222185252,2562615.105567087,27.66335784036832
Arecibo,2015-2019,2,65,5,0.008231527763250547,2.5,0.040327741506649785,89896.84506599202,3625.3367300846585,440420.88350474846,0.9438221043914342,2106283.6897926754,23.430006784403634
Arecibo,2015-2019,2,70,5,0.01508719748554451,2.5,0.07269411139123329,86271.50833590736,6271.430636860168,415678.9650873864,0.9079006882488312,1665862.806287927,19.30953611940702
Arecibo,2015-2019,2,75,5,0.02395914828182306,2.5,0.11302574023427574,80000.0776990472,9042.06800073439,377395.21849339997,0.8549465607795577,1250183.8412005408,15.627282837194427
Arecibo,2015-2019,2,80,5,0.03984135262828036,2.5,0.1811623777082696,70958.0096983128,12854.921754392795,322652.744105582,0.6303197180723948,872788.6227071407,12.30007192166064
Arecibo,2015-2019,2,85,NA,0.11253604529211679,9.468272652436982,1,58103.08794392001,58103.08794392001,550135.8786015587,0,550135.8786015587,9.468272652436982
Arecibo,2020-2024,1,0,1,0.010554699730975071,0.1282286244218258,0.010458468381651783,100000,1045.8468381651765,99088.26066324866,0.9891363760682299,7674449.393596335,76.74449393596335
Arecibo,2020-2024,1,1,4,3.5792698987099924e-4,1.6214886347660833,0.0014304901354342597,98954.15316183482,141.55293995825923,395479.9273708663,0.9985880915589983,7575361.132933087,76.55425154863326
Arecibo,2020-2024,1,5,5,1.5639590379376523e-4,2.5,7.816738924816094e-4,98812.60022187656,77.23922984166711,493869.90303477866,0.9991427235863306,7179881.20556222,72.66159568152558
Arecibo,2020-2024,1,10,5,1.8667469348573982e-4,2.5,9.32938077604504e-4,98735.3609920349,92.11397787548776,493446.52001548576,0.9979657159008677,6686011.302527442,67.71648207238347
Arecibo,2020-2024,1,15,5,6.283171216970866e-4,2.5,0.0031366585677778014,98643.24701415941,309.41018590038584,492442.7096060461,0.9950812978742931,6192564.782511956,62.77738182749667
Arecibo,2020-2024,1,20,5,0.0013457832354466096,2.5,0.006706352933859607,98333.83682825902,659.461415110869,490020.53060351795,0.9909815335085347,5700122.07290591,57.96704630636174
Arecibo,2020-2024,1,25,5,0.002282185171637249,2.5,0.011346190588397717,97674.37541314815,1108.2320790402882,485601.29686814005,0.9889282443645213,5210101.5423023915,53.34153937779927
Arecibo,2020-2024,1,30,5,0.002170548869229216,2.5,0.010794171156152945,96566.14333410787,1042.3514790379559,480224.8379729445,0.9890780836649984,4724500.245434252,48.925017426532385
Arecibo,2020-2024,1,35,5,0.002222491531331845,2.5,0.0110510554637083,95523.79185506991,1055.638721894109,474979.86247061426,0.9868974070993782,4244275.407461307,44.43160520575631
Arecibo,2020-2024,1,40,5,0.003058621501285292,2.5,0.015177055336976775,94468.1531331758,1433.7483876842016,468756.3946966685,0.981995354686941,3769295.544990693,39.900171856614534
Arecibo,2020-2024,1,45,5,0.004219201856875515,2.5,0.020875811131651455,93034.4047454916,1942.1686622125126,460316.6020719267,0.9751008107413067,3300539.1502940245,35.476543965892006
Arecibo,2020-2024,1,50,5,0.005887056787736288,2.5,0.029008349437538227,91092.23608327909,2642.435415350483,448855.0918780192,0.9654348654910285,2840222.548222098,31.179633636674442
Arecibo,2020-2024,1,55,5,0.008223234212506385,2.5,0.04028792838491728,88449.8006679286,3563.4592349697195,433340.3552522187,0.9478340376735028,2391367.4563440788,27.036436919989296
Arecibo,2020-2024,1,60,5,0.013338992076213677,2.5,0.06454262642491837,84886.34143295888,5478.787423685528,410734.7386055806,0.9252768620108831,1958027.1010918599,23.066456488035367
Arecibo,2020-2024,1,65,5,0.017886822635405294,2.5,0.0856060620557593,79407.55400927336,6797.767996213923,380043.35005583195,0.8939177237643918,1547292.3624862793,19.485455531165005
Arecibo,2020-2024,1,70,5,0.027459001210392776,2.5,0.1284754848190815,72609.78601305943,9328.577460637556,339727.48641370324,0.8423800923754047,1167249.0124304474,16.07564319526446
Arecibo,2020-2024,1,75,5,0.04224810410593765,2.5,0.1910606454327157,63281.20855242188,12090.548549788022,286179.67138763936,0.7791140953625273,827521.5260167442,13.07689193911695
Arecibo,2020-2024,1,80,5,0.059177799533453194,2.5,0.25775549076449555,51190.66000263386,13194.673691537319,222966.615784326,0.5881223410351498,541341.8546291048,10.57501221123642
Arecibo,2020-2024,1,85,NA,0.13016711317804416,8.379180796572687,1,37995.98631109654,37995.98631109654,318375.2388447788,0,318375.2388447788,8.379180796572687
Arecibo,2020-2024,2,0,1,0.00559646262247412,0.1375277582659076,0.005569579411859004,100000,556.9579411859013,99519.6392359138,0.9942261261631247,8375600.360099814,83.75600360099814
Arecibo,2020-2024,2,1,4,1.809072823343651e-4,1.5149382942969054,7.23303956644761e-4,99443.0420588141,71.92754578193126,397593.42384564853,0.9992782037257164,8276080.7208639,83.22433173322611
Arecibo,2020-2024,2,5,5,8.15887056334948e-5,2.5,4.078603361752045e-4,99371.11451303217,40.52953617137973,496754.2487247324,0.9995498911056765,7878487.297018252,79.28347523952765
Arecibo,2020-2024,2,10,5,9.849918745623812e-5,2.5,4.923746910137184e-4,99330.58497686079,48.9078660862142,496530.65521908837,0.9988956352866745,7381733.04829352,74.31480495169848
Arecibo,2020-2024,2,15,5,3.436261865089894e-4,2.5,0.001716656212475347,99281.67711077457,170.4325077971589,495982.30428438,0.9978567488375403,6885202.393074431,69.35018216294024
Arecibo,2020-2024,2,20,5,5.147775761133681e-4,2.5,0.0025705796886135637,99111.24460297741,254.77335228963057,494919.289634163,0.9968301564859308,6389220.088790051,64.46513828359402
Arecibo,2020-2024,2,25,5,7.555548200601599e-4,2.5,0.0037706517650112435,98856.47125068778,372.7533278041956,493350.4729339284,0.9958999917975909,5894300.799155888,59.62483512291947
Arecibo,2020-2024,2,30,5,8.880896356942693e-4,2.5,0.004430611228691368,98483.71792288359,436.34306647238554,491327.73194823693,0.9951796619674738,5400950.32622196,54.84104824770227
Arecibo,2020-2024,2,35,5,0.0010450832317655551,2.5,0.005211799248822095,98047.3748564112,511.00323462561937,488959.366195492,0.9934556941861468,4909622.594273723,50.07398312768481
Arecibo,2020-2024,2,40,5,0.0015829987215122457,2.5,0.007883793519904541,97536.37162178558,768.9566145468416,485759.46657256084,0.9905013215119107,4420663.228078231,45.3232281924545
Arecibo,2020-2024,2,45,5,0.002237728133810229,2.5,0.011126396045404352,96767.41500723874,1076.6725836605474,481145.3935770423,0.9871206440048316,3934903.76150567,40.663520475475316
Arecibo,2020-2024,2,50,5,0.0029520345683732613,2.5,0.014652039523936724,95690.7424235782,1402.064540065112,474948.5507677282,0.9798521368339624,3453758.3679286274,36.092920594559224
Arecibo,2020-2024,2,55,5,0.005212123856303029,2.5,0.025725409233566567,94288.67788351308,2425.6148246453085,465379.35235595214,0.9720964340914199,2978809.8171608993,31.59244443793141
Arecibo,2020-2024,2,60,5,0.006120074406701859,2.5,0.03013923611455373,91863.06305886777,2768.6825477373495,452393.6089249955,0.9651084145708985,2513430.4648049474,27.360621136639963
Arecibo,2020-2024,2,65,5,0.00811987507996495,2.5,0.03979161798172158,89094.38051113042,3545.2095536170527,436608.8786716095,0.9428693107756335,2061036.8558799517,23.13318577508342
Arecibo,2020-2024,2,70,5,0.0156250717267087,2.5,0.07518830210022968,85549.17095751337,6432.2969103776995,411665.11251162266,0.9105236014764447,1624427.9772083422,18.9882375133137
Arecibo,2020-2024,2,75,5,0.022147133418633353,2.5,0.10492613435169562,79116.87404713567,8301.42775575594,374830.8008462885,0.8548680386589044,1212762.8646967197,15.328751031975665
Arecibo,2020-2024,2,80,5,0.04200139611504583,2.5,0.19005096583049502,70815.44629137973,13458.543963394259,320430.87154841307,0.617593256813706,837932.0638504311,11.83261714404293
Arecibo,2020-2024,2,85,NA,0.11055648372197213,9.022474563615333,1,57356.902327985474,57356.902327985474,517501.19230201805,0,517501.19230201805,9.022474563615333
Arroyo,1980-1984,1,0,1,0.022332254733226108,0.10472710229258397,0.021894507716273243,100000,2189.450771627322,98039.84406329747,0.9775733196127268,6989584.7605303675,69.89584760530367
Arroyo,1980-1984,1,1,4,5.25402890291078e-4,1.5870318482508687,0.0020989505527067346,97810.54922837268,205.29950636344438,390746.8157430659,0.9978365391715672,6891544.916467071,70.4580944574431
Arroyo,1980-1984,1,5,5,2.4362667014839748e-4,2.5,0.00121739187791828,97605.24972200923,118.82383825375291,487729.1890144118,0.9986193625624841,6500798.100724004,66.60295546847132
Arroyo,1980-1984,1,10,5,3.0905499775813334e-4,2.5,0.0015440819731637806,97486.42588375548,150.52703283526353,487055.81183668924,0.9967673145189184,6013068.911709593,61.68108900494189
Arroyo,1980-1984,1,15,5,9.872105358404912e-4,2.5,0.004923900363411983,97335.89885092022,479.27226772508584,485481.31358528836,0.9927949740794306,5526013.099872903,56.77261077474151
Arroyo,1980-1984,1,20,5,0.0019085509917535813,2.5,0.009497439091773596,96856.62658319513,919.8899116085522,481983.4081369543,0.9899409726862048,5040531.786287615,52.04116604203682
Arroyo,1980-1984,1,25,5,0.002136551564307175,2.5,0.010626000327480857,95936.73667158658,1019.4237952897238,477135.1238697086,0.988077920130743,4558548.378150661,47.51619177704173
Arroyo,1980-1984,1,30,5,0.002664041296507565,2.5,0.013232079467189664,94917.31287629686,1255.9534267912532,471446.68081450614,0.9844169419186486,4081413.254280952,42.999671299166955
Arroyo,1980-1984,1,35,5,0.003625681135756004,2.5,0.017965562179065298,93661.3594495056,1682.678976965879,464100.09980511334,0.9810824960941943,3609966.573466446,38.54275225860499
Arroyo,1980-1984,1,40,5,0.004017318056592697,2.5,0.019886860671799084,91978.68047253972,1829.1672033333452,455320.48435436527,0.9736723175032952,3145866.4736613324,34.20212659607062
Arroyo,1980-1984,1,45,5,0.006689884086251737,2.5,0.0328991909955298,90149.51326920638,2965.846055197675,443332.9512080377,0.9567463747315051,2690545.9893069672,29.845374553187014
Arroyo,1980-1984,1,50,5,0.011091305179101623,2.5,0.05396030049465257,87183.6672140087,4704.456881093691,424157.1938673093,0.9432135111374965,2247213.0380989294,25.77561956166311
Arroyo,1980-1984,1,55,5,0.01232307449867025,2.5,0.05977387762571115,82479.21033291501,4930.102225104958,400070.7961018126,0.9167151799186186,1823055.8442316202,22.103216518115627
Arroyo,1980-1984,1,60,5,0.02289790110789457,2.5,0.10829044574545,77549.10810781005,8397.82748415685,366750.97182865813,0.8762560906668195,1422985.0481298077,18.349470198310346
Arroyo,1980-1984,1,65,5,0.03035603736019186,2.5,0.14107406298466774,69151.2806236532,9755.452118171677,321367.7728228368,0.8257175485141376,1056234.0763011496,15.274251854417061
Arroyo,1980-1984,1,70,5,0.047663929760213004,2.5,0.21294514295911104,59395.82850548153,12648.053192274609,265359.0095467211,0.7647046545619405,734866.3034783127,12.372355466183846
Arroyo,1980-1984,1,75,5,0.060747908539437415,2.5,0.26369260679666323,46747.77531320692,12327.04273428423,202921.26973032404,0.683764108245217,469507.29393159156,10.043414703393362
Arroyo,1980-1984,1,80,5,0.09615369887022095,2.5,0.3875964205816468,34420.73257892269,13341.35274138851,138750.28104114218,0.47952905086881703,266586.0242012675,7.744925927709909
Arroyo,1980-1984,1,85,NA,0.19416880648626944,6.064492605826076,1,21079.37983753418,21079.37983753418,127835.7431601253,0,127835.7431601253,6.064492605826076
Arroyo,1980-1984,2,0,1,0.013359748961308334,0.12157210875229181,0.013204783222811602,100000,1320.478322281153,98840.05501192025,0.9865129244929519,7745565.294616564,77.45565294616564
Arroyo,1980-1984,2,1,4,3.062584261946981e-4,1.5025158176964855,0.0012240974225587117,98679.52167771885,120.7933481450309,394416.4072345557,0.998696278770929,7646725.239604644,77.49049761893222
Arroyo,1980-1984,2,5,5,1.4636087856527522e-4,2.5,7.31536721933064e-4,98558.72832957382,72.0993290401093,492613.3933252688,0.9992079451754494,7252308.8323700875,73.58362831264269
Arroyo,1980-1984,2,10,5,1.705961727766001e-4,2.5,8.526172307919592e-4,98486.6290005337,83.97139688847528,492223.2165104473,0.9981408818430738,6759695.439044819,68.63566666504737
Arroyo,1980-1984,2,15,5,5.741184440174468e-4,2.5,0.002866477975399617,98402.65760364523,282.0690507416293,491308.1153913721,0.9960901246182404,6267472.222534372,63.69210319277189
Arroyo,1980-1984,2,20,5,9.937170183929537e-4,2.5,0.004956272261729095,98120.5885529036,486.31235134930466,489387.1618861447,0.9944971953357752,5776164.107143,58.868013251150344
Arroyo,1980-1984,2,25,5,0.0012140857238811453,2.5,0.006052059322347368,97634.2762015543,590.8884314662282,486694.1599291059,0.9933392708912503,5286776.945256854,54.14878002826523
Arroyo,1980-1984,2,30,5,0.001459930118656867,2.5,0.007273105030558667,97043.38777008807,705.806751773096,483452.4219710076,0.9916490054645981,4800082.785327749,49.46326478935323
Arroyo,1980-1984,2,35,5,0.0018963037174860552,2.5,0.009436781079823348,96337.58101831497,909.1166618295829,479415.1134370009,0.9894522391260722,4316630.363356741,44.80733601289092
Arroyo,1980-1984,2,40,5,0.0023475621563469598,2.5,0.01166932461956724,95428.46435648539,1113.585728522623,474358.3574611204,0.985666365662116,3837215.2499197405,40.21038456183604
Arroyo,1980-1984,2,45,5,0.003435129468511634,2.5,0.017029401842309062,94314.87862796277,1606.1259678641945,467559.0782201534,0.9755432307339463,3362856.89245862,35.65563505333918
Arroyo,1980-1984,2,50,5,0.006506711376731275,2.5,0.03201281157053843,92708.75266009857,2967.867829847397,456124.0937258744,0.9686008816612495,2895297.814238467,31.230037414629027
Arroyo,1980-1984,2,55,5,0.006249153880995376,2.5,0.030765129336495663,89740.88483025118,2760.8899285742373,441802.1993298203,0.9579821673224207,2439173.7205125922,27.18018353759712
Arroyo,1980-1984,2,60,5,0.011021060255793828,2.5,0.05362771556734835,86979.99490167694,4664.538426636544,423238.6284417934,0.9342759749794779,1997371.521182772,22.963573675080355
Arroyo,1980-1984,2,65,5,0.01634265480577126,2.5,0.07850579140585681,82315.4564750404,6462.240055507398,395421.6822364335,0.8948444080151841,1574132.8927409786,19.123175162349803
Arroyo,1980-1984,2,70,5,0.02874195978405082,2.5,0.1340757960733659,75853.216419533,10170.080376174199,353840.88115722954,0.8465086706590306,1178711.2105045451,15.539370196054266
Arroyo,1980-1984,2,75,5,0.038575590639744285,2.5,0.17591307616310606,65683.1360433588,11554.52251342703,299529.3739332264,0.7787878955407529,824870.3293473155,12.55832743434786
Arroyo,1980-1984,2,80,5,0.06408580748330717,2.5,0.2761808547037383,54128.61352993177,14949.286748624887,233269.85077809662,0.5559648484016889,525340.9554140891,9.705420500445458
Arroyo,1980-1984,2,85,NA,0.15895081609651124,7.4547249437513194,1,39179.32678130688,39179.32678130688,292071.1046359925,0,292071.1046359925,7.4547249437513194
Arroyo,1985-1989,1,0,1,0.020380477308542592,0.10862177655466868,0.020016837159560933,100000,2001.6837159560964,98215.7427253716,0.9794419712624783,6960870.171757281,69.60870171757281
Arroyo,1985-1989,1,1,4,5.178093299495518e-4,1.5926892696382429,0.002068658678922951,97998.3162840439,202.72506750081084,391505.2429058676,0.9977703602501055,6862654.4290319085,70.02828915081356
Arroyo,1985-1989,1,5,5,2.855923551328379e-4,2.5,0.0014269429656586828,97795.5912165431,139.54873095889343,488629.0842553183,0.9984241709337338,6471149.186126041,66.17015251533529
Arroyo,1985-1989,1,10,5,3.452833789582092e-4,2.5,0.0017249279224372496,97656.0424855842,168.44963447810733,487859.0883417257,0.9964486439985079,5982520.101870723,61.261136019861254
Arroyo,1985-1989,1,15,5,0.0010790912588569122,2.5,0.005380939981039627,97487.59285110609,524.5748860278254,486126.52704046085,0.9930055044186712,5494661.013528997,56.36266988273118
Arroyo,1985-1989,1,20,5,0.0017308131385241898,2.5,0.008616780599935576,96963.01796507827,835.509052112684,482726.3171951096,0.9894705884529512,5008534.486488536,51.65406968141591
Arroyo,1985-1989,1,25,5,0.0025073524258809195,2.5,0.01245866646047233,96127.50891296558,1197.6205712227238,477643.4931367711,0.9872586897440017,4525808.169293427,47.08130087289707
Arroyo,1985-1989,1,30,5,0.002622586869496022,2.5,0.013027519841285473,94929.88834174286,1236.7010039030574,471557.68919895665,0.9844470087521614,4048164.676156656,42.64373156727484
Arroyo,1985-1989,1,35,5,0.0036554630139014454,2.5,0.018111797554319513,93693.1873378398,1696.952041281882,464223.55658599426,0.9791105821656468,3576606.986957699,38.17360779990476
Arroyo,1985-1989,1,40,5,0.004800585557397921,2.5,0.02371827378059576,91996.23529655792,2181.991895547879,454526.1967439199,0.9720193745640059,3112383.430371705,33.83163909195484
Arroyo,1985-1989,1,45,5,0.006575655572571945,2.5,0.03234652878225868,89814.24340101004,2905.179009227548,441808.26948198135,0.9612993522722724,2657857.233627785,29.592825513886087
Arroyo,1985-1989,1,50,5,0.009263091145823441,2.5,0.04526717090412111,86909.0643917825,3934.1274709400896,424710.00328156224,0.9470372896646121,2216048.9641458034,25.498479124754418
Arroyo,1985-1989,1,55,5,0.012588726039028348,2.5,0.06102312178950586,82974.9369208424,5063.389681197135,402216.2104012192,0.9218258549003,1791338.9608642412,21.58891621180945
Arroyo,1985-1989,1,60,5,0.020265142164917992,2.5,0.0964397954135614,77911.54723964527,7513.773676145414,370773.30200786283,0.873083825589895,1389122.7504630222,17.82948484119139
Arroyo,1985-1989,1,65,5,0.03493516510687384,2.5,0.16064539227721192,70397.77356349985,11309.077949550774,323716.17294362234,0.8110337593905946,1018349.4484551593,14.465648512826798
Arroyo,1985-1989,1,70,5,0.050122859457087776,2.5,0.2227074604366598,59088.69561394908,13159.493340697394,262544.7447180019,0.755492893547131,694633.275511537,11.755772712429867
Arroyo,1985-1989,1,75,5,0.06311109413643393,2.5,0.272552719792289,45929.202273251685,12518.128997464933,198350.6888725961,0.6621538621105324,432088.530793535,9.407708155322684
Arroyo,1985-1989,1,80,5,0.10877737810027246,2.5,0.42760304519213144,33411.07327578675,14286.676675863855,131338.6746892741,0.4380940903283474,233737.8419209389,6.995819619189858
Arroyo,1985-1989,1,85,NA,0.14887447512588475,5.354373754834055,1,19124.396599922897,19124.396599922897,102399.16723166479,0,102399.16723166479,5.354373754834055
Arroyo,1985-1989,2,0,1,0.01176650230670649,0.12484666080409534,0.011646571805925744,100000,1164.6571805925778,98980.74637938592,0.9880811020282373,7675222.155413937,76.75222155413937
Arroyo,1985-1989,2,1,4,2.8566477444479766e-4,1.5050510276717588,0.0011418452829105427,98835.34281940742,112.85466998317861,395059.8046347327,0.998760167813016,7576241.409034551,76.65518419739696
Arroyo,1985-1989,2,5,5,1.4949869159495939e-4,2.5,7.472141891157618e-4,98722.48814942424,73.76684393006144,493428.02363729605,0.9991924837992986,7181181.604399818,72.74109211601855
Arroyo,1985-1989,2,10,5,1.7364801226873113e-4,2.5,8.678633044992874e-4,98648.72130549418,85.61360525681812,493029.5725143289,0.9982881034913856,6687753.580762522,67.79361650367436
Arroyo,1985-1989,2,15,5,5.119870600375342e-4,2.5,0.002556662854441789,98563.10770023736,251.99263627553592,492185.55691049795,0.9964140880034427,6194724.008248193,62.850331658457584
Arroyo,1985-1989,2,20,5,9.256972073062732e-4,2.5,0.004617799326679845,98311.11506396183,453.98100094750407,490420.62281744037,0.9946350308525728,5702538.451337695,58.00502260225192
Arroyo,1985-1989,2,25,5,0.0012268725852322103,2.5,0.006115605255087131,97857.13406301432,598.4556033235422,487789.5313067628,0.9931310052822233,5212117.828520255,53.26252274222494
Arroyo,1985-1989,2,30,5,0.0015312434047372093,2.5,0.0076270199636432265,97258.67845969078,741.7938822496217,484438.90759282984,0.9904185991641298,4724328.297213492,48.57487652550726
Arroyo,1985-1989,2,35,5,0.002323580081748358,2.5,0.01155080237293687,96516.88457744116,1114.8474594055733,479797.30423869187,0.9892004888553115,4239889.389620662,43.92899136957482
Arroyo,1985-1989,2,40,5,0.0020180179838336166,2.5,0.01003944049052432,95402.03711803559,957.783074321298,474615.72790437465,0.9875721924007603,3760092.0853819703,39.41312155347185
Arroyo,1985-1989,2,45,5,0.0029902675253374433,2.5,0.014840395743053195,94444.25404371429,1401.5901056661824,468717.294954406,0.9793265434559151,3285476.3574775956,34.787466858035494
Arroyo,1985-1989,2,50,5,0.005390556528435559,2.5,0.026594386285648197,93042.6639380481,2474.4125458141934,459027.28832570504,0.9711374918402867,2816759.0625231895,30.273843668090926
Arroyo,1985-1989,2,55,5,0.006337358805690004,2.5,0.031192597325123233,90568.25139223391,2825.0589961184887,445778.6094708733,0.9515724481032217,2357731.7741974844,26.0326520381474
Arroyo,1985-1989,2,60,5,0.013696972814840766,2.5,0.06621741861752103,87743.19239611542,5810.127701731268,424190.64272624895,0.9239719500404066,1911953.1647266112,21.790330537497717
Arroyo,1985-1989,2,65,5,0.01808956123426224,2.5,0.08653438359407577,81933.06469438416,7090.02724930206,391940.25534866564,0.8946666870372129,1487762.5220003624,18.15826769753843
Arroyo,1985-1989,2,70,5,0.026874549258647563,2.5,0.1259131016609941,74843.0374450821,9423.718982440208,350655.88976930996,0.8303151695436233,1095822.2666516968,14.641606007182473
Arroyo,1985-1989,2,75,5,0.049378096929673314,2.5,0.21976192105064205,65419.31846264189,14376.675099173925,291154.90456527466,0.7403395838011696,745166.3768823867,11.390616631200746
Arroyo,1985-1989,2,80,5,0.0735960507070387,2.5,0.3107967247495668,51042.64336346796,15863.886379926058,215553.50086752468,0.5252245504559241,454011.4723171121,8.894748437774979
Arroyo,1985-1989,2,85,NA,0.13058682706659047,6.7784649571657125,1,35178.756983541905,35178.756983541905,238457.97144958738,0,238457.97144958738,6.7784649571657125
Arroyo,1990-1994,1,0,1,0.02064281173211395,0.10809830132915321,0.020269620475796665,100000,2026.9620475796546,98192.14910662237,0.9790625049550765,6977177.72331928,69.7717772331928
Arroyo,1990-1994,1,1,4,5.868679479845708e-4,1.5919276335064247,0.0023441589784420637,97973.03795242035,229.66437656141352,391339.10337091587,0.99771915136635,6878985.574212657,70.2130475687951
Arroyo,1990-1994,1,5,5,2.474635481013863e-4,2.5,0.0012365527361881522,97743.37357585893,120.86483603950182,488414.7057891959,0.9985266404113636,6487646.470841742,66.37428434784543
Arroyo,1990-1994,1,10,5,3.423847431975349e-4,2.5,0.0017104596277866511,97622.50873981943,166.97935996270098,487695.0952991904,0.9963853409805873,5999231.765052546,61.453366057632444
Arroyo,1990-1994,1,15,5,0.0011074820344923752,2.5,0.005522121047829967,97455.52937985673,538.1612300159177,485932.24382424384,0.9921594433743847,5511536.669753356,56.5543761839392
Arroyo,1990-1994,1,20,5,0.002044772772462735,2.5,0.01017186597583237,96917.36814984081,985.8304795505974,482122.26455032756,0.9887480306249571,5025604.425929111,51.8545284696463
Arroyo,1990-1994,1,25,5,0.0024839644696961357,2.5,0.012343172344612297,95931.53767029021,1184.0995027480676,476697.4395945809,0.9864335743506811,4543482.161378784,47.36171515351297
Arroyo,1990-1994,1,30,5,0.0029830754614859505,2.5,0.014804966476916226,94747.43816754215,1402.7326458441385,470230.35922310036,0.9811122089879377,4066784.7217842033,42.92237131090444
Arroyo,1990-1994,1,35,5,0.004660059166988935,2.5,0.023031969977871686,93344.70552169801,2149.912455169033,461348.7464705675,0.9763932862078504,3596554.362561103,38.52981636676847
Arroyo,1990-1994,1,40,5,0.004898258127568439,2.5,0.024195007161651853,91194.79306652898,2206.458671350032,450457.8186542698,0.9724536344004271,3135205.6160905357,34.3792173946085
Arroyo,1990-1994,1,45,5,0.006293655446137719,2.5,0.03098082070332535,88988.33439517894,2756.931632584601,438049.3428944332,0.9619929318943223,2684747.7974362657,30.16966005357344
Arroyo,1990-1994,1,50,5,0.009261161387734725,2.5,0.04525795390078896,86231.40276259434,3902.656851029853,421400.3716853971,0.9442197973341058,2246698.4545418327,26.05429556477551
Arroyo,1990-1994,1,55,5,0.013821908538108054,2.5,0.0668012410794593,82328.74591156449,5499.662403407958,397894.5735493025,0.9208425524595604,1825298.0828564353,22.170847650432155
Arroyo,1990-1994,1,60,5,0.019374724191898486,2.5,0.09239814931256064,76829.08350815653,7098.8651295338495,366398.254716948,0.8818056289293468,1427403.5093071328,18.57894750437304
Arroyo,1990-1994,1,65,5,0.03164305525044287,2.5,0.14661676987752442,69730.21837862268,10223.619381528042,323092.04343929334,0.8397079969950736,1061005.254590185,15.215860200367008
Arroyo,1990-1994,1,70,5,0.03867266486413863,2.5,0.17631672981545793,59506.59899709464,10492.008937607541,271302.9726414543,0.7718650120880972,737913.2111508915,12.400527396750057
Arroyo,1990-1994,1,75,5,0.06812244301419527,2.5,0.29104540502506754,49014.5900594871,14265.471216001068,209409.27225743284,0.6638185404491006,466610.2385094372,9.519823341236364
Arroyo,1990-1994,1,80,5,0.0999522260424902,2.5,0.3998471087275263,34749.11884348603,13894.334700397096,139009.7574664374,0.45952863438998015,257200.96625200432,7.401654338645725
Arroyo,1990-1994,1,85,NA,0.1575869539333603,5.667342705377955,1,20854.784143088935,20854.784143088935,118191.20878556692,0,118191.20878556692,5.667342705377955
Arroyo,1990-1994,2,0,1,0.010988800691754397,0.12644504760225794,0.010884318620562883,100000,1088.431862056299,99049.19495655323,0.9888149087287588,7836958.710544872,78.36958710544872
Arroyo,1990-1994,2,1,4,2.921297293920922e-4,1.5062912136043443,0.001167668287016382,98911.5681379437,115.49590133373567,395358.2594078262,0.9987884875060322,7737909.515588319,78.23058173334087
Arroyo,1990-1994,2,5,5,1.392342464322549e-4,2.5,6.959289892902891e-4,98796.07223660997,68.75505069748033,493808.47355630615,0.9992289710979725,7342551.256180492,74.3202749861915
Arroyo,1990-1994,2,10,5,1.6930785562878137e-4,2.5,8.461811153686153e-4,98727.317185912485,83.5411913737189,493427.73295112816,0.9982736957066791,6848742.782624186,69.37029160558858
Arroyo,1990-1994,2,15,5,5.221151913960872e-4,2.5,0.002607172845607219,98643.77599453877,257.18137416112586,492575.92653729103,0.996263750005574,6355315.049673058,64.42692390470646
Arroyo,1990-1994,2,20,5,9.760315040759961e-4,2.5,0.004868278537322372,98386.59462037764,478.97334695061727,490735.5397345117,0.9944747945975897,5862739.123135767,59.58880013844374
Arroyo,1990-1994,2,25,5,0.0012409069225202574,2.5,0.006185346015878072,97907.62127342702,605.5925151676929,488024.12507921585,0.9934489135955542,5372003.583401255,54.868083950266126
Arroyo,1990-1994,2,30,5,0.001388624639253148,2.5,0.00691910310363763,97302.02875825933,673.2427691715129,484827.03686836787,0.992054774286358,4883979.45832204,50.19401466392828
Arroyo,1990-1994,2,35,5,0.0018037972222763126,2.5,0.008978497638629627,96628.78598908782,867.5813268266647,480974.97662837245,0.9891926732054802,4399152.4214536715,45.526313679967615
Arroyo,1990-1994,2,40,5,0.0025466560395846177,2.5,0.012652724852515935,95761.20466226115,1211.6401741370646,475776.9228759631,0.9866735770170417,3918177.444825299,40.91612525807569
Arroyo,1990-1994,2,45,5,0.002821513840489356,2.5,0.014008754465912807,94549.56448812409,1324.5216337731108,469436.5183561877,0.9832626756123777,3442400.5219493364,36.408422826545326
Arroyo,1990-1994,2,50,5,0.003939350094975538,2.5,0.01950466125198897,93225.04285435098,1818.3228810762812,461579.40706906415,0.9752448622226837,2972964.0035931487,31.890186505335517
Arroyo,1990-1994,2,55,5,0.0061140593987456865,2.5,0.030110060251534208,91406.7199732747,2752.2618457904027,450152.9452518975,0.9570583363067874,2511384.5965240845,27.474835518202138
Arroyo,1990-1994,2,60,5,0.011558967367892234,2.5,0.05617162197590841,88654.4581274843,4979.8647084160475,430822.62886638136,0.9354171286521324,2061231.6512721868,23.250174833939592
Arroyo,1990-1994,2,65,5,0.015259696165520082,2.5,0.073494713339277,83674.59341906825,6149.640257114981,402998.8664525538,0.909434205505352,1630409.0224058055,19.485114367275294
Arroyo,1990-1994,2,70,5,0.023054577786293468,2.5,0.10899103329376815,77524.95316195326,8449.524751172255,366500.9539318357,0.8591643374297563,1227410.1559532518,15.832452725113349
Arroyo,1990-1994,2,75,5,0.03873494952241884,2.5,0.17657562756093828,69075.42841078101,12197.03712067433,314884.54925221927,0.7780930137337492,860909.202021416,12.463320486435794
Arroyo,1990-1994,2,80,5,0.06429545581448977,2.5,0.276959229341151,56878.39129010668,15752.995417872378,245009.46790585248,0.551284970993027,546024.6527691968,9.599861043611677
Arroyo,1990-1994,2,85,NA,0.11768089386775045,7.319447715434002,1,41125.3958722343,41125.3958722343,301015.1848633443,0,301015.1848633443,7.319447715434002
Arroyo,1995-1999,1,0,1,0.01870737065673708,0.111960377223014,0.018401665872375274,100000,1840.1665872375306,98365.85915802277,0.9810127977566815,6996958.31362022,69.9695831362022
Arroyo,1995-1999,1,1,4,5.294514051927925e-4,1.5975557807265333,0.002115115241841765,98159.83341276247,207.61935978797555,392140.539720318,0.9978159027848083,6898592.454462197,70.2791785052608
Arroyo,1995-1999,1,5,5,2.6641739115211934e-4,2.5,0.001331200318470727,97952.2140529745,130.3940185422398,489435.0852185168,0.9985963885377073,6506451.914741879,66.42475596542475
Arroyo,1995-1999,1,10,5,2.9544187937332174e-4,2.5,0.0014761191283429675,97821.82003443225,144.39665972214425,488748.1085228559,0.9961042094517376,6017016.829523362,61.5099660526193
Arroyo,1995-1999,1,15,5,0.0012678134756871863,2.5,0.006319038971532179,97677.42337471011,617.2274449436372,486844.04826119146,0.9915196733026005,5528268.721000507,56.59720056079861
Arroyo,1995-1999,1,20,5,0.0021424861860751885,2.5,0.010655358534207895,97060.19592976647,1034.2111870321387,482715.45168125205,0.9867930946289302,5041424.672739315,51.9412167309793
Arroyo,1995-1999,1,25,5,0.0031823043548289036,2.5,0.01578593266845487,96025.98474273433,1515.8597295708605,476340.2743897445,0.9840673283143428,4558709.221058063,47.47370446938313
Arroyo,1995-1999,1,30,5,0.0032424248093874033,2.5,0.016081764268331127,94510.12501316347,1519.889551432192,468750.9011872369,0.9828763662966377,4082368.9466683185,43.19504334694004
Arroyo,1995-1999,1,35,5,0.0036698701847398983,2.5,0.018182532092674536,92990.23546173128,1690.7979405883088,460724.18245718564,0.9796012360933294,3613618.0454810816,38.86018814274549
Arroyo,1995-1999,1,40,5,0.004583125472394362,2.5,0.022656038691890912,91299.43752114297,2068.483589026888,451325.97863314766,0.9724810790774134,3152893.863023896,34.53355188846321
Arroyo,1995-1999,1,45,5,0.006606239478443181,2.5,0.03249453076232698,89230.95393211608,2899.517977498923,438905.9747168331,0.9623918903668067,2701567.884390748,30.276129138393056
Arroyo,1995-1999,1,50,5,0.008766703522011662,2.5,0.04289343259358494,86331.43595461716,3703.051628826768,422399.5507010189,0.948566460127228,2262661.9096739152,26.2090151131432
Arroyo,1995-1999,1,55,5,0.012446900584607946,2.5,0.06035637832150289,82628.3843257904,4987.150024461938,400674.0465677971,0.9245584245824976,1840262.3589728961,22.27155200950122
Arroyo,1995-1999,1,60,5,0.01917642964575145,2.5,0.09149574398521199,77641.23430132846,7103.8424963302095,370446.56526581675,0.8898561914712143,1439588.3124050992,18.541543361070286
Arroyo,1995-1999,1,65,5,0.02796080310979967,2.5,0.1306699254072851,70537.39180499825,9217.115725583564,329644.1697110323,0.8387077557750816,1069141.7471392823,15.157092143340682
Arroyo,1995-1999,1,70,5,0.04358621263301046,2.5,0.19651743625796766,61320.27607941468,12050.503445757357,276475.12178268004,0.7703087298421712,739497.5774282501,12.05959308582599
Arroyo,1995-1999,1,75,5,0.06268953415601974,2.5,0.2709788293369122,49269.772633657325,13351.065309964295,212971.1998933759,0.6647794649533455,463022.45564557,9.397698241644992
Arroyo,1995-1999,1,80,5,0.10740205380389249,2.5,0.4233410290664794,35918.70732369303,15205.862521149895,141578.88031559042,0.43380056264985145,250051.25575219415,6.961588386207123
Arroyo,1995-1999,1,85,NA,0.19141707233320562,5.236961724508525,1,20712.844802543135,20712.844802543135,108472.37543660373,0,108472.37543660373,5.236961724508525
Arroyo,1995-1999,2,0,1,0.008036950889739903,0.13251189594484428,0.007981305552350063,100000,798.1305552350095,99307.6312378507,0.9916383575238922,7764081.250086252,77.64081250086252
Arroyo,1995-1999,2,1,4,2.998548980828579e-4,1.5110144158663266,0.0011985250916840278,99201.86944476499,118.89592967151839,396511.5475240954,0.9988282543556,7664773.6188484,77.26440702930604
Arroyo,1995-1999,2,5,5,1.4268913418532473e-4,2.5,7.13191259318372e-4,99082.97351509347,70.66511065824307,495238.20479882177,0.9992090473662989,7268262.071324305,73.35530831860953
Arroyo,1995-1999,2,10,5,1.7382941012481632e-4,2.5,8.68769506397003e-4,99012.30840443523,86.01887429974158,494846.49483642675,0.9982785088797265,6773023.866525483,68.40587777087002
Arroyo,1995-1999,2,15,5,5.156547330287154e-4,2.5,0.0025749541968462368,98926.28953013549,254.7306644040509,493994.62098966737,0.9964334164539042,6278177.371689057,63.46318457417291
Arroyo,1995-1999,2,20,5,9.142393965985995e-4,2.5,0.0045607728873615855,98671.55886573144,450.01857042853953,492232.7479025858,0.9948203005299451,5784182.750699389,58.62056723528903
Arroyo,1995-1999,2,25,5,0.0011636678411233502,2.5,0.0058014617693854,98221.5402953029,569.8285109533463,489683.1301991311,0.9938130948011803,5291950.002796804,53.87769308938309
Arroyo,1995-1999,2,30,5,0.001319256352389762,2.5,0.0065745978121286635,97651.71178434955,642.0207306480006,486653.5070951278,0.9919905271520745,4802266.872597672,49.177498119058285
Arroyo,1995-1999,2,35,5,0.0018997487729956253,2.5,0.009453844043424158,97009.69105370155,917.11448992246,482755.6690437016,0.9900407163127731,4315613.365502545,44.48641489965735
Arroyo,1995-1999,2,40,5,0.002104928279774665,2.5,0.010469547283489686,96092.57656377909,1006.0457739268313,477947.7683840784,0.9858719577732233,3832857.696458843,39.887136275452846
Arroyo,1995-1999,2,45,5,0.003597108714752345,2.5,0.01782524521152925,95086.53078985226,1694.9407276427519,471195.30213015445,0.9812840133676235,3354909.9280747646,35.28270408234101
Arroyo,1995-1999,2,50,5,0.003963466117063027,2.5,0.01962289389761038,93391.5900622095,1832.6132627198676,462376.4171542479,0.9743194800481612,2883714.62594461,30.877669220790928
Arroyo,1995-1999,2,55,5,0.006475023842652408,2.5,0.03185939338383018,91558.97679948964,2917.0134596759162,450502.35034825845,0.9590622701525359,2421338.2087903623,26.44566697258962
Arroyo,1995-1999,2,60,5,0.01032265412209222,2.5,0.0503148145411474,88641.96333981372,4460.003946005905,432059.80683405383,0.9417785397441932,1970835.8584421037,22.233666586183325
Arroyo,1995-1999,2,65,5,0.013767493559316375,2.5,0.06654700416838188,84181.95939380782,5602.057202682292,406904.6539623334,0.9061707588315671,1538776.05160805,18.279166494682922
Arroyo,1995-1999,2,70,5,0.026224861789513783,2.5,0.12305646216604148,78579.90219112553,9669.76476099348,368725.0990531439,0.8370574491399497,1131871.3976457166,14.404082546358085
Arroyo,1995-1999,2,75,5,0.046534629844735866,2.5,0.20842562585086122,68910.13743013205,14362.638521344132,308644.0908472999,0.7411314200675928,763146.2985925727,11.074514244966153
Arroyo,1995-1999,2,80,5,0.07692671041126198,2.5,0.32259342465816926,54547.498908787915,17596.664479523635,228745.8333451305,0.49671128226217154,454502.20774527284,8.33222818346397
Arroyo,1995-1999,2,85,NA,0.12181449537111631,6.109642120053128,1,36950.83442926428,36950.83442926428,225756.37440014235,0,225756.37440014235,6.109642120053128
Arroyo,2000-2004,1,0,1,0.013276599688065672,0.12279720915244936,0.013123756868235423,100000,1312.375686823536,98848.78038487793,0.9863467867452422,7248615.580328816,72.48615580328816
Arroyo,2000-2004,1,1,4,4.5255216720795554e-4,1.6134581205560068,0.0018082556899408015,98687.62431317646,178.45245819105185,394324.61298774317,0.9982110558788165,7149766.799943938,72.44846402680426
Arroyo,2000-2004,1,5,5,2.0697146680181275e-4,2.5,0.0010343221460797647,98509.17185498541,101.89021804158983,492291.13372982305,0.9988240765322287,6755442.186956194,68.57678386435761
Arroyo,2000-2004,1,10,5,2.637080207570176e-4,2.5,0.0013176714024911904,98407.28163694382,129.66846080990217,491712.2370326944,0.9971307010664432,6263151.053226371,63.645199308859624
Arroyo,2000-2004,1,15,5,8.865553449715633e-4,2.5,0.004422973697427509,98277.61317613392,434.67929812398506,490301.36763535964,0.9933175581348153,5771438.8161936775,58.725874893299036
Arroyo,2000-2004,1,20,5,0.001798439367624557,2.5,0.008951947998877512,97842.93387800994,875.8848561335617,487024.95724971575,0.9900255120372277,5281137.4485583175,53.97566527535665
Arroyo,2000-2004,1,25,5,0.002213433685133116,2.5,0.011006264335098614,96967.04902187637,1067.244973329245,482167.13267605874,0.9874052546702035,4794112.491308602,49.44063514016003
Arroyo,2000-2004,1,30,5,0.002860491610133131,2.5,0.014200904132844885,95899.80404854713,1361.8639236520248,476094.36043360556,0.9848335940241272,4311945.358632543,44.96302574768263
Arroyo,2000-2004,1,35,5,0.003255444168101284,2.5,0.016145816331467642,94537.9401248951,1526.3922176118358,468873.720080446,0.9812302544991123,3835850.9981989376,40.57472579930717
Arroyo,2000-2004,1,40,5,0.004333798323844527,2.5,0.021436735399366455,93011.54790728327,1993.8639415739308,460073.07968248153,0.975883793012239,3366977.2781184916,36.199561816504726
Arroyo,2000-2004,1,45,5,0.005443972437395776,2.5,0.02685437598032796,91017.68396570934,2444.2231060738122,448977.86206336215,0.9689025479975141,2906904.1984360097,31.93779573133478
Arroyo,2000-2004,1,50,5,0.007219516945285741,2.5,0.03545761754958203,88573.46085963552,3140.6039002038306,435015.794547668,0.9578163113217703,2457926.336372648,27.750144484788535
Arroyo,2000-2004,1,55,5,0.010079133558170313,2.5,0.04915701743083484,85432.8569594317,4199.6244387208135,416665.22370035644,0.9326584823701748,2022910.5418249797,23.6783670103128
Arroyo,2000-2004,1,60,5,0.018074647700538436,2.5,0.08646612656352735,81233.23252071088,7023.922964300233,388606.35519280384,0.9017114287039646,1606245.3181246233,19.773253732271478
Arroyo,2000-2004,1,65,5,0.023556073641436776,2.5,0.11123001230471444,74209.30955641065,8254.302415083905,350410.79174434347,0.8603532812808596,1217638.9629318195,16.408169948087497
Arroyo,2000-2004,1,70,5,0.03754575538798263,2.5,0.17161979027628727,65955.00714132674,11319.184493265537,301477.07447346987,0.7952696459402273,867228.171187476,13.148784433139415
Arroyo,2000-2004,1,75,5,0.0557627044642158,2.5,0.24470060370459298,54635.82264806121,13369.41878587765,239755.56627561193,0.7025265399974803,565751.0967140062,10.354947894869525
Arroyo,2000-2004,1,80,5,0.08999899069580887,2.5,0.36734357582250693,41266.40386218356,15158.948356070221,168434.64842074222,0.48332221550941606,325995.53043839417,7.8997804491788
Arroyo,2000-2004,1,85,NA,0.16232681354041786,6.035091469590264,1,26107.455506113336,26107.455506113336,157560.88201765195,0,157560.88201765195,6.035091469590264
Arroyo,2000-2004,2,0,1,0.009135560672987526,0.13025395621562894,0.00906354520728267,100000,906.3545207282732,99211.7017413305,0.9907030574094625,7956973.042224392,79.56973042224392
Arroyo,2000-2004,2,1,4,2.37923176010759e-4,1.509253611947751,9.511290589788633e-4,99093.64547927173,94.25084577548841,396139.82696340076,0.9990028298993362,7857761.340483062,79.29631917847585
Arroyo,2000-2004,2,5,5,1.126741934778737e-4,2.5,5.632123186549654e-4,98999.39463349624,55.757678596972255,494857.5789709888,0.9993744484806029,7461621.5135196615,75.37037515373895
Arroyo,2000-2004,2,10,5,1.3763251050704004e-4,2.5,6.879258501307097e-4,98943.63695489927,68.06588556720817,494548.0200605783,0.998521850711535,6966763.934548672,70.41143977479098
Arroyo,2000-2004,2,15,5,4.5429872621794424e-4,2.5,0.002268916716154612,98875.57106933206,224.34043601853773,493817.00425661396,0.9966902303541594,6472215.914488094,65.4581899703997
Arroyo,2000-2004,2,20,5,8.724968958603584e-4,2.5,0.004352989554616503,98651.23063331352,429.42777649687196,492182.5837253255,0.9952679871333238,5978398.91023148,60.6013617047838
Arroyo,2000-2004,2,25,5,0.001025159317892776,2.5,0.005112693276583836,98221.80285681665,502.177951079997,489853.56940638326,0.9942946119698696,5486216.326506155,55.85538207340498
Arroyo,2000-2004,2,30,5,0.0012642086953172193,2.5,0.006301128622598594,97719.62490573665,615.7439254831261,487058.76471497543,0.9929702055539185,4996362.757099772,51.12957363394934
Arroyo,2000-2004,2,35,5,0.0015586661860131459,2.5,0.007763080801205414,97103.88098025353,753.8252741603501,483634.84171586676,0.991294764571357,4509303.992384796,46.4379378750246
Arroyo,2000-2004,2,40,5,0.0019403189184356558,2.5,0.009654761302159379,96350.05570609318,930.2367892920884,479424.68655723566,0.9884818772938692,4025669.1506689293,41.78170029240934
Arroyo,2000-2004,2,45,5,0.0026980061296802585,2.5,0.013399649805126791,95419.81891680109,1278.592157953739,473902.6141891211,0.9843974462445559,3546244.4641116937,37.164653049737524
Arroyo,2000-2004,2,50,5,0.0035991716415090676,2.5,0.01783537675199184,94141.22675884735,1679.0442471387505,466508.52317638986,0.9789375078408896,3072341.8499225727,32.63545585392359
Arroyo,2000-2004,2,55,5,0.004929656064337264,2.5,0.02434820957422795,92462.1825117086,2251.288597485589,456682.691064829,0.9681730936947506,2605833.3267461825,28.182693247763243
Arroyo,2000-2004,2,60,5,0.008057553456677764,2.5,0.039492240192207144,90210.89391422301,3562.6302904142067,442147.8938450795,0.9444211272655968,2149150.6356813535,23.823626420605837
Arroyo,2000-2004,2,65,5,0.015008130618722805,2.5,0.07232692331279221,86648.2636238088,6267.002318305822,417573.81232327945,0.9109679513248816,1707002.741836274,19.70036871422351
Arroyo,2000-2004,2,70,5,0.02261845635881888,2.5,0.1070396051970573,80381.26130550298,8603.978475382537,380396.3603390585,0.866883805078684,1289428.9295129946,16.04141199790702
Arroyo,2000-2004,2,75,5,0.0353311729095315,2.5,0.16231859838290907,71777.28283012044,11650.787944718795,329759.44428880524,0.7900263955667703,909032.5691739362,12.66462776705267
Arroyo,2000-2004,2,80,5,0.061590687522348676,2.5,0.2668627820589065,60126.49488540165,16045.52370056889,260518.665175586,0.5502662664917409,579273.1248851309,9.634240711839249
Arroyo,2000-2004,2,85,NA,0.1196221812743658,7.231112453784163,1,44080.97118483276,44080.97118483276,318754.45970954496,0,318754.45970954496,7.231112453784163
Arroyo,2005-2009,1,0,1,0.012073097813182089,0.1251987369686858,0.011946919689542267,100000,1194.6919689542265,98954.88195662547,0.9875808650780171,7356113.947262266,73.56113947262266
Arroyo,2005-2009,1,1,4,4.0991072315643565e-4,1.6170039309754092,0.0016380428267703975,98805.30803104577,161.84732606708712,394835.55058238306,0.9983509023267257,7257159.06530564,73.44908092412764
Arroyo,2005-2009,1,5,5,1.9569275474762228e-4,2.5,9.779853121385238e-4,98643.46070497869,96.47185570799047,492976.1238856234,0.9989149974142149,6862323.514723257,69.56693799751193
Arroyo,2005-2009,1,10,5,2.385671255145008e-4,2.5,0.0011921246232109678,98546.9888492707,117.4802919505164,492441.2435164772,0.9971119281384734,6369347.390837634,64.63259268712572
Arroyo,2005-2009,1,15,5,9.193166717075519e-4,2.5,0.004586043293395781,98429.50855732018,451.4019875915401,491019.03781762207,0.993211815166939,5876906.147321156,59.70675088658758
Arroyo,2005-2009,1,20,5,0.0018082318736964847,2.5,0.00900047201753139,97978.10656972864,881.849206511557,487685.9098323643,0.9903024169652833,5385887.109503535,54.970312226543484
Arroyo,2005-2009,1,25,5,0.002091079759793071,2.5,0.010401025364911205,97096.25736321708,1009.9006356727477,482956.53522690356,0.9877985748075603,4898201.199671171,50.44685894892951
Arroyo,2005-2009,1,30,5,0.0028239464890160164,2.5,0.014020747840982777,96086.35672754433,1347.2025786356244,477063.7771911326,0.9853249310274238,4415244.664444267,45.95079691660931
Arroyo,2005-2009,1,35,5,0.003091448317295943,2.5,0.015338694632204107,94739.15414890871,1453.1749552034162,470062.833356535,0.9830098815931548,3938180.887253134,41.56867266371406
Arroyo,2005-2009,1,40,5,0.003768628489713786,2.5,0.01866726745864454,93285.9791937053,1741.3943237504427,462076.4101591504,0.9779104413407048,3468118.053896599,37.17727019507578
Arroyo,2005-2009,1,45,5,0.0051816554561553005,2.5,0.025576949925444036,91544.58486995485,2341.431263164399,451869.3461918633,0.9674167546184241,3006041.643737449,32.83691381645053
Arroyo,2005-2009,1,50,5,0.008116091290533726,2.5,0.039773444192652344,89203.15360679045,3547.9166517882695,437145.97640448157,0.951333626939243,2554172.2975455853,28.63320627434805
Arroyo,2005-2009,1,55,5,0.011931101363763701,2.5,0.05792765500960662,85655.23695500218,4961.807016095481,415871.6672347722,0.9339553524083163,2117026.3211411037,24.715667090539423
Arroyo,2005-2009,1,60,5,0.015511188661806966,2.5,0.0746607508296574,80693.4299389067,6024.6320662591315,388405.5695288857,0.9092299878968406,1701154.6539063316,21.081699652552658
Arroyo,2005-2009,1,65,5,0.022872998533145956,2.5,0.1081790448313673,74668.79787264757,8077.599232569439,353149.99128181423,0.8772039340068347,1312749.084377446,17.580959139270245
Arroyo,2005-2009,1,70,5,0.029919414228157946,2.5,0.13918615088305705,66591.19864007813,9268.572621401538,309784.5616468868,0.8286411388212169,959599.0930956317,14.410299149024386
Arroyo,2005-2009,1,75,5,0.046611408043655635,2.5,0.2087336203427183,57322.626018676594,11965.159256430074,256700.23195230777,0.7389260384395802,649814.5314487449,11.33609146302937
Arroyo,2005-2009,1,80,5,0.07824622976151883,2.5,0.32722152268941845,45357.46676224652,14841.939339276993,189682.48546304012,0.5174876983462179,393114.29949643713,8.667025024943577
Arroyo,2005-2009,1,85,NA,0.16421876813672795,6.6665016538521495,1,30515.527422969528,30515.527422969528,203431.81403339698,0,203431.81403339698,6.6665016538521495
Arroyo,2005-2009,2,0,1,0.0075131965927150764,0.13358835243889047,0.007464605585612585,100000,746.460558561259,99353.25787761755,0.9922316904950402,8106272.326271343,81.06272326271343
Arroyo,2005-2009,2,1,4,2.5483152235798533e-4,1.5118550867122083,0.0010186801873581612,99253.53944143874,101.10761415417073,396762.5873699026,0.9990252844040186,8006919.068393725,80.6713706478744
Arroyo,2005-2009,2,5,5,1.0482428013739439e-4,2.5,5.239840850506747e-4,99152.43182728457,51.95429627157864,495632.27339574386,0.9994025793199152,7610156.481023823,76.7520911063492
Arroyo,2005-2009,2,10,5,1.3422418019767545e-4,2.5,6.708957748999171e-4,99100.47753101299,66.48609166609822,495336.1724258998,0.9986046897519252,7114524.207628079,71.79101841766226
Arroyo,2005-2009,2,15,5,4.244922173734067e-4,2.5,0.0021202110541378573,99033.9914393469,209.97296338509477,494645.02478827175,0.9967838755992798,6619188.035202179,66.83753667806153
Arroyo,2005-2009,2,20,5,8.647386499870997e-4,2.5,0.004314366251815137,98824.0184759618,426.3630101814633,493054.18485435535,0.995544758019672,6124543.0104139075,61.974235665226026
Arroyo,2005-2009,2,25,5,9.214634849455165e-4,2.5,0.004596728131918122,98397.65546578034,452.3072709943226,490857.50915141584,0.9949955597320964,5631488.825559552,57.23194113621955
Arroyo,2005-2009,2,30,5,0.0010857461740902997,2.5,0.005414035200438334,97945.34819478601,530.2795628457679,488401.04206681566,0.9940623625744123,5140631.316408136,52.484690811296645
Arroyo,2005-2009,2,35,5,0.0012970099710904659,2.5,0.006464089882872054,97415.06863194024,629.699759583018,485501.0937607437,0.9922308143784009,4652230.274341321,47.7567828024499
Arroyo,2005-2009,2,40,5,0.0018248418123191826,2.5,0.009082772504003193,96785.36887235723,879.0794871836551,481729.14564382704,0.9899541416158464,4166729.1805805764,43.05123004775396
Arroyo,2005-2009,2,45,5,0.0022157607601518813,2.5,0.011017771933970421,95906.28938517357,1056.6736234792188,476889.76286716986,0.9857262025238906,3685000.0349367494,38.42292365349737
Arroyo,2005-2009,2,50,5,0.003544349558068194,2.5,0.01756609682157464,94849.61576169435,1666.137533959074,470082.73497357406,0.9811925360344377,3208110.27206958,33.82312354464167
Arroyo,2005-2009,2,55,5,0.004054898383386286,2.5,0.020071026979798214,93183.47822773528,1870.2881055803155,461241.67087472556,0.9705880905817134,2738027.537096006,29.383186689001
Arroyo,2005-2009,2,60,5,0.007943498852646697,2.5,0.038944112971467985,91313.19012215496,3556.1111919023388,447675.67263101897,0.9553488042713267,2276785.8662212803,24.93381145895233
Arroyo,2005-2009,2,65,5,0.010380480296289938,2.5,0.05058954211854985,87757.07893025262,4439.590440742904,427686.4185494059,0.9348778983218626,1829110.193590261,20.84287918293175
Arroyo,2005-2009,2,70,5,0.016759793341023756,2.5,0.08042903182510051,83317.48848950972,6701.144933310221,399834.58011427306,0.8802524681361582,1401423.7750408552,16.820283477667534
Arroyo,2005-2009,2,75,5,0.03537532756988118,2.5,0.1625049713649801,76616.3435561995,12450.536715689675,351955.3759917733,0.8008789206420657,1001589.1949265822,13.072787716525497
Arroyo,2005-2009,2,80,5,0.05528064609042111,2.5,0.24284206484561213,64165.806840509824,15582.157025634115,281873.6416384638,0.5661038058322668,649633.8189348088,10.124299076446356
Arroyo,2005-2009,2,85,NA,0.13619248749565002,7.569628438737458,1,48583.64981487571,48583.64981487571,367760.177296345,0,367760.177296345,7.569628438737458
Arroyo,2010-2014,1,0,1,0.01201631219667881,0.12531204982713728,0.011891328113288732,100000,1189.1328113288764,98959.87985877546,0.9876952392888578,7426270.296008542,74.26270296008542
Arroyo,2010-2014,1,1,4,3.780530833984381e-4,1.617171428394661,0.0015108513048180455,98810.86718867112,149.28852762220777,394887.7397856534,0.9984374556824703,7327310.416149766,74.15490446166085
Arroyo,2010-2014,1,5,5,1.8815149877969705e-4,2.5,9.403151896178553e-4,98661.57866104892,92.77298104666988,493075.96085262793,0.9989569872578874,6932422.676364113,70.26466402063559
Arroyo,2010-2014,1,10,5,2.2929275332867364e-4,2.5,0.001145806953565453,98568.80568000225,112.94082295279077,492561.67634262925,0.9975078771505014,6439346.715511485,65.32844413694572
Arroyo,2010-2014,1,15,5,7.69474010233758e-4,2.5,0.003839983133117116,98455.86485704946,378.0688604075258,491334.15213422844,0.9938806351908743,5946785.039168856,60.40051598554482
Arroyo,2010-2014,1,20,5,0.0016886051040668967,2.5,0.008407533012440937,98077.79599664193,824.5923076292092,488327.4992141366,0.9909760917037506,5455450.887034628,55.623710051777834
Arroyo,2010-2014,1,25,5,0.0019384506150196194,2.5,0.00964550971450246,97253.20368901272,938.0567209488654,483920.87664269144,0.9894127391233839,4967123.387820491,51.07413637193791
Arroyo,2010-2014,1,30,5,0.0023210270545550565,2.5,0.01153818417867741,96315.14696806385,1111.3019049138966,478797.4800780345,0.9875004897368503,4483202.5111778,46.54722182653512
Arroyo,2010-2014,1,35,5,0.0027126842756489923,2.5,0.0134720577799939,95203.84506314996,1282.5917015683517,472812.7460618289,0.9844342175171671,4004405.0310997646,42.06137922731577
Arroyo,2010-2014,1,40,5,0.0035691858886679863,2.5,0.017688099158554748,93921.2533615816,1661.288442555393,465453.0457015196,0.9792937500740474,3531592.2850379357,37.60163071335811
Arroyo,2010-2014,1,45,5,0.004812972697269523,2.5,0.02377874733213552,92259.96491902621,2193.8263946812076,455815.25860842806,0.9724377537621706,3066139.239336416,33.233691797167644
Arroyo,2010-2014,1,50,5,0.0063879932405231125,2.5,0.03143790341631644,90066.138524345,2831.490564008942,443251.9662117027,0.9598541101453119,2610323.9807279883,28.982301489725952
Arroyo,2010-2014,1,55,5,0.010074825537693606,2.5,0.049136522947895715,87234.64796033606,4286.407281354652,425457.2215982937,0.9436106804312984,2167072.0145162856,24.841872641036073
Arroyo,2010-2014,1,60,5,0.013226749705802808,2.5,0.06401690943395899,82948.24067898141,5310.090011252585,401465.9783667756,0.9200838189615049,1741614.7929179918,20.996404247538266
Arroyo,2010-2014,1,65,5,0.02036740818977409,2.5,0.09690288920105462,77638.15066772883,7523.361111929713,369382.35055881983,0.872485821230184,1340148.8145512163,17.261472652622885
Arroyo,2010-2014,1,70,5,0.03511605870563392,2.5,0.16141007900327,70114.78955579911,11317.233721499186,322280.86347524764,0.8085880011961907,970766.4639923964,13.845387972245655
Arroyo,2010-2014,1,75,5,0.05126064294124111,2.5,0.22718862698564998,58797.55583429993,13358.135980106694,260592.4392212329,0.7284152504415083,648485.6005171487,11.029125128001503
Arroyo,2010-2014,1,80,5,0.07876449161021878,2.5,0.32903230289828633,45439.419854193235,14951.036956987318,189819.5068784979,0.5106397177915483,387893.1612959159,8.536490178364819
Arroyo,2010-2014,1,85,NA,0.17888032888723676,6.496692693910319,1,30488.382897205916,30488.382897205916,198073.654417418,0,198073.654417418,6.496692693910319
Arroyo,2010-2014,2,0,1,0.007776722016584285,0.13304673654097482,0.007724642058590561,100000,772.4642058590543,99330.30963582521,0.9920797363801989,8217538.975932531,82.17538975932531
Arroyo,2010-2014,2,1,4,2.031774284180437e-4,1.511432007370673,8.122989983660773e-4,99227.53579414095,80.60242793592624,396709.5585542742,0.9991451967973561,8118208.666296707,81.81407107739604
Arroyo,2010-2014,2,5,5,9.589290453949053e-5,2.5,4.7934960713215825e-4,99146.93336620502,47.52604355743097,495615.8517221315,0.9994669814670885,7721499.107742432,77.87935385981754
Arroyo,2010-2014,2,10,5,1.1737707278033151e-4,2.5,5.867131972075332e-4,99099.40732264759,58.14293011164409,495351.67928795883,0.9987718139372499,7225883.2560203,72.91550425215247
Arroyo,2010-2014,2,15,5,3.7435713253236504e-4,2.5,0.0018700355098338372,99041.26439253594,185.21068135289534,494743.2952592975,0.9973795478875658,6730531.576732342,67.95684221131143
Arroyo,2010-2014,2,20,5,6.755940743606286e-4,2.5,0.0033722746498767095,98856.05371118305,333.36976391705684,493446.8441461226,0.9961364761233796,6235788.281473044,63.079478164194846
Arroyo,2010-2014,2,25,5,8.731890630815867e-4,2.5,0.004356435336183988,98522.68394726599,429.20770176357473,491540.40048192104,0.9953262379293485,5742341.437326922,58.284460057954725
Arroyo,2010-2014,2,30,5,0.0010009941737813646,2.5,0.004992477267263656,98093.47624550242,489.72945022254135,489243.0576019558,0.994373796301071,5250801.036845,53.52854479031422
Arroyo,2010-2014,2,35,5,0.0012565569511567049,2.5,0.006263109870175456,97603.74679527988,611.3029899196117,486490.47650160035,0.9928026858396726,4761557.979243045,48.784581899609144
Arroyo,2010-2014,2,40,5,0.0016341300603977768,2.5,0.008137406351158633,96992.44380536026,789.2669282361458,482989.05170621094,0.9901819621471692,4275067.502741445,44.07629434845918
Arroyo,2010-2014,2,45,5,0.002315821907886536,2.5,0.011512457535994008,96203.17687712412,1107.5349886256154,478247.0469140565,0.9871553481258281,3792078.4510352337,39.417393210191804
Arroyo,2010-2014,2,50,5,0.0028587586008018903,2.5,0.014192361664077271,95095.6418884985,1349.631742359139,472104.13008659467,0.9815241210345625,3313831.404121177,34.847353025985235
Arroyo,2010-2014,2,55,5,0.004616894163127227,2.5,0.02282106471444496,93746.01014613936,2139.3837642660656,463381.5913200316,0.9709260831445126,2841727.2740345825,30.313047665758287
Arroyo,2010-2014,2,60,5,0.007222663703045228,2.5,0.03547279828370327,91606.6263818733,3249.5433790947573,449909.2734616296,0.9588395827584749,2378345.6827145508,25.962594373906196
Arroyo,2010-2014,2,65,5,0.00963821619355556,2.5,0.04705721201071468,88357.08300277854,4157.83798751008,431390.8200451175,0.9346884351762347,1928436.4092529211,21.825487484600167
Arroyo,2010-2014,2,70,5,0.017638401327648857,2.5,0.08446733476412789,84199.24501526846,7112.085815591505,403216.01053736353,0.8839164729059674,1497045.5892078036,17.77979825040395
Arroyo,2010-2014,2,75,5,0.032576618258168245,2.5,0.150616639379829,77087.15919967696,11610.608857993211,356409.27385340177,0.821607978429607,1093829.57867044,14.189517294795108
Arroyo,2010-2014,2,80,5,0.047200357576994416,2.5,0.21109266474085023,65476.550341683746,13821.619489664445,292828.7029842576,0.602901220550319,737420.3048170384,11.262357301489983
Arroyo,2010-2014,2,85,NA,0.12235995963369131,8.606953769940061,1,51654.9308520193,51654.9308520193,444591.6018327807,0,444591.6018327807,8.606953769940061
Arroyo,2015-2019,1,0,1,0.012627537791447433,0.12409237971405623,0.012489398097181165,100000,1248.9398097181256,98906.04410338942,0.9871624179016116,7621774.440851474,76.21774440851475
Arroyo,2015-2019,1,1,4,3.4965133610440584e-4,1.6153694435331931,0.0013974401738089518,98751.06019028187,137.99869871612464,394675.1648474164,0.9985432996441177,7522868.396748085,76.18012791206887
Arroyo,2015-2019,1,5,5,1.648318138725989e-4,2.5,8.238195901696158e-4,98613.06149156575,81.23937190334254,492862.2090280704,0.99906214019566,7128193.231900668,72.28447351784462
Arroyo,2015-2019,1,10,5,2.105095362959228e-4,2.5,0.001051994044533362,98531.8221196624,103.65489006691496,492399.97337314475,0.9978210189931651,6635331.022872598,67.34201073450454
Arroyo,2015-2019,1,15,5,6.62526499096018e-4,2.5,0.0033071548012489895,98428.16722959549,325.5171858315007,491327.04318339867,0.9944735878018087,6142931.049499453,62.410295979303676
Arroyo,2015-2019,1,20,5,0.0015566410201022093,2.5,0.0077530333760525835,98102.65004376399,760.5931200685009,488611.7674186487,0.9904838587471321,5651604.006316055,57.60908603177234
Arroyo,2015-2019,1,25,5,0.0022714307367822963,2.5,0.011293025371560916,97342.05692369549,1099.2863185592287,483962.0688220794,0.9891239572764596,5162992.238897406,53.0396870793944
Arroyo,2015-2019,1,30,5,0.0021018461208424004,2.5,0.010454297293679865,96242.77060513626,1006.1505362735334,478698.4766849975,0.9879081911348337,4679030.170075326,48.61695211656362
Arroyo,2015-2019,1,35,5,0.002768351806135402,2.5,0.013746620327646265,95236.62006886273,1309.1816573749384,472910.1462008763,0.9840012906476976,4200331.693390328,44.104165922238685
Arroyo,2015-2019,1,40,5,0.0036901698903213883,2.5,0.01828218849779756,93927.43841148779,1717.1991341541143,465344.19422205363,0.9818073000072978,3727421.5471894527,39.68405409780206
Arroyo,2015-2019,1,45,5,0.003653374859540027,2.5,0.018101544974379557,92210.23927733368,1669.1477933769493,456878.326903226,0.9778537804285989,3262077.3529673987,35.37651977191273
Arroyo,2015-2019,1,50,5,0.005322997234554832,2.5,0.02626545876188953,90541.09148395673,2378.1033046283264,446760.1991582128,0.9668507166295938,2805199.026064173,30.982606682637964
Arroyo,2015-2019,1,55,5,0.008208833046403257,2.5,0.04021879186269404,88162.9881793284,3545.8088715775666,431950.4187176981,0.953684754457915,2358438.82690596,26.750894855205736
Arroyo,2015-2019,1,60,5,0.010818318235877814,2.5,0.05266716577943004,84617.17930775083,4456.547010389084,411944.52901278145,0.9299705920368889,1926488.408188262,22.7671073882251
Arroyo,2015-2019,1,65,5,0.018488159837084975,2.5,0.08835690760896227,80160.63229736175,7082.745581773997,383096.29753237375,0.9042446516581073,1514543.8791754805,18.893861435089093
Arroyo,2015-2019,1,70,5,0.021912188768094264,2.5,0.10387084967644009,73077.88671558775,7590.662185706722,346412.7781136719,0.8457458561665553,1131447.5816431069,15.482762741164017
Arroyo,2015-2019,1,75,5,0.0470466020911226,2.5,0.21047739484454456,65487.22452988103,13783.580414649114,292977.1716127824,0.7580443751009459,785034.8035294348,11.987602302052561
Arroyo,2015-2019,1,80,5,0.06561047018108394,2.5,0.2818255790320475,51703.64411523192,14571.409440842152,222089.6969740542,0.5486510470146045,492057.6319166525,9.516884937935972
Arroyo,2015-2019,1,85,NA,0.14481101659532414,7.270446750914136,1,37132.234674389765,37132.234674389765,269967.9349425983,0,269967.9349425983,7.270446750914136
Arroyo,2015-2019,2,0,1,0.006478435467729146,0.1357150659362403,0.006442363295867789,100000,644.2363295867835,99443.19624636161,0.9933713802420733,8350063.677726552,83.50063677726551
Arroyo,2015-2019,2,1,4,1.8280266199979976e-4,1.513518274917623,7.308784378188428e-4,99355.76367041322,72.61698533971503,397242.49387467507,0.9992419225903035,8250620.4814801905,83.0411863055018
Arroyo,2015-2019,2,5,5,8.588961355409771e-5,2.5,4.29355874745091e-4,99283.1466850735,42.62780229243799,496309.1639196364,0.9995220881991915,7853377.987605515,79.10081670272255
Arroyo,2015-2019,2,10,5,1.0532544304142618e-4,2.5,5.264885835988214e-4,99240.51888278106,52.249000222203904,496071.9719133498,0.998887855805625,7357068.823685879,74.13371984053967
Arroyo,2015-2019,2,15,5,3.399102639352313e-4,2.5,0.001698108308567767,99188.26988255886,168.43242520003696,495520.2683497942,0.9974777257107814,6860996.851772529,69.171454042863175
Arroyo,2015-2019,2,20,5,6.706911187169826e-4,2.5,0.0033478421735532423,99019.83745735882,331.5027878581168,494270.4303171488,0.9961343159654743,6365476.583422734,64.28486197186415
Arroyo,2015-2019,2,25,5,8.789803554199537e-4,2.5,0.004385265371811954,98688.3346695007,432.77453662795597,492359.73700593365,0.9953701986050763,5871206.153105586,59.49240275223797
Arroyo,2015-2019,2,30,5,9.774656744928054e-4,2.5,0.00487541449666549,98255.56013287275,479.0365822497988,490080.2092087393,0.9942773354736213,5378846.416099653,54.74343038527023
Arroyo,2015-2019,2,35,5,0.0013191491843006756,2.5,0.006574065488686029,97776.52355062295,642.789269077839,487275.64458042016,0.9932220957143577,4888766.206890913,49.99938665603913
Arroyo,2015-2019,2,40,5,0.0014015118430838651,2.5,0.006983092000070717,97133.73428154511,678.2938027984492,483972.93690072943,0.9913912064376655,4401490.562310493,45.313717163932324
Arroyo,2015-2019,2,45,5,0.0020597374362310568,2.5,0.010245927380668117,96455.44047874666,988.2754386156012,479806.51379719435,0.988548323258228,3917517.6254097633,40.61479172108455
Arroyo,2015-2019,2,50,5,0.0025501366004736705,2.5,0.012669908012003241,95467.16504013106,1209.560199225205,474311.9247025923,0.9805424943212502,3437711.111612569,36.009355783922935
Arroyo,2015-2019,2,55,5,0.005336704631703377,2.5,0.026332205155476403,94257.60484090586,2482.0105881345517,465082.9977341929,0.9709626332429003,2963399.186909977,31.439364408970455
Arroyo,2015-2019,2,60,5,0.006465997615343827,2.5,0.031815687675124445,91775.5942527713,2919.9036429451226,451578.21215649374,0.9623150655599633,2498316.189175784,27.222010486740526
Arroyo,2015-2019,2,65,5,0.008945070558218903,2.5,0.04374705163218467,88855.69060982618,3887.174484921474,434560.5168368273,0.9382944970335684,2046737.9770192902,23.034405145830355
Arroyo,2015-2019,2,70,5,0.016772058962411997,2.5,0.0804855248893959,84968.51612490471,6838.735619386061,407745.7415760584,0.9013897546761542,1612177.460182463,18.97382152481683
Arroyo,2015-2019,2,75,5,0.025152315132838134,2.5,0.11832143087344747,78129.78050551865,9244.427423241345,367537.83396948985,0.8490517323811989,1204431.7186064045,15.415782699163351
Arroyo,2015-2019,2,80,5,0.04148980629941936,2.5,0.18795363203145343,68885.3530822773,12947.25230558309,312058.6346474288,0.6271228164335135,836893.8846369147,12.14908318227419
Arroyo,2015-2019,2,85,NA,0.11748490589051852,9.382428840132356,1,55938.10077669421,55938.10077669421,524835.249989486,0,524835.249989486,9.382428840132356
Arroyo,2020-2024,1,0,1,0.012192498918352885,0.12496047803337275,0.012063791312937791,100000,1206.3791312937828,98944.37058164217,0.9875504764384139,7664094.20610911,76.6409420610911
Arroyo,2020-2024,1,1,4,3.65152751402327e-4,1.6166517967741185,0.0014593409613767184,98793.62086870622,144.17357765641646,394830.8676375648,0.9985012876053355,7565149.8355274685,76.5752866329429
Arroyo,2020-2024,1,5,5,1.7201635984192453e-4,2.5,8.597120878499627e-4,98649.4472910498,84.81012229583575,493035.2111495094,0.9990457066487954,7170318.967889904,72.68483671008309
Arroyo,2020-2024,1,10,5,2.099012880435486e-4,2.5,0.0010489559971804698,98564.63716875396,103.3899672680709,492564.7109255997,0.9977389637814632,6677283.756740394,67.74522738117646
Arroyo,2020-2024,1,15,5,6.96087077464498e-4,2.5,0.0034743891937728216,98461.2472014859,342.09269328224764,491451.0042742238,0.9951947384589367,6184719.0458147945,62.81373861899913
Arroyo,2020-2024,1,20,5,0.0012319373199855628,2.5,0.00614077397833405,98119.15450820365,602.5275507801125,489089.45366406796,0.9922717705777339,5693268.041540571,58.02402262918564
Arroyo,2020-2024,1,25,5,0.001873835882520709,2.5,0.009325493302671664,97516.62695742353,909.3906515905837,485309.65815814125,0.9905905081258903,5204178.587876502,53.367089800477665
Arroyo,2020-2024,1,30,5,0.0019079133624032045,2.5,0.00949428114734743,96607.23630583295,917.2162623557961,480743.1408732753,0.9886575409265262,4718868.929718361,48.845915794337294
Arroyo,2020-2024,1,35,5,0.002659232502816324,2.5,0.013208352314622387,95690.02004347715,1263.9074977275304,475290.33147306694,0.9836114522653353,4238125.7888450865,44.29015467777597
Arroyo,2020-2024,1,40,5,0.003961103321922854,2.5,0.019611310541283424,94426.11254574962,1851.819816340867,467501.013187896,0.9760501435768242,3762835.457372019,39.84952208584165
Arroyo,2020-2024,1,45,5,0.005756711665198588,2.5,0.02837518887400988,92574.29272940876,2626.8130410748563,456304.43104435666,0.9731646049124384,3295334.444184123,35.59664726595605
Arroyo,2020-2024,1,50,5,0.005114701402722966,2.5,0.025250633388584243,89947.4796883339,2271.230833837253,444059.32135707635,0.963704635592874,2839030.0131397666,31.563196911986253
Arroyo,2020-2024,1,55,5,0.009757600008162651,2.5,0.04762620636185039,87676.24885449665,4175.687120977207,427942.0264700402,0.9428002136680405,2394970.69178269,27.316071605176337
Arroyo,2020-2024,1,60,5,0.013918446702051314,2.5,0.06725212086075572,83500.56173351944,5615.589869643649,403463.8339934881,0.9271780965006601,1967028.6653126501,23.557071048098475
Arroyo,2020-2024,1,65,5,0.016404954727782195,2.5,0.07879327343021969,77884.97186387579,6136.811884175331,374082.82960894064,0.9011223849793222,1563564.831319162,20.075308418315892
Arroyo,2020-2024,1,70,5,0.025685846524631753,2.5,0.12067982402673318,71748.15997970046,8658.555320592146,337094.411597022,0.8475650052907086,1189482.0017102214,16.578571520813338
Arroyo,2020-2024,1,75,5,0.04163474322182662,2.5,0.1885483144649881,63089.604659108314,11895.438618737331,285709.4267486982,0.7863981893342016,852387.5901131993,13.5107454662127
Arroyo,2020-2024,1,80,5,0.05570458024780136,2.5,0.24447671874401847,51194.16604037098,12515.781732386356,224681.375870889,0.6035114984193091,566678.1633645011,11.069194152271702
Arroyo,2020-2024,1,85,NA,0.1311015925517425,8.842064983128354,1,38678.38430798463,38678.38430798463,341996.7874936121,0,341996.7874936121,8.842064983128354
Arroyo,2020-2024,2,0,1,0.006278466865295748,0.1361260554057636,0.0062445973933690675,100000,624.459739336904,99460.54550173874,0.9935580080867932,8316764.137215078,83.16764137215078
Arroyo,2020-2024,2,1,4,1.859718705435396e-4,1.5138400400409886,7.435437004181663e-4,99375.5402606631,73.89005693646322,397318.45854165783,0.9992263516059591,8217303.591713339,82.68939791581776
Arroyo,2020-2024,2,5,5,9.152334653737498e-5,2.5,4.575120501021086e-4,99301.65020372663,45.431701563240495,496394.6717647251,0.9995042425022205,7819985.133171681,78.74980040239261
Arroyo,2020-2024,2,10,5,1.0683261564457957e-4,2.5,5.340204512188693e-4,99256.21850216339,53.00485059079074,496148.58038433996,0.9987829195850597,7323590.461406956,73.78470157260053
Arroyo,2020-2024,2,15,5,3.804626039154635e-4,2.5,0.0019005053415498143,99203.2136515726,188.53623744372453,495544.72766425373,0.9972553886952713,6827441.881022616,68.8227894007785
Arroyo,2020-2024,2,20,5,7.193562713303854e-4,2.5,0.0035903245504482362,99014.67741412888,355.4948271746689,494184.6500027077,0.9959816386823559,6331897.153358363,63.949076225085335
Arroyo,2020-2024,2,25,5,8.91570909783042e-4,2.5,0.004447940413213038,98659.18258695421,438.83016536307696,492198.83752136334,0.9954679565198583,5837712.503355655,59.17049331125901
Arroyo,2020-2024,2,30,5,9.25440619399038e-4,2.5,0.004616522303844341,98220.35242159113,453.43644764572673,489968.17098884133,0.9939839532120793,5345513.665834291,54.423686476808264
Arroyo,2020-2024,2,35,5,0.0014899416544738257,2.5,0.007422062173383582,97766.9159739454,725.6321288586041,487020.49954758055,0.9922474503081691,4855545.49484545,49.664505077969714
Arroyo,2020-2024,2,40,5,0.001623665771837608,2.5,0.00808550845088901,97041.2838450868,784.628120614565,483244.8489238976,0.9907124384654983,4368524.99529787,45.01718054628817
Arroyo,2020-2024,2,45,5,0.0021109645551664093,2.5,0.010499413053815408,96256.65572447224,1010.6383876301261,478756.6826532859,0.9874036405337896,3885280.146373972,40.36375580609519
Arroyo,2020-2024,2,50,5,0.0029649265114468195,2.5,0.01471555620046052,95246.01733684211,1401.5981209903402,472726.0913817347,0.9801362413552881,3406523.463720686,35.76552132015507
Arroyo,2020-2024,2,55,5,0.005081514932608774,2.5,0.02508885123259282,93844.41921585177,2354.448672715589,463335.9743974699,0.9721458659216425,2933797.372338951,31.262353125026188
Arroyo,2020-2024,2,60,5,0.006233775106361109,2.5,0.030690580096295376,91489.97054313618,2807.880268961817,450430.15204327635,0.9604416137572753,2470461.3979414813,27.002537909624696
Arroyo,2020-2024,2,65,5,0.00998455216159786,2.5,0.048706967659905336,88682.09027417436,4319.435702997027,432611.86211337923,0.9424385937693209,2020031.2458982049,22.77834498096478
Arroyo,2020-2024,2,70,5,0.013836456207209996,2.5,0.0668691991711915,84362.65457117734,5641.263151130479,407710.1149780605,0.9031193262858015,1587419.3837848257,18.816612538496038
Arroyo,2020-2024,2,75,5,0.02758861708888354,2.5,0.129042804164025,78721.39142004686,10158.429096536667,368210.8843588926,0.8410131093004035,1179709.2688067653,14.985879282951108
Arroyo,2020-2024,2,80,5,0.04281281563007593,2.5,0.1933675545011398,68562.96232351019,13257.85235385094,309670.1807329236,0.6183970459243525,811498.3844478726,11.83581276169
Arroyo,2020-2024,2,85,NA,0.09981418291982132,9.073812600503919,1,55305.10996965925,55305.10996965925,501828.20371494896,0,501828.20371494896,9.073812600503919
Barceloneta,1980-1984,1,0,1,0.01815900030304283,0.11305462284529319,0.01787116655513044,100000,1787.1166555130476,98414.92514395653,0.9814936117720224,7060354.457573132,70.60354457573132
Barceloneta,1980-1984,1,1,4,5.516901912706077e-4,1.599154175169392,0.002203841725824775,98212.88334448695,216.4456503281399,392331.8807420547,0.9978584773514755,6961939.5324291745,70.88621467317886
Barceloneta,1980-1984,1,5,5,2.338822991024527e-4,2.5,0.0011687281334550681,97996.43769415881,114.53119371153298,489695.8604865153,0.9986440433975511,6569607.65168712,67.03924965303824
Barceloneta,1980-1984,1,10,5,3.0891922293708405e-4,2.5,0.001543404146661259,97881.90650044728,151.07134037590004,489031.85415129666,0.9967893123885545,6079911.791200605,62.11476674877417
Barceloneta,1980-1984,1,15,5,9.784974713501985e-4,2.5,0.004880548346212065,97730.83516007138,476.98006591440935,487461.7256355709,0.9924943448362139,5590879.937049308,57.20691865461006
Barceloneta,1980-1984,1,20,5,0.002039069144014318,2.5,0.010143636778165476,97253.85509415697,986.5077813514654,483803.0060174062,0.9890720495960504,5103418.211413737,52.47522791227997
Barceloneta,1980-1984,1,25,5,0.0023578777891034275,2.5,0.011720301349930639,96267.3473128055,1128.2823206645116,478516.03076236625,0.9877825473065318,4619615.205396331,47.98735328590308
Barceloneta,1980-1984,1,30,5,0.0025603846668278314,2.5,0.012720499901881253,95139.064992141,1210.2164668976184,472669.78379346087,0.9841662132467738,4141099.174633965,43.526801266924814
Barceloneta,1980-1984,1,35,5,0.0038338341467901967,2.5,0.01898718642478396,93928.84852524337,1783.4445576140715,465185.6312321817,0.9797312533133408,3668429.390840504,39.05540681524072
Barceloneta,1980-1984,1,40,5,0.004362078389783448,2.5,0.021575111133832075,92145.4039676293,1988.0473310734524,455756.9015104629,0.973875499415012,3203243.7596083223,34.762924917379735
Barceloneta,1980-1984,1,45,5,0.006251026797438211,2.5,0.030774207990150144,90157.35663655585,2774.52124497552,443850.4800703405,0.9603091422251679,2747486.858097859,30.47435018723523
Barceloneta,1980-1984,1,50,5,0.010023143474601648,2.5,0.048890623049537785,87382.83539158033,4272.201266129559,426233.6737925777,0.9421830580016874,2303636.3780275187,26.36257301224495
Barceloneta,1980-1984,1,55,5,0.01390773609590835,2.5,0.06720210753773265,83110.63412545077,5585.209772027709,401590.1461971846,0.9175589152400324,1877402.7042349412,22.589199613145876
Barceloneta,1980-1984,1,60,5,0.02078198739215599,2.5,0.09877793258668087,77525.42435342306,7657.801140536249,368482.6189157747,0.8767472130087804,1475812.5580377567,19.036497643789982
Barceloneta,1980-1984,1,65,5,0.03252833539836558,2.5,0.15041019390512977,69867.62321288681,10508.802755140852,323066.10917658196,0.8484128434700321,1107329.9391219818,15.848971071306446
Barceloneta,1980-1984,1,70,5,0.03312836130422669,2.5,0.15297248697578375,59358.82045774596,9080.266389370438,274093.4363153037,0.7852359764821736,784263.8299454,13.212254285000004
Barceloneta,1980-1984,1,75,5,0.06721195880421046,2.5,0.28771506181577117,50278.554068375524,14465.89729179025,215228.027112402,0.6818606152235316,510170.3936300962,10.146878785262958
Barceloneta,1980-1984,1,80,5,0.08805875242800627,2.5,0.3608530816830125,35812.656776585274,12923.107561086814,146755.51498020935,0.5024264682184777,294942.36651769426,8.235701929562818
Barceloneta,1980-1984,1,85,NA,0.18836919463174442,6.473996064419998,1,22889.54921549846,22889.54921549846,148186.85153748488,0,148186.85153748488,6.473996064419998
Barceloneta,1980-1984,2,0,1,0.010480215321895242,0.12749032785536835,0.010385251654047767,100000,1038.5251654047752,99093.87674841873,0.9892751549112938,7742324.296190911,77.42324296190911
Barceloneta,1980-1984,2,1,4,3.064740584262934e-4,1.5071031955588643,0.0012249603539489853,98961.47483459522,121.22388324071653,395543.70070722816,0.9987679500110433,7643230.419442493,77.23440290494287
Barceloneta,1980-1984,2,5,5,1.4015032927349046e-4,2.5,7.005062059289046e-4,98840.25095135451,69.23820918698038,494028.1592338051,0.9992428441448705,7247686.718735264,73.32727961508621
Barceloneta,1980-1984,2,10,5,1.6283530448256097e-4,2.5,8.138452155791036e-4,98771.01274216753,80.38431615811714,493654.10292044235,0.9982762451784021,6753658.559501459,68.37692934394883
Barceloneta,1980-1984,2,15,5,5.275760358922387e-4,2.5,0.002634405556360301,98690.62842600941,259.9911398861732,492803.16428033164,0.9963522075171382,6260004.456581017,63.43058663644323
Barceloneta,1980-1984,2,20,5,9.349514661826937e-4,2.5,0.0046638561330892255,98430.63728612324,459.0663313907571,491005.5206021393,0.9948210243350945,5767201.292300685,58.59152649328367
Barceloneta,1980-1984,2,25,5,0.0011425560698610966,2.5,0.005696508897261523,97971.57095473248,558.0959256223287,488462.61495960655,0.9935822290444349,5276195.771698546,53.85435509793345
Barceloneta,1980-1984,2,30,5,0.0014337538159624838,2.5,0.007143165228800312,97413.47502911015,695.8405476445478,485327.7737764394,0.9922401627789657,4787733.156738939,49.148571645844854
Barceloneta,1980-1984,2,35,5,0.0016832427622900591,2.5,0.008380945895152397,96717.6344814656,810.5852616962802,481561.7092530873,0.9898594152274826,4302405.3829625,44.484187460012656
Barceloneta,1980-1984,2,40,5,0.0023973011825841706,2.5,0.011915095730209269,95907.04921976932,1142.741672655451,476678.391917208,0.9847983217879313,3820843.6737094126,39.83902856769179
Barceloneta,1980-1984,2,45,5,0.0037402278423424944,2.5,0.01852789285987635,94764.30754711387,1755.7829371732805,469432.0803926362,0.978727840539929,3344165.2817922044,35.28929159461846
Barceloneta,1980-1984,2,50,5,0.004872279855710706,2.5,0.024068231381249906,93008.52460994059,2238.5506907407253,459446.24632285116,0.9679386272387428,2874733.2013995685,30.908276563418596
Barceloneta,1980-1984,2,55,5,0.008215675069686703,2.5,0.04025163937315343,90769.97391919987,3653.640256106184,444715.76895573386,0.9471337310447178,2415286.9550767173,26.608875719483162
Barceloneta,1980-1984,2,60,5,0.01365259423097837,2.5,0.06600995338303105,87116.33366309368,5750.545124001394,421205.3055054649,0.9270137285682402,1970571.1861209832,22.619996770545956
Barceloneta,1980-1984,2,65,5,0.016765570846215893,2.5,0.08045564230353516,81365.78853909229,6546.33677844629,390463.10074934573,0.8956307958283026,1549365.8806155184,19.041981998012883
Barceloneta,1980-1984,2,70,5,0.02789331378378845,2.5,0.1303750859630527,74819.451760646,9754.592455002705,349710.77766572323,0.8432683321501528,1158902.7798661727,15.48932466885222
Barceloneta,1980-1984,2,75,5,0.041267236097221355,2.5,0.18703965634162437,65064.859305643295,12169.708924443657,294900.02421710733,0.7708879430036417,809192.0022004494,12.436697947800917
Barceloneta,1980-1984,2,80,5,0.06535007734721311,2.5,0.2808641516500845,52895.15038119964,14856.351538219278,227334.87306045,0.5579653527712358,514291.9779833421,9.722856902324553
Barceloneta,1980-1984,2,85,NA,0.14332169881196158,7.543800373597938,1,38038.79884298036,38038.79884298036,286957.10492289206,0,286957.10492289206,7.543800373597938
Barceloneta,1985-1989,1,0,1,0.015099253512147118,0.11916019457918604,0.014901068944626414,100000,1490.1068944626459,98687.45453302532,0.9845244958739336,7179438.204094267,71.79438204094268
Barceloneta,1985-1989,1,1,4,4.937155186609548e-4,1.6081030792698408,0.0019725326780035096,98509.89310553735,194.31398325729242,393574.7934039415,0.9980143937878704,7080750.749561243,71.87857509880118
Barceloneta,1985-1989,1,5,5,2.3862871115823005e-4,2.5,0.0011924321844028812,98315.57912228006,117.23466077361081,491284.8089594663,0.9986478897790135,6687175.956157301,68.01745985588023
Barceloneta,1985-1989,1,10,5,3.026245589956738e-4,2.5,0.0015119788901162884,98198.34446150645,148.47382387018297,490620.5377478568,0.9967835488805817,6195891.147197835,63.09567825378779
Barceloneta,1985-1989,1,15,5,9.871309472117827e-4,2.5,0.004923504377210221,98049.87063763627,482.74896726929,489042.4807700081,0.9927165185644093,5705270.609449978,58.187436376484314
Barceloneta,1985-1989,1,20,5,0.0019403944540079738,2.5,0.009655135342362328,97567.12167036698,942.0237646921305,485480.54894010455,0.9891020195019571,5216228.128679969,53.46297030574633
Barceloneta,1985-1989,1,25,5,0.002445448191913664,2.5,0.012152942481523639,96625.09790567485,1174.279257119255,480189.7913855761,0.9865613777646595,4730747.579739865,48.95982185040586
Barceloneta,1985-1989,1,30,5,0.0029699122307638884,2.5,0.014740119004533246,95450.81864855559,1406.9564259598264,473736.7021778784,0.9826040463925197,4250557.788354289,44.531391647929155
Barceloneta,1985-1989,1,35,5,0.004059080793399153,2.5,0.02009152119748852,94043.86222259577,1889.484251338974,465495.6004846314,0.9770994641765958,3776821.086176411,40.16020819345891
Barceloneta,1985-1989,1,40,5,0.005220690137478769,2.5,0.02576714498811771,92154.37797125679,2374.5552184751723,454835.50181009603,0.9734282958040951,3311325.4856917793,35.93237303087859
Barceloneta,1985-1989,1,45,5,0.005555613663783984,2.5,0.02739754290956372,89779.82275278162,2459.74654628236,442749.7473982022,0.9682252458072802,2856489.983881683,31.81661420458954
Barceloneta,1985-1989,1,50,5,0.0073890740241324806,2.5,0.03627526850999826,87320.07620649926,3167.5592107042758,428681.48300573556,0.9536058246799101,2413740.2364834812,27.642443082336957
Barceloneta,1985-1989,1,55,5,0.011711962967143648,2.5,0.05689396481334846,84152.51699579498,4787.770340913456,408793.1591266913,0.9274612612335643,1985058.7534777455,23.588822109467465
Barceloneta,1985-1989,1,60,5,0.018656879012300988,2.5,0.08912730184353573,79364.74665488153,7073.5657308453665,379139.81894729426,0.903613600063053,1576265.5943510542,19.86102974920921
Barceloneta,1985-1989,1,65,5,0.02202012116804059,2.5,0.10435578809415384,72291.18092403616,7544.003157584848,342595.8967262187,0.859022796445826,1197125.77540376,16.559776173274912
Barceloneta,1985-1989,1,70,5,0.040011464650107874,2.5,0.18186555517104327,64747.177766451314,11775.281430253905,294297.6852566218,0.7877729845768846,854529.8786775413,13.197947897588751
Barceloneta,1985-1989,1,75,5,0.05696989157763912,2.5,0.2493376155744385,52971.89633619741,13207.886324923791,231839.76586867755,0.706720693564203,560232.1934209195,10.576026764556184
Barceloneta,1985-1989,1,80,5,0.08538285569700516,2.5,0.3518165287251285,39764.01001127362,13989.635970357544,163845.96013047424,0.501066570408634,328392.42755224195,8.258533972281427
Barceloneta,1985-1989,1,85,NA,0.169111133750562,6.384111100450196,1,25774.374040916075,25774.374040916075,164546.46742176768,0,164546.46742176768,6.384111100450196
Barceloneta,1985-1989,2,0,1,0.009621209027577276,0.12925581772189124,0.00954127592194821,100000,954.1275921948254,99169.19894994533,0.9901169915954766,7858980.65679982,78.5898065679982
Barceloneta,1985-1989,2,1,4,2.982587818886776e-4,1.5084763440749902,0.0011921492190449209,99045.87240780517,118.07745944058115,395889.296847793,0.9987974076980072,7759811.457849875,78.3456318694445
Barceloneta,1985-1989,2,5,5,1.4224112184618e-4,2.5,7.109527924239649e-4,98927.7949483646,70.33299206687661,494463.1422616558,0.9992131783909113,7363922.161002083,74.43734255722252
Barceloneta,1985-1989,2,10,5,1.7262334556772475e-4,2.5,8.627444032754656e-4,98857.46195629772,85.28872202482307,494074.08797642647,0.9983471342058768,6869459.018740427,69.48852299867089
Barceloneta,1985-1989,2,15,5,4.893317718292353e-4,2.5,0.002443669446396251,98772.1732342729,241.36654188674584,493257.4498166476,0.996354029107813,6375384.930764,64.5463668764535
Barceloneta,1985-1989,2,20,5,9.726026660556653e-4,2.5,0.0048512175624412105,98530.80669238615,477.9943798676104,491459.0475122617,0.9948254083610292,5882127.480947352,59.69835910621735
Barceloneta,1985-1989,2,25,5,0.001102941260155702,2.5,0.005499542120985512,98052.81231251854,539.2455713937816,488915.9476341082,0.9936297832442386,5390668.433435091,54.977193476651124
Barceloneta,1985-1989,2,30,5,0.0014544103513387744,2.5,0.007245706181511,97513.56674112476,706.5546533173474,485801.4470723304,0.991402064326247,4901752.485800982,50.267389960352546
Barceloneta,1985-1989,2,35,5,0.0020019767857869463,2.5,0.009960034534127334,96807.01208780741,964.2011835402518,481624.5574801864,0.9895096983244965,4415951.0387286525,45.61602453676834
Barceloneta,1985-1989,2,40,5,0.002217405133198573,2.5,0.011025903428839712,95842.81090426716,1056.753577378986,476572.1705778884,0.9875173628136699,3934326.481248466,41.04978186812862
Barceloneta,1985-1989,2,45,5,0.0028107351281652358,2.5,0.01395561181988322,94786.05732688817,1322.797421991243,470623.2930794628,0.9825067038719321,3457754.3106705775,36.479566807445515
Barceloneta,1985-1989,2,50,5,0.004261124434635562,2.5,0.021081049732866595,93463.25990489693,1970.3036302509718,462390.54044885724,0.9716111869352528,2987131.0175911146,31.960483944500275
Barceloneta,1985-1989,2,55,5,0.0073016870191059775,2.5,0.03585394930497043,91492.95627464596,3280.3838160330342,449263.8218331472,0.9548662608402508,2524740.477142257,27.594916373271676
Barceloneta,1985-1989,2,60,5,0.011260015235361251,2.5,0.05475861896721091,88212.57245861292,4830.398643378678,428986.8656846179,0.9341810383246228,2075476.6553091102,23.528127538541863
Barceloneta,1985-1989,2,65,5,0.016129174984981526,2.5,0.07752003923091257,83382.17381523424,6463.789385315729,400751.39561288187,0.9029829805174558,1646489.7896244922,19.746304447194348
Barceloneta,1985-1989,2,70,5,0.025114130938592816,2.5,0.11815241654350238,76918.38442991851,9088.092997016967,361871.6896570501,0.864144054477369,1245738.3940116104,16.19558709201207
Barceloneta,1985-1989,2,75,5,0.03382335053862845,2.5,0.15593144304765474,67830.29143290155,10576.875225475313,312709.2691008195,0.793713611989952,883866.7043545602,13.030560324643314
Barceloneta,1985-1989,2,80,5,0.06134606226963269,2.5,0.2659437991855195,57253.416207426235,15226.191022552739,248201.60348074933,0.5654410007452954,571157.4352537408,9.975953804825659
Barceloneta,1985-1989,2,85,NA,0.14246300823606717,7.6844433662308536,1,42027.225184873496,42027.225184873496,322955.8317729914,0,322955.8317729914,7.6844433662308536
Barceloneta,1990-1994,1,0,1,0.01316879069542304,0.1230123366068181,0.013018442435427461,100000,1301.8442435427423,98858.29865875359,0.9862960823480643,7112455.674917019,71.1245567491702
Barceloneta,1990-1994,1,1,4,5.344880662507536e-4,1.613775432942057,0.0021352289757016166,98698.15575645726,210.74316201951297,394289.7425152786,0.9979675496265799,7013597.376258265,71.06107832009218
Barceloneta,1990-1994,1,5,5,2.367759739285257e-4,2.5,0.0011831794984474358,98487.41259443774,116.52828743687132,492145.74225359655,0.9986559534107915,6619307.633742987,67.20968151534956
Barceloneta,1990-1994,1,10,5,3.012475525003189e-4,2.5,0.0015051042400801395,98370.88430700087,148.05843507089594,491484.2754473271,0.9968020002459546,6127161.89148939,62.2863353791497
Barceloneta,1990-1994,1,15,5,9.810898742945756e-4,2.5,0.0048934470929895574,98222.82587192998,480.64820172821055,489912.50885532936,0.993112095971494,5635677.616042064,57.3764556864844
Barceloneta,1990-1994,1,20,5,0.0017863761244116042,2.5,0.008892168727286362,97742.17767020177,869.1399356158363,486538.03851196927,0.9896195812846608,5145765.107186734,52.64631124292518
Barceloneta,1990-1994,1,25,5,0.00239060686193469,2.5,0.011882021206101052,96873.03773458593,1151.0474886617885,481487.5699512752,0.9870578385481418,4659227.068674765,48.09622138040286
Barceloneta,1990-1994,1,30,5,0.0028227907322096414,2.5,0.014015049779475803,95721.99024592414,1341.548458287114,475256.0800839029,0.9800878358103301,4177739.4987234892,43.64451144392475
Barceloneta,1990-1994,1,35,5,0.005246545009312265,2.5,0.025893101737322417,94380.44178763703,2443.802381220725,465792.70298513334,0.9738821141862681,3702483.4186395863,39.22935036657751
Barceloneta,1990-1994,1,40,5,0.005340080940418415,2.5,0.026348644960197565,91936.6394064163,2422.405870553368,453627.1823556981,0.9722782748746643,3236690.7156544533,35.20566703929971
Barceloneta,1990-1994,1,45,5,0.0059125142032582815,2.5,0.029131963151535777,89514.23353586294,2607.7253529047157,441051.8542970529,0.9651595151799083,2783063.533298755,31.090737454437903
Barceloneta,1990-1994,1,50,5,0.008313319817691263,2.5,0.040720296959222864,86906.50818295822,3538.858820899186,425685.3938625431,0.9506998328273386,2342011.679001702,26.948633974238476
Barceloneta,1990-1994,1,55,5,0.011998263444993064,2.5,0.058244242801741716,83367.64936205903,4855.685611254245,404699.0327821595,0.9255469509214904,1916326.285139159,22.986449777619463
Barceloneta,1990-1994,1,60,5,0.019213456614713898,2.5,0.09166431235232217,78511.96375080479,7196.745168647962,374567.955832404,0.8941861502842039,1511627.2523569996,19.253463805272666
Barceloneta,1990-1994,1,65,5,0.02584706021700153,2.5,0.12139128166732198,71315.21858215683,8657.045786073228,334933.47844560107,0.8452760456264794,1137059.2965245955,15.944132530627753
Barceloneta,1990-1994,1,70,5,0.04263994196794451,2.5,0.19266197161679752,62658.1727960836,12071.847108799462,283111.2462084193,0.7731631295671124,802125.8180789944,12.801615212902133
Barceloneta,1990-1994,1,75,5,0.06220525056871041,2.5,0.2691672173441185,50586.32568728414,13616.18052090957,218891.17713414677,0.691391328510893,519014.571870575,10.259977668254319
Barceloneta,1990-1994,1,80,5,0.0885724415416465,2.5,0.3625764943358823,36970.14516637457,13404.505629512754,151339.46175809094,0.49574253652902006,300123.3947364283,8.117993407540075
Barceloneta,1990-1994,1,85,NA,0.19188408994615652,6.313596231734204,1,23565.639536861814,23565.639536861814,148783.9329783373,0,148783.9329783373,6.313596231734204
Barceloneta,1990-1994,2,0,1,0.008132499744140707,0.13231551725085994,0.008075515323827895,100000,807.5515323827858,99299.30006633117,0.9915353153241432,7957086.5692443745,79.57086569244375
Barceloneta,1990-1994,2,1,4,3.0544840148408696e-4,1.5108611365681321,0.0012208653777326134,99192.44846761721,121.10062606664724,396468.3575957404,0.9988398177254716,7857787.269178043,79.2175955989566
Barceloneta,1990-1994,2,5,5,1.3268569461501615e-4,2.5,6.632084773813409e-4,99071.34784155057,65.70495775410382,495192.47681336757,0.9992834384122444,7461318.911582303,75.31258102509656
Barceloneta,1990-1994,2,10,5,1.5404932631708445e-4,2.5,7.699501058476631e-4,99005.64288379646,76.22940521789133,494837.6409059376,0.9981921879859137,6966126.434768936,70.3609029936316
Barceloneta,1990-1994,2,15,5,5.701061240177334e-4,2.5,0.002846473639953685,98929.41347857857,281.5999676828651,493943.0674736857,0.9959289404552498,6471288.793862998,65.41319276358837
Barceloneta,1990-1994,2,20,5,0.001062643779985513,2.5,0.005299141151467884,98647.8135108957,522.7486880779179,491932.1958342838,0.994352520437131,5977345.726389312,60.592784712142766
Barceloneta,1990-1994,2,25,5,0.0012031427693632408,2.5,0.005997673702445959,98125.06482281779,588.522120838621,489154.01881199237,0.99305920659733,5485413.5305550285,55.90226656624294
Barceloneta,1990-1994,2,30,5,0.0015841699883083278,2.5,0.007889603757809721,97536.54270197917,769.5246738252899,485758.9018253326,0.9915414075599938,4996259.511743036,51.22448851820595
Barceloneta,1990-1994,2,35,5,0.0018146160855973263,2.5,0.009032105916280378,96767.01802815388,874.0099560328963,481650.0652506871,0.9901706658024336,4510500.609917703,46.6119624416389
Barceloneta,1990-1994,2,40,5,0.002138134027343165,2.5,0.010633828758939753,95893.00807212098,1019.7098270185525,476915.7657930585,0.9859054694025203,4028850.5446670162,42.014017764850216
Barceloneta,1990-1994,2,45,5,0.0035497097036793794,2.5,0.01759242848315207,94873.29824510243,1669.0517143377365,470193.8619396678,0.9795705633729043,3551934.7788739577,37.43871926638027
Barceloneta,1990-1994,2,50,5,0.004718460435605605,2.5,0.02331724839300408,93204.24653076469,2173.2665676406177,460588.0662347219,0.9710808500034479,3081740.91693429,33.06438313319849
Barceloneta,1990-1994,2,55,5,0.007053171281249065,2.5,0.03465479096526066,91030.97996312407,3154.659581984917,447268.2508606581,0.9568496214879018,2621152.8506995677,28.794074849698156
Barceloneta,1990-1994,2,60,5,0.010667277171221826,2.5,0.05195094795329533,87876.32038113916,4565.258146447653,427968.45653957664,0.938491304369642,2173884.5998389097,24.738002119459352
Barceloneta,1990-1994,2,65,5,0.014849579336573548,2.5,0.07159018630473706,83311.0622346915,5964.254466627113,401644.67500688974,0.9195596826562477,1745916.143299333,20.956594436174615
Barceloneta,1990-1994,2,70,5,0.018842221910901718,2.5,0.08997288680657382,77346.80776806439,6959.115580165875,369336.24988990725,0.8782052993393616,1344271.4682924433,17.37979248378855
Barceloneta,1990-1994,2,75,5,0.034018991203797005,2.5,0.1567626850126617,70387.69218789852,11034.163619219726,324353.05189144326,0.8077175118234038,974935.2184025361,13.850933140412764
Barceloneta,1990-1994,2,80,5,0.05310520502398077,2.5,0.2344056278107428,59353.52856867879,13912.801126924009,261985.64002608391,0.5973058385060777,650582.1665110928,10.96113714213798
Barceloneta,1990-1994,2,85,NA,0.14665281163353386,8.551723274745237,1,45440.72744175478,45440.72744175478,388596.52648500894,0,388596.52648500894,8.551723274745237
Barceloneta,1995-1999,1,0,1,0.014805422168036915,0.11974652033479075,0.014614952443978826,100000,1461.4952443978837,98713.51372560461,0.9848335289359015,7049304.52982357,70.4930452982357
Barceloneta,1995-1999,1,1,4,4.7884884101647687e-4,1.608965148286292,0.001913204851138903,98538.50475560212,188.52434532239567,393703.2507423461,0.9980672159103996,6950591.016097966,70.53680217024818
Barceloneta,1995-1999,1,5,5,2.3185606653584014e-4,2.5,0.0011586087565068565,98349.98041027972,113.94914850562054,491465.0291801346,0.9985766465554633,6556887.76535562,66.66892802624577
Barceloneta,1995-1999,1,10,5,3.379663568570198e-4,2.5,0.0016884052238790668,98236.0312617741,165.86222835553053,490765.5007379817,0.9962268438595281,6065422.736175485,61.74336094678613
Barceloneta,1995-1999,1,15,5,0.0011757323209581642,2.5,0.005861432914479118,98070.16903341857,574.8317167009955,488913.7658753404,0.9912853140427031,5574657.235437503,56.843556918290545
Barceloneta,1995-1999,1,20,5,0.0023304512124155763,2.5,0.011584761756873252,97495.33731671757,1129.4602552201832,484653.03594553744,0.9884962427936018,5085743.469562163,52.1639660883568
Barceloneta,1995-1999,1,25,5,0.0022974813376380934,2.5,0.011421803238732561,96365.87706149739,1100.672086724313,479077.7050906762,0.9845725778214653,4601090.433616625,47.7460546608253
Barceloneta,1995-1999,1,30,5,0.003934181817603015,2.5,0.019479321110682825,95265.20497477308,1855.701518378628,471686.7710779188,0.9786011711075734,4122012.728525949,43.26881708402861
Barceloneta,1995-1999,1,35,5,0.004726491113977176,2.5,0.023356470197776716,93409.50345639445,2181.7162836684,461593.22657280124,0.977331371694239,3650325.9574480304,39.07874276574096
Barceloneta,1995-1999,1,40,5,0.004441646235914832,2.5,0.02196433664659735,91227.78717272605,2003.7578289858939,451129.5412911655,0.9701197886444549,3188732.730875229,34.95352490396204
Barceloneta,1995-1999,1,45,5,0.007741763846295174,2.5,0.03797385763609713,89224.02934374016,3388.180588018149,437649.6952486554,0.9560261247209781,2737603.1895840634,30.682353282178127
Barceloneta,1995-1999,1,50,5,0.010300750168503733,2.5,0.050210730369239565,85835.848755722,4309.880657888381,418404.5421338891,0.9449100713727832,2299953.494335408,26.79478944608313
Barceloneta,1995-1999,1,55,5,0.012419405441762154,2.5,0.06022706632079611,81525.96809783363,4910.069887495323,395354.6657704298,0.912028297414145,1881548.952201519,23.079136575766917
Barceloneta,1995-1999,1,60,5,0.024965536329450668,2.5,0.11749440458200526,76615.8982103383,9001.939341739228,360574.6426973435,0.8900504414620279,1486194.286431089,19.397988161033485
Barceloneta,1995-1999,1,65,5,0.021363156738065877,2.5,0.10140021212792445,67613.95886859907,6856.0697720847165,320929.61991278356,0.8571276425063231,1125619.6437337457,16.64774053418872
Barceloneta,1995-1999,1,70,5,0.041750825063538693,2.5,0.18902432183361972,60757.88909651436,11484.7187825109,275077.6485262945,0.7780229151157197,804690.0238209621,13.24420640326569
Barceloneta,1995-1999,1,75,5,0.06046095555318827,2.5,0.26261056371457914,49273.17031400346,12939.655032164912,214016.71398960502,0.7037483701852232,529612.3752946676,10.74849399621748
Barceloneta,1995-1999,1,80,5,0.08247222847201287,2.5,0.34187347418193165,36333.51528183855,12421.46509864445,150613.9136625816,0.5227630410387851,315595.66130506253,8.686075620731756
Barceloneta,1995-1999,1,85,NA,0.16995276463245917,6.899523310570569,1,23912.050183194096,23912.050183194096,164981.7476424809,0,164981.7476424809,6.899523310570569
Barceloneta,1995-1999,2,0,1,0.011093768222949364,0.12622931098441886,0.010987264172002117,100000,1098.7264172002178,99039.96506140335,0.9887293535193417,7857175.973487197,78.57175973487197
Barceloneta,1995-1999,2,1,4,2.8439518711348996e-4,1.5061237211921525,0.0011367744952231638,98901.27358279978,112.42844535401673,395324.7116982675,0.9988257872083451,7758136.008425795,78.44323664781436
Barceloneta,1995-1999,2,5,5,1.29642267877091e-4,2.5,6.480013184841658e-4,98788.84513744577,64.01530190059566,493784.1874324773,0.9992980301748492,7362811.296727527,74.53079633114027
Barceloneta,1995-1999,2,10,5,1.5125183640838163e-4,2.5,7.559733261572655e-4,98724.82983554517,74.63333798508393,493437.5658327631,0.9984350375000229,6869027.10929505,69.57750264788915
Barceloneta,1995-1999,2,15,5,4.7547726767598725e-4,2.5,0.0023745637107172005,98650.19649756009,234.251176658232,492665.35454615485,0.996598838726256,6375589.543462287,64.6282498141803
Barceloneta,1995-1999,2,20,5,8.880074985364119e-4,2.5,0.004430202360391905,98415.94532090185,436.0025532608561,490989.72022135713,0.9947719554661781,5882924.188916132,59.77612844883887
Barceloneta,1995-1999,2,25,5,0.001209533811624664,2.5,0.006029437038216358,97979.942767641,590.7638959255273,488422.80409839115,0.9938319823613918,5391934.468694774,55.03100243160708
Barceloneta,1995-1999,2,30,5,0.0012654787390020844,2.5,0.006307438870539862,97389.17887171547,614.276292385417,485410.2036276138,0.9924130711956972,4903511.664596383,50.3496561055871
Barceloneta,1995-1999,2,35,5,0.0017828189028055831,2.5,0.008874540268666195,96774.90257933005,858.8327699365182,481727.43097180896,0.989282710600167,4418101.46096877,45.65338061019576
Barceloneta,1995-1999,2,40,5,0.0025312247250418793,2.5,0.012576538512116122,95916.06980939354,1206.2921458886703,476564.618682246,0.9857112981859337,3936374.029996961,41.03977610654197
Barceloneta,1995-1999,2,45,5,0.00323041442909783,2.5,0.016022672464682603,94709.77766350486,1517.5037467052462,469755.1289507612,0.9822088535724984,3459809.4113147147,36.530646535852924
Barceloneta,1995-1999,2,50,5,0.003956433631980057,2.5,0.019588417475655415,93192.27391679962,1825.4891669878998,461397.64666652837,0.9754843153668766,2990054.2823639535,32.084787254289125
Barceloneta,1995-1999,2,55,5,0.005996857283214409,2.5,0.029541397553386153,91366.78474981172,2699.1025114688528,450086.1674703865,0.9553276129112614,2528656.635697425,27.675885089112054
Barceloneta,1995-1999,2,60,5,0.012427252590451177,2.5,0.06026397388822265,88667.68223834287,5343.466887140719,429979.74397386255,0.9419141555793988,2078570.4682270386,23.442255574468994
Barceloneta,1995-1999,2,65,5,0.011473535155803584,2.5,0.055768034517501376,83324.21535120215,4646.827717849563,405004.00746138685,0.9115064807293298,1648590.724253176,19.785253510093703
Barceloneta,1995-1999,2,70,5,0.0262465194249876,2.5,0.12315182988658542,78677.38763335258,9689.264257743576,369163.777522404,0.8569280473358848,1243586.7167917893,15.806151604665294
Barceloneta,1995-1999,2,75,5,0.036155032778982674,2.5,0.1657898227087701,68988.12337560901,11437.528743452967,316346.79501941265,0.7859842231890989,874422.9392693852,12.674977901754906
Barceloneta,1995-1999,2,80,5,0.06291637476479006,2.5,0.271826092981732,57550.59463215604,15643.75328763442,248643.58994169414,0.5544629662035472,558076.1442499725,9.697139496420615
Barceloneta,1995-1999,2,85,NA,0.15915794530516872,7.383819547848833,1,41906.84134452162,41906.84134452162,309432.5543082784,0,309432.5543082784,7.383819547848833
Barceloneta,2000-2004,1,0,1,0.011110597361512438,0.12711935849497003,0.01100387926069142,100000,1100.3879260691465,99039.49268118838,0.9884757272857402,7356349.7193216905,73.5634971932169
Barceloneta,2000-2004,1,1,4,4.253276521291688e-4,1.6198453117875369,0.001699590036013005,98899.61207393085,168.08879524641088,395198.3709616817,0.9983375947686518,7257310.226640502,73.3805732343562
Barceloneta,2000-2004,1,5,5,1.9567767821042066e-4,2.5,9.77910003154813e-4,98731.52327868444,96.55054424093396,493416.24003281986,0.9989149017686847,6862111.85567882,69.50274469390578
Barceloneta,2000-2004,1,10,5,2.3862054104280384e-4,2.5,0.001192391382521939,98634.97273444351,117.61149150383426,492880.834943458,0.997122466841951,6368695.615646,64.568331486161
Barceloneta,2000-2004,1,15,5,9.150257390814255e-4,2.5,0.004564686680897469,98517.36124293967,449.70088670281984,491462.5539979413,0.9941227591035223,5875814.7807025425,59.64242958368556
Barceloneta,2000-2004,1,20,5,0.0014443594680444312,2.5,0.007195813985073089,98067.66035623685,705.6766418748011,488574.11017649726,0.9918754037284458,5384352.226704601,54.90446297123443
Barceloneta,2000-2004,1,25,5,0.001820267983045539,2.5,0.009060110343275883,97361.98371436205,882.1103156923491,484604.6427825794,0.9898700167212163,4895778.116528104,50.28428889546052
Barceloneta,2000-2004,1,30,5,0.00225456402433542,2.5,0.011209638005245973,96479.8733986697,1081.5044555910572,479695.6058543709,0.9859503961473685,4411173.473745524,45.721178089837196
Barceloneta,2000-2004,1,35,5,0.0034132320752312123,2.5,0.016921765593423517,95398.36894307865,1614.308837249715,472956.0726222689,0.9819163049866528,3931477.8678911533,41.21116441977062
Barceloneta,2000-2004,1,40,5,0.0038906023972782285,2.5,0.01926562477158764,93784.06010582893,1806.8085115549184,464403.27925025736,0.9774069918723574,3458521.7952688844,36.87750126584601
Barceloneta,2000-2004,1,45,5,0.005265565825265684,2.5,0.025985754869368723,91977.25159427401,2390.098313487062,453911.0121876524,0.9674390410407331,2994118.516018627,32.55281565953015
Barceloneta,2000-2004,1,50,5,0.008019955190245799,2.5,0.03931158311365613,89587.15328078695,3521.812822113512,439131.23434865096,0.9538288149287484,2540207.5038309745,28.354595617849068
Barceloneta,2000-2004,1,55,5,0.010954291456413455,2.5,0.053311483462511966,86065.34045867344,4588.270974558007,418856.0248569722,0.9309938075905354,2101076.269482324,24.412571405456898
Barceloneta,2000-2004,1,60,5,0.017882165672464388,2.5,0.08558472766449868,81477.06948411543,6973.192802699457,389952.3654138285,0.9058254412504544,1682220.2446253514,20.646548228557887
Barceloneta,2000-2004,1,65,5,0.021844890777231642,2.5,0.10356835535916219,74503.87668141598,7716.243975776088,353228.77346763964,0.8693264608486883,1292267.8792115229,17.344975010325367
Barceloneta,2000-2004,1,70,5,0.03499781296613338,2.5,0.16091029390466438,66787.63270563989,10746.817607861289,307071.1195085462,0.8033966511953141,939039.1057438833,14.060074712972812
Barceloneta,2000-2004,1,75,5,0.0543237596158847,2.5,0.23914117836061924,56040.8150977786,13401.666558772355,246699.9090919621,0.7264771124278988,631967.9862353371,11.27692352676697
Barceloneta,2000-2004,1,80,5,0.07582536940339314,2.5,0.31871091488234726,42639.148539006244,13589.562040670982,179221.83759335376,0.5348126454643749,385268.077143375,9.035548090059354
Barceloneta,2000-2004,1,85,NA,0.1893795237651612,7.092914715389463,1,29049.586498335262,29049.586498335262,206046.23955002124,0,206046.23955002124,7.092914715389463
Barceloneta,2000-2004,2,0,1,0.006476118535421666,0.13571982785770392,0.0064400722861963555,100000,644.0072286196373,99443.39732158773,0.993270791256227,8037274.967724181,80.37274967724181
Barceloneta,2000-2004,2,1,4,2.3488317778619575e-4,1.5135220023903586,9.3898431439517e-4,99355.99277138036,93.29371875348443,397191.99830652575,0.9990854315908566,7937831.570402593,79.89283131282944
Barceloneta,2000-2004,2,5,5,1.0665997161420554e-4,2.5,5.331576916103951e-4,99262.69905262688,52.92267148992687,496181.1885844096,0.9994068403623827,7540639.5720960675,75.96649742617001
Barceloneta,2000-2004,2,10,5,1.3068139836359244e-4,2.5,6.531935911882157e-4,99209.77638113695,64.80319011537358,495886.87393039634,0.9985431714298789,7044458.383511658,71.0056875488638
Barceloneta,2000-2004,2,15,5,4.527095498910875e-4,2.5,0.0022609888213763526,99144.97319102158,224.16567608054902,495164.4517649065,0.9970773833046052,6548571.509581261,66.05046427279977
Barceloneta,2000-2004,2,20,5,7.184368437810774e-4,2.5,0.0035857438925933818,98920.80751494103,354.7046813971101,493717.27587121236,0.9958480743989853,6053407.057816355,61.1944767727664
Barceloneta,2000-2004,2,25,5,9.46262206906967e-4,2.5,0.004720144797951261,98566.10283354392,465.24627754407993,491667.3984738594,0.9945647691577316,5559689.781945143,56.4056975178801
Barceloneta,2000-2004,2,30,5,0.0012345401406488057,2.5,0.006153708203765557,98100.85655599984,603.6840457850922,488995.0726655364,0.9933038829688046,5068022.383471283,51.66134691778411
Barceloneta,2000-2004,2,35,5,0.00145364041819085,2.5,0.007241884351461379,97497.17251021475,706.063247913451,485720.7044312901,0.9920209517461329,4579027.310805746,46.96574467660591
Barceloneta,2000-2004,2,40,5,0.0017519578394960583,2.5,0.008721589554498118,96791.1092623013,844.1723275103723,481845.1154927305,0.9890143488057178,4093306.6063744565,42.29010946947313
Barceloneta,2000-2004,2,45,5,0.0026716524804797793,2.5,0.013269632784042541,95946.93693479092,1273.1806198783597,476551.73312425875,0.9846926151759011,3611461.490881726,37.640195781718475
Barceloneta,2000-2004,2,50,5,0.0035049531152858762,2.5,0.017372540724596618,94673.75631491256,1644.7236871313653,469256.97235673445,0.9790509693993623,3134909.757757467,33.11276408353168
Barceloneta,2000-2004,2,55,5,0.004978963585480869,2.5,0.024588751679344625,93029.0326277812,2287.467782254156,459426.49368327064,0.9672462150507548,2665652.785400733,28.653988008950776
Barceloneta,2000-2004,2,60,5,0.008397603699892515,2.5,0.041124647274196166,90741.56484552704,3731.714847380892,444378.53710918303,0.952816885210917,2206226.2917174622,24.313293422625108
Barceloneta,2000-2004,2,65,5,0.010994391869348258,2.5,0.0535014203933142,87009.84999814615,4655.15056311003,423411.3735829557,0.9170971571319666,1761847.7546082793,20.24883107654843
Barceloneta,2000-2004,2,70,5,0.024170552820365288,2.5,0.11396619901901314,82354.69943503612,9385.652065964343,388309.3670102697,0.8693563564598054,1338436.3810253236,16.252094782777064
Barceloneta,2000-2004,2,75,5,0.03230770027389931,2.5,0.14946622627091752,72969.04736907178,10906.408144838984,337579.21648326144,0.8016838464406765,950127.0140150539,13.02095954753781
Barceloneta,2000-2004,2,80,5,0.05865000443576908,2.5,0.2557505892011067,62062.63922423279,15872.556548973247,270631.80474873085,0.5581866332076975,612547.7975317924,9.869831595763314
Barceloneta,2000-2004,2,85,NA,0.12318423763787446,7.402368062142471,1,46190.082675259546,46190.082675259546,341915.9927830615,0,341915.9927830615,7.402368062142471
Barceloneta,2005-2009,1,0,1,0.011157966583880082,0.1270248355801965,0.011050329438709908,100000,1105.0329438709887,99035.33368413492,0.9885027681697204,7462854.536700194,74.62854536700193
Barceloneta,2005-2009,1,1,4,3.867396313510765e-4,1.619705357401167,0.0015455357758424203,98894.96705612901,152.84570963599253,395216.0504007253,0.9984449830054728,7363819.203016059,74.46101072905597
Barceloneta,2005-2009,1,5,5,1.8464022867790554e-4,2.5,9.227751898343543e-4,98742.12134649302,91.1167797701637,493482.8147830397,0.9989515323030934,6968603.152615334,70.5737638364282
Barceloneta,2005-2009,1,10,5,2.3499323289842734e-4,2.5,0.0011742762970337467,98651.00456672286,115.84353634125728,492965.4139927611,0.9970765815628609,6475120.3378322935,65.63663863608028
Barceloneta,2005-2009,1,15,5,9.371137174765757e-4,2.5,0.004674616968170825,98535.1610303816,460.6141357140732,491524.2698126228,0.9932309998736892,5982154.923839533,60.71086565733667
Barceloneta,2005-2009,1,20,5,0.001782552430676137,2.5,0.008873219704998016,98074.54689466752,870.2370020645176,488197.14196817635,0.9904217003081747,5490630.65402691,55.98425715821935
Barceloneta,2005-2009,1,25,5,0.00206858093417835,2.5,0.010289692019068718,97204.309892603,1000.2024117209949,483521.04343371256,0.9893800789424888,5002433.512058734,51.463083453662854
Barceloneta,2005-2009,1,30,5,0.002202780847533953,2.5,0.010953583378474838,96204.10748088201,1053.7797126435908,478386.0881228011,0.988789948337103,4518912.468625021,46.97213650179161
Barceloneta,2005-2009,1,35,5,0.002307102556474533,2.5,0.011469360306163967,95150.32776823842,1091.3133924235299,473023.3553601333,0.9854674662231119,4040526.38050222,42.46466066143142
Barceloneta,2005-2009,1,40,5,0.00355761207188033,2.5,0.017631247511924818,94059.01437581489,1658.3777631876874,466149.1274711052,0.9810268163635666,3567503.0251420867,37.928347950660516
Barceloneta,2005-2009,1,45,5,0.004109634227571307,2.5,0.0203392044113306,92400.6366126272,1879.3554358013062,457304.7944736327,0.9698428943678115,3101353.8976709815,33.56420487309889
Barceloneta,2005-2009,1,50,5,0.008200511723590456,2.5,0.04017884097677645,90521.2811768259,3637.040161417768,443513.8054805851,0.9538298548222838,2644049.103197349,29.209143627037445
Barceloneta,2005-2009,1,55,5,0.0107645470474491,2.5,0.052412249912140746,86884.24101540813,4553.798553526227,423036.70869322505,0.9379789868604693,2200535.297716764,25.327208616882764
Barceloneta,2005-2009,1,60,5,0.014972465700292191,2.5,0.07216124893985539,82330.4424618819,5941.067553820307,396799.5434248587,0.9109483502906479,1777498.5890235386,21.589809745605354
Barceloneta,2005-2009,1,65,5,0.022666701330388925,2.5,0.1072556757324059,76389.3749080616,8193.194024540251,361463.88947895734,0.8701575679575516,1380699.04559868,18.07449069010474
Barceloneta,2005-2009,1,70,5,0.033637897967484266,2.5,0.15514279598323558,68196.18088352135,10580.14617764797,314530.53897348675,0.8289548614812732,1019235.1561197226,14.945633947750974
Barceloneta,2005-2009,1,75,5,0.04195663606804516,2.5,0.1898676596026284,57616.034705873375,10939.42166518799,260731.61936639692,0.7620873572765113,704704.6171462359,12.231050275217887
Barceloneta,2005-2009,1,80,5,0.06981931994187972,2.5,0.29721774724171374,46676.613040685384,13873.117776825704,198700.27076136268,0.5524496495169829,443972.9977798389,9.511679808319695
Barceloneta,2005-2009,1,85,NA,0.14021213464054608,7.477030269048752,1,32803.49526385968,32803.49526385968,245272.72701847623,0,245272.72701847623,7.477030269048752
Barceloneta,2005-2009,2,0,1,0.0060727996605374,0.13654875704168729,0.0060411226327904315,100000,604.1122632790502,99478.37851538534,0.9937101778245157,8238249.881828059,82.3824988182806
Barceloneta,2005-2009,2,1,4,2.093929424600298e-4,1.51417109347645,8.371360279560923e-4,99395.88773672095,83.20787865508464,397376.7103968725,0.9991652537730626,8138771.503312674,81.88237651109459
Barceloneta,2005-2009,2,5,5,9.915252948816452e-5,2.5,4.956397875941853e-4,99312.67985806587,49.22331555026176,496440.3410014537,0.999434478951048,7741394.7929158015,77.94971200031584
Barceloneta,2005-2009,2,10,5,1.2712778353012733e-4,2.5,6.354369634188053e-4,99263.4565425156,63.075669403828215,496159.5935390685,0.9986831738055079,7244954.451914348,72.98712642362253
Barceloneta,2005-2009,2,15,5,4.0012959539912946e-4,2.5,0.0019986486807756876,99200.38087311178,198.2667103644926,495506.23758964764,0.9966435167017416,6748794.858375279,68.03194502859553
Barceloneta,2005-2009,2,20,5,9.456377411887251e-4,2.5,0.004717037184971876,99002.11416274728,466.9966538965091,493843.0791789951,0.9954263102045202,6253288.620785632,63.16318266199847
Barceloneta,2005-2009,2,25,5,8.878991522955277e-4,2.5,0.004429663026362483,98535.11750885077,436.47736682723917,491584.3941271858,0.9950467150275868,5759445.541606637,58.45068933001783
Barceloneta,2005-2009,2,30,5,0.001098857792459971,2.5,0.005479236707418157,98098.64014202353,537.5056700139685,489149.43653508276,0.993790245343466,5267861.147479451,53.6996347742725
Barceloneta,2005-2009,2,35,5,0.0013936985965030395,2.5,0.006944297338877962,97561.13447200957,677.493526491904,486111.9385438181,0.992559074265771,4778711.7109443685,48.98171527838668
Barceloneta,2005-2009,2,40,5,0.0015945365250520274,2.5,0.007941026981339713,96883.64094551766,769.3556067987811,482494.8157105914,0.9904423374916496,4292599.77240055,44.306755304690554
Barceloneta,2005-2009,2,45,5,0.0022500335394910675,2.5,0.011187238542617398,96114.28533871888,1075.2534374374372,477883.2931000008,0.9867703442901826,3810104.9566899585,39.64140130952092
Barceloneta,2005-2009,2,50,5,0.00308261062164773,2.5,0.01529518039437932,95039.03190128144,1453.6391374372615,471561.06166281406,0.9794767090178031,3332221.6635899576,35.0616120232705
Barceloneta,2005-2009,2,55,5,0.005234127288613102,2.5,0.02583260853982956,93585.39276384418,2417.554816314587,461883.07677843445,0.9705809687005038,2860660.601927144,30.56738362092265
Barceloneta,2005-2009,2,60,5,0.00673152002963024,2.5,0.03310055748391397,91167.8379475296,3017.706260666353,448294.9240859821,0.954256032448499,2398777.5251487093,26.311664059964798
Barceloneta,2005-2009,2,65,5,0.012120507073236026,2.5,0.05882020848373918,88150.13168686324,5185.009123690354,427788.13562509033,0.9318403409394902,1950482.6010627272,22.126825720368174
Barceloneta,2005-2009,2,70,5,0.016251020572580363,2.5,0.07808279028469901,82965.12256317289,6478.148266044576,398630.24215075304,0.8996399302161363,1522694.465437637,18.353428746859233
Barceloneta,2005-2009,2,75,5,0.02655841135822507,2.5,0.12452414792927965,76486.97429712831,9524.475302038627,358623.68323054496,0.8366634091776406,1124064.223286884,14.696152300655024
Barceloneta,2005-2009,2,80,5,0.04634626606753609,2.5,0.20766955877490634,66962.49899508969,13906.072620775383,300047.31342351,0.6080070263832308,765440.5400563389,11.43088372661343
Barceloneta,2005-2009,2,85,NA,0.11440215974568496,8.771665534905592,1,53056.4263743143,53056.4263743143,465393.2266328289,0,465393.2266328289,8.771665534905592
Barceloneta,2010-2014,1,0,1,0.011505650732410354,0.12633104924601177,0.011391145459643716,100000,1139.114545964374,99004.7909898387,0.9881946484668034,7549722.073441841,75.4972207344184
Barceloneta,2010-2014,1,1,4,3.730790516809135e-4,1.6186784787300934,0.0014909915782339493,98860.88545403563,147.40074762872246,395092.53324356297,0.9984840931281317,7450717.282452002,75.36567418178889
Barceloneta,2010-2014,1,5,5,1.776471669229573e-4,2.5,8.878415282843458e-4,98713.4847064069,87.64193112400244,493348.31870422454,0.9990180752136678,7055624.749208439,71.47579451979878
Barceloneta,2010-2014,1,10,5,2.1533418958797056e-4,2.5,0.0010760916496316132,98625.8427752829,106.13044584836462,492863.88776179357,0.9976869384653201,6562276.430504214,66.53708851397332
Barceloneta,2010-2014,1,15,5,7.115362514177382e-4,2.5,0.0035513639466137068,98519.71232943454,349.87935439750436,491723.86326117895,0.9944104256608002,6069412.542742421,61.60607252330633
Barceloneta,2010-2014,1,20,5,0.0015328615277230655,2.5,0.007635048956595709,98169.83297503703,749.5314808252442,488975.33617312205,0.9911293674255164,5577688.679481242,56.81672781188857
Barceloneta,2010-2014,1,25,5,0.0020334293063128477,2.5,0.0101157225150228,97420.30149421179,985.4767372453061,484637.8156279457,0.9892719898820427,5088713.34330812,52.23462938687852
Barceloneta,2010-2014,1,30,5,0.0022822588367626784,2.5,0.01134655474671961,96434.82475696648,1094.2030185952317,479438.61623834434,0.9888670281403775,4604075.527680174,47.74287234184635
Barceloneta,2010-2014,1,35,5,0.002195370909644824,2.5,0.01091693772944008,95340.62173837125,1040.8276306038897,474101.0396153465,0.9872160064440574,4124636.9114418295,43.26211468140456
Barceloneta,2010-2014,1,40,5,0.0029560162048462703,2.5,0.014671656885467883,94299.79410776736,1383.5342235194257,468040.1349800382,0.9802763825104819,3650535.8718264834,38.71202377870084
Barceloneta,2010-2014,1,45,5,0.005032693716772484,2.5,0.024850802391234616,92916.25988424793,2309.0436133160547,458808.6903879495,0.9737716106909591,3182495.736846445,34.251225144136185
Barceloneta,2010-2014,1,50,5,0.005605690232610683,2.5,0.027641082793468098,90607.21627093188,2504.481566630493,446774.8774380832,0.9626434138855348,2723687.0464584953,30.060376629541082
Barceloneta,2010-2014,1,55,5,0.009699276054347608,2.5,0.04734827040827368,88102.73470430139,4171.5121064876585,430084.8932552878,0.9461617061196623,2276912.1690204125,25.84383080346368
Barceloneta,2010-2014,1,60,5,0.012509533435176391,2.5,0.06065088159782952,83931.22259781373,5090.502644141074,406929.85637871595,0.9264138993056062,1846827.2757651245,22.004055446860978
Barceloneta,2010-2014,1,65,5,0.018269271278493503,2.5,0.08735650707808938,78840.71995367265,6887.249910674669,376985.4749916766,0.8938386897573086,1439897.4193864085,18.26337228062481
Barceloneta,2010-2014,1,70,5,0.027068925406610485,2.5,0.12676607355985114,71953.47004299799,9121.258876357235,336964.20302409685,0.8401975215200657,1062911.944394732,14.772212427830882
Barceloneta,2010-2014,1,75,5,0.04386119339972744,2.5,0.1976347292890164,62832.21116664075,12417.827044549354,283116.4882218304,0.7512213234453561,725947.7413706351,11.553751298761544
Barceloneta,2010-2014,1,80,5,0.07407973587184542,2.5,0.31252015332657396,50414.3841220914,15755.511055700801,212683.142971205,0.5197196641860844,442831.25314880477,8.78382749011423
Barceloneta,2010-2014,1,85,NA,0.15152597418398586,6.640380653368069,1,34658.873066390595,34658.873066390595,230148.11017759977,0,230148.11017759977,6.640380653368069
Barceloneta,2010-2014,2,0,1,0.005943445599868415,0.13681461456195843,0.005913109600995363,100000,591.3109600995376,99489.58902099275,0.9938504534265284,8276641.389099181,82.76641389099181
Barceloneta,2010-2014,2,1,4,2.0156257074462872e-4,1.5143793706791806,8.05846547343879e-4,99408.68903990046,80.10814883877174,397435.6376922715,0.9992050360106243,8177151.800078188,82.25791808597394
Barceloneta,2010-2014,2,5,5,9.080245687269434e-5,2.5,4.5390924417705055e-4,99328.58089106169,45.08616107744456,496530.18905261485,0.9994957952444756,7779716.162385916,78.323037464094
Barceloneta,2010-2014,2,10,5,1.1093537948293587e-4,2.5,5.54523106836457e-4,99283.49472998425,55.05499195525772,496279.8361700331,0.9988056697172945,7283185.973333301,73.35746987090829
Barceloneta,2010-2014,2,15,5,3.6723533387939905e-4,2.5,0.001834492443284723,99228.43973802899,182.03382285834232,495687.1141329991,0.9973820720945734,6786906.137163268,68.39678377571232
Barceloneta,2010-2014,2,20,5,6.817205234733317e-4,2.5,0.0034028032153934715,99046.40591517065,337.0354285213107,494389.44100454997,0.9962796338971064,6291219.023030269,63.51789310172901
Barceloneta,2010-2014,2,25,5,8.094373208550343e-4,2.5,0.00403901328404633,98709.37048664934,398.68845865542244,492550.1312866081,0.9954187740820277,5796829.582025719,58.72623392740361
Barceloneta,2010-2014,2,30,5,0.0010277614537433034,2.5,0.005125637437256827,98310.68202799391,503.9049122849392,490293.64785925724,0.9943966081070847,5304279.450739111,53.95425340685481
Barceloneta,2010-2014,2,35,5,0.0012204338726908833,2.5,0.006083607761005177,97806.77711570897,595.0180683400249,487546.3404076948,0.9932872582190192,4813985.802879854,49.21934803336515
Barceloneta,2010-2014,2,40,5,0.001474561188198087,2.5,0.0073457266325118965,97211.75904736895,714.0910074275889,484273.56771827576,0.9906884518014095,4326439.462472159,44.50530990149031
Barceloneta,2010-2014,2,45,5,0.0022712065404080634,2.5,0.011291917012608364,96497.66803994136,1089.643659417241,479764.2310511637,0.9865608356471192,3842165.894753883,39.816152792040235
Barceloneta,2010-2014,2,50,5,0.0031467488760669733,2.5,0.015610935148750652,95408.02438052412,1489.4084812747897,473316.6006994336,0.9784238297947926,3362401.6637027194,35.242336119362044
Barceloneta,2010-2014,2,55,5,0.0056046460020971805,2.5,0.027636004948859497,93918.61589924933,2595.5353337816923,463104.2411617924,0.9716261858927301,2889085.063003286,30.76158049542101
Barceloneta,2010-2014,2,60,5,0.005912643899703446,2.5,0.02913259287958714,91323.08056546764,2660.4781266235077,449964.20751077944,0.9636332251215646,2425980.8218414937,26.5648158912287
Barceloneta,2010-2014,2,65,5,0.00895990904691099,2.5,0.04381803129696615,88662.60243884413,3885.020688535733,433600.4604728813,0.9424023820595423,1976016.614330714,22.286923234558678
Barceloneta,2010-2014,2,70,5,0.014939624938662925,2.5,0.0720086684460243,84777.5817503084,6104.72077591368,408626.1068117578,0.9038837424642736,1542416.1538578328,18.193679531938546
Barceloneta,2010-2014,2,75,5,0.026006528241718806,2.5,0.12209450568307975,78672.86097439472,9605.524071342385,369350.4946936176,0.8378990165006306,1133790.047046075,14.411450568895471
Barceloneta,2010-2014,2,80,5,0.04634671290129113,2.5,0.20767135306109283,69067.33690305233,14343.307306983217,309478.4162478036,0.5951564577010354,764439.5523524574,11.068032830417037
Barceloneta,2010-2014,2,85,NA,0.11462416820994757,8.31373602168606,1,54724.029596069115,54724.029596069115,454961.1361046538,0,454961.1361046538,8.31373602168606
Barceloneta,2015-2019,1,0,1,0.009207334184568658,0.1309172250014025,0.009134242564330517,100000,913.4242564330489,99206.15871246814,0.9904891889609024,7772889.008650697,77.72889008650696
Barceloneta,2015-2019,1,1,4,3.2737837823196395e-4,1.6254785271536722,0.001308496331075037,99086.57574356695,129.65442081923538,396038.4357679831,0.9986839530960631,7673682.849938229,77.44422281578775
Barceloneta,2015-2019,1,5,5,1.5509909336212745e-4,2.5,7.751948867503524e-4,98956.92132274772,76.71089941795799,494592.82936519367,0.9991184140374064,7277644.414170246,73.54356134862188
Barceloneta,2015-2019,1,10,5,1.9770958967423347e-4,2.5,9.880595762376883e-4,98880.21042332976,97.69953880916,494156.8032696259,0.9977984107181889,6783051.584805053,68.59867667923835
Barceloneta,2015-2019,1,15,5,6.844329633263777e-4,2.5,0.0034163192129254595,98782.5108845206,337.47258983583015,493068.8729480134,0.9951609917594002,6288894.781535426,63.66405070313826
Barceloneta,2015-2019,1,20,5,0.0012572541963300355,2.5,0.00626657428959466,98445.03829468477,616.9131459156342,490682.9086086347,0.9927496413228579,5795825.908587413,58.87372293195949
Barceloneta,2015-2019,1,25,5,0.00165488780468114,2.5,0.008240346899430177,97828.12514876913,806.1376877467264,487125.2815244788,0.9915988645143304,5305142.999978778,54.22922080854707
Barceloneta,2015-2019,1,30,5,0.0017200164810818937,2.5,0.008563260034431936,97021.9874610224,830.8245076861349,483032.8760358967,0.9906629471848123,4818017.7184542995,49.65902930394916
Barceloneta,2015-2019,1,35,5,0.0020337942896912296,2.5,0.010117529016606747,96191.16295333627,973.2168823215179,478522.77256087755,0.98799184108216,4334984.842418402,45.066352347994446
Barceloneta,2015-2019,1,40,5,0.0028031297044026223,2.5,0.013918112833232955,95217.94607101475,1325.254117165081,472776.5950621611,0.98324974145176,3856462.069857525,40.50142046732794
Barceloneta,2015-2019,1,45,5,0.003963361036982813,2.5,0.019622378756374233,93892.69195384967,1842.3979639740137,464857.46485931333,0.9781003432414292,3383685.4747953643,36.03779383020055
Barceloneta,2015-2019,1,50,5,0.004903895290078164,2.5,0.024222514760273928,92050.29398987566,2229.6896048573108,454677.245937235,0.9685473053467879,2918828.009936051,31.709056901622546
Barceloneta,2015-2019,1,55,5,0.007926492107123175,2.5,0.038862355157073966,89820.60438501835,3490.640228033604,440376.42135500774,0.9479841267905335,2464150.763998816,27.43413697636869
Barceloneta,2015-2019,1,60,5,0.013586574724905034,2.5,0.06570123671902105,86329.96415698474,5671.985411022673,417469.85725736705,0.9258582854765985,2023774.342643808,23.44231649353777
Barceloneta,2015-2019,1,65,5,0.017356987928431395,2.5,0.08317573890200577,80657.97874596207,6708.786980537669,386517.9262784662,0.8925072286552327,1606304.485386441,19.91501039773894
Barceloneta,2015-2019,1,70,5,0.028728193773968992,2.5,0.1340158832153449,73949.1917654244,9910.366247504266,344970.04320836137,0.8487842650876865,1219786.5591079749,16.494927530476364
Barceloneta,2015-2019,1,75,5,0.03741598601344888,2.5,0.17107735981235253,64038.82551792014,10955.593195089685,292805.14460187644,0.7940542324445853,874816.5158996135,13.660720802176666
Barceloneta,2015-2019,1,80,5,0.056623740761755685,2.5,0.24801049839105596,53083.23232283045,13165.198904593388,232503.1643526688,0.6005178320927889,582011.371297737,10.964128328851237
Barceloneta,2015-2019,1,85,NA,0.15658218510148134,8.7556469348861,1,39918.033418237064,39918.033418237064,349508.20694506826,0,349508.20694506826,8.7556469348861
Barceloneta,2015-2019,2,0,1,0.005253539580614433,0.13823255770615056,0.0052298622715650465,100000,522.9862271565071,99549.30749666842,0.9945218435442001,8495705.357230179,84.95705357230179
Barceloneta,2015-2019,2,1,4,1.9880297711747923e-4,1.5154910140841638,7.948193251227138e-4,99477.0137728435,79.06625295215053,397711.61427543167,0.9992516207880026,8396156.049733512,84.40297643942345
Barceloneta,2015-2019,2,5,5,8.127014961860906e-5,2.5,4.062682043986534e-4,99397.94751989134,40.382225659821415,496888.78203530714,0.9995367624797168,7998444.43545808,80.46890941945703
Barceloneta,2015-2019,2,10,5,1.0407306904509618e-4,2.5,5.202299903962063e-4,99357.56529423152,51.68878523881722,496658.60450806055,0.998946451863949,7501555.653422773,75.5005985825852
Barceloneta,2015-2019,2,15,5,3.176808774715813e-4,2.5,0.001587143874211324,99305.8765089927,157.61271357443184,496135.3507610274,0.997790321725339,7004897.048914712,70.53859545039491
Barceloneta,2015-2019,2,20,5,5.67444301738461e-4,2.5,0.0028332022974439128,99148.26379541827,280.90708877275756,495039.0512551595,0.9965859978866738,6508761.698153685,65.6467541537975
Barceloneta,2015-2019,2,25,5,8.008907864294035e-4,2.5,0.003996452127927859,98867.35670664551,395.118658092877,493348.9868879954,0.9957551696313974,6013722.646898525,60.82617000414155
Barceloneta,2015-2019,2,30,5,9.008653817420403e-4,2.5,0.004494205223948453,98472.23804855264,442.55444665170216,491254.8041261339,0.9952417553711986,5520373.66001053,56.060203052241576
Barceloneta,2015-2019,2,35,5,0.001007225093168065,2.5,0.005023476038039221,98029.68360190094,492.4497665907111,488917.29359302786,0.9940192730655205,5029118.855884396,51.30200028297219
Barceloneta,2015-2019,2,40,5,0.0013933992208745478,2.5,0.006942810836347625,97537.23383531022,677.1825640191673,485993.2127665032,0.9922764195161482,4540201.562291368,46.548393713496246
Barceloneta,2015-2019,2,45,5,0.0017092343819811776,2.5,0.008509808765590309,96860.05127129106,824.2605133439502,482239.6050730954,0.9884524241423661,4054208.349524865,41.856351471151
Barceloneta,2015-2019,2,50,5,0.002943789594726414,2.5,0.014611415640316603,96035.7907579471,1403.218855110841,476670.9066519584,0.9825993067523169,3571968.7444517696,37.19414102034854
Barceloneta,2015-2019,2,55,5,0.004087615039768413,2.5,0.02023133047206175,94632.57190283627,1914.542835587432,468376.5024252127,0.9745607015039713,3095297.837799811,32.7085883386737
Barceloneta,2015-2019,2,60,5,0.006247024273857647,2.5,0.03075480631531434,92718.02906724883,2851.5250259009335,456461.33277149184,0.9642013649509289,2626921.3353745984,28.332368168323335
Barceloneta,2015-2019,2,65,5,0.008372140964747173,2.5,0.0410025078839543,89866.5040413479,3684.7520404587704,440120.6401055926,0.9466982762881002,2170460.0026031067,24.152046702567514
Barceloneta,2015-2019,2,70,5,0.013677587510545151,2.5,0.0661267998242544,86181.75200088913,5698.923463066341,416661.4513467798,0.9152366448063538,1730339.3624975139,20.07779283112813
Barceloneta,2015-2019,2,75,5,0.022101119619388796,2.5,0.1047195498524975,80482.82853782279,8428.12557533654,381343.8287507726,0.8643462344093892,1313677.911150734,16.322462008568362
Barceloneta,2015-2019,2,80,5,0.037207759271180085,2.5,0.17020630801797737,72054.70296248625,12264.164966576805,329613.10239598923,0.646464600384963,932334.0823999614,12.939253706803306
Barceloneta,2015-2019,2,85,NA,0.11081017206932386,10.080541172671957,1,59790.53799590944,59790.53799590944,602720.9800039722,0,602720.9800039722,10.080541172671957
Barceloneta,2020-2024,1,0,1,0.009768702715066324,0.1297970421672209,0.00968636134018888,100000,968.6361340188887,99157.08997111305,0.9898538717429842,7599148.453653196,75.99148453653196
Barceloneta,2020-2024,1,1,4,3.781381360118328e-4,1.623814993282011,0.0015111946960660696,99031.36386598111,149.65567181845836,395769.8459003791,0.9985483408364734,7499991.363682083,75.7334956411567
Barceloneta,2020-2024,1,5,5,1.6193192382324247e-4,2.5,8.093319774059298e-4,98881.70819416265,80.02812842205458,494208.4706497581,0.9991024533660482,7104221.517781704,71.84565929860314
Barceloneta,2020-2024,1,10,5,1.9726378320208203e-4,2.5,9.85832743269056e-4,98801.6800657406,97.40193129880936,493764.895500456,0.9977753204753126,6610013.047131945,66.90182841763196
Barceloneta,2020-2024,1,15,5,6.941522930662808e-4,2.5,0.0034647488070081956,98704.27813444179,341.98552991291217,492666.4268474267,0.9946808074148289,6116248.151631489,61.96538050053669
Barceloneta,2020-2024,1,20,5,0.0014411907119510254,2.5,0.007180083884242628,98362.29260452888,706.249511946924,490045.8392427771,0.9911169377235607,5623581.724784062,57.17212943982496
Barceloneta,2020-2024,1,25,5,0.0021309636817182175,2.5,0.010598356625951585,97656.04309258195,1034.993571374478,485692.73153447354,0.9887692154883874,5133535.885541285,52.56751884442504
Barceloneta,2020-2024,1,30,5,0.002388171158585752,2.5,0.011869986892057753,96621.04952120747,1146.8905913135968,480238.02112775337,0.9879887483732717,4647843.154006812,48.10383634868974
Barceloneta,2020-2024,1,35,5,0.0024457054759824608,2.5,0.012154213314761875,95474.15892989388,1160.413293681413,474469.76141526585,0.9864340792113512,4167605.132879059,43.65165589926073
Barceloneta,2020-2024,1,40,5,0.0030216543632191435,2.5,0.01499499756653725,94313.74563621246,1414.2343863060087,468033.14221529727,0.9839818400217274,3693135.371463793,39.15797582368297
Barceloneta,2020-2024,1,45,5,0.003440723690607189,2.5,0.017056898268137305,92899.51124990646,1584.5775125493237,460536.112468159,0.9776704900899426,3225102.229248496,34.71603010453667
Barceloneta,2020-2024,1,50,5,0.005616493828008071,2.5,0.027693616573637708,91314.93373735713,2528.8407623695093,450252.56678086193,0.9695785477206783,2764566.1167803365,30.275071159027153
Barceloneta,2020-2024,1,55,5,0.006757665069141045,2.5,0.03322698328496093,88786.09297498762,2950.09402721691,436555.22980689583,0.9545672821565795,2314313.5499994745,26.066171766916824
Barceloneta,2020-2024,1,60,5,0.0119587401345217,2.5,0.05805795080651365,85835.99894777071,4983.462204337629,416721.3392280095,0.9241700930674084,1877758.3201925787,21.87611658524709
Barceloneta,2020-2024,1,65,5,0.01988078036320395,2.5,0.09469726309457051,80852.53674343308,7656.513943856306,385121.3988575246,0.889472519232244,1461036.9809645694,18.070391354582156
Barceloneta,2020-2024,1,70,5,0.027353528543972654,2.5,0.12801358461772058,73196.02279957678,9370.085258334228,342554.9008520483,0.8311554784378394,1075915.5821070448,14.699098953136915
Barceloneta,2020-2024,1,75,5,0.04834748867494461,2.5,0.21566972001039533,63825.93754124255,13765.322078920763,284716.38250891084,0.7442077993612098,733360.6812549963,11.490010323485166
Barceloneta,2020-2024,1,80,5,0.07251925017031002,2.5,0.3069472837103332,50060.61546232179,15365.969937027177,211888.152469041,0.5277145991574027,448644.29874608555,8.962021233713326
Barceloneta,2020-2024,1,85,NA,0.14818866124009858,6.823996691490454,1,34694.64552529461,34694.64552529461,236756.14627704452,0,236756.14627704452,6.823996691490454
Barceloneta,2020-2024,2,0,1,0.007031840678048044,0.13457766880962818,0.006989307165753564,100000,698.9307165753562,99395.1297499208,0.9928507646176926,8445191.612872712,84.45191612872712
Barceloneta,2020-2024,2,1,4,1.7621639381332178e-4,1.512628397241319,7.045567569976257e-4,99301.06928342464,69.9632393407228,397030.2525589255,0.9992499446813643,8345796.483122792,84.04538383471238
Barceloneta,2020-2024,2,5,5,8.264794486122726e-5,2.5,4.1315435840955377e-4,99231.10604408392,40.997763951920206,496053.0358105398,0.9995407419870772,7948766.230563867,80.10357384339329
Barceloneta,2020-2024,2,10,5,1.0110169207005782e-4,2.5,5.053807232346426e-4,99190.108280132,50.128768660346395,495825.2194790091,0.9988184531815647,7452713.194753327,75.13564935029034
Barceloneta,2020-2024,2,15,5,3.719565193460968e-4,2.5,0.0018580548077328873,99139.97951147165,184.20751556984033,495239.3787684337,0.9976245740335742,6956887.975274318,70.17237656851971
Barceloneta,2020-2024,2,20,5,5.795906418848583e-4,2.5,0.00289376021856794,98955.77199590181,286.3542763994046,494062.97428851057,0.9967739488275226,6461648.596505884,65.29834961798377
Barceloneta,2020-2024,2,25,5,7.131304223412701e-4,2.5,0.003559306487359918,98669.41771950241,351.19469859305536,492469.10185102944,0.9959445985427606,5967585.622217374,60.48060037388724
Barceloneta,2020-2024,2,30,5,9.127316538334864e-4,2.5,0.004553268488472853,98318.22302090935,447.6692667237512,490471.9419377374,0.9947722449481293,5475116.520366345,55.687708261386604
Barceloneta,2020-2024,2,35,5,0.00118456297197581,2.5,0.005905326781272768,97870.5537541856,577.9576021825778,487907.87476547156,0.9936086041344385,4984644.5784286065,50.93099392232089
Barceloneta,2020-2024,2,40,5,0.0013808207462575458,2.5,0.006880352397956078,97292.59615200303,669.4073472378077,484789.4623919206,0.9926115680481213,4496736.703663135,46.21869372914824
Barceloneta,2020-2024,2,45,5,0.0015862720979467687,2.5,0.00790003149091649,96623.18880476522,763.3262343103997,481207.6284380501,0.9882714844500752,4011947.2412712146,41.52157769681635
Barceloneta,2020-2024,2,50,5,0.003141984941264413,2.5,0.015587485593802311,95859.86257045482,1494.2142268408497,475563.77728517196,0.9818484748474631,3530739.6128331646,36.83230413811778
Barceloneta,2020-2024,2,55,5,0.004194766529927272,2.5,0.020756164489411734,94365.64834361397,1958.668919170028,466931.5694201447,0.9723287771366981,3055175.8355479925,32.37593222931262
Barceloneta,2020-2024,2,60,5,0.007069339895128101,2.5,0.03473285360646101,92406.97942444394,3209.558088564474,454011.00190080854,0.9629005457646088,2588244.266127848,28.009185910509192
Barceloneta,2020-2024,2,65,5,0.008069828014125932,2.5,0.03955121138653056,89197.42133587947,3527.8660663888004,437167.4415134254,0.9482379003655605,2134233.2642270396,23.927073588713142
Barceloneta,2020-2024,2,70,5,0.013324727723684947,2.5,0.06447583137388659,85669.55526949067,5523.615799431544,414538.7368488745,0.9107574151870367,1697065.822713614,19.809438923491026
Barceloneta,2020-2024,2,75,5,0.024564506232327445,2.5,0.11571624981239208,80145.93947005912,9274.187553166208,377544.2284673801,0.8564202672795973,1282527.0858647395,16.0023963078487
Barceloneta,2020-2024,2,80,5,0.0383776378392308,2.5,0.17508939565619586,70871.75191689291,12408.892212224622,323336.529053903,0.6427152996203854,904982.8573973594,12.769302760549492
Barceloneta,2020-2024,2,85,NA,0.08899724419574494,9.948988661890786,1,58462.85970466829,58462.85970466829,581646.3283434565,0,581646.3283434565,9.948988661890786
Barranquitas,1980-1984,1,0,1,0.015377656147339304,0.11860465604079179,0.015172017736346417,100000,1517.201773634646,98662.74542087177,0.9843368923797916,7158419.04082303,71.5841904082303
Barranquitas,1980-1984,1,1,4,4.519078111556055e-4,1.6072867105603883,0.0018056787897419327,98482.79822636535,177.82829991178005,393505.700769024,0.9981139764977195,7059756.295402158,71.68517164972424
Barranquitas,1980-1984,1,5,5,2.3177638646712878e-4,2.5,0.001158210817540502,98304.96992645357,113.8578795868234,491240.2049333008,0.9986308795347254,6666250.594633134,67.81193870076416
Barranquitas,1980-1984,1,10,5,3.163048590985544e-4,2.5,0.0015802746740974534,98191.11204686675,155.16892758912581,490567.6379153609,0.9967883548724655,6175010.3896998335,62.887671409124
Barranquitas,1980-1984,1,15,5,9.714732191460649e-4,2.5,0.0048455976748007605,98035.94311927762,475.0427380256733,488992.10875132395,0.9932683126671323,5684442.751784473,57.98325155977097
Barranquitas,1980-1984,1,20,5,0.0017328668317014909,2.5,0.008626960723268098,97560.90038125195,841.6540557157277,485700.36676697043,0.9904906960279871,5195450.643033149,53.253410154377235
Barranquitas,1980-1984,1,25,5,0.0020907362031850293,2.5,0.010399325400665464,96719.24632553622,1005.8149150463723,481081.6943400652,0.9889931968133919,4709750.276266178,48.69506799519684
Barranquitas,1980-1984,1,30,5,0.0023377158497223014,2.5,0.011620664718370399,95713.43141048985,1112.2536954660463,475786.52281378413,0.9865418654032392,4228668.581926113,44.18051384857848
Barranquitas,1980-1984,1,35,5,0.0030870843861626326,2.5,0.015317208145548848,94601.1777150238,1449.0259298750607,469383.3237504314,0.982943354758432,3752882.0591123286,39.67056383185307
Barranquitas,1980-1984,1,40,5,0.00380039571189998,2.5,0.01882314010713082,93152.15178514874,1753.4160043325828,461377.21891491226,0.9768808989248345,3283498.7353618974,35.2487695929466
Barranquitas,1980-1984,1,45,5,0.005576160537237914,2.5,0.027497476823349628,91398.73578081616,2513.2346188164374,450710.5923570397,0.9596967216522093,2822121.5164469853,30.877030107010793
Barranquitas,1980-1984,1,50,5,0.010988003359773806,2.5,0.053471163488706716,88885.50116199972,4752.811164408922,432545.4778989763,0.946484600107911,2371410.9240899454,26.67938969897792
Barranquitas,1980-1984,1,55,5,0.011007211946051712,2.5,0.053562135291662503,84132.6899975908,4506.326524102464,409397.63367769786,0.9306571273466769,1938865.446190969,23.04532811498705
Barranquitas,1980-1984,1,60,5,0.017976477720613282,2.5,0.08601669557409516,79626.36347348834,6849.196666571297,381008.82570101344,0.8960735060526602,1529467.8125132713,19.20805805758678
Barranquitas,1980-1984,1,65,5,0.0263305629493035,2.5,0.12352181728258857,72777.16680691704,8989.567900668473,341411.914282914,0.8545460172806588,1148458.986812258,15.780484968028512
Barranquitas,1980-1984,1,70,5,0.03727245753223395,2.5,0.17047704190006696,63787.59890624857,10874.321171445212,291752.19160262984,0.7935287498880085,807047.0725293438,12.65209988097367
Barranquitas,1980-1984,1,75,5,0.05710699520207444,2.5,0.2498627052374423,52913.277734803356,13221.054717798084,231513.7518795216,0.6823291407219184,515294.88092671393,9.73847969708711
Barranquitas,1980-1984,1,80,5,0.10253313882379048,2.5,0.40806518377584233,39692.22301700527,16197.014279905976,157968.5793852614,0.4433436080980865,283781.12904719234,7.149539821078111
Barranquitas,1980-1984,1,85,NA,0.17167934092881468,5.354817276565456,1,23495.208737099296,23495.208737099296,125812.54966193094,0,125812.54966193094,5.354817276565456
Barranquitas,1980-1984,2,0,1,0.010343542110466604,0.1277712282066213,0.010251057733595024,100000,1025.105773359508,99105.87325034433,0.9893896381755843,7776062.8825165555,77.76062882516555
Barranquitas,1980-1984,2,1,4,3.150173554527913e-4,1.5073215290674409,0.0012590807450494632,98974.89422664049,124.61738356405112,395588.9458374479,0.9987557992711361,7676957.009266212,77.56469021009421
Barranquitas,1980-1984,2,5,5,1.3930134316212078e-4,2.5,6.962642394512256e-4,98850.27684307644,68.82591282570502,494079.319433318,0.9992673745146562,7281368.063428763,73.66057330307575
Barranquitas,1980-1984,2,10,5,1.5386157388557216e-4,2.5,7.690120659108656e-4,98781.45093025074,75.96412765354034,493717.3443321198,0.9982004132597533,6787288.743995446,68.71015438706128
Barranquitas,1980-1984,2,15,5,5.669934761546228e-4,2.5,0.002830954548871862,98705.4868025972,279.43074686241744,492828.8571458299,0.9959108881942831,6293571.399663325,63.76110998013664
Barranquitas,1980-1984,2,20,5,0.0010730390226677568,2.5,0.005350840960452149,98426.05605573478,526.6621723187855,490813.6248478769,0.9940941762107155,5800742.542517495,58.93502975708754
Barranquitas,1980-1984,2,25,5,0.0012969500515138766,2.5,0.006463792218442672,97899.39388341599,632.8013403738732,487914.96606614534,0.9935970691407812,5309928.9176696185,54.23862913791862
Barranquitas,1980-1984,2,30,5,0.0012723691840867445,2.5,0.006341673545446811,97266.59254304212,616.8329767859686,484790.8802732457,0.9925476207727956,4822013.951603473,49.57523262130983
Barranquitas,1980-1984,2,35,5,0.0017214111152317033,2.5,0.008570173595939727,96649.75956625615,828.3052174886398,481178.0347875592,0.9904736495980003,4337223.071330228,44.87567367776987
Barranquitas,1980-1984,2,40,5,0.002109222235660749,2.5,0.010490792645509707,95821.45434876751,1005.2430085640954,476594.1642224273,0.9881870830563013,3856045.0365426685,40.24197986504748
Barranquitas,1980-1984,2,45,5,0.002647215883178755,2.5,0.013149058425114254,94816.21134020342,1246.743902560309,470964.19694461627,0.9834027795654803,3379450.8723202413,35.64212094696201
Barranquitas,1980-1984,2,50,5,0.004059041090358648,2.5,0.02009132665070566,93569.4674376431,1879.9347348222655,463147.5003511599,0.9704334441016669,2908486.675375625,31.083715179996176
Barranquitas,1980-1984,2,55,5,0.008004239050278257,2.5,0.03923605827679597,91689.53270282084,3597.5358485000615,449453.82389285404,0.9599915136950368,2445339.175024465,26.669774650833553
Barranquitas,1980-1984,2,60,5,0.008332527275077729,2.5,0.04081245905479595,88091.99685432078,3595.251014672176,431471.85673492344,0.9445874739254364,1995885.351131611,22.656829478303692
Barranquitas,1980-1984,2,65,5,0.014643940912389866,2.5,0.07063381116900963,84496.7458396486,5968.327190033553,407562.9112231591,0.9010782897746044,1564413.4943966877,18.51448217148517
Barranquitas,1980-1984,2,70,5,0.027661018427159206,2.5,0.12935954990188347,78528.41864961505,10158.400891020865,367246.0910205231,0.8422657009107669,1156850.5831735285,14.731616949212556
Barranquitas,1980-1984,2,75,5,0.04206831783630708,2.5,0.1903249617263208,68370.01775859419,13012.521013132311,309318.7862601402,0.7584273542162402,789604.4921530054,11.548987670896887
Barranquitas,1980-1984,2,80,5,0.07193930990738055,2.5,0.3048667843392781,55357.496745461875,16876.66202186101,234595.82867265685,0.5115494261139081,480285.7058928653,8.676073416058836
Barranquitas,1980-1984,2,85,NA,0.14478051132359032,6.384733568929659,1,38480.83472360086,38480.83472360086,245689.87722020847,0,245689.87722020847,6.384733568929659
Barranquitas,1985-1989,1,0,1,0.014589606875668572,0.12017716895994715,0.014404704214266144,100000,1440.4704214266094,98732.64123579099,0.9849647417360741,7156636.585490293,71.56636585490293
Barranquitas,1985-1989,1,1,4,5.188890341417102e-4,1.6095986262024162,0.0020729849033984506,98559.52957857339,204.3124169024377,393749.7296322461,0.9979519873780753,7057903.944254503,71.61056850040886
Barranquitas,1985-1989,1,5,5,2.46055904563866e-4,2.5,0.001229523194214993,98355.21716167095,120.93002077232813,491473.76075642393,0.9987054048005265,6664154.214622256,67.7559808918736
Barranquitas,1985-1989,1,10,5,2.721344792159367e-4,2.5,0.0013597473107639832,98234.28714089862,133.57380776463833,490837.5011850815,0.9970488032811456,6172680.453865833,62.8363134046291
Barranquitas,1985-1989,1,15,5,9.11032845470183e-4,2.5,0.004544813042455419,98100.71333313399,445.84940143061976,489388.9431620934,0.9935474627131738,5681842.952680751,57.918467252996834
Barranquitas,1985-1989,1,20,5,0.0016808276724896442,2.5,0.008368971365793473,97654.86393170337,817.2707599748974,486231.1427585796,0.9907914757984069,5192454.009518658,53.1714837383839
Barranquitas,1985-1989,1,25,5,0.002021194224076147,2.5,0.01005516252931474,96837.59317172847,973.7177382893715,481753.6715129189,0.987253986871265,4706222.866760078,48.59913090171731
Barranquitas,1985-1989,1,30,5,0.0031169395802289686,2.5,0.015464195493618696,95863.8754334391,1482.457710478615,475613.23289099894,0.9840013861040275,4224469.195247159,44.06737340991731
Barranquitas,1985-1989,1,35,5,0.0033358753600505465,2.5,0.016541426457900237,94381.41772296048,1561.2032802567119,468004.0804141606,0.9833386589009196,3748855.96235616,39.720276011960806
Barranquitas,1985-1989,1,40,5,0.00338506073106295,2.5,0.016783272662245524,92820.21444270377,1557.8269675600022,460206.5047946189,0.97636117400728,3280851.8819419993,35.34630793130961
Barranquitas,1985-1989,1,45,5,0.006217442712423719,2.5,0.03061140196692773,91262.38747514377,2793.6696274631395,449327.763307061,0.9613074584747192,2820645.3771473803,30.90698649447026
Barranquitas,1985-1989,1,50,5,0.00963227094105829,2.5,0.0470288677155725,88468.71784768063,4160.583628624867,431942.130166841,0.9441377278069822,2371317.6138403197,26.804023744563494
Barranquitas,1985-1989,1,55,5,0.013464812984094403,2.5,0.06513160279306468,84308.13421905576,5491.123910179915,407812.861319829,0.9210233389273759,1939375.4836734785,23.003420745078365
Barranquitas,1985-1989,1,60,5,0.019680121750296348,2.5,0.09378629451506754,78817.01030887585,7391.955341625362,375605.1631903158,0.8941672966277248,1531562.6223536495,19.431879188916344
Barranquitas,1985-1989,1,65,5,0.02533414013691561,2.5,0.11912582483390828,71425.05496725049,8508.568586780944,335853.8533693001,0.8542027833777597,1155957.4591633338,16.184201183931304
Barranquitas,1985-1989,1,70,5,0.03861465585671527,2.5,0.17607553847598628,62916.48638046954,11078.054218458237,286887.2963562021,0.7889268729673323,820103.6057940336,13.034796648285324
Barranquitas,1985-1989,1,75,5,0.058072042576053626,2.5,0.25354982264132364,51838.432162011304,13143.625280682252,226333.0976083509,0.6968443578519314,533216.3094378315,10.286119529451891
Barranquitas,1985-1989,1,80,5,0.09068052797035159,2.5,0.3696112757742479,38694.80688132905,14302.036937246176,157718.9420635298,0.4860620067051233,306883.2118294806,7.930862990753349
Barranquitas,1985-1989,1,85,NA,0.17405824829443728,6.115101733336955,1,24392.769944082876,24392.769944082876,149164.26976595077,0,149164.26976595077,6.115101733336955
Barranquitas,1985-1989,2,0,1,0.00939756742058693,0.12971546160749028,0.009321332366687573,100000,932.1332366687566,99188.77885640542,0.990393137670484,7814185.161004406,78.14185161004406
Barranquitas,1985-1989,2,1,4,2.672797201958388e-4,1.5088341922393993,0.0010684074943672162,99067.86676333124,105.84485130092071,396007.7899788366,0.9988669584862879,7714996.382148,77.87587069557868
Barranquitas,1985-1989,2,5,5,1.4121024324247676e-4,2.5,7.058020500144749e-4,98962.02191203032,69.8475979390787,494635.4905653039,0.9992729091294157,7318988.592169164,73.9575490754947
Barranquitas,1985-1989,2,10,5,1.497349759252827e-4,2.5,7.483947274601663e-4,98892.17431409124,74.01038184373465,494275.84561584686,0.9981634155484106,6824353.10160386,69.00801958230835
Barranquitas,1985-1989,2,15,5,5.859749972795108e-4,2.5,0.0029255891811164397,98818.16393224751,289.1013512979698,493368.0662829926,0.9962162543354661,6330077.255988013,64.05783111218389
Barranquitas,1985-1989,2,20,5,9.310461102170885e-4,2.5,0.004644420127849822,98529.06258094954,457.6103614291351,491501.2870011749,0.9946709092893852,5836709.189705021,59.23845246076198
Barranquitas,1985-1989,2,25,5,0.0012070225064554755,2.5,0.006016956028909261,98071.4522195204,590.0916156961321,488882.0320583617,0.9941173505491114,5345207.902703846,54.50319926678848
Barranquitas,1985-1989,2,30,5,0.0011528189033889404,2.5,0.005747529864256433,97481.36060382427,560.2770312788343,486006.1104409243,0.9929668252793916,4856325.870645484,49.81799433824241
Barranquitas,1985-1989,2,35,5,0.0016722119436237872,2.5,0.00832625157479646,96921.08357254544,806.9893247268919,482587.94455091,0.9900354058244364,4370319.76020456,45.091528067093634
Barranquitas,1985-1989,2,40,5,0.0023369121073756245,2.5,0.011616692563132013,96114.09424781855,1116.527883860792,477779.1515294408,0.9875080323219158,3887731.81565365,40.44913335633799
Barranquitas,1985-1989,2,45,5,0.002693522358095616,2.5,0.013377530099430794,94997.56636395775,1270.8328034065198,471810.7498112725,0.9827722678822897,3409952.664124209,35.89515810394435
Barranquitas,1985-1989,2,50,5,0.0042711527646517415,2.5,0.021130138697470765,93726.73356055123,1980.458879795333,463682.5206032678,0.9707589466686501,2938141.914312937,31.34796021046417
Barranquitas,1985-1989,2,55,5,0.007648931378247402,2.5,0.03752705227209413,91746.2746807559,3442.967245714637,450123.95528949297,0.9571937087872965,2474459.393709669,26.970679761329812
Barranquitas,1985-1989,2,60,5,0.00989724965789465,2.5,0.04829136895236559,88303.30743504126,4264.287599059739,430855.81817755697,0.9344507197735689,2024335.4384201758,22.92479746479872
Barranquitas,1985-1989,2,65,5,0.017467440590802887,2.5,0.08368288825630493,84039.01983598153,7032.627906103837,402613.529414648,0.9035283598061034,1593479.620242619,18.961187593008628
Barranquitas,1985-1989,2,70,5,0.023376372481864697,2.5,0.11042832808468084,77006.39192987769,8503.687112650063,363772.7418677633,0.8623252706628338,1190866.090827971,15.464509646321025
Barranquitas,1985-1989,2,75,5,0.03675355498817777,2.5,0.168303403914698,68502.70481722763,11529.238398103182,313690.42809088016,0.7739305367183719,827093.3489602077,12.073878705475632
Barranquitas,1985-1989,2,80,5,0.06935277492998726,2.5,0.2955251513760946,56973.466419124445,16837.092287932595,242774.60137579072,0.5271265676387099,513402.9208693275,9.011263543146326
Barranquitas,1985-1989,2,85,NA,0.1421813891956373,6.7427196739034505,1,40136.37413119185,40136.37413119185,270628.3194935368,0,270628.3194935368,6.7427196739034505
Barranquitas,1990-1994,1,0,1,0.01376701245013491,0.1218186150063783,0.013602558415830914,100000,1360.2558415830863,98805.4486410929,0.9856368648858261,7108862.576681826,71.08862576681827
Barranquitas,1990-1994,1,1,4,5.80289754376717e-4,1.6120154914931015,0.002317946985186758,98639.74415841691,228.64169759159267,394012.9838018202,0.9978976839335588,7010057.128040733,71.06726794407004
Barranquitas,1990-1994,1,5,5,2.2216328599170855e-4,2.5,0.0011101998158605454,98411.10246082532,109.25598783064925,491782.37233454996,0.9986451770543582,6616044.1442389125,67.22863557872012
Barranquitas,1990-1994,1,10,5,3.2019970617408076e-4,2.5,0.0015997179578202652,98301.84647299467,157.2552290897438,491116.09429224895,0.9963932741333696,6124261.771904363,62.30057716755922
Barranquitas,1990-1994,1,15,5,0.0011265538112493047,2.5,0.005616949566392486,98144.59124390493,551.2732192312105,489344.77317144664,0.9928008884727991,5633145.677612114,57.39639450545828
Barranquitas,1990-1994,1,20,5,0.0017658030124527364,2.5,0.008790210611319774,97593.31802467372,857.8658196944016,485821.9255741326,0.9895048178050833,5143800.9044406675,52.70648655618208
Barranquitas,1990-1994,1,25,5,0.0024580677342321577,2.5,0.012215273745514135,96735.45220497932,1181.650029579905,480723.1359509468,0.9856664160917609,4657978.978866534,48.15172589462265
Barranquitas,1990-1994,1,30,5,0.0033229962749979957,2.5,0.016478089797449958,95553.80217539941,1574.5441327340086,473832.65054516203,0.9818850096268823,4177255.842915588,43.71627028768337
Barranquitas,1990-1994,1,35,5,0.003995376073354914,2.5,0.01977931585350353,93979.2580426654,1858.8454285037878,465249.17664206756,0.9786001924122649,3703423.192370426,39.40681454081196
Barranquitas,1990-1994,1,40,5,0.004664363441915417,2.5,0.023052998303296008,92120.41261416161,2123.651715693195,455292.9337815751,0.9707466808295696,3238174.015728358,35.151536167029235
Barranquitas,1990-1994,1,45,5,0.007249022185935431,2.5,0.035599948881526275,89996.76089846842,3203.880087488418,441974.10427362105,0.9610055850833995,2782881.0819467832,30.92201379432249
Barranquitas,1990-1994,1,50,5,0.00868750807517957,2.5,0.042514184571462214,86792.88081098,3689.928554286933,424739.5826691826,0.9436757612048368,2340906.9776731622,26.971186528204495
Barranquitas,1990-1994,1,55,5,0.014668372349855413,2.5,0.07074748559545177,83102.95225669307,5879.324917719903,400816.4489891656,0.9224547318316606,1916167.3950039796,23.057753581187033
Barranquitas,1990-1994,1,60,5,0.01772415962896711,2.5,0.0848605914712242,77223.62733897317,6553.242691538646,369735.0299660192,0.8996666926585593,1515350.9460148138,19.622892607248037
Barranquitas,1990-1994,1,65,5,0.0249082949168531,2.5,0.11724080332075987,70670.38464743452,8285.452667052334,332638.2915695418,0.8523205838841084,1145615.9160487948,16.210693089674347
Barranquitas,1990-1994,1,70,5,0.04008288920328223,2.5,0.18216063467428845,62384.931980382185,11364.078803658726,283514.46289276413,0.7961070112973471,812977.624479253,13.031634381438536
Barranquitas,1990-1994,1,75,5,0.05209639619954088,2.5,0.2304658769124415,51020.85317672346,11758.565668194504,225707.85171313107,0.7062681531594416,529463.1615864888,10.377387452784472
Barranquitas,1990-1994,1,80,5,0.09259421119887182,2.5,0.37594518609350597,39262.287508528956,14760.467983850649,159410.26758301817,0.4752017087389195,303755.30987335776,7.736566795996614
Barranquitas,1990-1994,1,85,NA,0.17458444861027786,5.891196861725099,1,24501.819524678307,24501.819524678307,144345.0422903396,0,144345.0422903396,5.891196861725099
Barranquitas,1990-1994,2,0,1,0.01184711568446866,0.12468097854718209,0.011725521954867785,100000,1172.5521954867727,98973.64275964416,0.9879793356357776,7959769.394479289,79.5976939447929
Barranquitas,1990-1994,2,1,4,2.9805953866316766e-4,1.5049225757794302,0.0011913521679352914,98827.44780451323,117.73829419343383,395016.02505824465,0.9987476643564209,7860795.751719644,79.54061271792409
Barranquitas,1990-1994,2,5,5,1.4392462676702446e-4,2.5,7.19364298239788e-4,98709.7095103198,71.00824091133836,493371.0269493206,0.9992751772725356,7465779.7266614,75.63369159627479
Barranquitas,1990-1994,2,10,5,1.4611036833445115e-4,2.5,7.302850861149522e-4,98638.70126940846,72.0343724507984,493013.4204159153,0.9984666193107521,6972408.699712079,70.68633923583991
Barranquitas,1990-1994,2,15,5,4.6795946737529997e-4,2.5,0.00233706320973937,98566.66689695766,230.35653091150743,492257.4431575095,0.9966538616463293,6479395.2792961635,65.73617109392339
Barranquitas,1990-1994,2,20,5,8.734184530776944e-4,2.5,0.004357577294339501,98336.31036604615,428.5080732602073,490610.28164708026,0.9951100338979363,5987137.8361386545,60.884304219389456
Barranquitas,1990-1994,2,25,5,0.0010878877218303273,2.5,0.005424684988666717,97907.80229278594,531.1189853710239,488211.21400050214,0.9942080575003409,5496527.554491574,56.139831819068114
Barranquitas,1990-1994,2,30,5,0.0012360483992888177,2.5,0.006161203133267666,97376.68330741492,599.9575263008592,485383.5227213225,0.9930052635857972,5008316.340491071,51.432398089386396
Barranquitas,1990-1994,2,35,5,0.0015728478223290565,2.5,0.007833437100433362,96776.72578111406,758.0943941922596,481988.39292008965,0.9911975483416446,4522932.817769749,46.7357495437441
Barranquitas,1990-1994,2,40,5,0.001965433474157079,2.5,0.00977911686171612,96018.6313869218,938.9774172347388,477745.7133915222,0.9890540378842255,4040944.4248496597,42.085003363212444
Barranquitas,1990-1994,2,45,5,0.0024396557515851134,2.5,0.0121243307746543,95079.65396968706,1152.7771746681537,472516.3269117649,0.983595317772678,3563198.7114581373,37.475932680551644
Barranquitas,1990-1994,2,50,5,0.004190968648242823,2.5,0.020737567008282744,93926.8767950189,1947.8149014154187,464764.846721556,0.9760783791305341,3090682.3845463726,32.90519700012293
Barranquitas,1990-1994,2,55,5,0.005509475278341786,2.5,0.027173102549873,91979.06189360349,2499.3564812760014,453646.91826482746,0.9632283430411417,2625917.5378248165,28.549079363978933
Barranquitas,1990-1994,2,60,5,0.00955037045126543,2.5,0.04663831919254425,89479.70541232749,4173.183062274969,436965.56940594997,0.9449431595892901,2172270.619559989,24.276684970631546
Barranquitas,1990-1994,2,65,5,0.013199064500810345,2.5,0.06388719450154737,85306.52235005252,5449.9943856283935,412907.6257861916,0.9207356889366227,1735305.050154039,20.341997333255147
Barranquitas,1990-1994,2,70,5,0.020099861607313557,2.5,0.09569087469065539,79856.52796442412,7641.541010674526,380178.78729543433,0.8759249974883538,1322397.4243678474,16.55966591681737
Barranquitas,1990-1994,2,75,5,0.033713091282952606,2.5,0.1554626409049679,72214.9869537496,11226.732584747719,333008.1033068787,0.7983896294023318,942218.6370724131,13.04741130363786
Barranquitas,1990-1994,2,80,5,0.05878214749764083,2.5,0.2562529855107019,60988.25436900188,15628.422263142835,265870.2161871523,0.5635823718545924,609210.5337655344,9.988981322199871
Barranquitas,1990-1994,2,85,NA,0.14190712937877686,7.56925900380556,1,45359.832105859045,45359.832105859045,343340.3175783821,0,343340.3175783821,7.56925900380556
Barranquitas,1995-1999,1,0,1,0.014031407436632292,0.1212910280305721,0.013860513903299005,100000,1386.0513903298997,98782.06420770641,0.985601308708434,7103951.820024463,71.03951820024463
Barranquitas,1995-1999,1,1,4,4.645097902237692e-4,1.61123827160936,0.0018559797597971185,98613.9486096701,183.0254926532216,394018.59014651057,0.9981222151444528,7005169.755816758,71.03629714234798
Barranquitas,1995-1999,1,5,5,2.271590765791858e-4,2.5,0.0011351507334149773,98430.92311701688,111.73393456698977,491875.2807486669,0.9987781937112125,6611151.165670247,67.16538823689342
Barranquitas,1995-1999,1,10,5,2.6188340973279606e-4,2.5,0.0013085603230658662,98319.18918244989,128.6565899601701,491274.304437349,0.9970934323452807,6119275.88492158,62.238876620169265
Barranquitas,1995-1999,1,15,5,9.033693563062114e-4,2.5,0.004506668815264231,98190.53259248972,442.5122111887613,489846.3824344767,0.9931555577812403,5628001.580484231,57.31715097056821
Barranquitas,1995-1999,1,20,5,0.0018470495551530786,2.5,0.009192798888023553,97748.02038130096,898.5778930677334,486493.65717383544,0.9900141086428922,5138155.198049754,52.56531209539129
Barranquitas,1995-1999,1,25,5,0.002168966046992553,2.5,0.01078634220990147,96849.44248823322,1044.6512295162538,481635.5843673755,0.9882759100106239,4651661.540875918,48.02982259233009
Barranquitas,1995-1999,1,30,5,0.002550573097274804,2.5,0.012672062929387348,95804.79125871697,1214.0443437672802,475988.8454341666,0.9844649560899441,4170025.9565085433,43.52627777505988
Barranquitas,1995-1999,1,35,5,0.003721254315946317,2.5,0.01843477040737676,94590.74691494969,1743.758702039384,468594.33781965,0.9788753216831614,3694037.1110743764,39.052837952488446
Barranquitas,1995-1999,1,40,5,0.004830663217311785,2.5,0.02386510536984053,92846.9882129103,2215.8031569734303,458695.4331721179,0.9739690693343539,3225442.7732547265,34.73933657232224
Barranquitas,1995-1999,1,45,5,0.005730889434467831,2.5,0.028249707299613742,90631.18505593688,2560.304450047348,446755.164154566,0.9691952759432968,2766747.3400826086,30.52754235062681
Barranquitas,1995-1999,1,50,5,0.006800487323670182,2.5,0.03343401758641151,88070.88060588953,2944.563371028067,432992.99460187746,0.9544066625100779,2319992.1759280427,26.342329723144598
Barranquitas,1995-1999,1,55,5,0.011983201837904115,2.5,0.05817325456205827,85126.31723486146,4952.0749224341125,413251.398868222,0.9309775755765628,1886999.181326165,22.16704824807562
Barranquitas,1995-1999,1,60,5,0.016784258118992416,2.5,0.08054170853161394,80174.24231242735,6457.370456070508,384727.78542196046,0.8913801246401185,1473747.782457943,18.381811164675092
Barranquitas,1995-1999,1,65,5,0.02991281865940778,2.5,0.13915760294231086,73716.87185635684,10258.263183936113,342938.7013219439,0.8364601714600264,1089019.9970359826,14.773008805338678
Barranquitas,1995-1999,1,70,5,0.0424444749050174,2.5,0.19186350971669042,63458.60867242073,12175.391381628659,286854.56490803196,0.7624417338854191,746081.2957140388,11.756975315443492
Barranquitas,1995-1999,1,75,5,0.06896111427803428,2.5,0.2941016309388463,51283.21729079207,15082.477845013185,218709.8918414274,0.6449231290896039,459226.73080600676,8.95471764577573
Barranquitas,1995-1999,1,80,5,0.11329975742887656,2.5,0.4414565009591906,36200.73944577888,15981.051767868896,141051.06780922218,0.41355013471636975,240516.8389645794,6.643975859245173
Barranquitas,1995-1999,1,85,NA,0.2119859214016324,4.9192535878792825,1,20219.687677909988,20219.687677909988,99465.77115535722,0,99465.77115535722,4.9192535878792825
Barranquitas,1995-1999,2,0,1,0.010614509535189342,0.1272143169876114,0.01051707731216897,100000,1051.7077312168985,99082.08454948045,0.9891484662933886,7815540.360255907,78.15540360255908
Barranquitas,1995-1999,2,1,4,3.0529276356253566e-4,1.5068887152131012,0.0012202422926567336,98948.2922687831,120.7408910125232,395492.14859721385,0.9988255830380008,7716458.275706426,77.98475444877252
Barranquitas,1995-1999,2,5,5,1.1689234024203072e-4,2.5,5.842909533678501e-4,98827.55137777058,57.74404421352665,493993.3967783191,0.9993179724818244,7320966.127109213,74.07818998899054
Barranquitas,1995-1999,2,10,5,1.560250804265308e-4,2.5,7.798212229600775e-4,98769.80733355705,77.02279194639414,493656.47968791926,0.9984822630800696,6826972.730330894,69.12003692864782
Barranquitas,1995-1999,2,15,5,4.517553332936925e-4,2.5,0.002256228508314062,98692.78454161066,222.67347404768225,492907.23902293405,0.9969047621799866,6333316.250642975,64.17202919198955
Barranquitas,1995-1999,2,20,5,7.887812603002691e-4,2.5,0.003936144409131948,98470.11106756298,387.59257714518753,491381.5738949519,0.9955003434760558,5840409.01162004,59.311490037954556
Barranquitas,1995-1999,2,25,5,0.0010156514318689172,2.5,0.005065395468942052,98082.51849041779,496.8267447437829,489170.5255902295,0.9942373703417463,5349027.437725089,54.535991938743535
Barranquitas,1995-1999,2,30,5,0.0012968738350575084,2.5,0.006463413595345146,97585.691745674,630.7366867401433,486351.6170115197,0.992548096982142,4859856.912134859,49.80091676554926
Barranquitas,1995-1999,2,35,5,0.001696529747228975,2.5,0.008446823019838042,96954.95505893386,818.9613462791749,482727.3719289714,0.9900555608725952,4373505.29512334,45.10863103866031
Barranquitas,1995-1999,2,40,5,0.0023041594773957033,2.5,0.011454813096582797,96135.99371265469,1101.2198398327164,477926.9189636916,0.9861274614696046,3890777.923194368,40.47160457740411
Barranquitas,1995-1999,2,45,5,0.003290503572354341,2.5,0.016318279469548638,95034.77387282197,1550.8039993820712,471296.85936565464,0.9820518554606131,3412851.004230676,35.91160230251974
Barranquitas,1995-1999,2,50,5,0.003959825768646895,2.5,0.019605047413376892,93483.9698734399,1832.7576617594896,462837.95521280076,0.9745759579900514,2941554.1448650216,31.465866809543336
Barranquitas,1995-1999,2,55,5,0.006371787631760949,2.5,0.031359399572958684,91651.21221168041,2874.126985092109,451070.7435956718,0.9638113499454525,2478716.189652221,27.045099893794127
Barranquitas,1995-1999,2,60,5,0.008407944553170807,2.5,0.04117424582604402,88777.0852265883,3655.329530839197,434747.1023058435,0.9468531024459768,2027645.4460565492,22.83973889074339
Barranquitas,1995-1999,2,65,5,0.013572131131261463,2.5,0.06563368326650558,85121.7556957491,5586.854352423659,411641.6425976864,0.9096505023864515,1592898.3437507057,18.71317538895939
Barranquitas,1995-1999,2,70,5,0.024809163359940965,2.5,0.11680145109732555,79534.90134332544,9289.791889783053,374450.02699216956,0.8431145156796496,1181256.7011530192,14.852054647731704
Barranquitas,1995-1999,2,75,5,0.04500578469771812,2.5,0.20227056027278156,70245.10945354239,14208.51764559088,315704.2531537347,0.7545296485736792,806806.6741608498,11.485592099396513
Barranquitas,1995-1999,2,80,5,0.0704841167916241,2.5,0.29962378867230194,56036.59180795151,16789.895941781702,238208.21918530331,0.5149520568503729,491102.421007115,8.763959497933424
Barranquitas,1995-1999,2,85,NA,0.1335578276394074,6.44370682016581,1,39246.69586616981,39246.69586616981,252894.20182181167,0,252894.20182181167,6.44370682016581
Barranquitas,2000-2004,1,0,1,0.013211342085497802,0.12292742743549342,0.013060011735893572,100000,1306.0011735893495,98854.54219090773,0.9865080276598505,7386568.871908268,73.86568871908268
Barranquitas,2000-2004,1,1,4,4.0005697568403235e-4,1.6136501846397526,0.0015987016608051644,98693.99882641065,157.7822598352941,394399.4716390175,0.9983768522334459,7287714.32971736,73.84151434106406
Barranquitas,2000-2004,1,5,5,1.849459531525466e-4,2.5,9.243024007914441e-4,98536.21656657536,91.07726153738622,492453.3896790333,0.9988751473515008,6893314.858078343,69.95717004641557
Barranquitas,2000-2004,1,10,5,2.6529352236839636e-4,2.5,0.0013255884367779729,98445.13930503797,130.49773831975472,491899.4521793905,0.9973839932485216,6400861.46839931,65.01957855497436
Barranquitas,2000-2004,1,15,5,7.831579246412923e-4,2.5,0.0039081379002884565,98314.64156671822,384.22717686016404,490612.63989144063,0.9939494538831,5908962.01621992,60.10256378964657
Barranquitas,2000-2004,1,20,5,0.0016470259284546234,2.5,0.008201360010807143,97930.41438985805,803.1625844187511,487644.1654882434,0.9914218542999538,5418349.376328479,55.328565799366395
Barranquitas,2000-2004,1,25,5,0.0017996701846195793,2.5,0.008958047097413813,97127.2518054393,870.0704961154988,483461.0827869078,0.9896644714730882,4930705.2108402355,50.765414640961836
Barranquitas,2000-2004,1,30,5,0.0023589219310562637,2.5,0.011725461037299737,96257.1813093238,1128.659829002776,478464.25697411207,0.9860596201269717,4447244.128053327,46.20168664363904
Barranquitas,2000-2004,1,35,5,0.0032627134835322927,2.5,0.01618157778758055,95128.52148032103,1539.3295701513416,471794.28347622673,0.9815332635098349,3968779.8710792153,41.720188743816706
Barranquitas,2000-2004,1,40,5,0.004201570406067512,2.5,0.020789480861474863,93589.19191016968,1945.6707140573562,463081.782765705,0.9781646017110222,3496985.587602989,37.36527173949234
Barranquitas,2000-2004,1,45,5,0.004633769103477236,2.5,0.022903521442335376,91643.52119611233,2098.9593527662946,452970.20759864594,0.9712823456585266,3033903.8048372837,33.10549142197285
Barranquitas,2000-2004,1,50,5,0.007055922166963242,2.5,0.03466807277683628,89544.56184334603,3104.3373867550254,439961.9657498426,0.9588672346019199,2580933.5972386375,28.822896043132786
Barranquitas,2000-2004,1,55,5,0.009800297322882378,2.5,0.047829625243832885,86440.22445659101,4134.403541751541,421865.11342857615,0.9442020143458779,2140971.631488795,24.76823313391509
Barranquitas,2000-2004,1,60,5,0.013258706027480008,2.5,0.06416661444319752,82305.82091483947,5281.285877073373,398325.8898815139,0.9257824269914742,1719106.518060219,20.88681576773229
Barranquitas,2000-2004,1,65,5,0.01774533918225007,2.5,0.08495768841843764,77024.5350377661,6543.826448313557,368763.1090680466,0.8762944954436468,1320780.628178705,17.147531335711534
Barranquitas,2000-2004,1,70,5,0.03621711970725496,2.5,0.16605088645562674,70480.70858945254,11703.384139299305,323145.0825990144,0.805792877057815,952017.5191106584,13.507490746952113
Barranquitas,2000-2004,1,75,5,0.05145953836303763,2.5,0.22796965836462998,58777.32445015323,13399.446574488444,260388.00581454506,0.7211278977871471,628872.436511644,10.699235502714425
Barranquitas,2000-2004,1,80,5,0.08332683107461727,2.5,0.3448053189571554,45377.87787566479,15646.53365451744,187773.05524203033,0.4904179400828383,368484.430697099,8.120353968661666
Barranquitas,2000-2004,1,85,NA,0.1610091377800678,6.078143460682551,1,29731.34422114735,29731.34422114735,180711.3754550687,0,180711.3754550687,6.078143460682551
Barranquitas,2000-2004,2,0,1,0.008235336668703878,0.13210415960491298,0.008176893025427606,100000,817.6893025427562,99290.33085558758,0.9915992849556193,8112649.4261352755,81.12649426135276
Barranquitas,2000-2004,2,1,4,2.228206753487961e-4,1.5106961950476292,8.907886091427272e-4,99182.31069745724,88.35047259775456,396509.31162222207,0.9990813742051375,8013359.095279688,80.79423678405114
Barranquitas,2000-2004,2,5,5,1.0143491346803093e-4,2.5,5.070459869256344e-4,99093.96022485949,50.245194860573974,495344.188137146,0.9994231772505978,7616849.783657466,76.86492462682547
Barranquitas,2000-2004,2,10,5,1.2936880916508637e-4,2.5,6.466349098548008e-4,99043.71502999892,64.04512374011392,495058.4623406443,0.9986485725835542,7121505.595520319,71.90265019202195
Barranquitas,2000-2004,2,15,5,4.117586193003388e-4,2.5,0.0020566759613661932,98979.6699062588,203.56910776015138,494389.4267618937,0.9971793676563783,6626447.133179676,66.94755740704551
Barranquitas,2000-2004,2,20,5,7.185210017253705e-4,2.5,0.0035861631747351984,98776.10079849865,354.2272152275109,492994.9359544245,0.9957660393730162,6132057.706417782,62.08037831870953
Barranquitas,2000-2004,2,25,5,9.792091821911038e-4,2.5,0.004884089547626321,98421.87358327114,480.701244025855,490907.61480629107,0.9944505281287671,5639062.770463358,57.29481227252145
Barranquitas,2000-2004,2,30,5,0.0012475025465936882,2.5,0.006218119931843441,97941.17233924528,609.0099558707734,488183.3368065495,0.9940558661217166,5148155.155657066,52.56374855127384
Barranquitas,2000-2004,2,35,5,0.0011369089436883422,2.5,0.0056684334866226,97332.16238337451,551.7208885793079,485281.5096954243,0.9929035705093043,4659971.818850516,47.87699877144099
Barranquitas,2000-2004,2,40,5,0.0017138248900817657,2.5,0.008532566139842004,96780.4414947952,825.7855180974439,481837.74367873237,0.9881974365724895,4174690.3091550926,43.13568159719136
Barranquitas,2000-2004,2,45,5,0.003043117063076794,2.5,0.015100702303275119,95954.65597669776,1448.9826945172827,476150.82314719557,0.9838480765117906,3692852.5654763603,38.48539216662041
Barranquitas,2000-2004,2,50,5,0.0034737602418497197,2.5,0.01721926223785895,94505.67328218048,1627.3179712112906,468460.07148287416,0.9757565647552013,3216701.7423291644,34.03712846661122
Barranquitas,2000-2004,2,55,5,0.0063782444114338244,2.5,0.03139067850776102,92878.35531096919,2915.514591896237,457102.99007510534,0.9632804288180461,2748241.6708462904,29.589689240779606
Barranquitas,2000-2004,2,60,5,0.00862633955051248,2.5,0.042221162541804934,89962.84071907295,3798.335720722491,440318.3642935585,0.9539904683937295,2291138.680771185,25.4676115433674
Barranquitas,2000-2004,2,65,5,0.01024902597659961,2.5,0.049964900963271074,86164.50499835046,4305.200958791858,420059.5225947727,0.9219240753699928,1850820.3164776266,21.480078328228764
Barranquitas,2000-2004,2,70,5,0.022758212347348494,2.5,0.10766538263554673,81859.3040395586,8813.413291698627,387262.9869685464,0.8762072381436411,1430760.7938828538,17.4782916941419
Barranquitas,2000-2004,2,75,5,0.030539455998888198,2.5,0.14186600356073784,73045.89074785997,10362.728596933179,339322.63224696694,0.8225795141931473,1043497.8069143074,14.285510057181126
Barranquitas,2000-2004,2,80,5,0.049148729850765405,2.5,0.21885280569354212,62683.16215092679,13718.385906473573,279119.84598845005,0.60362157595188,704175.1746673405,11.233880846212685
Barranquitas,2000-2004,2,85,NA,0.12977859500267108,8.680838784125786,1,48964.77624445322,48964.77624445322,425055.3286788905,0,425055.3286788905,8.680838784125786
Barranquitas,2005-2009,1,0,1,0.011742431681813903,0.12585856470052445,0.011623125573719471,100000,1162.3125573719444,98983.97443283228,0.9879813211078351,7525443.793589691,75.2544379358969
Barranquitas,2005-2009,1,1,4,3.65669597784903e-4,1.6179795226463833,0.0014614054595327149,98837.68744262806,144.44193603625172,395006.68612108525,0.9984799869670371,7426459.819156858,75.13793585536557
Barranquitas,2005-2009,1,5,5,1.8363418897770538e-4,2.5,9.177496193709324e-4,98693.2455065918,90.57568849815289,493239.7883117136,0.9990134834819182,7031453.133035773,71.24553556774194
Barranquitas,2005-2009,1,10,5,2.1118075155475877e-4,2.5,0.0010553465855610699,98602.66981809365,104.05999091973354,492753.1991131689,0.9976785643560019,6538213.34472406,66.30868471194574
Barranquitas,2005-2009,1,15,5,7.190627639750616e-4,2.5,0.0035888622768045957,98498.60982717392,353.4979451264371,491609.30427305354,0.9938603992059241,6045460.14561089,61.376096131897505
Barranquitas,2005-2009,1,20,5,0.0017475065462341532,2.5,0.00869952653226011,98145.11188204748,853.8160048295103,488591.0193981636,0.9905606017249884,5553850.841337837,56.58815538376025
Barranquitas,2005-2009,1,25,5,0.002047580693436057,2.5,0.010185763037819899,97291.29587721797,990.9860854477593,483979.01417247043,0.9892092648675646,5065259.821939673,52.06282613741781
Barranquitas,2005-2009,1,30,5,0.002293461495067878,2.5,0.01140193274106194,96300.30979177021,1098.009655189191,478756.52482087805,0.9877364637557384,4581280.807767203,47.57285638720466
Barranquitas,2005-2009,1,35,5,0.0026443824830615164,2.5,0.013135076996499564,95202.30013658102,1250.489542537849,472885.2768265605,0.9858482927691204,4102524.282946325,43.09270130092109
Barranquitas,2005-2009,1,40,5,0.003059598957987669,2.5,0.015181868715681335,93951.81059404317,1426.3640540393244,466193.1428351176,0.9792418762945373,3629639.0061197644,38.632986242309784
Barranquitas,2005-2009,1,45,5,0.005354806254854406,2.5,0.026420341746177474,92525.44654000385,2444.553917804573,456515.8479055078,0.9716530058222546,3163445.863284647,34.19000914431594
Barranquitas,2005-2009,1,50,5,0.006158568316453568,2.5,0.03032593079092791,90080.89262219927,2731.7869152458297,443574.9958228818,0.9657699143108359,2706930.015379139,30.049991031195123
Barranquitas,2005-2009,1,55,5,0.0078004769537554294,2.5,0.03825634051251982,87349.10570695344,3341.6571313892928,428391.385706294,0.9461140754349955,2263355.0195562574,25.911599222888007
Barranquitas,2005-2009,1,60,5,0.014537245802968082,2.5,0.07013722385697385,84007.44857556415,5892.049226397561,405307.11981182685,0.9138468363477251,1834963.6338499635,21.84286828089328
Barranquitas,2005-2009,1,65,5,0.02180236213058424,2.5,0.10337714573459181,78115.39934916659,8075.34702263464,370388.62918924633,0.8797677697651168,1429656.5140381367,18.30185246378555
Barranquitas,2005-2009,1,70,5,0.029883488423755506,2.5,0.13903064075956323,70040.05232653195,9737.713353791063,325855.9782481821,0.8346402682376198,1059267.8848488904,15.123744909705442
Barranquitas,2005-2009,1,75,5,0.04344435041189902,2.5,0.19594048439920445,60302.33897274089,11815.669508723877,271972.5210918947,0.7601544698525,733411.9066007081,12.16224642517167
Barranquitas,2005-2009,1,80,5,0.06905683480002012,2.5,0.2944497539598251,48486.66946401701,14276.887894011168,206741.1275850571,0.5519647128580263,461439.38550881343,9.51682989592134
Barranquitas,2005-2009,1,85,NA,0.1757250406471161,7.445188078811602,1,34209.78157000584,34209.78157000584,254698.25792375632,0,254698.25792375632,7.445188078811602
Barranquitas,2005-2009,2,0,1,0.007682797765772244,0.13323977623594127,0.007631975346669451,100000,763.1975346669497,99338.4907340759,0.9921404014270224,8299105.571665419,82.99105571665419
Barranquitas,2005-2009,2,1,4,2.1828652320437342e-4,1.5115827761109688,8.726720678710867e-4,99236.80246533305,86.60118561633863,396731.7099794353,0.9991202199201534,8199767.080931343,82.62828786523845
Barranquitas,2005-2009,2,5,5,9.461693163561656e-5,2.5,4.7297278009508336e-4,99150.20127971671,46.89534634625306,495633.768032718,0.9994478750548722,7803035.370951908,78.69913797692094
Barranquitas,2005-2009,2,10,5,1.2630278133169285e-4,2.5,6.313145646949239e-4,99103.30593337046,62.56536044515087,495360.11626573943,0.9988007641932212,7307401.60291919,73.7351951491117
Barranquitas,2005-2009,2,15,5,3.538158500161826e-4,2.5,0.0017675158123070418,99040.74057292531,175.056075025248,494766.06267706346,0.997432831851756,6812041.486653451,68.780195374626
Barranquitas,2005-2009,2,20,5,6.747836924836827e-4,2.5,0.0033682363849559175,98865.68449790006,333.0029957493971,493495.9150001268,0.996142815149606,6317275.423976387,63.89755410139873
Barranquitas,2005-2009,2,25,5,8.71451597573985e-4,2.5,0.004347785775719524,98532.68150215066,428.3989910785458,491592.410033057,0.9950820437913406,5823779.50897626,59.10505448742045
Barranquitas,2005-2009,2,30,5,0.0011011462750498003,2.5,0.005490616445631914,98104.28251107212,538.6529869422084,489174.78008800506,0.9938312730584413,5332187.098943204,54.352235829678584
Barranquitas,2005-2009,2,35,5,0.0013748254242079516,2.5,0.0068505812378985955,97565.62952412991,668.3812710817729,486157.1944429451,0.9922996273309468,4843012.318855198,49.63850838124737
Barranquitas,2005-2009,2,40,5,0.0017185571741070407,2.5,0.008556025821641137,96897.24825304814,829.0553580990527,482413.6028699931,0.9909293234717302,4356855.1244122535,44.963662053996444
Barranquitas,2005-2009,2,45,5,0.0019271943941573447,2.5,0.009589768600068427,96068.19289494908,921.2717396892986,478037.7851255222,0.9871988053062445,3874441.52154226,40.33011764652402
Barranquitas,2005-2009,2,50,5,0.003234691397701034,2.5,0.016043715814672965,95146.92115525978,1526.5101636560867,471918.3303671587,0.9795275759537815,3396403.736416738,35.69641240281985
Barranquitas,2005-2009,2,55,5,0.005057824141359482,2.5,0.02497334375446787,93620.4109916037,2338.014706127884,462257.0181926988,0.9676033054244514,2924485.4060495794,31.237690318533854
Barranquitas,2005-2009,2,60,5,0.00816538517858226,2.5,0.04001017957468248,91282.39628547581,3652.225067389212,447281.4187589061,0.9575016299723744,2462228.3878568807,26.973748368267284
Barranquitas,2005-2009,2,65,5,0.009226055137600971,2.5,0.04509026256648658,87630.1712180866,3951.2674289697025,428272.68751800875,0.936581912292348,2014946.9690979745,22.99375821237806
Barranquitas,2005-2009,2,70,5,0.01723413588668739,2.5,0.08261134171134954,83678.9037891169,6912.826514953878,401112.4526581998,0.8983814513596136,1586674.2815799657,18.961461129780304
Barranquitas,2005-2009,2,75,5,0.02606162842524569,2.5,0.12233736476843189,76766.07727416302,9391.359597330913,360351.9873774878,0.845143196917999,1185561.8289217658,15.443824551404916
Barranquitas,2005-2009,2,80,5,0.0424556370309825,2.5,0.19190912479214087,67374.71767683211,12929.823102478433,304549.0306279645,0.6309435306078771,825209.8415442781,12.248063813824928
Barranquitas,2005-2009,2,85,NA,0.1050430096990692,9.563078686932961,1,54444.894574353675,54444.894574353675,520660.8109163136,0,520660.8109163136,9.563078686932961
Barranquitas,2010-2014,1,0,1,0.00948716648797219,0.1303588336315759,0.009409533783173194,100000,940.9533783173247,99181.70820658181,0.9902015148608653,7575822.100946558,75.75822100946557
Barranquitas,2010-2014,1,1,4,3.3721982293472106e-4,1.6246490747112992,0.0013477996834115116,99059.04662168268,133.51175167574547,395919.04922385083,0.9986218901804969,7476640.392739976,75.47660357861189
Barranquitas,2010-2014,1,5,5,1.6926563584084443e-4,2.5,8.459701949968257e-4,98925.53487000693,83.68805402414,494418.4542149743,0.9990881277420529,7080721.343516124,71.57627555737297
Barranquitas,2010-2014,1,10,5,1.9566168580119252e-4,2.5,9.77830119282048e-4,98841.84681598279,96.65053486212855,493967.6077427586,0.9975575387467092,6586302.88930115,66.63476150504445
Barranquitas,2010-2014,1,15,5,7.832358387033889e-4,2.5,0.003908525949516535,98745.19628112066,385.94816205487587,492761.1110004661,0.9946472332329773,6092335.281558392,61.69753578912274
Barranquitas,2010-2014,1,20,5,0.0013651783494054918,2.5,0.006802674586867354,98359.24811906579,669.1059575629333,490123.4757014216,0.9919850413451062,5599574.1705579255,56.92981877799159
Barranquitas,2010-2014,1,25,5,0.0018556782973823223,2.5,0.009235545981306645,97690.14216150285,902.2217998529522,486195.1563078819,0.9901021895573275,5109450.694856504,52.302623190060274
Barranquitas,2010-2014,1,30,5,0.002124473515836925,2.5,0.010566248292536497,96787.9203616499,1022.6851982594235,481382.8888126009,0.9886438943207927,4623255.538548622,47.76686513434466
Barranquitas,2010-2014,1,35,5,0.0024457428703458716,2.5,0.012154398020971516,95765.23516339048,1163.9687847477908,475916.2538550829,0.9867209862371263,4141872.6497360216,43.250273887693574
Barranquitas,2010-2014,1,40,5,0.002904430608831571,2.5,0.014417466715085097,94601.26637864269,1363.9106092189904,469596.55537016597,0.980756221804667,3665956.3958809385,38.75166301905415
Barranquitas,2010-2014,1,45,5,0.0048871274662748996,2.5,0.024140690749334694,93237.3557694237,2250.81417191535,460559.7434173301,0.9716366741496528,3196359.8405107725,34.281965786496365
Barranquitas,2010-2014,1,50,5,0.00664672613301261,2.5,0.032690419992898165,90986.54159750835,2974.388258523846,447496.7373412321,0.9619484871453169,2735800.0970934425,30.068184250761345
Barranquitas,2010-2014,1,55,5,0.008913033414403065,2.5,0.043593784917930783,88012.1533389845,3836.7828828236234,430468.80948786344,0.9478206985041768,2288303.3597522103,25.99985653048008
Barranquitas,2010-2014,1,60,5,0.01261703527133253,2.5,0.06115615300776762,84175.37045616088,5147.841835102503,408007.24769304815,0.9247104711040417,1857834.5502643469,22.070999393247934
Barranquitas,2010-2014,1,65,5,0.018923519127190605,2.5,0.09034355085442305,79027.52862105837,7139.627550875957,377288.574228102,0.8889118586907355,1449827.3025712988,18.34585147567129
Barranquitas,2010-2014,1,70,5,0.028699962934560206,2.5,0.13389300403994284,71887.90107018242,9625.287028412946,335376.2877798797,0.8303417808411127,1072538.728343197,14.919599993552508
Barranquitas,2010-2014,1,75,5,0.0471653066636288,2.5,0.21095244179624142,62262.61404176947,13134.450464728216,278476.9440470268,0.7521068280748275,737162.4405633172,11.839567803381732
Barranquitas,2010-2014,1,80,5,0.06912842719367991,2.5,0.2947100332725742,49128.163577041254,14478.562722410301,209444.41107918054,0.5433812216215516,458685.49651629035,9.336508086588543
Barranquitas,2010-2014,1,85,NA,0.1653626099820136,7.193187779645042,1,34649.60085463095,34649.60085463095,249241.08543710978,0,249241.08543710978,7.193187779645042
Barranquitas,2010-2014,2,0,1,0.005970469237736484,0.13675907368975732,0.005939855499318239,100000,593.9855499318219,99487.24736366195,0.9938075105896755,8310388.526012722,83.10388526012723
Barranquitas,2010-2014,2,1,4,2.101038995895008e-4,1.5143358551026092,8.39976922317144e-4,99406.01445006818,83.4987580775778,397416.5079311758,0.9991758847547414,8210901.278649061,82.59964272859376
Barranquitas,2010-2014,2,5,5,9.533171869643143e-5,2.5,4.765450188429508e-4,99322.5156919906,47.33165011196979,496494.24933467305,0.9994969967861831,7813484.770717884,78.66780977385137
Barranquitas,2010-2014,2,10,5,1.0592284636251702e-4,2.5,5.294740233235215e-4,99275.18404187863,52.5636311108392,496244.5111316161,0.9989158192924807,7316990.521383212,73.70412446978274
Barranquitas,2010-2014,2,15,5,3.281051619318229e-4,2.5,0.0016391812500853775,99222.62041076779,162.64385896165913,495706.49240643485,0.9976232097870313,6820746.010251596,68.74184517617716
Barranquitas,2010-2014,2,20,5,6.240942643952023e-4,2.5,0.0031156102357804073,99059.97655180613,308.63227690098574,494528.3020667782,0.9963555294851439,6325039.51784516,63.850605845210424
Barranquitas,2010-2014,2,25,5,8.367434283001415e-4,2.5,0.004174983666135958,98751.34427490515,412.2852493567043,492726.00825113396,0.9956240026857861,5830511.2157783825,59.04234781399367
Barranquitas,2010-2014,2,30,5,9.176712241978345e-4,2.5,0.00457785370944481,98339.05902554844,450.1818261434237,490569.84056238364,0.994840691413785,5337785.207527248,54.27940088526263
Barranquitas,2010-2014,2,35,5,0.0011519957116546296,2.5,0.0057434375197907605,97888.87719940502,562.2186500772514,488038.839371832,0.993419088984591,4847215.366964865,49.51752952575828
Barranquitas,2010-2014,2,40,5,0.001490175406254921,2.5,0.007423222273108231,97326.65854932777,722.477419510571,484827.09919786244,0.9918808235738084,4359176.527593033,44.789131699036865
Barranquitas,2010-2014,2,45,5,0.0017718813817665224,2.5,0.008820335438471704,96604.1811298172,852.0812823238666,480890.7024432763,0.989349293705558,3874349.4283951707,40.10540106114869
Barranquitas,2010-2014,2,50,5,0.002515189682594373,2.5,0.01249736530230196,95752.09984749333,1196.6489702566178,475768.8768118251,0.9827790078916864,3393458.725951894,35.440044984462354
Barranquitas,2010-2014,2,55,5,0.0044498377820591855,2.5,0.022004398896344788,94555.45087723671,2080.635858926442,467575.66473886743,0.9737958801112516,2917689.849140069,30.856918581332405
Barranquitas,2010-2014,2,60,5,0.006194121680563207,2.5,0.03049833244723493,92474.81501831027,2820.3276514249737,455323.25596298894,0.9618367258277877,2450114.1844012015,26.49493469022968
Barranquitas,2010-2014,2,65,5,0.009431110025991939,2.5,0.046069337649467926,89654.4873668853,4130.322850295008,437946.629708689,0.9381235140910104,1994790.9284382127,22.249761133261547
Barranquitas,2010-2014,2,70,5,0.016329922560834216,2.5,0.07844702807037889,85524.16451659029,6709.116534528657,410848.0312466298,0.895983193633428,1556844.2987295238,18.203560450187403
Barranquitas,2010-2014,2,75,5,0.02821124343113074,2.5,0.13176320736037822,78815.04798206163,10384.923510378547,368112.9311343618,0.8347764521446513,1145996.267482894,14.540323159401282
Barranquitas,2010-2014,2,80,5,0.04537523263107711,2.5,0.2037618138890238,68430.12447168308,13943.446287001825,307292.00664091087,0.6049638907508001,777883.3363485322,11.367556940078728
Barranquitas,2010-2014,2,85,NA,0.12004760640944102,8.636814454215095,1,54486.67818468126,54486.67818468126,470591.32970762136,0,470591.32970762136,8.636814454215095
Barranquitas,2015-2019,1,0,1,0.008276204990556271,0.1327752467515945,0.008217227240357849,100000,821.7227240357897,99287.38171340946,0.9913621789984653,7809439.926142797,78.09439926142797
Barranquitas,2015-2019,1,1,4,3.397343697710996e-4,1.6282414943248018,0.001357843372507166,99178.27727596421,134.66856649584952,396393.7077858232,0.9986613212023581,7710152.544429388,77.74033544639859
Barranquitas,2015-2019,1,5,5,1.620240093811025e-4,2.5,8.097920325258257e-4,99043.60870946836,80.20472520553449,495017.53173432796,0.9991253713162903,7313758.8366435645,73.84382427035278
Barranquitas,2015-2019,1,10,5,1.879918871996482e-4,2.5,9.395178816491682e-4,98963.40398426283,92.97788767208112,494584.575202134,0.9979282914712937,6818741.304909237,68.90164475338332
Barranquitas,2015-2019,1,15,5,6.42021605919456e-4,2.5,0.003204963889439251,98870.42609659075,316.87614537304034,493559.9401195211,0.9953172078762081,6324156.729707102,63.96408895344259
Barranquitas,2015-2019,1,20,5,0.0012368873298435291,2.5,0.006165371973024628,98553.5499512177,607.6192947113159,491248.70151931024,0.9934039952444483,5830596.7895875815,59.16171251541548
Barranquitas,2015-2019,1,25,5,0.0014108203501157477,2.5,0.007029309020046903,97945.93065650639,688.4922138406837,488008.4227479303,0.9914115390433089,5339348.088068271,54.51322022548557
Barranquitas,2015-2019,1,30,5,0.002042102550585898,2.5,0.010158650239020458,97257.4384426657,988.0043002820894,483817.1814626233,0.99010729001391,4851339.665320341,49.88142545189751
Barranquitas,2015-2019,1,35,5,0.0019341150834504349,2.5,0.009624040412936182,96269.43414238362,926.5009247168055,479030.91840012604,0.9883193487390117,4367522.483857717,45.367696639808855
Barranquitas,2015-2019,1,40,5,0.0027705067440382068,2.5,0.013757247353758559,95342.93321766681,1311.6563157083292,473435.52529906324,0.983402028866326,3888491.5654575913,40.7842661666409
Barranquitas,2015-2019,1,45,5,0.003933977758710989,2.5,0.01947832059357453,94031.27690195848,1831.5713573195244,465577.4561164936,0.9767033621781375,3415056.0401585284,36.31829910934029
Barranquitas,2015-2019,1,50,5,0.005513114399468944,2.5,0.027190806924374845,92199.70554463896,2506.9843919484993,454731.0667433236,0.9665337258266173,2949478.5840420346,31.99010850001066
Barranquitas,2015-2019,1,55,5,0.008146011938849269,2.5,0.039917145828046216,89692.72115269046,3580.277429966227,439512.9121885367,0.9543324257688375,2494747.517298711,27.814380980277324
Barranquitas,2015-2019,1,60,5,0.010605337805075611,2.5,0.05165708688429289,86112.44372272423,4448.31798720354,419441.4236456123,0.9348528407817377,2055234.6051101743,23.866871223953176
Barranquitas,2015-2019,1,65,5,0.016530436885988174,2.5,0.07937204786075622,81664.12573552069,6481.8488963865675,392116.006436637,0.9050673269549819,1635793.181464562,20.030743814759976
Barranquitas,2015-2019,1,70,5,0.023691753854556696,2.5,0.11183485937132262,75182.27683913412,8407.999357520413,354891.38580186956,0.8662793127725753,1243677.175027925,16.542158967717803
Barranquitas,2015-2019,1,75,5,0.034395974366567474,2.5,0.15836230718631034,66774.27748161371,10574.528642687234,307435.06580135046,0.7978639833207878,888785.7892260554,13.31030185194864
Barranquitas,2015-2019,1,80,5,0.05822851172170084,2.5,0.2541461748109868,56199.748838926476,14282.95119275136,245291.366212754,0.5780664643061659,581350.723424705,10.344365151718174
Barranquitas,2015-2019,1,85,NA,0.1270142960938001,8.017295597069928,1,41916.79764617512,41916.79764617512,336059.35721195093,0,336059.35721195093,8.017295597069928
Barranquitas,2015-2019,2,0,1,0.005026661548639009,0.1386988533189287,0.005004992586609177,100000,500.4992586609151,99568.91941460232,0.9947935370718634,8576789.52388105,85.7678952388105
Barranquitas,2015-2019,2,1,4,1.7217495145961436e-4,1.5158568770615868,6.884053698903599e-4,99499.50074133908,68.49599061174376,397827.8491213293,0.9992910321033184,8477220.604466448,85.19862452882052
Barranquitas,2015-2019,2,5,5,8.924242478566667e-5,2.5,4.4611259350440396e-4,99431.00475072734,44.35742340408615,497044.1301951265,0.9995400571839024,8079392.755345119,81.25627188018552
Barranquitas,2015-2019,2,10,5,9.477829424895546e-5,2.5,4.737792112810377e-4,99386.64732732326,47.08732738260005,496815.5183181598,0.9990135518833408,7582348.625149992,76.29142172567745
Barranquitas,2015-2019,2,15,5,3.0009698251792105e-4,2.5,0.001499360029038549,99339.55999994065,148.94576556619722,496325.4355857878,0.9977620115564443,7085533.106831833,71.32639913883317
Barranquitas,2015-2019,2,20,5,5.96433205525631e-4,2.5,0.0029777259909832066,99190.61423437446,295.3624700672808,495214.6649967041,0.9967520658872258,6589207.671246045,66.42974965027042
Barranquitas,2015-2019,2,25,5,7.050303316487749e-4,2.5,0.003518949243363615,98895.25176430718,348.007371368265,493606.2403931152,0.9960473574831759,6093993.006249341,61.620683476016566
Barranquitas,2015-2019,2,30,5,8.795030361753441e-4,2.5,0.004387867324291598,98547.24439293891,432.4122335707507,491655.1913807677,0.99472052141137135,5600386.765856226,56.82946083733929
Barranquitas,2015-2019,2,35,5,0.0012388287692382692,2.5,0.006175019367084976,98114.83215936816,605.8609887823986,489059.5083248848,0.99337222974592565,5108731.574475458,52.06890193908025
Barranquitas,2015-2019,2,40,5,0.001421702046928271,2.5,0.007083334257608556,97508.97117058576,690.6886359167693,485818.1342631369,0.9913272547716033,4619672.066150573,47.376892717581335
Barranquitas,2015-2019,2,45,5,0.002065307933959875,2.5,0.010273494843773521,96818.282534669,994.6621264029236,481604.7573573377,0.9885422360519533,4133853.931887436,42.69703844836509
Barranquitas,2015-2019,2,50,5,0.0025469803448301405,2.5,0.01265432592562659,95823.62040826607,1212.5833240197244,476086.64373128104,0.9851046749828343,3652249.1745300987,38.11428913841209
Barranquitas,2015-2019,2,55,5,0.0034627281228724513,2.5,0.017165045896471984,94611.03708424635,1624.002793863896,468995.178436572,0.9780745303680635,3176162.5307988175,33.570740039247276
Barranquitas,2015-2019,2,60,5,0.005426436907527718,2.5,0.026769033361114608,92987.03429038245,2489.1730230703542,458712.23889423633,0.9674965093389752,2707167.3523622453,29.113385247971554
Barranquitas,2015-2019,2,65,5,0.007829443603943966,2.5,0.03839567606868221,90497.8612673121,3474.726566128258,443802.4899212398,0.9530465121851825,2248455.113468009,24.845395040072102
Barranquitas,2015-2019,2,70,5,0.011491518390715293,2.5,0.05585300244173676,87023.13470118384,4860.503354952802,422964.4151185372,0.9224959586214136,1804652.6235467694,20.73761913706631
Barranquitas,2015-2019,2,75,5,0.021149250550512273,2.5,0.10043589308477541,82162.63134623104,8252.077257453871,390182.9635875205,0.8725436397612492,1381688.2084282322,16.816503875172117
Barranquitas,2015-2019,2,80,5,0.034191176447233323,2.5,0.15749364935051155,73910.55408877716,11640.442888959893,340451.6632214861,0.6566315054882229,991505.2448407116,13.414934538980344
Barranquitas,2015-2019,2,85,NA,0.09136481746182086,10.455314260321027,1,62270.11119981727,62270.11119981727,651053.5816192256,0,651053.5816192256,10.455314260321027
Barranquitas,2020-2024,1,0,1,0.011796633794742937,0.1257504070942802,0.011676214631237858,100000,1167.6214631237963,98979.20741119604,0.988003619298625,7768613.5480557205,77.68613548055721
Barranquitas,2020-2024,1,1,4,3.261498191912541e-4,1.6178195653160803,0.0013035864582410012,98832.3785368762,128.83655029641523,395022.6022381165,0.9986181689016791,7669634.340644524,77.60244622447128
Barranquitas,2020-2024,1,5,5,1.60972736349666e-4,2.5,8.045399092715852e-4,98703.54198657979,79.41093871466,493319.1825861123,0.9991310923780234,7274611.738406409,73.70162804689927
Barranquitas,2020-2024,1,10,5,1.8675258318390217e-4,2.5,9.33327162773002e-4,98624.13104786513,92.04858041186526,492890.533788296,0.9979774817399291,6781292.555820296,68.75895872308512
Barranquitas,2020-2024,1,15,5,6.235157929211006e-4,2.5,0.0031127268786857263,98532.08246745326,306.70346150931437,491893.65368349303,0.9953980051105977,6288402.022032,63.82085778111064
Barranquitas,2020-2024,1,20,5,0.0012229099883564673,2.5,0.006095913059361222,98225.37900594395,598.7733706430445,489629.96160311217,0.9928997513947126,5796508.368348507,59.01232886052535
Barranquitas,2020-2024,1,25,5,0.001628754012161652,2.5,0.00811074404355188,97626.6056353009,791.8244101486926,486153.46715113276,0.9898577912431558,5306878.406745395,54.35893599097412
Barranquitas,2020-2024,1,30,5,0.002453008413993039,2.5,0.012190284891445973,96834.78122515221,1180.4435705354554,481222.7971994224,0.9877620153789217,4820724.939594262,49.78298994021076
Barranquitas,2020-2024,1,35,5,0.002472443155754891,2.5,0.0122862729998042,95654.33765461676,1175.2353060400783,475333.60000798356,0.9871243294895072,4339502.14239484,45.3664961652201
Barranquitas,2020-2024,1,40,5,0.002712753569580313,2.5,0.013472399597653199,94479.10234857668,1272.860220467599,469213.3611917144,0.9842066571318244,3864168.542386856,40.89971693560517
Barranquitas,2020-2024,1,45,5,0.0036624255196509095,2.5,0.018145981830912906,93206.24212810908,1691.3187761843292,461802.91370008455,0.9766123401786131,3394955.1811951417,36.42411821011817
Barranquitas,2020-2024,1,50,5,0.0058289642416998085,2.5,0.028726211065744675,91514.92335192475,2628.87700387284,451002.42424994166,0.9639044803690631,2933152.267495057,32.051081507389654
Barranquitas,2020-2024,1,55,5,0.008931635640264486,2.5,0.04368278148145824,88886.04634805191,3882.789739372718,434723.25739182776,0.950055423054876,2482149.8432451156,27.925078740995392
Barranquitas,2020-2024,1,60,5,0.011626895515491523,2.5,0.05649239951111964,85003.25660867919,4802.037932083724,413011.1882131867,0.9332526747291956,2047426.5858532877,24.086448773119557
Barranquitas,2020-2024,1,65,5,0.01615000417459685,2.5,0.07761626342707459,80201.21867659547,6224.918915975053,385443.7960930397,0.9080883140508017,1634415.3976401011,20.37893469213655
Barranquitas,2020-2024,1,70,5,0.022701173317741033,2.5,0.10741003219632299,73976.29976062042,7945.796739053083,350017.0069554694,0.8653458026838057,1248971.6015470615,16.88340192181284
Barranquitas,2020-2024,1,75,5,0.03600931039602285,2.5,0.1651767957125317,66030.50302156733,10906.706908389133,302885.74783686385,0.7990641712103878,898954.594591592,13.614232111755522
Barranquitas,2020-2024,1,80,5,0.055521224350004145,2.5,0.2437700874607058,55123.7961131782,13437.532599675556,242025.1490667021,0.5939644381946854,596068.8467547281,10.813276457428675
Barranquitas,2020-2024,1,85,NA,0.10452376365495401,8.493054254511138,1,41686.26351350264,41686.26351350264,354043.69768802606,0,354043.69768802606,8.493054254511138
Barranquitas,2020-2024,2,0,1,0.00644247490717165,0.1357889745975373,0.006406804014534544,100000,640.6804014534573,99446.31693330464,0.9934364889897627,8567347.74260215,85.6734774260215
Barranquitas,2020-2024,2,1,4,1.6739533162551812e-4,1.5135761298683523,6.69302752156243e-4,99359.31959854654,66.50146605967893,397271.92756157665,0.9992920044691179,8467901.425668845,85.22503434889379
Barranquitas,2020-2024,2,5,5,7.85874558184656e-5,2.5,3.9286009440404846e-4,99292.81813248686,39.00818590518611,496366.57019767136,0.9995636486907736,8070629.498107269,81.28110018328407
Barranquitas,2020-2024,2,10,5,9.599495539649616e-5,2.5,4.7985961672622024e-4,99253.80994658168,47.627895199577324,496149.97999490943,0.9989614507248047,7574262.927909598,76.31206229751845
Barranquitas,2020-2024,2,15,5,3.197568379138825e-4,2.5,0.0015975071549783608,99206.1820513821,158.48258564516436,495634.7037927976,0.9976672037508281,7078112.947914688,71.34749872995519
Barranquitas,2020-2024,2,20,5,6.147958552199537e-4,2.5,0.003069261852436112,99047.69946573694,304.0033255417511,494478.4890148303,0.9965337987393761,6582478.2441218905,66.45765908373201
Barranquitas,2020-2024,2,25,5,7.743687670260821e-4,2.5,0.0038643627306227755,98743.69614019518,381.5814592481038,492764.5270528557,0.9955939901035419,6087999.75510706,61.6545662465722
Barranquitas,2020-2024,2,30,5,9.92407749924635e-4,2.5,0.004949758303371876,98362.11468094708,486.868693879238,490593.4016700373,0.9951168683703209,5595235.228054205,56.8840477474811
Barranquitas,2020-2024,2,35,5,9.655598578291482e-4,2.5,0.0048161735295745,97875.24598706784,471.3841689234978,488197.7695130305,0.9943380645833432,5104641.826384167,52.154574682332225
Barranquitas,2020-2024,2,40,5,0.0013066122630818044,2.5,0.0065117903525857565,97403.86181814435,634.2735276919993,485433.62527149176,0.9927448340992394,4616444.056871137,47.39487706853105
Barranquitas,2020-2024,2,45,5,0.0016071139757377637,2.5,0.008003413882926656,96769.58829045235,774.4870663689071,481911.72378633945,0.9905137304969547,4131010.4315996454,42.68913926966894
Barranquitas,2020-2024,2,50,5,0.002208342760057381,2.5,0.010981088780521873,95995.10122408344,1054.1307290368277,477340.1792978251,0.9864064269043049,3649098.707813306,38.01338465486
Barranquitas,2020-2024,2,55,5,0.0032735862116741363,2.5,0.016235063855413852,94940.97049504661,1541.37271848206,470851.4206790279,0.9794176984427662,3171758.5285154805,33.407690188725866
Barranquitas,2020-2024,2,60,5,0.005063554006737394,2.5,0.025001281683580807,93399.59777656455,2335.109653145031,461160.21474996017,0.969667384144941,2700907.107836453,28.917759520739107
Barranquitas,2020-2024,2,65,5,0.007290636408813692,2.5,0.035800658090729055,91064.48812341952,3260.1686035137973,447172.01910831314,0.9547245743840328,2239746.8930864925,24.595173587875088
Barranquitas,2020-2024,2,70,5,0.011332623175174552,2.5,0.0551019906356823,87804.31951990572,4838.19279195831,426926.1156196328,0.9199458224127892,1792574.8739781794,20.41556592864196
Barranquitas,2020-2024,2,75,5,0.022489419871974125,2.5,0.10646145827173158,82966.12672794741,8832.694838614567,392748.89654320065,0.8684757846108544,1365648.7583585465,16.460317146497854
Barranquitas,2020-2024,2,80,5,0.03468175718587292,2.5,0.15957309738693617,74133.43188933285,11829.701346504306,341092.9060804035,0.6494059466264555,972899.8618153459,13.12363176802203
Barranquitas,2020-2024,2,85,NA,0.09198073137185164,10.1407564238971,1,62303.73054282854,62303.73054282854,631806.9557349425,0,631806.9557349425,10.1407564238971
Bayamon,1980-1984,1,0,1,0.017596197761841504,0.11417766717613337,0.017326133500586264,100000,1732.6133500586293,98465.21240036929,0.9821461134146342,7198492.043383784,71.98492043383784
Bayamon,1980-1984,1,1,4,4.901578326781809e-4,1.6007963597627337,0.001958328359168398,98267.38664994137,192.4398100579565,392607.84430694784,0.9980319017063873,7100026.830983414,72.25211815468231
Bayamon,1980-1984,1,5,5,2.188565098399264e-4,2.5,0.0010936841494600866,98074.94683988341,107.26301481791597,490106.5766623723,0.9985570819855463,6707418.986676467,68.39074812476788
Bayamon,1980-1984,1,10,5,3.5882845598481e-4,2.5,0.0017925342491817158,97967.6838250655,175.6104285694455,489399.3930539039,0.996688382070029,6217312.410014094,63.462890692771126
Bayamon,1980-1984,1,15,5,9.690277657272623e-4,2.5,0.0048334295101387864,97792.07339649605,472.6710934122675,487778.68924894964,0.9938188212961777,5727913.016960191,58.57236499870986
Bayamon,1980-1984,1,20,5,0.0015127945693771245,2.5,0.00753547378732774,97319.40230308379,733.3478050532867,484763.6420027857,0.9912019179667723,5240134.32771124,53.844703149653384
Bayamon,1980-1984,1,25,5,0.0020242477416001457,2.5,0.010070276869972404,96586.0544980305,972.6483105734078,480498.65171371895,0.9898322354792936,4755370.685708455,49.23454747605849
Bayamon,1980-1984,1,30,5,0.0020638427336054557,2.5,0.010266243885913866,95613.40618745709,981.5905466833938,475613.05457057693,0.9876604207246275,4274872.033994736,44.70996489355829
Bayamon,1980-1984,1,35,5,0.002907870879787251,2.5,0.014434420819020695,94631.8156407737,1365.9554498269135,469744.1895793012,0.984292841400507,3799258.979424159,40.14779758476054
Bayamon,1980-1984,1,40,5,0.0034288500515840758,2.5,0.016998536674537032,93265.86019094678,1585.3831449380523,462365.8430923888,0.9796719044200984,3329514.789844858,35.69918063295845
Bayamon,1980-1984,1,45,5,0.00479996227222624,2.5,0.023715230828002334,91680.47704600873,2174.2236755674676,452966.826041125,0.9684173735231097,2867148.946752469,31.2732769192903
Bayamon,1980-1984,1,50,5,0.008088545840553216,2.5,0.03964113143089069,89506.25337044126,3548.1291537442594,438660.94396784564,0.9535516963224586,2414182.120711344,26.97221735692278
Bayamon,1980-1984,1,55,5,0.011001790118902718,2.5,0.05353645839702986,85958.124216697,4601.893541013924,418285.8872309502,0.9295634284291382,1975521.1767434983,22.982367225269925
Bayamon,1980-1984,1,60,5,0.018474090077384212,2.5,0.08829263514961218,81356.23067568308,7183.155992195781,388823.26339792594,0.8958091762010472,1557235.2895125481,19.140946877446684
Bayamon,1980-1984,1,65,5,0.025900872706610494,2.5,0.12162864350105608,74173.0746834873,9021.570458055074,348311.4472722988,0.8464060078637075,1168412.0261146221,15.752508994678882
Bayamon,1980-1984,1,70,5,0.04198543467053096,2.5,0.18998560304064382,65151.504225432225,12377.847819273797,294812.90157897666,0.7772650675340214,820100.5788423234,12.587592390878259
Bayamon,1980-1984,1,75,5,0.060608073466261195,2.5,0.26316548474785095,52773.65640615843,13888.204870043213,229147.76985568408,0.6852326256552077,525287.6772633467,9.953596415996072
Bayamon,1980-1984,1,80,5,0.09529446472169667,2.5,0.38479923160555457,38885.451536115215,14963.09187173217,157019.52800124566,0.4697792358491744,296139.9074076627,7.615699335074458
Bayamon,1980-1984,1,85,NA,0.1782073450760914,5.8154956851329045,1,23922.359664383046,23922.359664383046,139120.37940641705,0,139120.37940641705,5.8154956851329045
Bayamon,1980-1984,2,0,1,0.013566694626271537,0.12114677953546289,0.013406843049946108,100000,1340.6843049946037,98821.73528092924,0.9863181384564125,7810899.616789811,78.10899616789811
Bayamon,1980-1984,2,1,4,3.0450218363713865e-4,1.5021870663577377,0.001217083033981273,98659.3156950054,120.0765792766033,394337.333947277,0.998671199913559,7712077.881508882,78.16877531717265
Bayamon,1980-1984,2,5,5,1.5629213834721247e-4,2.5,7.811554705888624e-4,98539.2391157288,76.97446570292232,492503.75941438664,0.9992151226924223,7317740.5475616045,74.2621986249288
Bayamon,1980-1984,2,10,5,1.5778262468551068e-4,2.5,7.88602054172704e-4,98462.26465002587,77.6475441615039,492117.2043897256,0.9985831238677907,6825236.7881472185,69.31829988277063
Bayamon,1980-1984,2,15,5,4.095481071362462e-4,2.5,0.002045646059502381,98384.61710586437,201.26010429825692,491419.9352685762,0.9974203873449168,6333119.583757493,64.37103451795613
Bayamon,1980-1984,2,20,5,6.239063917207193e-4,2.5,0.003114673796379381,98183.35700156611,305.8091292933532,490152.2621845972,0.9960403079017699,5841699.648488916,59.4978601963644
Bayamon,1980-1984,2,25,5,9.637867463350879e-4,2.5,0.004807350579741089,97877.54787227276,470.5316865074128,488211.41014509526,0.9952082399984903,5351547.386304319,54.675944612833234
Bayamon,1980-1984,2,30,5,9.575053902992764e-4,2.5,0.004776094111854688,97407.01618576534,465.22507645815494,485872.01823768136,0.994368826753463,4863335.976159224,49.927984313617976
Bayamon,1980-1984,2,35,5,0.001302297370426876,2.5,0.006490355918519823,96941.79110930719,629.1867276782141,483135.9887273404,0.9920214510511008,4377463.957921542,45.15559190551484
Bayamon,1980-1984,2,40,5,0.0019043158866485523,2.5,0.009476463980972218,96312.60438162897,912.7029263361328,479281.26459230453,0.9893296206573533,3894327.969194202,40.434250472174135
Bayamon,1980-1984,2,45,5,0.00238933091767684,2.5,0.011875717043629386,95399.90145529284,1132.9422356731957,474167.1516872812,0.9842762448741977,3415046.704601898,35.79717224553201
Bayamon,1980-1984,2,50,5,0.003962476137115901,2.5,0.01961804064083877,94266.95921961965,1849.3330370587792,466711.4635054513,0.9764582646999793,2940879.5529146167,31.197352468568177
Bayamon,1980-1984,2,55,5,0.00558571541669352,2.5,0.02754394548119047,92417.62618256087,2545.5460570734867,455724.26577012066,0.9635250273887014,2474168.089409165,26.771603985171808
Bayamon,1980-1984,2,60,5,0.009345137253184624,2.5,0.04565896307401131,89872.08012548738,4103.465987834221,439101.7356578513,0.9390624208096947,2018443.8236390445,22.459075397172448
Bayamon,1980-1984,2,65,5,0.01600521338078697,2.5,0.07694717693903863,85768.61413765316,6599.652727866123,412343.9388686005,0.8967019204103446,1579342.0879811933,18.413986326588535
Bayamon,1980-1984,2,70,5,0.028230137439084712,2.5,0.13184563612410588,79168.96140978704,10438.082078358158,369749.6018530398,0.8434952209658007,1166998.1491125927,14.74060197748566
Bayamon,1980-1984,2,75,5,0.04074922218911848,2.5,0.18490887850794044,68730.87933142888,12708.949816039101,311882.02211704664,0.7595398254384585,797248.5472595529,11.599568563863716
Bayamon,1980-1984,2,80,5,0.07298478075655515,2.5,0.3086136540791588,56021.92951538978,17289.13237630952,236886.81663617506,0.5119424097765626,485366.5251425063,8.66386662046639
Bayamon,1980-1984,2,85,NA,0.15208383456042895,6.415227581269169,1,38732.797139080256,38732.797139080256,248479.7085063312,0,248479.7085063312,6.415227581269169
Bayamon,1985-1989,1,0,1,0.013007399333071407,0.12333438500082267,0.012860746444259956,100000,1286.0746444260003,98872.54258090943,0.9865715658588734,7160635.3153027175,71.60635315302717
Bayamon,1985-1989,1,1,4,4.702174638105281e-4,1.6142505709634447,0.0018787622202433726,98713.925355574,185.45999356998072,394413.24034852727,0.9980820298634442,7061762.772721808,71.53765537420256
Bayamon,1985-1989,1,5,5,2.458881914844104e-4,2.5,0.0012286856591854523,98528.46536200402,121.06051241183013,492339.6755289905,0.9987917608817176,6667349.532373281,67.6692721019934
Bayamon,1985-1989,1,10,5,2.376946478002912e-4,2.5,0.0011877674241026043,98407.40484959219,116.88510977082478,491744.8114735339,0.9966849027636518,6175009.85684429,62.74944315707031
Bayamon,1985-1989,1,15,5,0.001091964214287932,2.5,0.005444956826432641,98290.51973982136,535.1876364309574,490114.62960802944,0.9921274615806305,5683265.045370757,57.82109058345168
Bayamon,1985-1989,1,20,5,0.002073373868900489,2.5,0.010313410455160012,97755.3321033904,1008.1908641627379,486256.18335654517,0.9882446157683609,5193150.415762727,53.123960647693565
Bayamon,1985-1989,1,25,5,0.0026600497304114126,2.5,0.013212384651481399,96747.14123922767,1278.2604439838906,480540.0550861786,0.9856377237289711,4706894.232406182,48.651507136189124
Bayamon,1985-1989,1,30,5,0.0031298120026587457,2.5,0.015527564121891851,95468.88079524378,1482.399168193384,473638.4060557354,0.9821820127139373,4226354.1773200035,44.26944300713494
Bayamon,1985-1989,1,35,5,0.004069900344357609,2.5,0.020144536085905666,93986.4816270504,1893.3140707234415,465199.12295844336,0.978700793516533,3752715.771264268,39.92825038557665
Bayamon,1985-1989,1,40,5,0.004546621683058813,2.5,0.022477615381600462,92093.16755632695,2070.0347996044,455290.75078262377,0.9747763598308916,3287516.6483058245,35.697725852410066
Bayamon,1985-1989,1,45,5,0.0056862626269949075,2.5,0.02803280835872472,90023.13275672255,2523.601228421234,443806.66071255965,0.9654341904331949,2832225.897523201,31.46109017531055
Bayamon,1985-1989,1,50,5,0.008431502924165796,2.5,0.0412872310965263,87499.53152830132,3612.613379046772,428466.1241938896,0.9532398641630692,2388419.2368106414,27.296365992978124
Bayamon,1985-1989,1,55,5,0.010776460151113958,2.5,0.052468732736776484,83886.91814925455,4401.4402884850715,408430.9900250601,0.9299011465879216,1959953.1126167516,23.364228366686856
Bayamon,1985-1989,1,60,5,0.018564426204936663,2.5,0.08870522692650992,79485.47786076948,7050.777351001641,379800.4459263433,0.8959606050197306,1551522.1225916916,19.519567150485162
Bayamon,1985-1989,1,65,5,0.025728063999715046,2.5,0.12086618748127569,72434.70050976783,8754.906091963654,340286.23731893004,0.8519744423329558,1171721.6766653482,16.176247964293598
Bayamon,1985-1989,1,70,5,0.03929948764122393,2.5,0.17891888675872908,63679.79441780418,11393.517926258246,289915.1772733753,0.7870572313606037,831435.4393464181,13.056503196152873
Bayamon,1985-1989,1,75,5,0.058290068354019155,2.5,0.2543806745076192,52286.276491545934,13300.61828141132,228179.83675420136,0.6988170194268237,541520.2620730429,10.356833540453016
Bayamon,1985-1989,1,80,5,0.08898341360697624,2.5,0.36395268686351506,38985.658210134614,14188.93505472115,159455.9534138702,0.4911095392443705,313340.42531884153,8.037325511600221
Bayamon,1985-1989,1,85,NA,0.16986842096955168,6.2058390110862796,1,24796.723155413463,24796.723155413463,153884.47190497135,0,153884.47190497135,6.2058390110862796
Bayamon,1985-1989,2,0,1,0.010319004571252505,0.12782165947484186,0.010226961789530732,100000,1022.696178953076,99108.02654377928,0.989538290666763,7928115.892863465,79.28115892863464
Bayamon,1985-1989,2,1,4,2.51557819227598e-4,1.5073607331684336,0.0010056007221192777,98977.30382104692,99.53164819587255,395661.1187896022,0.9988721741133095,7829007.866319685,79.09902133194797
Bayamon,1985-1989,2,5,5,1.4384862618466968e-4,2.5,7.189845685672574e-4,98877.77217285105,71.09159236657433,494211.1318833388,0.9991841810008026,7433346.747530083,75.17712610409181
Bayamon,1985-1989,2,10,5,1.826279648578497e-4,2.5,9.127231023825813e-4,98806.68058048448,90.18314003554406,493807.9450523335,0.9986051597205599,6939135.615646745,70.22941743290696
Bayamon,1985-1989,2,15,5,3.758323730504796e-4,2.5,0.001877397897984499,98716.49744044893,185.3301447910926,493119.16184026696,0.997427029268698,6445327.670594411,65.29129211135735
Bayamon,1985-1989,2,20,5,6.550413216186069e-4,2.5,0.003269851887837769,98531.16729565784,322.1823233925679,491850.3806698078,0.995860384539886,5952208.508754144,60.409398083081996
Bayamon,1985-1989,2,25,5,0.0010049650312070465,2.5,0.0050122323604089945,98208.98497226527,492.24625256090076,489814.3092299241,0.9949093738967961,5460358.128084336,55.59937443225149
Bayamon,1985-1989,2,30,5,0.0010365621604661694,2.5,0.00516941475301901,97716.73871970437,505.13835075455427,487320.8477216355,0.994532182761761,4970543.818854412,50.86686154264901
Bayamon,1985-1989,2,35,5,0.0011568904001017797,2.5,0.005767770305268505,97211.60036894982,560.6941819356725,484656.2663899099,0.9933634429915751,4483222.971132777,46.1181891267861
Bayamon,1985-1989,2,40,5,0.0015077385964170852,2.5,0.007510383743475573,96650.90618701414,725.885394619123,481439.8174485229,0.9912086279765787,3998566.704742867,41.37122829459935
Bayamon,1985-1989,2,45,5,0.0020266270452590895,2.5,0.01008205381894238,95925.02079239502,967.1212222120812,477207.3009064449,0.9859349258651563,3517126.887294344,36.665375292503285
Bayamon,1985-1989,2,50,5,0.0036507506877494467,2.5,0.018088660464667606,94957.89957018294,1717.6612037630548,470495.3448415071,0.9774631782496255,3039919.5863878992,32.013340650412225
Bayamon,1985-1989,2,55,5,0.005487652253055465,2.5,0.027066926563922827,93240.23836641989,2523.7266846665443,459891.87512043305,0.9649636429770154,2569424.241546392,27.557032098619775
Bayamon,1985-1989,2,60,5,0.00883648893737797,2.5,0.04322749645143082,90716.51168175334,3921.447686809188,443778.93919174373,0.9447030371567087,2109532.366425959,23.254116889177837
Bayamon,1985-1989,2,65,5,0.014059758122419653,2.5,0.06791173422007742,86795.06399494415,5894.403317639255,419239.31168062263,0.9128517525479068,1665753.4272342152,19.191799055891543
Bayamon,1985-1989,2,70,5,0.02278523407591971,2.5,0.1077863285633488,80900.6606773049,8719.98519275598,382703.34040463454,0.8600575249405303,1246514.1155535926,15.407959652216755
Bayamon,1985-1989,2,75,5,0.03859248362504965,2.5,0.1759833333488777,72180.67548454892,12702.595875144543,329146.88773488323,0.7723607650889467,863810.7751489581,11.967341249582327
Bayamon,1985-1989,2,80,5,0.06792578379266834,2.5,0.29032716787739715,59478.079609404376,17268.10240378473,254220.14203756006,0.524523447306107,534663.8874140749,8.98925942002903
Bayamon,1985-1989,2,85,NA,0.15210931869509198,6.644015560832329,1,42209.977205619645,42209.977205619645,280443.7453765148,0,280443.7453765148,6.644015560832329
Bayamon,1990-1994,1,0,1,0.0152950669475448,0.11876945865952174,0.015091654383863083,100000,1509.165438386306,98670.0773237585,0.9843927579803493,6976562.092173926,69.76562092173926
Bayamon,1990-1994,1,1,4,4.641916399577009e-4,1.6075288453414205,0.00185470678718584,98490.8345616137,182.671619337023,393526.30166641617,0.9981209122969424,6877892.014850168,69.832812824299
Bayamon,1990-1994,1,5,5,2.1928069110597928e-4,2.5,0.0010958027345775116,98308.16294227667,107.72635378343693,491271.49882692477,0.9986099199025738,6484365.713183751,65.95958584834057
Bayamon,1990-1994,1,10,5,3.3722011082898553e-4,2.5,0.0016846802839647528,98200.43658849323,165.43633939736173,490588.5920939727,0.9953575856079347,5993094.214356827,61.02920132087351
Bayamon,1990-1994,1,15,5,0.0015268338413967953,2.5,0.00760513974515534,98035.00024909587,745.5698768107104,488311.07655345264,0.9902371518057519,5502505.622262854,56.12797070721282
Bayamon,1990-1994,1,20,5,0.0024017533900495,2.5,0.011937092071870131,97289.43037228516,1161.3528879737714,483543.7696414914,0.9855828916145978,5014194.545709401,51.53894443129348
Bayamon,1990-1994,1,25,5,0.0034143145064121413,2.5,0.01692708653925503,96128.07748431139,1627.1682864291506,476572.4667054841,0.9779286057169402,4530650.77606791,47.13139901094283
Bayamon,1990-1994,1,30,5,0.005536440160519172,2.5,0.027304279528260107,94500.90919788224,2580.2792404137,466053.847888377,0.970498055096832,4054078.3093624255,42.89988682408653
Bayamon,1990-1994,1,35,5,0.006454765950172925,2.5,0.031761300350771196,91920.62995746854,2919.5187365112506,452304.3529460646,0.9669623912612418,3588024.4614740484,39.03394116352574
Bayamon,1990-1994,1,40,5,0.006991251786444995,2.5,0.03435578408999032,89001.11122095729,3057.702960876428,437361.29870259535,0.9648967382958361,3135720.108527984,35.2323703098845
Bayamon,1990-1994,1,45,5,0.007306536145693827,2.5,0.035877333149793966,85943.40826008086,3083.4202901756653,422008.49057496514,0.9632422686660396,2698358.8098253887,31.39692577305812
Bayamon,1990-1994,1,50,5,0.007678812100027166,2.5,0.03767089126105042,82859.9879699052,3121.409596706246,406496.4158577604,0.9539850238843647,2276350.3192504235,27.472250177941078
Bayamon,1990-1994,1,55,5,0.011244598266908615,2.5,0.05468569466588142,79738.57837319895,4360.559550008213,387791.4929909742,0.933392419772668,1869853.903392663,23.44980236092524
Bayamon,1990-1994,1,60,5,0.016497277562822543,2.5,0.07921913756247384,75378.01882319074,5971.38164234109,361961.640010101,0.901500331208008,1482062.410401689,19.6617320744137
Bayamon,1990-1994,1,65,5,0.025404971203155047,2.5,0.11943899541795777,69406.63718084965,8289.859020219359,326308.53835369984,0.8522854606451918,1120100.7703915879,16.138237146873912
Bayamon,1990-1994,1,70,5,0.039518267169865125,2.5,0.1798253684622946,61116.77816063029,10990.347151963651,278108.0229232423,0.7953772873230465,793792.232037888,12.988122998754974
Bayamon,1990-1994,1,75,5,0.05322105442988774,2.5,0.23485693751291034,50126.43100866664,11772.540075147634,221200.80485546408,0.7033176853044086,515684.20911464567,10.287670570950606
Bayamon,1990-1994,1,80,5,0.09306160333508473,2.5,0.3774846903738317,38353.890933519004,14478.006643671131,155574.4380584172,0.47170388616707043,294483.4042591816,7.678058134170182
Bayamon,1990-1994,1,85,NA,0.15773238322558317,5.81796110730144,1,23875.884289847872,23875.884289847872,138908.96620076438,0,138908.96620076438,5.81796110730144
Bayamon,1990-1994,2,0,1,0.01154997879832501,0.12529167507516656,0.011434458039756975,100000,1143.445803975701,98999.81843616208,0.9882680805989108,7985346.982370081,79.85346982370082
Bayamon,1990-1994,2,1,4,2.9623001577647233e-4,1.5053961367693154,0.0011840450815662246,98856.5541960243,117.0506167763815,395134.2218632933,0.9987846221454404,7886347.16393392,79.7756631117847
Bayamon,1990-1994,2,5,5,1.329491699778121e-4,2.5,6.64524979777833e-4,98739.50357924792,65.61486661927484,493533.4807296914,0.99929796263432,7491212.942070626,75.86844849851012
Bayamon,1990-1994,2,10,5,1.4796965652200236e-4,2.5,7.39574696075635e-4,98673.88871262864,72.97671125525085,493187.00178500504,0.9986526541579356,6997679.461340935,70.91723608583541
Bayamon,1990-1994,2,15,5,3.914961610285297e-4,2.5,0.0019555668128929424,98600.91200137339,192.82067123087472,492522.5083287898,0.9971292719805372,6504492.4595559295,65.96787319234258
Bayamon,1990-1994,2,20,5,7.589738542660448e-4,2.5,0.003787682391571557,98408.09133014252,372.73859471933974,491108.6101639143,0.9956740163832424,6011969.95122714,61.09223205089911
Bayamon,1990-1994,2,25,5,9.756401959404311e-4,2.5,0.0048663315081368804,98035.35273542318,477.07252592770965,488984.0823622966,0.9943288674486767,5520861.341063226,56.31500460821384
Bayamon,1990-1994,2,30,5,0.0013001863537424488,2.5,0.006479869175023738,97558.28020949547,632.1648926978378,486210.98881573277,0.9931728187014477,5031877.258700929,51.578166895680575
Bayamon,1990-1994,2,35,5,0.0014405208627730334,2.5,0.007176758637504139,96926.11531679763,695.6153352995316,482891.53824573936,0.991693216899304,4545666.269885196,46.89826116550672
Bayamon,1990-1994,2,40,5,0.0018979583054831255,2.5,0.009444976100328857,96230.4999814981,908.8947724479513,478880.2629763706,0.9895729657978891,4062774.731639457,42.219200070877655
Bayamon,1990-1994,2,45,5,0.0022968042316400743,2.5,0.011418456261549562,95321.60520905015,1088.4255798602535,473886.9620956001,0.9862046206645773,3583894.468663086,37.597924004775564
Bayamon,1990-1994,2,50,5,0.003266408851702816,2.5,0.016199756686920114,94233.1796291899,1526.5545818277023,467349.5116913802,0.9791972342277224,3110007.506567486,33.0033170779703
Bayamon,1990-1994,2,55,5,0.005162083062045037,2.5,0.025481570353435738,92706.62504736219,2362.310388373953,457627.3492658761,0.9699424757741342,2642657.9948761063,28.50560025808316
Bayamon,1990-1994,2,60,5,0.007073539719791504,2.5,0.03475312949429513,90344.31465898824,3139.74766641717,443872.2041288983,0.9539888929454429,2185030.64561023,24.185591023162896
Bayamon,1990-1994,2,65,5,0.011877395204305943,2.5,0.057674421284588,87204.56699257107,5029.472934669611,423449.1526261813,0.9202003074374593,1741158.4414813316,19.966367605834915
Bayamon,1990-1994,2,70,5,0.021780564143174384,2.5,0.1032791266113482,82175.09405790146,8486.971943505458,389658.04043074365,0.8709687609652295,1317709.2888551503,16.035385221788466
Bayamon,1990-1994,2,75,5,0.03425143679972325,2.5,0.15774933090443644,73688.122114396,11624.251959150359,339379.98067410407,0.7934048209818279,928051.2484244067,12.594312648973029
Bayamon,1990-1994,2,80,5,0.06098606099679086,2.5,0.26458960978091445,62063.87015524564,16421.45518586979,269265.71281155373,0.5425873020088209,588671.2677503027,9.484926838719678
Bayamon,1990-1994,2,85,NA,0.13242260276585308,6.997998575514829,1,45642.41496937585,45642.41496937585,319405.5549387489,0,319405.5549387489,6.997998575514829
Bayamon,1995-1999,1,0,1,0.014199450810133374,0.12095570588091936,0.014024399015929055,100000,1402.4399015928939,98767.19320665984,0.9854258897929454,7096404.3985454785,70.96404398545478
Bayamon,1995-1999,1,1,4,4.722388470715924e-4,1.6107444857650057,0.001886826483343725,98597.5600984071,186.03648758675263,393945.75168981287,0.9980542400971661,6997637.205338819,70.97170759960692
Bayamon,1995-1999,1,5,5,2.467689934456598e-4,2.5,0.001233084249830388,98411.52361082035,121.34969976631692,491754.243804686,0.9986588461241201,6603691.453649006,67.10282710146893
Bayamon,1995-1999,1,10,5,2.9008160096977457e-4,2.5,0.0014493569254056273,98290.17391105404,142.45754425729683,491094.725694627,0.9960554425170928,6111937.20984432,62.182586179725455
Bayamon,1995-1999,1,15,5,0.001292841078142126,2.5,0.006443379725731895,98147.71636679674,632.4030057647033,489157.57431957196,0.9898151709228059,5620842.484149693,57.26921310266183
Bayamon,1995-1999,1,20,5,0.0028097069376524985,2.5,0.013950542349206046,97515.31336103204,1360.3915087391797,484175.58803331223,0.9863721693934818,5131684.909830121,52.624400547543
Bayamon,1995-1999,1,25,5,0.0026779195388074916,2.5,0.013300553166036764,96154.92185229286,1278.9136502725305,477577.32513578294,0.983707468464654,4647509.321796808,48.3335562264407
Bayamon,1995-1999,1,30,5,0.003902677572757403,2.5,0.019324841301921747,94876.00820202033,1833.4638018638798,469796.38150544197,0.977461898321367,4169931.9966610256,43.95138534688298
Bayamon,1995-1999,1,35,5,0.005230447455267314,2.5,0.02581468143923067,93042.54440015645,2401.863643985518,459208.06289081846,0.9731398494572943,3700135.6151555837,39.76821183266525
Bayamon,1995-1999,1,40,5,0.00566579692003144,2.5,0.0279333232579543,90640.68075617093,2531.8954358831543,446873.6651911468,0.9691364070694612,3240927.5522647654,35.7557724106581
Bayamon,1995-1999,1,45,5,0.00689236334891429,2.5,0.03387806687836026,88108.78532028777,2984.955321651796,433081.53829730937,0.9613424584190011,2794053.8870736184,31.71141080786486
Bayamon,1995-1999,1,50,5,0.008915296737835096,2.5,0.0436046135175564,85123.82999863598,3711.7917082247004,416339.6707226182,0.9513148968594214,2360972.3487763093,27.73573920269026
Bayamon,1995-1999,1,55,5,0.011099105620288256,2.5,0.05399722581999459,81412.03829041128,4396.024216033373,396070.13091197296,0.9331039849389213,1944632.678053691,23.886303781227525
Bayamon,1995-1999,1,60,5,0.01678194569618975,2.5,0.08053105884016787,77016.0140743779,6202.181161058936,369574.6174692422,0.9090212034742093,1548562.547141718,20.10702015357741
Bayamon,1995-1999,1,65,5,0.021572184278188692,2.5,0.10234159217655382,70813.83291331897,7247.200408473502,335951.1635454111,0.8659081008556527,1178987.929672476,16.649118980971398
Bayamon,1995-1999,1,70,5,0.03702999815784774,2.5,0.16946204294412368,63566.63250484547,10772.13140734945,290902.8340058537,0.7984280614707621,843036.7661270647,13.262253054899563
Bayamon,1995-1999,1,75,5,0.05460576770502697,2.5,0.2402335015707859,52794.50109749602,12683.007862334176,232264.98583164465,0.7078663740801688,552133.9321212111,10.45817122320336
Bayamon,1995-1999,1,80,5,0.0879370527294685,2.5,0.3604442509030945,40111.49323516184,14457.95713175245,164412.57334642808,0.4860002033533102,319868.9462895664,7.974496098020316
Bayamon,1995-1999,1,85,NA,0.165070992429955,6.059841899241249,1,25653.53610340939,25653.53610340939,155456.37294313833,0,155456.37294313833,6.059841899241249
Bayamon,1995-1999,2,0,1,0.011794151281842967,0.1247898346949666,0.011673651634398647,100000,1167.3651634398557,98978.31014233446,0.9881093715393613,7969094.439811081,79.6909443981108
Bayamon,1995-1999,2,1,4,2.5784763864959877e-4,1.5050069687908334,0.0010307274587004085,98832.63483656014,101.86951054175734,395076.3756273462,0.9988847385890207,7870116.129668746,79.63074284808437
Bayamon,1995-1999,2,5,5,1.2169391291807192e-4,2.5,6.082845032869286e-4,98730.76532601839,60.056394545477815,493503.68564372824,0.9992994595929776,7475039.7540414,75.71135227563674
Bayamon,1995-1999,2,10,5,1.5863337898275364e-4,2.5,7.928524627507658e-4,98670.70893147291,78.23131457767158,493157.96637092036,0.9985092374245961,6981536.068397672,70.75591271211367
Bayamon,1995-1999,2,15,5,4.3832508981853704e-4,2.5,0.002189226466873372,98592.47761689524,215.84126143353933,492422.7849308923,0.9970409608912258,6488378.102026751,65.81007252134289
Bayamon,1995-1999,2,20,5,7.475024426529074e-4,2.5,0.0037305407424710045,98376.6363554617,366.99805003129586,490965.6866522303,0.9956828993038286,5995955.317095859,60.948976700431515
Bayamon,1995-1999,2,25,5,9.835840672772422e-4,2.5,0.004905857029360164,98009.6383054304,480.821273025751,488846.13834458764,0.9945533240703148,5504989.630443629,56.16783946583154
Bayamon,1995-1999,2,30,5,0.0012016312003320033,2.5,0.005990161090506598,97528.81703240465,584.2133249906474,486183.5518495466,0.9927662011284125,5016143.492099041,51.4324242283426
Bayamon,1995-1999,2,35,5,0.0017042163062963894,2.5,0.008484931136480467,96944.603707414,822.5682865108101,482666.597820793,0.9906965610904083,4529959.940249494,46.727303707602424
Bayamon,1995-1999,2,40,5,0.0020361020081871243,2.5,0.010128951096763249,96122.0354209032,973.6153960996744,478176.13861426676,0.9881399829220694,4047293.3424287015,42.10578068500364
Bayamon,1995-1999,2,45,5,0.002740406085965165,2.5,0.013608796358914254,95148.42002480352,1294.855471989984,472504.9614440426,0.9840096203934537,3569117.203814435,37.5110506604737
Bayamon,1995-1999,2,50,5,0.0037151524547001896,2.5,0.018404820488460892,93853.56455281354,1727.35800779672,464949.4277445759,0.9788430569017306,3096612.242370392,32.99408239979908
Bayamon,1995-1999,2,55,5,0.004850241058699384,2.5,0.023960667757123286,92126.20654501682,2207.4054267492465,455112.51915821095,0.9693992946640225,2631662.8146258164,28.56584367597805
Bayamon,1995-1999,2,60,5,0.0076233200461043515,2.5,0.037403748368675833,89918.80111826757,3363.300210640693,441185.7550647361,0.9511783453588785,2176550.2954676053,24.2057308193517
Bayamon,1995-1999,2,65,5,0.012516413844400966,2.5,0.06068322822723894,86555.50090762688,5252.467215900513,419646.33649838314,0.9214734736943698,1735364.5404028692,20.049153689895135
Bayamon,1995-1999,2,70,5,0.02050433052847467,2.5,0.09752256535720129,81303.03369172636,7928.880416940112,386692.9674162815,0.8739549785263231,1315718.203904486,16.182891881909903
Bayamon,1995-1999,2,75,5,0.03422793942021708,2.5,0.15764964118116565,73374.15327478625,11567.408935741914,337952.24403457646,0.7938111578176856,929025.2364882044,12.661478123079721
Bayamon,1995-1999,2,80,5,0.06077969171578411,2.5,0.2638123719795965,61806.74433904434,16305.383828419785,268270.2621241722,0.5461300625316272,591072.992453628,9.56324425068022
Bayamon,1995-1999,2,85,NA,0.14442146634853942,7.094353371127915,1,45501.36051062455,45501.36051062455,322802.73032945587,0,322802.73032945587,7.094353371127915
Bayamon,2000-2004,1,0,1,0.010648531392122148,0.12804138803358986,0.010550568533463978,100000,1055.0568533463957,99080.03409061042,0.9890665573299806,7361878.90646211,73.6187890646211
Bayamon,2000-2004,1,1,4,3.4711182169914275e-4,1.621211137008673,0.001387301783756617,98944.9431466536,137.26649612103938,395453.2445743799,0.9985109406686169,7262798.872371499,73.40242605028101
Bayamon,2000-2004,1,5,5,1.956221160520368e-4,2.5,9.776324639318953e-4,98807.67665053256,96.597592379243,493796.8892717147,0.9987891960174352,6867345.627797119,69.50214660026727
Bayamon,2000-2004,1,10,5,2.890494592102104e-4,2.5,0.0014442036803190878,98711.07905815332,142.55890366405947,493198.99803160643,0.9970799778061314,6373548.738525405,64.56771417492638
Bayamon,2000-2004,1,15,5,8.815335157679401e-4,2.5,0.004397975172549406,98568.52015448926,433.5019044343644,491758.8460113604,0.9926387689121599,5880349.740493799,59.657482239536094
Bayamon,2000-2004,1,20,5,0.002078257452737784,2.5,0.010337576898109555,98135.0182500549,1014.4782975573326,488138.8955063812,0.9893660433395507,5388590.8944824375,54.9099698616444
Bayamon,2000-2004,1,25,5,0.002198706157429037,2.5,0.010933432274983088,97120.53995249757,1061.8608460804244,482948.04764728673,0.9889979753172545,4900451.9989760565,50.45742127641493
Bayamon,2000-2004,1,30,5,0.002226600832992361,2.5,0.011071375331125169,96058.67910641714,1063.5016901992494,477634.64130658755,0.9860637955222442,4417503.95132877,45.98755669370496
Bayamon,2000-2004,1,35,5,0.0033951971194083694,2.5,0.01683310631188979,94995.17741621789,1599.0639205640327,470978.2272796794,0.9816147313932225,3939869.3100221823,41.47441393534947
Bayamon,2000-2004,1,40,5,0.004033059200001691,2.5,0.019964005955291263,93396.11349565386,1864.560566028289,462319.1660631986,0.9746340079364363,3468891.082742503,37.14170700372801
Bayamon,2000-2004,1,45,5,0.0062724444003009845,2.5,0.03087802033711513,91531.55292962557,2826.313152848714,450591.9817660061,0.9644305202934715,3006571.9166793046,32.84738235557874
Bayamon,2000-2004,1,50,5,0.008248751273331316,2.5,0.0404104176564087,88705.23977677686,3584.6157876914367,434564.6594146557,0.9536670272595009,2555979.9349132986,28.814306137329865
Bayamon,2000-2004,1,55,5,0.010784097099825403,2.5,0.05250493958243345,85120.62398908542,4469.25321976596,414429.9868960122,0.9385027719798771,2121415.2754986426,24.922459165368206
Bayamon,2000-2004,1,60,5,0.014720035487034272,2.5,0.0709878193839732,80651.37076931946,5725.264941242305,388943.6914934916,0.9146288159756795,1706985.2886026304,21.16498792667742
Bayamon,2000-2004,1,65,5,0.02124188280900445,2.5,0.10085361250099506,74926.10582807715,7556.568443393451,355739.1080319022,0.8770012762379884,1318041.597109139,17.59121980973456
Bayamon,2000-2004,1,70,5,0.03187863855310218,2.5,0.14762776255803403,67369.5373846837,9945.614068670679,311983.6517517418,0.8164316262219837,962302.4890772367,14.283940879428004
Bayamon,2000-2004,1,75,5,0.050890619157381155,2.5,0.22573376777048465,57423.923316013024,12962.518570287008,254713.32015434763,0.7343404349123036,650318.8373254949,11.324876458661425
Bayamon,2000-2004,1,80,5,0.07540536275155565,2.5,0.3172255454382078,44461.40474572602,14104.293371411855,187046.29030010046,0.5271898844141237,395605.5171711473,8.897728702761603
Bayamon,2000-2004,1,85,NA,0.16398664743558566,6.870193421878521,1,30357.11137431416,30357.11137431416,208559.2268710468,0,208559.2268710468,6.870193421878521
Bayamon,2000-2004,2,0,1,0.007677985697577616,0.13324966633533963,0.007627227288132734,100000,762.7227288132708,99338.90982030748,0.9920774160404738,8160657.406241613,81.60657406241613
Bayamon,2000-2004,2,1,4,2.5255583686692917e-4,1.5115905012022082,0.001009588858887553,99237.27727118673,100.18884951932705,396699.7981999294,0.9990267116795072,8061318.496421305,81.23276573169231
Bayamon,2000-2004,2,5,5,1.0454744990335108e-4,2.5,5.226006581014495e-4,99137.0884216674,51.80910765142471,495555.91933920846,0.9993926673083767,7664618.698221376,77.31333268151738
Bayamon,2000-2004,2,10,5,1.3846972393606195e-4,2.5,6.921090293147527e-4,99085.27931401598,68.57781648541277,495254.95202886633,0.9985547313084725,7169062.778882168,72.35245062147267
Bayamon,2000-2004,2,15,5,4.402740669997105e-4,2.5,0.002198949983367787,99016.70149753056,217.73277411112213,494539.17555237503,0.9975474830308106,6673807.826853301,67.40082961680706
Bayamon,2000-2004,2,20,5,5.420621372660606e-4,2.5,0.0027066427649253748,98798.96872341944,267.4135138773272,493326.3098324039,0.9969321242806537,6179268.651300927,62.5438578068496
Bayamon,2000-2004,2,25,5,6.871963835720658e-4,2.5,0.003430089055874012,98531.55520954212,337.9720091825002,491812.84602475434,0.9959969768212688,5685942.341468522,57.70681615018167
Bayamon,2000-2004,2,30,5,9.176864078820076e-4,2.5,0.004577929280717139,98193.58320035962,449.5232797114586,489844.10780251946,0.9945305543617798,5194129.495443768,52.89683221810308
Bayamon,2000-2004,2,35,5,0.001277076749261933,2.5,0.006365062064384578,97744.05992064816,622.1470078198618,487164.9320836911,0.9923200706309735,4704285.387641249,48.12860639777335
Bayamon,2000-2004,2,40,5,0.001808786349758532,2.5,0.009003219497465423,97121.9129128283,874.4098999678972,483423.5398142218,0.988983164774242,4217120.455557558,43.42089574926959
Bayamon,2000-2004,2,45,5,0.0026268877298206254,2.5,0.013048744680873752,96247.5030128604,1255.9090929864615,478097.74233183585,0.984936770004627,3733696.915743336,38.79266265478541
Bayamon,2000-2004,2,50,5,0.003450378107330257,2.5,0.01710434935526247,94991.59391987394,1624.7694082187518,470896.0460788228,0.9786165526040873,3255599.1734115,34.27249758707724
Bayamon,2000-2004,2,55,5,0.005214504943183077,2.5,0.02573701029736942,93366.82451165518,2402.9829238891543,460826.66524855304,0.968928607174067,2784703.127332677,29.825402565608908
Bayamon,2000-2004,2,60,5,0.007445390851066183,2.5,0.03654669321704367,90963.84158776603,3324.4276123518357,446508.13890795055,0.9536960673251492,2323876.4620841243,25.54725505784563
Bayamon,2000-2004,2,65,5,0.01161395396118152,2.5,0.056431293688730524,87639.4139754142,4945.60550875483,425833.0561051839,0.930415845315371,1877368.3231761737,21.421507036809246
Bayamon,2000-2004,2,70,5,0.017432751166412394,2.5,0.0835236388026617,82693.80846665936,6906.887789585744,396201.8228593325,0.8899378512882675,1451535.2670709898,17.55313117131644
Bayamon,2000-2004,2,75,5,0.029880859972172248,2.5,0.13901926210023188,75786.92067707362,10535.841789375576,352594.99891192914,0.8207918729559779,1055333.4442116574,13.925007571008322
Bayamon,2000-2004,2,80,5,0.05092934301955336,2.5,0.2258861340826292,65251.078887698044,14739.313954662779,289407.1095518333,0.588172368414543,702738.4452997282,10.769759784496335
Bayamon,2000-2004,2,85,NA,0.12394143572569194,8.182872570298398,1,50511.764933035265,50511.764933035265,413331.33574789483,0,413331.33574789483,8.182872570298398
Bayamon,2005-2009,1,0,1,0.00966862863712349,0.12999673498605194,0.009587977081339016,100000,958.7977081338904,99165.84286343562,0.9900590968450481,7477353.378750488,74.77353378750489
Bayamon,2005-2009,1,1,4,3.2014314372405767e-4,1.6241114250539255,0.0012795992804133136,99041.20229186611,126.73305118395365,395863.70555908844,0.9986239547150219,7378187.535887052,74.49614266741384
Bayamon,2005-2009,1,5,5,1.812332133526513e-4,2.5,9.057556842303429e-4,98914.46924068216,89.5923427673697,494348.3653464924,0.9990294101233348,6982323.830327963,70.58950913782218
Bayamon,2005-2009,1,10,5,2.0720384726996454e-4,2.5,0.0010354828462759967,98824.87689791479,102.33146481311996,493868.5558275411,0.9974456614964505,6487975.464981471,65.65123750858291
Bayamon,2005-2009,1,15,5,8.166174716002602e-4,2.5,0.004074768540044982,98722.54543310167,402.27152232396475,492607.04835969844,0.9924357743476456,5994106.90915393,60.71669731425003
Bayamon,2005-2009,1,20,5,0.0022259100754339236,2.5,0.0110679596698108,98320.2739107777,1088.2048263692268,488880.85748796543,0.9884086759873707,5501499.860794232,55.95488745064579
Bayamon,2005-2009,1,25,5,0.0024388894879031203,2.5,0.012120545760408826,97232.06908440847,1178.5057427168067,483214.0810652504,0.9874321038578581,5012619.003306266,51.553145484899055
Bayamon,2005-2009,1,30,5,0.002621212090270648,2.5,0.01302073518015714,96053.56334169167,1250.6880113826192,477141.09668000176,0.9858969648723562,4529404.922241016,47.15499107647416
Bayamon,2005-2009,1,35,5,0.0030632024120064803,2.5,0.015199613329501167,94802.87533030905,1440.9670475455932,470411.95903268125,0.9831126002638011,4052263.825561014,42.744102554297534
Bayamon,2005-2009,1,40,5,0.0037551725829599687,2.5,0.018601235788197314,93361.90828276346,1736.6468696037336,462467.92423980794,0.9764427580515637,3581851.866528333,38.36523837623419
Bayamon,2005-2009,1,45,5,0.005804461295533752,2.5,0.028607183257685076,91625.26141315972,2621.1406442795706,451573.45545509964,0.9673438631341313,3119383.942288525,34.04502092738916
Bayamon,2005-2009,1,50,5,0.0075030128658678565,2.5,0.03682433076065388,89004.12076888015,3277.5171822544216,436826.8108887647,0.9573392634037368,2667810.4868334252,29.97401090856247
Bayamon,2005-2009,1,55,5,0.00998734945712263,2.5,0.048720281103049635,85726.60358662573,4176.624224750107,418191.4573712534,0.9407503002255708,2230983.675944661,26.024402957831846
Bayamon,2005-2009,1,60,5,0.014576163780507008,2.5,0.07031838805003851,81549.97936187562,5734.463094241,393413.73907377565,0.9199883016765605,1812792.2185734073,22.229217380046112
Bayamon,2005-2009,1,65,5,0.018944279527367332,2.5,0.09043818213123402,75815.51626763462,6856.617468585871,361936.0376667084,0.8900189275494121,1419378.4794996316,18.72147746760856
Bayamon,2005-2009,1,70,5,0.028143389626370818,2.5,0.13146712203559088,68958.89879904875,9065.8279638545,322129.92408560746,0.8337117013948193,1057442.4418329233,15.334387008040652
Bayamon,2005-2009,1,75,5,0.0460254183208709,2.5,0.20638024843579741,59893.07083519425,12360.7468385502,268563.4870795958,0.760014548005297,735312.5177473158,12.27708827571474
Bayamon,2005-2009,1,80,5,0.06574711314165797,2.5,0.2823296646893476,47532.32399664405,13419.785095877945,204112.1572435254,0.562693987919959,466749.03066772,9.819613084785717
Bayamon,2005-2009,1,85,NA,0.153392783384711,7.699130052682658,1,34112.53890076611,34112.53890076611,262636.8734241946,0,262636.8734241946,7.699130052682658
Bayamon,2005-2009,2,0,1,0.007309716519613863,0.1340065589287332,0.007263735861746086,100000,726.37358617461,99370.96523860538,0.992506168089596,8269997.161115465,82.69997161115465
Bayamon,2005-2009,2,1,4,2.151034948170108e-4,1.5121819017529392,8.599537850034953e-4,99273.62641382539,85.37073078559479,396882.1188061926,0.999121513397637,8170626.195876859,82.30409718103108
Bayamon,2005-2009,2,5,5,1.0015471270626761e-4,2.5,5.006482078377809e-4,99188.2556830398,49.65842244627129,495817.13235908333,0.9994537067636357,7773744.0770706665,78.37363429307588
Bayamon,2005-2009,2,10,5,1.1842727786032262e-4,2.5,5.919611284390127e-4,99138.59726059352,58.68619590625167,495546.270813202,0.9988844739152889,7277926.944711583,73.41163931925509
Bayamon,2005-2009,2,15,5,3.281492150331149e-4,2.5,0.0016394011546605088,99079.91106468727,162.43172060309735,494993.4760219286,0.9974788530831004,6782380.673898381,68.4536411167174
Bayamon,2005-2009,2,20,5,6.820290471561989e-4,2.5,0.0034043405878626566,98917.47934408417,336.74878978013294,493745.5247459705,0.9965301895720571,6287387.1978764525,63.561943142584475
Bayamon,2005-2009,2,25,5,7.083529745588005e-4,2.5,0.0035355039110141753,98580.73055430404,348.53255842538783,492032.32137545676,0.9960563796008542,5793641.673130482,58.77052889092768
Bayamon,2005-2009,2,30,5,8.725361364060237e-4,2.5,0.004353184904186717,98232.19799587865,427.6229214207269,490091.93267584144,0.9946137474206268,5301609.351755025,53.97017943116222
Bayamon,2005-2009,2,35,5,0.00128890727548041,2.5,0.006423837051621212,97804.57507445793,628.2806531813694,487452.1737393362,0.9926789856784067,4811517.419079184,49.195218274975474
Bayamon,2005-2009,2,40,5,0.001651589765483388,2.5,0.00822399217415133,97176.29442127656,799.1770848336164,483883.52939429873,0.9893177708301161,4324065.245339848,44.497120116499346
Bayamon,2005-2009,2,45,5,0.00264960559666356,2.5,0.013160850326612192,96377.11733644294,1268.404816175258,478714.57464177656,0.9857499241514,3840181.715945549,39.845368092301996
Bayamon,2005-2009,2,50,5,0.0030945219147771887,2.5,0.015353827683281873,95108.71252026768,1460.2827832149924,471892.8556433009,0.9808788235450631,3361467.1413037726,35.34341967448506
Bayamon,2005-2009,2,55,5,0.004642722992773831,2.5,0.022947270413938674,93648.42973705269,2148.9758410168724,462869.70908272127,0.9719153292735251,2889574.2856604713,30.855555120078964
Bayamon,2005-2009,2,60,5,0.006781604425092103,2.5,0.033342729126980074,91499.45389603582,3050.8415065221197,449870.1657138738,0.9582737113946305,2426704.57657775,26.52151978234797
Bayamon,2005-2009,2,65,5,0.01034037655341147,2.5,0.05039902063873808,88448.6123895137,4457.7234412868565,431098.7533443513,0.93443480317308,1976834.4108638763,22.350089588270873
Bayamon,2005-2009,2,70,5,0.017000332311481875,2.5,0.08153630102521518,83990.88894822684,6848.30640465804,402833.6787294891,0.896884990215409,1545735.6575195251,18.403611116347847
Bayamon,2005-2009,2,75,5,0.02703320031761409,2.5,0.1266093610403483,77142.5825435688,9766.973084843572,361295.48000573507,0.838091670037329,1142901.978790036,14.81544875872602
Bayamon,2005-2009,2,80,5,0.045019098764904585,2.5,0.20232434468475405,67375.60945872523,13631.726031472492,302798.7322149449,0.6125944030840155,781606.4987843009,11.600733634374299
Bayamon,2005-2009,2,85,NA,0.12170453871401071,8.909065293308515,1,53743.88342725274,53743.88342725274,478807.766569356,0,478807.766569356,8.909065293308515
Bayamon,2010-2014,1,0,1,0.008435610294094755,0.13245716143864864,0.008374324863530831,100000,837.4324863530783,99273.49144368577,0.9911927007826876,7632423.128174069,76.3242312817407
Bayamon,2010-2014,1,1,4,3.4824681661779804e-4,1.6277681591861817,0.001391837438682618,99162.56751364692,138.01817398139974,396322.85894765804,0.9986396991071588,7533149.636730384,75.9676743514498
Bayamon,2010-2014,1,5,5,1.6209130959792445e-4,2.5,8.101282611126571e-4,99024.54933966552,80.22258596400206,494922.1902334176,0.9991930035729825,7136826.777782726,72.07128762891507
Bayamon,2010-2014,1,10,5,1.608370561386991e-4,2.5,8.038620536778576e-4,98944.32675370152,79.53758970402123,494522.78979424754,0.9973729622705954,6641904.587549308,67.12769499238453
Bayamon,2010-2014,1,15,5,8.923221997085648e-4,2.5,0.00445168016594763,98864.7891639975,440.11442103194713,493223.65976740763,0.99294876091304,6147381.797755061,62.17968853964526
Bayamon,2010-2014,1,20,5,0.0019418659964915669,2.5,0.00966242215986785,98424.67474296555,951.0207583142328,489745.8218190422,0.9896408032070736,5654158.137987653,57.44655141359009
Bayamon,2010-2014,1,25,5,0.002224860488314196,2.5,0.011062769643890944,97473.65398465132,1078.3285803805193,484672.44847230526,0.9891299750479569,5164412.316168611,52.982648182880524
Bayamon,2010-2014,1,30,5,0.002146481803263711,2.5,0.010675124117155915,96395.3254042708,1029.032063004226,479404.04686384345,0.9881423049761668,4679739.867696306,48.54737351702502
Bayamon,2010-2014,1,35,5,0.002627755327540715,2.5,0.013053026239599485,95366.29334126657,1244.8187293569063,473719.4198829406,0.9855568218829356,4200335.820832462,44.04423904577727
Bayamon,2010-2014,1,40,5,0.0031956715730177836,2.5,0.01585171567219593,94121.47461190967,1491.986854195784,466877.40592405887,0.9804979569019862,3726616.400949522,39.593689073778854
Bayamon,2010-2014,1,45,5,0.004696741725743434,2.5,0.023211166493286677,92629.48775771388,2150.0384625321603,457772.342632239,0.9738562220619794,3259738.995025463,35.19115860331423
Bayamon,2010-2014,1,50,5,0.005915420899881263,2.5,0.029146076228231288,90479.44929518172,2637.120926245756,445804.44416029425,0.9621644805451103,2801966.6523932237,30.9679896840667
Bayamon,2010-2014,1,55,5,0.009581300358179676,2.5,0.04678582908839251,87842.32836893597,4109.776161795497,428937.20144019113,0.9427205316268928,2356162.2082329295,26.822629272041798
Bayamon,2010-2014,1,60,5,0.014140444112379911,2.5,0.06828815834535011,83732.55220714047,5717.941783781498,404367.9065762486,0.9249923197686629,1927225.0067927386,23.016436929153944
Bayamon,2010-2014,1,65,5,0.017148929392324232,2.5,0.08221969749415727,78014.61042335897,6414.337669133092,374037.20794396213,0.898088082524658,1522857.10021649,19.520152596449027
Bayamon,2010-2014,1,70,5,0.026295680855072705,2.5,0.12336827247382984,71600.27275422588,8833.201958343874,335918.3588752697,0.8508378109737152,1148819.8922725278,16.044909440721703
Bayamon,2010-2014,1,75,5,0.03921921936832216,2.5,0.17858608020262223,62767.070795882006,11209.325139237058,285812.0411313174,0.7816820714845804,812901.533397258,12.951082838337431
Bayamon,2010-2014,1,80,5,0.0615441415286377,2.5,0.26668799792281206,51557.74565664495,13749.8319665842,223414.14836676425,0.5761362128349133,527089.4922659406,10.223284310686449
Bayamon,2010-2014,1,85,NA,0.13377039715164116,8.032057690054689,1,37807.91369006075,37807.91369006075,303675.3438991764,0,303675.3438991764,8.032057690054689
Bayamon,2010-2014,2,0,1,0.007094891520995052,0.1344480823036445,0.007051587742094666,100000,705.1587742094707,99389.64847070258,0.9927460046694793,8401539.908953585,84.01539908953585
Bayamon,2010-2014,2,1,4,1.9849513674665998e-4,1.512527066743612,7.935887115444894e-4,99294.84122579053,78.7992651113891,396983.353864037,0.9991731143853696,8302150.260482881,83.61109356733134
Bayamon,2010-2014,2,5,5,9.488713349678676e-5,2.5,4.743231495738982e-4,99216.04196067914,47.060465511036455,495962.5586396181,0.9995055980048788,7905166.906618845,79.67629780828976
Bayamon,2010-2014,2,10,5,1.0292455065490192e-4,2.5,5.144903690493828e-4,99168.9814951681,51.02148588770069,495717.3537611213,0.9989661323879936,7409204.347979226,74.71292168449095
Bayamon,2010-2014,2,15,5,3.1094396904642426e-4,2.5,0.0015535122071030248,99117.9600092804,153.98096081755648,495204.8476443581,0.997966033612207,6913486.9942181045,69.75009366184287
Bayamon,2010-2014,2,20,5,5.036670278761343e-4,2.5,0.0025151681212500746,98963.97904846285,248.91104525476112,494197.61762917734,0.9971610950793249,6418282.146573747,64.85473005719285
Bayamon,2010-2014,2,25,5,6.336939372304565e-4,2.5,0.003163458025723323,98715.06800320809,312.28097413457,492794.637580704,0.9965012840278186,5924084.52894457,60.01195814150729
Bayamon,2010-2014,2,30,5,7.684811489121452e-4,2.5,0.0038350378588110742,98402.78702907352,377.37841366902285,491070.489111195,0.9956167998798302,5431289.891363866,55.19447218257312
Bayamon,2010-2014,2,35,5,9.891344734988716e-4,2.5,0.0049334726976959665,98025.40861540449,483.60567708458984,488918.028884311,0.9938603351319749,4940219.40225267,50.39733546671822
Bayamon,2010-2014,2,40,5,0.0014757923441188904,2.5,0.007351837257743986,97541.8029383199,717.1114610294608,485916.2360390259,0.9911774220500926,4451301.373368359,45.63480722396651
Bayamon,2010-2014,2,45,5,0.002071514937857672,2.5,0.010304211369849643,96824.69147729044,997.7020868024847,481629.202169446,0.9874075139537075,3965385.1373293335,40.95427598919215
Bayamon,2010-2014,2,50,5,0.003003298474796024,2.5,0.014904585079885402,95826.98939048796,1428.261516319806,475564.29316164023,0.9812533323901598,3483755.9351598877,36.35464243756879
Bayamon,2010-2014,2,55,5,0.0045812517733724405,2.5,0.022646881205156014,94398.72787416815,2137.83677608415,466649.04743063037,0.9723131932160226,3008191.6419982472,31.866866320572814
Bayamon,2010-2014,2,60,5,0.006678373784830291,2.5,0.03284351573788753,92260.891098084,3030.1720287714415,453729.0254184914,0.9603455648262551,2541542.594567617,27.547344972699896
Bayamon,2010-2014,2,65,5,0.00956259977764266,2.5,0.046696645557159425,89230.71906931256,4166.775261190167,435736.6571935874,0.943209530401237,2087813.5691491256,23.397923841982664
Bayamon,2010-2014,2,70,5,0.013945563141486747,2.5,0.06737872987767789,85063.94380812239,5731.5004921774525,410990.96781016834,0.9111555935349847,1652076.9119555382,19.421588489737864
Bayamon,2010-2014,2,75,5,0.02369759851964334,2.5,0.11186090552526311,79332.44331594494,8874.198946853197,374476.7192125917,0.8538439221044155,1241085.9441453698,15.644115979167445
Bayamon,2010-2014,2,80,5,0.04071567617757094,2.5,0.1847707189846634,70458.24436909174,13018.620470474198,319744.67066927324,0.6310393872231449,866609.2249327782,12.299614228153231
Bayamon,2010-2014,2,85,NA,0.12108287822026682,9.520684801640334,1,57439.623898617545,57439.623898617545,546864.5542635049,0,546864.5542635049,9.520684801640334
Bayamon,2015-2019,1,0,1,0.008733757765371384,0.13186222306708967,0.008668035807297227,100000,866.8035807297274,99247.49506638781,0.9909323784301499,7746860.988076315,77.46860988076315
Bayamon,2015-2019,1,1,4,3.340428252698885e-4,1.6268832081126134,0.001335112926838353,99133.19641927027,132.35401201815694,396218.6941486871,0.9987103369521317,7647613.493009928,77.14482907083308
Bayamon,2015-2019,1,5,5,1.4308611586004633e-4,2.5,7.151747503572572e-4,99000.84240725212,70.80290275377047,494827.20477937616,0.9992077168341704,7251394.79886124,73.24578884926794
Bayamon,2015-2019,1,10,5,1.7396497999691188e-4,2.5,8.694467667610896e-4,98930.03950449835,86.01440298272064,494435.16151503497,0.9978548614968368,6756567.594081864,68.2964206617409
Bayamon,2015-2019,1,15,5,6.855610446615532e-4,2.5,0.0034219403508036,98844.02510151562,338.23835793072067,493374.5296127513,0.9935852517704585,6262132.432566829,63.35367692822546
Bayamon,2015-2019,1,20,5,0.0018924780171650868,2.5,0.009417832483464684,98505.7867435849,927.7109982029797,490209.6562224171,0.990179619953289,5768757.902954077,58.562629604394914
Bayamon,2015-2019,1,25,5,0.002055863361048952,2.5,0.010226754779112734,97578.07574538192,997.9070524657145,485395.61109574535,0.9894194595907337,5278548.24673166,54.09563784087511
Bayamon,2015-2019,1,30,5,0.0021996260348040243,2.5,0.010937981501821094,96580.16869291621,1056.3920986058802,480259.86321806634,0.9877908885006307,4793152.635635915,49.62874574050599
Bayamon,2015-2019,1,35,5,0.002717193078200764,2.5,0.013494298852411457,95523.77659431033,1289.0263888746122,474396.3169993651,0.9851422525744391,4312892.772417849,45.14993990171382
Bayamon,2015-2019,1,40,5,0.0032745584544702742,2.5,0.016239846456071304,94234.75020543572,1530.3578741625242,467347.85634177225,0.9820084297576869,3838496.455418484,40.73334356010283
Bayamon,2015-2019,1,45,5,0.003993926654400268,2.5,0.019772211367013466,92704.3923312732,1832.9708398244693,458939.5345568048,0.9746091645659699,3371148.5990767116,36.36449702437106
Bayamon,2015-2019,1,50,5,0.00632295256730539,2.5,0.031122792977135712,90871.42149144872,2828.1724386163987,447286.6763607026,0.9614996703896194,2912209.064519907,32.04757905975923
Bayamon,2015-2019,1,55,5,0.009440647310017976,2.5,0.04611485142983257,88043.24905283233,4060.101349471108,430065.9918904839,0.9481611108205179,2464922.3881592043,27.996722232275552
Bayamon,2015-2019,1,60,5,0.011912435801127132,2.5,0.057839651177118145,83983.14770336122,4857.555967918815,407771.848597009,0.9314618618720977,2034856.3962687203,24.22934186101339
Bayamon,2015-2019,1,65,5,0.016643536450193976,2.5,0.07989341004541692,79125.5917354424,6321.613345605947,379823.92531319713,0.9071290367661752,1627084.5476717113,20.563316014266192
Bayamon,2015-2019,1,70,5,0.02260411475354564,2.5,0.10697536519126376,72803.97838983645,7788.23217562963,344549.3115101082,0.8647544536041077,1247260.6223585142,17.13176463626655
Bayamon,2015-2019,1,75,5,0.03641970697410203,2.5,0.16690221084018667,65015.746214206825,10851.271782575612,297950.5516145951,0.8014189901822233,902711.3108484059,13.884502807585267
Bayamon,2015-2019,1,80,5,0.05367067349281131,2.5,0.23660631655822362,54164.47443163121,12815.656783580343,238783.23019920522,0.6051608399630182,604760.7592338108,11.165265897616463
Bayamon,2015-2019,1,85,NA,0.12578667809655522,8.850979298844774,1,41348.81764805087,41348.81764805087,365977.52903460566,0,365977.52903460566,8.850979298844774
Bayamon,2015-2019,2,0,1,0.0047975663102156054,0.13916970588960317,0.004777834377800714,100000,477.7834377800609,99588.70954273471,0.9950287677034477,8524007.215946294,85.24007215946294
Bayamon,2015-2019,2,1,4,1.651143231315068e-4,1.5162264634673182,6.601865456754614e-4,99522.21656221994,65.70322837018466,397925.67430898914,0.9993342030725212,8424418.50640356,84.64862216103002
Bayamon,2015-2019,2,5,5,7.999174357296454e-5,2.5,3.998787503686733e-4,99456.51333384975,39.77054626795871,497183.14030357887,0.9995710632427877,8026492.832094572,80.70354130706065
Bayamon,2015-2019,2,10,5,9.162225946686452e-5,2.5,4.580063883839376e-4,99416.7427875818,45.53350330902322,496969.8801796364,0.9991159095379665,7529309.691790992,75.73482575141743
Bayamon,2015-2019,2,15,5,2.622457743343933e-4,2.5,0.0013103697743316316,99371.20928427277,130.2130290849018,496530.51384865167,0.9981244077502048,7032339.811611356,70.76838313896162
Bayamon,2015-2019,2,20,5,4.889081178603334e-4,2.5,0.0024415563475053944,99240.99625518787,242.30248433961242,495599.22506509034,0.9974327308009638,6535809.297762704,65.85795734009514
Bayamon,2015-2019,2,25,5,5.393843064705208e-4,2.5,0.0026932897368105698,98998.69377084826,266.6321658906818,494326.88843951456,0.996474341884506,6040210.072697614,61.01302797670095
Bayamon,2015-2019,2,30,5,8.73960224685863e-4,2.5,0.0043602743575363034,98732.06160495758,430.4988764827867,492584.0608335809,0.9951325132750968,5545883.1842581,56.17104610301814
Bayamon,2015-2019,2,35,5,0.0010782829934316467,2.5,0.0053769203626979,98301.56272847479,528.5596743197675,490186.41445657454,0.9938263659207615,5053299.123424519,51.406091451288205
Bayamon,2015-2019,2,40,5,0.0013998125688433033,2.5,0.00697465482051377,97773.00305415502,681.9329470677621,487160.1829031057,0.9920754782727308,4563112.708967944,46.670477191341895
Bayamon,2015-2019,2,45,5,0.0017841345349510348,2.5,0.008881060159411714,97091.07010708726,862.2716345626977,483299.6714490296,0.9884508761366703,4075952.5260648383,41.98071482340486
Bayamon,2015-2019,2,50,5,0.0028686453508578505,2.5,0.014241095125978596,96228.79847252456,1370.4034729058476,477717.98368035816,0.9822446624731012,3592652.854615809,37.33448730154924
Bayamon,2015-2019,2,55,5,0.004310015438763077,2.5,0.021320349603933433,94858.39499961871,2022.414144259892,469235.93963744387,0.974570649807202,3114934.870935451,32.837735352237104
Bayamon,2015-2019,2,60,5,0.006014673886922183,2.5,0.02962786457613259,92835.98085535882,2750.5318685749953,457303.57460535667,0.9627516748454822,2645698.931298007,28.498637133161584
Bayamon,2015-2019,2,65,5,0.009228398565300751,2.5,0.045101457267649386,90085.44898678383,4062.985027914445,440269.78236413305,0.9451752741698807,2188395.3566926504,24.292439914615994
Bayamon,2015-2019,2,70,5,0.013438239566626724,2.5,0.06500724064959702,86022.46395886938,5592.083015845506,416132.11225473316,0.9163564606666407,1748125.574328517,20.321733345889307
Bayamon,2015-2019,2,75,5,0.021846494269438823,2.5,0.10357556393717561,80430.38094302388,8330.622063855553,381325.34955548047,0.866546279984581,1331993.4620737839,16.56082498250699
Bayamon,2015-2019,2,80,5,0.03639158630660773,2.5,0.16678408772546352,72099.75887916832,12025.092509887982,330436.0631211216,0.652417012025572,950668.1125183034,13.185454810071198
Bayamon,2015-2019,2,85,NA,0.10092651992205151,10.324352790985161,1,60074.66636928034,60074.66636928034,620232.0493971818,0,620232.0493971818,10.324352790985161
Bayamon,2020-2024,1,0,1,0.010946731010699215,0.12744634560470025,0.010843161360620815,100000,1084.316136062087,99053.87599295923,0.9888680754376941,7634539.174010425,76.34539174010425
Bayamon,2020-2024,1,1,4,3.003309519259478e-4,1.6203295548204495,0.0012004658483391669,98915.68386393791,118.74490034377959,395380.1617258878,0.9987111064378933,7535485.2980174655,76.18089471415672
Bayamon,2020-2024,1,5,5,1.5223262734423722e-4,2.5,7.608735622675341e-4,98796.93896359413,75.17197889034287,493796.7648707448,0.9991936736771783,7140105.1362915775,72.27050970600058
Bayamon,2020-2024,1,10,5,1.704353282760295e-4,2.5,8.518136935139372e-4,98721.76698470379,84.09255296546326,493398.6035411053,0.9981811147111223,6646308.371420833,67.32363666516048
Bayamon,2020-2024,1,15,5,5.581339689403647e-4,2.5,0.0027867813513613128,98637.67443173833,274.88163164802245,492501.16807957157,0.9954454158983626,6152909.767879727,62.378901401794664
Bayamon,2020-2024,1,20,5,0.0012694816325756458,2.5,0.0063273270990394075,98362.7928000903,622.3735644212138,490258.0300893985,0.9914759392929794,5660408.599800156,57.54623713566376
Bayamon,2020-2024,1,25,5,0.0021585421949409647,2.5,0.01073478227347781,97740.41923566909,1049.2221198133338,486079.04087881214,0.9883049331875442,5170150.569710758,52.896750496277576
Bayamon,2020-2024,1,30,5,0.002549298749238617,2.5,0.012665771656587384,96691.19711585576,1224.6686238715047,480394.3140196,0.9860243866852169,4684071.528831946,48.44361915614173
Bayamon,2020-2024,1,35,5,0.0030840480395192237,2.5,0.015302257951011035,95466.52849198425,1460.8534446718986,473680.50884824153,0.982461599871209,4203677.214812346,44.032995451021385
Bayamon,2020-2024,1,40,5,0.004001491775874479,2.5,0.01980929208100233,94005.67504731235,1862.1858742840122,465372.9105508517,0.9775823510982622,3729996.705964104,39.67842052181237
Bayamon,2020-2024,1,45,5,0.005079436815979818,2.5,0.025078719650177224,92143.48917302834,2310.8407325595035,454940.3440337429,0.971597621862178,3264623.795413252,35.429782665196186
Bayamon,2020-2024,1,50,5,0.006465139784008315,2.5,0.031811533886737874,89832.64844046884,2857.7143399993947,442018.9563523457,0.9614248716410047,2809683.451379509,31.27686314671505
Bayamon,2020-2024,1,55,5,0.009324609570676132,2.5,0.045560952616342,86974.93410046944,3962.6608513609535,424968.0183739448,0.9449870189240537,2367664.4950271635,27.222377567911078
Bayamon,2020-2024,1,60,5,0.013418790529144325,2.5,0.0649162100830942,83012.27324910849,5388.842169714349,401589.26082125655,0.927574003947392,1942696.4766532187,23.40252110460163
Bayamon,2020-2024,1,65,5,0.01676589450083479,2.5,0.08045713299508583,77623.43107939414,6245.358717889685,372503.75860224647,0.8987413567449652,1541107.2158319622,19.853634326672573
Bayamon,2020-2024,1,70,5,0.026412006772617135,2.5,0.12388022078703452,71378.07236150446,8842.331363496109,334784.533398782,0.8521467898280548,1168603.4572297158,16.37202320778791
Bayamon,2020-2024,1,75,5,0.03840802745119183,2.5,0.1752158949939292,62535.74099800835,10957.255828074587,285285.5654198553,0.7890556238557123,833818.9238309338,13.333477952351911
Bayamon,2020-2024,1,80,5,0.0582591665488583,2.5,0.2542629621033314,51578.48516993376,13114.498420110103,225106.17979939355,0.5896217133421886,548533.3584110785,10.634925717648464
Bayamon,2020-2024,1,85,NA,0.12249145607346738,8.408571392126108,1,38463.986749823656,38463.986749823656,323427.1786116849,0,323427.1786116849,8.408571392126108
Bayamon,2020-2024,2,0,1,0.005201241508029529,0.13834004436579214,0.005178035100213774,100000,517.8035100213747,99553.82945052774,0.9945769226674976,8551517.191925492,85.51517191925493
Bayamon,2020-2024,2,1,4,1.9648403769431303e-4,1.5155753368919522,7.855526834004801e-4,99482.19648997863,78.1485064032895,397734.6318832211,0.9992450190125711,8451963.362474965,84.95955719399879
Bayamon,2020-2024,2,5,5,8.631041153570422e-5,2.5,4.3145895917770256e-4,99404.04798357534,42.88876708103635,496913.0180001741,0.9995282890487983,8054228.730591744,81.02515837104094
Bayamon,2020-2024,2,10,5,1.0242228265739093e-4,2.5,5.119803178048915e-4,99361.1592164943,50.87095787312137,496678.6186877887,0.9991014340526199,7557315.71259157,76.05905337844558
Bayamon,2020-2024,2,15,5,2.572352391209504e-4,2.5,0.0012853496025738219,99310.28825862118,127.64843954471871,496232.3201942441,0.9981940501896925,7060637.093903781,71.09673345743052
Bayamon,2020-2024,2,20,5,4.659862327506491e-4,2.5,0.002327220032513913,99182.63981907646,230.8198262645601,495336.1495297209,0.997058774847634,6564404.773709537,66.18501771765669
Bayamon,2020-2024,2,25,5,7.1259974448781e-4,2.5,0.003556662530413046,98951.8199928119,351.9382304846222,493879.25438784796,0.9964334396543622,6069068.624179816,61.33357248629371
Bayamon,2020-2024,2,30,5,7.165801200077935e-4,2.5,0.003576493489703819,98599.88176232728,352.6418352085311,492117.8042236151,0.994882241211424,5575189.369791968,56.54357054129976
Bayamon,2020-2024,2,35,5,0.001337367720829393,2.5,0.00666455619831377,98247.23992711875,654.7742518235027,489599.26400603494,0.9925690434366297,5083071.565568353,51.73755078859264
Bayamon,2020-2024,2,40,5,0.0016472555892512676,2.5,0.0082024989157941635,97592.46567529524,800.5020938912785,485961.073141748,0.9912835091249899,4593472.301562319,47.06789883601762
Bayamon,2020-2024,2,45,5,0.0018555143345181044,2.5,0.00923473372060542,96791.96358140396,893.8480099688022,481725.19788209785,0.9872062757947377,4107511.22842057,42.43649034938806
Bayamon,2020-2024,2,50,5,0.003304248997972304,2.5,0.016385887360134986,95898.11557143516,1571.3757198027452,475562.1385576689,0.98191275967328,3625786.0305384723,37.80873074442844
Bayamon,2020-2024,2,55,5,0.004003051283317257,2.5,0.01981693588997187,94326.73985163242,1869.266956349864,466960.5318672874,0.9736007697608023,3150223.8919808036,33.396933859219835
Bayamon,2020-2024,2,60,5,0.006734424433510511,2.5,0.03311460269383418,92457.47289528255,3061.6924810032215,454633.1332739047,0.9628667840198056,2683263.360113516,29.02159529227652
Bayamon,2020-2024,2,65,5,0.008431968049279268,2.5,0.041289461691999145,89395.78041427933,3691.1036508417455,437751.1429442923,0.9473222742495735,2228630.2268396113,24.9299264071711
Bayamon,2020-2024,2,70,5,0.013341945602306803,2.5,0.06455645619447312,85704.67676343759,5532.790211140338,414691.4082893371,0.919512620467188,1790879.083895319,20.895931838568284
Bayamon,2020-2024,2,75,5,0.020503259869602428,2.5,0.09751772138917765,80171.88655229725,7818.179696051695,381313.98352135695,0.8731957374248895,1376187.6756059818,17.16546453859827
Bayamon,2020-2024,2,80,5,0.03460672546290472,2.5,0.15925536092910061,72353.70685624555,11522.715699949724,332961.74503135344,0.6653225955410715,994873.6920846249,13.750141289391971
Bayamon,2020-2024,2,85,NA,0.09994238684618174,10.881163276669142,1,60830.99115629583,60830.99115629583,661911.9470532715,0,661911.9470532715,10.881163276669142
Cabo Rojo,1980-1984,1,0,1,0.01682273684770871,0.11572106975723967,0.01657615017457361,100000,1657.6150174573559,98534.20596560847,0.9828401565215189,7263171.151271547,72.63171151271547
Cabo Rojo,1980-1984,1,1,4,5.135973070527433e-4,1.6030560595240098,0.002051863253323353,98342.38498254264,201.7851259898598,392885.872295151,0.9980318264274339,7164636.945305939,72.85400843774306
Cabo Rojo,1980-1984,1,5,5,2.0399189741382353e-4,2.5,0.0010194395935266619,98140.59985655278,100.04841322623543,490452.8782496983,0.9988774067694312,6771751.073010788,69.00050624215379
Cabo Rojo,1980-1984,1,10,5,2.453207902721623e-4,2.5,0.0012258521338252444,98040.55144332655,120.18321918819856,489902.2991686622,0.9970865943572453,6281298.19476109,64.06836867285539
Cabo Rojo,1980-1984,1,15,5,9.227297528985692e-4,2.5,0.0046030303817759435,97920.36822413835,450.73042993039417,488475.0150458658,0.9937891855974854,5791395.895592428,59.14393502213966
Cabo Rojo,1980-1984,1,20,5,0.001571355404887394,2.5,0.007826033325026696,97469.63779420796,762.8006335557584,485441.1873871504,0.9906873330262858,5302920.880546561,54.40587449132475
Cabo Rojo,1980-1984,1,25,5,0.0021739567195426484,2.5,0.010811026836621667,96706.8371606522,1045.500211828621,480920.43527368945,0.9886175335727075,4817479.693159412,49.81529573918827
Cabo Rojo,1980-1984,1,30,5,0.0024064208559774628,2.5,0.011960151385550222,95661.33694882358,1144.1240716520406,475446.3745649878,0.9862539418959295,4336559.2578857215,45.33241324241237
Cabo Rojo,1980-1984,1,35,5,0.0031350976196929644,2.5,0.015553583095116829,94517.21287717154,1470.0813244039455,468910.8610748478,0.9840111703122871,3861112.883320734,40.85089652758156
Cabo Rojo,1980-1984,1,40,5,0.0033134118328732383,2.5,0.01643095288012026,93047.13155276759,1528.853034173866,461413.5251784033,0.9791465522761778,3392202.0222458863,36.45681458027696
Cabo Rojo,1980-1984,1,45,5,0.005135050769435248,2.5,0.02534982228608818,91518.27851859372,2319.972096375088,451791.4623520309,0.9687667312902886,2930788.497067483,32.02407808044637
Cabo Rojo,1980-1984,1,50,5,0.007595488652514914,2.5,0.03726973857156821,89198.30642221864,3324.397561382706,437680.53820763645,0.9558594852818195,2478997.034715452,27.791974244232428
Cabo Rojo,1980-1984,1,55,5,0.010525309828139652,2.5,0.05127727609557577,85873.90886083593,4403.380134063409,418361.0939690211,0.9326819666088444,2041316.4965078156,23.77109093538408
Cabo Rojo,1980-1984,1,60,5,0.017585741030201937,2.5,0.08422577354685128,81470.52872677252,6861.918303283368,390197.8478756542,0.9018941820769409,1622955.4025387946,19.920766784044023
Cabo Rojo,1980-1984,1,65,5,0.024012336002821894,2.5,0.1132624405657013,74608.61042348915,8450.353303780008,351917.16885799577,0.8594093764837205,1232757.5546631403,16.522993092430376
Cabo Rojo,1980-1984,1,70,5,0.03749541753376515,2.5,0.1714094183894912,66158.25711970915,11340.148374551769,302440.9146621663,0.7984941881314834,880840.3858051446,13.314141335545163
Cabo Rojo,1980-1984,1,75,5,0.05398524855204497,2.5,0.23782820575878733,54818.10874515738,13037.292445950858,241497.31261090975,0.7095886535397632,578399.4711429782,10.551248198508379
Cabo Rojo,1980-1984,1,80,5,0.08762723265355235,2.5,0.3594025386018973,41780.81629920652,15016.13144279435,171363.75288904674,0.49135454152118385,336902.1585320685,8.06356094431948
Cabo Rojo,1980-1984,1,85,NA,0.1374433879557973,6.184956278435789,1,26764.68485641217,26764.68485641217,165538.40564302172,0,165538.40564302172,6.184956278435789
Cabo Rojo,1980-1984,2,0,1,0.01051641647653466,0.1274159247082726,0.010420790534592382,100000,1042.079053459238,99090.69841275639,0.9893410342853162,7771709.423012841,77.71709423012841
Cabo Rojo,1980-1984,2,1,4,2.5539913175221966e-4,1.5070453738002183,0.0010209464919629459,98957.92094654076,101.03074224230659,395579.8187299017,0.9989263422238104,7672618.724600084,77.53415442857779
Cabo Rojo,1980-1984,2,5,5,1.1740874999588565e-4,2.5,5.868714903592e-4,98856.89020429846,58.0162904864701,494139.4102952761,0.9993169544708886,7277038.905870182,73.61185336531824
Cabo Rojo,1980-1984,2,10,5,1.5591595934761398e-4,2.5,7.792760428085421e-4,98798.87391381199,76.99159549750038,493801.8905803162,0.998491160618145,6782899.4955749065,68.65361139127987
Cabo Rojo,1980-1984,2,15,5,4.4829620035620666e-4,2.5,0.0022389716955215147,98721.88231831449,221.03550023931894,493056.82284097414,0.9967023553415318,6289097.60499459,63.70520352029251
Cabo Rojo,1980-1984,2,20,5,8.736426259699646e-4,2.5,0.004358693279244132,98500.84681807517,429.3349790258071,491430.8966428113,0.9952337051562177,5796040.782153617,58.84254774843243
Cabo Rojo,1980-1984,2,25,5,0.0010378218766021424,2.5,0.005175680796119407,98071.51183904936,507.5868404717621,489088.59209406737,0.9945680824769401,5304609.885510805,54.08920272603217
Cabo Rojo,1980-1984,2,30,5,0.0011411437312519408,2.5,0.005689487349203253,97563.9249985776,555.0887170180213,486431.9032003429,0.9933070322875743,4815521.293416738,49.35760111626243
Cabo Rojo,1980-1984,2,35,5,0.0015463933142412913,2.5,0.007702190033275274,97008.83628155958,747.1804919474671,483176.2301779292,0.9914612089074872,4329089.390216394,44.62572231720825
Cabo Rojo,1980-1984,2,40,5,0.0018852206278684544,2.5,0.009381885827615951,96261.65578961211,903.1158641953953,479050.48928757204,0.9880775647940095,3845913.1600384656,39.95270108841708
Cabo Rojo,1980-1984,2,45,5,0.0029185496739104417,2.5,0.01448704546500765,95358.53992541671,1381.4635033762606,473339.0408686429,0.9823789691707249,3366862.6707508937,35.30740585357364
Cabo Rojo,1980-1984,2,50,5,0.004203940421572535,2.5,0.02080108579440345,93977.07642204045,1954.8252293620753,464998.31903679704,0.9758490775841395,2893523.6298822504,30.78967488717953
Cabo Rojo,1980-1984,2,55,5,0.005591467646083061,2.5,0.027571919490979754,92022.25119267838,2537.230101263238,453768.1807102338,0.9605208068154899,2428525.3108454533,26.39063138936418
Cabo Rojo,1980-1984,2,60,5,0.010619457231268824,2.5,0.05172408196569087,89485.02109141514,4628.530565633933,435853.7790429908,0.9354616501305446,1974757.1301352198,22.06801882650135
Cabo Rojo,1980-1984,2,65,5,0.016244260482931348,2.5,0.07805157704317446,84856.4905257812,6623.182907886425,407724.49535919,0.8915506782506517,1538903.351092229,18.135364090088988
Cabo Rojo,1980-1984,2,70,5,0.03043625996679358,2.5,0.14142052051628554,78233.30761789478,11063.795085033358,363507.0503768905,0.834855501126784,1131178.8557330389,14.459044238010684
Cabo Rojo,1980-1984,2,75,5,0.04266791023646042,2.5,0.19277616131545858,67169.51253286142,12948.680783515614,303475.86070551805,0.7518190269916473,767671.8053561484,11.428872659758836
Cabo Rojo,1980-1984,2,80,5,0.07529003248744538,2.5,0.31681721618866115,54220.83174934581,17178.09297426151,228158.92631107525,0.5084857398252468,464195.9446506303,8.561210325886064
Cabo Rojo,1980-1984,2,85,NA,0.1338633311345381,6.372018542492824,1,37042.7387750843,37042.7387750843,236037.01833955504,0,236037.01833955504,6.372018542492824
Cabo Rojo,1985-1989,1,0,1,0.01548867517629884,0.11838312311945448,0.01528002524830996,100000,1528.0025248309976,98652.88718619291,0.9842755458919606,7291414.514733742,72.91414514733742
Cabo Rojo,1985-1989,1,1,4,4.280943334785208e-4,1.6069612839268421,0.0017106248905500736,98471.997475169,168.4486499032064,393484.8857597874,0.9982415281085208,7192761.627547549,73.04372625691174
Cabo Rojo,1985-1989,1,5,5,1.9979273375597724e-4,2.5,9.984649536732514e-4,98303.5488252658,98.15264832373941,491272.36250551965,0.9988176775641557,6799276.741787761,69.16613716431999
Cabo Rojo,1985-1989,1,10,5,2.734595579523823e-4,2.5,0.0013663636767443,98205.39617694206,134.1842861964542,490691.5201692192,0.9970895299026828,6308004.379282242,64.2327674939243
Cabo Rojo,1985-1989,1,15,5,8.933284868224773e-4,2.5,0.0044566892155295185,98071.2118907456,437.0729123873898,489263.37717275956,0.9936692274862394,5817312.859113023,59.31723231475605
Cabo Rojo,1985-1989,1,20,5,0.0016494226381831218,2.5,0.008213245408640695,97634.13897835821,801.8931436905987,486165.96203256457,0.9907861458816803,5328049.481940263,54.57158262153865
Cabo Rojo,1985-1989,1,25,5,0.002055053976691232,2.5,0.010222749130323689,96832.24583466761,989.8917568936304,481686.499781104,0.9886181902567045,4841883.519907698,50.00280101088206
Cabo Rojo,1985-1989,1,30,5,0.0025264252117174184,2.5,0.012552841520347842,95842.35407777398,1203.0938816753624,476204.0356846815,0.9841830029486361,4360197.020126594,45.493425762355436
Cabo Rojo,1985-1989,1,35,5,0.003861450154536399,2.5,0.019122647893523022,94639.26019609862,1809.7532496335043,468671.91785640933,0.9786393415206213,3883992.9844419127,41.039976183182645
Cabo Rojo,1985-1989,1,40,5,0.004785024511623348,2.5,0.02364230009445889,92829.50694646512,2194.7030608489877,458660.7770802031,0.9744459690236223,3415321.0665855035,36.79133046085361
Cabo Rojo,1985-1989,1,45,5,0.005579157851486665,2.5,0.027512054026847303,90634.80388561613,2493.5496212137805,446940.1453750462,0.9676860446430441,2956660.2895053006,32.62168794712344
Cabo Rojo,1985-1989,1,50,5,0.0075917435535671415,2.5,0.03725170430283462,88141.25426440235,3283.411940738486,432497.74147016555,0.9538846009609594,2509720.144130254,28.473841960561437
Cabo Rojo,1985-1989,1,55,5,0.011379171076998366,2.5,0.05532205749361342,84857.84232366386,4694.510431813716,412552.93553878507,0.930535478908697,2077222.4026600888,24.478850107184787
Cabo Rojo,1985-1989,1,60,5,0.01763139367750278,2.5,0.08443519306461832,80163.33189185015,6768.606404991428,383895.1434467722,0.9028644944522606,1664669.4671213038,20.765971521332727
Cabo Rojo,1985-1989,1,65,5,0.023506083883017434,2.5,0.11100706590798531,73394.72548685872,8147.333129418228,346605.294610748,0.8586985752712121,1280774.3236745314,17.4504954569774
Cabo Rojo,1985-1989,1,70,5,0.03844711865053507,2.5,0.17537858964095235,65247.39235744049,11442.995649397766,297629.47266370803,0.7972024946082061,934169.0290637835,14.317338905226846
Cabo Rojo,1985-1989,1,75,5,0.053527032083804583,2.5,0.23604781323779456,53804.396708042725,12700.410185512272,237270.95807643293,0.7368442596523921,636539.5564000754,11.830623431280385
Cabo Rojo,1985-1989,1,80,5,0.07021193878831988,2.5,0.2986395410088807,41103.98652253045,12275.275668723716,174831.74344084298,0.5621199759387879,399268.5983236425,9.713622256682822
Cabo Rojo,1985-1989,1,85,NA,0.14937291816911485,7.785185262738287,1,28828.710853806737,28828.710853806737,224436.85488279953,0,224436.85488279953,7.785185262738287
Cabo Rojo,1985-1989,2,0,1,0.007432338893513275,0.13375453684232896,0.007384793893055906,100000,738.4793893055903,99360.29557937858,0.992298397953189,7898568.060138411,78.9856806013841
Cabo Rojo,1985-1989,2,1,4,2.605091952617265e-4,1.511984940335998,0.001041361821548147,99261.52061069441,103.36715791279858,396788.90339721594,0.9989922110026167,7799207.764559032,78.57231801986669
Cabo Rojo,1985-1989,2,5,5,1.142598396685268e-4,2.5,5.71136053557863e-4,99158.15345278161,56.63279644110298,495649.18527280533,0.9993004407717712,7402418.861161816,74.65264936268497
Cabo Rojo,1985-1989,2,10,5,1.6567975442412252e-4,2.5,8.280557919199757e-4,99101.52065634051,82.0615881675476,495302.44931128365,0.9983658092794317,6906769.675889011,69.69388189147949
Cabo Rojo,1985-1989,2,15,5,4.887953185771013e-4,2.5,0.0024409937271192765,99019.45906817296,241.70587844816328,494493.0306447444,0.9966915678518695,6411467.226577727,64.74956828600283
Cabo Rojo,1985-1989,2,20,5,8.373478492186191e-4,2.5,0.004177993162122213,98777.7531897248,412.6927773964708,492857.03400513285,0.9955532475813058,5916974.1959329825,59.90189091027519
Cabo Rojo,1985-1989,2,25,5,9.455577796025448e-4,2.5,0.004716639260646516,98365.06041232833,463.9525058166473,490665.42079710006,0.9946249325505965,5424117.16192785,55.14272180783445
Cabo Rojo,1985-1989,2,30,5,0.0012109782901481541,2.5,0.006036615923666963,97901.10790651168,590.9913869330921,488028.0610652257,0.993375449001015,4933451.74113075,50.392195212354814
Cabo Rojo,1985-1989,2,35,5,0.0014484373565833467,2.5,0.007216056767443754,97310.11651957859,702.1953248518403,484795.09428576333,0.9920514859425721,4445423.680065524,45.68305782648112
Cabo Rojo,1985-1989,2,40,5,0.001744837128834333,2.5,0.008686295218150054,96607.92119472675,839.1649239091639,480941.69366386085,0.9891735505338685,3960628.585779761,40.996934172680945
Cabo Rojo,1985-1989,2,45,5,0.00261404346711729,2.5,0.012985356618991294,95768.75627081758,1243.5914531338203,475734.80272125336,0.9833771972747116,3479686.8921159,36.33426001979125
Cabo Rojo,1985-1989,2,50,5,0.004103285732250794,2.5,0.02030810378002981,94525.16481768376,1919.6268569419335,467826.756946064,0.975959314674792,3003952.0893946467,31.77939012524914
Cabo Rojo,1985-1989,2,55,5,0.0056487891605085895,2.5,0.027850639821697862,92605.53796074183,2579.1234832392074,456579.88109561114,0.9633323161471,2536125.3324485826,27.38632470904407
Cabo Rojo,1985-1989,2,60,5,0.00936155076445527,2.5,0.04573732314123396,90026.41447750262,4117.567210204201,439838.1543620026,0.9431452538902539,2079545.4513529716,23.099281065699277
Cabo Rojo,1985-1989,2,65,5,0.014186942705010074,2.5,0.06850502148791407,85908.84726729842,5885.187428048186,414831.26776637166,0.9026852032028091,1639707.296990969,19.086594095357288
Cabo Rojo,1985-1989,2,70,5,0.027405983753904642,2.5,0.12824333208065092,80023.65983925023,10262.500783074021,374462.0472385661,0.8549007870214372,1224876.0292245972,15.306423521307337
Cabo Rojo,1985-1989,2,75,5,0.03583304858596684,2.5,0.16443474721444337,69761.15905617621,11471.158554788919,320127.8988939088,0.7786679285275194,850413.9819860312,12.190364860498127
Cabo Rojo,1985-1989,2,80,5,0.06767940231297562,2.5,0.28942648309186775,58290.000501387294,16870.669844539727,249273.32789558714,0.5299267021264014,530286.0830921223,9.097376540243838
Cabo Rojo,1985-1989,2,85,NA,0.12280570635601809,6.784579826378179,1,41419.33065684757,41419.33065684757,281012.75519653526,0,281012.75519653526,6.784579826378179
Cabo Rojo,1990-1994,1,0,1,0.012527047095034893,0.12429290387421263,0.012391116251935341,100000,1239.111625193531,98914.90115692606,0.9868508102415967,7269704.825857016,72.69704825857016
Cabo Rojo,1990-1994,1,1,4,5.666851440429139e-4,1.615665566732919,0.0022636819640257473,98760.88837480647,223.56324176520866,394510.50396387227,0.9979639951846927,7170789.924700091,72.60758831457952
Cabo Rojo,1990-1994,1,5,5,2.1594299133790434e-4,2.5,0.001079132379004592,98537.32513304126,106.33481809156365,492420.7886199774,0.9988117457977702,6776279.420736218,68.76865605583619
Cabo Rojo,1990-1994,1,10,5,2.596672402433965e-4,2.5,0.0012974939095601623,98430.9903149497,127.71361044562946,491835.6675486344,0.9970763773120711,6283858.63211624,63.8402459632863
Cabo Rojo,1990-1994,1,15,5,9.124494929674072e-4,2.5,0.004551864099612666,98303.27670450407,447.4631561055139,490397.72563225654,0.993864951648528,5792022.964567606,58.919937958713305
Cabo Rojo,1990-1994,1,20,5,0.0015510858342116104,2.5,0.007725471995620538,97855.81354839855,755.9823471768177,487389.1118740507,0.9911005657498009,5301625.2389353495,54.17792818526021
Cabo Rojo,1990-1994,1,25,5,0.0020267245679034063,2.5,0.010082536528295332,97099.83120122174,979.0125949776411,483051.6245186646,0.9871036784073451,4814236.127061299,49.58027287487936
Cabo Rojo,1990-1994,1,30,5,0.003172720492959264,2.5,0.015738765703592145,96120.8186062441,1512.8230432811542,476822.0354230176,0.9853494093248889,4331184.5025426345,45.05979625792821
Cabo Rojo,1990-1994,1,35,5,0.002727474895353694,2.5,0.013545015254111541,94607.99556296294,1281.4667430612462,469836.3109571616,0.9816395467499169,3854362.467119617,40.74034593148615
Cabo Rojo,1990-1994,1,40,5,0.004703056656554725,2.5,0.023242012034250116,93326.5288199017,2169.0963059469505,461209.90333464113,0.9729314434046318,3384526.156162455,36.26542419351947
Cabo Rojo,1990-1994,1,45,5,0.006294755938980837,2.5,0.030986154002569558,91157.43251395474,2824.6182423562423,448725.6169638831,0.966579460241417,2923316.2528278143,32.06887438805718
Cabo Rojo,1990-1994,1,50,5,0.007318032562667624,2.5,0.035932769863517955,88332.8142715985,3174.0426866182097,433728.964641447,0.953692752395798,2474590.635863931,28.01439823093672
Cabo Rojo,1990-1994,1,55,5,0.011748926948291386,2.5,0.05706840348252734,85158.77158498029,4859.875136888048,413644.17008268135,0.9308422949470946,2040861.671222484,23.96537236549848
Cabo Rojo,1990-1994,1,60,5,0.01709651050372102,2.5,0.08197867914585921,80298.89644809224,6582.797467684708,385037.4885712494,0.9046426429986985,1627217.5011398026,20.264506401924063
Cabo Rojo,1990-1994,1,65,5,0.02326491290199986,2.5,0.109930741683691,73716.09898040754,8103.665434944589,348321.3313146762,0.8637597521403902,1242180.0125685532,16.850864733071443
Cabo Rojo,1990-1994,1,70,5,0.03615726035446004,2.5,0.16579919052625855,65612.43354546295,10878.488370295694,300865.9468015755,0.8053991671906726,893858.681253877,13.62331242651625
Cabo Rojo,1990-1994,1,75,5,0.05175455161527717,2.5,0.22912686294017615,54733.94517516725,12541.017154325658,242317.18299002212,0.7196304800721672,592992.7344523015,10.834094501218996
Cabo Rojo,1990-1994,1,80,5,0.0839225936480615,2.5,0.34684304783295655,42192.928020841595,14634.32375174525,174378.83072484483,0.5027345647630587,350675.5514622794,8.311240008966903
Cabo Rojo,1990-1994,1,85,NA,0.14852635437664927,6.397157091701126,1,27558.604269096344,27558.604269096344,176296.7207374346,0,176296.7207374346,6.397157091701126
Cabo Rojo,1990-1994,2,0,1,0.007081287127651965,0.13447604300515073,0.007038150138960427,100000,703.8150138960482,99390.83124418031,0.9926713998624609,8007819.010058785,80.07819010058785
Cabo Rojo,1990-1994,2,1,4,2.4293689296931982e-4,1.5125489297239114,9.711607056448533e-4,99296.18498610395,96.43255307895015,396944.8686870501,0.9990297679891492,7908428.178814604,79.64483408825176
Cabo Rojo,1990-1994,2,5,5,1.166657746123785e-4,2.5,5.83158786383054e-4,99199.752433025,57.84920723833784,495854.13914702914,0.9993389531672325,7511483.3101275535,75.72078685578326
Cabo Rojo,1990-1994,2,10,5,1.4785069472806402e-4,2.5,7.38980326753568e-4,99141.90322578666,73.26391604077071,495526.35633883136,0.9984388078361439,7015629.170980525,70.76351111601184
Cabo Rojo,1990-1994,2,15,5,4.7737143936479106e-4,2.5,0.0023840120486661185,99068.6393097459,236.1808297593816,494752.74447433103,0.9967934503477982,6520102.814641694,65.81399381348197
Cabo Rojo,1990-1994,2,20,5,8.078387967286498e-4,2.5,0.00403105288137016,98832.45847998651,398.3988665286597,493166.29523361096,0.9954567059065045,6025350.070167363,60.965295843444906
Cabo Rojo,1990-1994,2,25,5,0.0010140861322042623,2.5,0.0050576085343293576,98434.05961345785,497.8409399696975,490925.695717365,0.9946542700454316,5532183.774933752,56.20192641305423
Cabo Rojo,1990-1994,2,30,5,0.001130247849407727,2.5,0.005635315987599343,97936.21867348815,551.9015388557455,488301.3395203014,0.9934675119457528,5041258.079216386,51.47491038043397
Cabo Rojo,1990-1994,2,35,5,0.0014924970917138045,2.5,0.007434744621755011,97384.31713463241,724.027528059989,485111.5168530121,0.9909586610535787,4552956.739696085,46.75246357585163
Cabo Rojo,1990-1994,2,40,5,0.0021434178541781235,2.5,0.010659967359979776,96660.28960657242,1030.3955322122492,480725.45920233143,0.9887722064434648,4067845.222843073,42.083933737422605
Cabo Rojo,1990-1994,2,45,5,0.0023743583740895185,2.5,0.011801737981932065,95629.89407436017,1128.5989531055093,475327.97298903705,0.9855432647792696,3587119.7636407414,37.51044376198366
Cabo Rojo,1990-1994,2,50,5,0.003458331902827255,2.5,0.017143440248299013,94501.29512125466,1620.077306298117,468456.28234052804,0.9771392573469452,3111791.7906517047,32.92856237217662
Cabo Rojo,1990-1994,2,55,5,0.005818991628514354,2.5,0.028677768899692323,92881.21781495654,2663.6260996193014,457747.02382573445,0.9627307834227463,2643335.5083111767,28.459311478639158
Cabo Rojo,1990-1994,2,60,5,0.009440536398010036,2.5,0.046114322148274316,90217.59171533724,4160.32308780255,440687.15085717983,0.9464282633835257,2185588.484485442,24.22574625336497
Cabo Rojo,1990-1994,2,65,5,0.012666737366571739,2.5,0.061389669772777836,86057.2686275347,5283.027302591581,417078.7748811945,0.921493426223251,1744901.3336282622,20.27604828106254
Cabo Rojo,1990-1994,2,70,5,0.02033209528245596,2.5,0.09674300635450234,80774.24132494311,7814.342941779061,384335.34927026794,0.877523106924069,1327822.5587470676,16.438688088761232
Cabo Rojo,1990-1994,2,75,5,0.03265858382735016,2.5,0.15096699822039064,72959.89838316405,11014.536849371012,337263.14979239274,0.7983831159352588,943487.2094767997,12.931586123131378
Cabo Rojo,1990-1994,2,80,5,0.06010669419321447,2.5,0.26127285237007924,61945.36153379304,16184.6412990299,269265.20442139043,0.5558322040838058,606224.059684407,9.786431859852714
Cabo Rojo,1990-1994,2,85,NA,0.131878033904159,7.363495450559766,1,45760.72023476314,45760.72023476314,336958.8552630166,0,336958.8552630166,7.363495450559766
Cabo Rojo,1995-1999,1,0,1,0.01510628761663818,0.11914615837537935,0.014907916447917351,100000,1490.7916447917378,98686.83045262331,0.9846785619597601,7244584.020960057,72.44584020960058
Cabo Rojo,1995-1999,1,1,4,4.08229971536837e-4,1.6080824477424251,0.0016313269729535066,98509.20835520826,160.7007286741573,393652.45052725676,0.9982642586584489,7145897.190507434,72.5403980990334
Cabo Rojo,1995-1999,1,5,5,0.00020983830667233169,2.5,0.0010486414205116918,98348.5076265341,103.13231874267512,491484.7073358138,0.9987837100434943,6752244.739980177,68.65630097429606
Cabo Rojo,1995-1999,1,10,5,2.7701460601318745e-4,2.5,0.0013841144802473801,98245.37530779143,135.98284658085322,490886.9194225051,0.9968260331617645,6260760.032644363,63.7257480367918
Cabo Rojo,1995-1999,1,15,5,9.957325513787068e-4,2.5,0.004966299990492421,98109.39246121058,487.2406748473295,489328.8606189345,0.9935650265836268,5769873.113221859,58.81060893841625
Cabo Rojo,1995-1999,1,20,5,0.0015884786329461115,2.5,0.007910977119430705,97622.15178636325,772.2866091315082,486180.0424089875,0.9915110556626732,5280544.252602924,54.091660099429994
Cabo Rojo,1995-1999,1,25,5,0.001822570804091399,2.5,0.009071520300336705,96849.86517723174,878.575518040132,482052.88709105836,0.9885548421015647,4794364.210193937,49.503055078294885
Cabo Rojo,1995-1999,1,30,5,0.002787394525755206,2.5,0.013840525118901026,95971.2896591916,1328.2930452213623,476535.71568290464,0.9849932857742395,4312311.323102878,44.933347654455204
Cabo Rojo,1995-1999,1,35,5,0.003264277240247018,2.5,0.01618927053289328,94642.99661397024,1532.201076227284,469384.480379283,0.9816551135915631,3835775.6074199737,40.52889008856441
Cabo Rojo,1995-1999,1,40,5,0.004149805024927207,2.5,0.02053597440024129,93110.79553774296,1912.1209135491808,460773.6754048419,0.9706473468493416,3366391.1270406903,36.15468117954277
Cabo Rojo,1995-1999,1,45,5,0.007820817993246342,2.5,0.038354187173327954,91198.67462419378,3497.851036495762,447248.7455297295,0.9625316239625838,2905617.4516358487,31.860303492448207
Cabo Rojo,1995-1999,1,50,5,0.007445503340676393,2.5,0.03654723529713864,87700.82358769802,3205.222635412443,430491.061349959,0.9589968056847596,2458368.706106119,28.031306954008578
Cabo Rojo,1995-1999,1,55,5,0.009338690527780217,2.5,0.045628183916547896,84495.60095228557,3855.380820390128,412839.5527104526,0.942066337806235,2027877.64475616,23.999801432281625
Cabo Rojo,1995-1999,1,60,5,0.014685562783128839,2.5,0.07082746109880393,80640.22013189545,5711.542054390811,388922.2455235002,0.9190603141460666,1615038.0920457074,20.02769944581184
Cabo Rojo,1995-1999,1,65,5,0.01924825964755232,2.5,0.09182272891834387,74928.67807750464,6880.155695320558,357443.00114922173,0.8687031242317006,1226115.8465222074,16.36377256320923
Cabo Rojo,1995-1999,1,70,5,0.03829903419444087,2.5,0.17476211995233565,68048.52238218408,11892.304031134452,310511.85183308425,0.7913248161066404,868672.8453729856,12.765491666288034
Cabo Rojo,1995-1999,1,75,5,0.0570828039807305,2.5,0.24977007878483645,56156.218351049625,14026.143081800146,245715.73405074776,0.6925176852548663,558160.9935399013,9.939433422148674
Cabo Rojo,1995-1999,1,80,5,0.09517464076468479,2.5,0.38440838011296047,42130.07526924948,16195.15398828929,170162.49137552417,0.45538462752246905,312445.25948915357,7.416204635105547
Cabo Rojo,1995-1999,1,85,NA,0.17038235028091878,5.486146133710633,1,25934.92128096019,25934.92128096019,142282.76811362937,0,142282.76811362937,5.486146133710633
Cabo Rojo,1995-1999,2,0,1,0.008981449632640885,0.13057069601352217,0.008911859280679028,100000,891.1859280679055,99225.17683883737,0.9908560744482621,7983174.96668793,79.8317496668793
Cabo Rojo,1995-1999,2,1,4,2.3551815165177877e-4,1.5095004049503353,9.415203504439736e-4,99108.8140719321,93.31296535707952,396202.86038529366,0.9990093226376456,7883949.789849092,79.54842224352527
Cabo Rojo,1995-1999,2,5,5,1.1337005340865392e-4,2.5,5.666896529527162e-4,99015.501106575015,56.11105995903199,494937.22788297746,0.9993391076876753,7487746.929463798,75.6219667201844
Cabo Rojo,1995-1999,2,10,5,1.5108672357537622e-4,2.5,7.551483856383826e-4,98959.39004661598,74.72902363745379,494610.1276739863,0.9984502379536273,6992809.701580821,70.66342767762387
Cabo Rojo,1995-1999,2,15,5,4.6954577920129683e-4,2.5,0.002344976211800039,98884.66102297853,231.8821778108104,493843.5996703656,0.9970158614463848,6498199.573906835,65.71494007950133
Cabo Rojo,1995-1999,2,20,5,7.262769533017165e-4,2.5,0.003624803238876959,98652.77884516772,357.5969122821698,492369.90194513317,0.9958883557736584,6004355.974236469,60.8635260407627
Cabo Rojo,1995-1999,2,25,5,9.221723819850034e-4,2.5,0.004600256336565935,98295.18193288555,452.18303354065574,490345.4520805761,0.9947892905530896,5511986.072291336,56.075851978735194
Cabo Rojo,1995-1999,2,30,5,0.0011681985399471025,2.5,0.0058239837763749205,97842.9988993449,569.8360382216488,487790.4044011703,0.9930495965527565,5021640.62021076,51.32345366250198
Cabo Rojo,1995-1999,2,35,5,0.0016232450469201606,2.5,0.008083421798608907,97273.16286112324,786.3000050912378,484400.0642928881,0.9914144638081367,4533850.215809589,46.609466398070765
Cabo Rojo,1995-1999,2,40,5,0.0018266522185575943,2.5,0.009091742463932231,96486.862856032,877.2337082397862,480241.2300095606,0.9891858092702179,4049450.1515167016,41.968927495952315
Cabo Rojo,1995-1999,2,45,5,0.0025263444440220377,2.5,0.012552442735202727,95609.62914779222,1200.134394811641,475047.80975193204,0.9860478018897368,3569208.9215071406,37.33106124687399
Cabo Rojo,1995-1999,2,50,5,0.003097755295665401,2.5,0.015369747188957922,94409.49475298058,1451.0500665905565,468419.8485984265,0.9801757265972159,3094161.1117552086,32.77383402856865
Cabo Rojo,1995-1999,2,55,5,0.00492968141766062,2.5,0.024348333273084763,92958.44468639002,2263.3831917718344,459133.7654525205,0.9709327842741173,2625741.2631567824,28.24639839893121
Cabo Rojo,1995-1999,2,60,5,0.00689770186068996,2.5,0.03390386246541906,90695.06149461819,3074.912891206259,445788.0252450753,0.949951201176686,2166607.497704262,23.888924733049855
Cabo Rojo,1995-1999,2,65,5,0.013813149193750061,2.5,0.06676032030718605,87620.14860341193,5849.5491861270275,423476.87005174207,0.9158640361794254,1720819.4724591866,19.639540675147607
Cabo Rojo,1995-1999,2,70,5,0.021663953983004507,2.5,0.10275459298035083,81770.5994172849,8402.304660882422,387847.2354342185,0.8738623905684603,1297342.6024074445,15.865636446994278
Cabo Rojo,1995-1999,2,75,5,0.03294693775627805,2.5,0.15219850232466642,73368.29475640248,11166.544580039124,338925.1123319146,0.7906229813668567,909495.366973226,12.396299654952236
Cabo Rojo,1995-1999,2,80,5,0.06425802296961795,2.5,0.27682030160122034,62201.750176363355,17218.707243944664,267961.98277195514,0.5303611069938982,570570.2546413114,9.172897113401929
Cabo Rojo,1995-1999,2,85,NA,0.15013828953031527,6.7271632184596015,1,44983.04293241869,44983.04293241869,302608.27186935616,0,302608.27186935616,6.7271632184596015
Cabo Rojo,2000-2004,1,0,1,0.01349191851670196,0.12236755119584708,0.013334030982715269,100000,1333.4030982715194,98829.76217362093,0.9861821541072814,7482090.7570166215,74.82090757016621
Cabo Rojo,2000-2004,1,1,4,4.3039230782417146e-4,1.6128245646490789,0.0017198022687050982,98666.59690172848,169.68703719699988,394261.31488001975,0.9983249250244143,7383260.994843001,74.83040083156712
Cabo Rojo,2000-2004,1,5,5,1.7830781608400427e-4,2.5,8.91141836533288e-4,98496.90986453148,87.774717149543,492265.1125297835,0.9990377419253943,6988999.679962981,70.95653751549523
Cabo Rojo,2000-2004,1,10,5,2.0679440334265355e-4,2.5,0.0010334377438591849,98409.13514738194,101.69971460184024,491791.42645040504,0.997573097799768,6496734.567433197,66.01759641219685
Cabo Rojo,2000-2004,1,15,5,7.658250592715005e-4,2.5,0.0038218082051194777,98307.4354327801,375.7121633612551,490597.8967554973,0.9950273956098733,6004943.140982793,61.08330580029022
Cabo Rojo,2000-2004,1,20,5,0.0012293296668776338,2.5,0.006127815570702621,97931.72326941884,600.1075387160818,488158.347500304,0.993142438576148,5514345.244227295,56.30805892240702
Cabo Rojo,2000-2004,1,25,5,0.0015241468331907001,2.5,0.007591806595999777,97331.61573070276,738.9228023036703,484810.7716477546,0.9910589531427277,5026186.896726991,51.63981774055258
Cabo Rojo,2000-2004,1,30,5,0.0020707869125346024,2.5,0.010300608648720733,96592.69292839909,994.9635281814844,480476.0558215417,0.9882789886031429,4541376.125079237,47.01573159830637
Cabo Rojo,2000-2004,1,35,5,0.002648662651330965,2.5,0.013156197434707707,95597.7294002176,1257.7026022990322,474844.39049534046,0.9855933096415803,4060900.0692576948,42.47904311886775
Cabo Rojo,2000-2004,1,40,5,0.0031595318896485707,2.5,0.015673854341677264,94340.02679791857,1478.671838620503,468003.45439304155,0.9819443783467955,3586055.6787623544,38.01202734915349
Cabo Rojo,2000-2004,1,45,5,0.0041374204702645904,2.5,0.020475314883982694,92861.35495929807,1901.3654833449255,459553.36108812806,0.9728450725510432,3118052.2243693126,33.577500842368515
Cabo Rojo,2000-2004,1,50,5,0.006912252216773498,2.5,0.033974166072006845,90959.98947595315,3090.2897883640107,447074.2229088557,0.9564804089038174,2658498.863281185,29.22712369029028
Cabo Rojo,2000-2004,1,55,5,0.010973130368376407,2.5,0.053400719207801366,87869.69968758913,4692.305159890777,427617.7355382187,0.9385642868565551,2211424.640372329,25.16709000070333
Cabo Rojo,2000-2004,1,60,5,0.014491447287595629,2.5,0.06992398700830472,83177.39452769836,5816.095054339428,401346.7350026432,0.9192670574102013,1783806.9048341103,21.445813672849496
Cabo Rojo,2000-2004,1,65,5,0.01936513399977113,2.5,0.09235452559001579,77361.29947335893,7144.666111889193,368944.83208707167,0.8817317569546714,1382460.169831467,17.870177714731224
Cabo Rojo,2000-2004,1,70,5,0.03169009508613716,2.5,0.14681872689163222,70216.63336146974,10309.1167167475,325310.3750154799,0.8201880815909355,1013515.3377443955,14.434120367561597
Cabo Rojo,2000-2004,1,75,5,0.049055421775264826,2.5,0.21848270568177308,59907.51664472224,13088.756327214767,266815.69240557426,0.7408189581344587,688204.9627289156,11.487789868010585
Cabo Rojo,2000-2004,1,80,5,0.07372515831464273,2.5,0.3112570950503555,46818.76031750747,14572.671330286237,197662.12326182175,0.5309274887085966,421389.27032334136,9.000436309411775
Cabo Rojo,2000-2004,1,85,NA,0.16906444524285189,6.938117275250968,1,32246.088987221232,32246.088987221232,223727.14706151962,0,223727.14706151962,6.938117275250968
Cabo Rojo,2000-2004,2,0,1,0.007357090929250605,0.1339091917258391,0.007310509032200471,100000,731.0509032200498,99366.84353234059,0.9924982289513868,8186998.166759185,81.86998166759184
Cabo Rojo,2000-2004,2,1,4,1.9599476232571623e-4,1.5121058018046099,7.83596956274781e-4,99268.94909677995,77.78684636483376,396882.27094335284,0.9991744951659102,8087631.323226844,81.47191439834823
Cabo Rojo,2000-2004,2,5,5,9.386329975626692e-5,2.5,4.6920639562993317e-4,99191.16225041512,46.54112771786458,495839.4584327809,0.9994658918032696,7690749.052283492,77.53461979674813
Cabo Rojo,2000-2004,2,10,5,1.1984398859255863e-4,2.5,5.990404644663182e-4,99144.62112269725,59.39163988667133,495574.6265137696,0.9987864453556491,7194909.59385071,72.56984304722482
Cabo Rojo,2000-2004,2,15,5,3.6602205691488163e-4,2.5,0.0018284371637453738,99085.22948281058,181.171115964622,494973.21962414135,0.99742545724807,6699334.967336941,67.61184287814713
Cabo Rojo,2000-2004,2,20,5,6.655084237458255e-4,2.5,0.0033220150462364255,98904.05836684596,328.5607700285036,493698.8899091585,0.9962988783425044,6204361.747712799,62.731113870981346
Cabo Rojo,2000-2004,2,25,5,8.179676369888608e-4,2.5,0.004081491864305216,98575.49759681745,402.33509146123833,491871.6502554342,0.9950299271863909,5710662.857803641,57.93186945056833
Cabo Rojo,2000-2004,2,30,5,0.0011759058260320575,2.5,0.00586229536198509,98173.16250535622,575.5200752265664,489427.0123387147,0.9938290546918103,5218791.207548207,53.15904137511588
Cabo Rojo,2000-2004,2,35,5,0.0013004975967869843,2.5,0.006481415321312059,97597.64243012965,632.5708549705887,486406.7850132218,0.9934020787681077,4729364.195209492,48.45777087899693
Cabo Rojo,2000-2004,2,40,5,0.0013475620039269528,2.5,0.006715187191862238,96965.07157515906,651.1386066995037,483197.51135904656,0.9914183919962667,4242957.410196271,43.757585502399095
Cabo Rojo,2000-2004,2,45,5,0.002103129429915012,2.5,0.010460646913625074,96313.93296845956,1007.5060456456122,479050.89972818375,0.98643697305441,3759759.898837224,39.036510948716554
Cabo Rojo,2000-2004,2,50,5,0.003367758345507347,2.5,0.0166982029467148,95306.42692281395,1591.4460588833754,472553.51946686127,0.9790882935037624,3280708.99910904,34.42274676571388
Cabo Rojo,2000-2004,2,55,5,0.005103650289909816,2.5,0.02519676278531394,93714.98086393057,2361.3141422586923,462671.61896400613,0.9698324482158683,2808155.479642179,29.96485144375667
Cabo Rojo,2000-2004,2,60,5,0.007179972619551806,2.5,0.0352668259853753,91353.66672167188,3221.7538673991803,448713.94893986144,0.9525113678543341,2345483.8606781727,25.67476429626171
Cabo Rojo,2000-2004,2,65,5,0.012404555617357663,2.5,0.060157219159659395,88131.9128542727,5301.770796534489,427405.13728002727,0.9280348654948071,1896769.9117383114,21.521941942581524
Cabo Rojo,2000-2004,2,70,5,0.017651813303356103,2.5,0.08452884791157333,82830.14205773821,7001.536480492563,396646.86908745964,0.8904924855262771,1469364.774458284,17.73949359442167
Cabo Rojo,2000-2004,2,75,5,0.029367111919734845,2.5,0.13679255399153478,75828.60557724565,10372.788622528176,353211.0563299078,0.8243860204645258,1072717.9053708245,14.146612577202943
Cabo Rojo,2000-2004,2,80,5,0.04958657580270539,2.5,0.22058743953451915,65455.81695471747,14438.731064681284,291182.25711188413,0.5953030085814718,719506.8490409167,10.992252217074514
Cabo Rojo,2000-2004,2,85,NA,0.12714217242225612,8.3957087014389,1,51017.085890036185,51017.085890036185,428324.5919290325,0,428324.5919290325,8.3957087014389
Cabo Rojo,2005-2009,1,0,1,0.01014058969499474,0.12905496029312274,0.010051813123912068,100000,1005.1813123911998,99124.54232196683,0.9895548099143191,7614532.516357926,76.14532516357926
Cabo Rojo,2005-2009,1,1,4,3.470327838645728e-4,1.622713887057653,0.0013869868765309912,98994.8186876088,137.3045143642812,395652.8626351927,0.9986071867499693,7515407.974035959,75.91718509785667
Cabo Rojo,2005-2009,1,5,5,1.6134641975800012e-4,2.5,8.06406821656144e-4,98857.51417324452,79.71937380127201,494088.2724317194,0.9990898586915417,7119755.111400766,72.02037367562805
Cabo Rojo,2005-2009,1,10,5,2.028947665336505e-4,2.5,0.0010139595149705912,98777.79479944325,100.15668490469398,493638.5822849545,0.9978158147530105,6625666.838969046,67.07648062423024
Cabo Rojo,2005-2009,1,15,5,6.722476456521174e-4,2.5,0.003355598744870606,98677.63811453855,331.12255860393634,492560.3841761829,0.9951392261259436,6132028.256684092,62.14202502056681
Cabo Rojo,2005-2009,1,20,5,0.0012782753112069963,2.5,0.006371016772416318,98346.51555593462,626.5673001155665,490166.15952938417,0.9928514614298641,5639467.872507909,57.34283355774267
Cabo Rojo,2005-2009,1,25,5,0.0015925243385049392,2.5,0.007931045734121237,97719.94825581905,775.0213787528774,486662.187832213,0.9913565089002635,5149301.712978525,52.694478506049485
Cabo Rojo,2005-2009,1,30,5,0.001881131646029514,2.5,0.009361632074264114,96944.92687706617,907.5627368895366,482455.727543107,0.9899156815910599,4662639.525146312,48.09575575892597
Cabo Rojo,2005-2009,1,35,5,0.0021745243131078974,2.5,0.010813834202063725,96037.36414017664,1038.532133015091,477590.49036834546,0.9877714486442697,4180183.797603205,43.52664023037728
Cabo Rojo,2005-2009,1,40,5,0.0027505312417291984,2.5,0.013658734270313555,94998.83200716155,1297.563802375982,471750.2505298677,0.9843928974924947,3702593.3072348596,38.97514557816603
Cabo Rojo,2005-2009,1,45,5,0.0035476787471433505,2.5,0.01758245151183868,93701.26820478556,1647.4980048084253,464387.59601190675,0.9753639369659908,3230843.0567049915,34.48024897212633
Cabo Rojo,2005-2009,1,50,5,0.006466044342461965,2.5,0.031815913936535836,92053.77019997714,2928.77483021612,452946.9139243454,0.9605294245314009,2766455.460693085,30.052603545550078
Cabo Rojo,2005-2009,1,55,5,0.009705257961801191,2.5,0.047376780127659765,89124.99536976102,4222.455309511861,435068.83857502544,0.941852516568765,2313508.5467687394,25.958021508674136
Cabo Rojo,2005-2009,1,60,5,0.01439050718903426,2.5,0.06945384577774452,84902.54006024916,5896.807923483313,409770.6804925375,0.9166605001356559,1878439.708193714,22.124658542143994
Cabo Rojo,2005-2009,1,65,5,0.020667731132627275,2.5,0.0982615475495609,79005.73213676584,7763.225505044698,375620.5969212175,0.8861103723524936,1468669.0277011767,18.58939836363749
Cabo Rojo,2005-2009,1,70,5,0.028086929916304803,2.5,0.13122068418111282,71242.50663172115,9348.490462991918,332841.30700112594,0.8426556095112585,1093048.430779959,15.342644194572356
Cabo Rojo,2005-2009,1,75,5,0.04135832703873572,2.5,0.18741382910446786,61894.01616872923,11599.794568835387,280470.5944215577,0.7658861486741089,760207.1237788332,12.28240096274304
Cabo Rojo,2005-2009,1,80,5,0.06827021690121907,2.5,0.29158470659525443,50294.22159989384,14665.025848641752,214808.54337786481,0.552236425135994,479736.52935727546,9.538601336227622
Cabo Rojo,2005-2009,1,85,NA,0.13881223046739802,7.4356993020281825,1,35629.19575125209,35629.19575125209,264927.98597941065,0,264927.98597941065,7.4356993020281825
Cabo Rojo,2005-2009,2,0,1,0.006352014757524674,0.13597489462930226,0.006317343281004543,100000,631.7343281004578,99454.16568059672,0.9934753593956679,8243787.297667596,82.43787297667596
Cabo Rojo,2005-2009,2,1,4,1.9189800338863404e-4,1.5137216824818056,7.672259609607701e-4,99368.26567189954,76.23791311912646,397283.51401723723,0.9992127569206143,8144333.131986998,81.96110777336574
Cabo Rojo,2005-2009,2,5,5,9.147832634973308e-5,2.5,4.572870521131936e-4,99292.02775878042,45.404958672152134,496346.6263972217,0.9995059683989886,7747049.617969762,78.0228764870268
Cabo Rojo,2005-2009,2,10,5,1.0618677367663967e-4,2.5,5.307929604033097e-4,99246.62280010826,52.67940872609324,496101.4154787261,0.9988878821603733,7250702.991572539,73.05742792050583
Cabo Rojo,2005-2009,2,15,5,3.3903741172792664e-4,2.5,0.0016937514458738347,99193.94339138217,168.00988504108682,495549.6922443081,0.9976261372415939,6754601.576093813,68.09489919603946
Cabo Rojo,2005-2009,2,20,5,6.11960401641565e-4,2.5,0.0030551279648667095,99025.93350634108,302.5368987022521,494373.32528494974,0.9965110023961737,6259051.883849505,63.206189148913296
Cabo Rojo,2005-2009,2,25,5,7.863823259399045e-4,2.5,0.003924196832118803,98723.39660763883,387.4100402236945,492648.4579376349,0.9958971761482515,5764678.558564556,58.392222681269736
Cabo Rojo,2005-2009,2,30,5,8.582685393941255e-4,2.5,0.004282154600534477,98335.98656741514,421.089897277765,490627.20809388126,0.9953225540610544,5272030.10062692,53.61241885759321
Cabo Rojo,2005-2009,2,35,5,0.001017468992390579,2.5,0.005074437255549512,97914.89667013737,496.86299953621347,488332.3258518463,0.9938148786961267,4781402.89253304,48.832231408474726
Cabo Rojo,2005-2009,2,40,5,0.0014656447195374705,2.5,0.00730147019459842,97418.03367060116,711.2948692622886,485311.9311798501,0.9912992957959216,4293070.566681193,44.068540545555656
Cabo Rojo,2005-2009,2,45,5,0.002032319573551549,2.5,0.010110229822852528,96706.73880133887,977.727354700095,481089.3756199441,0.9865671058230528,3807758.635501343,39.37428438491223
Cabo Rojo,2005-2009,2,50,5,0.003386326259520114,2.5,0.016789494532055648,95729.01144663877,1607.2417142424383,474626.9529475878,0.9806139290612141,3326669.2598813986,34.75089954037339
Cabo Rojo,2005-2009,2,55,5,0.0044544565262048695,2.5,0.022026986991136106,94121.76973239634,2073.2189974782086,465425.8011682861,0.9707737839894259,2852042.306933811,30.301622196890644
Cabo Rojo,2005-2009,2,60,5,0.007453878542422228,2.5,0.036587594007384885,92048.55073491813,3367.835003257336,451823.1661664473,0.9559796327687722,2386616.5057655247,25.927800999697592
Cabo Rojo,2005-2009,2,65,5,0.010621845907594797,2.5,0.05173541550921335,88680.71573166079,4587.933676031913,431933.7444682242,0.9327752281551492,1934793.3395990776,21.81752056956299
Cabo Rojo,2005-2009,2,70,5,0.01744049620884609,2.5,0.08355919642315,84092.78205562888,7026.7252935554425,402897.09704425576,0.8984867504268592,1502859.5951308534,17.87144578159734
Cabo Rojo,2005-2009,2,75,5,0.02578202027954779,2.5,0.12110431653558583,77066.05676207344,9333.032132263572,361997.7034797083,0.8323188024969678,1099962.4980865978,14.272982741059653
Cabo Rojo,2005-2009,2,80,5,0.049608946232853494,2.5,0.2206759747487805,67733.02462980986,14947.051232866448,301297.4950668832,0.5917183349818428,737964.7946068894,10.895199182971448
Cabo Rojo,2005-2009,2,85,NA,0.10933214522793197,8.272411616933288,1,52785.97339694342,52785.97339694342,436667.2995400062,0,436667.2995400062,8.272411616933288
Cabo Rojo,2010-2014,1,0,1,0.013623022623037532,0.12210593950685976,0.013462022612554829,100000,1346.2022612554865,98818.17703062137,0.9862578025265343,7614033.877915937,76.14033877915938
Cabo Rojo,2010-2014,1,1,4,3.234050173470791e-4,1.6124389258683722,0.0012926219723269317,98653.79773874451,127.52206661058881,394310.72423264576,0.998566333544618,7515215.700885316,76.17766242296265
Cabo Rojo,2010-2014,1,5,5,1.701463345020324e-4,2.5,8.503699541834743e-4,98526.27567213392,83.78378452919424,492421.9188993466,0.999085407754165,7120904.976652671,72.27417181939282
Cabo Rojo,2010-2014,1,10,5,1.9586970474515095e-4,2.5,9.788691966744127e-4,98442.49188760473,96.36232295264199,491971.55363064207,0.9980653611482497,6628483.0577533245,67.33355617735985
Cabo Rojo,2010-2014,1,15,5,5.791061973035253e-4,2.5,0.002891344997001861,98346.12956465209,284.352589691247,491019.7663490323,0.995458411829774,6136511.504122682,62.397081931816956
Cabo Rojo,2010-2014,1,20,5,0.0012431750599326407,2.5,0.006196616601625441,98061.77697496084,607.6512351879355,488789.7567868344,0.9927882608100752,5645491.737773649,57.570767244154396
Cabo Rojo,2010-2014,1,25,5,0.00165344482890826,2.5,0.008233191325484961,97454.1257397729,802.3584626734228,485264.732542181,0.9909994722475963,5156701.980986815,52.91414747033399
Cabo Rojo,2010-2014,1,30,5,0.0019644473348082647,2.5,0.009774234252971222,96651.76727709948,944.6970143300277,480897.09384967235,0.98982970281302,4671437.2484446345,48.33266250633244
Cabo Rojo,2010-2014,1,35,5,0.0021252863336039267,2.5,0.010570269544506012,95707.07026276946,1011.6495299924427,476006.22748886613,0.988214022492559,4190540.154594962,43.78506355998135
Cabo Rojo,2010-2014,1,40,5,0.002619983738787765,2.5,0.013014673114127196,94695.42073277701,1232.4299462418421,470396.0287982805,0.9848307622650863,3714533.927106096,39.22611989431059
Cabo Rojo,2010-2014,1,45,5,0.0035008160663543984,2.5,0.017352213066050903,93462.99078653517,1621.7897299183096,463260.47960788006,0.9769845065405506,3244137.898307815,34.710401101086795
Cabo Rojo,2010-2014,1,50,5,0.005839786894500373,2.5,0.028778779622306714,91841.20105661686,2643.0776854563446,452598.3110694435,0.9645925129122466,2780877.4186999355,30.279192635836967
Cabo Rojo,2010-2014,1,55,5,0.008628729571487135,2.5,0.04223261335802671,89198.12337116052,3767.0698565957864,436572.94221431314,0.9517063132817483,2328279.1076304917,26.102332870192082
Cabo Rojo,2010-2014,1,60,5,0.01123113818479966,2.5,0.05462202222513896,85431.05351456473,4666.416903789592,415489.2253133497,0.9284590559469674,1891706.1654161788,22.14307429901553
Cabo Rojo,2010-2014,1,65,5,0.0187248315637156,2.5,0.0894374068707044,80764.63661077514,7223.379665322485,385764.7338905695,0.889568744611116,1476216.9401028291,18.27801129369387
Cabo Rojo,2010-2014,1,70,5,0.02860674989538072,2.5,0.13348716464387642,73541.25694545265,9816.813873995263,343164.2500422751,0.8323150634578976,1090452.2062122596,14.827761334308912
Cabo Rojo,2010-2014,1,75,5,0.0462171434956926,2.5,0.20715090923501797,63724.44307145739,13200.576322747547,285620.7745504181,0.752464779044485,747287.9561699844,11.726865236499803
Cabo Rojo,2010-2014,1,80,5,0.07016533711193416,2.5,0.298470906183497,50523.86674870984,15079.904292381674,214919.573012595,0.5344707582231868,461667.18161956634,9.137605874779076
Cabo Rojo,2010-2014,1,85,NA,0.15123489486262118,6.961625944362127,1,35443.96245632817,35443.96245632817,246747.60860697136,0,246747.60860697136,6.961625944362127
Cabo Rojo,2010-2014,2,0,1,0.00816933968099493,0.13223980123384155,0.008111834659379799,100000,811.183465937982,99296.08727436184,0.9917682330852132,8373178.411696224,83.73178411696223
Cabo Rojo,2010-2014,2,1,4,1.694076386076578e-4,1.510802045009189,6.773449254264092e-4,99188.81653406202,67.18504153839604,396588.02926824475,0.9992425980098292,8273882.324421861,83.4154757918758
Cabo Rojo,2010-2014,2,5,5,8.042205544813551e-5,2.5,4.0202944715445055e-4,99121.63149252362,39.849814709989005,495508.53292584314,0.999531135338272,7877294.295153617,79.47099111002599
Cabo Rojo,2010-2014,2,10,5,1.071740593721434e-4,2.5,5.35726756832607e-4,99081.78167781363,53.080761559453094,495276.20648516953,0.9988833374584236,7381785.762227774,74.50194816067484
Cabo Rojo,2010-2014,2,15,5,3.398704778900725e-4,2.5,0.0016979097159838983,99028.70091625418,168.14179344696458,494723.1500976535,0.9976814928135962,6886509.555742604,69.5405422067117
Cabo Rojo,2010-2014,2,20,5,5.888977603608409e-4,2.5,0.0029401601674599064,98860.55912280722,290.6658780657017,493576.1309188718,0.9964704830905824,6391786.40564495,64.65456459440922
Cabo Rojo,2010-2014,2,25,5,8.258237623396239e-4,2.5,0.004120611564335121,98569.89324474151,406.1682419995486,491834.0456187087,0.9959659886858973,5898210.274726079,59.83784785158764
Cabo Rojo,2010-2014,2,30,5,7.90971551489306e-4,2.5,0.003947052741369901,98163.725002741965,387.4573998751439,489849.9815140219,0.995571362211625,5406376.22910737,55.075092443327264
Cabo Rojo,2010-2014,2,35,5,9.848450860243795e-4,2.5,0.004912131209413153,97776.26760286682,480.2898556319851,487680.61337525415,0.9942651513056032,4916526.247593348,50.28343143105612
Cabo Rojo,2010-2014,2,40,5,0.0013166451524679332,2.5,0.006561627424986145,97295.97774723484,638.4199559270928,484883.83884635643,0.9919573674988899,4428845.634218094,45.51930857536361
Cabo Rojo,2010-2014,2,45,5,0.0019158160524255542,2.5,0.009533419566527618,96657.55779130774,921.4770527004293,480984.09632478765,0.9882095735428416,3943961.795371738,40.80344967836971
Cabo Rojo,2010-2014,2,50,5,0.0028337658381492803,2.5,0.014069157446388602,95736.08073860731,1346.9259932116402,475313.08871000743,0.9828755090801683,3462977.69904695,36.17212729338774
Cabo Rojo,2010-2014,2,55,5,0.00408600122058371,2.5,0.02022342376742337,94389.15474539567,1908.8718754650326,467173.59403831576,0.974534220984,2987664.6103369426,31.652625965301183
Cabo Rojo,2010-2014,2,60,5,0.006259719006744331,2.5,0.030816340945878585,92480.28286993064,2849.903927691077,455276.6545304255,0.961908941782271,2520491.0162986265,27.25436101707846
Cabo Rojo,2010-2014,2,65,5,0.009332176768951565,2.5,0.045597083730943205,89630.37894223956,4086.883893465463,437934.68497753417,0.9379381234997566,2065214.3617682012,23.041455209054575
Cabo Rojo,2010-2014,2,70,5,0.016517692844532094,2.5,0.079313283100785,85543.4950487741,6784.735440234028,410755.63664328546,0.8995632922339422,1627279.676790667,19.022833657460986
Cabo Rojo,2010-2014,2,75,5,0.026298305484589224,2.5,0.12337982650292244,78758.75960854007,9717.242096087037,369500.69280248275,0.8474306963983547,1216524.0401473816,15.446206189558499
Cabo Rojo,2010-2014,2,80,5,0.04098201316481885,2.5,0.18586705099693787,69041.51751245304,12832.543256393095,313126.2294212825,0.630321607541497,847023.3473448989,12.2683188009609
Cabo Rojo,2010-2014,2,85,NA,0.10968038466453783,9.498431967312701,1,56208.97425605994,56208.97425605994,533897.1179236164,0,533897.1179236164,9.498431967312701
Cabo Rojo,2015-2019,1,0,1,0.008909359288963468,0.13151181900683787,0.008840950899746595,100000,884.0950899746531,99232.17386348292,0.9908504086527417,7931376.538642818,79.31376538642819
Cabo Rojo,2015-2019,1,1,4,2.8773264888087483e-4,1.6263622149390635,0.0011501450773890606,99115.90491002535,113.99767012323719,396193.03046288795,0.9988044888619321,7832144.364779335,79.02005608372478
Cabo Rojo,2015-2019,1,5,5,1.4276998685833922e-4,2.5,7.135952343361253e-4,99001.90723990211,70.64728919658228,494832.9179765191,0.9992308460022676,7435951.334316447,75.10917255662154
Cabo Rojo,2015-2019,1,10,5,1.650185369019617e-4,2.5,8.247524359091085e-4,98931.25995070553,81.59379763189645,494452.3152594479,0.9981184535341323,6941118.416339928,70.16102311643942
Cabo Rojo,2015-2019,1,15,5,5.88707730394678e-4,2.5,0.00293921280871897,98849.66615307363,290.54020489469985,493521.9802531314,0.9954279553772893,6446666.10108048,65.21687277221045
Cabo Rojo,2015-2019,1,20,5,0.0012458059993096433,2.5,0.00620968982445532,98559.12594817893,612.0216015076294,491265.5757371256,0.99254841049989,5953144.120827349,60.401754414476365
Cabo Rojo,2015-2019,1,25,5,0.0017478540919335273,2.5,0.008701249174730172,97947.1043466713,852.2621608636837,487604.8663311973,0.991917819299026,5461878.545090223,55.7635530067188
Cabo Rojo,2015-2019,1,30,5,0.001497118168020686,2.5,0.007457678276007769,97094.84218580762,724.1020952815015,483663.9556908343,0.990599219664375,4974273.678759025,51.23108052681007
Cabo Rojo,2015-2019,1,35,5,0.0022846716626691134,2.5,0.011358482306702935,96370.74009052612,1094.6253462020977,479117.13708712533,0.9884174229964743,4490609.723068192,46.597231886461856
Cabo Rojo,2015-2019,1,40,5,0.002375877927790828,2.5,0.011809246319766695,95276.11474432402,1125.1391074060812,473567.7259531049,0.9868849675393542,4011492.5859810663,42.10386408751042
Cabo Rojo,2015-2019,1,45,5,0.002908277206434442,2.5,0.014436423230612134,94150.97563691794,1359.2033318695903,467356.8698549157,0.979365265598913,3537924.8600279614,37.577144964185486
Cabo Rojo,2015-2019,1,50,5,0.005458246010727528,2.5,0.026923837728943936,92791.77230504835,2498.31062012224,457713.08497493615,0.9681382608999921,3070567.9901730455,33.09095099594289
Cabo Rojo,2015-2019,1,55,5,0.007526249011687684,2.5,0.03693626621568533,90293.46168492611,3335.103338330213,443129.550078805,0.9567399080139464,2612854.9051981093,28.937365523934808
Cabo Rojo,2015-2019,1,60,5,0.010219901669024152,2.5,0.04982645467683734,86958.3583465959,4332.826700928839,423959.72498065734,0.9370860289045857,2169725.3551193043,24.95131458750959
Cabo Rojo,2015-2019,1,65,5,0.01594910852167167,2.5,0.07668778797654616,82625.53164566706,6336.369252292323,397286.73509760445,0.905030852121418,1745765.630138647,21.128646259430106
Cabo Rojo,2015-2019,1,70,5,0.024351159497051585,2.5,0.11476890755247612,76289.16239337473,8755.623825981063,359556.752401921,0.8732269231447921,1348478.8950410425,17.675890686645552
Cabo Rojo,2015-2019,1,75,5,0.03018467542217664,2.5,0.14033356903080688,67533.53856739367,9477.222496441995,313974.6365958633,0.8217899579245442,988922.1426391215,14.643422566289008
Cabo Rojo,2015-2019,1,80,5,0.05001197813587716,2.5,0.22226954199328663,58056.316070951674,12904.150782907913,258021.2033974886,0.6177166356090636,674947.5060432582,11.625737761562284
Cabo Rojo,2015-2019,1,85,NA,0.14074691827710858,9.233805288982923,1,45152.16528804376,45152.16528804376,416926.3026457696,0,416926.3026457696,9.233805288982923
Cabo Rojo,2015-2019,2,0,1,0.0057677736524432465,0.13717566784534296,0.0057392120307504565,100000,573.9212030750496,99504.80682124737,0.9941164953807627,8454687.505697444,84.54687505697444
Cabo Rojo,2015-2019,2,1,4,1.5269836875257914e-4,1.514662302025969,6.105617625400026e-4,99426.07879692495,60.705761912686285,397553.440869134,0.9993546812700107,8355182.6988761965,84.03411660175625
Cabo Rojo,2015-2019,2,5,5,7.197240732137809e-5,2.5,3.5979729791269416e-4,99365.37303501226,35.75139272407978,496737.4866932511,0.999578950739124,7957629.258007063,80.08453060608068
Cabo Rojo,2015-2019,2,10,5,9.648792319781394e-5,2.5,4.823232700624739e-4,99329.62164228818,47.908987924587564,496528.3357416295,0.9990493179062038,7460891.771313812,75.11245535780277
Cabo Rojo,2015-2019,2,15,5,2.8405496028502153e-4,2.5,0.0014192669268987225,99281.7126543636,140.90725121620926,496056.29514377745,0.998049924181338,6964363.435572182,70.14749493512173
Cabo Rojo,2015-2019,2,20,5,4.969444465281689e-4,2.5,0.00248163914066774,99140.80540314739,246.03170312577276,495088.9477579225,0.9969374086998303,6468307.140428404,65.24364124464796
Cabo Rojo,2015-2019,2,25,5,7.303287720833581e-4,2.5,0.003644988760003413,98894.77370002161,360.47033855966583,493572.6926537089,0.9961302242900462,5973218.192670482,60.3997356906756
Cabo Rojo,2015-2019,2,30,5,8.207576599544221e-4,2.5,0.004095385003242425,98534.30336146195,403.53590829148015,491662.6770365811,0.9953163783353225,5479645.500016773,55.611551643241576
Cabo Rojo,2015-2019,2,35,5,0.001057644613140162,2.5,0.005274277288295377,98130.76745317047,517.56887806124,489359.91507069924,0.9947183241349133,4987982.8229801925,50.82995835491183
Cabo Rojo,2015-2019,2,40,5,0.0010606276242192151,2.5,0.00528911367092852,97613.19857510923,516.2873030466726,486775.2746179295,0.9931111722820833,4498622.907909493,46.08621552799536
Cabo Rojo,2015-2019,2,45,5,0.0017066603520859145,2.5,0.008497047823852704,97096.91127206256,825.0370986271009,483421.963613745,0.9899382724796771,4011847.6332915635,41.31797377210579
Cabo Rojo,2015-2019,2,50,5,0.0023415911077332503,2.5,0.011639816312732395,96271.87417343546,1120.5869314612792,478557.90353852406,0.9851200375250955,3528425.669677818,36.65063862080111
Cabo Rojo,2015-2019,2,55,5,0.00366492787142868,2.5,0.018158267505449452,95151.28724197418,1727.782527227624,471436.97989180184,0.9789854584467255,3049867.7661392945,32.05282718228854
Cabo Rojo,2015-2019,2,60,5,0.004842654922988434,2.5,0.0239236397849907,93423.50471474655,2235.0302742469794,461529.9478881153,0.9701801472810972,2578430.7862474923,27.599379771935453
Cabo Rojo,2015-2019,2,65,5,0.007303062410036961,2.5,0.035860581881335715,91188.47444049957,3270.0717543076025,447767.19281672884,0.9506108102940976,2116900.8383593773,23.214565780905282
Cabo Rojo,2015-2019,2,70,5,0.013099591691442567,2.5,0.063420985907084,87918.40268619197,5575.871777734326,425652.333986624,0.9155156976196391,1669133.6455426484,18.985031512689144
Cabo Rojo,2015-2019,2,75,5,0.022603795122800103,2.5,0.10697393342732238,82342.53090845764,8808.504419638586,389691.39349319175,0.8552781194823731,1243481.3115560242,15.101324890516604
Cabo Rojo,2015-2019,2,80,5,0.041255535808171574,2.5,0.1869915840607458,73534.02648881906,13750.244095509108,333294.5222053225,0.6096293535984405,853789.9180628326,11.610814188077303
Cabo Rojo,2015-2019,2,85,NA,0.1026493808689419,8.706297511141676,1,59783.78239330995,59783.78239330995,520495.39585751,0,520495.39585751,8.706297511141676
Cabo Rojo,2020-2024,1,0,1,0.009754254363406318,0.12982587313054086,0.009672158055235773,100000,967.2158055235777,99158.35383093418,0.9899810883800468,7914079.6020823065,79.14079602082306
Cabo Rojo,2020-2024,1,1,4,3.1784092506352866e-4,1.6238577877795746,0.0012704042461998447,99032.78419447642,125.81166955365916,395832.1903590893,0.9987223723081968,7814921.248251372,78.91246632937995
Cabo Rojo,2020-2024,1,5,5,1.4299921461941639e-4,2.5,7.147405547521164e-4,98906.97252492276,70.69282441130781,494358.13056358555,0.9991917567191411,7419089.0578922825,75.0107790026917
Cabo Rojo,2020-2024,1,10,5,1.8044394032649483e-4,2.5,9.018128849564773e-4,98836.27970051146,89.13183053508692,493958.56892621954,0.9979980628318198,6924730.927328697,70.06264246602215
Cabo Rojo,2020-2024,1,15,5,6.215752816046518e-4,2.5,0.003103054453159366,98747.14786997637,306.4177769347152,492969.69490754505,0.9954350285377374,6430772.358402478,65.12362632356823
Cabo Rojo,2020-2024,1,20,5,0.00120993662948518,2.5,0.006031438999989419,98440.73009304165,593.7392586705973,490719.3023185318,0.9921553888809803,5937802.6634949325,60.31855572264442
Cabo Rojo,2020-2024,1,25,5,0.0019431510827120288,2.5,0.009668785635370443,97846.99083437106,946.0615794436017,486869.8002232463,0.9906327754392619,5447083.3611764,55.6694009159348
Cabo Rojo,2020-2024,1,30,5,0.0018207945328514137,2.5,0.009062719289917445,96900.92925492745,878.1859207695525,482309.1814727134,0.9887765141024544,4960213.560953154,51.188503547822535
Cabo Rojo,2020-2024,1,35,5,0.0026988907888747422,2.5,0.013404014019446133,96022.7433341579,1287.0901978367328,476895.99117619765,0.9876615822771575,4477904.379480441,46.63378928778771
Cabo Rojo,2020-2024,1,40,5,0.00226441560590608,2.5,0.011258344104314227,94735.65313632117,1066.5665819556598,471011.84922671673,0.9862361793520654,4001008.3883042433,42.23339635973098
Cabo Rojo,2020-2024,1,45,5,0.0032863453208511213,2.5,0.016297825894583826,93669.08655436551,1526.602464367752,464528.9266109082,0.9811951578111534,3529996.539077527,37.685822173879295
Cabo Rojo,2020-2024,1,50,5,0.004316767689861242,2.5,0.021353394342390964,92142.48408999776,1967.5547984612058,455793.53345383576,0.9716028178613426,3065467.6124666184,33.268775448603094
Cabo Rojo,2020-2024,1,55,5,0.007247925835685189,2.5,0.0355946605292696,90174.92929153655,3209.7459963831207,442850.28146672493,0.9545377700367956,2609674.079012783,28.940128919598898
Cabo Rojo,2020-2024,1,60,5,0.011457866302320279,2.5,0.055693995622392925,86965.18329515343,4843.438537740891,422717.3201314149,0.9367091547258566,2166823.797546058,24.915991842298745
Cabo Rojo,2020-2024,1,65,5,0.014794850394510072,2.5,0.07133574768557874,82121.74475741254,5858.216063514279,395963.183628277,0.9140747098791291,1744106.477414643,21.238059207908087
Cabo Rojo,2020-2024,1,70,5,0.021415389182386235,2.5,0.10163553459182181,76263.52869389826,7751.084508663087,361939.9321978336,0.8750471171616525,1348143.293786366,17.67743136037487
Cabo Rojo,2020-2024,1,75,5,0.032644829509992736,2.5,0.15090821516099381,68512.44418523517,10339.090668311052,316714.4942553983,0.8150612147211838,986203.3615885323,14.394514358912112
Cabo Rojo,2020-2024,1,80,5,0.05070868770963675,2.5,0.22501757384497176,58173.35351692412,13090.026870804126,258141.7004076103,0.6144197267448207,669488.867333134,11.508514239915058
Cabo Rojo,2020-2024,1,85,NA,0.12644900975869336,9.124152930292366,1,45083.32664612,45083.32664612,411347.1669255237,0,411347.1669255237,9.124152930292366
Cabo Rojo,2020-2024,2,0,1,0.00597855490445995,0.1367424554615106,0.005947857816211435,100000,594.7857816211472,99486.54668663132,0.9939059379053368,8473819.725312108,84.73819725312109
Cabo Rojo,2020-2024,2,1,4,1.5631457005694003e-4,1.514322835333024,6.250154320083814e-4,99405.21421837885,62.12979290858493,397466.422266037,0.9993387672830726,8374333.1786254775,84.24440553217138
Cabo Rojo,2020-2024,2,5,5,7.333891972081194e-5,2.5,3.666273784643681e-4,99343.08442547027,36.421894611470634,496624.3673908226,0.9995934004518163,7976866.75635944,80.29614544879458
Cabo Rojo,2020-2024,2,10,5,8.933722402760715e-5,2.5,4.4658637816975014e-4,99306.6625308588,44.349002747781924,496422.4401474245,0.9990462528423005,7480242.388968618,75.3246781065086
Cabo Rojo,2020-2024,2,15,5,2.924405533987864e-4,2.5,0.0014611345295179263,99262.31352811102,145.03559377575584,495948.9786561157,0.9980098595141714,6983819.948821193,70.35721514634433
Cabo Rojo,2020-2024,2,20,5,5.046199054364122e-4,2.5,0.002519920522043209,99117.27793433526,249.76766275579575,494961.97051478684,0.9971155004927243,6487870.970165078,65.45650874778121
Cabo Rojo,2020-2024,2,25,5,6.510578735894097e-4,2.5,0.0032499995234997075,98867.51027157946,321.3193612722389,493534.25295471674,0.996532487048649,5992908.99965029,60.61555492990923
Cabo Rojo,2020-2024,2,30,5,7.385080933292586e-4,2.5,0.0036857356027151012,98546.19091030722,363.2152043500828,491822.91654066095,0.9954631220170517,5499374.746695573,55.80504630261034
Cabo Rojo,2020-2024,2,35,5,0.001081148137029202,2.5,0.0053911690541976216,98182.97570595714,529.3210202749906,489591.5759790982,0.9946800077761592,5007551.830154913,51.00224141863206
Cabo Rojo,2020-2024,2,40,5,0.0010524477664406507,2.5,0.005248429587212296,97653.65468568215,512.5283305517514,486986.9526020314,0.9935964118553334,4517960.254175815,46.265142546049866
Cabo Rojo,2020-2024,2,45,5,0.0015187127020801112,2.5,0.007564841458370433,97141.1263551304,734.8572199640912,483868.48872574174,0.9890616817309358,4030973.301573783,41.496052730923395
Cabo Rojo,2020-2024,2,50,5,0.0028882067299850754,2.5,0.01433750942191637,96406.26913516631,1382.2257920572447,478575.78119568847,0.9837477121882615,3547104.8128480413,36.79330031820676
Cabo Rojo,2020-2024,2,55,5,0.0036723931857225,2.5,0.018194918690081923,95024.04334310906,1728.9547422306932,470797.82985996857,0.9759065536706967,3068529.031652353,32.29213285076314
Cabo Rojo,2020-2024,2,60,5,0.006112250525998222,2.5,0.030101286125112505,93295.08860087837,2808.3021560427587,459454.6876142849,0.9635731292150423,2597731.2017923845,27.844243901258558
Cabo Rojo,2020-2024,2,65,5,0.00877826241883207,2.5,0.04294877309223409,90486.78644483561,3886.2964588646864,442718.1910770163,0.9452843476510944,2138276.5141780996,23.630815041505304
Cabo Rojo,2020-2024,2,70,5,0.013866725449651004,2.5,0.06701058382785094,86600.48998597093,5803.149393737884,418494.5764455099,0.909385495194664,1695558.3231010833,19.57908463769385
Cabo Rojo,2020-2024,2,75,5,0.024609009700218343,2.5,0.11591374246906701,80797.34059223304,9365.522129593606,380572.8976371812,0.8552048116628362,1277063.7466555734,15.805764611741887
Cabo Rojo,2020-2024,2,80,5,0.038948641518845036,2.5,0.17746331955408448,71431.81846263944,12676.527626164723,325467.7732477854,0.6369536023662097,896490.849018392,12.55030136867198
Cabo Rojo,2020-2024,2,85,NA,0.0993993253632013,9.718666483327508,1,58755.29083647471,58755.29083647471,571023.0757706066,0,571023.0757706066,9.718666483327508
Caguas,1980-1984,1,0,1,0.015691470804535788,0.11797845458308906,0.015477262163491523,100000,1547.7262163491541,98634.87213077345,0.9838999709079865,7170722.393218088,71.70722393218088
Caguas,1980-1984,1,1,4,5.24702050748536e-4,1.6063670091014002,0.0020961755236307907,98452.27378365085,206.37324655109842,393315.1133232198,0.997878232776862,7072087.521087315,71.83264793485874
Caguas,1980-1984,1,5,5,2.6344796448251787e-4,2.5,0.001316372833054169,98245.90053709975,129.32823442596418,490906.1820994338,0.998628357209273,6678772.407764095,67.98016376512369
Caguas,1980-1984,1,10,5,2.8560089421588304e-4,2.5,0.0014269856001708104,98116.57230267378,140.01093581404712,490232.8341738338,0.9964640347339555,6187866.225664661,63.066473689848166
Caguas,1980-1984,1,15,5,0.0011327907208444757,2.5,0.005647958716158935,97976.56136685974,553.3675737512385,488499.3878999206,0.9914389135072343,5697633.391490827,58.153024682677156
Caguas,1980-1984,1,20,5,0.0023114322476561343,2.5,0.011490760949757229,97423.1937931085,1119.4666308384767,484317.3023884463,0.9882364480776417,5209134.003590907,53.46913605248065
Caguas,1980-1984,1,25,5,0.002422485555905289,2.5,0.01203951390816979,96303.72716227002,1159.4500625787477,478620.01065490325,0.9875684382684413,4724816.701202461,49.06161828234571
Caguas,1980-1984,1,30,5,0.00258224041787869,2.5,0.012828387139970879,95144.27709969127,1220.547620787518,472670.01644648757,0.9871285462387646,4246196.690547558,44.629028881037506
Caguas,1980-1984,1,35,5,0.0025998043480698896,2.5,0.012915080037258114,93923.72947890376,1213.0324836178188,466586.0661854742,0.9844917898782442,3773526.67410107,40.17649953890133
Caguas,1980-1984,1,40,5,0.0036602435263356917,2.5,0.018135268880384,92710.69699528594,1681.3334180973034,459350.1514311864,0.9752223375293426,3306940.6079155956,35.66946118508573
Caguas,1980-1984,1,45,5,0.006409637291290191,2.5,0.031542742608222873,91029.36357718863,2871.315785105602,447968.5284231791,0.9630246412834205,2847590.456484409,31.282108811732886
Caguas,1980-1984,1,50,5,0.008702275971020842,2.5,0.04258491563495907,88158.04779208303,3754.203027768541,431404.7313909938,0.9517617427221313,2399621.92806123,27.219544762613566
Caguas,1980-1984,1,55,5,0.01112991462530269,2.5,0.054143054199528716,84403.84476431449,4569.881941722895,410594.5189672652,0.9274374130368997,1968217.1966702363,23.319046687579196
Caguas,1980-1984,1,60,5,0.019295232118510044,2.5,0.09203649667571902,79833.9628225916,7347.638253930927,380800.7184781307,0.8933648262484153,1557622.677702971,19.510777401396783
Caguas,1980-1984,1,65,5,0.026147030525274496,2.5,0.12271365820874226,72486.32456866067,8895.062057926574,340193.96769848693,0.8493500306234716,1176821.9592248404,16.235089394139834
Caguas,1980-1984,1,70,5,0.04016360274961786,2.5,0.18249397496168931,63591.262510734094,11605.02226841612,288943.7568826302,0.7880520908586724,836627.9915263534,13.156335611124753
Caguas,1980-1984,1,75,5,0.0566149895729601,2.5,0.2479769208886818,51986.240242317974,12891.387783869293,227702.73175191664,0.7044729969529013,547684.2346437232,10.535176848544163
Caguas,1980-1984,1,80,5,0.08743530541596822,2.5,0.35875655474464474,39094.85245844868,14025.534576243252,160410.4258516353,0.49868844166947396,319981.5028918066,8.184747678275386
Caguas,1980-1984,1,85,NA,0.15849763541634346,6.365194210307463,1,25069.31788220543,25069.31788220543,159571.07704017134,0,159571.07704017134,6.365194210307463
Caguas,1980-1984,2,0,1,0.014207165763480559,0.1198304384212913,0.01403170331451394,100000,1403.1703314514016,98764.97218454618,0.9856636686828614,7831987.74214877,78.3198774214877
Caguas,1980-1984,2,1,4,3.254337227413262e-4,1.5011704187072858,0.0013006771758465178,98596.8296685486,128.24264596070861,394066.8621568845,0.9985801500234356,7733222.769964224,78.4327731019433
Caguas,1980-1984,2,5,5,1.7137516165845497e-4,2.5,8.565088474367964e-4,98468.58702258789,84.33921597944573,492132.08707299083,0.9990894950079355,7339155.907807339,74.53296660105214
Caguas,1980-1984,2,10,5,1.9300256496622463e-4,2.5,9.645474245137163e-4,98384.24780660844,94.89627283456502,491683.9983509558,0.9983078118887915,6847023.820734348,69.5947163634709
Caguas,1980-1984,2,15,5,4.846928710311506e-4,2.5,0.002420531319469117,98289.35153377388,237.91245375781727,490851.9765344748,0.9967807913644059,6355339.822383393,64.65949488129027
Caguas,1980-1984,2,20,5,8.055839259375876e-4,2.5,0.004019823865959146,98051.43908001606,394.14951490548265,489271.8216128166,0.9957632230683555,5864487.845848918,59.81031895985873
Caguas,1980-1984,2,25,5,8.929099068154546e-4,2.5,0.004454605630331576,97657.28956511058,435.0247119396663,487198.8860457037,0.9949727614292526,5375216.024236102,55.0416261619908
Caguas,1980-1984,2,30,5,0.001123634299171651,2.5,0.005602433778976018,97222.26485317091,544.6813006819575,484749.6210141496,0.9940393652287833,4888017.138190398,50.27672566127197
Caguas,1980-1984,2,35,5,0.001268178759726376,2.5,0.006320853867087942,96677.58355248896,611.0848778584768,481860.2055677986,0.992059426800918,4403267.517176248,45.54589963231333
Caguas,1980-1984,2,40,5,0.0019233228054284079,2.5,0.009570595664882534,96066.49867463048,919.4136157558532,478033.95933376276,0.9884707705524193,3921407.3116084496,40.81971723451628
Caguas,1980-1984,2,45,5,0.0027197253107458692,2.5,0.013506789659469894,95147.08505887463,1285.1316646019113,472522.5961328683,0.9828389224244494,3443373.3522746866,36.19000361539204
Caguas,1980-1984,2,50,5,0.0042170752754177605,2.5,0.020865398981695215,93861.95339427271,1958.4671067727904,464413.5992044316,0.9743608925222234,2970850.756141818,31.65127774043422
Caguas,1980-1984,2,55,5,0.006197465191836166,2.5,0.030514543900018034,91903.48628749992,2804.392966884625,452506.44902028807,0.9605171703327412,2506437.156937387,27.272492678858203
Caguas,1980-1984,2,60,5,0.009990104259919927,2.5,0.04873339212883313,89099.0933206153,4342.101053117032,434640.2139702839,0.9440848539626538,2053930.7079170987,23.052206609176242
Caguas,1980-1984,2,65,5,0.013108942594590226,2.5,0.06346482122733836,84756.99226749827,5379.087362023682,410337.2429324321,0.9048479784684671,1619290.4939468147,19.105096236027755
Caguas,1980-1984,2,70,5,0.027575754835918523,2.5,0.12898652238362146,79377.90490547458,10238.679907854981,371292.8247577355,0.8442392673151118,1208953.2510143826,15.230349710716574
Caguas,1980-1984,2,75,5,0.04113589545352709,2.5,0.18649987850676134,69139.2249976196,12894.457062107685,313459.9823328288,0.7703917480343333,837660.4262566471,12.115559963038159
Caguas,1980-1984,2,80,5,0.06582028618831962,2.5,0.28259948370608357,56244.76793551192,15894.742379744152,241486.9837281992,0.5393231987356074,524200.4439238183,9.31998589672992
Caguas,1980-1984,2,85,NA,0.13991632632610917,7.006524935278686,1,40350.02555576777,40350.02555576777,282713.4601956191,0,282713.4601956191,7.006524935278686
Caguas,1985-1989,1,0,1,0.013896579215040542,0.12156007100534735,0.013728985235476623,100000,1372.8985235476575,98793.99111845793,0.9856711015043973,7052432.967660341,70.52432967660341
Caguas,1985-1989,1,1,4,4.960564362627494e-4,1.611634567485509,0.001981877687625218,98627.10147645234,195.46685181133216,394041.55963374075,0.998095034937603,6953638.976541883,70.50434284740787
Caguas,1985-1989,1,5,5,2.126111991082866e-4,2.5,0.0010624912516937713,98431.63462464101,104.58275067860086,491896.7162465085,0.9986670976067558,6559597.416908142,66.64115090562599
Caguas,1985-1989,1,10,5,3.2097758998727877e-4,2.5,0.0016036011498554404,98327.05187396241,157.67737344697525,491241.06593619456,0.9968810515642215,6067700.700661634,61.709372802505406
Caguas,1985-1989,1,15,5,9.295008495448773e-4,2.5,0.0046367296373817455,98169.37450051543,455.18484822977916,489708.9103820027,0.9931534578060842,5576459.634725439,56.804473524440766
Caguas,1985-1989,1,20,5,0.0018215876044149642,2.5,0.009066648784476355,97714.18965228566,885.9402388369926,486356.0976643358,0.9885524910733823,5086750.724343437,52.057441630990915
Caguas,1985-1989,1,25,5,0.0027893470413878287,2.5,0.013850152998714808,96828.24941344866,1341.0860689739784,480788.53189480834,0.9845204993080378,4600394.626679101,47.51087264870187
Caguas,1985-1989,1,30,5,0.0034559496097729793,2.5,0.017131732042199956,95487.16334447468,1635.8604958873184,473346.16548265517,0.9796494498645063,4119606.0947842924,43.14303567614223
Caguas,1985-1989,1,35,5,0.004781578191129863,2.5,0.023625473335508844,93851.30284858737,2217.2814529520692,463713.3106105567,0.9767328939868467,3646259.929301637,38.85145777021592
Caguas,1985-1989,1,40,5,0.004633062162634989,2.5,0.022900067225711838,91634.0213956353,2098.4252501223527,452924.0438528706,0.9736675701712608,3182546.6186910807,34.73105916579005
Caguas,1985-1989,1,45,5,0.0060594703465608,2.5,0.029845235927580784,89535.59614551294,2672.2109908794373,440997.4532503661,0.9637025943663029,2729622.57483821,30.48645111383451
Caguas,1985-1989,1,50,5,0.008778114696765718,2.5,0.04294806586344468,86863.3851546335,3730.614386742949,424990.3898063102,0.9494940431666663,2288625.121587844,26.347408836457983
Caguas,1985-1989,1,55,5,0.012031953353247552,2.5,0.058403011005955616,83132.77076789056,4855.2041261127015,403525.84352417104,0.9293493581481456,1863634.7317815337,22.4175702862697
Caguas,1985-1989,1,60,5,0.017462005267675964,2.5,0.08365793795523668,78277.56664177786,6548.539813404757,375016.4836753774,0.8962899611443544,1460108.8882573626,18.652967266334027
Caguas,1985-1989,1,65,5,0.02680160585968375,2.5,0.12559280701720277,71729.0268283731,9008.649823987624,336123.5095818964,0.8420507357673715,1085092.4045819852,15.127661039906464
Caguas,1985-1989,1,70,5,0.04320179092322249,2.5,0.1949531423744021,62720.377004385475,12227.534587912138,283033.04855214705,0.7574990680676237,748968.8950000888,11.94139657272341
Caguas,1985-1989,1,75,5,0.07102131754032108,2.5,0.30156307112041236,50492.84241647334,15226.776628710722,214397.27051058988,0.6532890901644222,465935.84644794185,9.227760295307318
Caguas,1985-1989,1,80,5,0.1035729012050091,2.5,0.41135216353845716,35266.065787762614,14506.772461285716,140063.39778559876,0.4431732895693785,251538.57593735197,7.132595324104349
Caguas,1985-1989,1,85,NA,0.16307926690897098,5.369892722194695,1,20759.293326476898,20759.293326476898,111475.17815175319,0,111475.17815175319,5.369892722194695
Caguas,1985-1989,2,0,1,0.011289991837433719,0.1258260184762776,0.0111796551574727,100000,1117.965515747259,99022.70363389299,0.9883470525672962,7899743.849518292,78.99743849518292
Caguas,1985-1989,2,1,4,3.8283540888703815e-4,1.505810701058792,0.0015298808074712493,98882.03448425274,151.2777267611673,395150.8226497551,0.9986412420140761,7800721.145884398,78.88916512055268
Caguas,1985-1989,2,5,5,1.2297393679135718e-4,2.5,6.146807096899351e-4,98730.75675749157,60.68789163194015,493502.06405837805,0.9992545098771929,7405570.323234644,75.00773382528254
Caguas,1985-1989,2,10,5,1.7535283613876135e-4,2.5,8.763799914012381e-4,98670.06886585963,86.47247410421551,493134.1631440376,0.9984925835055277,6912068.259176265,70.05233034318756
Caguas,1985-1989,2,15,5,4.282593268233427e-4,2.5,0.0021390065103961808,98583.59639175542,210.8709545002348,492390.8045725265,0.9969118261636892,6418934.096032228,65.11158378240141
Caguas,1985-1989,2,20,5,8.09510115660408e-4,2.5,0.004039375789395865,98372.72543725518,397.3644054681354,490870.2161726056,0.995547585493436,5926543.291459701,60.24579745165048
Caguas,1985-1989,2,25,5,9.758003546195806e-4,2.5,0.004867128409029129,97975.36103178705,476.858663062696,488684.6585012785,0.9946517052373899,5435673.075287096,55.48000046178499
Caguas,1985-1989,2,30,5,0.0011697738457571573,2.5,0.005831814468688836,97498.50236872435,568.5931767894217,486071.0289016482,0.9929809421388449,4946988.416785818,50.739122105456225
Caguas,1985-1989,2,35,5,0.0016494267202923042,2.5,0.008213265651893792,96929.90919193493,796.1110938073107,482659.26822515635,0.9918212209610092,4460917.387884169,46.022093955034265
Caguas,1985-1989,2,40,5,0.0016354609691979923,2.5,0.008144006832720471,96133.79809812762,782.9143085665128,478711.7047192218,0.9903481485784287,3978258.1196590126,41.38251268922346
Caguas,1985-1989,2,45,5,0.002246966990976612,2.5,0.01117207673576824,95350.8837895611,1065.2673905202973,474091.25047150475,0.9856309437259868,3499546.414939791,36.701772189791875
Caguas,1985-1989,2,50,5,0.0035516899514082935,2.5,0.017602156253321365,94285.61639904081,1659.6301522966533,467279.0066144624,0.9757213020084429,3025455.164468286,32.08819414897589
Caguas,1985-1989,2,55,5,0.006313062175167396,2.5,0.031074866957861883,92625.98624674416,2878.340199458311,455934.08073507505,0.9593737021942019,2558176.1578538236,27.61834190935532
Caguas,1985-1989,2,60,5,0.010358275325270738,2.5,0.050484057215906,89747.64604728585,4530.825298044045,437411.1669913191,0.9426528901859835,2102242.077118749,23.423924411467336
Caguas,1985-1989,2,65,5,0.013345918451333462,2.5,0.06457505859177745,85216.8207492418,5502.881192887289,412326.9007639908,0.9067926183056995,1664830.9101274298,19.536411890163624
Caguas,1985-1989,2,70,5,0.02639747362645259,2.5,0.12381627593590394,79713.93955635451,9869.883136047574,373894.98994165356,0.8470295489008007,1252504.009363439,15.712484119267115
Caguas,1985-1989,2,75,5,0.04107378173332371,2.5,0.18624449438782198,69844.05642030694,13008.070973994574,316700.10466654826,0.7782912233763839,878609.0194217853,12.579581777646187
Caguas,1985-1989,2,80,5,0.06117212617351913,2.5,0.2652897809808336,56835.98544631236,15078.006130882051,246484.91190435668,0.5613436529802637,561908.914755237,9.886499025973954
Caguas,1985-1989,2,85,NA,0.13960164021071444,7.553622278229484,1,41757.97931543031,41757.97931543031,315424.0028508804,0,315424.0028508804,7.553622278229484
Caguas,1990-1994,1,0,1,0.01691168792638976,0.11554357232728557,0.016662456712592397,100000,1666.2456712592393,98526.27830597293,0.9828617536211885,6927237.021667331,69.27237021667331
Caguas,1990-1994,1,1,4,4.5698204896572545e-4,1.6027960179249592,0.0018259279298178794,98333.75432874076,179.55034847269417,392904.59850462136,0.9981033777213717,6828710.7433613585,69.44421872200886
Caguas,1990-1994,1,5,5,2.2197960939989068e-4,2.5,0.0011092824517860494,98154.20398026807,108.88073604434612,490498.8180612295,0.9985838590676998,6435806.144856737,65.5683188684463
Caguas,1990-1994,1,10,5,3.4496528297762205e-4,2.5,0.0017233401835528954,98045.32324422372,168.96544535619614,489804.2026077281,0.9959974351631511,5945307.326795507,60.63835714005636
Caguas,1990-1994,1,15,5,0.0012611083195773782,2.5,0.0062857241503355,97876.35779886752,615.223785963215,487843.7295294296,0.9894772687683973,5455503.12418778,55.73872227038369
Caguas,1990-1994,1,20,5,0.0029793349136085323,2.5,0.014786539435066803,97261.13401290431,1438.1555935811339,482710.2810805687,0.9837405999297675,4967659.394658349,51.07548297760188
Caguas,1990-1994,1,25,5,0.00358267729799517,2.5,0.017754366079244837,95822.97841932318,1701.2762376602332,474861.7015024653,0.9784885189675582,4484949.113577781,46.80452630006509
Caguas,1990-1994,1,30,5,0.005132318895555787,2.5,0.02533650689506661,94121.70218166294,2384.715156301114,464646.72301756195,0.9730107983199732,4010087.4120753156,42.6053430731151
Caguas,1990-1994,1,35,5,0.00582045110520193,2.5,0.02868485848532596,91736.98702536183,2631.462490692691,452106.2789000774,0.9704329978756678,3545440.689057754,38.64788679050003
Caguas,1990-1994,1,40,5,0.00618935027732894,2.5,0.030475197210872777,89105.52453466914,2715.508432772316,438738.8515914149,0.9656135350014627,3093334.4101576763,34.71540542869621
Caguas,1990-1994,1,45,5,0.0078346413423819,2.5,0.03842067616715584,86390.01610189682,3319.162832726346,423652.1734276683,0.9599103459477945,2654595.5585662615,30.728036390630745
Caguas,1990-1994,1,50,5,0.008543735686484939,2.5,0.04182531729254745,83070.85326917047,3474.46479574572,406668.1043564881,0.9494437060322373,2230943.385138593,26.855910314412867
Caguas,1990-1994,1,55,5,0.012300657560231952,2.5,0.05966838681762218,79596.38847342475,4749.38809671803,386108.47212532867,0.9228764705007089,1824275.2807821052,22.91907102532906
Caguas,1990-1994,1,60,5,0.020098848364202924,2.5,0.0956862816571128,74847.00037670672,7161.831159235589,356330.42398544465,0.8934005315008461,1438166.8086567763,19.21475545337086
Caguas,1990-1994,1,65,5,0.025230496558572187,2.5,0.11866738986391998,67685.16921747114,8032.022363535034,318345.7901785181,0.8439695674679312,1081836.3846713318,15.98335938550161
Caguas,1990-1994,1,70,5,0.044055707560412896,2.5,0.19842423736629575,59653.1468539361,11836.63017099192,268674.1588422007,0.7796700482338944,763490.5944928137,12.798831826295116
Caguas,1990-1994,1,75,5,0.05653195636522235,2.5,0.24765826609516545,47816.51668294418,11842.155612408504,209477.19438369962,0.6992355885828336,494816.435650613,10.34823257686419
Caguas,1990-1994,1,80,5,0.09120503767678208,2.5,0.3713522080642663,35974.36107053568,13359.158417244606,146473.90930956686,0.4866674886383694,285339.24126691336,7.931738960073337
Caguas,1990-1994,1,85,NA,0.16317983477062736,6.140353198963625,1,22615.20265329107,22615.20265329107,138865.3319573465,0,138865.3319573465,6.140353198963625
Caguas,1990-1994,2,0,1,0.011596743064896064,0.12519556188101105,0.011480277005889623,100000,1148.0277005889657,98995.70027244123,0.9882381108503344,7860985.304373897,78.60985304373897
Caguas,1990-1994,2,1,4,2.88660239929838e-4,1.5053215893114176,0.001153810084383597,98851.97229941103,114.05640250026772,395123.35515272594,0.9988273709028541,7761989.604101456,78.52134280731698
Caguas,1990-1994,2,5,5,1.215241330003217e-4,2.5,6.0743611963213e-4,98737.91589691077,59.97697649298061,493539.6370433214,0.999293657381763,7366866.24894873,74.61030731740631
Caguas,1990-1994,2,10,5,1.6112672496722673e-4,2.5,8.053092327379911e-4,98677.93892041779,79.46625528017466,493191.0289638885,0.9985262919580296,6873326.611905408,69.65413634600372
Caguas,1990-1994,2,15,5,4.289886959120413e-4,2.5,0.0021426455527565097,98598.47266513761,211.2615789645497,492464.2093782767,0.9970773343116294,6380135.58294152,64.70825977811931
Caguas,1990-1994,2,20,5,7.422469190387514e-4,2.5,0.003704360719366362,98387.21108617306,364.46172003561514,491024.90113077627,0.9951180208881646,5887671.373563243,59.84183623628165
Caguas,1990-1994,2,25,5,0.001216483573089191,2.5,0.006063976047323019,98022.74936613745,594.4076042490051,488627.72782006476,0.9924348387364221,5396646.472432467,55.055040868877846
Caguas,1990-1994,2,30,5,0.001823375058704997,2.5,0.009075505169098778,97428.34176188844,884.2114192767476,484931.18026125035,0.9911110755198055,4908018.744612402,50.37567771200944
Caguas,1990-1994,2,35,5,0.0017477301749093486,2.5,0.008700634968856886,96544.1303426117,839.9952364968049,480620.6636218165,0.9911019340297353,4423087.564351152,45.814153057826374
Caguas,1990-1994,2,40,5,0.0018277597399402672,2.5,0.009097229823659665,95704.13510611489,870.6425121348875,476344.0692502372,0.9879756585576036,3942466.9007293354,41.194321398526874
Caguas,1990-1994,2,45,5,0.0030182695405389618,2.5,0.01497832613881222,94833.49259398,1420.446980955283,470616.3455175118,0.9829748336930008,3466122.831479098,36.549564259105715
Caguas,1990-1994,2,50,5,0.0038574710687302354,2.5,0.019103130906664614,93413.04561302472,1784.4816387358442,462604.02396828396,0.974855315807637,2995506.4859615862,32.067324925587464
Caguas,1990-1994,2,55,5,0.006360331125730358,2.5,0.031303897740758715,91628.56397428887,2868.3311967836926,450971.99187948514,0.9618012143676069,2532902.461993302,27.643153533477168
Caguas,1990-1994,2,60,5,0.009273416371273074,2.5,0.045316485265491466,88760.23277750518,4022.3017808234144,433745.4094354674,0.948435273544914,2081930.4701138171,23.455667081592512
Caguas,1990-1994,2,65,5,0.011969687892701173,2.5,0.0581095563313324,84737.93099668177,4924.083574652235,411379.44604677823,0.9155240046240307,1648185.0606783496,19.450381208185156
Caguas,1990-1994,2,70,5,0.023834121385651053,2.5,0.11246910139150472,79813.84742202953,8976.591698154327,376627.7578647618,0.8582914445138795,1236805.6146315713,15.496128235639958
Caguas,1990-1994,2,75,5,0.03827289788191059,2.5,0.1746532722733996,70837.2557238752,12371.958511042401,323256.38234177005,0.7767061112065454,860177.8567668096,12.143014971102172
Caguas,1990-1994,2,80,5,0.06571939746447698,2.5,0.2822274434875338,58465.297212832804,16500.51136511664,251075.20765137242,0.5323800227580106,536921.4744250396,9.183592661309321
Caguas,1990-1994,2,85,NA,0.13066726248622929,6.8115745380176564,1,41964.785847716164,41964.785847716164,285846.2667736671,0,285846.2667736671,6.8115745380176564
Caguas,1995-1999,1,0,1,0.016591109767777588,0.11618327001388823,0.016351341860168105,100000,1635.1341860168031,98554.84105062613,0.9830966636672249,7002901.89068264,70.0290189068264
Caguas,1995-1999,1,1,4,4.948114850062013e-4,1.6037334069753135,0.0019769019269526306,98364.8658139832,194.45769277210638,392993.49078298634,0.997995954021182,6904347.049632013,70.19119065021401
Caguas,1995-1999,1,5,5,2.354797122551393e-4,2.5,0.0011767058353968761,98170.40812121109,115.51769209951453,490563.24637580663,0.9987718890146083,6511353.558849027,66.32704990702955
Caguas,1995-1999,1,10,5,2.560791755502055e-4,2.5,0.0012795766953880069,98054.89042911158,125.46875266192365,489960.7802639031,0.9966307100846041,6020790.312473221,61.40224405049872
Caguas,1995-1999,1,15,5,0.0010953272657185532,2.5,0.00546168050964562,97929.42167644965,534.859213691132,488309.9603480204,0.9910040741758326,5530829.532209317,56.477710554471564
Caguas,1995-1999,1,20,5,0.0025257646554380435,2.5,0.012549580062782303,97394.56246275852,1222.2608593060431,483917.1601655275,0.9849368187035666,5042519.571861297,51.77413855921826
Caguas,1995-1999,1,25,5,0.003553027764503291,2.5,0.017608728073162615,96172.30160345248,1693.4719071053696,476627.82824949897,0.9805730454086892,4558602.411695769,47.400367212716475
Caguas,1995-1999,1,30,5,0.004301315533574701,2.5,0.02127777164364682,94478.82969634711,2010.2989634378755,467368.40107314085,0.9759583522338795,4081974.5834462703,43.20517725045544
Caguas,1995-1999,1,35,5,0.0054462811458165,2.5,0.02686561154501144,92468.53073290923,2484.223626808278,456132.0945975255,0.9723088039825105,3614606.1823731293,39.09012237702511
Caguas,1995-1999,1,40,5,0.005790544360102825,2.5,0.028539572646937943,89984.30710610095,2568.1136697389593,443501.25135615736,0.9663558102336516,3158474.087775604,35.10027680772639
Caguas,1995-1999,1,45,5,0.00793406679531701,2.5,0.03889877037064408,87416.193436362,3400.3824351568474,428580.0110939178,0.9602151272527686,2714972.836419447,31.058008015367502
Caguas,1995-1999,1,50,5,0.008310515088849424,2.5,0.04070683845622263,84015.81100120515,3420.018046194571,411529.0098905393,0.9512487867082942,2286392.8253255286,27.21383984846295
Caguas,1995-1999,1,55,5,0.011763452825579725,2.5,0.05713694474270229,80595.79295501058,4604.997368564713,391466.47135364107,0.9312965639389776,1874863.8154349895,23.262551886319404
Caguas,1995-1999,1,60,5,0.016877461173430402,2.5,0.08097084992757139,75990.79558644586,6153.039305306869,364571.37966896215,0.9037768062820328,1483397.3440813485,19.520750278155205
Caguas,1995-1999,1,65,5,0.023912780416066825,2.5,0.1128193417174006,69837.756281139,7879.049690658365,329491.15717904904,0.85460106168577,1118825.9644123863,16.02035953028672
Caguas,1995-1999,1,70,5,0.04007342893076989,2.5,0.18212155652357753,61958.70659048063,11284.016084445968,281583.4927412882,0.7827932592712991,789334.8072333373,12.739691492440082
Caguas,1995-1999,1,75,5,0.05979773944947515,2.5,0.2601045386655104,50674.69050603466,13180.716996089664,220421.66003994917,0.6895471563843749,507751.3144920491,10.019820731447444
Caguas,1995-1999,1,80,5,0.09337055109380443,2.5,0.37850070656548734,37493.973509945,14191.495465461849,151991.12888607036,0.4710217809717636,287329.65445209993,7.663355669035395
Caguas,1995-1999,1,85,NA,0.17344827683966244,5.807902717800044,1,23302.47804448315,23302.47804448315,135338.52556602954,0,135338.52556602954,5.807902717800044
Caguas,1995-1999,2,0,1,0.010258063797801123,0.12794690921829327,0.010167113112311105,100000,1016.7113112311054,99113.3737586082,0.9895748381437134,7951410.307780866,79.51410307780866
Caguas,1995-1999,2,1,4,2.6272609405099824e-4,1.5074581069662698,0.0010502166357532084,98983.2886887689,103.95389644251554,395674.0453132485,0.9988881877086797,7852296.934022257,79.32952155905905
Caguas,1995-1999,2,5,5,1.2897903189533206e-4,2.5,6.446872816230129e-4,98879.33479232638,63.746249555959366,494237.308337742,0.9992948638208667,7456622.888709009,75.41133750919698
Caguas,1995-1999,2,10,5,1.531834549540769e-4,2.5,7.656240724188617e-4,98815.58854277042,75.65559331858822,493888.80373055564,0.9983733472482796,6962385.580371267,70.4583728442576
Caguas,1995-1999,2,15,5,4.982881875855363e-4,2.5,0.0024883411604103936,98739.93294945183,245.69863933428132,493085.41814892343,0.9967341515599404,6468496.776640711,65.5104432768062
Caguas,1995-1999,2,20,5,8.106988078753746e-4,2.5,0.004045295249286622,98494.23431011755,398.4382581368409,491475.0759052456,0.9954869109507491,5975411.358491788,60.66762588028952
Caguas,1995-1999,2,25,5,9.990455935529922e-4,2.5,0.0049827828995164785,98095.79605198071,488.7900550822669,489257.0051221979,0.9935394676009561,5483936.282586542,55.903886846288685
Caguas,1995-1999,2,30,5,0.0015954749838898044,2.5,0.007945682076989575,97607.00599689844,775.5542381381674,486096.14438914676,0.9915526168388067,4994679.277464344,51.17131937868328
Caguas,1995-1999,2,35,5,0.0017986723551529848,2.5,0.00895310253072775,96831.45175876027,866.9419157953962,481989.9040043129,0.9910588046107658,4508583.133075197,46.56114362828717
Caguas,1995-1999,2,40,5,0.0017938449184546322,2.5,0.00892918067880656,95964.50984296488,856.8844471409393,477680.3380969721,0.98906574663974,4026593.2290708846,41.95919132666807
Caguas,1995-1999,2,45,5,0.002608377081517743,2.5,0.012957391003265756,95107.62539582394,1232.3466896458267,472457.26025500515,0.984616036612655,3548912.8909739126,37.3147040124686
Caguas,1995-1999,2,50,5,0.0036005997684302373,2.5,0.017842390573731142,93875.27870617811,1674.9593878934975,465188.9950611568,0.9782095721664047,3076455.6307189073,32.771733656823116
Caguas,1995-1999,2,55,5,0.005229524951057908,2.5,0.025810187210270574,92200.31931828462,2379.7075024516525,455052.32783529395,0.9645715551262227,2611266.6356577505,28.32166585717995
Caguas,1995-1999,2,60,5,0.00927028477144227,2.5,0.04530152867862995,89820.61181583296,4069.01102210705,438930.5315238972,0.9441901908507064,2156214.3078224566,24.00578513363426
Caguas,1995-1999,2,65,5,0.013825221883012662,2.5,0.06681671948415467,85751.60079372591,5729.6406555516005,414433.90232975053,0.9167803138641607,1717283.7762985595,20.026259106572923
Caguas,1995-1999,2,70,5,0.02122935263442708,2.5,0.10079711920195375,80021.96013817431,8065.983054821554,379944.84305381763,0.8691840738530452,1302849.873968809,16.28115421965635
Caguas,1995-1999,2,75,5,0.03577725220677773,2.5,0.164199723714818,71955.97708335276,11815.151556716293,330242.0065249731,0.7916272616086568,922905.0309149914,12.825967603023605
Caguas,1995-1999,2,80,5,0.060093740396318956,2.5,0.26122389904524657,60140.825526636465,15710.220935867874,261428.5752935126,0.5588917065265196,592663.0243900183,9.854587448712804
Caguas,1995-1999,2,85,NA,0.13809694146515636,7.455096597207383,1,44430.60459076859,44430.60459076859,331234.44909650565,0,331234.44909650565,7.455096597207383
Caguas,2000-2004,1,0,1,0.011588768113190174,0.12616519266853468,0.01147258900234794,100000,1147.2589002347959,98997.48523995403,0.988004820540305,7317720.526881961,73.1772052688196
Caguas,2000-2004,1,1,4,4.316212775433475e-4,1.6184330893359258,0.0017247122182012355,98852.7410997652,170.49253037745075,395004.9250301985,0.9983595477282798,7218723.0416420065,73.02501641665809
Caguas,2000-2004,1,5,5,1.7779683593649207e-4,2.5,8.885892088080269e-4,98682.24856938775,87.68798117966799,493192.0228939896,0.9989925171825889,6823718.116611809,69.1483849986835
Caguas,2000-2004,1,10,5,2.2542340123138925e-4,2.5,0.0011264821675528555,98594.56058820809,111.06501432032383,492695.14040523965,0.9969226917742668,6330526.093717819,64.2076607061318
Caguas,2000-2004,1,15,5,0.0010086036734426004,2.5,0.005030334332995741,98483.49557388776,495.4049090187618,491178.9655968919,0.9927978472602007,5837830.953312579,59.27725167850805
Caguas,2000-2004,1,20,5,0.0018858395267918467,2.5,0.00938495135341103,97988.090664869,919.613464103415,487641.4196640864,0.9885840541467994,5346651.987715687,54.56430420714979
Caguas,2000-2004,1,25,5,0.002711493072586402,2.5,0.01346618171683355,97068.47720076558,1307.1417529618338,482074.5316214233,0.986967129712286,4859010.568051601,50.05755429748596
Caguas,2000-2004,1,30,5,0.002534689319621506,2.5,0.012593644159740512,95761.33544780375,1205.9841828911885,475791.7167817908,0.984679937020345,4376936.036430177,45.70671467730205
Caguas,2000-2004,1,35,5,0.0036492424971244996,2.5,0.018081255272765665,94555.35126491256,1709.679443626912,468502.5577154955,0.9807650492734578,3901144.3196483864,41.25778464635683
Caguas,2000-2004,1,40,5,0.004124063960567019,2.5,0.0204098905675136,92845.67182128565,1894.9700015397248,459490.93410257896,0.9764084478492693,3432641.761932891,36.97147852557117
Caguas,2000-2004,1,45,5,0.005440916566655276,2.5,0.026839504077338372,90950.70181974593,2441.0717323278514,448650.82976791,0.9682717187934919,2973150.8278303123,32.68969637774498
Caguas,2000-2004,1,50,5,0.007487976541318678,2.5,0.036751889490704556,88509.63008741807,3252.8961438359256,434415.91007750056,0.9543514676515321,2524499.998062402,28.522320063579926
Caguas,2000-2004,1,55,5,0.011286655664264669,2.5,0.05488461883615316,85256.73394358215,4679.283345708827,414585.4613536387,0.9330378175135884,2090084.0879849016,24.515178934346643
Caguas,2000-2004,1,60,5,0.016610492135892788,2.5,0.07974111285932121,80577.45059787332,6425.335582041385,386823.9140342632,0.9079823861790244,1675498.626631263,20.79364157340918
Caguas,2000-2004,1,65,5,0.022243331698854434,2.5,0.10535788266618958,74152.11501583194,7812.509833287826,351229.3004959401,0.8702578490227798,1288674.7125969997,17.378799139065144
Caguas,2000-2004,1,70,5,0.03407441682408485,2.5,0.15699804228680916,66339.60518254411,10415.188139739279,305660.0555633724,0.8113480037569095,937445.4121010596,14.131006802369829
Caguas,2000-2004,1,75,5,0.05100940839382556,2.5,0.2262010833675721,55924.41704280483,12650.163721782366,247996.67590956824,0.7317608581483577,631785.3565376872,11.29712905284494
Caguas,2000-2004,1,80,5,0.07691891103503086,2.5,0.32256599289844884,43274.253321022465,13958.802489434605,181474.2603815258,0.5271505660757891,383788.680628119,8.86875338509136
Caguas,2000-2004,1,85,NA,0.15887249677469165,6.901289746791007,1,29315.45083158786,29315.45083158786,202314.4202465932,0,202314.4202465932,6.901289746791007
Caguas,2000-2004,2,0,1,0.008138962835731546,0.13230223385260603,0.00808188725586861,100000,808.1887255868496,99298.73644818278,0.9916865419571979,8095929.473240301,80.95929473240301
Caguas,2000-2004,2,1,4,2.2563055993583074e-4,1.5108507694347018,9.020156423806618e-4,99191.81127441315,89.47256536559144,396544.53453041613,0.9990702199561518,7996630.736792118,80.61785175662858
Caguas,2000-2004,2,5,5,1.0452352377876006e-4,2.5,5.224810899822185e-4,99102.33870904756,51.77909794849984,495382.24580036657,0.9994126345249352,7600086.202261702,76.68927193105536
Caguas,2000-2004,2,10,5,1.3049931704045136e-4,2.5,6.522837787331536e-4,99050.55961109906,64.60907330876216,495091.2753722234,0.9988548880417865,7104703.9564613355,71.72805468597495
Caguas,2000-2004,2,15,5,3.279209724718594e-4,2.5,0.0016382618113434488,98985.9505377903,162.1649026255909,494524.3404323875,0.9974775503237524,6609612.681089113,66.77324049705146
Caguas,2000-2004,2,20,5,6.827811791916417e-4,2.5,0.0034080884493326467,98823.7856351647,336.8002023425215,493276.92766996723,0.9958914018302245,6115088.340656725,61.87870967858145
Caguas,2000-2004,2,25,5,9.646213301501407e-4,2.5,0.004811503453597125,98486.98543282218,473.8704705443961,491250.25098774995,0.995317543828612,5621811.412986758,57.08176961941217
Caguas,2000-2004,2,30,5,9.126345094962688e-4,2.5,0.0045527849757733265,98013.11496227779,446.2326372289972,488949.99321831646,0.9942865562588179,5130561.161999008,52.345659700475814
Caguas,2000-2004,2,35,5,0.001380631145352828,2.5,0.006879410904373495,97566.88232504879,671.2026741726731,486156.40493981226,0.9927313309969488,4641611.168780691,47.573634189897945
Caguas,2000-2004,2,40,5,0.0015380157835195715,2.5,0.007660623517892557,96895.67965087612,742.28132231567,482622.6949485914,0.9905519578705122,4155454.7638408793,42.885862185118654
Caguas,2000-2004,2,45,5,0.0022625780005459755,2.5,0.011249259186833454,96153.39832856045,1081.6544994928263,478062.85539407015,0.9857943985492901,3672832.0688922876,38.1976314174779
Caguas,2000-2004,2,50,5,0.0034689409726514726,2.5,0.01719557874412251,95071.74382906762,1634.8136573537777,471271.6850019536,0.9769304575425152,3194769.2134982175,33.60377210753797
Caguas,2000-2004,2,55,5,0.005894867916012185,2.5,0.029046279625451938,93436.93017171384,2713.995201111422,460399.66285579064,0.9682250366208647,2723497.528496264,29.147977394924606
Caguas,2000-2004,2,60,5,0.00703877422900251,2.5,0.03458527626678854,90722.93497060242,3137.677769692178,445770.48042878165,0.9549670949237755,2263097.8656404736,24.94515710248793
Caguas,2000-2004,2,65,5,0.011491901511395246,2.5,0.05585481254520877,87585.25720091024,4892.058122680741,425696.14069784933,0.9240156084956049,1817327.3852116917,20.74923843681771
Caguas,2000-2004,2,70,5,0.020456207575472698,2.5,0.09730481894146262,82693.1990782295,8046.446763997432,393349.8784811539,0.8773981030094419,1391631.2445138423,16.828847596007623
Caguas,2000-2004,2,75,5,0.03257877025572166,2.5,0.15062583971221014,74646.75231423207,11243.729749120568,345124.43719835894,0.8089406062119467,998281.3660326884,13.373406545945029
Caguas,2000-2004,2,80,5,0.05420050238893806,2.5,0.23866333085878194,63403.0225651115,15131.97655190403,279185.17144579743,0.5725603463411906,653156.9288343295,10.301668633598222
Caguas,2000-2004,2,85,NA,0.12004302534826718,7.747330714279723,1,48271.04601320747,48271.04601320747,373971.75738853205,0,373971.75738853205,7.747330714279723
Caguas,2005-2009,1,0,1,0.011721011899618612,0.12590130680490605,0.011602144205802661,100000,1160.2144205802615,98985.85809114469,0.987938780961288,7462453.34399584,74.6245334399584
Caguas,2005-2009,1,1,4,3.992308643152907e-4,1.6180427395079167,0.001595406304270659,98839.78557941974,157.68961702617526,394983.53238949925,0.998441881553161,7363467.4859046955,74.49902327021948
Caguas,2005-2009,1,5,5,1.7092641296051993e-4,2.5,8.542670228078021e-4,98682.09596239356,84.30086032222607,493199.72766116227,0.9989931290875472,6968483.953515196,70.61548384795954
Caguas,2005-2009,1,10,5,2.3205560205636066e-4,2.5,0.001159605278029451,98597.79510207134,114.33452360243245,492703.1392013506,0.9975700971515069,6475284.225854034,65.67372241083717
Caguas,2005-2009,1,15,5,7.417078152739248e-4,2.5,0.0037016751728563414,98483.4605784689,364.55378096029744,491505.91843994375,0.9938150130358953,5982581.086652683,60.74706404011796
Caguas,2005-2009,1,20,5,0.0017430678221254277,2.5,0.00867752532271289,98118.906797508607,851.4292983722844,488465.96074161236,0.9904059812789636,5491075.168212739,55.963476840858625
Caguas,2005-2009,1,25,5,0.002114829378942485,2.5,0.010518534629567342,97267.47749913632,1023.1113304053288,483779.6091696683,0.9877926834996943,5002609.207471127,51.43146852467257
Caguas,2005-2009,1,30,5,0.0028023058556908937,2.5,0.013914050713974096,96244.366168731,1339.1489918060106,477873.95836413995,0.9862417157851734,4518829.598301458,46.95162717762891
Caguas,2005-2009,1,35,5,0.002738687470839176,2.5,0.013600319790670591,94905.21717692498,1290.7413034092315,471299.2326261019,0.9832131255538483,4040955.639937319,42.57885667554035
Caguas,2005-2009,1,40,5,0.004043947547365898,2.5,0.020017364803574137,93614.47587351575,1873.9151144555508,463387.5915814399,0.9786083521524822,3569656.407311217,38.1314574909787
Caguas,2005-2009,1,45,5,0.004611356097375829,2.5,0.022794002332777022,91740.5607590602,2091.134555952289,453474.9674054203,0.9714894390639132,3106268.815729777,33.85927434962844
Caguas,2005-2009,1,50,5,0.006992220402935268,2.5,0.034360462202509656,89649.42620310791,3080.395720528584,440546.1417142181,0.9573182172695383,2652793.8483243566,29.590751002847927
Caguas,2005-2009,1,55,5,0.010529928823459607,2.5,0.051299201759235434,86569.03048257933,4440.92216082722,421742.8470108286,0.9405293316092024,2212247.7066101385,25.55472429664462
Caguas,2005-2009,1,60,5,0.014096677357392964,2.5,0.06808399162897216,82128.10832175211,5591.609439481501,396661.51801005675,0.9170333013886911,1790504.85959931,21.80136491863023
Caguas,2005-2009,1,65,5,0.020817130695496046,2.5,0.09893670754843559,76536.49888227061,7572.269206696365,363751.8213946121,0.8818201623659925,1393843.3415892532,18.211485525791822
Caguas,2005-2009,1,70,5,0.030000226222007383,2.5,0.13953586250681824,68964.22967557424,9622.983269899567,320763.6902031223,0.8276881256147772,1030091.5201946411,14.936605904835895
Caguas,2005-2009,1,75,5,0.04702800768486311,2.5,0.2104029585457919,59341.246405674676,12485.57380754879,265492.2975095014,0.752347916666682,709327.8299915188,11.953369249144846
Caguas,2005-2009,1,80,5,0.06916058979600595,2.5,0.29482693687497247,46855.672598125886,13814.314427322046,199742.5769223243,0.5499626273603564,443835.5324820173,9.472396998517734
Caguas,2005-2009,1,85,NA,0.14906853495049013,7.387497641527932,1,33041.35817080384,33041.35817080384,244092.95555969301,0,244092.95555969301,7.387497641527932
Caguas,2005-2009,2,0,1,0.009002631136824812,0.13052716230341807,0.008932709963325156,100000,893.2709963325178,99223.32513198671,0.9908575861568588,8293159.211531984,82.93159211531983
Caguas,2005-2009,2,1,4,2.2441869890927143e-4,1.50946648088967,8.971733454545691e-4,99106.72900366748,88.91591561728274,396205.4679464427,0.9990683827282675,8193935.886399997,82.67789653411705
Caguas,2005-2009,2,5,5,9.844884410083264e-5,2.5,4.92123098128748e-4,99017.8130880502,48.7289529468253,494967.2430578839,0.9994337508639809,7797730.418453555,78.75078407881551
Caguas,2005-2009,2,10,5,1.28123360048813e-4,2.5,6.404116710063056e-4,98969.08413510337,63.3809565489064,494686.96828414465,0.998739656546115,7302763.17539567,73.788327326810645
Caguas,2005-2009,2,15,5,3.764885263548441e-4,2.5,0.001880672502726452,98905.70317855447,186.00923633074854,494063.4928019455,0.9973243951088511,6808076.207111526,68.83401045964868
Caguas,2005-2009,2,20,5,6.956146199842469e-4,2.5,0.00347203510397268,98719.69394222372,342.7582428208407,492741.5741040665,0.9962791780442124,6314012.714309581,63.95899806987746
Caguas,2005-2009,2,25,5,7.956747263221998e-4,2.5,0.003970475613867416,98376.93569940288,390.6032241614739,490908.1704366107,0.9959463331537527,5821271.140205514,59.1731293399175
Caguas,2005-2009,2,30,5,8.291531227007304e-4,2.5,0.004137189704097758,97986.3324752414,405.3880458588683,488918.1922615599,0.9948966857303131,5330362.969768903,54.399045612976145
Caguas,2005-2009,2,35,5,0.0012183904143617233,2.5,0.006073452481095995,97580.94442938254,592.6532290523173,486423.0890742819,0.9930262524677113,4841444.777507343,49.61465382220198
Caguas,2005-2009,2,40,5,0.0015821420578252285,2.5,0.007879543894645647,96988.29120033022,764.2234977796907,483030.8972572019,0.9905436230836749,4355021.688433061,44.90255096295824
Caguas,2005-2009,2,45,5,0.002221415248583044,2.5,0.01104573334172251,96224.06770255053,1062.865392898224,478463.1750305071,0.9877812878324574,3871990.7911758595,40.23931728956858
Caguas,2005-2009,2,50,5,0.002699048515369518,2.5,0.013404792116197438,95161.2023096523,1275.6161344882858,472616.9712120408,0.9831147937964759,3393527.6161453524,35.66083166018535
Caguas,2005-2009,2,55,5,0.004124680039022576,2.5,0.02041290840551631,93885.58617516402,1916.4778711918334,464636.7361978405,0.9727669298456717,2920910.6449333117,31.11138529277238
Caguas,2005-2009,2,60,5,0.006958036724976404,2.5,0.03419535233151652,91969.10830397219,3144.9160620697367,451983.2513646866,0.9569437301232743,2456273.9087354713,26.707597301227544
Caguas,2005-2009,2,65,5,0.010726305949453844,2.5,0.05223091773807095,88824.19224190245,4639.3690781374025,432522.5385141687,0.9328310735119126,2004290.6573707846,22.564693320400032
Caguas,2005-2009,2,70,5,0.017303523761287944,2.5,0.08293015887009934,84184.82316376505,6981.460759422262,403470.46392026957,0.9014261885746916,1571768.1188566159,18.670445096725445
Caguas,2005-2009,2,75,5,0.02454554914121187,2.5,0.11563211151719109,77203.36240434278,8927.18781104109,363698.8424941112,0.8450385784354363,1168297.6549363465,15.132730214748111
Caguas,2005-2009,2,80,5,0.04430450921416019,2.5,0.19943308382137026,68276.1745933017,13616.528050668436,307339.5528398374,0.6180213690510483,804598.8124422352,11.784474119046077
Caguas,2005-2009,2,85,NA,0.10797013098306592,9.097374224960403,1,54659.64654263326,54659.64654263326,497259.2596023978,0,497259.2596023978,9.097374224960403
Caguas,2010-2014,1,0,1,0.011069602916382832,0.1272011608605039,0.01096367695052714,100000,1096.3676950527151,99043.09154848795,0.9887080307073194,7490052.003372473,74.90052003372473
Caguas,2010-2014,1,1,4,3.226915673141723e-4,1.6199664413480617,0.0012897756999034231,98903.63230494728,127.56350157909037,395310.92380517174,0.9986522304901279,7391008.911823985,74.72939809769026
Caguas,2010-2014,1,5,5,1.5605324298699583e-4,2.5,7.799619259650962e-4,98776.0688033682,77.0415728631342,493687.7400846832,0.9991182340536529,6995697.988018814,70.823814642239185
Caguas,2010-2014,1,10,5,1.9682669062492635e-4,2.5,9.836494319685582e-4,98699.02723050506,97.08524207115988,493252.4230473474,0.9971840289593032,6502010.24793413,65.87714621289139
Caguas,2010-2014,1,15,5,9.321867365082561e-4,2.5,0.004650096786172406,98601.9419884339,458.5085735507746,491863.43850829254,0.9912008328413628,6008757.824886783,60.93954848872668
Caguas,2010-2014,1,20,5,0.002610449912082281,2.5,0.01296762124605719,98143.43341488313,1272.6868723118241,487535.44989363605,0.9868113779346642,5516894.38637849,56.21256761068104
Caguas,2010-2014,1,25,5,0.002700616322067238,2.5,0.013412526391106242,96870.7465425713,1299.2814445284166,481105.52910153545,0.9857298367302841,5029358.936484854,51.918242771822
Caguas,2010-2014,1,30,5,0.003050987069433662,2.5,0.015139459608409633,95571.46509804289,1446.9003355683526,474240.0746512935,0.9850409529633776,4548253.407383319,47.5900772549364
Caguas,2010-2014,1,35,5,0.002977167331361054,2.5,0.014775861129188897,94124.56476247453,1390.7714977756696,467145.8950679335,0.9843677789472665,4074013.332732025,43.28321031829353
Caguas,2010-2014,1,40,5,0.0033277410738043393,2.5,0.016501424201294402,92733.79326469886,1530.2396604559326,459843.3671723545,0.9797784740062799,3606867.4376640916,38.89485494644512
Caguas,2010-2014,1,45,5,0.004859128313175378,2.5,0.024004044732402034,91203.55360424293,2189.254180470278,450544.63257003896,0.9711549431309616,3147024.070491737,34.50549837287626
Caguas,2010-2014,1,50,5,0.0068772696691503455,2.5,0.03380513084322726,89014.29942377265,3009.1400389388436,437548.64702151617,0.9589724871738075,2696479.437921698,30.2926547237596
Caguas,2010-2014,1,55,5,0.009941615206734056,2.5,0.04850259079806029,86005.15938483381,4171.47305216454,419597.1142937577,0.9421142907177057,2258930.790900182,26.265061387683712
Caguas,2010-2014,1,60,5,0.014024485814898529,2.5,0.06774713233346578,81833.68633266927,5543.9975773146725,395308.43772005965,0.9180251708984741,1839333.6766064244,22.476485650776972
Caguas,2010-2014,1,65,5,0.020441101639234998,2.5,0.09723645742311252,76289.6887553546,7418.139072482547,362903.0960955666,0.8886907596305611,1444025.2388863647,18.928183643756338
Caguas,2010-2014,1,70,5,0.027098959055849765,2.5,0.12689779959077896,68871.54968287205,8739.64810916347,322508.62814145157,0.8469234283014735,1081122.142790798,15.697659596291425
Caguas,2010-2014,1,75,5,0.04030077393420651,2.5,0.1830602002994825,60131.90157370858,11007.757946471866,273140.11300236324,0.773471688905317,758613.5146493465,12.615824459159203
Caguas,2010-2014,1,80,5,0.06504510924617084,2.5,0.279736773714738,49124.143627236714,13741.829449782606,211266.14451172703,0.5648244707228033,485473.4016469833,9.882582490004248
Caguas,2010-2014,1,85,NA,0.15252754396283932,7.749839531694151,1,35382.31417745411,35382.31417745411,274207.25713525625,0,274207.25713525625,7.749839531694151
Caguas,2010-2014,2,0,1,0.00742660979674658,0.13376631168304065,0.007379138473682171,100000,737.9138473682251,99360.79416633406,0.9924608127771246,8368028.725840667,83.68028725840668
Caguas,2010-2014,2,1,4,1.8101060218459728e-4,1.5119941417033191,7.237164790859928e-4,99262.08615263177,71.83760749711655,396869.61222222826,0.9992066229246861,8268667.931674333,83.30137167336879
Caguas,2010-2014,2,5,5,9.239668111384287e-5,2.5,4.618767158801367e-4,99190.24854513466,45.813666245361674,495836.7085600599,0.9994427458594743,7871798.319452105,79.36060686318567
Caguas,2010-2014,2,10,5,1.3057774008273416e-4,2.5,6.526756381390826e-4,99144.4348788893,64.70915730251,495560.4015011902,0.9987700436975648,7375961.610892045,74.39612339212194
Caguas,2010-2014,2,15,5,3.618498403830387e-4,2.5,0.0018076139898309572,99079.72572158679,179.09789832295792,494950.8838621265,0.9977558053783695,6880401.209390855,69.44307888704422
Caguas,2010-2014,2,20,5,5.370332153227066e-4,2.5,0.0026815658517848244,98900.62782326383,265.2085462909308,493840.11775059183,0.9969289469790911,6385450.325528729,64.56430526345675
Caguas,2010-2014,2,25,5,6.935178230463904e-4,2.5,0.003461587433778555,98635.4192769729,341.43512789465603,492323.50856512785,0.9958590294010322,5891610.207778136,59.7311822767663
Caguas,2010-2014,2,30,5,9.668742142347144e-4,2.5,0.004822713677430211,98293.98414907824,474.0437417648791,490284.811390979,0.9949862149221133,5399286.699213008,54.929981177933975
Caguas,2010-2014,2,35,5,0.001043873574671899,2.5,0.005205782426582991,97819.94040731336,509.22932674178446,487826.6287197124,0.9939501450909561,4909001.88782203,50.18406132104959
Caguas,2010-2014,2,40,5,0.0013844440747274053,2.5,0.006898344443411752,97310.71108057158,671.282803067108,484875.3483951901,0.9913023978496154,4421175.2591023175,45.4335931780589
Caguas,2010-2014,2,45,5,0.0021129745978322504,2.5,0.010509357973069696,96639.42827750447,1015.6183460811008,480658.0955223196,0.9872449838726541,3936299.9107071273,40.731821171415305
Caguas,2010-2014,2,50,5,0.003027649572227797,2.5,0.015024525366640895,95623.80993142337,1436.7023579695087,474527.29376219306,0.9806285899182017,3455641.815184808,36.13788048879272
Caguas,2010-2014,2,55,5,0.004814171755776941,2.5,0.023784600894265703,94187.10757345386,2240.202763019872,465335.0309597196,0.9709109716944516,2981114.521422615,31.650982796108565
Caguas,2010-2014,2,60,5,0.0070258136588336765,2.5,0.034522693269388886,91946.90481043399,3174.2547918403143,451798.8870725691,0.9600350995254749,2515779.490462895,27.361219995927566
Caguas,2010-2014,2,65,5,0.009333144731276213,2.5,0.045601705365947556,88772.65001859367,4048.1842307022744,433742.7895162127,0.9409936234955009,2063980.603390326,23.250185760569497
Caguas,2010-2014,2,70,5,0.015164189760943327,2.5,0.07305153062298102,84724.4657878914,6189.251907019861,408149.1991719073,0.9103169498577571,1630237.8138741134,19.241641699523147
Caguas,2010-2014,2,75,5,0.022749252663250688,2.5,0.10762527678019128,78535.21388087154,8452.374130920318,371545.1340770569,0.8539933241461015,1222088.6147022059,15.561027395379188
Caguas,2010-2014,2,80,5,0.04174905900342749,2.5,0.1890170817686046,70082.83974995122,13246.853851592532,317297.0641207748,0.6269478617512162,850543.4806251491,12.136258799726235
Caguas,2010-2014,2,85,NA,0.11636119815226513,9.382197002054175,1,56835.98589835869,56835.98589835869,533246.4165043742,0,533246.4165043742,9.382197002054175
Caguas,2015-2019,1,0,1,0.010369017268726912,0.1285991444911189,0.010276166243967098,100000,1027.6166243967164,99104.53399436556,0.989418930075805,7723539.560555926,77.23539560555926
Caguas,2015-2019,1,1,4,3.025324922994707e-4,1.6220379111069272,0.0012092600144866618,98972.38337560328,119.6833457545581,395604.9310435369,0.9987309777454815,7624435.02656156,77.03598485273
Caguas,2015-2019,1,5,5,1.4720840207273463e-4,2.5,7.357712310956216e-4,98852.70002984873,72.73297279808321,494081.66771724843,0.9991809985407778,7228830.095518024,73.12729033537038
Caguas,2015-2019,1,10,5,1.8054004417574014e-4,2.5,9.022929708466605e-4,98779.96705705064,89.12846993604035,493677.0141104131,0.9975841586486167,6734748.427800775,68.17929412662288
Caguas,2015-2019,1,15,5,7.876994532893157e-4,2.5,0.003930756629326743,98690.8385871146,387.9296680301195,492484.3687654977,0.9925879906964766,6241071.413690362,63.23860961198902
Caguas,2015-2019,1,20,5,0.0021933614838443383,2.5,0.010906999935315657,98302.90891908448,1072.189821221793,488834.07004236797,0.9891923337694577,5748587.044924865,58.478300470809735
Caguas,2015-2019,1,25,5,0.002152973628755298,2.5,0.010707237145747433,97230.71909786269,1041.0723672323657,483550.9145712325,0.9888525450986659,5259752.9748824965,54.09558855147988
Caguas,2015-2019,1,30,5,0.0023320042439171984,2.5,0.01159243718778783,96189.64673063032,1115.0724378403247,478160.55255855084,0.9874865000538773,4776202.060311263,49.65401394691207
Caguas,2015-2019,1,35,5,0.002707273197543453,2.5,0.013445365294981554,95074.57429279,1278.3123816314182,472177.0905098714,0.9860454188404666,4298041.507752713,45.20705498524284
Caguas,2015-2019,1,40,5,0.0029152402225551257,2.5,0.01447073692692715,93796.26191115858,1357.3010308455268,465588.0569786791,0.9839884456217077,3825864.4172428413,40.789092649199624
Caguas,2015-2019,1,45,5,0.003546161079723989,2.5,0.01757499598180251,92438.96088031305,1624.6143660335074,458133.2684864815,0.9764704040151982,3360276.3602641625,36.35129958475992
Caguas,2015-2019,1,50,5,0.0060070200695047675,2.5,0.0295907202219135,90814.34651427955,2687.261919839948,447353.5777717979,0.9641141298469801,2902143.091777681,31.956879096425048
Caguas,2015-2019,1,55,5,0.008658028892313879,2.5,0.04237297828593683,88127.0845944396,3734.207041923102,431299.90536739025,0.9531566715451093,2454789.514005883,27.855108622993853
Caguas,2015-2019,1,60,5,0.010574654503863905,2.5,0.05151148220117122,84392.8775525165,4347.202209952069,411096.3822377023,0.9374603512929258,2023489.6086384926,23.977018764164114
Caguas,2015-2019,1,65,5,0.015404603468348042,2.5,0.0741667441320101,80045.67534256443,5936.727122005919,385386.55890780734,0.9063789646785448,1612393.2264007903,20.143414612974066
Caguas,2015-2019,1,70,5,0.024320743882281136,2.5,0.11463377283778715,74108.94822055851,8495.38833556285,349306.27026388544,0.8617168389615505,1227006.667492983,16.556795055858043
Caguas,2015-2019,1,75,5,0.0359660147415101,2.5,0.1649945799689676,65613.55988499566,10825.881753493552,301003.0950412444,0.796930148553407,877700.3972290976,13.376814164137555
Caguas,2015-2019,1,80,5,0.0567953489013897,2.5,0.24866868298017783,54787.67813150211,13623.979764502525,239878.4412462542,0.5840479219579975,576697.3021878531,10.52604019472511
Caguas,2015-2019,1,85,NA,0.1288856995132286,8.18242466793563,1,41163.69836699958,41163.69836699958,336818.860941599,0,336818.860941599,8.18242466793563
Caguas,2015-2019,2,0,1,0.006433116048298828,0.13580820957941286,0.006397549218402083,100000,639.7549218402128,99447.12904866453,0.9934139313884486,8472636.29774065,84.7263629774065
Caguas,2015-2019,2,1,4,1.833901303911705e-4,1.5135911874216599,7.332261830100711e-4,99360.24507815979,72.85353324159223,397259.83664555976,0.9992638902534953,8373189.168691984,84.27101968302695
Caguas,2015-2019,2,5,5,7.706218463447378e-5,2.5,3.8523670521710537e-4,99287.3915449182,38.24914758837258,496341.33485562,0.9995657984147697,7975929.332046425,80.3317441211865
Caguas,2015-2019,2,10,5,9.666041956511952e-5,2.5,4.8318533558243485e-4,99249.14239732982,47.955730175512144,496125.8226612103,0.9989232091761155,7479587.997190805,75.36173932110505
Caguas,2015-2019,2,15,5,3.3441600607534555e-4,2.5,0.0016706832723083723,99201.18666715431,165.73376315795758,495591.5989278766,0.9976384862237944,6983462.174529594,70.39696206418296
Caguas,2015-2019,2,20,5,6.116338862552518e-4,2.5,0.0030535003705304854,99035.45290399635,302.40479213801154,494421.2525396367,0.9969919571118321,6487870.575601718,65.51058621290876
Caguas,2015-2019,2,25,5,5.933681458431025e-4,2.5,0.002962446176228641,98733.04811185834,292.49134084637626,492934.0122071758,0.9963615196274522,5993449.323062081,60.7035783628586
Caguas,2015-2019,2,30,5,8.651719142046945e-4,2.5,0.004316523234350043,98440.55677101196,424.92095050444186,491140.4814787987,0.995403709572005,5500515.310854905,55.876515648422824
Caguas,2015-2019,2,35,5,9.778386875931757e-4,2.5,0.0048772704785564076,98015.63582050752,478.0487670242874,488883.0571849769,0.9942012058894162,5009374.829376107,51.107915461055555
Caguas,2015-2019,2,40,5,0.00134950445512693,2.5,0.00672483429104526,97537.58705348324,655.9241100830841,486048.12499220844,0.9926315773688889,4520491.77219113,46.34615135304083
Caguas,2015-2019,2,45,5,0.0016097257368669247,2.5,0.008016368298419202,96881.66294340015,776.6390915176016,482466.7169882067,0.9896112455882841,4034443.6471989215,41.64300575183055
Caguas,2015-2019,2,50,5,0.0025725011100758816,2.5,0.012780312132509417,96105.02385188255,1228.2522023293277,477454.4887535894,0.9857256641381438,3551976.9302107147,36.9593262438084
Caguas,2015-2019,2,55,5,0.003182663644462995,2.5,0.015787700868356538,94876.77164955322,1497.8860901585285,470639.1430223698,0.9803421774409816,3074522.4414571254,32.40542851535361
Caguas,2015-2019,2,60,5,0.004774318076737086,2.5,0.02359002468052813,93378.8855593947,2202.8102149863407,461387.4022595076,0.9671267928443623,2603883.2984347553,27.885140016781694
Caguas,2015-2019,2,65,5,0.008659634752633429,2.5,0.04238067093597443,91176.07534440835,3864.103246404964,446220.1186060293,0.946288891821672,2142495.896175248,23.498443951246944
Caguas,2015-2019,2,70,5,0.01355274127122975,2.5,0.06554298844480949,87311.97209800339,5722.68757831298,422253.14154423453,0.9151389331756677,1696275.7775692185,19.427757005250466
Caguas,2015-2019,2,75,5,0.022282611655195284,2.5,0.10553411881135952,81589.28451969041,8610.453246234814,386420.289482865,0.8600193262002571,1274022.636024984,15.615073027359578
Caguas,2015-2019,2,80,5,0.039196395752683966,2.5,0.17849142721451594,72978.8312734556,13026.095750446446,332328.9169911619,0.6255880594662308,887602.346542119,12.162463156147643
Caguas,2015-2019,2,85,NA,0.10837006385431748,9.261853103230791,1,59952.73552300915,59952.73552300915,555273.4295509572,0,555273.4295509572,9.261853103230791
Caguas,2020-2024,1,0,1,0.009305034462960849,0.1307222689808848,0.009230373120088089,100000,923.0373120088188,99197.624219771,0.990370141354166,7633037.456283666,76.33037456283667
Caguas,2020-2024,1,1,4,3.4071231996966807e-4,1.6251888857891745,0.0013617474526970783,99076.96268799118,134.91780156132882,395987.446457312,0.9986117703351474,7533839.832063896,76.04027846300792
Caguas,2020-2024,1,5,5,1.719598578801912e-4,2.5,8.594298208263378e-4,98942.04488642985,85.03374390893441,494497.64007237693,0.9990896072117962,7137852.385606583,72.14175120192566
Caguas,2020-2024,1,10,5,1.9237239183953628e-4,2.5,9.613995923499467e-4,98857.01114252092,95.04109021335898,494047.45298707124,0.9976661241278671,6643354.745534207,67.2016548826928
Caguas,2020-2024,1,15,5,7.429118209876743e-4,2.5,0.0037076729198371144,98761.97005230756,366.17708187269454,492894.40755685605,0.9939693926802383,6149307.292547136,62.26391888791062
Caguas,2020-2024,1,20,5,0.0016794592662613718,2.5,0.00836218645249723,98395.79297043486,822.8039669600985,489921.9549347741,0.9897118407581463,5656412.88499028,57.4863285739246
Caguas,2020-2024,1,25,5,0.0024611248751092627,2.5,0.01223037318634436,97572.98900347477,1193.354068419576,484881.55984632485,0.9892981296279564,5166490.930055505,52.950011912328684
Caguas,2020-2024,1,30,5,0.001839307302028904,2.5,0.009154441930422953,96379.63493505519,882.3017712883156,479692.4202470552,0.9894144610355586,4681609.37020918,48.5746742386382
Caguas,2020-2024,1,35,5,0.0024205309079887833,2.5,0.01202985793258259,95497.33316376687,1148.8193509006232,474614.6174415828,0.9851269484557333,4201916.949962125,44.00035907553904
Caguas,2020-2024,1,40,5,0.0035819644516368295,2.5,0.01775086484106786,94348.51381286625,1674.7677166478097,467555.64977271174,0.9802590008047889,3727302.332520542,39.5056814558138
Caguas,2020-2024,1,45,5,0.004401321714878876,2.5,0.02176709856542955,92673.74609621844,2017.238565703985,458325.63406683225,0.9728747855533592,3259746.6827478306,35.174435264151306
Caguas,2020-2024,1,50,5,0.006628565319543671,2.5,0.032602556164910354,90656.50753051446,2955.633878478213,445893.4529563768,0.9593952695778327,2801421.0486809984,30.901488762271768
Caguas,2020-2024,1,55,5,0.010020194130781427,2.5,0.04887658839352362,87700.87365203624,4286.519503242991,427788.06950207375,0.947301614208183,2355527.5957246213,26.8586559932169
Caguas,2020-2024,1,60,5,0.01167438123198945,2.5,0.05671657875358839,83414.35414879325,4730.976786259751,405244.32877831685,0.9295380508092737,1927739.5262225477,23.110405228144252
Caguas,2020-2024,1,65,5,0.01776193930945253,2.5,0.08503378425910442,78683.3773625335,6690.745335423373,376690.02347410907,0.8973645141131995,1522495.1974442308,19.349642179558934
Caguas,2020-2024,1,70,5,0.025956291650651817,2.5,0.12187302856857378,71992.63202711013,8773.96009976681,338028.2598861336,0.8524868971706651,1145805.173970122,15.915589438911585
Caguas,2020-2024,1,75,5,0.0387676920205683,2.5,0.17671169835700196,63218.67192734332,11171.478884154967,288164.6624263292,0.7814740237745781,807776.9140839882,12.777505275852034
Caguas,2020-2024,1,80,5,0.06224480531630792,2.5,0.26931532642628453,52047.19304318835,14017.106783998111,225193.19825594645,0.5666129935590652,519612.25165765896,9.983482706290976
Caguas,2020-2024,1,85,NA,0.13161263273664386,7.74174035249694,1,38030.08625919024,38030.08625919024,294419.0534017125,0,294419.0534017125,7.74174035249694
Caguas,2020-2024,2,0,1,0.006295503065923907,0.13609104141369857,0.006261448665234088,100000,626.1448665234057,99459.06784043761,0.9935638226230503,8450333.204727003,84.50333204727004
Caguas,2020-2024,2,1,4,1.7470513947999357e-4,1.5138126230216642,6.985171571935931e-4,99373.8551334766,69.41434278720408,397322.8434710876,0.9992695012921673,8350874.136886565,84.0349217172854
Caguas,2020-2024,2,5,5,8.314845608694254e-5,2.5,4.1565587757350347e-4,99304.44079068939,41.27647448380594,496419.01276723744,0.9995428585767834,7953551.2934154775,80.09260442017603
Caguas,2020-2024,2,10,5,9.975371475487966e-5,2.5,4.986442197412478e-4,99263.16431620558,49.49700311948254,496192.0790732292,0.9989961267360238,7457132.28064824,75.12486965349338
Caguas,2020-2024,2,15,5,3.0209885980406615e-4,2.5,0.0015093543634397421,99213.6673130861,149.74858167188358,495693.9651112508,0.9976522032328405,6960940.201575011,70.16110169185204
Caguas,2020-2024,2,20,5,6.38518959809266e-4,2.5,0.0031875065905648484,99063.91873141422,315.76689384356723,494530.17642246216,0.9969078328180422,6465246.23646376,65.26338064611168
Caguas,2020-2024,2,25,5,6.002038436015749e-4,2.5,0.0029965229065929315,98748.15183757065,295.90109896498325,493001.00644044083,0.9961906300320157,5970716.060041298,60.464079063094154
Caguas,2020-2024,2,30,5,9.270757179902759e-4,2.5,0.00462466006482623,98452.25073860567,455.30819228308974,491122.9832123206,0.9946978708533637,5477715.053600857,55.63829178618162
Caguas,2020-2024,2,35,5,0.0012001392338762398,2.5,0.005982745849330969,97996.94254632258,586.2908012661501,488518.98572844756,0.9931555178611599,4986592.070388536,50.88518009662805
Caguas,2020-2024,2,40,5,0.0015482505952051048,2.5,0.007711405007543531,97410.65174505643,751.1729876548925,485175.3262561449,0.9913721158629992,4498073.084660089,46.1763986184228
Caguas,2020-2024,2,45,5,0.0019194639723538272,2.5,0.009551485530871718,96659.47875740154,923.2416127729375,480989.28975507536,0.9884101564810898,4012897.758403944,41.515822452091
Caguas,2020-2024,2,50,5,0.0027483261047027024,2.5,0.013647858608297325,95736.2371446286,1306.594628240302,475414.6991525423,0.9836036939487304,3531908.4686488686,36.89207528924726
Caguas,2020-2024,2,55,5,0.0038737108646968396,2.5,0.01918278293679078,94429.6425163883,1811.4233351906296,467619.65424396493,0.9759164309181259,3056493.7694963263,32.367948115083365
Caguas,2020-2024,2,60,5,0.0059018544883337526,2.5,0.029080204601545524,92618.21918119767,2693.356763620017,456357.7039969383,0.9610754840028057,2588874.115252361,27.9521042203101
Caguas,2020-2024,2,65,5,0.010059513608939093,2.5,0.04906367624740703,89924.86241757765,4412.044336248655,438594.2012472666,0.9431053670728854,2132516.411255423,23.714425064703565
Caguas,2020-2024,2,70,5,0.013464391154212867,2.5,0.06512962877710528,85512.818081329,5569.418097321075,413640.5451633423,0.9130732571150211,1693922.2100081563,19.808985927666555
Caguas,2020-2024,2,75,5,0.023334716939469716,2.5,0.11024239688239987,79943.39998400792,8813.152029165445,377684.11984712596,0.8588338470367679,1280281.664844814,16.014851321071216
Caguas,2020-2024,2,80,5,0.03857759490981584,2.5,0.1759214121175,71130.24795484247,12513.333664483805,324367.9056130029,0.6406284202625061,902597.544997688,12.689363118355896
Caguas,2020-2024,2,85,NA,0.10348077033446522,9.864552687308425,1,58616.91429035867,58616.91429035867,578229.6393846852,0,578229.6393846852,9.864552687308425
Camuy,1980-1984,1,0,1,0.011911197987404074,0.12552179997603455,0.01178840894171038,100000,1178.8408941710368,98969.12933675067,0.9875106246865115,7219799.297061018,72.19799297061017
Camuy,1980-1984,1,1,4,5.299395780393732e-4,1.6174815238586266,0.0021170852996592877,98821.15910582896,209.21282323823834,394786.1830065051,0.9980431975872968,7120830.167724268,72.05774787663107
Camuy,1980-1984,1,5,5,2.196482343355401e-4,2.5,0.0010976384358167856,98611.94628259072,108.24026247047004,492789.1307567774,0.998665140865081,6726043.984717762,68.20719231565558
Camuy,1980-1984,1,10,5,3.1471552051958086e-4,2.5,0.0015723405026985525,98503.70602012025,154.881366641348,492131.32668399793,0.9969852752909215,6233254.853960985,63.27939430713183
Camuy,1980-1984,1,15,5,8.93869132472113e-4,2.5,0.0044593804061231045,98348.8246534789,438.5748216249631,490647.6862133321,0.9937748161342341,5741123.527276987,58.375110709306334
Camuy,1980-1984,1,20,5,0.0016062033248572755,2.5,0.007998896986947314,97910.24983185394,783.1740023712773,487593.3141533415,0.9913693701586493,5250475.841063655,53.625395196933454
Camuy,1980-1984,1,25,5,0.0018621198790795507,2.5,0.009267456607454632,97127.07582948267,900.1209606586926,483385.0767457666,0.9896651947273777,4762882.526910313,49.0376394659722
Camuy,1980-1984,1,30,5,0.0022955260446389596,2.5,0.011412138072767166,96226.95486882397,1098.1552952849452,478389.38610590756,0.9872651929301236,4279497.450164547,44.47295932827068
Camuy,1980-1984,1,35,5,0.0028344935113190327,2.5,0.01407274479706087,95128.79957353903,1338.7233192491694,472297.1895695722,0.9825655650842926,3801108.064058639,39.957490067140014
Camuy,1980-1984,1,40,5,0.004212726969124797,2.5,0.020844108500554858,93790.07625428986,1954.9705257197347,464062.95495715,0.9760986014948985,3328810.874489067,35.49214381128953
Camuy,1980-1984,1,45,5,0.005478783008935288,2.5,0.027023771593072753,91835.10572857012,2481.7309214345732,452971.20133926417,0.969033683604012,2864747.919531917,31.194475106273952
Camuy,1980-1984,1,50,5,0.007128486518413687,2.5,0.03501836277472703,89353.37480713555,3129.0088941424183,438944.3518003217,0.9514989351641161,2411776.718192653,26.991445184900325
Camuy,1980-1984,1,55,5,0.012897480977026149,2.5,0.06247304268607912,86224.36591299313,5386.698492262542,417655.0833343093,0.9207002240250189,1972832.3663923312,22.880218897556954
Camuy,1980-1984,1,60,5,0.020443602512314415,2.5,0.09724777539796502,80837.66742073059,7861.283325026598,384535.1287910865,0.8890911210187389,1555177.283058022,19.238275084854823
Camuy,1980-1984,1,65,5,0.026903821795883093,2.5,0.126041606667774,72976.384095704,9198.060700227114,341886.7687279522,0.8453883147003594,1170642.1542669353,16.04138337042996
Camuy,1980-1984,1,70,5,0.041331127620752195,2.5,0.1873021186770635,63778.32339547688,11945.815097643746,289027.079233275,0.7805965272890518,828755.3855389832,12.994311255252564
Camuy,1980-1984,1,75,5,0.059480486833416495,2.5,0.2589032115088752,51832.508297833134,13419.602858869424,225613.5343419921,0.6973977670959383,539728.3063057081,10.412930495363883
Camuy,1980-1984,1,80,5,0.0882715850733998,2.5,0.361567569245834,38412.90543896371,13888.860847236185,157342.3750767281,0.49909272304168173,314114.771963716,8.17732395855423
Camuy,1980-1984,1,85,NA,0.22110040153261606,6.392599568990775,1,24524.044591727525,24524.044591727525,156772.39688698793,0,156772.39688698793,6.392599568990775
Camuy,1980-1984,2,0,1,0.009264344228453673,0.12998927123758602,0.009190269927963667,100000,919.0269927963673,99200.4366562449,0.9904263070463893,7889713.92191348,78.8971392191348
Camuy,1980-1984,2,1,4,3.154498561438382e-4,1.509047430827203,0.001260808718115106,99080.97300720363,124.92215456681151,396012.71686694975,0.998823025078558,7790513.485257235,78.62774505344058
Camuy,1980-1984,2,5,5,1.212656826207908e-4,2.5,6.06144651741553e-4,98956.05085263682,59.98168098178576,494630.30006072967,0.9993291486541107,7394500.768390286,74.72509972535195
Camuy,1980-1984,2,10,5,1.4717358733405464e-4,2.5,7.35597285441944e-4,98896.06917165504,72.7476800235454,494298.4766582163,0.9984656591589376,6899870.468329556,69.76890513568716
Camuy,1980-1984,2,15,5,4.672797154425098e-4,2.5,0.0023336723827951274,98823.32149163149,230.62125614110846,493540.0543178047,0.9967662424878462,6405571.99167134,64.81842438592568
Camuy,1980-1984,2,20,5,8.289037631900368e-4,2.5,0.004135948058674698,98592.70023549038,407.77428713846894,491944.0654596057,0.9952337701391539,5912031.937353535,59.96419535353574
Camuy,1980-1984,2,25,5,0.0010827488108625658,2.5,0.005399129302233613,98184.92594835191,530.1131107253896,489599.34696494613,0.9939534307346702,5420087.871893929,55.20285134955493
Camuy,1980-1984,2,30,5,0.0013440055177252092,2.5,0.00669752381621582,97654.81283762652,654.0454347480991,486638.9506012624,0.9928310083732693,4930488.524928983,50.4889455179956
Camuy,1980-1984,2,35,5,0.0015345926145713799,2.5,0.007643638395282263,97000.76740287842,741.4387900924776,483150.24003916094,0.9914538646502082,4443849.57432772,45.812519769775065
Camuy,1980-1984,2,40,5,0.0019001000374434703,2.5,0.009455583799389178,96259.32861278595,910.1881481711462,479021.17269350187,0.9871813971291349,3960699.33428856,41.14613504339846
Camuy,1980-1984,2,45,5,0.003269248306631531,2.5,0.016213724802272608,95349.1404646148,1545.9647236264864,472880.7905140078,0.9788227453236569,3481678.1615950577,36.51504507150906
Camuy,1980-1984,2,50,5,0.005314193595067857,2.5,0.026222588199696955,93803.17574098831,2459.762049279743,462866.4735817422,0.9736398937788362,3008797.37108105,32.0756450654615
Camuy,1980-1984,2,55,5,0.005371440639207808,2.5,0.026501327428187244,91343.41369170857,2420.7217146523326,450665.264171912,0.9625102624307578,2545930.897499308,27.87207960162329
Camuy,1980-1984,2,60,5,0.009999326515421373,2.5,0.048777282638025346,88922.69197705624,4337.407279498948,433769.9416865338,0.9398016960152895,2095265.633327396,23.562777810055668
Camuy,1980-1984,2,65,5,0.014981878770980351,2.5,0.07220497827688774,84585.28469755729,6107.478644131494,407657.7268774577,0.8970598112475744,1661495.691640862,19.642845650773623
Camuy,1980-1984,2,70,5,0.02920005600692403,2.5,0.13606734481159044,78477.8060534258,10678.266696328603,365693.36352630745,0.8594753969916448,1253837.9647634043,15.97697524711409
Camuy,1980-1984,2,75,5,0.03142589687960632,2.5,0.14568386880297093,67799.5393570972,9877.299196601205,314304.44879398297,0.7991108709261375,888144.6012370969,13.099566894684614
Camuy,1980-1984,2,80,5,0.06123024542668406,2.5,0.26550837042371306,57922.24016049599,15378.839596304242,251164.10181171933,0.5623099904348053,573840.152443114,9.907078021379485
Camuy,1980-1984,2,85,NA,0.1750769179991967,7.5846323131721425,1,42543.40056419175,42543.40056419175,322676.05063139467,0,322676.05063139467,7.5846323131721425
Camuy,1985-1989,1,0,1,0.013388339036354679,0.12257423886990607,0.013232888673001616,100000,1323.288867300158,98838.91225841417,0.98618864454072,7262875.133364786,72.62875133364787
Camuy,1985-1989,1,1,4,4.797204259494474e-4,1.6131293064282461,0.001916687038438691,98676.71113269984,189.13237322382338,394255.41001194576,0.9981567616995551,7164036.221106372,72.60108427683832
Camuy,1985-1989,1,5,5,2.0517622114159492e-4,2.5,0.0010253551594656069,98487.57875947602,100.98474702429667,492185.43192981934,0.9988155150386702,6769780.811094427,68.7374072585074
Camuy,1985-1989,1,10,5,2.689363144102791e-4,2.5,0.0013437780952306041,98386.59401245172,132.20974989827664,491602.44568751287,0.9968337536136501,6277595.379164607,63.80539383617772
Camuy,1985-1989,1,15,5,0.0010007308004103077,2.5,0.0049911669657699475,98254.38426255345,490.40403697331203,490045.911220334,0.9932440248391454,5785992.933477094,58.88788553206824
Camuy,1985-1989,1,20,5,0.0017132338291258248,2.5,0.00852963599329452,97763.98022558013,833.8911645798362,486735.1732164511,0.9906434044010427,5295947.02225676,54.17073865074762
Camuy,1985-1989,1,25,5,0.0020485720708796305,2.5,0.010190669551829548,96930.0890610003,987.7825072500709,482180.9890368763,0.9882667661533858,4809211.849040309,49.61526287274701
Camuy,1985-1989,1,30,5,0.002676121021513299,2.5,0.013291679748600365,95942.30655375023,1275.2344130544807,476523.4467361149,0.9870865426883907,4327030.860003433,45.1003422309769
Camuy,1985-1989,1,35,5,0.0025218274137856628,2.5,0.012530139942911798,94667.07214069575,1186.1916619086405,470369.88154870714,0.9825198786534785,3850507.4132673177,40.67419986903821
Camuy,1985-1989,1,40,5,0.004549751330170807,2.5,0.02249291374033032,93480.8804787871,2102.6573809794936,462147.75894148677,0.9774449667117614,3380137.531718611,36.15859750578237
Camuy,1985-1989,1,45,5,0.004575461675525169,2.5,0.02261858223717359,91378.22309780761,2066.8458538245613,451724.00085447665,0.9659868986293598,2917989.772777124,31.933098213715798
Camuy,1985-1989,1,50,5,0.00934772395520399,2.5,0.04567131271616371,89311.37724398305,4078.9678392212227,436359.4666218622,0.948134432618868,2466265.7719226475,27.61423961904922
Camuy,1985-1989,1,55,5,0.01202203253579211,2.5,0.058356260522295075,85232.40940476183,4973.844688167184,413727.4353033912,0.9294894059072139,2029906.3053007852,23.81613190894234
Camuy,1985-1989,1,60,5,0.017409778958726273,2.5,0.08341816524834107,80258.56471659464,6695.022214123572,384555.2680476643,0.8915376170602676,1616178.869997394,20.137151414361455
Camuy,1985-1989,1,65,5,0.029135253207617322,2.5,0.13578587631681507,73563.54250247107,9988.890083667306,342845.4873031871,0.8390761347593765,1231623.6019497297,16.742309574180148
Camuy,1985-1989,1,70,5,0.0419917709836144,2.5,0.19001155107555667,63574.652418803766,12079.918315186296,287673.4663060531,0.8004442476751922,888778.1146465426,13.980070371311454
Camuy,1985-1989,1,75,5,0.04726191743670294,2.5,0.21133888486444413,51494.73410361747,10882.839681849575,230266.5713134634,0.7401662612093964,601104.6483404895,11.673128501468703
Camuy,1985-1989,1,80,5,0.07656601097561488,2.5,0.321323842709096,40611.894421767895,13049.56997529856,170435.54717059308,0.5404044036228458,370838.07702702604,9.131267632476105
Camuy,1985-1989,1,85,NA,0.18324114881011638,7.270886395871593,1,27562.324446469334,27562.324446469334,200402.52985643293,0,200402.52985643293,7.270886395871593
Camuy,1985-1989,2,0,1,0.008395292576965594,0.1317754070253399,0.008334542103899736,100000,833.454210389973,99276.37455742115,0.991377230443287,7929652.67162407,79.2965267162407
Camuy,1985-1989,2,1,4,2.573153381791159e-4,1.5104396999969552,0.0010286024278919937,99166.54578961003,102.0029497648502,396412.24066422234,0.998954369501496,7830376.2970666485,78.96187403440909
Camuy,1985-1989,2,5,5,1.2311409543749952e-4,2.5,6.153810719774329e-4,99064.54283984518,60.9624445677473,495170.3080878065,0.9993364536942467,7433964.056402426,75.0416227975806
Camuy,1985-1989,2,10,5,1.4239891513789606e-4,2.5,7.117411977534328e-4,99003.58039527743,70.46492689241131,494841.7396591561,0.9985067495764345,6938793.74831462,70.08629102716378
Camuy,1985-1989,2,15,5,4.5558155163323414e-4,2.5,0.0022753162778653547,98933.11546838502,225.1041280451609,494102.8170218122,0.9967159227539393,6443952.008655463,65.13442923683817
Camuy,1985-1989,2,20,5,8.608765318208554e-4,2.5,0.0042951386988374154,98708.01134033986,423.9645993931772,492480.14520321635,0.9954489893160633,5949849.191633651,60.27726737517682
Camuy,1985-1989,2,25,5,9.639145270649266e-4,2.5,0.004807986415445186,98284.04674094668,472.5483615854464,490238.8628007698,0.9942258586130512,5457369.046430435,55.526499237610345
Camuy,1985-1989,2,30,5,0.0013535576610246769,2.5,0.006744964060679213,97811.49837936123,659.7350412899832,487408.1542935812,0.9926437063696646,4967130.1836296655,50.78268164714832
Camuy,1985-1989,2,35,5,0.0016007352697784175,2.5,0.007971774596991768,97151.76333807125,774.4719590313907,483822.6367927778,0.990576524748604,4479722.029336084,46.11055811460086
Camuy,1985-1989,2,40,5,0.002189285508588416,2.5,0.010886841531941636,96377.29137903986,1049.244298521371,479263.3461488959,0.9873687463018357,3995899.392543306,41.46100534023033
Camuy,1985-1989,2,45,5,0.0028998446440616785,2.5,0.014394866032393339,95328.04708051849,1372.2344668537553,473209.64923545806,0.9824078629684974,3516636.04639441,36.88983624540316
Camuy,1985-1989,2,50,5,0.004211092280999005,2.5,0.020836104507847314,93955.81261366473,1957.6731307380396,464884.88024147856,0.9748473685998931,3043426.3971589524,32.392103399426325
Camuy,1985-1989,2,55,5,0.006000898671394788,2.5,0.02956101176638892,91998.1394829267,2719.558083740674,453191.8022052818,0.9620411074636934,2578541.5169174736,28.028191998339352
Camuy,1985-1989,2,60,5,0.009544975024338428,2.5,0.0466125852173925,89278.58139918602,4161.505483557485,435989.1432870364,0.9385887395391875,2125349.714712192,23.8058186118487
Camuy,1985-1989,2,65,5,0.01600224733929857,2.5,0.07693346582450965,85117.07591562853,6548.351651037199,409214.5004505497,0.9014963046312379,1689360.5714251555,19.84749303535424
Camuy,1985-1989,2,70,5,0.025955991930302885,2.5,0.12187170704033641,78568.72426459134,9575.304546107247,368905.3599576886,0.8576568740090662,1280146.0709746059,16.293328967179512
Camuy,1985-1989,2,75,5,0.036123138990597214,2.5,0.16565568648434414,68993.41971848409,11429.15230636797,316394.21782650054,0.7947017593976905,911240.7110169171,13.207646681887633
Camuy,1985-1989,2,80,5,0.057878514431863516,2.5,0.25281166338926947,57564.26741211612,14552.918196241793,251439.0415699761,0.5773043222943103,594846.4931904166,10.333606591946541
Camuy,1985-1989,2,85,NA,0.15216529565038434,7.984112516370403,1,43011.349215874325,43011.349215874325,343407.4516204405,0,343407.4516204405,7.984112516370403
Camuy,1990-1994,1,0,1,0.014992844818005802,0.11937252780791033,0.014797472150198287,100000,1479.74721501983,98696.8939505538,0.9846201561487564,7201422.964048696,72.01422964048696
Camuy,1990-1994,1,1,4,4.969696642041069e-4,1.6084152164114527,0.0019855187782277847,98520.25278498017,195.6138119403331,393613.1841238244,0.9980742525234918,7102726.070098142,72.09407070442457
Camuy,1990-1994,1,5,5,2.1261853731012248e-4,2.5,0.0010625279037287574,98324.63897303984,104.4726725329092,491362.0131838669,0.9988024624848494,6709112.885974318,68.23429972434403
Camuy,1990-1994,1,10,5,2.667158710115711e-4,2.5,0.0013326907306353292,98220.16630050693,130.89710519014625,490773.5887395593,0.997044925160443,6217750.87279045,63.304218542728734
Camuy,1990-1994,1,15,5,9.180269030143962e-4,2.5,0.0045796239700465,98089.26919531678,449.2119684112113,489323.3160555559,0.9933312811373239,5726977.284050891,58.38535989749552
Camuy,1990-1994,1,20,5,0.0017612056272434333,2.5,0.008767425040423096,97640.05722690557,856.0518826795305,486060.156427829,0.991149899719523,5237653.967995335,53.642471304820724
Camuy,1990-1994,1,25,5,0.0017947179185012348,2.5,0.008933506780769925,96784.00534422604,864.6205680127023,481758.4753010984,0.989281021832784,4751593.811567507,49.09482506606117
Camuy,1990-1994,1,30,5,0.0025198839292062854,2.5,0.012520543852931615,95919.38477621334,1200.9628634368128,476594.51672247465,0.9847280258422627,4269835.336266408,44.51483239001411
Camuy,1990-1994,1,35,5,0.0036445654431526233,2.5,0.01805829066050392,94718.42191277652,1710.4527938051615,469315.97757936973,0.9816548936715408,3793240.8195439335,40.047550866472626
Camuy,1990-1994,1,40,5,0.003762500561085075,2.5,0.01863719664830958,93007.96911897136,1733.407810330158,460706.32606903143,0.9739632544481447,3323924.841964564,35.738064957775364
Camuy,1990-1994,1,45,5,0.006830029397183207,2.5,0.033576820311438375,91274.5613086412,3064.709544065612,448711.032683042,0.9668424271581018,2863218.5158955324,31.369293643753334
Camuy,1990-1994,1,50,5,0.006653617548089021,2.5,0.032723759292770556,88209.8517645756,2886.557956394943,433832.86393189064,0.9544036963392857,2414507.48321249,27.37231085771009
Camuy,1990-1994,1,55,5,0.012138368659542901,2.5,0.05890433690521108,85323.29380818065,5025.912044339391,414051.6889300548,0.9296662031668745,1980674.6192805995,23.213761809681753
Camuy,1990-1994,1,60,5,0.017205261436008222,2.5,0.08247864073807805,80297.38176384126,6622.818902708168,384929.86156243586,0.8958647579460677,1566622.9303505449,19.510261678993018
Camuy,1990-1994,1,65,5,0.027290765898212194,2.5,0.12773861771079467,73674.56286113309,9411.086820328186,344845.09725484496,0.8527770748624592,1181693.0687881089,16.039363151912358
Camuy,1990-1994,1,70,5,0.03705353378771408,2.5,0.16956061865735536,64263.476040804904,10896.55475455102,294075.99331764696,0.7900058252896212,836847.971533264,13.022139838839356
Camuy,1990-1994,1,75,5,0.05942251891525907,2.5,0.2586835275535095,53366.921286253884,13805.143452998629,232321.74779877282,0.693341122402234,542771.978215617,10.170569430157906
Camuy,1990-1994,1,80,5,0.0912120024047251,2.5,0.37137530010747843,39561.777833255255,14692.267115610557,161078.2213772499,0.48114639450913343,310450.2304168442,7.847226475142952
Camuy,1990-1994,1,85,NA,0.18592523395184807,6.006230308890483,1,24869.510717644698,24869.510717644698,149372.0090395943,0,149372.0090395943,6.006230308890483
Camuy,1990-1994,2,0,1,0.008476055783562952,0.13160941682971655,0.008414123400880165,100000,841.4123400880198,99269.32544730429,0.9912642137554111,7867360.169412824,78.67360169412824
Camuy,1990-1994,2,1,4,2.751961944744074e-4,1.510310221226768,0.0011000310881297052,99158.58765991198,109.07752908093971,396362.78143040126,0.9989377139414708,7768090.84396552,78.3400714682226
Camuy,1990-1994,2,5,5,1.1468006231859657e-4,2.5,5.732359647525801e-4,99049.51013083104,56.77874149811396,495105.6038004099,0.9993494591361425,7371728.062535118,74.42467966573545
Camuy,1990-1994,2,10,5,1.456310221554432e-4,2.5,7.278901023281689e-4,98992.73138933293,72.05582938072621,494783.51737321285,0.99842550634268,6876622.458734709,69.46593312684074
Camuy,1990-1994,2,15,5,4.8492995991864234e-4,2.5,0.0024217138955374682,98920.6755599522,239.55757455949788,494004.4838633622,0.9967167834978934,6381838.941361496,64.51471247276002
Camuy,1990-1994,2,20,5,8.310852738096453e-4,2.5,0.004146810486227268,98681.1179853927,409.2118948544521,492382.5601898274,0.995420770483263,5887834.457498134,59.665258944164805
Camuy,1990-1994,2,25,5,0.0010052096184404293,2.5,0.005013449173874294,98271.90609053825,492.6812064046535,490127.8274366796,0.9945785549553998,5395451.897308306,54.90329954867729
Camuy,1990-1994,2,30,5,0.001169709917435131,2.5,0.005831496688400874,97779.2248841336,570.1992261062405,487470.6263554024,0.9924934625890312,4905324.069871627,50.16734460397223
Camuy,1990-1994,2,35,5,0.0018467678791263989,2.5,0.009191403424112635,97209.02565802736,893.4873712878325,483811.40986191714,0.9906076580078332,4417853.443516225,45.44694706701245
Camuy,1990-1994,2,40,5,0.001928279982795443,2.5,0.009595144600812778,96315.53828673952,924.16151716638706,479267.28764078167,0.9889178803550307,3934042.033654307,40.84535168087137
Camuy,1990-1994,2,45,5,0.0025326348374782332,2.5,0.012583500657037557,95391.37676957314,1200.3574522556446,473955.9902172266,0.9837909020408709,3454774.7460135254,36.216845411077976
Camuy,1990-1994,2,50,5,0.004016101732570425,2.5,0.019880899376771847,94191.01931731749,1872.602177243156,466273.59114347957,0.9743849345816052,2980818.755796299,31.646528272024554
Camuy,1990-1994,2,55,5,0.006393699464845048,2.5,0.03146554424079172,92318.41714007434,2904.8492387608712,454329.9626034695,0.9593240717450421,2514545.1646528193,27.23774131479649
Camuy,1990-1994,2,60,5,0.010295448772772001,2.5,0.05018553729302408,89413.56790131346,4487.267946413718,435849.66964053304,0.9364875393424199,2060215.2020493497,23.041415865690844
Camuy,1990-1994,2,65,5,0.016134262182355984,2.5,0.07754354134524842,84926.29995489975,6585.486051851738,408167.7846448694,0.9083512541038529,1624365.5324088167,19.12676677626882
Camuy,1990-1994,2,70,5,0.022596144479761104,2.5,0.10693966225166673,78340.81390304801,8377.740179312634,370759.71906695847,0.8482601372653992,1216197.7477639474,15.524446162495495
Camuy,1990-1994,2,75,5,0.044915231708169676,2.5,0.2019046708548321,69963.07372373538,14125.871372183137,314500.690188219,0.7639720426677191,845438.0286969888,12.084060686575711
Camuy,1990-1994,2,80,5,0.06478764727032088,2.5,0.27878386033198654,55837.20235155224,15566.51082170401,240269.73470350116,0.5474612213593028,530937.3385087699,9.50866655470983
Camuy,1990-1994,2,85,NA,0.1398932294714211,7.217844858458138,1,40270.69152984823,40270.69152984823,290667.6038052687,0,290667.6038052687,7.217844858458138
Camuy,1995-1999,1,0,1,0.013501207359807865,0.1223490157738714,0.013343100321663913,100000,1334.3100321663806,98828.94148700638,0.9860775511077079,7222450.615296868,72.22450615296867
Camuy,1995-1999,1,1,4,4.8129383877752735e-4,1.6127972387308267,0.0019229659710862002,98665.68996783362,189.730764321881,394209.8340668476,0.9981245508892659,7123621.673809862,72.19958301748319
Camuy,1995-1999,1,5,5,2.1595771664186016e-4,2.5,0.001079205926090339,98475.95920351174,106.27583874987613,492114.106420684,0.9988362514753595,6729411.839743014,68.33558052311957
Camuy,1995-1999,1,10,5,2.4983243534237295e-4,2.5,0.0012483824606359165,98369.68336476186,122.80298737087287,491541.40935538214,0.9968061623468477,6237297.73332233,63.40670743234967
Camuy,1995-1999,1,15,5,0.001030995458032684,2.5,0.005141724553510609,98246.88037739099,505.1583971422515,489971.50589409936,0.9939205700176224,5745756.323966948,58.48283733688085
Camuy,1995-1999,1,20,5,0.0014093445464092576,2.5,0.007021981752825464,97741.72198024874,686.3405882350489,486992.75843065605,0.9921575305850353,5255784.818072849,53.772173352285705
Camuy,1995-1999,1,25,5,0.0017412993061272292,2.5,0.008668759269384239,97055.38139201369,841.3497370856348,483173.53261735436,0.9902652746860633,4768792.059642193,49.13475163608597
Camuy,1995-1999,1,30,5,0.0021737516950999527,2.5,0.010810012766561352,96214.03165492805,1040.0749105121067,478469.97099835996,0.9861336068251775,4285618.527024838,44.542552196494825
Camuy,1995-1999,1,35,5,0.0034202318544722153,2.5,0.01695617415492445,95173.95674441595,1613.7861855715746,471835.3182581508,0.98081037043162,3807148.5560264783,40.00199935209536
Camuy,1995-1999,1,40,5,0.004338881501637271,2.5,0.021461609061802292,93560.17055884437,2007.9518042894633,462780.9732834982,0.9756273460017756,3335313.2377683274,35.64885803270947
Camuy,1995-1999,1,45,5,0.0055453346196413685,2.5,0.027347544879747197,91552.21875455491,2503.7284112306224,451501.772744698,0.963079743470293,2872532.2644848293,31.37588912165949
Camuy,1995-1999,1,50,5,0.009576328496962026,2.5,0.04676211895401595,89048.49034332429,4164.096098110065,434832.21147134627,0.9487369128436235,2421030.4917401313,27.187776933734725
Camuy,1995-1999,1,55,5,0.011519427796723618,2.5,0.05598485523951407,84884.39424521422,4752.240523912158,412541.3699162907,0.9299675472165112,1986198.2802687848,23.398862628754244
Camuy,1995-1999,1,60,5,0.017735622459126466,2.5,0.08491314365157746,80132.15372130206,6804.273080047205,383650.08590639225,0.8957018833999568,1573656.9103524943,19.638270497828373
Camuy,1995-1999,1,65,5,0.026776346712426718,2.5,0.12548186851821636,73327.88064125486,9201.319477345416,343636.10451291077,0.8460162518362823,1190006.824446102,16.22857246165375
Camuy,1995-1999,1,70,5,0.041154236077013365,2.5,0.18657527327847745,64126.56116390944,11964.430673565395,290721.72913563374,0.7944327338478314,846370.7199331912,13.198442339202344
Camuy,1995-1999,1,75,5,0.051700626917673444,2.5,0.22891545345185607,52162.13049034405,11940.717754211997,230958.85806619024,0.7132078398008143,555648.9907975575,10.65234463343893
Camuy,1995-1999,1,80,5,0.08835606347176461,2.5,0.36185099389832026,40221.41273613205,14554.158174563941,164721.6682442504,0.4926804000522767,324690.13273136725,8.07256907810423
Camuy,1995-1999,1,85,NA,0.16383667742911942,6.232394824440615,1,25667.25456156811,25667.25456156811,159968.46448711684,0,159968.46448711684,6.232394824440615
Camuy,1995-1999,2,0,1,0.007637960938256389,0.1333319280224298,0.007587733353973315,100000,758.7733353973308,99342.39537634321,0.992112414711701,8053087.756365742,80.53087756365741
Camuy,1995-1999,2,1,4,2.5436043116411794e-4,1.5116547578330854,0.0010167981559206203,99241.22666460267,100.90829626387858,396713.81197950727,0.9990075149627679,7953745.360989398,80.14557687673502
Camuy,1995-1999,2,5,5,1.1115648666749221e-4,2.5,5.556280291884147e-4,99140.31836833879,55.08513970809872,495563.8789924237,0.9993674099765375,7557031.549009891,76.2256130844067
Camuy,1995-1999,2,10,5,1.419693311000156e-4,2.5,7.095948037509766e-4,99085.23322863069,70.3103666274983,495250.39022658474,0.9984680012638537,7061467.670017467,71.26659987491512
Camuy,1995-1999,2,15,5,4.715525813170417e-4,2.5,0.0023549866564931167,99014.9228620032,233.17882213371922,494491.66725468164,0.9969070993675696,6566217.279790882,66.31543094713308
Camuy,1995-1999,2,20,5,7.679829666583795e-4,2.5,0.0038325564880379746,98781.74403986947,378.5866140197031,492962.2536642981,0.9956655044651169,6071725.6125362,61.466070188896246
Camuy,1995-1999,2,25,5,9.700197937596878e-4,2.5,0.004838365692570337,98403.15742584977,476.11046092981996,490825.5109769243,0.9950189351823506,5578763.358871902,56.69293043849427
Camuy,1995-1999,2,30,5,0.0010275242984322537,2.5,0.005124457730076412,97927.04696491995,501.82301280293905,488380.6772925924,0.9939374529501331,5087937.847894979,51.95641046663658
Camuy,1995-1999,2,35,5,0.001406018575280102,2.5,0.00700546832989957,97425.22395211701,682.5093209299375,485419.8464582602,0.9911546100931259,4599557.170602386,47.21115316976841
Camuy,1995-1999,2,40,5,0.002151165283153192,2.5,0.010698291930292252,96742.71463118707,1034.9818032533803,481126.1186478019,0.9881065151473019,4114137.324144126,42.526585488410994
Camuy,1995-1999,2,45,5,0.0026375989004966106,2.5,0.013101602571142085,95707.7328279337,1253.9246784966526,475403.85244342685,0.9833007011498864,3633011.2054963238,37.959432306560466
Camuy,1995-1999,2,50,5,0.004110767575800452,2.5,0.02034475646595772,94453.80814943704,1921.63972408259,467464.94143697876,0.9752715807764369,3157607.353052897,33.43017518210796
Camuy,1995-1999,2,55,5,0.0059271696495274565,2.5,0.029203118651283687,92532.16842535445,2702.227893586183,455905.2723928068,0.9601105208391101,2690142.4116159184,29.072510213418933
Camuy,1995-1999,2,60,5,0.010445278743601127,2.5,0.05089730243980285,89829.94053176827,4572.101651394914,437719.4485303541,0.9415088532499782,2234237.1392231113,24.87185370486776
Camuy,1995-1999,2,65,5,0.013755770762751309,2.5,0.06649222432544104,85257.83888037335,5668.9833483361,412116.7360310265,0.9192432300665626,1796517.6906927573,21.07158373101012
Camuy,1995-1999,2,70,5,0.020176310908790285,2.5,0.09603735567648436,79588.85553203725,7643.503226614586,378835.5195936498,0.8802074055460758,1384400.954661731,17.394407111488892
Camuy,1995-1999,2,75,5,0.03151612528818622,2.5,0.1460715993736656,71945.35230542267,10509.172678754927,333453.829830226,0.8136705211435628,1005565.435068081,13.976794926227493
Camuy,1995-1999,2,80,5,0.052866197234149294,2.5,0.2334738055391466,61436.17962666774,14343.738655224704,271321.5514952769,0.5963147349624199,672111.605237855,10.939996746576833
Camuy,1995-1999,2,85,NA,0.1311082007029197,8.51070884148091,1,47092.44097144304,47092.44097144304,400790.0537425781,0,400790.0537425781,8.51070884148091
Camuy,2000-2004,1,0,1,0.00987706184574171,0.12958081693991472,0.009792870733153821,100000,979.2870733153832,99147.60974566352,0.9897472739764102,7475734.242930526,74.75734242930525
Camuy,2000-2004,1,1,4,3.7942077502105666e-4,1.6234940804810076,0.0015163158445802968,99020.71292668462,150.14667595237552,395726.02724254155,0.9984888479696543,7376586.633184862,74.49539005689164
Camuy,2000-2004,1,5,5,1.8377794741641055e-4,2.5,9.184677517865739e-4,98870.56625073224,90.80942670218064,494125.8076869058,0.9989838301028099,6980860.605942321,70.6060546698914
Camuy,2000-2004,1,10,5,2.2291653252958844e-4,2.5,0.0011139618613591814,98779.75682403006,110.03688177629374,493623.6919157096,0.9974142452133201,6486734.798255415,65.66866539073513
Camuy,2000-2004,1,15,5,8.134888648686101e-4,2.5,0.0040591890615880545,98669.71994225377,400.5190478995646,492347.30209151993,0.9945102489720415,5993111.106339705,60.73911134892407
Camuy,2000-2004,1,20,5,0.0013900425337432252,2.5,0.006926143583277205,98269.2008943542,680.6265952082176,489644.4379837504,0.9927257851952619,5500763.804248185,55.97647843052947
Camuy,2000-2004,1,25,5,0.0015307786005107123,2.5,0.007624713631398643,97588.57429914598,744.0849327274482,486082.65916391136,0.9919690485954761,5011119.3662644345,51.349447435346825
Camuy,2000-2004,1,30,5,0.0016952161598991745,2.5,0.008440310422937051,96844.48936641854,817.3975530033931,482178.9529495842,0.9893695899176684,4525036.707100524,46.724772227149664
Camuy,2000-2004,1,35,5,0.0025844213316139966,2.5,0.01283915221093553,96027.09181341514,1232.9064481659298,477053.1929466609,0.984870018238534,4042857.754150939,42.10122037233398
Camuy,2000-2004,1,40,5,0.003520841642813148,2.5,0.017450606161897884,94794.18536524921,1654.2159952468937,469835.38683812885,0.9789301514531396,3565804.5612042784,37.61627938955287
Camuy,2000-2004,1,45,5,0.005012714920106292,2.5,0.02475337062489562,93139.96937000232,2305.5281818070944,459936.0263954939,0.9708954821699186,3095969.1743661496,33.239963415354865
Camuy,2000-2004,1,50,5,0.006827812399652408,2.5,0.0335661043397152,90834.44118819523,3048.958330562673,446549.81011456944,0.9594354813786891,2636033.1479706555,29.02019447127102
Camuy,2000-2004,1,55,5,0.00979533822885863,2.5,0.047806001264895905,87785.48285763255,4196.672904531486,428435.7320268341,0.9433562706464371,2189483.337856086,24.941291732790422
Camuy,2000-2004,1,60,5,0.013634460185177586,2.5,0.06592516580496535,83588.80995310107,5510.606155597925,404167.53437651054,0.920911209256222,1761047.6058292522,21.067982745744533
Camuy,2000-2004,1,65,5,0.019547005109072573,2.5,0.09318147845670262,78078.20379750314,7275.442465095082,372202.412824778,0.8784785540654407,1356880.0714527415,17.378474471208737
Camuy,2000-2004,1,70,5,0.033081710566819626,2.5,0.15277352868825658,70802.76133240806,10816.78768962442,326971.83743797924,0.8142330043100686,984677.6586279635,13.907334122253419
Camuy,2000-2004,1,75,5,0.05063057809119953,2.5,0.22470990897094784,59985.97364278364,13479.442676803592,266231.2615219092,0.7279406934776277,657705.8211899843,10.964326845916034
Camuy,2000-2004,1,80,5,0.07994215056138759,2.5,0.33313244301580675,46506.53096598005,15492.834276887195,193800.56913768224,0.5049472198091172,391474.55966807506,8.417625471881406
Camuy,2000-2004,1,85,NA,0.16096348706583552,6.373764227852027,1,31013.696689092852,31013.696689092852,197673.99053039285,0,197673.99053039285,6.373764227852027
Camuy,2000-2004,2,0,1,0.005660892762687446,0.13739533693163136,0.005633384313362101,100000,563.3384313362185,99514.06164224376,0.994121724296924,8093746.667756449,80.9374666775645
Camuy,2000-2004,2,1,4,2.0227926901050805e-4,1.51483448372216,8.087105393048113e-4,99436.66156866378,80.41547620385245,397546.8005062183,0.9991966049170203,7994232.606114206,80.39522325067165
Camuy,2000-2004,2,5,5,9.640736009369632e-5,2.5,4.8192064872468616e-4,99356.24609245993,47.88182657172729,496661.52589587035,0.9994507504481439,7596685.805607988,76.45906628294499
Camuy,2000-2004,2,10,5,1.2336021619221456e-4,2.5,6.166109178207507e-4,99308.3642658882,61.23462163725344,496388.73477534787,0.998740865445129,7100024.279712117,71.4947258692381
Camuy,2000-2004,2,15,5,3.80773050261355e-4,2.5,0.0019020546234549338,99247.12964425095,188.7734618044924,495763.7145667435,0.9971536307782887,6603635.54493677,66.53729501908367
Camuy,2000-2004,2,20,5,7.599377017077086e-4,2.5,0.0037924833807781596,99058.35618244646,375.6771695491334,494352.58798835945,0.9960334776533882,6107871.830370026,61.659329568527255
Camuy,2000-2004,2,25,5,8.299633049328589e-4,2.5,0.004141223865050534,98682.67901289732,408.66706539533334,492391.72740099824,0.9956632287407698,5613519.242381666,56.884544466491505
Camuy,2000-2004,2,30,5,9.086859619225696e-4,2.5,0.004533131826477187,98274.01194750199,445.4890512748243,490256.3371093229,0.9946205271303131,5121127.514980668,52.11069959895782
Camuy,2000-2004,2,35,5,0.0012498265942075199,2.5,0.00622966795931601,97828.52289622716,609.4392145938327,487619.01644465124,0.9926998680050698,4630871.177871346,47.33661554701792
Camuy,2000-2004,2,40,5,0.0016825087396466786,2.5,0.008377306469857806,97219.08368163333,814.4340587197948,484059.3332613672,0.9900668883096517,4143252.1614266937,42.617683735785285
Camuy,2000-2004,2,45,5,0.0023137183593762824,2.5,0.011502060475648501,96404.64962291354,1108.8521100964572,479251.11783932656,0.9861978757413967,3659192.8281653267,37.95660108177611
Camuy,2000-2004,2,50,5,0.003252016074009463,2.5,0.01612895134745025,95295.79751281708,1537.0212817006977,472636.43435983366,0.9807723602986986,3179941.710326,33.369170449497574
Camuy,2000-2004,2,55,5,0.004526065360527868,2.5,0.022377125965883454,93758.77623111638,2098.0519461307704,463548.751290255,0.9681305755317113,2707305.2759661665,28.87521984387499
Camuy,2000-2004,2,60,5,0.008492350757822223,2.5,0.04157899525936033,91660.72428498561,3811.160820514968,448775.71937364066,0.9486265422759471,2243756.5246759113,24.47893077628067
Camuy,2000-2004,2,65,5,0.012709988382648068,2.5,0.06159283148177107,87849.56346447064,5410.903358214287,425720.5589268175,0.9189177821231835,1794980.8053022707,20.432438529170632
Camuy,2000-2004,2,70,5,0.021463181093860563,2.5,0.10185080005401788,82438.66010625636,8396.443487203462,391202.1918132732,0.8648943461745512,1369260.2463754532,16.60944324678002
Camuy,2000-2004,2,75,5,0.037668277727120024,2.5,0.1721316332211112,74042.2166190529,12745.007673948872,338348.5639103923,0.7963237535523471,978058.0545621801,13.209464805656582
Camuy,2000-2004,2,80,5,0.05500554348221105,2.5,0.24177966299595888,61297.20894510402,14820.418521340129,269434.99842216977,0.578816631049748,639709.4906517878,10.436192799980384
Camuy,2000-2004,2,85,NA,0.12368665823307148,7.966868814596419,1,46476.790423763894,46476.790423763894,370274.492229618,0,370274.492229618,7.966868814596419
Camuy,2005-2009,1,0,1,0.0105352622512944,0.12826741094065458,0.010439387631028602,100000,1043.9387631028512,99089.96455922094,0.9891721556096443,7549193.217181384,75.49193217181384
Camuy,2005-2009,1,1,4,3.4882791951397404e-4,1.6215461250677108,0.0013941549879299949,98956.06123689715,137.96008635933686,395496.11324560124,0.998580962342823,7450103.252622163,75.28698252032173
Camuy,2005-2009,1,5,5,1.670547060550318e-4,2.5,8.349248349679498e-4,98818.10115053781,82.50568679494609,493884.2415357017,0.9990304943376455,7054607.139376562,71.38982693696667
Camuy,2005-2009,1,10,5,2.2096178258615274e-4,2.5,0.0011041989485107819,98735.59546374287,109.02374069165671,493405.41796698514,0.9975127463221906,6560722.89784086,66.44739282754468
Camuy,2005-2009,1,15,5,7.758694727371978e-4,2.5,0.003871837262846866,98626.57172305121,381.8660355041502,492178.19352649566,0.9947401171941896,6067317.479873875,61.5180815258512
Camuy,2005-2009,1,20,5,0.001335106151477075,2.5,0.006653323524472149,98244.70568754706,653.653811505792,489589.3939089708,0.9928446173374379,5575139.286347379,56.74747811936346
Camuy,2005-2009,1,25,5,0.0015380522660665302,2.5,0.007660804535891848,97591.05187604127,747.6259728744335,486086.19444802025,0.9915149199679649,5085549.892438408,52.11082158329433
Camuy,2005-2009,1,30,5,0.0018718626511514758,2.5,0.009315718890109822,96843.42590316683,902.1661320690764,481961.71418566146,0.9884639502522294,4599463.697990389,47.49381442359717
Camuy,2005-2009,1,35,5,0.002774564765115566,2.5,0.013777259081558928,95941.25977109776,1321.8075924775621,476401.7798742949,0.9848380786249367,4117501.9838047265,42.91690554854608
Camuy,2005-2009,1,40,5,0.0033408576052457403,2.5,0.016565927018063094,94619.4521786202,1567.4589392801427,469178.6135449006,0.9804244417368558,3641100.203930432,38.481518547125546
Camuy,2005-2009,1,45,5,0.004579002224851568,2.5,0.022635886685521613,93051.99323934005,2106.3143748276343,459994.1802596312,0.9734797663434035,3171921.590385531,34.0876264974464
Camuy,2005-2009,1,50,5,0.006193340063382637,2.5,0.030494542635367803,90945.67886451242,2773.346881636331,447795.0271184712,0.9661251920317031,2711927.4101259,29.819200252120076
Camuy,2005-2009,1,55,5,0.007614523650362214,2.5,0.037361395183718685,88172.33198287609,3294.2413394822797,432626.0565656747,0.9512794666259068,2264132.3830074286,25.67849042993606
Camuy,2005-2009,1,60,5,0.012481810147116778,2.5,0.060520536130623484,84878.0906433938,5136.867551481846,411548.28433826444,0.9200772906520863,1831506.3264417541,21.578081134466508
Camuy,2005-2009,1,65,5,0.02118003975322278,2.5,0.10057475546862363,79741.22309191196,8019.954013238006,378656.2304264648,0.8831863274916144,1419958.0421034896,17.807076278060173
Camuy,2005-2009,1,70,5,0.028924167477416007,2.5,0.1348684437509059,71721.26907867395,9672.93594448072,334424.00553216797,0.8306138978670851,1041301.8116770248,14.518730985292226
Camuy,2005-2009,1,75,5,0.046748884741107014,2.5,0.20928484138555017,62048.333134193235,12985.775558227411,277777.22677539766,0.7429433839462898,706877.8061448568,11.392373822775825
Camuy,2005-2009,1,80,5,0.07547514775961832,2.5,0.31747252454833075,49062.557575965824,15576.014014439701,206372.75284372986,0.5190573894190873,429100.5793694592,8.745988806332873
Camuy,2005-2009,1,85,NA,0.15244224950636456,6.651263547594958,1,33486.54356152612,33486.54356152612,222727.82652572935,0,222727.82652572935,6.651263547594958
Camuy,2005-2009,2,0,1,0.006310291267699699,0.13606064766623482,0.006276075928384686,100000,627.6075928384671,99457.78510272338,0.9935191730590242,8279730.942520972,82.79730942520972
Camuy,2005-2009,2,1,4,1.9009185065765926e-4,1.5137888244645181,7.600082163000967e-4,99372.39240716153,75.5238347028353,397301.8014267887,0.9992099967944053,8180273.157418249,82.31937421714642
Camuy,2005-2009,2,5,5,9.444460598358885e-5,2.5,4.7211155894253266e-4,99296.8685724587,46.87919941985456,496367.14486374386,0.9994896976939109,7782971.35599146,78.38083383578292
Camuy,2005-2009,2,10,5,1.097323131044942e-4,2.5,5.485110920452369e-4,99249.98937303884,54.439720056485385,496113.84756505303,0.9988379612327126,7286604.211127716,73.41667497555535
Camuy,2005-2009,2,15,5,3.5549629428598557e-4,2.5,0.001775903153954324,99195.54965298236,176.16168948696577,495537.34404119436,0.997417003596773,6790490.363562663,68.45559490640419
Camuy,2005-2009,2,20,5,6.79457302774044e-4,2.5,0.0033915255219117016,99019.38796349539,335.8267814422725,494257.3728638713,0.9964139310563014,6294953.019521469,63.57293403835393
Camuy,2005-2009,2,25,5,7.576873939378217e-4,2.5,0.0037812744098057846,98683.56118205312,373.1496245661983,492484.9318488501,0.9956928975695309,5800695.646657597,58.780769331544235
Camuy,2005-2009,2,30,5,9.693285757142247e-4,2.5,0.004834926298015776,98310.41155748692,475.32359420805005,490363.7488019145,0.9946978602377654,5308210.714808747,53.99439012321473
Camuy,2005-2009,2,35,5,0.0011576654331038137,2.5,0.005771623144002285,97835.08796327887,564.667257984358,487763.77167143347,0.9934550791423884,4817846.966006833,49.24457131182986
Camuy,2005-2009,2,40,5,0.0014699234425389741,2.5,0.007322707663551087,97270.42070529451,712.2828551355051,484571.3963886338,0.9915224817556908,4330083.194335399,44.51592953889331
Camuy,2005-2009,2,45,5,0.0019375091241330949,2.5,0.00964084754545623,96558.13785015901,930.902286286524,480463.4335350788,0.9869153920852247,3845511.7979467656,39.82586950790532
Camuy,2005-2009,2,50,5,0.00334003711788537,2.5,0.0165618922522644,95627.23556387248,1583.7679717907595,474176.7578898856,0.9817962524388498,3365048.364411687,35.18922558588514
Camuy,2005-2009,2,55,5,0.004014541608591153,2.5,0.01987325303988903,94043.46759208172,1868.9496282060427,465544.9638898935,0.9699500826692814,2890871.606521801,30.739738554315142
Camuy,2005-2009,2,60,5,0.008253440529295651,2.5,0.04043292577569054,92174.51796387568,3726.8854432434455,451555.3762112698,0.9525033079316797,2425326.642631908,26.312333345561115
Camuy,2005-2009,2,65,5,0.011281048799048564,2.5,0.05485810168977891,88447.63252063224,4852.069219037032,430107.9895555686,0.9314009254970431,1973771.266420638,22.31570489984811
Camuy,2005-2009,2,70,5,0.01734868471760553,2.5,0.08313760341353098,83595.5633015952,6949.934788898754,400602.97953572916,0.8982791287160685,1543663.2768650693,18.465851725836895
Camuy,2005-2009,2,75,5,0.02598264064013932,2.5,0.12198919937720598,76645.62851269645,9349.93885802658,359853.2954184158,0.8382087216784195,1143060.2973293401,14.913574583578379
Camuy,2005-2009,2,80,5,0.04621029307704248,2.5,0.2071233846192958,67295.68965466987,13938.511011564959,301632.17074443697,0.614875543747064,783207.0019109244,11.638293714351958
Camuy,2005-2009,2,85,NA,0.13077956784966158,9.0254927905323,1,53357.17864310491,53357.17864310491,481574.8311664874,0,481574.8311664874,9.0254927905323
Camuy,2010-2014,1,0,1,0.008760902418494601,0.13180805726901496,0.008694768747608383,100000,869.4768747608468,99245.12718294171,0.9909268029867228,7644207.250913692,76.44207250913692
Camuy,2010-2014,1,1,4,3.231062941275813e-4,1.626802661763456,0.0012914349106816169,99130.52312523915,128.02061827806756,396218.2743104197,0.9986878081187904,7544962.123730751,76.11139219147088
Camuy,2010-2014,1,5,5,1.6107417569859194e-4,2.5,8.05046697909798e-4,99002.50250696109,79.7016377280379,494813.25844048534,0.999111073979049,7148743.8494203305,72.20770857704012
Camuy,2010-2014,1,10,5,1.9466927926960155e-4,2.5,9.728729251700983e-4,98922.80086923305,96.23931464766792,494373.40605954605,0.997911963352536,6653930.590979845,67.26387175162718
Camuy,2010-2014,1,15,5,6.418856604986863e-4,2.5,0.0032042863388608146,98826.56155458538,316.6686011059355,493341.13627016207,0.9952686045876271,6159557.184920299,62.32694012649787
Camuy,2010-2014,1,20,5,0.0012566180613811915,2.5,0.006263413510547824,98509.89295347944,617.0081944474514,491006.9442812786,0.9935853635838469,5666216.048650137,57.51925901823856
Camuy,2010-2014,1,25,5,0.0013176890009306509,2.5,0.006566812463268197,97892.884759032,642.8442157008831,487857.3132559078,0.9925092779882732,5175209.104368859,52.86603941755198
Camuy,2010-2014,1,30,5,0.0016912686268912343,2.5,0.00842073880606133,97250.04054333111,818.9171902942762,484202.90974091983,0.9908330355595616,4687351.791112951,48.19897004592441
Camuy,2010-2014,1,35,5,0.0019937941897228786,2.5,0.009919527209327504,96431.12335303683,956.5511519264546,479764.238885368,0.9894093134777496,4203148.881372031,43.5870571162403
Camuy,2010-2014,1,40,5,0.0022664840411649972,2.5,0.011268570119965857,95474.57220111038,1075.8619115219626,474683.206226747,0.9848778906773028,3723384.642486663,38.99870464612943
Camuy,2010-2014,1,45,5,0.0038404351683767415,2.5,0.019019567303979926,94398.71028958842,1795.4226237617258,467504.99488853774,0.9775808201989394,3248701.436259916,34.414680309654905
Camuy,2010-2014,1,50,5,0.005244821344801052,2.5,0.025884705089610584,92603.28766582669,2397.008791558299,457023.91635023773,0.9651879960420148,2781196.4413713785,30.03345249909222
Camuy,2010-2014,1,55,5,0.008993046198240488,2.5,0.043976523717625865,90206.27887426839,3966.9585623930325,441113.99796535936,0.9463786637813779,2324172.5250211405,25.76508591226367
Camuy,2010-2014,1,60,5,0.013161209953150045,2.5,0.06370980448354503,86239.32031187536,5494.290235863402,417460.87596971827,0.9233620732181237,1883058.527055781,21.83526632916284
Camuy,2010-2014,1,65,5,0.018945938182873476,2.5,0.09044574230770276,80745.03007601196,7303.044182882673,385467.53992285306,0.8882680413181014,1465597.651086063,18.150933248849803
Camuy,2010-2014,1,70,5,0.028985445937782715,2.5,0.13513486861736831,73441.98589312928,9924.573114666651,342398.4966789798,0.8266156776765917,1080130.11116321,14.707256319770341
Camuy,2010-2014,1,75,5,0.048835612584853964,2.5,0.21761023954230643,63517.41277846263,13822.039409828809,283031.9653677411,0.7451871291074931,737731.61448423,11.614635770151814
Camuy,2010-2014,1,80,5,0.07124322696734438,2.5,0.30236286864354783,49695.373368633824,15026.03565005229,210911.77771803841,0.5361514394659117,454699.649116489,9.149738059991744
Camuy,2010-2014,1,85,NA,0.14270376419719294,7.031800646938488,1,34669.33771858153,34669.33771858153,243787.87139845054,0,243787.87139845054,7.031800646938488
Camuy,2010-2014,2,0,1,0.004979625150905301,0.13879552581609886,0.004958361339978387,100000,495.8361339978437,99572.983702939,0.9948002348975448,8330950.829632845,83.30950829632845
Camuy,2010-2014,2,1,4,1.9177908153766588e-4,1.5159327460998553,7.667510519789008e-4,99504.16386600216,76.29492232052144,397827.13374583336,0.9992692741061425,8231377.845929906,82.72395371328116
Camuy,2010-2014,2,5,5,8.264212643013992e-5,2.5,4.1312527827200345e-4,99427.86894368163,41.07616602536291,497036.6543033448,0.9995299611140754,7833550.712184072,78.78626782820001
Camuy,2010-2014,2,10,5,1.0542298084013225e-4,2.5,5.269760157446335e-4,99386.79277765627,52.37445607560221,496803.02774809237,0.9989179056846699,7336514.057880728,73.8177966391737
Camuy,2010-2014,2,15,5,3.277694227210064e-4,2.5,0.0016375053031852133,99334.41832158067,162.66063679040235,496265.44001592736,0.9977415790041433,6839711.030132635,68.85539922315817
Camuy,2010-2014,2,20,5,5.769018629014091e-4,2.5,0.0028803551089366377,99171.75768479027,285.64987890960765,495144.6637266773,0.9965256192314902,6343445.590116708,63.964234760049905
Camuy,2010-2014,2,25,5,8.156844428439547e-4,2.5,0.004070122375464429,98886.10780588066,402.4785600033065,493424.3426293951,0.9956730647417896,5848300.92639003,59.14178499037089
Camuy,2010-2014,2,30,5,9.190664012564014e-4,2.5,0.004584797672538534,98483.62924587735,451.5275141496386,491289.3274440127,0.994711111487121,5354876.583760635,54.373266143467156
Camuy,2010-2014,2,35,5,0.00120285074739581,2.5,0.005996222335683979,98032.10173172771,587.8222780178185,488690.952963594,0.9938580101744399,4863587.256316623,49.61218999084808
Camuy,2010-2014,2,40,5,0.0012616944975954623,2.5,0.006288636642354721,97444.2794537099,612.7916663604556,485689.41810264834,0.9925265432426045,4374896.303353028,44.896389278872824
Camuy,2010-2014,2,45,5,0.0017406972308451733,2.5,0.008665774928174365,96831.48778734944,839.1198791254283,482059.6392389336,0.9883784741029062,3889206.8852503803,40.16469202447271
Camuy,2010-2014,2,50,5,0.0029421048760007854,2.5,0.014603114643013903,95992.36790822401,1401.7875534181658,476457.3706575747,0.9831757456621405,3407147.246011446,35.493938948031136
Camuy,2010-2014,2,55,5,0.003852410798226285,2.5,0.019078310269892314,94590.58035480585,1804.6284406181658,468441.33067248383,0.9747339842960532,2930689.875353872,30.982893480100874
Camuy,2010-2014,2,60,5,0.006416104890268122,2.5,0.03157406811917782,92785.95191418768,2929.629966241322,456605.6846553351,0.957192262068653,2462248.544681388,26.536867854290897
Camuy,2010-2014,2,65,5,0.011185830377620339,2.5,0.05440766461892726,89856.32194794636,4888.872628434212,437059.42816864623,0.9327625080742702,2005642.860026053,22.32055370781723
Camuy,2010-2014,2,70,5,0.016841549972997832,2.5,0.080805524181016955,84967.44931951215,6865.83928058717,407672.6483960928,0.8958569612141907,1568583.4318574066,18.460992349657282
Camuy,2010-2014,2,75,5,0.027700477437483165,2.5,0.12953213240933142,78101.61003892498,10116.668092944004,365216.3799622649,0.8375188149335666,1160910.7834613137,14.864108215985928
Camuy,2010-2014,2,80,5,0.04452675680133612,2.5,0.2003333033167028,67984.94194598097,13619.64799583263,305875.5897403233,0.6155866015957356,795694.4034990489,11.70398003915759
Camuy,2010-2014,2,85,NA,0.1153729898983761,9.009770354739137,1,54365.29395014834,54365.29395014834,489818.81375872553,0,489818.81375872553,9.009770354739137
Camuy,2015-2019,1,0,1,0.009654163376892823,0.13002559968957922,0.009573754608708072,100000,957.3754608707968,99167.10785755701,0.9901129302671982,7803723.074423677,78.03723074423678
Camuy,2015-2019,1,1,4,2.9890414522002227e-4,1.6241542773639626,0.0011947681161412383,99042.6245391292,118.33296993831755,395889.35727604205,0.9987680939371384,7704555.96656612,77.79030495624889
Camuy,2015-2019,1,5,5,1.4145573858075105e-4,2.5,7.070286597505983e-4,98924.29156919089,69.94230928493198,494446.6020727421,0.9991771226064579,7308666.609290078,73.8814146996257
Camuy,2015-2019,1,10,5,1.878497961867536e-4,2.5,9.388080936611361e-4,98854.34925990595,92.8052631788014,494039.73314158275,0.9980756679563716,6814220.007217336,68.93191911366004
Camuy,2015-2019,1,15,5,5.830049163066417e-4,2.5,0.0029107820808745907,98761.54399672715,287.47333254516707,493089.0366522728,0.9961896931141143,6320180.274075754,63.994344542499235
Camuy,2015-2019,1,20,5,9.447175016494442e-4,2.5,0.004712457655190619,98474.07066418199,464.0548881392169,491210.2161005619,0.9934823713678418,5827091.2374234805,59.173863719873324
Camuy,2015-2019,1,25,5,0.001673239504919549,2.5,0.008331346678618136,98010.01577604277,816.5554194070428,488008.69033169624,0.9913382584343043,5335881.021322919,54.442201432919305
Camuy,2015-2019,1,30,5,0.0018071098397716015,2.5,0.008994912212938301,97193.46035663573,874.2466435796377,483781.6851742295,0.9905043447507857,4847872.3309912225,49.8785855879885
Camuy,2015-2019,1,35,5,0.0020102408136484055,2.5,0.010000943307214162,96319.21371305609,963.2829957397189,479187.8610759311,0.9884311715856297,4364090.645816993,45.308619927255904
Camuy,2015-2019,1,40,5,0.0026479239296967475,2.5,0.013152552253859782,95355.93071731637,1254.1738614749338,473644.2189328945,0.9852194109259467,3884902.784741062,40.741071431182355
Camuy,2015-2019,1,45,5,0.003313283989052448,2.5,0.01643032412065249,94101.75685584144,1546.1223654643109,466643.47836554644,0.9790970121903748,3411258.5658081677,36.25074259807947
Camuy,2015-2019,1,50,5,0.005155680256346247,2.5,0.02545036640278223,92555.63449037712,2355.574810422084,456889.23542583035,0.9670139582919745,2944615.087442621,31.814541639264203
Camuy,2015-2019,1,55,5,0.00831294766526718,2.5,0.04071851119490871,90200.05967995504,3672.8121398596704,441818.26805012603,0.9547013604768021,2487725.852016791,27.580090976033272
Camuy,2015-2019,1,60,5,0.01027180702781698,2.5,0.05007318003267302,86527.24754009537,4332.69444380686,421804.5015909597,0.9329019858701346,2045907.5839666647,23.644662717586424
Camuy,2015-2019,1,65,5,0.017758991700158582,2.5,0.08502027270740294,82194.55309628851,6988.20331930957,393502.25718316867,0.9030111484570665,1624103.082375705,19.75925436899834
Camuy,2015-2019,1,70,5,0.023296001331720967,2.5,0.11006955538644352,75206.34977697894,8277.92948218943,355336.9251794211,0.8666486331673373,1230600.8251925362,16.362991008629297
Camuy,2015-2019,1,75,5,0.03466750451280409,2.5,0.15951275010383428,66928.42029478951,10675.936381327141,307952.2605206297,0.7938471594070122,875263.9000131153,13.07761181509996
Camuy,2015-2019,1,80,5,0.06020507998049891,2.5,0.26164456934308544,56252.48391346237,14718.156928016702,244467.02724727007,0.5690780688618178,567311.6394924856,10.085094915368106
Camuy,2015-2019,1,85,NA,0.14479075516095632,7.772958795223664,1,41534.32698544567,41534.32698544567,322844.61224521545,0,322844.61224521545,7.772958795223664
Camuy,2015-2019,2,0,1,0.005181532430730744,0.13838055184109202,0.005158502250421295,100000,515.8502250421298,99555.53341376655,0.9946578076418733,8511989.260114368,85.11989260114368
Camuy,2015-2019,2,1,4,1.6517355669317665e-4,1.5156071168385645,6.604232181368361e-4,99484.14977495787,65.7016423479945,397773.3704071701,0.9993386944097262,8412433.7267006,84.56054301846359
Camuy,2015-2019,2,5,5,7.422392207546082e-5,2.5,3.710507582708842e-4,99418.44813260988,36.889290565712145,497000.0174366351,0.9995880949770257,8014660.356293431,80.61542406700042
Camuy,2015-2019,2,10,5,9.057539557464837e-5,2.5,4.527744523104316e-4,99381.55884204416,44.99743087447132,496795.30063303467,0.9990591963521748,7517660.338856796,75.64441961315251
Camuy,2015-2019,2,15,5,2.860151476496427e-4,2.5,0.0014290539105851253,99336.56141116969,141.95730154871126,496327.91380197665,0.9980255912375724,7020865.038223761,70.67755253942497
Camuy,2015-2019,2,20,5,5.047449301342602e-4,2.5,0.002520544071068671,99194.60410962098,250.0243712704978,495347.9596199286,0.996737829550043,6524537.124421785,65.77512136861246
Camuy,2015-2019,2,25,5,8.027419308544001e-4,2.5,0.0040056708543819665,98944.57973835048,396.3394192569831,493732.05014361,0.9960526114996031,6029189.164801856,60.93501211229025
Camuy,2015-2019,2,30,5,7.792896282212445e-4,2.5,0.0038888717475603317,98548.2403190935,383.24146754872345,491783.0979265957,0.9953646365330259,5535457.114658246,56.17002492114274
Camuy,2015-2019,2,35,5,0.0010798613082258995,2.5,0.0053847695304553665,98164.99885154478,528.5958947729814,489503.5045207914,0.9943490248276207,5043674.01673165,51.37955560269718
Camuy,2015-2019,2,40,5,0.0011872378121258916,2.5,0.0059186220309523875,97636.4029567718,577.8729655628995,486737.33236995176,0.992600380191611,4554170.512210859,46.644185716542665
Camuy,2015-2019,2,45,5,0.0017858245338244836,2.5,0.008889435240262655,97058.5299912089,862.7955168719345,483135.66116386466,0.9900950789061258,4067433.179840907,41.907014048217256
Camuy,2015-2019,2,50,5,0.002197914069151211,2.5,0.010929515008739288,96195.73447433696,1051.3727237139683,478350.24056239985,0.9847076164823716,3584297.5186770423,37.260462101188686
Camuy,2015-2019,2,55,5,0.003979901518280086,2.5,0.01970346298576933,95144.361750623,1874.6734100580506,471035.12522796984,0.9757607010897289,3105947.2781146425,32.64457526401248
Camuy,2015-2019,2,60,5,0.00585780718514789,2.5,0.02886630283534559,93269.68834056494,2692.3510689970426,459617.5640303321,0.9630790947138521,2634912.1528866724,28.250465931284708
Camuy,2015-2019,2,65,5,0.009252152786016805,2.5,0.045214925434268506,90577.3372715679,4095.4475507685274,442648.0674809182,0.9483166982329515,2175294.5888563404,24.01588139353664
Camuy,2015-2019,2,70,5,0.012043622074866114,2.5,0.05845799536573268,86481.88972079937,5055.557908518313,419770.55383270106,0.9167463496337888,1732646.5213754224,20.03479025457409
Camuy,2015-2019,2,75,5,0.023188353114370418,2.5,0.10958880575857229,81426.33181228106,8923.414460609129,384823.1229098825,0.8611811950660382,1312875.9675427212,16.123481659095294
Camuy,2015-2019,2,80,5,0.03755210755238844,2.5,0.17164633379302055,72502.91735167193,12444.859952712854,331402.4368765775,0.6429056397023505,928052.8446328387,12.800213819415884
Camuy,2015-2019,2,85,NA,0.11720460804688697,9.934560550181937,1,60058.05739895908,60058.05739895908,596650.4077562612,0,596650.4077562612,9.934560550181937
Camuy,2020-2024,1,0,1,0.009382023752446057,0.13056864070318153,0.009306113545423527,100000,930.6113545423577,99190.89730504318,0.9903216036804293,7774955.5774759995,77.74955577476
Camuy,2020-2024,1,1,4,3.27132733351678e-4,1.624960679887639,0.0013075150555250028,99069.38864545764,129.53471719558001,395969.90453517146,0.9986999619748006,7675764.680170956,77.4786721218239
Camuy,2020-2024,1,5,5,1.473726038325034e-4,2.5,7.3659163559427e-4,98939.85392826206,72.87826883047819,494517.07396923413,0.9991852008096548,7279794.7756357845,73.577981840504
Camuy,2020-2024,1,10,5,1.7869267094917197e-4,2.5,8.930643945908622e-4,98866.97565943158,88.2945757623238,494114.1418577521,0.9980829201728099,6785277.701666551,68.63037588041419
Camuy,2020-2024,1,15,5,5.892689355158928e-4,2.5,0.0029420105889593827,98778.68108366926,290.6079257116071,493166.88560406724,0.9956750618234037,6291163.559808799,63.689487354867055
Camuy,2020-2024,1,20,5,0.0011456612491967566,2.5,0.005711946356987056,98488.07315795765,562.558590681263,491033.96931308514,0.9932529624283103,5797996.674204731,58.870038658445054
Camuy,2020-2024,1,25,5,0.0015637041501310683,2.5,0.007788075137121718,97925.51456727639,762.6512652912497,487720.9446731538,0.9914942394088159,5306962.704891646,54.19387100841506
Camuy,2020-2024,1,30,5,0.0018543729386051883,2.5,0.009229079305743909,97162.86330198514,896.7237709871843,483572.50708245777,0.9903307033593474,4819241.760218493,49.599626816679354
Camuy,2020-2024,1,35,5,0.00203300343090061,2.5,0.010113614621442554,96266.13953099796,973.598636310533,478896.7010642134,0.9868468999384888,4335669.253136035,45.03836213085015
Camuy,2020-2024,1,40,5,0.003271263854509892,2.5,0.01622363975673745,95292.54089468742,1545.9918549795693,472597.7248359882,0.9827863721253812,3856772.5520718214,40.47297423136334
Camuy,2020-2024,1,45,5,0.003677490243908816,2.5,0.01821994207151265,93746.54903970785,1708.056692907703,464462.60346627,0.9787783460913433,3384174.8272358333,36.099193643943224
Camuy,2020-2024,1,50,5,0.004915486063588116,2.5,0.024279071721234124,92038.49234680015,2234.6091568022093,454605.9388419952,0.9697751601247422,2919712.2237695633,31.722729798399083
Camuy,2020-2024,1,55,5,0.007398054911606729,2.5,0.036318557844916013,89803.88318999794,3261.547526334034,440865.54713415465,0.9585574605552899,2465106.284927568,27.44988520944185
Camuy,2020-2024,1,60,5,0.009575806609402335,2.5,0.04675963010937526,86542.33566366391,4046.687604434308,422594.95930723374,0.9316858418931907,2024240.7377934132,23.39017917959107
Camuy,2020-2024,1,65,5,0.01905133236462372,2.5,0.09092600783355502,82495.6480592296,7500.999941667702,393725.74044197873,0.8993728685979873,1601645.7784861794,19.414912376180645
Camuy,2020-2024,1,70,5,0.023571447323320813,2.5,0.11129856590795291,74994.6481175619,8346.796786256207,354106.24862216896,0.8595708876320045,1207920.0380442007,16.106749859678796
Camuy,2020-2024,1,75,5,0.03792613045991622,2.5,0.17320788974197843,66647.85133130569,11543.933684932563,304379.42244419706,0.7851841446988892,853813.7894220318,12.810822440137395
Camuy,2020-2024,1,80,5,0.06113242604884197,2.5,0.2651404351355113,55103.91764637313,14610.276702430754,238993.89647578873,0.5650182972893099,549434.3669778347,9.970876671669783
Camuy,2020-2024,1,85,NA,0.14805200247626082,7.666400532661566,1,40493.64094394237,40493.64094394237,310440.470502046,0,310440.470502046,7.666400532661566
Camuy,2020-2024,2,0,1,0.005059092883983845,0.13863219816833453,0.005037142328798769,100000,503.71423287988,99566.11677847293,0.9947374751893087,8540460.286871646,85.40460286871645
Camuy,2020-2024,2,1,4,1.8469809692925126e-4,1.5158045694310445,7.384535658968038e-4,99496.28576712012,73.47338701822446,397802.62081618136,0.9992997153431946,8440894.170093171,84.83627408815876
Camuy,2020-2024,2,5,5,7.534821059928691e-5,2.5,3.766700994514847e-4,99422.8123801019,37.44960062696191,497020.4378989421,0.9995817885817897,8043091.549276991,80.89784785535502
Camuy,2020-2024,2,10,5,9.197482160539903e-5,2.5,4.597683902378153e-4,99385.36277947493,45.69424825832539,496812.57827672886,0.9990400522484182,7546071.111378049,75.92738910780999
Camuy,2020-2024,2,15,5,2.922848572188433e-4,2.5,0.0014603571853656838,99339.66853121661,145.07139873139386,496335.6641592546,0.9979279808971507,7049258.53310132,70.96116422903256
Camuy,2020-2024,2,20,5,5.376367775944226e-4,2.5,0.0026845755715733397,99194.59713248521,266.2953922939341,495307.24718169123,0.9969443425594858,6552922.868942065,66.06128819889173
Camuy,2020-2024,2,25,5,6.867245937256123e-4,2.5,0.003427738188341096,98928.30174019128,339.10031778259145,493793.7579064999,0.9959160957837383,6057615.621760374,61.232382596328
Camuy,2020-2024,2,30,5,9.507197411383864e-4,2.5,0.004742327145601282,98589.20142240869,467.5422461686394,491777.15149662184,0.9946749846938047,5563821.863853875,56.43439427017464
Camuy,2020-2024,2,35,5,0.0011855997179850094,2.5,0.005910479931574968,98121.65917624005,579.9460974140093,489158.4306376652,0.9936926461468074,5072044.712357252,51.69138755845088
Camuy,2020-2024,2,40,5,0.001345830452180381,2.5,0.006706587436894945,97541.71307882604,654.1720275076514,486073.1353253611,0.9928452557082837,4582886.281719587,46.983860925387226
Camuy,2020-2024,2,45,5,0.0015269925054177706,2.5,0.007605927043109894,96887.54105131839,736.9195686226449,482595.40633503534,0.9903190659078817,4096813.1463942262,42.28421014652719
Camuy,2020-2024,2,50,5,0.0023683085706113736,2.5,0.011771844452783292,96150.62148269574,1131.8701601327484,477923.4320131468,0.9867337189716772,3614217.740059191,37.58912510731553
Camuy,2020-2024,2,55,5,0.002977706937774265,2.5,0.014778519439210899,95018.751322563,1404.236463510053,471583.1654540399,0.9794514725927117,3136294.308046044,33.00710927466487
Camuy,2020-2024,2,60,5,0.005351673024969448,2.5,0.026405086649980536,93614.51485905294,2471.899376549176,461892.8258538918,0.9610673212430904,2664711.142592004,28.464722020981714
Camuy,2020-2024,2,65,5,0.010635465645188752,2.5,0.05180003450738651,91142.61548250377,4721.190627087155,443910.100844801,0.9426719079504575,2202818.3167381124,24.168917087539334
Camuy,2020-2024,2,70,5,0.013043531976423682,2.5,0.06315814661960717,86421.42485541661,5458.21702209377,418461.5817218486,0.9138498287269013,1758908.2158933112,20.352687066152537
Camuy,2020-2024,2,75,5,0.023435509708035436,2.5,0.11069222665899957,80963.20783332284,8961.997752525858,382411.0447852996,0.8638299908778541,1340446.6341714626,16.556244126727417
Camuy,2020-2024,2,80,5,0.03592430717679373,2.5,0.16481901369277965,72001.21008079698,11867.16843020358,330338.129328476,0.6551922152076504,958035.589386163,13.30582622585221
Camuy,2020-2024,2,85,NA,0.11488935828773687,10.438304874049539,1,60134.041650593404,60134.041650593404,627697.4600576871,0,627697.4600576871,10.438304874049539
Canovanas,1980-1984,1,0,1,0.016539122365004863,0.11628700827675105,0.016300871479519804,100000,1630.08714795197,98559.47080971375,0.9831462346505211,7182698.013774709,71.82698013774709
Canovanas,1980-1984,1,1,4,4.948519362920091e-4,1.6038854742322068,0.001977063497656158,98369.91285204803,194.48356396739837,393013.6465155468,0.9979964723360969,7084138.542964995,72.01529753939907
Canovanas,1980-1984,1,5,5,2.3556166475568682e-4,2.5,0.0011771151157877239,98175.42928808063,115.56378181395121,490588.2369858683,0.9987322012904702,6691124.896449449,68.15478113994669
Canovanas,1980-1984,1,10,5,0.00027190253674136563,2.5,0.0013585891740997603,98059.86550626668,133.22307169050328,489966.26985210716,0.9968791979030097,6200536.65946358,63.23215545372458
Canovanas,1980-1984,1,15,5,9.794750498441855e-4,2.5,0.004885412400335109,97926.64243457618,478.4120332730672,488437.1820896982,0.9931427967692033,5710570.389611473,58.3147777524043
Canovanas,1980-1984,1,20,5,0.0017755817675071625,2.5,0.008838674364907654,97448.23040130311,861.3131759536191,485087.8690666315,0.990777193469978,5222133.207521775,53.58879464528422
Canovanas,1980-1984,1,25,5,0.0019313533427227315,2.5,0.009610364191100496,96586.91722534949,928.235450631284,480613.99750016927,0.9876431948620182,4737045.338455143,49.04437862327687
Canovanas,1980-1984,1,30,5,0.0030490451694861966,2.5,0.015129896502814152,95658.6817747182,1447.305954847121,474675.1439864732,0.9851211509344143,4256431.340954974,44.496027563699016
Canovanas,1980-1984,1,35,5,0.002946332493211609,2.5,0.014623944955554328,94211.37581987109,1377.741974176839,467612.52416391333,0.982603225836216,3781756.196968501,40.14118426843791
Canovanas,1980-1984,1,40,5,0.004083415428325505,2.5,0.02021075487098185,92833.63384569425,1876.23781743781,459477.5746848767,0.9765128739791299,3314143.6728045875,35.699816279014506
Canovanas,1980-1984,1,45,5,0.005439185822895774,2.5,0.026831081025659533,90957.39602825644,2440.4852627171495,448685.7669844893,0.9661990254812169,2854666.0981197106,31.384650647132556
Canovanas,1980-1984,1,50,5,0.008363912373636059,2.5,0.04096303380492362,88516.91076553929,3625.921207996187,433519.7508077059,0.9506470136306346,2405980.3311352213,27.18102462373663
Canovanas,1980-1984,1,55,5,0.011967935533357331,2.5,0.05810129624706328,84890.9895575431,4932.2765329891845,412124.2564552425,0.9249645511096294,1972460.5803275155,23.23521719570119
Canovanas,1980-1984,1,60,5,0.019510200689466222,2.5,0.09301418967834943,79958.71302455392,7437.294899702567,381200.32787351316,0.894005408896797,1560336.323872273,19.514275115872877
Canovanas,1980-1984,1,65,5,0.025601227379662427,2.5,0.12030617269261096,72521.41812485135,8724.774252841395,340795.1549921532,0.8514711416576854,1179135.9959987598,16.25914145761441
Canovanas,1980-1984,1,70,5,0.03970811728444474,2.5,0.18061125425509386,63796.643872009954,11522.391866989274,290177.2396925766,0.7812852732224153,838340.8410066066,13.140829832498744
Canovanas,1980-1984,1,75,5,0.06115278895444867,2.5,0.2652170405088417,52274.25200502068,13864.022411584963,226711.20399614098,0.6983404253748541,548163.60131403,10.48630215237478
Canovanas,1980-1984,1,80,5,0.08521780886974362,2.5,0.3512558991527876,38410.22959343572,13491.819732507276,158321.5986359104,0.50748042336314,321452.39731788903,8.368926734372476
Canovanas,1980-1984,1,85,NA,0.17015972706344915,6.546597459164696,1,24918.40986092844,24918.40986092844,163130.79868197863,0,163130.79868197863,6.546597459164696
Canovanas,1980-1984,2,0,1,0.012756163972782139,0.12281263887166005,0.012615007765454128,100000,1261.5007765454066,98893.42746276078,0.9870284279957072,7856621.110447347,78.56621110447347
Canovanas,1980-1984,2,1,4,3.3822264645612995e-4,1.5034753823656062,0.0013517491942676187,98738.4992234546,133.46968676849792,394620.78653509286,0.9986482871145944,7757727.682984587,78.56841803345738
Canovanas,1980-1984,2,5,5,1.4448554038570905e-4,2.5,7.221668452613296e-4,98605.0295366861,71.20928310742602,492847.1244756619,0.9991616911091862,7363106.896449493,74.67273151325453
Canovanas,1980-1984,2,10,5,1.9099813137149092e-4,2.5,9.545348709157699e-4,98533.82025357867,94.05396739658318,492433.9663494019,0.9981435786913104,6870259.771973832,69.72488993416765
Canovanas,1980-1984,2,15,5,5.525962435459958e-4,2.5,0.002759169451045093,98439.76628618209,271.6119959048374,491519.8014411484,0.9962521140414008,6377825.80562443,64.78911974539785
Canovanas,1980-1984,2,20,5,9.501190778445312e-4,2.5,0.004739338050477372,98168.15429027725,465.2520689730445,489677.64127895364,0.9950255381474902,5886306.004183281,59.96146150184135
Canovanas,1980-1984,2,25,5,0.0010448632957652843,2.5,0.0052107052920646,97702.9022213042,509.10102965461556,487241.75853238447,0.9935142775447465,5396628.362904328,55.235087599348596
Canovanas,1980-1984,2,30,5,0.0015595404327405906,2.5,0.007767418157018271,97193.80119164959,754.9448961256567,484081.6437179338,0.9919925576909784,4909386.6043719435,50.51131393340066
Canovanas,1980-1984,2,35,5,0.001656702440080197,2.5,0.00824934542366984,96438.85629552393,795.557437845433,480205.3878830061,0.9906426754274634,4425304.960654009,45.88715721693397
Canovanas,1980-1984,2,40,5,0.002105933290259457,2.5,0.01047451985116217,95643.2988576785,1001.8176325153909,475711.950207104,0.9868510929696922,3945099.5727710035,41.248049992937695
Canovanas,1980-1984,2,45,5,0.0031956488109808347,2.5,0.015851603658942077,94641.48122516311,1500.219250076494,469456.85800062434,0.9820205630884515,3469387.6225638995,36.658213477342166
Canovanas,1980-1984,2,50,5,0.004069289487249357,2.5,0.020141543013145847,93141.26197508661,1876.0087343698979,461016.28803950833,0.9731687855852272,2999930.764563275,32.208397233931564
Canovanas,1980-1984,2,55,5,0.0068469071114449845,2.5,0.03365839578359855,91265.25324071672,3071.8420148663863,448646.66116641765,0.9588335007800278,2538914.4765237668,27.819070088232284
Canovanas,1980-1984,2,60,5,0.010032703872693307,2.5,0.04893611547535611,88193.41122585033,4315.842955913788,430177.4487394672,0.9457716582700229,2090267.815357349,23.700952104057766
Canovanas,1980-1984,2,65,5,0.012327111641961371,2.5,0.05979287460808763,83877.56826993654,5015.280921995625,406849.6390446936,0.909720632634484,1660090.366617882,19.791827551263104
Canovanas,1980-1984,2,70,5,0.026144988308516807,2.5,0.12270466168002231,78862.28734794092,9676.77028834178,370119.51101885014,0.8627551506736912,1253240.7275731883,15.891508726393925
Canovanas,1980-1984,2,75,5,0.033326896280543396,2.5,0.1538187293085402,69185.51705959914,10642.02832066187,319322.514496341,0.7929996430436346,883121.2165543382,12.764538794927018
Canovanas,1980-1984,2,80,5,0.062387476382862093,2.5,0.2698493344625301,58543.48873893727,15797.921473316848,253222.64001139422,0.5508633860151285,563798.7020579972,9.630425418822277
Canovanas,1980-1984,2,85,NA,0.15752044277648236,7.26569050111529,1,42745.56726562042,42745.56726562042,310576.06204660295,0,310576.06204660295,7.26569050111529
Canovanas,1985-1989,1,0,1,0.01608027838382824,0.11720260849898995,0.015855203811637155,100000,1585.5203811637184,98600.30674333699,0.9834271086370486,7123749.189231951,71.23749189231951
Canovanas,1985-1989,1,1,4,5.785652843404211e-4,1.6052282709155372,0.002311059091530194,98414.47961883628,227.44167786132311,393113.2475751873,0.997753302745295,7025148.882488613,71.38328536306173
Canovanas,1985-1989,1,5,5,2.660913247008303e-4,2.5,0.0013295721544644844,98187.03794097496,130.54675157567544,490608.8228259356,0.9986376367114486,6632035.634913426,67.5449201237771
Canovanas,1985-1989,1,10,5,2.792344094280595e-4,2.5,0.0013951980788613324,98056.49118939928,136.80822812732367,489940.4353766781,0.9969099758521894,6141426.81208749,62.63151717539154
Canovanas,1985-1989,1,15,5,9.59740872166771e-4,2.5,0.004787218138554982,97919.68296127196,468.7628823937557,488426.5076003754,0.9918150155082547,5651486.376710813,57.71552976683985
Canovanas,1985-1989,1,20,5,0.0023333513693028643,2.5,0.011599094936383112,97450.9200788782,1130.3424736328016,484428.744210309,0.9867771858607776,5163059.869110437,52.98113003890965
Canovanas,1985-1989,1,25,5,0.002995381661370428,2.5,0.014865588032407735,96320.5776052454,1431.8620257231378,478023.23296191916,0.9822405078269263,4678631.124900128,48.57353684147073
Canovanas,1985-1989,1,30,5,0.004182697796640848,2.5,0.02069706506212355,94888.71557952226,1963.9179200107028,469533.78309758456,0.9777247222699733,4200607.891938209,44.26878229179796
Canovanas,1985-1989,1,35,5,0.004835116866426592,2.5,0.02388684511290514,92924.79765951156,2219.680248840814,459074.78767545574,0.9787414814518595,3731074.1088406243,40.15154407450809
Canovanas,1985-1989,1,40,5,0.00374796677401276,2.5,0.018565873180535843,90705.11741067075,1684.0197066721157,449315.5377866734,0.9756944940191502,3271999.3211651687,36.07292967111295
Canovanas,1985-1989,1,45,5,0.006123059682050373,2.5,0.0301537159049479,89021.09770399863,2684.31688971298,438394.6962957107,0.9637188218275594,2822683.783378495,31.708031648453893
Canovanas,1985-1989,1,50,5,0.008705248249708896,2.5,0.04259915079138011,86336.78081428565,3677.873544750095,422489.220209553,0.947560873367879,2384289.087082784,27.61614533916314
Canovanas,1985-1989,1,55,5,0.012949460818836108,2.5,0.06271692808683496,82658.90726953556,5184.112742959813,400334.2544902782,0.9325911062705783,1961799.8668732313,23.733677732711385
Canovanas,1985-1989,1,60,5,0.015027053741671273,2.5,0.0724148154015265,77474.79452657574,5610.322943913183,373348.1652730958,0.9078641969251516,1561465.612382953,20.154498271658305
Canovanas,1985-1989,1,65,5,0.024042436701650873,2.5,0.11339637083807594,71864.47158266256,8149.170269669972,338949.4322391379,0.8599361437986408,1188117.4471098573,16.532751454843968
Canovanas,1985-1989,1,70,5,0.0371924194715345,2.5,0.1701421059243965,63715.30131299259,10840.655545000023,291474.86770246294,0.7987077480543276,849168.0148707195,13.327536672851931
Canovanas,1985-1989,1,75,5,0.05424322151910247,2.5,0.23882897509268108,52874.645767992566,12627.997457158235,232803.23519706726,0.7107986156551775,557693.1471682566,10.54745878800485
Canovanas,1985-1989,1,80,5,0.08643423167361781,2.5,0.3553789024108504,40246.64831083433,14302.80970241981,165476.21729812212,0.4906698817019709,324889.9119711893,8.072471264240145
Canovanas,1985-1989,1,85,NA,0.18940530688653098,6.144568545896042,1,25943.83860841452,25943.83860841452,159413.6946730672,0,159413.6946730672,6.144568545896042
Canovanas,1985-1989,2,0,1,0.011059790591948374,0.12629914419008625,0.010953943202849654,100000,1095.3943202849769,99042.9530449177,0.9886382841525816,7778737.255529437,77.78737255529437
Canovanas,1985-1989,2,1,4,3.4718155154543287e-4,1.5061779344089636,0.0013875248746381065,98904.60567971502,137.2326005968789,395276.1890313731,0.9986545470444519,7679694.30248452,77.647489211512
Canovanas,1985-1989,2,5,5,1.4812516310578266e-4,2.5,7.40351653755243e-4,98767.37307911814,73.1225879961712,493654.05892560026,0.9992029529589228,7284418.113453146,73.75328396775242
Canovanas,1985-1989,2,10,5,1.7082981272189393e-4,2.5,8.537844340220476e-4,98694.25049112197,84.26361479680054,493260.59341861785,0.9980648809275008,6790764.054527546,68.80607553870028
Canovanas,1985-1989,2,15,5,6.043873778197892e-4,2.5,0.0030173777265688137,98609.98687632517,297.5435780178668,492306.0754365812,0.9962879661638325,6297503.461108929,63.86273500884998
Canovanas,1985-1989,2,20,5,8.837065050953472e-4,2.5,0.00440879232932414,98312.4432983073,433.43914589069027,490478.6186268098,0.9949558882991607,5805197.385672347,59.04844993077593
Canovanas,1985-1989,2,25,5,0.001139686883183111,2.5,0.005682244467199787,97879.00415241662,556.1724298000918,488004.5896875828,0.9932516238891207,5314718.767045537,54.298864328140155
Canovanas,1985-1989,2,30,5,0.0015702602680494262,2.5,0.007820600395065474,97322.83172261652,761.1229762187868,484711.3511725357,0.9923369406580925,4826714.177357955,49.59488017277133
Canovanas,1985-1989,2,35,5,0.0015065079283676686,2.5,0.007504276511684553,96561.70874639774,724.6257628737076,480996.9793248044,0.9903506553694563,4342002.826185419,44.96609352252581
Canovanas,1985-1989,2,40,5,0.0023761582941265484,2.5,0.011810631644778706,95837.08298352403,1131.8964850284974,476355.67370504886,0.9869650169690108,3861005.8468606146,40.28718035506553
Canovanas,1985-1989,2,45,5,0.0028753145952266305,2.5,0.014273967607647996,94705.18649849553,1351.8187643557903,470146.38558158814,0.9819899424696462,3384650.1731555657,35.738804793012406
Canovanas,1985-1989,2,50,5,0.004408098524948726,2.5,0.021800248516421743,93353.36773413974,2035.1266164491535,461679.02212957584,0.9726648849176118,2914503.7875739774,31.22012476158512
Canovanas,1985-1989,2,55,5,0.006709348316362165,2.5,0.03299333218740398,91318.24111769059,3012.8930639654136,449058.97292853944,0.9547107115833565,2452824.7654444017,26.860184070816814
Canovanas,1985-1989,2,60,5,0.011947458965216965,2.5,0.058004770779400555,88305.34805372517,5122.1314724515105,428721.4115874971,0.9346080223553195,2003765.7925158623,22.691329989399584
Canovanas,1985-1989,2,65,5,0.015203520355887908,2.5,0.07323406286563441,83183.21658127366,6091.844912478686,400686.4706251716,0.8990675373873027,1575044.380928365,18.93464145365763
Canovanas,1985-1989,2,70,5,0.02799507672397302,2.5,0.1308196203482401,77091.37166879498,10085.063973836819,360244.19840938284,0.8375232619474381,1174357.9103031934,15.233324882952493
Canovanas,1985-1989,2,75,5,0.044172645916757264,2.5,0.19889854237010215,67006.30769495816,13327.456930129745,301712.8961494664,0.7640321313447886,814113.7118938107,12.149807083834707
Canovanas,1985-1989,2,80,5,0.06572302326728549,2.5,0.2822408168967247,53678.850764828414,15150.36268994255,230518.3470992857,0.5501210380307048,512400.8157443442,9.5456741052303
Canovanas,1985-1989,2,85,NA,0.15424608049243801,7.316208933430709,1,38528.48807488586,38528.48807488586,281882.4686450585,0,281882.4686450585,7.316208933430709
Canovanas,1990-1994,1,0,1,0.017001686939448972,0.11536398379667656,0.016749765366313348,100000,1674.9765366313368,98518.25542940041,0.982461548176056,6927741.740605518,69.27741740605518
Canovanas,1990-1994,1,1,4,6.240739601560395e-4,1.6025329569512978,0.0024925664707667046,98325.02346336866,245.08165672213363,392712.5186586276,0.9977016801501434,6829223.485176118,69.45559985266995
Canovanas,1990-1994,1,5,5,2.4316613667627258e-4,2.5,0.0012150920103067317,98079.94180664653,119.17615366062091,490101.76864908106,0.9985009247482538,6436510.96651749,65.62515074903226
Canovanas,1990-1994,1,10,5,3.5699913258678556e-4,2.5,0.0017834039787502634,97960.76565298591,174.70361922694428,489367.0692168622,0.9951585229131499,5946409.19786841,60.70194692978249
Canovanas,1990-1994,1,15,5,0.0015872764647880122,2.5,0.007905013718367583,97786.06203375896,773.000161842021,486997.80976418976,0.9892600895272639,5457042.128651547,55.80592995725298
Canovanas,1990-1994,1,20,5,0.002738094615341072,2.5,0.013597395686922796,97013.06187191694,1319.1249890723702,481767.49688690377,0.9825948480873533,4970044.318887358,51.230671653773165
Canovanas,1990-1994,1,25,5,0.004298787193866994,2.5,0.021265397424037605,95693.93688284457,2034.9695988844614,473382.2604170117,0.9771773739015436,4488276.822000453,46.90241584997518
Canovanas,1990-1994,1,30,5,0.004943077249353415,2.5,0.024413689365577657,93658.96728396011,2286.560933571396,462578.4340858721,0.9750453458495182,4014894.5615834417,42.867166679415504
Canovanas,1990-1994,1,35,5,0.005167743666782264,2.5,0.02550915638058451,91372.40635038872,2330.833002462372,451034.9492457877,0.9745314352801693,3552316.1274975697,38.877340210078174
Canovanas,1990-1994,1,40,5,0.0051508674214360926,2.5,0.025426910494940065,89041.57334792634,2264.052115846367,439547.7364500158,0.96964634292897,3101281.178251782,34.82958646893683
Canovanas,1990-1994,1,45,5,0.007209427909416638,2.5,0.03540894397474691,86777.52123207998,3072.7003875741357,426205.85519146454,0.9615831323591199,2661733.4418017664,30.673075285051755
Canovanas,1990-1994,1,50,5,0.00848321780241971,2.5,0.04153520846245869,83704.82084450584,3476.6971830893162,409832.3612648059,0.9483145996669256,2235527.586610302,26.707274014278426
Canovanas,1990-1994,1,55,5,0.012855377672232262,2.5,0.062275452216287726,80228.12366141652,4996.242681478965,388650.0116033852,0.921274315516806,1825695.2253454959,22.75629968675826
Canovanas,1990-1994,1,60,5,0.02022730451417361,2.5,0.09626839711216992,75231.88097993756,7242.452593672133,358053.27341550746,0.883466814087635,1437045.2137421106,19.101545714712813
Canovanas,1990-1994,1,65,5,0.029866396145305524,2.5,0.1389566451954525,67989.42838626543,9447.582877311914,316328.1847380473,0.842707741956879,1078991.9403266031,15.869995761643596
Canovanas,1990-1994,1,70,5,0.039219417867451006,2.5,0.1785869033654007,58541.84550895351,10454.806906739694,266572.2102779183,0.7914474652452298,762663.7555885558,13.02766848154646
Canovanas,1990-1994,1,75,5,0.055849058813728425,2.5,0.24503312109085554,48087.03860221382,11782.917152716902,210977.90012927685,0.6983563221666801,496091.5453106375,10.316533513623327
Canovanas,1990-1994,1,80,5,0.09280135406883498,2.5,0.37662783717056264,36304.12144949692,13673.142741901458,147337.75039273093,0.4832315012527392,285113.64518136065,7.853478718056448
Canovanas,1990-1994,1,85,NA,0.18756919022696447,6.087933560840171,1,22630.97870759546,22630.97870759546,137775.89478862972,0,137775.89478862972,6.087933560840171
Canovanas,1990-1994,2,0,1,0.011860488226141072,0.12465349436345904,0.011738617466171787,100000,1173.8617466171709,98972.46422199825,0.9878521250452937,7816429.81806988,78.1642981806988
Canovanas,1990-1994,2,1,4,3.5613714158550316e-4,1.5049012693825385,0.0014232838401219965,98826.13825338283,140.65764555771602,394953.5983006486,0.9986436418530905,7717457.353847882,78.09125693104488
Canovanas,1990-1994,2,5,5,1.3889835138631686e-4,2.5,6.942506812439004e-4,98685.48060782511,68.51246214086132,493256.12188377336,0.9991530280014879,7322503.755547233,74.20041641836627
Canovanas,1990-1994,2,10,5,2.0005989314614213e-4,2.5,9.997994163197194e-4,98616.96814568425,98.59718719126249,492838.3477604431,0.9982276269198639,6829247.63366346,69.2502290637732
Canovanas,1990-1994,2,15,5,5.097928820889882e-4,2.5,0.0025457199356874274,98518.37095849299,250.80018098048458,491964.85434001376,0.9965862083707459,6336409.285903016,64.31703269406093
Canovanas,1990-1994,2,20,5,8.58655038997193e-4,2.5,0.004284078830298223,98267.5707775125,420.9860196727823,490285.3888383806,0.9947521805087902,5844444.431563003,59.474803186041946
Canovanas,1990-1994,2,25,5,0.0012470168769595112,2.5,0.006215706657038664,97846.58475783972,608.1856682477955,487712.45961857913,0.9926223568249175,5354159.042724622,54.719937910716226
Canovanas,1990-1994,2,30,5,0.0017167056346828293,2.5,0.008546847121881878,97238.39908959193,831.0817313952866,484114.2911194714,0.9917874356651024,4866446.583106043,50.04655186293509
Canovanas,1990-1994,2,35,5,0.001581306682136467,2.5,0.007875399854645715,96407.31735819664,759.24617310951,480138.47135820944,0.9902230728555333,4382332.291986572,45.45642812261057
Canovanas,1990-1994,2,40,5,0.0023524640452303866,2.5,0.011693548594577191,95648.07118508713,1118.4653683804063,475444.1925044846,0.9867703643965064,3902193.8206283622,40.79741255918571
Canovanas,1990-1994,2,45,5,0.0029787986163981434,2.5,0.014783897448826874,94529.60581670672,1397.5159982722253,469154.23908785306,0.9814291254762676,3426749.6281238776,36.25054392767022
Canovanas,1990-1994,2,50,5,0.004533746836721928,2.5,0.022414677994970045,93132.0898184345,2087.5258042788337,460441.6345814754,0.9744018611480119,2957595.3890360245,31.756995841089783
Canovanas,1990-1994,2,55,5,0.005855395942441342,2.5,0.02885459205904833,91044.56401415567,2627.0537538223725,448655.1856862224,0.9623223787408435,2497153.754454549,27.427818250261378
Canovanas,1990-1994,2,60,5,0.009576471216724208,2.5,0.046762799573303086,88417.51026033329,4134.650311074438,431750.92552398035,0.9357363594780312,2048498.5687683267,23.16847152489142
Canovanas,1990-1994,2,65,5,0.017236676579566006,2.5,0.08262301732853064,84282.85994925885,6963.704198085732,404005.03925107996,0.9001268835718115,1616747.6432443461,19.18240131169829
Canovanas,1990-1994,2,70,5,0.02523263153921505,2.5,0.11867683553767011,77319.15575117312,9175.992730993472,363655.79692838195,0.8551209669761239,1212742.6039932664,15.684891954796933
Canovanas,1990-1994,2,75,5,0.03826240138402418,2.5,0.17460955474707507,68143.16302017965,11898.447354010917,310969.69671587093,0.7792206133651244,849086.8070648843,12.460337463546256
Canovanas,1990-1994,2,80,5,0.0642300170343083,2.5,0.2767163461106457,56244.71566616873,15563.832207174404,242313.99781290765,0.5497002545491501,538117.1103490134,9.567425205648101
Canovanas,1990-1994,2,85,NA,0.12843668227613803,7.271305030390269,1,40680.88345899433,40680.88345899433,295803.11253610573,0,295803.11253610573,7.271305030390269
Canovanas,1995-1999,1,0,1,0.015985088624771836,0.11739255490369904,0.015762699658762397,100000,1576.269965876243,98608.77239263593,0.9835574837558794,6886029.2661751965,68.86029266175197
Canovanas,1995-1999,1,1,4,5.576023117982964e-4,1.605506985928149,0.002227435231713557,98423.73003412376,219.2324839146604,393169.96948530374,0.9978747022314464,6787420.493782561,68.96121993577509
Canovanas,1995-1999,1,5,5,2.3550224079643852e-4,2.5,0.0011768183455887016,98204.4975502091,115.5688543364231,490733.5656152044,0.9985736307078551,6394250.524297257,65.1115853530849
Canovanas,1995-1999,1,10,5,3.355240572736496e-4,2.5,0.001676214260844102,98088.92869587267,164.4180611109332,490033.59832658607,0.9949825823061692,5903516.958682053,60.18535462841137
Canovanas,1995-1999,1,15,5,0.0016798716379381802,2.5,0.008364231103182409,97924.51063476174,819.0632376151916,487574.8950797707,0.9889777914761456,5413483.360355467,55.28220999282442
Canovanas,1995-1999,1,20,5,0.0027594267486332792,2.5,0.013702605403475602,97105.44739714655,1330.5976282110496,482200.7429152051,0.9831643173523764,4925908.4652756965,50.727416404658314
Canovanas,1995-1999,1,25,5,0.004042911485152642,2.5,0.02001228765673424,95774.8497689355,1916.6738438564353,474082.5642350364,0.981484584416407,4443707.722360491,46.39743871257738
Canovanas,1995-1999,1,30,5,0.0034267015515933043,2.5,0.016987975949108423,93858.17592507906,1594.4604352424358,465304.72853728925,0.9795460203190061,3969625.1581254546,42.29386645329812
Canovanas,1995-1999,1,35,5,0.004854177570192916,2.5,0.023979881345555863,92263.71548983663,2212.4729499464156,455787.3950743171,0.9730379153797342,3504320.429588165,37.981566328468375
Canovanas,1995-1999,1,40,5,0.0060949899116715354,2.5,0.03001755777877111,90051.24253989021,2703.118375991282,443498.41675947286,0.96471305156103615,3048533.0345138484,33.853314496614885
Canovanas,1995-1999,1,45,5,0.008313134616492378,2.5,0.040719408276201935,87348.12416389893,3556.763929990164,427848.71099451924,0.9570947978441663,2605034.6177543756,29.82358971861057
Canovanas,1995-1999,1,50,5,0.00924563195388083,2.5,0.045183778308098096,83791.36023390877,3786.010244942925,409491.7755571865,0.9441163962568322,2177185.9067598563,25.983417630196087
Canovanas,1995-1999,1,55,5,0.013883679592214747,2.5,0.06708976592599089,80005.34998896584,5367.540203586701,386607.8994358625,0.9248620185597085,1767694.1312026696,22.094699060081183
Canovanas,1995-1999,1,60,5,0.017485325009979062,2.5,0.08376498028792326,74637.80978537914,6252.034665406056,357558.9622633806,0.8898956445776139,1381086.2317668071,18.503841896461292
Canovanas,1995-1999,1,65,5,0.029842170057569197,2.5,0.13885175599952143,68385.77511997308,9495.484960796646,318190.1631978738,0.8423096667873782,1023527.2695034265,14.966961589713561
Canovanas,1995-1999,1,70,5,0.03945575426462335,2.5,0.17956644727816948,58890.29015917644,10574.720183063859,268014.65033822256,0.7564561932268722,705337.1063055528,11.97713756205097
Canovanas,1995-1999,1,75,5,0.07662276938652048,2.5,0.3215237471140734,48315.56997611258,15534.603102671936,202741.34212388308,0.6422250946788981,437322.4559673302,9.0513773548267
Canovanas,1995-1999,1,80,5,0.1035263076650139,2.5,0.4112051588529428,32780.966873440644,13479.702690546219,130205.57764083768,0.44494432860552763,234581.11384344712,7.1560157071970405
Canovanas,1995-1999,1,85,NA,0.17032796885092094,5.407704656729756,1,19301.264182894425,19301.264182894425,104375.53620260942,0,104375.53620260942,5.407704656729756
Canovanas,1995-1999,2,0,1,0.00904941586817964,0.13043100704860644,0.008978761175442607,100000,897.8761175442633,99219.23476867193,0.9906282345460098,7733677.49785603,77.3367749785603
Canovanas,1995-1999,2,1,4,0.00031789917771583766,1.509391555567555,0.0012705907049472462,99102.12388245574,125.91823744557041,396094.882504333,0.998772673570333,7634458.263087358,77.03627292733434
Canovanas,1995-1999,2,5,5,1.4135505666736797e-4,2.5,7.065256059191858e-4,98976.20564501017,69.9292236649344,494706.20516588853,0.9992188776113543,7238363.380583025,73.13235876655312
Canovanas,1995-1999,2,10,5,1.7122764854069414e-4,2.5,8.557719131725215e-4,98906.27642134523,84.64121339785925,494319.7790732315,0.9982721214681575,6743657.175417136,68.18229761970666
Canovanas,1995-1999,2,15,5,5.20823684259242e-4,2.5,0.002600732114092628,98821.63520794737,257.0086002524622,493465.6545391057,0.9964613081194762,6249337.396343905,63.238554828541474
Canovanas,1995-1999,2,20,5,8.978302124330906e-4,2.5,0.004479097389763054,98564.62660769491,441.4805617614911,491719.4316340708,0.9947581903389344,5755871.741804799,58.39693143377099
Canovanas,1995-1999,2,25,5,0.0012052111393872013,2.5,0.00600795356553076,98123.14604593342,589.519305147769,489141.9319667977,0.9933913813372842,5264152.310170729,53.648425700766595
Canovanas,1995-1999,2,30,5,0.001447804312297315,2.5,0.007212914340271385,97533.62674078565,703.5016949772835,485909.37946648506,0.9914210492799328,4775010.37820393,48.9575804547332
Canovanas,1995-1999,2,35,5,0.0020009419581825463,2.5,0.00995491178919024,96830.12504580837,963.9353533672838,481740.78684562363,0.9892816782576064,4289100.998737446,44.295109571616884
Canovanas,1995-1999,2,40,5,0.002311158478949908,2.5,0.011489407789174384,95866.18969244108,1101.445746570811,476577.33409577835,0.9862637072094169,3807360.211891822,39.71535975411806
Canovanas,1995-1999,2,45,5,0.003227695203639284,2.5,0.016009293220840017,94764.74394587027,1517.1165728272608,470030.9282972832,0.980639266370323,3330782.8777960436,35.147911967119235
Canovanas,1995-1999,2,50,5,0.004605769321219448,2.5,0.0227667011715935,93247.62737304301,2122.9408673621656,460930.78469680966,0.9706750384501057,2860751.9494987605,30.679085678546457
Canovanas,1995-1999,2,55,5,0.00733944421823567,2.5,0.036036010371259294,91124.68650568085,3283.77014799646,447414.0071584131,0.9573530747665768,2399821.1648019506,26.335576634903894
Canovanas,1995-1999,2,60,5,0.010152289820036716,2.5,0.049504976917189726,87840.91635768439,4348.562536671961,428333.17544674204,0.9332792407630622,1952407.1576435377,22.226625570405265
Canovanas,1995-1999,2,65,5,0.017718184603804428,2.5,0.08483319738933413,83492.35382101242,7082.923332198086,399754.4607745669,0.894302832550049,1524073.9821967955,18.25405456245783
Canovanas,1995-1999,2,70,5,0.027463496124844743,2.5,0.12849516449387655,76409.43048881434,9818.24233954362,357501.54659521265,0.8454650267554873,1124319.5214222288,14.714407818898993
Canovanas,1995-1999,2,75,5,0.04062911189216427,2.5,0.18441410608433645,66591.18814927072,12280.354435641617,302255.05465724954,0.756398860746454,766817.974827016,11.515306996897515
Canovanas,1995-1999,2,80,5,0.07510765385499096,2.5,0.3161710961529354,54310.8337136291,17171.51582821791,228625.37899760075,0.5078699373724154,464562.92016976647,8.553779944151108
Canovanas,1995-1999,2,85,NA,0.14636810159762337,6.352769910856255,1,37139.31788541119,37139.31788541119,235937.54117216574,0,235937.54117216574,6.352769910856255
Canovanas,2000-2004,1,0,1,0.01080767127484841,0.12772383235460374,0.010706735940625423,100000,1070.6735940625367,99066.076940572,0.9886990207905656,7190569.055333169,71.9056905533317
Canovanas,2000-2004,1,1,4,4.6132967004758265e-4,1.6207406046108956,0.001843295436811878,98929.32640593746,182.3559759309428,395283.4334547108,0.9982112584951939,7091502.978392597,71.68251554947396
Canovanas,2000-2004,1,5,5,2.18540408722735e-4,2.5,0.0010921053707284567,98746.97043000652,107.84209674976591,493465.2469081582,0.9988483428760605,6696219.544937886,67.81189859069426
Canovanas,2000-2004,1,10,5,2.4240160438761767e-4,2.5,0.0012112739850447688,98639.12833325675,119.47901005756285,492896.94414113986,0.9959246511183631,6202754.298029728,62.88330404820126
Canovanas,2000-2004,1,15,5,0.0013934166070784617,2.5,0.006942897164865405,98519.64932319919,684.0117939695774,490888.217131072,0.986610066886535,5709857.353888588,57.956533474424816
Canovanas,2000-2004,1,20,5,0.004016335096612435,2.5,0.019882043114182544,97835.63752922961,1945.1723634596856,484315.25673749886,0.9822286980960442,5218969.136757516,53.344254389902495
Canovanas,2000-2004,1,25,5,0.0031481320704269964,2.5,0.015617743553761727,95890.46516576993,1497.5926942099031,475708.3440933249,0.9847317728177084,4734653.880020018,49.37564826528915
Canovanas,2000-2004,1,30,5,0.0030050404426601616,2.5,0.01491316554929154,94392.87247156003,1407.6965338415466,468445.12102319626,0.9813261574546476,4258945.535926692,45.119355142093866
Canovanas,2000-2004,1,35,5,0.004549452331996116,2.5,0.02249145218598679,92985.17593771848,2091.3716386087617,459697.4505920705,0.9769922514525402,3790500.4149034964,40.76456678903716
Canovanas,2000-2004,1,40,5,0.004763238480212085,2.5,0.023535924349735372,90893.80429910972,2139.2697018435138,449120.84724093985,0.972808534676219,3330802.964311426,36.644994562561735
Canovanas,2000-2004,1,45,5,0.006284224933670993,2.5,0.03093511659083953,88754.5345972662,2745.631875732128,436908.5932970007,0.9638114995953337,2881682.117070486,32.467998735461194
Canovanas,2000-2004,1,50,5,0.008498731579395622,2.5,0.041609586137693125,86008.90272153408,3578.794846400153,421097.52649167,0.9518936212367389,2444773.5237734853,28.42465659268766
Canovanas,2000-2004,1,55,5,0.011286786344833363,2.5,0.05488523686909908,82430.10787513392,4524.195995872113,400840.0493859894,0.936111254294856,2023675.9972818154,24.5502044028294
Canovanas,2000-2004,1,60,5,0.01524253861040526,2.5,0.07341511137762467,77905.91187926181,5719.471197591411,375230.88140233053,0.9022062300060113,1622835.9478958258,20.83071629289044
Canovanas,2000-2004,1,65,5,0.02646287355722557,2.5,0.12410399684498964,72186.4406816704,8958.62580660906,338535.63889182935,0.859797345509614,1247605.0664934954,17.283094369415107
Canovanas,2000-2004,1,70,5,0.03444787122641531,2.5,0.15858229954802827,63227.81487506134,10026.812278284247,291072.0436795961,0.8126165983138196,909069.4276016661,14.377682186202298
Canovanas,2000-2004,1,75,5,0.049845756943810555,2.5,0.2216126580028483,53201.00259677709,11790.015593888216,236529.9739991649,0.7390412080072459,617997.3839220699,11.616273260976252
Canovanas,2000-2004,1,80,5,0.0737952894404182,2.5,0.31150706258635474,41410.987002888876,12899.814920071629,174805.3977142653,0.5417553553274874,381467.40992290503,9.21174397259098
Canovanas,2000-2004,1,85,NA,0.1515782755906474,7.248457257679286,1,28511.172082817247,28511.172082817247,206662.01220863973,0,206662.01220863973,7.248457257679286
Canovanas,2000-2004,2,0,1,0.008603708881081541,0.13134705524797954,0.008539884880986656,100000,853.9884880986647,99258.18038502877,0.9912248837036354,7982148.9758629585,79.82148975862958
Canovanas,2000-2004,2,1,4,2.3283937446620697e-4,1.5101056072986347,9.308178604427734e-4,99146.01151190134,92.28687830694253,396354.26146678894,0.9989999190885618,7882890.7954779295,79.50789623576213
Canovanas,2000-2004,2,5,5,1.2266508589484274e-4,2.5,6.131374030936743e-4,99053.7246335944,60.73354348860448,495116.7893092504,0.9993376012008777,7486536.5340111405,75.58056561430965
Canovanas,2000-2004,2,10,5,1.4238875189231538e-4,2.5,7.116904176858069e-4,98992.99109010579,70.4523631768825,494788.8245425867,0.9984006550424016,6991419.74470189,70.62540153310584
Canovanas,2000-2004,2,15,5,4.98145938341708e-4,2.5,0.00248763168266152,98922.5387269289,246.0828414664138,493997.48653097847,0.9964808088481398,6496630.920159304,65.67392025889016
Canovanas,2000-2004,2,20,5,9.127426382187242e-4,2.5,0.004553323160607931,98676.45588546249,449.3057919899875,492259.0149473375,0.9950186535482328,6002633.433628325,60.83146561927406
Canovanas,2000-2004,2,25,5,0.0010852017081664916,2.5,0.0054113275859830655,98227.1500934725,531.539286993313,489806.9022498792,0.994382345294476,5510374.418680987,56.09828253631853
Canovanas,2000-2004,2,30,5,0.0011684239764927586,2.5,0.005825104403337709,97695.61080647919,569.0871326955821,487055.336200657,0.9933892843257706,5020567.516431108,51.38989843030024
Canovanas,2000-2004,2,35,5,0.0014856837258927134,2.5,0.007400930026222494,97126.52367378361,718.826605399925,483835.55185541825,0.9917799395020647,4533512.180230452,46.67635583722778
Canovanas,2000-2004,2,40,5,0.0018172786134253594,2.5,0.009045298498344075,96407.69706838368,872.0363975214568,479858.3943481148,0.9881496737764939,4049676.628375033,42.005739702531486
Canovanas,2000-2004,2,45,5,0.0029579040033546216,2.5,0.014680957856729357,95535.66067086223,1402.5550081237307,474171.9158340018,0.9840207214330847,3569818.234026918,37.366342672037334
Canovanas,2000-2004,2,50,5,0.003489568205851082,2.5,0.017296943865823984,94133.1056627385,1628.2150445640727,466594.99070228235,0.9740864438772716,3095646.3181929165,32.88584070819935
Canovanas,2000-2004,2,55,5,0.007058772131014867,2.5,0.034681832768575976,92504.89061817442,3208.239146694934,454503.8552241348,0.9594461266109809,2629051.3274906343,28.420673868394424
Canovanas,2000-2004,2,60,5,0.00955006953538718,2.5,0.04663688396498737,89296.65147147949,4164.517573137302,436071.9634245542,0.94378615428737,2174547.4722664994,24.351948661378746
Canovanas,2000-2004,2,65,5,0.013705931890293642,2.5,0.06625929595772959,85132.13389834219,5640.795255483317,411558.68135300267,0.9158079853592942,1738475.508841945,20.420908407134373
Canovanas,2000-2004,2,70,5,0.021806835368610063,2.5,0.1033972593144605,79491.33864285887,8219.186554909276,376908.7268270211,0.8746687329957827,1326916.8274889425,16.69259632738801
Canovanas,2000-2004,2,75,5,0.032384456382772514,2.5,0.14979472968891305,71272.1520879496,10676.192756361517,329670.27854884416,0.8039030119114876,950008.1006619213,13.329302859967166
Canovanas,2000-2004,2,80,5,0.057288426800549436,2.5,0.25055708145238637,60595.95933158808,15182.746717930197,265022.9298631149,0.5727764446791934,620337.8221130772,10.237280322909273
Canovanas,2000-2004,2,85,NA,0.11338093307780152,7.824042207115346,1,45413.21261365788,45413.21261365788,355314.89224996226,0,355314.89224996226,7.824042207115346
Canovanas,2005-2009,1,0,1,0.014430847064691069,0.12049396622476222,0.014249985999200613,100000,1424.998599920058,98746.70513324904,0.9852936429529997,7288559.975348987,72.88559975348987
Canovanas,2005-2009,1,1,4,4.247833648553331e-4,1.6100647921844087,0.0016974102405344482,98575.00140007994,167.32221683720127,393900.1163432508,0.9982889979127824,7189813.270215738,72.93749092667937
Canovanas,2005-2009,1,5,5,1.9072169105880925e-4,2.5,9.531539874432347e-4,98407.67918324274,93.7976718085265,491803.9017366924,0.9989272825661624,6795913.153872487,69.05876868834564
Canovanas,2005-2009,1,10,5,2.3862125565732485e-4,2.5,0.0011923949513353064,98313.88151143421,117.2289759604173,491276.33511727006,0.996260103225322,6304109.252135795,64.12226997062065
Canovanas,2005-2009,1,15,5,0.0012620574186834317,2.5,0.006290439852709923,98196.6525354738,617.7001365118631,489439.01233608933,0.9872606795885024,5812832.917018524,59.19583577371564
Canovanas,2005-2009,1,20,5,0.003883139301682245,2.5,0.019229024060752966,97578.95239896193,1876.3480235026946,483203.89193605294,0.9816166937135852,5323393.904682435,54.5547351535111
Canovanas,2005-2009,1,25,5,0.0035351713505967046,2.5,0.017521007344984563,95702.60437545924,1676.8060341965756,474321.0067918048,0.9843875893322519,4840190.0127463825,50.5753217933068
Canovanas,2005-2009,1,30,5,0.00275277029685093,2.5,0.013669777093386532,94025.79834126266,1285.311704352789,466915.7124454314,0.986333289083822,4365869.005954578,46.43267148989089
Canovanas,2005-2009,1,35,5,0.0027515182744578485,2.5,0.013663602244115225,92740.48663690987,1267.1691213324084,460534.5103812184,0.9841671894028878,3898953.293509146,42.04154447424905
Canovanas,2005-2009,1,40,5,0.003639225126535666,2.5,0.018032068738586128,91473.31751557747,1649.4531491874077,453242.9547049188,0.9767471556492084,3438418.7831279277,37.58930884454236
Canovanas,2005-2009,1,45,5,0.005796702433208282,2.5,0.02856949008432312,89823.86436639006,2566.222002351162,442703.7668260724,0.9660422567068598,2985175.8284230093,33.23366067002558
Canovanas,2005-2009,1,50,5,0.00806009760959195,2.5,0.03950446346902255,87257.6423640389,3447.0663451632136,427670.5459572865,0.9526729395891474,2542472.0615969365,29.1375287334689
Canovanas,2005-2009,1,55,5,0.011410764495354735,2.5,0.05547139491768731,83810.57601887568,4649.089560621898,407430.1561928237,0.9359021894321468,2114801.51563965,25.233110379331578
Canovanas,2005-2009,1,60,5,0.01520282770191992,2.5,0.07323084857617708,79161.48645825378,5797.062827889473,381314.77522154525,0.9153903847666811,1707371.3594468264,21.568207417974868
Canovanas,2005-2009,1,65,5,0.020364009390549685,2.5,0.09688750195371743,73364.42363036431,7108.0957378202875,349051.87880727084,0.8752109066644669,1326056.5842252811,18.07492676431862
Canovanas,2005-2009,1,70,5,0.03376515045532086,2.5,0.15568401666144813,66256.32789254402,10315.051255549195,305494.0113238471,0.8262399754961791,977004.7054180104,14.745832383022165
Canovanas,2005-2009,1,75,5,0.043254817493846624,2.5,0.19516908011697853,55941.27663699483,10918.007501811699,252411.3644304449,0.7569704627072625,671510.6940941632,12.00385000956669
Canovanas,2005-2009,1,80,5,0.07128018870151705,2.5,0.3024960115463797,45023.26913518313,13619.359340172123,191067.94732548535,0.5440986568057826,419099.3296637184,9.308505084456785
Canovanas,2005-2009,1,85,NA,0.14057450480231104,7.261241795263956,1,31403.909795011008,31403.909795011008,228031.38233823306,0,228031.38233823306,7.261241795263956
Canovanas,2005-2009,2,0,1,0.0076564229668349615,0.1332939835689531,0.007605950881911314,100000,760.5950881911267,99340.78766099685,0.9921263017568086,8165271.147939755,81.65271147939755
Canovanas,2005-2009,2,1,4,2.3830821343805448e-4,1.5116251179151303,9.526679215104139e-4,99239.40491180887,94.54219760926208,396722.3632174075,0.9990561587341162,8065930.360278758,81.27749624704735
Canovanas,2005-2009,2,5,5,1.0441395007731553e-4,2.5,5.219335075385781e-4,99144.86271419961,51.74702595085546,495594.94600612094,0.9994226497267554,7669207.99706135,77.35355909633995
Canovanas,2005-2009,2,10,5,1.2659925133283822e-4,2.5,6.327959779215629e-4,99093.11568824876,62.705725047242595,495308.8141286257,0.9985296109644455,7173613.05105523,72.3926480788406
Canovanas,2005-2009,2,15,5,4.622360296788326e-4,2.5,0.0023085124543157955,99030.40996320151,228.61293475604907,494580.51747911744,0.9968887897700137,6678304.236926604,67.43690387031802
Canovanas,2005-2009,2,20,5,7.846893959918251e-4,2.5,0.003915765331127805,98801.79702844546,386.8846514571196,493041.7735135845,0.9956992787957162,6183723.719447487,62.58715838606828
Canovanas,2005-2009,2,25,5,9.396402163244482e-4,2.5,0.004687190400118438,98414.91237698834,461.2894325219095,490921.33830363693,0.995104856839379,5690681.945933902,57.82337054912131
Canovanas,2005-2009,2,30,5,0.0010234268689619176,2.5,0.005104075225492158,97953.622944466435,499.9626601180644,488518.20807203697,0.9942367554234653,5199760.607630265,53.08390288512558
Canovanas,2005-2009,2,35,5,0.001289301521654191,2.5,0.006425795638036059,97453.66028434837,626.2173051658028,485702.7581588274,0.9923252100206558,4711242.399558228,48.34341148205063
Canovanas,2005-2009,2,40,5,0.0017943860058200066,2.5,0.008931862008614597,96827.44297918257,864.8493593370658,481975.09149757016,0.9895327229167925,4225539.641399401,43.63989703113271
Canovanas,2005-2009,2,45,5,0.0024178329549433076,2.5,0.012016529869907727,95962.5936198455,1153.1373726266902,476930.1246676608,0.9846157365426148,3743564.5499018305,39.01066455885832
Canovanas,2005-2009,2,50,5,0.0037942440785366438,2.5,0.018792957721302614,94809.45624721881,1781.75010283367,469592.9059790099,0.9771290766273577,3266634.4252341697,34.4547322022005
Canovanas,2005-2009,2,55,5,0.005479445242792754,2.5,0.02702699388133855,93027.70614438514,2514.2592447592615,458852.88261002756,0.9681342837089443,2797041.51925516,30.066757906660268
Canovanas,2005-2009,2,60,5,0.007506026174168844,2.5,0.03683884748718172,90513.44689962588,3334.411065874432,444231.2068334433,0.9553660815113778,2338188.636645132,25.832500216658932
Canovanas,2005-2009,2,65,5,0.010830969846564299,2.5,0.052727134230456926,87179.03583375145,4596.700724488037,424403.42735753715,0.9276310315605226,1893957.429811689,21.7249182868164
Canovanas,2005-2009,2,70,5,0.019529982194267142,2.5,0.09310410708726705,82582.33510926341,7688.754571529425,393689.7891174935,0.8868248948156962,1469554.0024541519,17.79501633745047
Canovanas,2005-2009,2,75,5,0.029024963135257712,2.5,0.13530664007589263,74893.58053773399,10133.598745814059,349133.90582413477,0.827678668750337,1075864.2133366584,14.36523939184081
Canovanas,2005-2009,2,80,5,0.04821142657313554,2.5,0.21512805660374565,64759.98179191993,13931.689028589688,288970.6863881254,0.6023687420203738,726730.3075125237,11.22190413591496
Canovanas,2005-2009,2,85,NA,0.10704563038521313,8.61251868447994,1,50828.29276333024,50828.29276333024,437759.62112439825,0,437759.62112439825,8.61251868447994
Canovanas,2010-2014,1,0,1,0.01233510987852082,0.12467590499290564,0.012203347662601937,100000,1220.3347662601882,98931.81157511761,0.9874171903348519,7446189.475826398,74.46189475826398
Canovanas,2010-2014,1,1,4,3.6329097134622643e-4,1.6162313134925803,0.001451906531944812,98779.66523373981,143.4188411761861,394776.7835923083,0.9984706618126024,7347257.66425128,74.38026487400671
Canovanas,2010-2014,1,5,5,1.8475104152359666e-4,2.5,9.233287427507536e-4,98636.24639256363,91.07368137130106,492953.5477593899,0.9989607716841645,6952480.880658971,70.48606506160733
Canovanas,2010-2014,1,10,5,2.3118053416773188e-4,2.5,0.0011552350012269772,98545.17271119232,113.8428327179281,492441.2564741668,0.996804546797725,6459527.332899582,65.5488965637171
Canovanas,2010-2014,1,15,5,0.0010503571137448757,2.5,0.00523803106075767,98431.3298784744,515.5863632551336,490867.68348423415,0.9895527628027925,5967086.0764254145,60.621817096167625
Canovanas,2010-2014,1,20,5,0.003161567409783059,2.5,0.015683872994617896,97915.74351521926,1535.698085466298,485739.4723624306,0.9840358260331764,5476218.392941181,55.92786406294305
Canovanas,2010-2014,1,25,5,0.0032764073132817333,2.5,0.0162489411920221,96380.04542975296,1566.0736902724748,477985.04292308365,0.9856656903593317,4990478.92057875,51.779171698109266
Canovanas,2010-2014,1,30,5,0.0024930527328080997,2.5,0.012388053487537303,94813.97173948049,1174.5605532745394,471133.45731421607,0.9867933126027488,4512493.877655666,47.59313205499508
Canovanas,2010-2014,1,35,5,0.002826956962988021,2.5,0.014035589794194253,93639.41118620595,1314.2843639794737,464911.34502108104,0.9847984827541523,4041360.4203414503,43.1587551560425
Canovanas,2010-2014,1,40,5,0.003303873830361451,2.5,0.016384042131720927,92325.12682222648,1512.6587676718336,457843.9871919528,0.9815135365706777,3576449.075320369,38.73754847049254
Canovanas,2010-2014,1,45,5,0.004167758659406808,2.5,0.020623904654002788,90812.46805455464,1872.9076825518132,449380.0710663937,0.9769653447409921,3118605.0881284163,34.34115551462545
Canovanas,2010-2014,1,50,5,0.005165079264438115,2.5,0.025496171949542745,88939.56037200283,2267.6183243613195,439028.75604911085,0.9637702971976712,2669225.017062023,30.011673162061914
Canovanas,2010-2014,1,55,5,0.00967741160275712,2.5,0.04724405753735235,86671.94204764151,4094.734216972851,423122.87469577545,0.9450228672039046,2230196.261012912,25.731467512139346
Canovanas,2010-2014,1,60,5,0.013029781546041895,2.5,0.06309366601734707,82577.20783066866,5210.098771513265,399860.79222456017,0.9181270640520338,1807073.3863171365,21.883440162116994
Canovanas,2010-2014,1,65,5,0.021477847244928773,2.5,0.10191684989055944,77367.1090591554,7885.012040448477,367123.01519465575,0.8855912137658791,1407212.5940925763,18.18877054093636
Canovanas,2010-2014,1,70,5,0.02742311223419601,2.5,0.12831834053545607,69482.09701870692,8915.827386364035,325120.9166276245,0.8312613505706322,1040089.5788979206,14.969173694022123
Canovanas,2010-2014,1,75,5,0.04820667712993369,2.5,0.21510914312398222,60566.26963234288,13028.358362829342,270260.45225464104,0.7491080880343912,714968.662270296,11.804733337720652
Canovanas,2010-2014,1,80,5,0.06961623895044057,2.5,0.29648139555833075,47537.91126951354,14094.106275113474,202454.29065978402,0.5447480255589231,444708.21001565503,9.354811731091983
Canovanas,2010-2014,1,85,NA,0.15498046984674987,7.243611167940811,1,33443.80499440007,33443.80499440007,242253.919355871,0,242253.919355871,7.243611167940811
Canovanas,2010-2014,2,0,1,0.006430311319920188,0.13581397405350762,0.006394775646390769,100000,639.4775646390772,99447.37242473262,0.9933639700848005,8195786.107738938,81.95786107738938
Canovanas,2010-2014,2,1,4,2.1006388215900491e-4,1.5135957000233222,8.398168891340191e-4,99360.52243536092,83.44464485440403,397234.61261766765,0.9991399949414338,8096338.735314206,81.48446220762665
Canovanas,2010-2014,2,5,5,1.0523055518319611e-4,2.5,5.260143939492065e-4,99277.07779050652,52.221171907003736,496254.8360227651,0.9994460315136564,7699104.122696538,77.55167954221125
Canovanas,2010-2014,2,10,5,1.1642133310396205e-4,2.5,5.819372907318855e-4,99224.85661859952,57.74264423389104,495979.92648241285,0.9986752631244968,7202849.286673773,72.59117858300449
Canovanas,2010-2014,2,15,5,4.1402188715843844e-4,2.5,0.0020679689747484164,99167.11397436562,205.07451501433388,495322.88358429226,0.9974041233948604,6706869.36019136,67.63199100384291
Canovanas,2010-2014,2,20,5,6.259536533420337e-4,2.5,0.003124878194405077,98962.03945935129,309.2443191803759,494037.0864988055,0.9964184377553061,6211546.476607068,62.766961054379486
Canovanas,2010-2014,2,25,5,8.095707726492302e-4,2.5,0.004039677850449545,98652.79514017091,398.52551141269214,492267.6619223228,0.9952123500823824,5717509.390108263,57.955878310234745
Canovanas,2010-2014,2,30,5,0.0011108073511208686,2.5,0.0055386558066409805,98254.26962875822,544.1965810065885,489910.8566912746,0.9942273153273306,5225241.72818594,53.180810848514554
Canovanas,2010-2014,2,35,5,0.0012052238954553638,2.5,0.006008016963255776,97710.07304775163,587.0437763518566,487082.75579787855,0.9931111109289661,4735330.871494665,48.46307779526962
Canovanas,2010-2014,2,40,5,0.0015610858804186946,2.5,0.007775085461759968,97123.02927139978,755.1398528901482,483727.2967247735,0.9901945937672237,4248248.115696787,43.74089387003692
Canovanas,2010-2014,2,45,5,0.0023844571840258865,2.5,0.011851636619927306,96367.88941850963,1142.1172072175104,478984.1540745044,0.9865784432540384,3764520.8189720134,39.06405797291387
Canovanas,2010-2014,2,50,5,0.003024762536383872,2.5,0.015010306152643935,95225.77221129212,1429.3679945134354,472555.441070177,0.9824331762271818,3285536.664897509,34.50259933421576
Canovanas,2010-2014,2,55,5,0.004073525884083039,2.5,0.020162300290128957,93796.40421677868,1891.1512679530133,464254.14291401085,0.9731968537272302,2812981.223827332,29.990288511765083
Canovanas,2010-2014,2,60,5,0.006830820095199516,2.5,0.03358064216275987,91905.25294882567,3086.237412152448,451810.67121374724,0.955417948113319,2348727.080913321,25.55596122695109
Canovanas,2010-2014,2,65,5,0.011515379924774022,2.5,0.0559657329302203,88819.01553667322,4970.82130265054,431668.0244267398,0.9279439736410166,1896916.4096995736,21.35709789438434
Canovanas,2010-2014,2,70,5,0.01865094349490837,2.5,0.0891002100184456,83848.19423402268,7470.891715918842,400563.7418803163,0.8903156602753732,1465248.385272834,17.475014204638494
Canovanas,2010-2014,2,75,5,0.028330168186799034,2.5,0.13228191844028117,76377.30251810384,10103.336102388494,356628.17233454797,0.8239703793915647,1064684.6433925177,13.939804212647516
Canovanas,2010-2014,2,80,5,0.05107183596532803,2.5,0.22644657410733887,66273.96641571535,15007.512647343581,293851.0504602178,0.5849892452488302,708056.4710579697,10.683779911655785
Canovanas,2010-2014,2,85,NA,0.11907126424831692,8.079463082607267,1,51266.453768371764,51266.453768371764,414205.4205977519,0,414205.4205977519,8.079463082607267
Canovanas,2015-2019,1,0,1,0.009786394782789025,0.12976173853068365,0.009703752818663243,100000,970.3752818663197,99155.54230173586,0.9898455100673509,7669230.412951582,76.69230412951582
Canovanas,2015-2019,1,1,4,3.7353506358019887e-4,1.6237625927573678,0.0014928152196027956,99029.62471813368,147.83293097077694,395767.2127319396,0.9985531470930102,7570074.870649846,76.44252810405392
Canovanas,2015-2019,1,5,5,1.6372448158919384e-4,2.5,8.182874737149069e-4,98881.7917871629,80.91373159793147,494206.67460681964,0.9990754412795356,7174307.6579179065,72.5543856786108
Canovanas,2015-2019,1,10,5,2.0628973356869837e-4,2.5,0.0010309169988609256,98800.87805556497,101.85550468986912,493749.7515161002,0.9977055631338156,6680100.983311087,67.6117572513297
Canovanas,2015-2019,1,15,5,7.131212245327042e-4,2.5,0.00355926066185948,98699.0225508751,351.29554832930444,492616.87388355227,0.9944788042642119,6186351.231794987,62.678951340234285
Canovanas,2015-2019,1,20,5,0.0015036590658047174,2.5,0.00749013879127948,98347.7270025458,736.6381250559352,489897.03970008914,0.9896825551741545,5693734.357911435,57.89390900477088
Canovanas,2015-2019,1,25,5,0.0026506669747976635,2.5,0.013166087590082505,97611.08887748986,1285.1561459243676,484842.5540226384,0.9867280109528871,5203837.318211346,53.3119482433251
Canovanas,2015-2019,1,30,5,0.0026938818139768117,2.5,0.013379303414504034,96325.9327315655,1288.7738807007117,478407.72895607573,0.9855043450389314,4718994.764188707,48.98986836015674
Canovanas,2015-2019,1,35,5,0.003150042093754483,2.5,0.015627145056936024,95037.15885086478,1485.1594671615458,471472.89558642,0.9830951998348665,4240587.0352326315,44.620305220688365
Canovanas,2015-2019,1,40,5,0.003673985970947293,2.5,0.018202738341487838,93551.99938370324,1702.902566104589,463502.74050325475,0.978869559640758,3769114.1396462116,40.288974735721055
Canovanas,2015-2019,1,45,5,0.0048813349293475895,2.5,0.024112422619824596,91849.09681759865,2214.7042397151235,453708.72348870547,0.9715368373621778,3305611.399142957,35.98959068380941
Canovanas,2015-2019,1,50,5,0.0066944760874329354,2.5,0.03292140159776219,89634.39257788353,2950.8898350279633,440794.7383018477,0.9655602919522076,2851902.675654251,31.81705809158272
Canovanas,2015-2019,1,55,5,0.007333987520723911,2.5,0.03600970086175675,86683.50274285556,3121.4470034194965,425613.89620572905,0.9491570536507706,2411107.9373524035,27.81507277693767
Canovanas,2015-2019,1,60,5,0.013699725423683336,2.5,0.06623028530972798,83562.05573943607,5534.338792690251,403974.4317154547,0.9226161094254616,1985494.0411466744,23.760713203823748
Canovanas,2015-2019,1,65,5,0.018700985848682527,2.5,0.08932859716476052,78027.71694674582,6970.106494821812,372713.3184966746,0.9009429626974212,1581519.6094312198,20.268690041394038
Canovanas,2015-2019,1,70,5,0.02322214606095491,2.5,0.10973974909909522,71057.610451924,7797.844342575379,335793.4414031816,0.8617030610141361,1208806.2909345452,17.011637222903754
Canovanas,2015-2019,1,75,5,0.037247900101011776,2.5,0.17037428924144346,63259.766109348624,10777.837688460233,289354.2363255925,0.7965133948566443,873012.8495313637,13.800443840122712
Canovanas,2015-2019,1,80,5,0.05542498373712344,2.5,0.24339896016383408,52481.92842088839,12774.046805037004,230474.52509184944,0.6051210075938779,583658.6132057712,11.121135041475888
Canovanas,2015-2019,1,85,NA,0.1361642915225673,8.894558806504817,1,39707.88161585139,39707.88161585139,353184.0881139217,0,353184.0881139217,8.894558806504817
Canovanas,2015-2019,2,0,1,0.005451404256187073,0.1378258923743864,0.005425902192499183,100000,542.5902192499198,99532.19276191182,0.9943458349462323,8331572.393069276,83.31572393069276
Canovanas,2015-2019,2,1,4,1.9119560789501386e-4,1.5151720571328038,7.644192650157635e-4,99457.40978075008,76.027160084981,397640.7247112043,0.9992491262048616,8232040.200307364,82.76950122122193
Canovanas,2015-2019,2,5,5,8.640083032853823e-5,2.5,4.319108580007932e-4,99381.3826206651,42.92389823698613,496799.60335773305,0.999521050369835,7834399.47559616,78.831661112018935
Canovanas,2015-2019,2,10,5,1.0522942132993296e-4,2.5,5.260087276645982e-4,99338.45872242811,52.25289628074097,496561.6613714387,0.9988977308031137,7337599.8722384265,73.86464383085683
Canovanas,2015-2019,2,15,5,3.360486735260721e-4,2.5,0.0016788329436708792,99286.20582614737,166.68495319303474,496014.3167477543,0.9973230894258677,6841038.210866988,68.90220201228976
Canovanas,2015-2019,2,20,5,7.366876029610241e-4,2.5,0.0036766666279924643,99119.52087295434,364.42943457620277,494686.5307783312,0.9960091287340204,6345023.894119234,64.0138676845696
Canovanas,2015-2019,2,25,5,8.631054461553649e-4,2.5,0.004306235392727099,98755.09143837813,425.2626699639368,492712.3005169808,0.9954047846763093,5850337.363340902,59.240868274537874
Canovanas,2015-2019,2,30,5,9.794816122347528e-4,2.5,0.004885445052183272,98329.8287684142,480.3849754386756,490448.1814034743,0.9943461851543274,5357625.062823921,54.48626454381576
Canovanas,2015-2019,2,35,5,0.0012893339816407298,2.5,0.0064259568967248845,97849.44379297552,628.7763081821613,487675.2781944222,0.9931321767663563,4867176.8814204475,49.74148746024712
Canovanas,2015-2019,2,40,5,0.0014678764276506964,2.5,0.007312547348555919,97220.66748479336,710.9307342407556,484326.0105883649,0.9904312858243134,4379501.603226026,45.047022577900314
Canovanas,2015-2019,2,45,5,0.0023824058028014293,2.5,0.011841500863081935,96509.7367505526,1142.820131027489,479691.6334251943,0.9864008085539948,3895175.5926376604,40.36044158638074
Canovanas,2015-2019,2,50,5,0.0030994203868125133,2.5,0.015377945142358788,95366.91661952512,1466.5472121709608,473168.21506719815,0.9797765116954588,3415483.959212466,35.814138490382845
Canovanas,2015-2019,2,55,5,0.005092972606956129,2.5,0.02514470973999155,93900.36940735416,2361.0975332258968,463599.10320370604,0.9717817081232759,2942315.7441452676,31.334442694054292
Canovanas,2015-2019,2,60,5,0.006374213562525484,2.5,0.03137115176007464,91539.27187412826,2871.692389970005,450517.1283957163,0.9595492619654603,2478716.6409415617,27.078177378884323
Canovanas,2015-2019,2,65,5,0.010219466618320797,2.5,0.04982438645618572,88667.57948415825,4417.807746353268,432293.3780549081,0.9395207919449173,2028199.5125458455,22.87419510429077
Canovanas,2015-2019,2,70,5,0.014871641717250469,2.5,0.07169273684599543,84249.77173780499,6040.096714533633,406148.61690269085,0.9097469164615842,1595906.1344909372,18.942557369266012
Canovanas,2015-2019,2,75,5,0.023335711629215813,2.5,0.1102468371468491,78209.67502327135,8622.369305598593,369492.4518523603,0.8498547292961035,1189757.5175882464,15.212408403873729
Canovanas,2015-2019,2,80,5,0.04321020450490206,2.5,0.1949874080772621,69587.30571767276,13568.648376969053,314014.9076459412,0.6171787379921778,820265.0657358862,11.787567535145529
Canovanas,2015-2019,2,85,NA,0.09981244390895311,9.037170509299207,1,56018.65734070371,56018.65734070371,506250.15808994503,0,506250.15808994503,9.037170509299207
Canovanas,2020-2024,1,0,1,0.009825265498671876,0.12968417396067522,0.00974196116981384,100000,974.1961169813876,99152.14170172504,0.9898300453570363,7545964.897752794,75.45964897752795
Canovanas,2020-2024,1,1,4,3.618762820541166e-4,1.623647470995351,0.0014462614220440307,99025.80388301861,143.21719994291198,395762.8809767931,0.9985155924361987,7446812.756051069,75.2007301536088
Canovanas,2020-2024,1,5,5,1.8824409503727312e-4,2.5,9.407777355527148e-4,98882.5866830757,93.02653598529287,494180.36707541527,0.9989886643054715,7051049.875074276,71.30729597187107
Canovanas,2020-2024,1,10,5,2.1650914620191322e-4,2.5,0.0010819600953683843,98789.56014709041,106.88636191815021,493680.5848306567,0.997629893382488,6556869.50799886,66.37208930008558
Canovanas,2020-2024,1,15,5,7.332714322769014e-4,2.5,0.0036596483723754037,98682.67378517226,361.143886499558,492510.5092096124,0.9930821257239967,6063188.923168204,61.44127120397542
Canovanas,2020-2024,1,20,5,0.0020480464056702907,2.5,0.010188067938545793,98321.5298986727,1001.7064264294313,489103.3834272899,0.9903523764177403,5570678.413958591,56.657767832737854
Canovanas,2020-2024,1,25,5,0.001828645106890377,2.5,0.009101616468402542,97319.82347224327,885.7677080170106,484384.6980911738,0.9884924630561711,5081575.030531302,52.215210110616624
Canovanas,2020-2024,1,30,5,0.0028066675005933572,2.5,0.013935556320398905,96434.05576422626,1343.8622153068573,478810.62328286417,0.9859339647204627,4597190.332440128,47.67185509318305
Canovanas,2020-2024,1,35,5,0.0028599751221888947,2.5,0.014198358232641274,95090.1935489194,1350.1246324187523,472075.65616355016,0.9822911955185522,4118379.709157264,43.31024636140374
Canovanas,2020-2024,1,40,5,0.004299689022622831,2.5,0.021269811179014976,93740.06891650065,1993.83356576183,463715.76066809864,0.9790466043828014,3646304.052993714,38.89803042753974
Canovanas,2020-2024,1,45,5,0.004169024442743213,2.5,0.02063010369729024,91746.23535073882,1892.734349121718,453999.3408808898,0.972420906207627,3182588.292325615,34.689034162097485
Canovanas,2020-2024,1,50,5,0.007057245510043287,2.5,0.03467446207081045,89853.5010016171,3115.621812410114,441478.4504770602,0.9586774256180568,2728588.951444725,30.367085545121036
Canovanas,2020-2024,1,55,5,0.009880053487884696,2.5,0.04820948667206482,86737.87918920699,4181.588630735234,423235.4243691969,0.9464741891374803,2287110.500967665,26.36807035572823
Canovanas,2020-2024,1,60,5,0.012182340511187799,2.5,0.05911141411870912,82556.29055847175,4880.019079306308,400581.40509409294,0.9318679443466179,1863875.0765984682,22.57702064845501
Canovanas,2020-2024,1,65,5,0.01617233626458926,2.5,0.07771941984297294,77676.27147916544,6036.954754926002,373288.9705085122,0.9068463726317378,1463293.6715043753,18.83836136363554
Canovanas,2020-2024,1,70,5,0.023255443611152553,2.5,0.10988845607154187,71639.31672423944,7872.3339088468565,338515.74884908006,0.8410175991964991,1090004.700995863,15.215174443826816
Canovanas,2020-2024,1,75,5,0.04796274982685971,2.5,0.21413722388925244,63766.982815392585,13654.88467588184,284697.70238725835,0.7526340477664573,751488.9521467829,11.78492252522543
Canovanas,2020-2024,1,80,5,0.06774026662474032,2.5,0.28964907004291396,50112.098139510745,14514.922624008526,214273.18413753243,0.5409657223696482,466791.2497595246,9.31494124352946
Canovanas,2020-2024,1,85,NA,0.13909027286660278,7.093766906085653,1,35597.17551550222,35597.17551550222,252518.06562199214,0,252518.06562199214,7.093766906085653
Canovanas,2020-2024,2,0,1,0.005988379375862086,0.13672226352017192,0.005957580859760205,100000,595.7580859760201,99485.69530804906,0.9938361895473112,8407441.374769537,84.07441374769537
Canovanas,2020-2024,2,1,4,1.8682977859991185e-4,1.5143070159411702,7.469722194029978e-4,99404.24191402398,74.25220720058132,397432.39946560655,0.9992405778166189,8307955.679461488,83.57747636813272
Canovanas,2020-2024,2,5,5,8.79882592857352e-5,2.5,4.3984454353932005e-4,99329.9897068234,43.68975398236944,496540.7241491611,0.9995128411187777,7910523.279995881,79.63882109868449
Canovanas,2020-2024,2,10,5,1.0692738382789732e-4,2.5,5.344940390163275e-4,99286.29995284103,53.06793548077985,496298.82992550323,0.9988716760707341,7413982.55584672,74.67276511833164
Canovanas,2020-2024,2,15,5,3.447912240671637e-4,2.5,0.0017224713877902764,99233.23201736025,170.926402867859,495738.8440796316,0.9973476540050367,6917683.725921216,69.71136166068852
Canovanas,2020-2024,2,20,5,7.180516954567598e-4,2.5,0.003583825048153681,99062.30561449239,355.02197218906076,494423.97314198926,0.9960774058491899,6421944.881841585,64.82733106205922
Canovanas,2020-2024,2,25,5,8.543371829038155e-4,2.5,0.0042625817093953225,98707.28364230333,420.74786183777906,492484.54855692224,0.9951292410763907,5927520.908699595,60.051504711443776
Canovanas,2020-2024,2,30,5,0.0010993209136901654,2.5,0.00548153964053567,98286.53578046555,538.7615420115471,490085.77504729887,0.9944593916936628,5435036.360142673,55.29787286716933
Canovanas,2020-2024,2,35,5,0.0011231453171179474,2.5,0.005600002544006863,97747.774238454,547.3877844063536,487370.4017312541,0.9933144131111398,4944950.585095375,50.588881676551054
Canovanas,2020-2024,2,40,5,0.0015615291774213151,2.5,0.007777284744482518,97200.38645404765,755.9550827268686,484112.0445634211,0.9907196207181741,4457580.18336412,45.85969609772572
Canovanas,2020-2024,2,45,5,0.002170768086484466,2.5,0.010795255442422682,96444.43137132078,1041.142272652607,479619.3011749724,0.9866979632682192,3973468.1388006993,41.199560019203666
Canovanas,2020-2024,2,50,5,0.003192513538584792,2.5,0.015836174687699274,95403.28909866817,1510.8231519475812,473239.3876134719,0.9827668976407896,3493848.837625727,36.621890824039745
Canovanas,2020-2024,2,55,5,0.0037656207326307806,2.5,0.018652507986183075,93892.4659467206,1751.3299709136336,465084.0048063189,0.9735714143465454,3020609.450012255,32.17094598118558
Canovanas,2020-2024,2,60,5,0.0069905642549284545,2.5,0.034352463515835936,92141.13597580696,3165.2750119165867,452792.4923492434,0.9585757524945597,2555525.445205936,27.73490274611904
Canovanas,2020-2024,2,65,5,0.009993091023134351,2.5,0.04874760693257867,88975.86096389037,4337.360296755491,434035.90407756314,0.9376461348403403,2102732.952856693,23.63262271449172
Canovanas,2020-2024,2,70,5,0.015942533633197243,2.5,0.07665738578808731,84638.50066713488,6488.166198165854,406972.0878402598,0.9131303251877082,1668697.0487791295,19.71557902876562
Canovanas,2020-2024,2,75,5,0.02059436180465668,2.5,0.09792980446191359,78150.33446896903,7653.246973179281,371618.55491189694,0.8624937411319845,1261724.9609388697,16.144844030576223
Canovanas,2020-2024,2,80,5,0.039893787168113655,2.5,0.1813791798467365,70497.08749578975,12786.703911569966,320518.6777000238,0.6399097057051051,890106.4060269729,12.626144393272023
Canovanas,2020-2024,2,85,NA,0.10124388463873156,9.869761608770455,1,57710.38358421978,57710.38358421978,569587.72832694906,0,569587.72832694906,9.869761608770455
Carolina,1980-1984,1,0,1,0.01674876003229689,0.11586868679355318,0.01650436174036353,100000,1650.436174036353,98540.79769808582,0.9830055094147351,7261524.236890915,72.61524236890915
Carolina,1980-1984,1,1,4,4.63248821022569e-4,1.6032723580762847,0.0018509402198610872,98349.56382596365,182.03916329126514,392961.95700928173,0.9980667928774174,7162983.43919283,72.83187805355419
Carolina,1980-1984,1,5,5,2.32427874115757e-4,2.5,0.0011614644787796256,98167.52466267238,114.01809286542994,490552.5780811983,0.9986955541612492,6770021.482183548,68.96396242491595
Carolina,1980-1984,1,10,5,2.897283963855379e-4,2.5,0.0014475934595985203,98053.50656980695,141.94161480115145,489912.67881203187,0.9959642309738282,6279468.90410235,64.04124772051702
Carolina,1980-1984,1,15,5,0.0013299465712619382,2.5,0.006627696650221376,97911.5649550058,648.9281510702131,487935.50439735345,0.9923252889973053,5789556.225290317,59.13046357650238
Carolina,1980-1984,1,20,5,0.0017533946268507184,2.5,0.008728710947068783,97262.63680393559,848.9774426112854,484190.7404131497,0.9894670649215231,5301620.720892964,54.50829727740264
Carolina,1980-1984,1,25,5,0.0024859639009158587,2.5,0.012353046435814861,96413.6593613243,1191.0024111372622,479090.7907787784,0.9879501928527928,4817429.980479814,49.96626009625659
Carolina,1980-1984,1,30,5,0.002362425732442561,2.5,0.01174277507718126,95222.65695018704,1118.1782428176375,473317.8391438911,0.9870005196721058,4338339.189701036,45.55994685141491
Carolina,1980-1984,1,35,5,0.0028747364790220305,2.5,0.014271118135359773,94104.4787073694,1342.976132699332,467164.9532050987,0.9841131393672233,3865021.3505571447,41.07159833036163
Carolina,1980-1984,1,40,5,0.003536186679029853,2.5,0.01752599541632936,92761.50257467007,1625.737668935486,459743.16870101163,0.9790673394928809,3397856.3973520463,36.63002757654642
Carolina,1980-1984,1,45,5,0.004940290957231895,2.5,0.024400095853902907,91135.76490573458,2223.7213994186895,450119.5210301262,0.9705040459092121,2938113.2286510346,32.23886068976372
Carolina,1980-1984,1,50,5,0.007066524563180206,2.5,0.03471926152986044,88912.0435063159,3086.960491650112,436842.81630245416,0.9590674798121954,2487993.7076209085,27.982640028335116
Carolina,1980-1984,1,55,5,0.009703679571915046,2.5,0.047369257615914415,85825.08301466578,4065.470467228937,418961.73890525656,0.9360014624014531,2051150.8913184542,23.89920078455332
Carolina,1980-1984,1,60,5,0.016982596829198147,2.5,0.08145470318587159,81759.61254743685,6659.704972643332,392148.8003055759,0.9071503486160692,1632189.1524131976,19.96326916870115
Carolina,1980-1984,1,65,5,0.02222042217712391,2.5,0.10525508009559194,75099.90757479351,7904.646786956437,355737.9209065765,0.861538430457465,1240040.3521076217,16.5118758751153
Carolina,1980-1984,1,70,5,0.038494168649308276,2.5,0.1755743697476375,67195.26078783708,11797.76556285264,306481.89003205375,0.7924939744527014,884302.4312010452,13.160190478211694
Carolina,1980-1984,1,75,5,0.056162246028871904,2.5,0.24623802832344532,55397.495224984435,13640.969998257642,242885.05112927806,0.7050052510084284,577820.5411689915,10.430445254289994
Carolina,1980-1984,1,80,5,0.08770949362335682,2.5,0.35967925484383617,41756.52522672679,15018.955878416935,171235.23643759164,0.4887515908890747,334935.4900397134,8.021153298103782
Carolina,1980-1984,1,85,NA,0.1612916960022931,6.1224807487023725,1,26737.56934830986,26737.56934830986,163700.25360212175,0,163700.25360212175,6.1224807487023725
Carolina,1980-1984,2,0,1,0.012149606717857036,0.12405927780098996,0.01202166809532714,100000,1202.1668095327186,98946.97313665423,0.987641006327248,7966714.089328688,79.66714089328687
Carolina,1980-1984,2,1,4,3.225014873954321e-4,1.5044407460089029,0.0012889685598800153,98797.83319046728,127.34730076677806,394873.5300269698,0.9987098536630293,7867767.1161920335,79.63501690390486
Carolina,1980-1984,2,5,5,1.3709058116413882e-4,2.5,6.852180634643329e-4,98670.4858897005,67.61079926241655,493183.40245034645,0.9992690822060151,7472893.586165063,75.7358547369341
Carolina,1980-1984,2,10,5,1.55390113829037e-4,2.5,7.766488602581832e-4,98602.87509043809,76.57981055718847,492822.92592579743,0.9985940164229264,6979710.183714717,70.78607167704754
Carolina,1980-1984,2,15,5,4.0757636267269075e-4,2.5,0.002035807445878721,98526.2952798809,200.58056554562063,492130.0249855404,0.9972249770147021,6486887.25778892,65.83914719782977
Carolina,1980-1984,2,20,5,7.043875230133921e-4,2.5,0.0035157464951537996,98325.71471433528,345.6882868904213,490764.35285445035,0.996404036764381,5994757.232803379,60.96835655067332
Carolina,1980-1984,2,25,5,7.366467257777187e-4,2.5,0.0036764629928233276,97980.02642744486,360.219941196352,488999.5822842334,0.9956239696815167,5503992.879948929,56.174641716643016
Carolina,1980-1984,2,30,5,0.001018221168319108,2.5,0.0050781790680365655,97619.8064862485,495.7308579242381,486859.70528643194,0.994657015028115,5014993.297664695,51.372702714496235
Carolina,1980-1984,2,35,5,0.0011249835908544788,2.5,0.005609142471175301,97124.07562832427,544.7827775804762,484258.42119767016,0.9928486555743665,4528133.592378263,46.622153807739565
Carolina,1980-1984,2,40,5,0.0017480551236632208,2.5,0.00870224560576975,96579.29285074379,840.4567268187238,480795.3224366721,0.989561899614096,4043875.1711805933,41.87103727742245
Carolina,1980-1984,2,45,5,0.0024527874725622555,2.5,0.01218919360934717,95738.83612392507,1166.97920944808,475776.7325960051,0.9834822148010828,3563079.848743921,37.216661419738216
Carolina,1980-1984,2,50,5,0.004224099373108595,2.5,0.020899789892089776,94571.85691447699,1976.5319392173406,467917.9547243416,0.9752650589487507,3087303.116147916,32.64505125388221
Carolina,1980-1984,2,55,5,0.005813678030773294,2.5,0.02865195702118466,92595.32497525965,2653.037271553767,456344.0316974138,0.9627055715371458,2619385.1614235747,28.288524956561716
Carolina,1980-1984,2,60,5,0.009456778503766186,2.5,0.046191827808166094,89942.28770370588,4154.598666282109,439324.9418528241,0.9470332096331112,2163041.129726161,24.0492118329456
Carolina,1980-1984,2,65,5,0.012385983430859412,2.5,0.06006985653495687,85787.68903742377,5153.254172943547,416055.30975476,0.9151347451972405,1723716.1878733365,20.09281526538601
Carolina,1980-1984,2,70,5,0.023559501596234836,2.5,0.1112452985115339,80634.43486448022,8970.201776807939,380746.66988038126,0.8616454703182256,1307660.8781185765,16.217151894427253
Carolina,1980-1984,2,75,5,0.036885600135212186,2.5,0.16885701942932624,71664.23308767228,12101.008798872841,328068.6434411793,0.791892198497684,926914.2082381953,12.934125829606394
Carolina,1980-1984,2,80,5,0.058540190891714944,2.5,0.2553328674543135,59563.22428879944,15208.448852483576,259794.99931278828,0.5661736270838907,598845.564797016,10.053948085372971
Carolina,1980-1984,2,85,NA,0.13369511431549227,7.644060017191001,1,44354.77543631587,44354.77543631587,339050.56548422767,0,339050.56548422767,7.644060017191001
Carolina,1985-1989,1,0,1,0.014634000666110746,0.12008858337080933,0.014447959717546616,100000,1444.7959717546619,98728.70752975321,0.9849720753493887,7156466.516806859,71.56466516806859
Carolina,1985-1989,1,1,4,4.92394769841916e-4,1.6094682973710321,0.0019672634424735156,98555.20402824534,193.88404995028395,393757.3301449411,0.9981045325489049,7057737.809277105,71.61202575618837
Carolina,1985-1989,1,5,5,2.0673555505903014e-4,2.5,0.0010331438063994713,98361.31997829505,101.62138852485805,491552.5464201631,0.9987993378117315,6663980.479132164,67.75001068105506
Carolina,1985-1989,1,10,5,2.7385813135162026e-4,2.5,0.0013683538197078685,98259.6985897702,134.4540338886727,490962.3578641293,0.996500551909515,6172427.932712002,62.817493044443474
Carolina,1985-1989,1,15,5,0.0011298750439072268,2.5,0.005633462447959289,98125.24455588152,552.784880402367,489244.2605784017,0.9925323702253059,5681465.574847872,57.900141809199
Carolina,1985-1989,1,20,5,0.001871149920832203,2.5,0.009312188352912696,97572.45967547916,908.6131225550344,485590.7655710082,0.9874992963998155,5192221.31426947,53.21400456172289
Carolina,1985-1989,1,25,5,0.003168743036728904,2.5,0.01571918999901354,96663.84655292412,1519.47737000091,479520.53933961835,0.9832081608572428,4706630.548698463,48.69070202085896
Carolina,1985-1989,1,30,5,0.003608587440202456,2.5,0.01788161873903188,95144.36918292321,1701.3353348947276,471468.5075773793,0.9812674547917499,4227110.009358844,44.42837811275896
Carolina,1985-1989,1,35,5,0.003958585015868003,2.5,0.0195989646597683,93443.03384802848,1831.3867180890375,462636.70244491985,0.9796332325193527,3755641.5017814646,40.19177617765996
Carolina,1985-1989,1,40,5,0.004275193855582196,2.5,0.021149919265684197,91611.64712993945,1937.5789405945834,453214.28829821077,0.9760623180924078,3293004.7993365447,35.94526353909822
Carolina,1985-1989,1,45,5,0.005429857099506298,2.5,0.026785679467970835,89674.06818934486,2401.9808471087454,442365.38882895245,0.9700074930339783,2839790.5110383336,31.667912121954554
Carolina,1985-1989,1,50,5,0.006770200987171498,2.5,0.03328759565347322,87272.08734223612,2905.0779552829626,429097.7418229732,0.9528089440117486,2397425.1222093813,27.470697621885865
Carolina,1985-1989,1,55,5,0.012705822593516462,2.5,0.0615732654977864,84367.00938695316,5194.752268237091,408848.16626417305,0.928790930273484,1968327.3803864082,23.330533992956706
Carolina,1985-1989,1,60,5,0.016987467020639548,2.5,0.08147711077272606,79172.25711871606,6450.726763388389,379734.46868510934,0.904710567447091,1559479.214122235,19.69729386120507
Carolina,1985-1989,1,65,5,0.02335366332698409,2.5,0.11032696938751423,72721.53035532768,8023.146053325407,343549.7866433249,0.8562491300048979,1179744.745437126,16.222771161067794
Carolina,1985-1989,1,70,5,0.03987938028136914,2.5,0.18131961655424844,64698.38430200227,11731.08623331847,294164.2059267152,0.7936452844040738,836194.9587938009,12.924510678513537
Carolina,1985-1989,1,75,5,0.053755130655170916,2.5,0.23693453593595562,52967.2980686838,12549.782187685028,233462.03487420644,0.7015459512193868,542030.7528670857,10.233309468876875
Carolina,1985-1989,1,80,5,0.09354553146947286,2.5,0.3790755887950286,40417.51588099877,15321.293630222026,163784.3453294388,0.4692127368101572,308568.7179928793,7.63452951689059
Carolina,1985-1989,1,85,NA,0.1678862760687836,5.76917000561546,1,25096.222250776744,25096.222250776744,144784.3726634405,0,144784.3726634405,5.76917000561546
Carolina,1985-1989,2,0,1,0.010669189666032468,0.12710193455509344,0.010570743119520429,100000,1057.0743119520484,99077.28187806555,0.9891077308812244,7976387.248349458,79.76387248349458
Carolina,1985-1989,2,1,4,2.993090178152478e-4,1.5068014009445403,0.0011963433158246942,98942.92568804795,118.36970779503463,395476.58356254664,0.9988229193846114,7877309.966471393,79.61468605959114
Carolina,1985-1989,2,5,5,1.2231001737170386e-4,2.5,6.113631472656131e-4,98824.55598025292,60.41769157121598,493971.73567233654,0.9992839979907269,7481833.382908846,75.70824183013646
Carolina,1985-1989,2,10,5,1.642083598531627e-4,2.5,8.2070488275901e-4,98764.1382886817,81.05621053499635,493618.050917071,0.9985351091539422,6987861.647236509,70.7530260306773
Carolina,1985-1989,2,15,5,4.223666996819993e-4,2.5,0.002109605930174103,98683.0820781467,208.1824151599285,492894.9543528337,0.9971509905010699,6494243.596319439,65.80908763243406
Carolina,1985-1989,2,20,5,7.192863535437021e-4,2.5,0.0035899762154651843,98474.89966298678,353.5225476104388,491490.6919459078,0.9961056988696827,6001348.641966605,60.942927207899444
Carolina,1985-1989,2,25,5,8.417119784925012e-4,2.5,0.004199722500624705,98121.37711537634,412.0825552637252,489576.6791887224,0.9947135382313134,5509857.950020697,56.15349184858986
Carolina,1985-1989,2,30,5,0.0012796374836170255,2.5,0.006377784288490188,97709.29456011261,623.1688036849519,486988.55079135066,0.9934780144154783,5020281.270831974,51.37977193913115
Carolina,1985-1989,2,35,5,0.0013378823999176915,2.5,0.006667112468513717,97086.12575642766,647.2841195503715,483812.41848326236,0.9921824401271895,4533292.720040624,46.69351758266545
Carolina,1985-1989,2,40,5,0.0018032384739414967,2.5,0.008975728920405122,96438.84163687729,865.608899930492,480030.1859345602,0.9901186809010002,4049480.3015573616,41.99013833870936
Carolina,1985-1989,2,45,5,0.0021707389297034945,2.5,0.010795111228034539,95573.2327369468,1031.7236778181687,475286.8544901886,0.987016422865826,3569450.1156228012,37.347801402169374
Carolina,1985-1989,2,50,5,0.00306245352553464,2.5,0.015195925587946775,94541.50905912863,1436.6457366347167,469115.9309540563,0.9795267957615145,3094163.261132613,32.72809257992112
Carolina,1985-1989,2,55,5,0.005233984605672628,2.5,0.025831913435225545,93104.86332249391,2405.0767697451665,459511.62468810665,0.9667879265022365,2625047.3301785565,28.19452428694293
Carolina,1985-1989,2,60,5,0.00832741553006368,2.5,0.04078793249409217,90699.78655274874,3699.4567711420823,444250.29083588853,0.946310436226641,2165535.70549045,23.875863304606877
Carolina,1985-1989,2,65,5,0.013894393928179042,2.5,0.06713980248106508,87000.32978160666,5841.184957324585,420398.68651472183,0.9103230202706085,1721285.4146545613,19.784814827431493
Carolina,1985-1989,2,70,5,0.02414131849268699,2.5,0.11383620241706413,81159.14482428208,9238.848838212813,382698.6020258783,0.8601913514254109,1300886.7281398396,16.0288373042421
Carolina,1985-1989,2,75,5,0.03694775689674503,2.5,0.16911750347067758,71920.29598606926,12162.980906036231,329194.02766525577,0.7894369556577142,918188.1261139612,12.766745652601477
Carolina,1985-1989,2,80,5,0.05988756987032661,2.5,0.2604443946472089,59757.31508003303,15563.457751761729,259877.93102076085,0.5587766809459922,588994.0984487054,9.85643511024324
Carolina,1985-1989,2,85,NA,0.1296744204181314,7.447102093471377,1,44193.857328271304,44193.857328271304,329116.1674279446,0,329116.1674279446,7.447102093471377
Carolina,1990-1994,1,0,1,0.015473170178921384,0.11841406256647133,0.01526494218279512,100000,1526.4942182795203,98654.26416359119,0.9842236071936472,7025604.787576241,70.25604787576242
Carolina,1990-1994,1,1,4,4.63584252240295e-4,1.6070067292032384,0.0018522821723314766,98473.50578172048,182.40071920646005,393457.5394332324,0.9981418800194343,6926950.52341265,70.34329151200477
Carolina,1990-1994,1,5,5,2.1020020891812698e-4,2.5,0.0010504490330751094,98291.10506251402,103.2497962727939,491197.4008218881,0.9986867952174651,6533492.983979418,66.47084677524032
Carolina,1990-1994,1,10,5,3.15496014971605e-4,2.5,0.0015762368337587694,98187.85526624123,154.76731409842614,490552.3580459601,0.9949182773343764,6042295.58315753,61.53811555180167
Carolina,1990-1994,1,15,5,0.0017259639212565305,2.5,0.008592742696585285,98033.0879521428,842.3731005244772,488059.50700940285,0.9892227245927427,5551743.225111569,56.63132051722971
Carolina,1990-1994,1,20,5,0.0026131084308748703,2.5,0.012980741938875634,97190.71485161832,1261.6075883437152,482799.55528723233,0.9841813702957586,5063683.718102166,52.100488465723544
Carolina,1990-1994,1,25,5,0.0037740436498055617,2.5,0.018693839830273,95929.1072632746,1793.2833662407356,475162.32790077117,0.9790319702761786,4580884.162814935,47.752807187528944
Carolina,1990-1994,1,30,5,0.004711968944611435,2.5,0.023285542836299515,94135.82389703387,2192.0037597847113,465199.1100857076,0.9745441362557213,4105721.834914163,43.61487120360276
Carolina,1990-1994,1,35,5,0.005613267115964239,2.5,0.02767792659188051,91943.82013724916,2544.8143043358577,453357.0649254062,0.9711009793947378,3640522.7248284556,39.59507794427145
Carolina,1990-1994,1,40,5,0.006123298454344888,2.5,0.03015487403775851,89399.0058329133,2695.8157599923434,440255.4897645857,0.9687228268755284,3187165.6599030495,35.651019048912694
Carolina,1990-1994,1,45,5,0.006593806420404009,2.5,0.032434367254410366,86703.19007292096,2812.1631089540606,426485.54259221966,0.9662701878366563,2746910.170138464,31.681765893829272
Carolina,1990-1994,1,50,5,0.00713891262688892,2.5,0.03506868248396181,83891.0269639669,2941.947787852827,412100.2653502024,0.953020115203811,2320424.6275462443,27.659985954670926
Carolina,1990-1994,1,55,5,0.012227487233146829,2.5,0.05932397820056686,80949.07917611407,4802.221408399753,392739.84235957096,0.931012748526999,1908324.3621960417,23.574380111776957
Carolina,1990-1994,1,60,5,0.016506125593196412,2.5,0.0792599415899973,76146.85776771432,6035.3954989308695,365645.80009124445,0.904246415935326,1515584.5198364707,19.903441379810513
Carolina,1990-1994,1,65,5,0.02410328384893707,2.5,0.11366704652785714,70111.46226878345,7969.362843841904,330633.9042343125,0.8540866182294105,1149938.7197452262,16.401579464093235
Carolina,1990-1994,1,70,5,0.04011544980101282,2.5,0.18229512196924702,62142.099424941545,11328.201594094804,282389.9931394707,0.7930446685102998,819304.8155109138,13.18437618124751
Carolina,1990-1994,1,75,5,0.05380110917965667,2.5,0.23711316738257326,50813.89783084674,12048.644261726535,223947.87849991737,0.7104459078420216,536914.8223714432,10.566298695659345
Carolina,1990-1994,1,80,5,0.08729802930658301,2.5,0.358294202136654,38765.25356912021,13889.365598173,159102.85385016853,0.49163048377568935,312966.94387152576,8.073388280912221
Carolina,1990-1994,1,85,NA,0.14663444116754623,6.185270258535359,1,24875.887970947206,24875.887970947206,153864.09002135726,0,153864.09002135726,6.185270258535359
Carolina,1990-1994,2,0,1,0.010755551019940517,0.12692443865524686,0.010655491598459457,100000,1065.5491598459485,99069.69506912706,0.9889989680418345,7926244.209678645,79.26244209678646
Carolina,1990-1994,2,1,4,3.1240700122406155e-4,1.5066635151693064,0.0012486553825490458,98934.45084015405,123.5350345610932,395429.7889517902,0.998744350924108,7827174.514609518,79.11475171834421
Carolina,1990-1994,2,5,5,1.4255555047989693e-4,2.5,7.125238168371365e-4,98810.91580559296,70.40513087497675,493878.5662007773,0.9992895220889394,7431744.7256577285,75.21177862858217
Carolina,1990-1994,2,10,5,1.417363144650283e-4,2.5,7.084305464883572e-4,98740.51067471798,69.95079393782362,493527.67638874537,0.9983576685784448,6937866.159456951,70.26362444399791
Carolina,1990-1994,2,15,5,5.160437690538863e-4,2.5,0.0025768943695621254,98670.55988078016,254.26361019833712,492717.140378405,0.9967814384174338,6444338.483068205,65.3116642983951
Carolina,1990-1994,2,20,5,7.738716174302731e-4,2.5,0.0038618865761238727,98416.29627058182,380.07257343917445,491131.2999193112,0.9955654598159137,5951621.342689801,60.47394149365926
Carolina,1990-1994,2,25,5,0.0010043985017209683,2.5,0.0050094138890930786,98036.22369714265,491.1040206227044,488953.35843415646,0.9937414929289755,5460490.042770489,55.698698265237645
Carolina,1990-1994,2,30,5,0.0015084449400121181,2.5,0.007513888980529359,97545.11967651994,732.9431998418295,485893.2403829951,0.992163233140903,4971536.684336333,50.966534264584325
Carolina,1990-1994,2,35,5,0.0016391071038567284,2.5,0.00816208917341749,96812.17647667811,790.1896174752765,482085.4083397024,0.9910508824590006,4485643.443953338,46.333463487766146
Carolina,1990-1994,2,40,5,0.001958062847114451,2.5,0.009742622567365711,96021.98685920284,935.5059761377634,477771.16935566976,0.9888861229945941,4003558.0356136356,41.6941803285539
Carolina,1990-1994,2,45,5,0.00251544429354025,2.5,0.012498622496113842,95086.48088306507,1188.4500290413707,472461.2793427219,0.984377715271689,3525786.8662579656,37.07979129645032
Carolina,1990-1994,2,50,5,0.0037927205582399303,2.5,0.01878548257629076,93898.0308540237,1763.9198225562868,465080.35471372784,0.9777394616869284,3053325.586915244,32.51746132634051
Carolina,1990-1994,2,55,5,0.005227869966677671,2.5,0.025802124454606563,92134.11103146742,2377.255799348466,454727.41565896594,0.966722323233077,2588245.2322015157,28.09214961999827
Carolina,1990-1994,2,60,5,0.008361450383247914,2.5,0.04095122287082034,89756.85523211895,3675.652982794447,439595.14370360866,0.9454381517003242,2133517.81654255,23.769970672714518
Carolina,1990-1994,2,65,5,0.014240264064242922,2.5,0.06875364516489615,86081.2022493245,5918.396434817725,415610.0201595782,0.9114324588284297,1693922.6728389412,19.678194873866712
Carolina,1990-1994,2,70,5,0.023245553961967657,2.5,0.10984429130734105,80162.80581450678,8805.426593902506,378800.4625877776,0.8587975406430708,1278312.652679363,15.946455961600478
Carolina,1990-1994,2,75,5,0.03869995919634009,2.5,0.17643019282351893,71357.37922060427,12589.596175272156,325312.90566484095,0.7842905940349431,899512.1900915855,12.605734682473505
Carolina,1990-1994,2,80,5,0.06067113841679291,2.5,0.26340325389302166,58767.783045332115,15479.625278219639,255139.85203111148,0.5556597527183755,574199.2844267446,9.770647362753508
Carolina,1990-1994,2,85,NA,0.13447027830069913,7.370593918830005,1,43288.157767112476,43288.157767112476,319059.4323956331,0,319059.4323956331,7.370593918830005
Carolina,1995-1999,1,0,1,0.011451647657057784,0.12643880968272406,0.011338223302999958,100000,1133.8223302999977,99009.53681553483,0.9881677717234228,7092163.544003272,70.92163544003273
Carolina,1995-1999,1,1,4,4.149534092619613e-4,1.6188379331880611,0.0016581752416519665,98866.1776697,163.93744804865855,395074.3490461766,0.9983066625438658,6993154.007187738,70.73353266018864
Carolina,1995-1999,1,5,5,2.1406384316595206e-4,2.5,0.0010697467305888502,98702.24022165134,105.58639877891983,493247.23511130945,0.9985647042651774,6598079.658141561,66.84832728542472
Carolina,1995-1999,1,10,5,3.6057197818541625e-4,2.5,0.001801236202675137,98596.65382287242,177.59586232838046,492539.27945854113,0.9952944697590549,6104832.423030252,61.917237414542505
Carolina,1995-1999,1,15,5,0.0015288340932518307,2.5,0.0076150650386257,98419.05796054404,749.4675274098263,490221.6209841957,0.9877664636079587,5612293.14357171,57.024455017865186
Carolina,1995-1999,1,20,5,0.003406250958627416,2.5,0.016887447581850956,97669.59043313422,1649.3900887804048,484224.4769437201,0.9840594361524087,5122071.5225875145,52.44284838169918
Carolina,1995-1999,1,25,5,0.003018084549873803,2.5,0.014977414987442395,96020.20034435381,1438.1343877347535,476505.6657524322,0.9826288626059348,4637847.045643795,48.300743270803956
Carolina,1995-1999,1,30,5,0.003999852393231002,2.5,0.019801256706092896,94582.06595661906,1872.8437677996117,468228.2203635962,0.9789275196445142,4161341.3798913625,43.99715038789701
Carolina,1995-1999,1,35,5,0.00452448180287318,2.5,0.022369384333470244,92709.22218881945,2073.8482223987958,458361.49038810027,0.9730308944937894,3693113.1595277665,39.835445410231785
Carolina,1995-1999,1,40,5,0.006436753894509552,2.5,0.03167407392580548,90635.37396642065,2870.7915353054414,445999.89099383965,0.9665677306714854,3234751.669139666,35.689726070288
Carolina,1995-1999,1,45,5,0.007176066008408599,2.5,0.03524797554412447,87764.58243111521,3093.523855172243,431089.10251764546,0.9609490860181913,2788751.7781458264,31.775366564692153
Carolina,1995-1999,1,50,5,0.008787457844728112,2.5,0.0429927957724471,84671.05857594297,3640.2455291924125,414254.6790567338,0.9507278717936422,2357662.675628181,27.844965154339622
Carolina,1995-1999,1,55,5,0.011487402191344996,2.5,0.05583355470991192,81030.81304675055,4524.238333434405,393843.46940016677,0.9322691933601606,1943407.9965714472,23.983567775016674
Carolina,1995-1999,1,60,5,0.01673864220305969,2.5,0.08033160598965351,76506.57471331615,6145.8960154880915,367168.13352786057,0.9094506170573129,1549564.5271712805,20.25400474374623
Carolina,1995-1999,1,65,5,0.021420746337002524,2.5,0.10165966684455892,70360.67869782806,7152.8431553782575,333921.28560069465,0.8698734878767841,1182396.39364342,16.804789486487984
Carolina,1995-1999,1,70,5,0.03521185429739471,2.5,0.16181477572223146,63207.8355424498,10227.961732189207,290469.273381776,0.7984614594876508,848475.1080427252,13.423574795135917
Carolina,1995-1999,1,75,5,0.056863811481494726,2.5,0.2489311258735931,52979.87381026059,13188.339636229059,231928.5199607303,0.7076580026397774,558005.8346609493,10.5324115466821
Carolina,1995-1999,1,80,5,0.08488985814970512,2.5,0.3501407865020604,39791.534174031534,13932.639071819016,164126.07319061016,0.4966651594837243,326077.31470021897,8.1946404296475
Carolina,1995-1999,1,85,NA,0.14171307089300791,6.262883269740016,1,25858.89510221252,25858.89510221252,161951.2415096088,0,161951.2415096088,6.262883269740016
Carolina,1995-1999,2,0,1,0.009121593300795821,0.13028266293667337,0.009049799361592158,100000,904.9799361592159,99212.92325982786,0.9907297531289645,8003048.583628882,80.03048583628882
Carolina,1995-1999,2,1,4,2.3120072104279305e-4,1.5092759764386896,9.242706362796114e-4,99095.02006384078,91.59061724654748,396151.95330465434,0.9990111207051278,7903835.660369054,79.7601701405086
Carolina,1995-1999,2,5,5,1.1487889462550032e-4,2.5,5.742295559858692e-4,99003.42944659424,56.85069533219212,494875.0204946407,0.999331916582054,7507683.7070643995,75.83256205396698
Carolina,1995-1999,2,10,5,1.524563260963728e-4,2.5,7.619912045329619e-4,98946.57875126204,75.3964227270917,494544.4026994925,0.9984816772230231,7012808.686569759,70.87469597305619
Carolina,1995-1999,2,15,5,4.5556447861865094e-4,2.5,0.002275231106910863,98871.18232853495,224.95478961092886,493793.52466864744,0.9969636167056044,6518264.283870267,65.92683662071519
Carolina,1995-1999,2,20,5,7.613004390747943e-4,2.5,0.003799271228238416,98646.22753892402,374.78377406290383,492294.1782594628,0.9957217637254085,6024470.759201619,61.071476421381355
Carolina,1995-1999,2,25,5,9.540758325975064e-4,2.5,0.004759027979033903,98271.44376486112,467.67655041703256,490188.027448263,0.9947687707413286,5532176.580942157,56.2948540186228
Carolina,1995-1999,2,30,5,0.0011444025027270222,2.5,0.00570568850312821,97803.76721444409,558.0378301580786,487623.74149682524,0.9929895377999429,5041988.553493894,51.55208942451933
Carolina,1995-1999,2,35,5,0.001671500367439121,2.5,0.00832272324977039,97245.72938428601,809.3492928874766,484205.27368921135,0.9901080161580362,4554364.811997068,46.83357141576451
Carolina,1995-1999,2,40,5,0.0023081251055961783,2.5,0.011474414567144778,96436.38009139853,1106.551004523455,479415.52294568403,0.9874669857291064,4070159.538307857,42.20564411947361
Carolina,1995-1999,2,45,5,0.0027394137139318464,2.5,0.013603901781898445,95329.82908687508,1296.8576317830157,473407.0013549179,0.9853519945368269,3590744.015362173,37.6665315542514
Carolina,1995-1999,2,50,5,0.003166166495460243,2.5,0.015706508921531217,94032.97145509206,1476.9297050774912,466472.5330127666,0.9806415694201419,3117337.014007255,33.151531486974456
Carolina,1995-1999,2,55,5,0.004667562419559113,2.5,0.02306862646292261,92556.04175001457,2135.1407540177606,457442.35686502844,0.969217693358955,2650864.480994488,28.640642262492506
Carolina,1995-1999,2,60,5,0.007888176504870491,2.5,0.0386781326806922,90420.90099599681,3497.311605830895,443361.2259654068,0.9511529721256738,2193422.1241294597,24.257910504857374
Carolina,1995-1999,2,65,5,0.012248959932094506,2.5,0.05942506166231275,86923.58939016591,5165.439659420168,421704.34780227917,0.9217821930277615,1750060.898164053,20.133325262360206
Carolina,1995-1999,2,70,5,0.020653645731934258,2.5,0.09819786868123807,81758.14973074575,8028.476050880767,388719.5585265268,0.8765536831380328,1328356.5503617737,16.24739007348445
Carolina,1995-1999,2,75,5,0.032770247350987734,2.5,0.15144408633253492,73729.67367986498,11165.923066043099,340733.5607342172,0.7970198507087524,939636.9918352469,12.744353052682163
Carolina,1995-1999,2,80,5,0.060753583894368524,2.5,0.26371399384837674,62563.75061382188,16498.936544504802,271571.4117078474,0.5465522526585165,598903.4311010297,9.572690659129332
Carolina,1995-1999,2,85,NA,0.12927168881127876,7.105901239514874,1,46064.81406931708,46064.81406931708,327332.0193931824,0,327332.0193931824,7.105901239514874
Carolina,2000-2004,1,0,1,0.009317801215805084,0.13069679356392175,0.009242933505488618,100000,924.2933505488618,99196.50882668032,0.9903144631831465,7403346.55243314,74.03346552433139
Carolina,2000-2004,1,1,4,3.6380598397030034e-4,1.6251510413479628,0.0014539677306442027,99075.70664945114,144.05288035907142,395960.72276489297,0.9985522873865053,7304150.043606459,73.72291645064863
Carolina,2000-2004,1,5,5,1.762660412028515e-4,2.5,8.8094200561461e-4,98931.65376909207,87.15304949012352,494440.38622173504,0.9989425722839381,6908189.320841566,69.82789691321021
Carolina,2000-2004,1,10,5,2.4696619412050005e-4,2.5,0.0012340690372689596,98844.50071960194,121.98093784236698,493917.5512534038,0.9967270541893757,6413748.934619831,64.88726118222897
Carolina,2000-2004,1,15,5,0.0010657001088358496,2.5,0.005314341807572445,98722.51978175958,524.6452142251073,492300.98587323516,0.9905319057758054,5919831.383366427,59.96434649817561
Carolina,2000-2004,1,20,5,0.0027475516588336313,2.5,0.013644039038931638,98197.87456753447,1339.8156341395515,487639.83375232347,0.9862607576486819,5427530.397493192,55.27136326927799
Carolina,2000-2004,1,25,5,0.0027864287009101013,2.5,0.01383576258960388,96858.05893339492,1340.1051082922932,480940.03189624386,0.98648271041212,4939890.563740868,51.00133760823987
Carolina,2000-2004,1,30,5,0.002656394386422829,2.5,0.013194348449231532,95517.95382510262,1260.297165926022,474439.02621069807,0.9861592666742244,4458950.531844624,46.68180539136286
Carolina,2000-2004,1,35,5,0.0029203182905736644,2.5,0.014495760863901737,94257.6566591766,1366.336450523173,467872.44216957514,0.9818318122593276,3984511.5056339265,42.27255001725113
Carolina,2000-2004,1,40,5,0.004427394540916639,2.5,0.021894632266156795,92891.32020865343,2033.821296686292,459372.0478015514,0.9746554078207381,3516639.0634643515,37.85756360836773
Carolina,2000-2004,1,45,5,0.005858934639839776,2.5,0.028871778540684387,90857.49891196714,2623.2175873467786,447729.4505914687,0.9676318105304994,3057267.0156628,33.64903340146993
Carolina,2000-2004,1,50,5,0.0073254527918778616,2.5,0.035968549186739814,88234.28132462036,3173.659087781256,433237.25890364865,0.9580522576635119,2609537.5650713313,29.5750985432822
Carolina,2000-2004,1,55,5,0.00986756627010389,2.5,0.04815002250556774,85060.6222368391,4095.670875041411,415063.933996592,0.9409944412864625,2176300.3061676826,25.585285516817482
Carolina,2000-2004,1,60,5,0.014595896227116963,2.5,0.07041023010570893,80964.95136179769,5700.760855881701,390572.85466928425,0.918732783958178,1761236.3721710907,21.75307145311407
Carolina,2000-2004,1,65,5,0.019495320622440297,2.5,0.09294654630956771,75264.19050591599,6995.5465683102375,358832.0861088044,0.88480936594849,1370663.5175018064,18.21136330954185
Carolina,2000-2004,1,70,5,0.03004142363442278,2.5,0.1397140925659335,68268.64393760575,9538.091638449405,317497.9905919052,0.8305121004873919,1011831.431393002,14.821320199618542
Carolina,2000-2004,1,75,5,0.04545838182064355,2.5,0.20409709941857876,58730.55229915635,11986.735371508948,263685.92306700937,0.7521100599709816,694333.4408010968,11.822355037023392
Carolina,2000-2004,1,80,5,0.07139592600720648,2.5,0.3029127833663756,46743.8169276474,14159.299690721979,198320.83541143205,0.5394822279368402,430647.5177340874,9.212930095132515
Carolina,2000-2004,1,85,NA,0.13644171899004942,7.129971594588431,1,32584.51723692542,32584.51723692542,232326.68232265537,0,232326.68232265537,7.129971594588431
Carolina,2000-2004,2,0,1,0.007757830508495662,0.13308556369080413,0.007706004734880876,100000,770.6004734880989,99331.95532490646,0.9920885216424579,8175993.335337104,81.75993335337104
Carolina,2000-2004,2,1,4,2.0794736639650135e-4,1.5114623302963488,8.313592497655256e-4,99229.3995265119,82.49527914503415,396712.30549632246,0.9991213141332935,8076661.380012197,81.393835078628
Carolina,2000-2004,2,5,5,1.0179609420906729e-4,2.5,5.088509734412595e-4,99146.90424736687,50.450998739965144,495608.3937399844,0.9994166816041982,7679949.0745158745,77.46030128540133
Carolina,2000-2004,2,10,5,1.3160803349865783e-4,2.5,6.578237302744637e-4,99096.4532486269,65.18799853297241,495319.2962468021,0.998735833013905,7184340.68077589,72.49846432698072
Carolina,2000-2004,2,15,5,3.745322322225562e-4,2.5,0.0018709093714548385,99031.26525009393,185.2785222234379,494693.12994491105,0.997475694000773,6689021.384529089,67.54454128841643
Carolina,2000-2004,2,20,5,6.367976395701354e-4,2.5,0.0031789273642458854,98845.98672787049,314.22421205509454,493444.3731092147,0.9966338145917555,6194328.254584177,62.66646183256353
Carolina,2000-2004,2,25,5,7.12073495136648e-4,2.5,0.003554040630349463,98531.7625158154,350.1858873611636,491783.3478606741,0.9962537384233802,5700883.881474962,57.85833660044303
Carolina,2000-2004,2,30,5,7.893883909091445e-4,2.5,0.003939168120585149,98181.57662845423,386.7537366835895,489940.99880056217,0.9952142096397473,5209100.533614289,53.055784114436676
Carolina,2000-2004,2,35,5,0.0011303373105968505,2.5,0.005635760776286665,97794.82289177064,551.1482269773551,487596.24389140983,0.9928674331610303,4719159.534813726,48.25571942633826
Carolina,2000-2004,2,40,5,0.001735064891298131,2.5,0.008637856353254134,97243.67466479329,839.976893017054,484118.4310914238,0.9892047629419032,4231563.290922317,43.515049235941085
Carolina,2000-2004,2,45,5,0.0026112186563464284,2.5,0.012971415277800616,96403.69777177623,1250.4923981132888,478892.25786359794,0.9854073868270414,3747444.8598308926,38.872418241699634
Carolina,2000-2004,2,50,5,0.0032735969467653065,2.5,0.01623511666298075,95153.20537366295,1544.823390097983,471903.96839306975,0.9796316869224624,3268552.6019672947,34.350420347184475
Carolina,2000-2004,2,55,5,0.004975061902663342,2.5,0.02456971982071879,93608.38198356496,2299.931718207008,462292.0806223073,0.9690368269827899,2796648.633574225,29.876049284403173
Carolina,2000-2004,2,60,5,0.00764698213513022,2.5,0.03751766832702976,91308.45026535795,3425.6801525107876,447978.0509455128,0.9525594614078945,2334356.552951918,25.565613545820558
Carolina,2000-2004,2,65,5,0.011893465721255108,2.5,0.05775020344364431,87882.77011284717,5075.247853207955,426725.730931216,0.9275282736076882,1886378.502006405,21.46471372698167
Carolina,2000-2004,2,70,5,0.018430947413793145,2.5,0.08809552700492052,82807.52225963921,7294.972313434599,395800.1805146096,0.8913455763461136,1459652.771075189,17.62705526315006
Carolina,2000-2004,2,75,5,0.028082062347097817,2.5,0.1311994349547321,75512.54994620461,9907.203884933042,352794.74001869047,0.8251377263771622,1063852.5905605794,14.088420948815415
Carolina,2000-2004,2,80,5,0.050734375321608065,2.5,0.22511873111700462,65605.34606127157,14768.992259805433,291104.2496568443,0.5906039861102762,711057.850541889,10.838413227449518
Carolina,2000-2004,2,85,NA,0.12021530067417753,8.260891458209441,1,50836.35380146614,50836.35380146614,419953.60088504467,0,419953.60088504467,8.260891458209441
Carolina,2005-2009,1,0,1,0.009047684223520905,0.13123579851617523,0.00897712131947111,100000,897.7121319471189,99220.09983652661,0.9905922737194678,7489023.878800882,74.89023878800882
Carolina,2005-2009,1,1,4,3.542626729858191e-4,1.6259519334644337,0.0014158599019256782,99102.28786805288,140.31495558147435,396076.0370232073,0.9985882283365687,7389803.778964356,74.56743873363766
Carolina,2005-2009,1,5,5,1.72239459791083e-4,2.5,8.608266281718898e-4,98961.9729124714,85.18910145948757,494596.8918087083,0.9990501247042785,6993727.741941148,70.67086009013653
Carolina,2005-2009,1,10,5,2.079081453085121e-4,2.5,0.0010390006847791936,98876.78381101192,102.7330460883968,494127.0864398386,0.9970067759135985,6499130.850132439,65.72959394143066
Carolina,2005-2009,1,15,5,9.923518206237986e-4,2.5,0.004949480039298646,98774.05076492352,488.88019266165793,492648.05334296345,0.9918910918706639,6005003.763692602,60.795357861592215
Carolina,2005-2009,1,20,5,0.002269615534972637,2.5,0.011284051528248323,98285.17057226186,1109.0549292000796,488653.21553830913,0.9879381375014983,5512355.710349638,56.085324757073174
Carolina,2005-2009,1,25,5,0.00258632536536138,2.5,0.012848550496662786,97176.11564306178,1248.5722289094265,482759.14764303534,0.9870211905494309,5023702.494811328,51.696885202367234
Carolina,2005-2009,1,30,5,0.0026394554036028766,2.5,0.013110763826943416,95927.54341415236,1257.6833662018034,476493.50865525723,0.9866568129415587,4540943.347168293,47.33722125629206
Carolina,2005-2009,1,35,5,0.0027343037461329003,2.5,0.013578698018515415,94669.86004795055,1285.4934410462447,470135.56663713715,0.9834284121783158,4064449.838513036,42.932881029446754
Carolina,2005-2009,1,40,5,0.003959954109841896,2.5,0.019605676600137116,93384.36660690431,1830.8636912036018,462344.67380651255,0.9774869156386181,3594314.271875899,38.48946459106953
Carolina,2005-2009,1,45,5,0.0051614804801909915,2.5,0.025478633724379158,91553.50291570071,2332.658166973022,451935.86916107096,0.9704186799590001,3131969.598069386,34.209172760469855
Carolina,2005-2009,1,50,5,0.006874401404238079,2.5,0.03379127013403932,89220.84474872769,3014.8856664914347,438567.0095774099,0.9574719447947757,2680033.7289083153,30.038201683206246
Carolina,2005-2009,1,55,5,0.010587068094224232,2.5,0.05157039233293456,86205.95908223625,4445.675131307842,419915.6075829117,0.9398069890083521,2241466.7193309055,26.001296699137193
Carolina,2005-2009,1,60,5,0.014354156183355395,2.5,0.06928448028890317,81760.28395092841,5664.718781813222,394639.622800109,0.9192090675618132,1821551.1117479939,22.279168120811175
Carolina,2005-2009,1,65,5,0.01954094821928149,2.5,0.0931539498216895,76095.56516911519,7088.602459416856,362756.31969703385,0.8893990327815005,1426911.4889478849,18.751572260179806
Carolina,2005-2009,1,70,5,0.02777093043476045,2.5,0.12984019464125698,69006.96270969833,8959.877469829196,322635.11987391865,0.8382459626562409,1064155.169250851,15.420982571390484
Carolina,2005-2009,1,75,5,0.04405709797362701,2.5,0.19842987838579085,60047.085239869135,11915.135821568445,270447.5866454246,0.7638883792908051,741520.0493769323,12.348976580874725
Carolina,2005-2009,1,80,5,0.06596192804612477,2.5,0.28312153451127153,48131.94941830069,13627.191378328193,206591.76864568298,0.5614437586783076,471072.4627315077,9.787105413860443
Carolina,2005-2009,1,85,NA,0.1503783893074041,7.665049955702733,1,34504.7580399725,34504.7580399725,264480.6940858247,0,264480.6940858247,7.665049955702733
Carolina,2005-2009,2,0,1,0.007842988510550916,0.13291054100392002,0.007790011968104296,100000,779.0011968104227,99324.53627370035,0.9920334382282768,8282266.018479897,82.82266018479896
Carolina,2005-2009,2,1,4,1.9429199277758686e-4,1.5113256505278942,7.767923690855037e-4,99220.99880318958,77.07411472334934,396692.18284043804,0.9991266472771643,8182941.4822061965,82.47187168955556
Carolina,2005-2009,2,5,5,1.0985182071760191e-4,2.5,5.491083022210843e-4,99143.92468846623,54.44075216123019,495583.52156192804,0.9994258702634936,7786249.299365759,78.5348101140035
Carolina,2005-2009,2,10,5,1.1986889418160305e-4,2.5,5.991649178176872e-4,99089.483936305,59.370942499284865,495298.9923252768,0.9986673280507163,7290665.777803831,73.57658439810113
Carolina,2005-2009,2,15,5,4.13751280257048e-4,2.5,0.0020666187359157694,99030.11299380571,204.65748693284695,494638.9212516964,0.9976961478120693,6795366.785478554,68.61919652564266
Carolina,2005-2009,2,20,5,5.089621685207972e-4,2.5,0.0025415769263442494,98825.45550687287,251.17249745174195,493499.346290735,0.9971380734405564,6300727.864226857,63.75612267012187
Carolina,2005-2009,2,25,5,6.37633314975938e-4,2.5,0.0031830924603862124,98574.28300942112,313.7710570352647,492086.9874045175,0.995941599365052,5807228.517936123,58.91220651720189
Carolina,2005-2009,2,30,5,9.897437155267862e-4,2.5,0.004936503893371087,98260.51195238586,485.0633998175763,490089.90126238536,0.9949620301758589,5315141.530531605,54.09234518447416
Carolina,2005-2009,2,35,5,0.001030636529866779,2.5,0.005139939126770542,97775.44855256828,502.55985365288507,487620.8431287092,0.9931737168793571,4825051.62926922,49.34829449209906
Carolina,2005-2009,2,40,5,0.0017115603136695907,2.5,0.008521339601644267,97272.8886989154,828.8953186364088,484292.205197986,0.9896898320769912,4337430.786140511,44.59033595235333
Carolina,2005-2009,2,45,5,0.002437639326324,2.5,0.0121143704669602,96443.99338027899,1168.3582651217584,479299.0712385905,0.9861979299848571,3853138.5809425246,39.952084581873194
Carolina,2005-2009,2,50,5,0.003126338624317054,2.5,0.015510465701575321,95275.63511515723,1477.7694706494513,472683.75189916254,0.981269399974812,3373839.509703934,35.41135680309095
Carolina,2005-2009,2,55,5,0.004449238288557906,2.5,0.0220014670191247,93797.86564450778,2063.6906474419084,463830.10160393413,0.9717547597527277,2901155.7578047714,30.929869649700766
Carolina,2005-2009,2,60,5,0.007047928236640451,2.5,0.034629476028400684,91734.17499706587,3176.706414046028,450729.1089502143,0.957326789477481,2437325.6562008373,26.56943997456559
Carolina,2005-2009,2,65,5,0.010468061776310374,2.5,0.051005487398993174,88557.46858301984,4516.916847897941,431495.05079535436,0.9341014781054935,1986596.5472506231,22.432851559981657
Carolina,2005-2009,2,70,5,0.017012441746396146,2.5,0.08159201042132057,84040.5517351219,6857.037572985602,403060.1647431455,0.8992553127680882,1555101.4964552687,18.50417999820635
Carolina,2005-2009,2,75,5,0.025894129081863705,2.5,0.12159890129354864,77183.5141621363,9385.430520090813,362453.9945104545,0.8407273053349585,1152041.3317121232,14.926002582521397
Carolina,2005-2009,2,80,5,0.044978851696849426,2.5,0.20216175004870635,67798.08364204549,13706.179239024488,304724.97011266625,0.6140705964299978,789587.3372016686,11.64616010933973
Carolina,2005-2009,2,85,NA,0.1088318498299387,8.963677142450972,1,54091.904403021,54091.904403021,484862.36708900245,0,484862.36708900245,8.963677142450972
Carolina,2010-2014,1,0,1,0.009910630057065686,0.12951383325262827,0.009825861696086569,100000,982.5861696086504,99144.67233171838,0.9897256890164056,7597348.427083237,75.97348427083237
Carolina,2010-2014,1,1,4,3.7373299760377855e-4,1.6233946787096911,0.001493605346501314,99017.41383039135,147.89293869381072,395718.1721764844,0.9985623543027857,7498203.754751518,75.72611184932907
Carolina,2010-2014,1,5,5,1.5881560719778964e-4,2.5,7.937628811540944e-4,98869.52089169754,78.47895576132578,494151.40706908435,0.9991935815579788,7102485.582575034,71.83695762372666
Carolina,2010-2014,1,10,5,1.638839286331325e-4,2.5,8.190840563830605e-4,98791.04193593621,80.91816736319743,493752.9142612731,0.997415918156738,6608334.17550595,66.89203844809438
Carolina,2010-2014,1,15,5,8.720021335522187e-4,2.5,0.004350526496792897,98710.12376857302,429.4410089568846,492477.0163204729,0.9918761846857893,6114581.261244677,61.944824176093434
Carolina,2010-2014,1,20,5,0.0023969967510463247,2.5,0.011913591654011728,98280.68275961613,1170.8759218755295,488476.22399339185,0.9874685577705478,5622104.2449242035,57.20457049199851
Carolina,2010-2014,1,25,5,0.0026487730876614862,2.5,0.013156742375493673,97109.8068377406,1277.6487106981076,482354.9124119577,0.9859891355843391,5133628.020930812,52.86415644414284
Carolina,2010-2014,1,30,5,0.002997571242862936,2.5,0.014876373739019266,95832.1581270425,1425.6350005146815,475596.70313392574,0.9848808444722134,4651273.108518854,48.535618934437096
Carolina,2010-2014,1,35,5,0.003096913687956082,2.5,0.015365603569733375,94406.52312652781,1450.6132087590959,468406.0826107413,0.984325752548823,4175676.4053849285,44.23080383744777
Carolina,2010-2014,1,40,5,0.0032233082232167704,2.5,0.01598770784070056,92955.90991776872,1486.1519298317726,461064.16976426414,0.9818428911670471,3707270.322774187,39.88202929812357
Carolina,2010-2014,1,45,5,0.0041142379766714084,2.5,0.02036175709755079,91469.75798793694,1862.4849939221313,452692.57745487936,0.9754735419312838,3246206.153009923,35.489392608188965
Carolina,2010-2014,1,50,5,0.005839569199936728,2.5,0.028777722248467433,89607.27299401481,2578.6932136643445,441589.6319359132,0.9615081313533965,2793513.5755550438,31.17507633271724
Carolina,2010-2014,1,55,5,0.009939778923400524,2.5,0.04849384926490789,87028.57978035047,4220.350829607327,424592.021827734,0.945202458977228,2351923.9436191306,27.024730836181632
Carolina,2010-2014,1,60,5,0.012673726535445816,2.5,0.06142250267225206,82808.22895074314,5086.288664011474,401325.42309368704,0.9281830008401305,1927331.9217913963,23.27464246262086
Carolina,2010-2014,1,65,5,0.017295159590265816,2.5,0.08289173355016916,77721.94028673167,6442.506365249923,372503.4355205335,0.900375377959033,1526006.4986977093,19.634179139995325
Carolina,2010-2014,1,70,5,0.025050317654451953,2.5,0.11786989264088403,71279.43392148174,8401.699223828036,335392.9215478386,0.8529531347531804,1153503.0631771758,16.182831424388464
Carolina,2010-2014,1,75,5,0.03959001622527308,2.5,0.18012245394119555,62877.73469765371,11325.691872004842,286074.4438082564,0.7833866518565314,818110.1416293373,13.011126204899128
Carolina,2010-2014,1,80,5,0.06006653664649372,2.5,0.26112108515576604,51552.04282564887,13461.325364629956,224106.90071666945,0.5787746919342343,532035.6978210809,10.320361108102885
Carolina,2010-2014,1,85,NA,0.13754920798766,8.084090235883274,1,38090.71746101891,38090.71746101891,307928.79710441147,0,307928.79710441147,8.084090235883274
Carolina,2010-2014,2,0,1,0.006491205766051378,0.1356888195252076,0.006454990546895263,100000,645.4990546895278,99442.08795004593,0.993339877203895,8415537.261036394,84.15537261036394
Carolina,2010-2014,2,1,4,1.9251958933446815e-4,1.5134977303802015,7.697098969055524e-4,99354.50094531047,76.4741426797118,397227.85065190156,0.9992086039343262,8316095.173086348,83.70124245970426
Carolina,2010-2014,2,5,5,9.128617676068918e-5,2.5,4.563267429941419e-4,99278.02680263076,45.3032186217315,496276.8759665995,0.9995234331068122,7918867.322434447,79.76455191013733
Carolina,2010-2014,2,10,5,9.938794551884162e-5,2.5,4.968162837198602e-4,99232.72358400903,49.30043295440555,496040.36683765915,0.9990068019167245,7422590.446467848,74.79982588791879
Carolina,2010-2014,2,15,5,2.981874469921494e-4,2.5,0.001489826615973052,99183.42315105462,147.76610367375542,495547.7004960887,0.9977568109346098,6926550.079630188,69.83576347310752
Carolina,2010-2014,2,20,5,6.004350685441887e-4,2.5,0.0029976755688817572,99035.65704738087,296.87676957908843,494436.0933129566,0.9967354781883061,6431002.379134099,64.93623176607355
Carolina,2010-2014,2,25,5,7.076839056792036e-4,2.5,0.0035321703780743182,98738.78027780178,348.76219486443733,492821.9959018478,0.9961720369985433,5936566.285821143,60.12395807522232
Carolina,2010-2014,2,30,5,8.26665740773735e-4,2.5,0.004124804118238799,98390.01808293734,405.83955178209,490935.4915352315,0.9947808161751241,5443744.289919295,55.32821719100123
Carolina,2010-2014,2,35,5,0.0012676237505514932,2.5,0.006318096330340936,97984.17853115525,619.0734788091795,488373.2089587533,0.993821095341234,4952808.798384064,50.547025781404685
Carolina,2010-2014,2,40,5,0.0012114233825369638,2.5,0.006038827969172386,97365.10505234607,587.9711196115095,485355.59746270155,0.9925800732890195,4464435.5894253105,45.852521671137836
Carolina,2010-2014,2,45,5,0.001769678184284664,2.5,0.008809416341633148,96777.13393273456,852.5500651634502,481754.29450076417,0.9863484922143315,3979079.991962609,41.115910652285784
Carolina,2010-2014,2,50,5,0.0037420089949107894,2.5,0.018536634343432702,95924.58386757111,1778.118935699109,475177.62199860776,0.9801112895515923,3497325.6974618444,36.4591177407669
Carolina,2010-2014,2,55,5,0.004298976278887681,2.5,0.02126632285075203,94146.464931872,2002.149118498186,465726.95186311455,0.9727876671461781,3022148.075463237,32.1004944545733
Carolina,2010-2014,2,60,5,0.006770189513156529,2.5,0.03328754017721623,92144.31581337382,3067.257614739792,453053.4350300196,0.9621978127718458,2556421.123600122,27.74366602035243
Carolina,2010-2014,2,65,5,0.008678761547013891,2.5,0.042472290530397416,89077.05819863403,3783.3066954054957,435927.0242546564,0.9437552594216299,2103367.6885701027,23.612900236105432
Carolina,2010-2014,2,70,5,0.014642710116183231,2.5,0.07062808417435017,85293.75150322853,6024.1342607161205,411408.42186435236,0.9060653955220601,1667440.6643154463,19.549388260315066
Carolina,2010-2014,2,75,5,0.02530847308408704,2.5,0.11901231546394958,79269.61724251241,9434.060693972424,372762.934477631,0.853182095169955,1256032.2424510939,15.845065059522982
Carolina,2010-2014,2,80,5,0.039169468085560204,2.5,0.17837974145292404,69835.55654853999,12457.248521349626,318034.6614393259,0.6399346625447547,883269.3079734629,12.647845189857357
Carolina,2010-2014,2,85,NA,0.12157128842010889,9.851016280687194,1,57378.30802719036,57378.30802719036,565234.646534137,0,565234.646534137,9.851016280687194
Carolina,2015-2019,1,0,1,0.009046233001957902,0.1312386943562431,0.008975692877307628,100000,897.5692877307592,99220.22653368529,0.9907506478398774,7806078.956645055,78.06078956645055
Carolina,2015-2019,1,1,4,2.7073715606488525e-4,1.6259562373606722,0.0010822530149473264,99102.43071226924,107.25390442696516,396155.0973862534,0.9988330677613156,7706858.73011137,77.76659638639148
Carolina,2015-2019,1,5,5,1.4440626206769252e-4,2.5,7.217707398019511e-4,98995.17680784228,71.45182200141426,494797.25448420784,0.9992313175332571,7310703.632725117,73.8490891017427
Carolina,2015-2019,1,10,5,1.6319216758738442e-4,2.5,8.156280776520792e-4,98923.72498584086,80.68496764439624,494416.9125100933,0.9982889441254595,6815906.3782409085,68.90062398293718
Carolina,2015-2019,1,15,5,5.221235648216422e-4,2.5,0.0026072146036504287,98843.04001819647,257.70501740464533,493570.93754747073,0.9940690076589366,6321489.465730815,63.9548264052488
Carolina,2015-2019,1,20,5,0.001861312803586097,2.5,0.009263458532998089,98585.33500079182,913.2411627415568,490643.5720971052,0.9890193723478785,5827918.528183345,59.115471161471795
Carolina,2015-2019,1,25,5,0.0025590381018060168,2.5,0.012713852427076018,97672.09383805026,1241.7885873004998,485255.99772200006,0.98874164252326,5337274.956086239,54.644829923846565
Carolina,2015-2019,1,30,5,0.0019664438163321646,2.5,0.009784119279522142,96430.30525074976,943.4856087340595,479792.8122319137,0.9893836433591532,4852018.958364239,50.31632893567465
Carolina,2015-2019,1,35,5,0.002304564923132493,2.5,0.011456817168220904,95486.8196420157,1093.9750346134533,474699.1606235448,0.9866544472802979,4372226.146132326,45.78879223880316
Carolina,2015-2019,1,40,5,0.003074689596859982,2.5,0.015256177955183295,94392.84460740225,1440.0740350264969,468364.037949445,0.9828760586164537,3897526.985508781,41.29049189818715
Carolina,2015-2019,1,45,5,0.00384065409210622,2.5,0.019020641201865033,92952.77057237575,1768.0212977764459,460343.79961743765,0.9756563840354572,3429162.9475593357,36.891454944737646
Carolina,2015-2019,1,50,5,0.006043923239984271,2.5,0.029769800231252957,91184.74927459931,2714.5517700417113,449137.3669478923,0.9639868922191254,2968819.147941898,32.55828602435935
Carolina,2015-2019,1,55,5,0.008673686270896841,2.5,0.04244798019683278,88470.1975045576,3755.3811916833365,432962.5345435796,0.9504783466575913,2519681.780994006,28.480571447398464
Carolina,2015-2019,1,60,5,0.011715127551535944,2.5,0.056908900196141164,84714.81631287426,4821.027026683791,411521.5139976618,0.9333886141397333,2086719.246450426,24.63228201715765
Carolina,2015-2019,1,65,5,0.01599486705366614,2.5,0.07689934814317165,79893.78928619047,6143.780316795965,384109.4956389624,0.9076886229246145,1675197.7324527644,20.96780923047694
Carolina,2015-2019,1,70,5,0.02305821979904484,2.5,0.10900731256325728,73750.0089693945,8039.290279269815,348651.819148798,0.8673910409533964,1291088.2368138018,17.506279048041744
Carolina,2015-2019,1,75,5,0.03456960287097042,2.5,0.1590981175056305,65710.71869012469,10454.451643540895,302417.4643417712,0.8101172943452414,942436.4176650039,14.342202253323363
Carolina,2015-2019,1,80,5,0.051083318032829166,2.5,0.22649171889398664,55256.267046583795,12515.086903045914,244993.6179753042,0.6172088081091974,640018.9533232327,11.582739615465966
Carolina,2015-2019,1,85,NA,0.11687889647196559,9.242265515863467,1,42741.18014353788,42741.18014353788,395025.3353479285,0,395025.3353479285,9.242265515863467
Carolina,2015-2019,2,0,1,0.005336460519554713,0.13806213278797477,0.005312026803684056,100000,531.2026803683984,99542.13629462595,0.9945358498298873,8604621.84154485,86.0462184154485
Carolina,2015-2019,2,1,4,1.5118364794056193e-4,1.5153573323904062,6.04507516165464e-4,99468.7973196316,60.12963560366188,397725.7886203177,0.9993491276888504,8505079.705250224,85.50500191452123
Carolina,2015-2019,2,5,5,7.97444987912495e-5,2.5,3.986430199866838e-4,99408.66768402794,39.628571498411475,496944.2669913937,0.9995508342739731,8107353.916629906,81.55580499679627
Carolina,2015-2019,2,10,5,9.996669323187026e-5,2.5,4.9970858062339e-4,99369.03911252953,49.65556149283657,496721.0566589156,0.9989805869409093,7610409.649638512,76.58733260991058
Carolina,2015-2019,2,15,5,3.081126244373536e-4,2.5,0.0015393773681844907,99319.38355103669,152.89001126050425,496214.6927270322,0.9978657588929627,7113688.592979597,71.62437319522957
Carolina,2015-2019,2,20,5,5.46750716231431e-4,2.5,0.00273002197747837,99166.49353977619,270.72670679305156,495155.6509318983,0.997075788381461,6617473.900252565,66.73094574628942
Carolina,2015-2019,2,25,5,6.247608641619613e-4,2.5,0.0031189328528487843,98895.76683298314,308.44925618307025,493707.711024458,0.9964456847508846,6122318.249320666,61.906777664812914
Carolina,2015-2019,2,30,5,7.998080052737138e-4,2.5,0.0039910598223799046,98587.31757680007,393.4678821769776,491952.9181785579,0.9955519434701345,5628610.538296209,57.09264311721931
Carolina,2015-2019,2,35,5,9.837905627089233e-4,2.5,0.0049068844470164215,98193.84969462309,481.82587385921215,489764.6837884674,0.9944729037206119,5136657.62011765,52.31139868833276
Carolina,2015-2019,2,40,5,0.0012338676543680392,2.5,0.006150366426350235,97712.02382076388,600.9647507579502,487057.7072269245,0.9919637101166882,4646892.936329183,47.557022714554755
Carolina,2015-2019,2,45,5,0.001996694313266483,2.5,0.009933884240901277,97111.05907000593,964.6900193127658,483143.5703017477,0.9884299447174735,4159835.2291022586,42.83585483403589
Carolina,2015-2019,2,50,5,0.0026621287768615917,2.5,0.01322264293862526,96146.36905069316,1271.3091078026046,477553.57248395926,0.9848549213681151,3676691.6588005107,38.240566909624796
Carolina,2015-2019,2,55,5,0.0034481247970766316,2.5,0.01709327462513771,94875.05994289056,1621.7254546802433,470320.9860777522,0.9769460179861444,3199138.0863165515,33.719484216845316
Carolina,2015-2019,2,60,5,0.005909710364925635,2.5,0.029118349297988556,93253.33448821031,2715.3831668298662,459478.2145239769,0.9638252808949129,2728817.1002387996,29.262407775711164
Carolina,2015-2019,2,65,5,0.0088814616578236,2.5,0.043442721133961006,90537.95132138045,3933.2149712948594,442856.7191786651,0.9493519593359181,2269338.8857148224,25.06505672587403
Carolina,2015-2019,2,70,5,0.01198475917800604,2.5,0.05818059484490683,86604.73635008559,5038.715077234301,420426.89405734214,0.9207638575478819,1826482.1665361575,21.08986463688198
Carolina,2015-2019,2,75,5,0.021405811752136718,2.5,0.10159238983029131,81566.02127285129,8286.487030057338,387113.888789113,0.8733468522607103,1406055.2724788154,17.23824762489441
Carolina,2015-2019,2,80,5,0.03349808528862251,2.5,0.1545477889080849,73279.53424279395,11325.189989438091,338084.6962403745,0.6682000538479147,1018941.3836897023,13.904856167803787
Carolina,2015-2019,2,85,NA,0.09966591991815914,10.98965206806217,1,61954.344253355855,61954.344253355855,680856.6874493278,0,680856.6874493278,10.98965206806217
Carolina,2020-2024,1,0,1,0.008013846148426111,0.13329877070312313,0.007958569029337132,100000,795.8569029337086,99310.22984388295,0.9916039122049984,7834027.799100248,78.34027799100248
Carolina,2020-2024,1,1,4,3.4555392423581566e-4,1.6290208315146073,0.001381084173083789,99204.14309706629,137.00927193570533,396491.72625861625,0.9987073800156154,7734717.569256365,77.9676869109018
Carolina,2020-2024,1,5,5,1.4104221803790015e-4,2.5,7.049625164970999e-4,99067.13382513059,69.83861596351198,495161.07258574414,0.9991798072240897,7338225.842997749,74.07326284366819
Carolina,2020-2024,1,10,5,1.8718842291846178e-4,2.5,9.355043256439322e-4,98997.29520916707,92.6123978952237,494754.9450510973,0.9979709473188517,6843064.770412005,69.1237549061678
Carolina,2020-2024,1,15,5,6.25702232332924e-4,2.5,0.0031236250138043484,98904.68281127185,308.9411412116897,493751.06120333,0.994592757845561,6348309.825360907,64.1861400786719
Carolina,2020-2024,1,20,5,0.0015455518022999696,2.5,0.007698014809841143,98595.74167006016,758.9914795633813,491081.2296513924,0.9916060614388034,5854558.764157577,59.37942820846377
Carolina,2020-2024,1,25,5,0.0018273623898077402,2.5,0.00909526110387196,97836.75019049678,889.8507885368599,486959.1239811417,0.9900173569067587,5363477.534506185,54.82068368034528
Carolina,2020-2024,1,30,5,0.002187532200703426,2.5,0.010878170134880178,96946.89940195992,1054.6048657436186,482097.98484544054,0.9882017627714162,4876518.4105250435,50.30092185110623
Carolina,2020-2024,1,35,5,0.002561989652426547,2.5,0.012728423041820605,95892.2945362163,1220.5576913078403,476410.07845281187,0.9841386756121265,4394420.425679603,45.82662712299508
Carolina,2020-2024,1,40,5,0.0038435031530186913,2.5,0.01903461674143791,94671.73684490846,1802.0402270890918,468853.5836568196,0.9796964008566905,3918010.347226791,41.38521672677547
Carolina,2020-2024,1,45,5,0.004366594080129607,2.5,0.021597204833712445,92869.69661781937,2005.7258606997784,459334.1684373474,0.974585281012367,3449156.7635699715,37.13974406273838
Carolina,2020-2024,1,50,5,0.005950524420910104,2.5,0.02931650072086272,90863.97075711959,2663.813664201545,447660.3196250941,0.9643552244496868,2989822.5951326243,32.9043797031989
Carolina,2020-2024,1,55,5,0.00861444578573818,2.5,0.042164176399457326,88200.15709291805,3718.8869821256376,431703.5680092762,0.9482846804144818,2542162.2755075297,28.822650200377595
Carolina,2020-2024,1,60,5,0.012730019052077013,2.5,0.06168690652215815,84481.27011079241,5211.388212197649,409377.88002346794,0.9314636143401682,2110458.707498254,24.981379952390707
Carolina,2020-2024,1,65,5,0.015765012165566885,2.5,0.07583616564295653,79269.88189859476,6011.523894159429,381320.5997575752,0.9099023140601212,1701080.8274747857,21.45935867106346
Carolina,2020-2024,1,70,5,0.022281581107227628,2.5,0.10552949550300081,73258.35800443533,7730.917561586277,346964.49611821095,0.8719620469694901,1319760.2277172105,18.015148901335017
Carolina,2020-2024,1,75,5,0.03318217829036849,2.5,0.15320195498959785,65527.44044284905,10038.931981308924,302539.8722609729,0.8171509767440454,972795.7315989997,14.84562383368905
Carolina,2020-2024,1,80,5,0.04889846815239037,2.5,0.2178598129490186,55488.50846154013,12088.716074251162,247220.75212207274,0.6311546573181196,670255.8593380267,12.079183202456965
Carolina,2020-2024,1,85,NA,0.11228188196555439,9.747399329492035,1,43399.792387288966,43399.792387288966,423035.107215954,0,423035.107215954,9.747399329492035
Carolina,2020-2024,2,0,1,0.004462395831257845,0.1398585717198907,0.004445333345955379,100000,444.53333459554415,99617.63846266287,0.9952555075631321,8553036.80784703,85.5303680784703
Carolina,2020-2024,2,1,4,2.1424696061738774e-4,1.5167674426461306,8.565321459306984e-4,99555.46666540446,85.27245750205475,398010.1153189032,0.9992569908698743,8453419.169384368,84.91165229324301
Carolina,2020-2024,2,5,5,7.477745572761926e-5,2.5,3.7381739585367463e-4,99470.1942079024,37.18368896385073,497258.0118171024,0.9995786312372307,8055409.054065465,80.9831439278069
Carolina,2020-2024,2,10,5,9.380957780590216e-5,2.5,4.6893791186068874e-4,99433.01051893855,46.62790832277096,497048.48282388586,0.9990833533325214,7558151.042248363,76.01249326358067
Carolina,2020-2024,2,15,5,2.7309942486320534e-4,2.5,0.001364565469203957,99386.38261061578,135.61922581953695,496592.86498853005,0.9981790139407783,7061102.559424477,71.04698223185213
Carolina,2020-2024,2,20,5,4.561255971791897e-4,2.5,0.0022780303160501968,99250.76338479624,226.09624788169458,495688.576304277,0.9972760609832371,6564509.694435947,66.14064688837983
Carolina,2020-2024,2,25,5,6.351802016599635e-4,2.5,0.0031708658303059916,99024.66713691455,313.993933381862,494338.3508511181,0.9966253063038569,6068821.11813167,61.28595322356127
Carolina,2020-2024,2,30,5,7.171173281238597e-4,2.5,0.003579169928678909,98710.67320353269,353.30227316974197,492670.1103347391,0.996092774470911,5574482.767280552,56.47294853097051
Carolina,2020-2024,2,35,5,8.490904714783643e-4,2.5,0.00423645951387673,98357.37093036294,416.68701983783103,490745.13710222015,0.9947121612977162,5081812.6569458125,51.66682078706371
Carolina,2020-2024,2,40,5,0.0012727752396064127,2.5,0.006343690966058777,97940.68391052511,621.3054317328351,488150.15597329347,0.9931998968870196,4591067.519843592,46.876000212922925
Carolina,2020-2024,2,45,5,0.001457174945468526,2.5,0.00725942908190125,97319.37847879228,706.4831263614906,484830.6845780576,0.9896153898843468,4102917.363870299,42.15930504287388
Carolina,2020-2024,2,50,5,0.002724966818783935,2.5,0.013532644078707447,96612.89535243079,1307.4279262178607,479795.90694660926,0.9823667805203056,3618086.6792922416,37.449314256590185
Carolina,2020-2024,2,55,5,0.004406013170357232,2.5,0.02179004775827201,95305.46742621293,2076.7106868416013,471335.56041396066,0.9739407417285035,3138290.7723456323,32.9287590428676
Carolina,2020-2024,2,60,5,0.0061787025436080105,2.5,0.03042356728659182,93228.75673937133,2836.3513537055696,459052.90531259275,0.9649923942513974,2666955.2119316715,28.60657274865699
Carolina,2020-2024,2,65,5,0.008108188004842044,2.5,0.03973548310550361,90392.40538566576,3591.7858970679517,442982.5621856589,0.9475556151194442,2207902.306619079,24.425750119148876
Carolina,2020-2024,2,70,5,0.013581858143237369,2.5,0.06567917753555579,86800.6194885978,5700.993297587833,419750.61419901944,0.9148180013657562,1764919.7444334198,20.333031663043155
Carolina,2020-2024,2,75,5,0.0223989266497475,2.5,0.10605579340555782,81099.62619100997,8601.085200581714,383995.4179535956,0.8663355337244817,1345169.1302344003,16.586625529767417
Carolina,2020-2024,2,80,5,0.035860078054168625,2.5,0.1645485781320488,72498.54099042826,11929.531836623035,332668.87536058365,0.6538930776922921,961173.7122808048,13.25783524950806
Carolina,2020-2024,2,85,NA,0.09523512706295123,10.376673577806672,1,60569.00915380522,60569.00915380522,628504.8369202211,0,628504.8369202211,10.376673577806672
Catano,1980-1984,1,0,1,0.023222645111288725,0.1040306998182746,0.02274930538521511,100000,2274.930538521512,97961.73207743885,0.9767153437918319,6629218.222544669,66.2921822254467
Catano,1980-1984,1,1,4,5.348124788219219e-4,1.584456342874347,0.0021364898633163356,97725.06946147849,208.78862029634183,390395.9398184771,0.9976570114954876,6531256.490467231,66.83296851522564
Catano,1980-1984,1,5,5,3.0208420329557925e-4,2.5,0.0015092811914622169,97516.28084118215,147.17948853493726,487213.4554845734,0.998304895287857,6140860.5506487535,62.97266977039391
Catano,1980-1984,1,10,5,3.765960513027757e-4,2.5,0.0018812091167013172,97369.10135264721,183.17164114961633,486387.577660362,0.9953673651716829,5653647.09516418,58.06407799418878
Catano,1980-1984,1,15,5,0.0014833296044112784,2.5,0.007389246302569173,97185.92971149759,718.1307717824384,484134.32162803184,0.9899022272815609,5167259.5175038185,53.16880265325594
Catano,1980-1984,1,20,5,0.0025818504217158924,2.5,0.012826462092174949,96467.79893971515,1237.3405662158038,479245.64328303625,0.9840853857491862,4683125.195875786,48.5459940762448
Catano,1980-1984,1,25,5,0.0038451899940866387,2.5,0.019042891134312845,95230.45837349935,1813.463251477253,471618.6337388036,0.9790662087334153,4203879.55259275,44.14427510266612
Catano,1980-1984,1,30,5,0.004625148403809553,2.5,0.02286139861575646,93416.9951220221,2135.643162970722,461745.86770268367,0.978849353694326,3732260.9188539465,39.952697193683385
Catano,1980-1984,1,35,5,0.003917977882894653,2.5,0.019399868772518793,91281.35195905138,1770.8462493836996,451979.64417179767,0.9764911276640569,3270515.0511512626,35.82895061215142
Catano,1980-1984,1,40,5,0.005617635323123719,2.5,0.02769916706727305,89510.50570966768,2479.3664519281883,441354.1124185179,0.9656853239434655,2818535.406979465,31.488319551243983
Catano,1980-1984,1,45,5,0.008396353241011621,2.5,0.04111864944130187,87031.13925773949,3578.602905616106,426209.1890246571,0.9428214759023835,2377181.2945609475,27.31414657828405
Catano,1980-1984,1,50,5,0.015352913322408972,2.5,0.07392707661348025,83452.53635212338,6169.402048492673,401839.1766393852,0.918252639282323,1950972.1055362902,23.378224207641466
Catano,1980-1984,1,55,5,0.018890259850730097,2.5,0.0901919269140398,77283.13430363071,6970.314800800988,368989.88451615104,0.8994442118574114,1549132.928896905,20.044902977286828
Catano,1980-1984,1,60,5,0.023716929994194173,2.5,0.11194704915151321,70312.81950282972,7871.312660864751,331885.8158619867,0.8587604203166523,1180143.044380754,16.784180363201898
Catano,1980-1984,1,65,5,0.03817001937171055,2.5,0.17422469673503593,62441.50684196497,10878.852593220014,285010.4027267748,0.7932285557111197,848257.2285187672,13.584829569626597
Catano,1980-1984,1,70,5,0.05614845560358486,2.5,0.24618500803335214,51562.654248744955,12693.95245044824,226078.39011760417,0.7334755680998393,563246.8257919924,10.923542125562745
Catano,1980-1984,1,75,5,0.0687975433008706,2.5,0.2935064156542172,38868.701798296715,11408.213345950695,165822.9756266068,0.6283493205469602,337168.43567438825,8.67454841749213
Catano,1980-1984,1,80,5,0.12709925175191905,2.5,0.48225927595032414,27460.48845234602,13243.075278270626,104194.75406605355,0.3919024522914248,171345.46004778144,6.239709113154648
Catano,1980-1984,1,85,NA,0.19774391217872633,4.723131075924079,1,14217.413174075395,14217.413174075395,67150.7059817279,0,67150.7059817279,4.723131075924079
Catano,1980-1984,2,0,1,0.014493582760504142,0.11924177415981865,0.014310899234045027,100000,1431.0899234045064,98739.55577804448,0.9851494060474192,7532747.510425097,75.32747510425098
Catano,1980-1984,2,1,4,4.4751646630327536e-4,1.5007161669462088,0.0017880659658755728,98568.9100765955,176.24771340140433,393835.14724566514,0.998355269041284,7434007.954647053,75.41939896535598
Catano,1980-1984,2,5,5,1.6167221141871928e-4,2.5,8.080344652963288e-4,98392.66236319409,79.50466232172039,491764.55016016617,0.999038385614014,7040172.807401388,71.55180720096988
Catano,1980-1984,2,10,5,2.2318816392487853e-4,2.5,0.0011153185049011419,98313.15770087237,109.65048405904963,491291.66229421424,0.9977705042066315,6548408.257241222,66.60764856282422
Catano,1980-1984,2,15,5,6.701041478011809e-4,2.5,0.0033449171318955685,98203.50721681332,328.4825937017449,490196.3295998123,0.9956999288734938,6057116.5949470075,61.679228844384646
Catano,1980-1984,2,20,5,0.0010544585495643754,2.5,0.0052584307546555305,97875.02462311157,514.6690395908372,488088.4505165808,0.9938401863467244,5566920.265347196,56.877842808048285
Catano,1980-1984,2,25,5,0.0014182027765721002,2.5,0.007065961467429849,97360.35558352074,687.9445210084232,485081.91661508265,0.9919834709442573,5078831.814830614,52.165296484293656
Catano,1980-1984,2,30,5,0.0018028615376248051,2.5,0.008973861115501216,96672.41106251231,867.5247905756405,481193.2433361225,0.9905246778486981,4593749.898215532,47.51872688108531
Catano,1980-1984,2,35,5,0.0020062774480410243,2.5,0.009981323977212441,95804.88627193667,956.2596084801771,476633.7823384829,0.9884454671957995,4112556.6548794094,42.92637687817042
Catano,1980-1984,2,40,5,0.002646110241225008,2.5,0.013143602652163832,94848.6266634565,1246.652660967913,471126.50166486274,0.9842724392600951,3635922.8725409266,38.33395380032196
Catano,1980-1984,2,45,5,0.0037031556603137573,2.5,0.018345933681180773,93601.97400248858,1717.2156074772647,463716.8309937497,0.9755348229342713,3164796.370876064,33.811213968542184
Catano,1980-1984,2,50,5,0.006235466969473388,2.5,0.030698781748379218,91884.75839501132,2820.7501439710177,452371.91661512904,0.9633337528223735,2701079.539882314,29.396382893781034
Catano,1980-1984,2,55,5,0.008751932418931688,2.5,0.042822708468381224,89064.0082510403,3813.962060359787,435785.1361043021,0.9418891340362743,2248707.623267185,25.248219425841068
Catano,1980-1984,2,60,5,0.01538653907647739,2.5,0.07408299320765689,85250.04619068051,6315.578592896622,410461.284471161,0.915114717455905,1812922.487162883,21.265941406153402
Catano,1980-1984,2,65,5,0.020289886707078666,2.5,0.09655186740774334,78934.46759778389,7621.270249402034,375619.1623654144,0.8734776503445858,1402461.202691722,17.76741194782058
Catano,1980-1984,2,70,5,0.03471073718157092,2.5,0.15969578946504312,71313.19734838186,11388.417349826268,328094.9433673436,0.8240185729665823,1026842.0403263076,14.399046438907249
Catano,1980-1984,2,75,5,0.04330222012270495,2.5,0.19536207200008612,59924.77999855559,11707.029184667139,270356.3270311101,0.7499439519416332,698747.096958964,11.660403208419062
Catano,1980-1984,2,80,5,0.07563258421351489,2.5,0.3180294484600024,48217.75081388845,15334.664697322776,202752.09232613532,0.5267122763632812,428390.7699278539,8.88450337680334
Catano,1980-1984,2,85,NA,0.15143246648274952,6.8618461418694965,1,32883.086116565675,32883.086116565675,225638.67760171858,0,225638.67760171858,6.8618461418694965
Catano,1985-1989,1,0,1,0.017302925682849215,0.11476287694615853,0.017041891752248153,100000,1704.1891752248193,98491.38847738448,0.9822133969646419,6695521.092079886,66.95521092079886
Catano,1985-1989,1,1,4,6.031398730102547e-4,1.6016527801504763,0.0024090746719653074,98295.81082477518,236.80194821825717,392615.31000493653,0.9976218797290016,6597029.703602502,67.1140473662967
Catano,1985-1989,1,5,5,2.908581270155137e-4,2.5,0.0014532339228352901,98059.00887655692,142.50267813900427,489938.7876874371,0.998360431576579,6204414.393597566,63.27225274536567
Catano,1985-1989,1,10,5,3.655686171141066e-4,2.5,0.0018261741057144436,97916.50619841792,178.81258814157627,489135.49952173565,0.9941919486936056,5714475.605910128,58.360697575650015
Catano,1985-1989,1,15,5,0.001969088472317688,2.5,0.009797213411614323,97737.69361027634,957.5570426588529,486294.57544473454,0.9871093333763757,5225340.106388393,53.462895566414204
Catano,1985-1989,1,20,5,0.003228799555800352,2.5,0.01601472692107915,96780.13656761749,1549.9074585151393,480025.9141917996,0.9814298225904358,4739045.530943658,48.967130022932174
Catano,1985-1989,1,25,5,0.004278728148836533,2.5,0.021167218806829258,95230.22910910235,2015.7590965768613,471111.7478040696,0.9757537193541888,4259019.616751859,44.723399876235
Catano,1985-1989,1,30,5,0.005554459083256216,2.5,0.027391927070963072,93214.47001252549,2553.3239645415742,459689.0401512735,0.9734540774634397,3787907.868947789,40.636479169369274
Catano,1985-1989,1,35,5,0.005202001870045257,2.5,0.025676091658173108,90661.14604798392,2327.8238957630383,447486.170500512,0.9741275552034122,3328218.8287965152,36.71053117986177
Catano,1985-1989,1,40,5,0.005283677708424026,2.5,0.02607397237559267,88333.32215222088,2303.2006016413507,435908.609257001,0.9658662443522105,2880732.6582960035,32.61207195775752
Catano,1985-1989,1,45,5,0.008665614519229044,2.5,0.04240931564268566,86030.12155057953,3648.4785796171345,421029.4113038548,0.9492976462730249,2444824.0490390025,28.418233113870723
Catano,1985-1989,1,50,5,0.012235706068758524,2.5,0.059362669893120217,82381.64297096239,4890.394276938125,399682.22916246665,0.930348548835038,2023794.6377351477,24.56608735575337
Catano,1985-1989,1,55,5,0.016794645852665994,2.5,0.08058954700969352,77491.24869402427,6244.984629466926,371843.781896454,0.8943202420370319,1624112.408572681,20.95865579590182
Catano,1985-1989,1,60,5,0.02848784600300519,2.5,0.13296921380031576,71246.26406455734,9473.559718873883,332547.42102560203,0.8552485515154464,1252268.626676227,17.576621639297844
Catano,1985-1989,1,65,5,0.03439086022267872,2.5,0.15834062533014243,61772.70434568346,9781.128634429522,284410.70014234347,0.8136283453330375,919721.2056506249,14.888796198784084
Catano,1985-1989,1,70,5,0.04935644373066769,2.5,0.21967613648042233,51991.575711253936,11421.308481777633,231404.6073518256,0.7571684656466653,635310.5055082815,12.219489346439719
Catano,1985-1989,1,75,5,0.06309846774966069,2.5,0.2725056209158961,40570.2672294763,11055.625862092267,175212.27149215085,0.6757620754187037,403905.8981564559,9.955712045766322
Catano,1985-1989,1,80,5,0.09855051726836607,2.5,0.395348169763575,29514.641367384036,11668.55944582358,118401.80822236123,0.4822688767091836,228693.62666430502,7.748480620775192
Catano,1985-1989,1,85,NA,0.18266716646312542,6.180169906577449,1,17846.081921560457,17846.081921560457,110291.81844194379,0,110291.81844194379,6.180169906577449
Catano,1985-1989,2,0,1,0.011998761253787633,0.12436930595792789,0.011874007191438494,100000,1187.4007191438432,98960.27548419002,0.9877067267127265,7727471.831102342,77.27471831102342
Catano,1985-1989,2,1,4,3.6260906228028055e-4,1.5046809902995295,0.0014491250441383235,98812.59928085616,143.19181229428796,394893.08787217323,0.9985874054113292,7628511.555618152,77.20181040816009
Catano,1985-1989,2,5,5,1.5515469552824783e-4,2.5,7.754726820715461e-4,98669.40746856187,76.51543004806445,493155.74876768916,0.9990976278684338,7233618.467745979,73.31166420605861
Catano,1985-1989,2,10,5,2.0598002773492834e-4,2.5,0.0010293700644885596,98592.8920385138,101.48857163579669,492710.7387634795,0.9978502594905997,6740462.7189782895,68.36661933342245
Catano,1985-1989,2,15,5,6.553249546270353e-4,2.5,0.00327126541848033,98491.40346687801,322.1915221787931,491651.5385289431,0.9955468982273331,6247751.98021481,63.434490323979254
Catano,1985-1989,2,20,5,0.001130951998790288,2.5,0.005638816915797106,98169.21194469921,553.5582129242539,489462.16419118544,0.9935889502920433,5756100.4416858675,58.634477425859345
Catano,1985-1989,2,25,5,0.0014427172161798304,2.5,0.007187661672800589,97615.65373177496,701.6282929932495,486324.1979263917,0.9921462833072741,5266638.277494682,53.95280445456192
Catano,1985-1989,2,30,5,0.0017122167259930213,2.5,0.008524593749962653,96914.02543878171,826.15269553916,482504.7454550606,0.9907948878749805,4780314.07956829,49.325307229013006
Catano,1985-1989,2,35,5,0.0019881290750698075,2.5,0.00989148152033381,96087.87274324255,950.4514175679651,478063.2351722928,0.9882436014992041,4297809.334113229,44.727905940819944
Catano,1985-1989,2,40,5,0.0027467218822673526,2.5,0.013639946562099077,95137.42132567459,1297.669342938112,472442.93327102764,0.9845256862187668,3819746.098940937,40.14977540609573
Catano,1985-1989,2,45,5,0.0034971191492721306,2.5,0.017334047671246872,93839.75198273647,1626.6227343267383,465132.20307786553,0.9797578274573383,3347303.165669909,35.67041786604153
Catano,1985-1989,2,50,5,0.0046947824644889315,2.5,0.02320159620491716,92213.12924840974,2139.491789613443,455716.916768015,0.9681017309719142,2882170.9625920434,31.255537970388833
Catano,1985-1989,2,55,5,0.008330245560711016,2.5,0.040801511282966996,90073.6374587963,3675.1405350729474,441180.3359562991,0.9457601331531053,2426454.0458240286,26.938559541730477
Catano,1985-1989,2,60,5,0.014132231534740749,2.5,0.06824985093465358,86398.49692372335,5896.6845360222505,417250.77327856113,0.9266777290480014,1985273.7098677293,22.978104718886744
Catano,1985-1989,2,65,5,0.016399095791015287,2.5,0.07876624112193441,80501.8123877011,6340.825165282382,386656.9990252995,0.8875230348877492,1568022.9365891684,19.478107263442528
Catano,1985-1989,2,70,5,0.03221515288051229,2.5,0.14906998362187596,74160.98722241871,11055.177150628107,343166.9932355233,0.8404544822754051,1181365.9375638687,15.929749344096436
Catano,1985-1989,2,75,5,0.03760233882478102,2.5,0.1718562059140971,63105.810071790605,10845.125090073554,288416.23763376917,0.7881235235847054,838198.9443283455,13.282436963803987
Catano,1985-1989,2,80,5,0.0598234291077716,2.5,0.26020174406446095,52260.68498171705,13598.32137824616,227307.62146296987,0.5865500702457576,549782.7066945763,10.520005753596859
Catano,1985-1989,2,85,NA,0.14623646956742767,8.340801109290082,1,38662.36360347089,38662.36360347089,322475.0852316065,0,322475.0852316065,8.340801109290082
Catano,1990-1994,1,0,1,0.017227015668554214,0.1149143515841835,0.016968293574937357,100000,1696.8293574937416,98498.16068787166,0.9822439952420676,6544373.252639033,65.44373252639033
Catano,1990-1994,1,1,4,6.253928289926367e-4,1.6018745314587137,0.0024978251515663805,98303.17064250626,245.54413210957136,392623.8369331622,0.9975808957865944,6445875.091951161,65.57138543773446
Catano,1990-1994,1,5,5,2.8919020182011876e-4,2.5,0.0014449063771835215,98057.62651039669,141.68408987634757,489933.92232729256,0.9984414493886695,6053251.255017999,61.731570204549
Catano,1990-1994,1,10,5,3.347517702882884e-4,2.5,0.0016723592883606,97915.94242052034,163.75063578554546,489170.3355131378,0.992487238575117,5563317.3326907065,56.817278117978844
Catano,1990-1994,1,15,5,0.002690566382998193,2.5,0.0133629471738814,97752.1917847348,1306.257374950539,485495.31548629765,0.9835074974351189,5074146.997177568,51.908268290818604
Catano,1990-1994,1,20,5,0.0039719419050102235,2.5,0.019664444447699707,96445.93440978425,1896.5557194076828,477488.2827504021,0.9752484758879801,4588651.68169127,47.57745061802999
Catano,1990-1994,1,25,5,0.0060791356114651,2.5,0.02994064495488679,94549.37869037657,2830.8693780737085,465669.72000669857,0.9677877349818408,4111163.3989408687,43.48165430471846
Catano,1990-1994,1,30,5,0.0070322965974830174,2.5,0.034553998079603514,91718.50931230286,3169.2411946414068,450669.4435749108,0.9624175707197918,3645493.67893417,39.746543050773
Catano,1990-1994,1,35,5,0.008313101670220535,2.5,0.0407192501843094,88549.26811766146,3605.6598021205427,433732.191083006,0.9588722009262889,3194824.235359259,36.07962327948412
Catano,1990-1994,1,40,5,0.008487072574846205,2.5,0.04155368991899315,84943.60831554091,3529.7203605443938,415893.7406763436,0.9578019880898424,2761092.0442762533,32.505000659020695
Catano,1990-1994,1,45,5,0.008761865493674024,2.5,0.042870268649410605,81413.88795499652,3490.2352484237053,398343.8516539233,0.9484434182283036,2345198.3035999094,28.805875293614207
Catano,1990-1994,1,50,5,0.012505508485852086,2.5,0.0606319587428297,77923.65270657282,4724.663695995521,377806.6042928753,0.9358400821371914,1946854.4519459861,24.984127210732897
Catano,1990-1994,1,55,5,0.014060584613154393,2.5,0.06791559078868042,73198.9890105773,4971.352583787477,353566.56359341776,0.9027906996860093,1569047.847653111,21.435375937041737
Catano,1990-1994,1,60,5,0.027496002695946486,2.5,0.1286374727368051,68227.63642678982,8776.630720747824,319196.6053320795,0.8710441995928833,1215481.284059693,17.815087077857942
Catano,1990-1994,1,65,5,0.027652233351829793,2.5,0.1293211221421602,59451.00570604199,7688.270770385323,278034.35160424665,0.8295172394752227,896284.6787276136,15.076022147704801
Catano,1990-1994,1,70,5,0.048872849084762186,2.5,0.21775809868835866,51762.73493565667,11271.75474249808,230634.28782203814,0.7450023664500287,618250.327123367,11.943926994813529
Catano,1990-1994,1,75,5,0.07131011487705088,2.5,0.3026037957859373,40490.98019315859,12252.724301542992,171823.09021193546,0.6588604738722623,387616.0393013289,9.572898394957132
Catano,1990-1994,1,80,5,0.09887631472437439,2.5,0.3963961078368808,28238.255891615598,11193.534727538288,113207.44263923228,0.4753885930149856,215792.94908939346,7.641865344575545
Catano,1990-1994,1,85,NA,0.18234088644800914,6.018608662626045,1,17044.72116407731,17044.72116407731,102585.50645016118,0,102585.50645016118,6.018608662626045
Catano,1990-1994,2,0,1,0.012976915906830196,0.12235893404416909,0.01283078514140817,100000,1283.0785141408123,98873.91760514444,0.9868388747602198,7716300.034054318,77.16300034054318
Catano,1990-1994,2,1,4,3.2702872061262804e-4,1.503124312574929,0.0013070476126419118,98716.92148585919,129.02771655545803,394545.5197749655,0.9986305318583149,7617426.116449174,77.16434023462067
Catano,1990-1994,2,5,5,1.5890911267536125e-4,2.5,7.942300374005478e-4,98587.89376930373,78.30146655562567,492743.7151801296,0.9991408830957158,7222880.5966742085,73.2633624730415
Catano,1990-1994,2,10,5,1.848964967442353e-4,2.5,9.24055347229925e-4,98509.5923027481,91.02831552078715,492320.3907249386,0.9979250532212001,6730136.881494079,68.31960953417051
Catano,1990-1994,2,15,5,6.464235091537628e-4,2.5,0.0032269026813813236,98418.56398722732,317.58712802809896,491298.8521160664,0.9954095946637371,6237816.49076914,63.38048675023016
Catano,1990-1994,2,20,5,0.001195225193457352,2.5,0.005958322125498933,98100.97685919922,584.517220953232,489043.591243613,0.9926509317108309,5746517.638653073,58.577578150937704
Catano,1990-1994,2,25,5,0.0017573167631080768,2.5,0.008748150636142663,97516.45963824599,853.0886784187023,485449.57649518317,0.9905702814319267,5257474.047409461,53.913709202661394
Catano,1990-1994,2,30,5,0.0020337483385924207,2.5,0.010117301579764891,96663.37095982728,977.9724757172517,480871.92360984324,0.9888962440000622,4772024.470914278,49.36745349898363
Catano,1990-1994,2,35,5,0.002434789368441248,2.5,0.012100292682261744,95685.39848411003,1157.82132707657,475532.43910285877,0.9870257048987301,4291152.547304435,44.84647203530269
Catano,1990-1994,2,40,5,0.002791141769047799,2.5,0.013859002741664971,94527.57715703346,1310.0579509822855,469362.7409077116,0.9834322591592729,3815620.108201576,40.365152931645504
Catano,1990-1994,2,45,5,0.003900578338280586,2.5,0.01931454693295199,93217.51920605118,1800.4541496786114,461586.4606560593,0.9781580665361989,3346257.367293864,35.897301234730165
Catano,1990-1994,2,50,5,0.004944185620597666,2.5,0.02441909673561777,91417.06505637256,2232.322154897847,451504.5198946182,0.9717661725484765,2884670.9066378046,31.55505927540952
Catano,1990-1994,2,55,5,0.006533820109584994,2.5,0.03214404207661612,89184.74290147472,2866.75812841719,438756.8191863306,0.9586494207257703,2433166.3867431865,27.282316544110962
Catano,1990-1994,2,60,5,0.010438030195158541,2.5,0.05086288027547242,86317.98477305753,4390.381325132083,420613.9705524574,0.9346420091616469,1994409.567556856,23.10537685512987
Catano,1990-1994,2,65,5,0.016803402785489932,2.5,0.08062987333209413,81927.60344792544,6605.8122884082695,393123.48651860654,0.8997447815015679,1573795.5970043987,19.209589085621545
Catano,1990-1994,2,70,5,0.0258947704870265,2.5,0.12160173019929248,75321.79115951718,9159.260126707057,353710.8054808182,0.8471205659254106,1180672.1104857922,15.675040281309217
Catano,1990-1994,2,75,5,0.041619817250327144,2.5,0.18848709059057206,66162.53103281012,12470.782980482814,299635.69771284354,0.77457359080944,826961.3050049739,12.498936967736048
Catano,1990-1994,2,80,5,0.06268061163195694,2.5,0.27094548617834346,53691.748052327304,14547.536779802947,232089.89831212914,0.5598736433378725,527325.6072921304,9.821352934499458
Catano,1990-1994,2,85,NA,0.14454433636657135,7.542257191607526,1,39144.21127252436,39144.21127252436,295235.7089800012,0,295235.7089800012,7.542257191607526
Catano,1995-1999,1,0,1,0.017392439158072228,0.11458425728202479,0.017128665596749214,100000,1712.8665596749197,98483.40098288865,0.9821729729138139,6650247.288293386,66.50247288293386
Catano,1995-1999,1,1,4,5.792158997596031e-4,1.6013913305569947,0.0023136492177716905,98287.13344032508,227.40194940123183,392603.0854740183,0.9976501234015951,6551763.887310497,66.65942588801202
Catano,1995-1999,1,5,5,2.989502796022723e-4,2.5,0.0014936350914408366,98059.73149092385,146.46545601211255,489932.493814589,0.9984307577598994,6159160.801836479,62.81029642026457
Catano,1995-1999,1,10,5,3.2926331033260575e-4,2.5,0.0016449624871782754,97913.26603491174,161.0636496245279,489163.67105049733,0.9950502179372643,5669228.30802189,57.90051274564248
Catano,1995-1999,1,15,5,0.001658860512772458,2.5,0.008260046899773086,97752.20238528721,807.4377762585791,486742.4174857896,0.9851414590033274,5180064.636971393,52.9917946662146
Catano,1995-1999,1,20,5,0.0043491783304209185,2.5,0.021511992918491412,96944.76460902863,2085.4750897542544,479510.1353207575,0.9785950309896971,4693322.219485603,48.41233292394323
Catano,1995-1999,1,25,5,0.004304956739295508,2.5,0.021295592188702434,94859.28951927437,2020.084744912514,469246.23573409056,0.9731101187461897,4213812.084164846,44.42171247032844
Catano,1995-1999,1,30,5,0.006629255659719668,2.5,0.032605896243074264,92839.20477436186,3027.105478162368,456628.2601764034,0.9669605806007204,3744565.848430755,40.33388542622288
Catano,1995-1999,1,35,5,0.006811562158925092,2.5,0.03348755439878125,89812.09929619949,3007.5875608502247,441541.5275788719,0.9644814524886042,3287937.5882543516,36.609071762266275
Catano,1995-1999,1,40,5,0.007668220914513241,2.5,0.03761991011863171,86804.51173534927,3265.5779293755622,425858.61385330744,0.9591686684826464,2846396.06067548,32.79087692300614
Catano,1995-1999,1,45,5,0.009033147117007733,2.5,0.0441682889549473,83538.9338059737,3689.771767330458,408470.2396115424,0.9496175839477742,2420537.4468221725,28.97496217086128
Catano,1995-1999,1,50,5,0.011709786646594136,2.5,0.056883693448101846,79849.16203864325,4542.115255493991,387890.52205448126,0.934363366587742,2012067.20721063,25.19835093869719
Catano,1995-1999,1,55,5,0.015566606352972068,2.5,0.0749175035481565,75307.04678314926,5641.815944577771,362430.6940543019,0.9079074514299427,1624176.6851561486,21.567393152901797
Catano,1995-1999,1,60,5,0.023427952972023897,2.5,0.11065850899820869,69665.23083857149,7709.05057361236,329053.5277588265,0.8799518994256829,1261745.9911018468,18.11155975389745
Catano,1995-1999,1,65,5,0.027946172141628308,2.5,0.13060601524613966,61956.180264959126,8091.84982427783,289551.27676410106,0.8172132390925427,932692.4633430203,15.054066589552615
Catano,1995-1999,1,70,5,0.0552714151712851,2.5,0.24280643734459162,53864.3304406813,13078.606174253662,236625.13676777232,0.750208637523008,643141.1865789193,11.940020071115258
Catano,1995-1999,1,75,5,0.059510284988077755,2.5,0.2590161175157234,40785.724266427635,10564.15994955691,177518.2214582459,0.6825245078957054,406516.049811147,9.967116120229514
Catano,1995-1999,1,80,5,0.09886811546399668,2.5,0.39636975144037645,30221.564316870725,11978.913936417397,121160.53674331013,0.47090966925418354,228997.82835290104,7.577298976051565
Catano,1995-1999,1,85,NA,0.18060743570382978,5.9112732722837595,1,18242.650380453328,18242.650380453328,107837.29160959092,0,107837.29160959092,5.9112732722837595
Catano,1995-1999,2,0,1,0.013764085555229738,0.12074108788090296,0.013599501734806384,100000,1359.95017348064,98804.25168992924,0.98606330090155,7740307.309917955,77.40307309917955
Catano,1995-1999,2,1,4,3.379269414593723e-4,1.50187361067747,0.0013505676379628182,98640.04982651936,133.22005910273583,394227.39876084577,0.9986185803145234,7641503.058228026,77.46856445903386
Catano,1995-1999,2,5,5,1.4914739713880787e-4,2.5,7.454590275099725e-4,98506.82976741662,73.43280552151555,492350.5668232793,0.9991537255718463,7247275.65946718,73.57130136639908
Catano,1995-1999,2,10,5,1.8952276239007934e-4,2.5,9.471650386140032e-4,98433.39696189511,93.23267223431321,491933.9031288898,0.9980668756710851,6754925.092643901,68.6243216340367
Catano,1995-1999,2,15,5,5.848575715764742e-4,2.5,0.0029200183707491834,98340.1642896608,287.1550863083103,490982.93373253325,0.9957715595820764,6262991.189515011,63.68701165748901
Catano,1995-1999,2,20,5,0.0011112173117871584,2.5,0.00554069427045417,98053.00920335249,543.2817462937965,488906.8416510279,0.9935136883164829,5772008.255782478,58.866202094949365
Catano,1995-1999,2,25,5,0.0014929913689796812,2.5,0.007437197665089967,97509.72745705869,725.1991173671995,485735.6394918754,0.9906660202144053,5283101.41413145,54.18025003154706
Catano,1995-1999,2,30,5,0.0022617113129339995,2.5,0.011244974350415032,96784.52833969149,1088.3395386968477,481201.79285171535,0.9890811179708872,4797365.774639575,49.567486218478244
Catano,1995-1999,2,35,5,0.0021290887677961772,2.5,0.010589081104876696,95696.18880099464,1013.3347046413255,475947.60724336986,0.9878126406388976,4316163.981787859,45.10277823878184
Catano,1995-1999,2,40,5,0.0027797325764821476,2.5,0.013802743046185003,94682.85409635332,1306.8831059713848,470147.0627168381,0.9841157172451965,3840216.374544489,40.55873062969269
Catano,1995-1999,2,45,5,0.0036316669501466536,2.5,0.017994955537496058,93375.97099038193,1680.2964462424425,462679.1138363035,0.9800781611378834,3370069.311827651,36.09139777700176
Catano,1995-1999,2,50,5,0.004425227259083688,2.5,0.021884031760703148,91695.67454413949,2006.671054043065,453461.6950855898,0.9687897163442046,2907390.197991348,31.7069503272133
Catano,1995-1999,2,55,5,0.008318509236086033,2.5,0.040745197917424536,89689.00349009642,3654.396198220551,439309.02695493074,0.9522395678771782,2453928.502905758,27.36041663320213
Catano,1995-1999,2,60,5,0.0113266282738987,2.5,0.05507364461877921,86034.60729187587,4738.239386909001,418327.4379921069,0.9372050066915444,2014619.4759508271,23.41638486378103
Catano,1995-1999,2,65,5,0.014715424001168,2.5,0.07096636946460208,81296.36790496687,5769.308080874092,392058.56932264916,0.9044402926664654,1596292.0379587202,19.63546563143805
Catano,1995-1999,2,70,5,0.025992272925986423,2.5,0.12203166384899392,75527.05982409278,9216.692775956544,354593.56718057254,0.8575981887785546,1204233.468636071,15.944397563479972
Catano,1995-1999,2,75,5,0.03611067743356464,2.5,0.1656032713808783,66310.36704813624,10981.213709638156,304098.80096658575,0.7874250881445117,849639.9014554985,12.813077943584979
Catano,1995-1999,2,80,5,0.0621256396896168,2.5,0.26886904492615044,55329.15333849808,14876.296614694504,239455.02515575412,0.5610687720115771,545541.1004889128,9.859921353781584
Catano,1995-1999,2,85,NA,0.1335323862115038,7.566488503469501,1,40452.856723803576,40452.856723803576,306086.07533315866,0,306086.07533315866,7.566488503469501
Catano,2000-2004,1,0,1,0.013163305726951601,0.12302328158715443,0.013013083823853251,100000,1301.308382385323,98858.7828451726,0.9863549495560424,7039851.376714799,70.39851376714799
Catano,2000-2004,1,1,4,5.059635320906341e-4,1.6137915784387302,0.00202141360609583,98698.69161761468,199.5108781397139,394318.69193284865,0.998030448599927,6940992.593869626,70.32507199549211
Catano,2000-2004,1,5,5,2.354845125752667e-4,2.5,0.0011767298087627103,98499.18073947496,115.90692211483838,492206.1363920877,0.9986067108906452,6546673.901936777,66.46424724335908
Catano,2000-2004,1,10,5,3.2228016060459666e-4,2.5,0.001610103541952757,98383.27381736012,158.4072576422477,491520.350942695,0.9954397150303851,6054467.765544689,61.5396045549803
Catano,2000-2004,1,15,5,0.0015087139929870642,2.5,0.007515224155326383,98224.86655971788,738.1818898232887,489278.87807403115,0.9877996781516467,5562947.414601995,56.634817734467305
Catano,2000-2004,1,20,5,0.003413055117271164,2.5,0.016920895712108263,97486.68466989459,1649.5620246184844,483309.51828792674,0.9829805852324587,5073668.536527963,52.04473363422104
Catano,2000-2004,1,25,5,0.00345348711942516,2.5,0.017119629546802767,95837.1226452761,1640.6960365186242,475083.87313508394,0.9810823325914129,4590359.018240036,47.89750455291136
Catano,2000-2004,1,30,5,0.004192899726513408,2.5,0.020747023163199676,94196.42660875748,1954.295444742529,466096.394431931,0.9790265058502049,4115275.1451049526,43.68822993888766
Catano,2000-2004,1,35,5,0.004286398691279928,2.5,0.02120476328244273,92242.13116401495,1955.9725560009683,456320.72443007235,0.9777754735133775,3649178.7506730217,39.560867736072225
Catano,2000-2004,1,40,5,0.004708045996314432,2.5,0.02326638199012879,90286.15860801398,2100.6322545954026,446179.2124035814,0.9697255337356371,3192858.0262429495,35.36375979960615
Catano,2000-2004,1,45,5,0.007632820062927775,2.5,0.037449487319247104,88185.52635341858,3302.5027509134816,432671.3748898092,0.9576702093699386,2746678.813839368,31.146594315620263
Catano,2000-2004,1,50,5,0.00971012369196991,2.5,0.04739996954173492,84883.0236025051,4023.4527333691076,414356.48617910274,0.9432021621070766,2314007.438949559,27.26113350751642
Catano,2000-2004,1,55,5,0.013792389360238301,2.5,0.06666333028291131,80859.57086913599,5390.368279383692,390821.9336472207,0.9224339545873195,1899650.952770456,23.493210913088713
Catano,2000-2004,1,60,5,0.018683211647975533,2.5,0.08924748415125937,75469.2025897523,6735.436462037091,360507.42179366876,0.8980296992905106,1508829.0191232353,19.992645573919365
Catano,2000-2004,1,65,5,0.02461489709447721,2.5,0.11593986580739475,68733.76612771521,7968.983621284162,323746.3715853656,0.8712749389869815,1148321.5973295665,16.706804559433763
Catano,2000-2004,1,70,5,0.030845748119391007,2.5,0.14318696774439743,60764.782506431045,8700.724952743665,282072.10015029606,0.8076871420683691,824575.225744201,13.569952721495087
Catano,2000-2004,1,75,5,0.05705104446166958,2.5,0.2496484589762452,52064.05755368738,12997.711736328594,227826.00842761542,0.7031688545885373,542503.1255939049,10.41991637003103
Catano,2000-2004,1,80,5,0.08771920613436253,2.5,0.3597119204290537,39066.345817358786,14052.630278107663,160200.15339152477,0.4909062507177227,314677.1171662895,8.054941166943376
Catano,2000-2004,1,85,NA,0.14564596881205344,6.175690434008571,1,25013.715539251123,25013.715539251123,154476.9637747647,0,154476.9637747647,6.175690434008571
Catano,2000-2004,2,0,1,0.009137155163908735,0.1302506791062733,0.009065114387139384,100000,906.5114387139474,99211.56229179614,0.9906344654510658,7922994.711348827,79.22994711348827
Catano,2000-2004,2,1,4,2.719277026648984e-4,1.5092510588921242,0.0010869745988099815,99093.48856128605,107.71210497358697,396105.67043373676,0.9988915491215269,7823783.149057031,78.95355449332354
Catano,2000-2004,2,5,5,1.2990679550358355e-4,2.5,6.493230988103855e-4,98985.77645631247,64.27375110676803,494768.1979037954,0.9992806705207192,7427677.478623293,75.03782608505891
Catano,2000-2004,2,10,5,1.5793860610399365e-4,2.5,7.893813460462707e-4,98921.5027052057,78.086788958346,494412.2965536326,0.9983089783214011,6932909.280719498,70.0849571743784
Catano,2000-2004,2,15,5,5.193482945605131e-4,2.5,0.0025933743114879945,98843.41591624735,256.33797569690796,493576.2346419945,0.9964025588391379,6438496.984165866,65.1383496258504
Catano,2000-2004,2,20,5,9.229484224285036e-4,2.5,0.004604118701911012,98587.07794055044,453.90660931284947,491800.6231794701,0.9944883032168103,5944920.749523872,60.30121668793908
Catano,2000-2004,2,25,5,0.0012888339527990988,2.5,0.006423472789430746,98133.1713312376,630.3557557867607,489089.96726672107,0.9932166920122449,5453120.126344401,55.568571282976286
Catano,2000-2004,2,30,5,0.0014342179846141227,2.5,0.007145469520832388,97502.81557545083,696.7033968897304,485772.31938502984,0.9917493339917517,4964030.15907768,50.91165962521721
Catano,2000-2004,2,35,5,0.001881572646158921,2.5,0.00936381647842098,96806.1121785611,906.474668429466,481764.37422173185,0.9900833264211732,4478257.83969265,46.260073242404374
Catano,2000-2004,2,40,5,0.0021059811126288588,2.5,0.010474756464957822,95899.63751013164,1004.5253479963721,476986.8741806672,0.9862867202356385,3996493.4654709185,41.67370773480448
Catano,2000-2004,2,45,5,0.003426316834427606,2.5,0.016986084900523828,94895.11216213526,1611.8964318307553,470445.8197310994,0.9813615518280253,3519506.5912902514,37.088386441621104
Catano,2000-2004,2,50,5,0.004105584151791148,2.5,0.020319363615866285,93283.21573030451,1895.455579681351,461677.43970231916,0.9753148107001166,3049060.771559152,32.68605984140207
Catano,2000-2004,2,55,5,0.0059144919208408255,2.5,0.029141565716723595,91387.76015062316,2663.182418133554,450280.8447077819,0.9576862593033754,2587383.331856833,28.312142978363497
Catano,2000-2004,2,60,5,0.011497506882701307,2.5,0.05588129546543624,88724.5777324896,4958.044343315312,431227.77780415973,0.9365829920724444,2137102.487149051,24.086927678512648
Catano,2000-2004,2,65,5,0.01480840075648969,2.5,0.0713987505049728,83766.53338917429,5980.825818120124,403880.60240057117,0.9136229324326249,1705874.709344891,20.36463299035546
Catano,2000-2004,2,70,5,0.021608943437851174,2.5,0.102507044853694,77785.70757105417,7973.58301496238,368994.5803178649,0.8700528609605447,1301994.1069443198,16.738217695776562
Catano,2000-2004,2,75,5,0.034905824163835655,2.5,0.16052130012720223,69812.12455609179,11206.332998386031,321044.7902844938,0.7983685150849855,932999.5266264549,13.364433936927673
Catano,2000-2004,2,80,5,0.05730031800828276,2.5,0.2506025723220464,58605.79155770576,14686.762117330734,256312.05249520193,0.5811584790938289,611954.7363419611,10.441881596964771
Catano,2000-2004,2,85,NA,0.11795436496937713,8.097689962151458,1,43919.02944037502,43919.02944037502,355642.6838467592,0,355642.6838467592,8.097689962151458
Catano,2005-2009,1,0,1,0.013770770479082718,0.12181111604751439,0.013606225797619137,100000,1360.6225797619118,98805.11637519834,0.9858483838921454,7097748.901738894,70.97748901738895
Catano,2005-2009,1,1,4,4.6584706613092655e-4,1.6120044416717736,0.0018613176589581273,98639.37742023809,183.5992150609236,394119.0755708743,0.9981305025540735,6998943.785363696,70.95486577886393
Catano,2005-2009,1,5,5,2.2456755926945934e-4,2.5,0.0011222077676988332,98455.77820517716,110.48783907668258,492002.67142819415,0.9986324455374341,6604824.709792822,67.08417555776849
Catano,2005-2009,1,10,5,3.228958033536658e-4,2.5,0.0016131767967240047,98345.29036610048,158.64834048568446,491329.8309792882,0.9956147797642633,6112822.038364627,62.156733846725324
Catano,2005-2009,1,15,5,0.0014374960276101311,2.5,0.007161742696358701,98186.6420256148,703.1874664069328,489175.2414620567,0.9903765958948101,5621492.207385339,57.253126203448446
Catano,2005-2009,1,20,5,0.0024353015049660798,2.5,0.01210282247038921,97483.45455920786,1179.8249443303503,484467.71043521346,0.9840639017205404,5132316.965923282,52.648082581091764
Catano,2005-2009,1,25,5,0.00400292887477183,2.5,0.01981633591578546,96303.62961487751,1908.3850743577932,476747.1853884931,0.9826718859888282,4647849.255488069,48.26245152000007
Catano,2005-2009,1,30,5,0.002979953707284751,2.5,0.014789587818799148,94395.24454051972,1396.0667588090437,468486.05580557603,0.9820300396688222,4171102.070099576,44.187629264619424
Catano,2005-2009,1,35,5,0.004285032285372334,2.5,0.021198075333878116,92999.17778171068,1971.4035766054149,460067.37996703986,0.9754915132160475,3702616.014294,39.813427415292274
Catano,2005-2009,1,40,5,0.005657007112256105,2.5,0.027890592362875964,91027.77420510526,2538.8185440545058,448791.82466539,0.9701187592975082,3242548.63432696,35.621530490472026
Catano,2005-2009,1,45,5,0.006489400507314562,2.5,0.031929002326828396,88488.95566105076,2825.3640712003107,435381.368127253,0.9639421371104555,2793756.80966157,31.57181355335249
Catano,2005-2009,1,50,5,0.008230519595590695,2.5,0.04032290189251001,85663.59158985045,3454.2045994375803,419682.44645065826,0.9512599664872562,2358375.441534317,27.530662651012886
Catano,2005-2009,1,55,5,0.011842707783769422,2.5,0.05751082906140575,82209.38699041287,4727.930002448571,399227.1099459429,0.932448389432142,1938692.9950836587,23.58237989671114
Catano,2005-2009,1,60,5,0.016277508348335648,2.5,0.07820508205172998,77481.4569879643,6059.443701231343,372258.6756867431,0.9057692345896206,1539465.8851377158,19.868829846305694
Catano,2005-2009,1,65,5,0.023642664155532536,2.5,0.11161606776626526,71422.01328673295,7971.844275015072,337180.4557461271,0.855798576483574,1167207.2094509727,16.34240139332208
Catano,2005-2009,1,70,5,0.039773266965338526,2.5,0.18088078540923827,63450.16901171788,11476.916405188436,288558.55404561834,0.78305803772037,830026.7537048456,13.081553077526987
Catano,2005-2009,1,75,5,0.060025586460167826,2.5,0.260966295036136,51973.252606529444,13563.267173703192,225958.09509838923,0.7003260511487092,541468.1996592273,10.418208838274674
Catano,2005-2009,1,80,5,0.0854516164038014,2.5,0.35204998198099424,38409.98543282625,13522.234679516732,158244.34046533942,0.4984492154836009,315510.104560838,8.214272955469394
Catano,2005-2009,1,85,NA,0.16428788251146417,6.3190026955162155,1,24887.75075330952,24887.75075330952,157265.76409549857,0,157265.76409549857,6.3190026955162155
Catano,2005-2009,2,0,1,0.010048255702517007,0.12837812150228786,0.009961014354585929,100000,996.1014354585932,99131.77619565131,0.98976661369085706,8146861.038545496,81.46861038545495
Catano,2005-2009,2,1,4,2.677330057188494e-4,1.5077934296450888,0.0010702179242934242,99003.8985645414,105.95574681869766,395751.5306497772,0.9988719469375092,8047729.262349845,81.286993532921
Catano,2005-2009,2,5,5,1.332417787118126e-4,2.5,6.659870503111067e-4,98897.94281772271,65.86474921902118,494325.052215566,0.9992975083584642,7651977.731700067,77.37246613717042
Catano,2005-2009,2,10,5,1.4785874743669563e-4,2.5,7.39020560547447e-4,98832.07806850369,73.0389377342508,493977.7929981828,0.9984526319259867,7157652.6794845015,72.42236346101417
Catano,2005-2009,2,15,5,4.7181855914384477e-4,2.5,0.002356313414718664,98759.03913076944,232.7072487285477,493213.42753202585,0.9967952948988977,6663674.886486319,67.47407574169259
Catano,2005-2009,2,20,5,8.126678420760599e-4,2.5,0.004055100585774193,98526.33188204089,399.53418612903624,491632.82394488185,0.9946382362348926,6170461.458954293,62.627536629921245
Catano,2005-2009,2,25,5,0.001339218235777015,2.5,0.00667374716911048,98126.79769591185,654.8734383369883,488996.80488371674,0.9927203290544987,5678828.635009411,57.872352592282766
Catano,2005-2009,2,30,5,0.0015841824695192453,2.5,0.007889665672474473,97471.92425757486,769.0208948450163,485437.06905076175,0.9916157858745535,5189831.830125694,53.24437646692273
Catano,2005-2009,2,35,5,0.0017844645132376845,2.5,0.008882695429249934,96702.90336272985,858.9824376953184,481367.060719411,0.9901803406363442,4704394.761074932,48.64791642737841
Catano,2005-2009,2,40,5,0.0021646554110002886,2.5,0.010765020654478328,95843.92092503453,1031.7617883641797,476640.2001542622,0.9876916250867437,4223027.700355521,44.06150812275943
Catano,2005-2009,2,45,5,0.002793072740755479,2.5,0.013868524211453596,94812.15913667035,1314.9047245271067,470773.533872034,0.9833543203290022,3746387.5002012597,39.51378741202272
Catano,2005-2009,2,50,5,0.003930627087040732,2.5,0.01946189183715323,93497.25441214324,1819.633452439928,462937.18842961645,0.9777750160693747,3275613.9663292253,35.03433322105975
Catano,2005-2009,2,55,5,0.005072093685872512,2.5,0.025042918359149405,91677.62095970332,2295.8751770548843,452648.41685587936,0.9669604512924337,2812676.777899609,30.680080356098184
Catano,2005-2009,2,60,5,0.00842198435961802,2.5,0.04124158190369308,89381.74578264843,3686.244589390175,437693.11743976676,0.9455299398121616,2360028.36104373,26.403918835761644
Catano,2005-2009,2,65,5,0.014136030127372379,2.5,0.06826756958589031,85695.50119325826,5850.223590908499,413851.94698902004,0.9184596020298177,1922335.243603963,22.4321605782871
Catano,2005-2009,2,70,5,0.02012078595493913,2.5,0.0957857198577041,79845.27760234976,7648.037392379294,380106.29453080054,0.890739021824514,1508483.2966149428,18.892580023675063
Catano,2005-2009,2,75,5,0.026476447912822484,2.5,0.12416370490046208,72197.24020997046,8964.276828058551,338575.5089797059,0.8419087256614954,1128377.0020841423,15.629087743554955
Catano,2005-2009,2,80,5,0.043662763791522174,2.5,0.1968286155835218,63232.96338191191,12446.056641705254,285049.67530529643,0.6390869379280801,789801.4931044364,12.490344447946004
Catano,2005-2009,2,85,NA,0.11631104699369474,9.938620998934383,1,50786.90674020666,50786.90674020666,504751.81779914,0,504751.81779914,9.938620998934383
Catano,2010-2014,1,0,1,0.01492867056260915,0.11950058432584158,0.014734983831247184,100000,1473.4983831247227,98702.58553466186,0.9848069033041892,7326031.524486578,73.26031524486578
Catano,2010-2014,1,1,4,4.30316043668215e-4,1.6086034937164522,0.0017194947178291605,98526.50161687528,169.41579909640132,393700.8661174327,0.998204704906639,7227328.938951916,73.35416177726181
Catano,2010-2014,1,5,5,2.1646096955230153e-4,2.5,0.0010817194726469258,98357.08581777888,106.39477500189969,491519.4421513896,0.9988050787745637,6833628.072834483,69.47774037851015
Catano,2010-2014,1,10,5,2.618203753460447e-4,2.5,0.001308245563369108,98250.69104277698,128.53603065464995,490932.1151372483,0.9965300955380835,6342108.630683093,64.55026996117338
Catano,2010-2014,1,15,5,0.0011300626187435824,2.5,0.005634395045667057,98122.15501212233,552.8589840704808,489228.62760043546,0.9908448552765893,5851176.515545845,59.63155329011039
Catano,2010-2014,1,20,5,0.0025553902380750448,2.5,0.012695844100180913,97569.29602805185,1238.724571336541,484749.6687119179,0.9874371363584042,5361947.88794541,54.95527902962232
Catano,2010-2014,1,25,5,0.0025011771662463355,2.5,0.012428173173830331,96330.5714567153,1197.2130239980906,478659.8247235813,0.9876253559448954,4877198.219233491,50.62980677349129
Catano,2010-2014,1,30,5,0.0024793616739949716,2.5,0.012320441295090478,95133.35843271721,1172.0849577751069,472736.57976914826,0.9861358290705478,4398538.394509911,46.235500007295165
Catano,2010-2014,1,35,5,0.003109416175128728,2.5,0.015427157244959314,93961.2734749421,1449.555340834544,466182.47902262415,0.9811620006745781,3925801.814740762,41.781062235046306
Catano,2010-2014,1,40,5,0.0045107571960564755,2.5,0.02230228549333842,92511.71813410756,2063.2227493061364,457400.5337972725,0.975078446556956,3459619.335718138,37.396552625938455
Catano,2010-2014,1,45,5,0.005597359064219997,2.5,0.027600569575374097,90448.49538480143,2496.4299898561003,446001.4019493669,0.9646257782404779,3002218.8019208657,33.19257870623844
Catano,2010-2014,1,50,5,0.008865955930794926,2.5,0.04336852116049293,87952.06539494533,3814.3510091897624,430224.44945175224,0.9488074810987682,2556217.3999714986,29.063756359704616
Catano,2010-2014,1,55,5,0.012237521163146331,2.5,0.05937121457851593,84137.71438575556,4995.358294942576,408200.1761914214,0.934964320753813,2125992.9505197466,25.26801406527957
Catano,2010-2014,1,60,5,0.014735054835270092,2.5,0.07105767724950451,79142.35609081299,5623.671995866331,381652.6004643991,0.9159585492988968,1717792.774328325,21.705100267134075
Catano,2010-2014,1,65,5,0.020613951864550846,2.5,0.09801839322338551,73518.68409494666,7206.1832868843485,349577.96225752245,0.8776647198705341,1336140.173863926,18.174157907102234
Catano,2010-2014,1,70,5,0.03226762970649314,2.5,0.14929468453792225,66312.50080806231,9900.103889060381,306812.2443176606,0.8159926734733063,986562.2116064035,14.877469550755606
Catano,2010-2014,1,75,5,0.050656460833451995,2.5,0.22481186995418662,56412.39691900193,12682.176439958617,250356.5434951131,0.7483356005570367,679749.9672887429,12.049655827685212
Catano,2010-2014,1,80,5,0.0668273685048633,2.5,0.2863044157796293,43730.22047904331,12520.155226166877,187350.71432979935,0.5636851801907388,429393.42379362986,9.819146098277887
Catano,2010-2014,1,85,NA,0.14745899417513336,7.755277264007737,1,31210.065252876433,31210.065252876433,242042.70946383048,0,242042.70946383048,7.755277264007737
Catano,2010-2014,2,0,1,0.007210283735726227,0.13421092014647396,0.007165552167812535,100000,716.5552167812566,99379.61431819871,0.992562746240412,8284358.753639895,82.84358753639894
Catano,2010-2014,2,1,4,2.349915699760924e-4,1.512341646622969,9.394171166280951e-4,99283.44478321874,93.26856742716336,396901.7588020073,0.9990563074315532,8184979.139321695,82.44052326340262
Catano,2010-2014,2,5,5,1.112072433713325e-4,2.5,5.558816716857905e-4,99190.17621579158,55.1380009696295,495813.03607653384,0.9993835171447206,7788077.380519688,78.5166200690728
Catano,2010-2014,2,10,5,1.3546941331118862e-4,2.5,6.771177446969013e-4,99135.03821482195,67.12609349646664,495507.3758403686,0.9985162651230675,7292264.3444431545,73.5588998174499
Catano,2010-2014,2,15,5,4.5870513426769126e-4,2.5,0.002290898554016422,99067.91212132548,226.9545366281818,494772.17426505696,0.9969558453395515,6796756.968602786,68.6070476611943
Catano,2010-2014,2,20,5,7.612741662126808e-4,2.5,0.0037991403625338713,98840.9575846973,375.51067143151886,493266.01124490774,0.9957776286034747,6301984.794337729,63.7588399418078
Catano,2010-2014,2,25,5,9.316079873157725e-4,2.5,0.004647216476607879,98465.44691326578,457.5902472719026,491183.25894814916,0.9946226252465681,5808718.783092821,58.992458422592506
Catano,2010-2014,2,30,5,0.0012259342217906188,2.5,0.006110942076405978,98007.85666599388,598.9203351185715,488541.982492173,0.9932257174304301,5317535.524144672,54.25621684868163
Catano,2010-2014,2,35,5,0.0014938988993116532,2.5,0.007441701621903348,97408.93633087531,724.8882394813554,485232.46105567313,0.9913921928251092,4828993.541652499,49.574440739703185
Catano,2010-2014,2,40,5,0.001966148195186185,2.5,0.009782655599304175,96684.04809139395,945.8267444246594,481055.67359590816,0.9888701589383624,4343761.080596826,44.927381158996724
Catano,2010-2014,2,45,5,0.0025137660460272638,2.5,0.012490335775198388,95738.2213469693,1195.802531143927,475701.60040698666,0.9837766417366688,3862705.4070009175,40.34653404518462
Catano,2010-2014,2,50,5,0.00404113809033628,2.5,0.020003597205157632,94542.41881582537,1891.1884647930856,467984.1229171441,0.9784131539830939,3387003.806593931,35.82522902436026
Catano,2010-2014,2,55,5,0.0046949494676413175,2.5,0.02320241195901911,92651.23035103228,2149.732015114627,457881.82171737484,0.9673775603294258,2919019.6836767867,31.50546056018202
Catano,2010-2014,2,60,5,0.008635745486739966,2.5,0.04226622649691909,90501.49833591765,3825.1568269764393,442944.59961214714,0.9529819626330044,2461137.8619594118,27.194443265727138
Catano,2010-2014,2,65,5,0.010673307427514619,2.5,0.051979552770901716,86676.34150894122,4505.397467452713,422118.2138760743,0.9259648245302088,2018193.2623472647,23.284246049299107
Catano,2010-2014,2,70,5,0.020455164449698728,2.5,0.09730009846101383,82170.9440414885,7995.240945871294,390866.6178427643,0.8868252322290044,1596075.0484711905,19.423837307568533
Catano,2010-2014,2,75,5,0.02798154783702814,2.5,0.13076053385218975,74175.70309561721,9699.254535644432,346630.379138975,0.8463094876448041,1205208.4306284261,16.248021661147394
Catano,2010-2014,2,80,5,0.039577314911430905,2.5,0.18006986970838212,64476.44855997278,11610.265691453504,293356.5785712301,0.6583227604498874,858578.0514894511,13.316149860376454
Catano,2010-2014,2,85,NA,0.10560077774068481,10.691550670945052,1,52866.182868519274,52866.182868519274,565221.472918221,0,565221.472918221,10.691550670945052
Catano,2015-2019,1,0,1,0.014532978444287721,0.12029016816334606,0.014349522609892194,100000,1434.9522609892156,98737.65838779155,0.9852422016898336,7452491.515053814,74.52491515053815
Catano,2015-2019,1,1,4,4.001687622737044e-4,1.6097648883763949,0.0015991454705681612,98565.04773901078,157.61984964818112,393883.44245712523,0.9983396025405613,7353753.856666023,74.60812960937167
Catano,2015-2019,1,5,5,1.9030819488826924e-4,2.5,9.51088474614389e-4,98407.4278893626,93.5941704820143,491803.154020608,0.9989453368268685,6959870.414208897,70.72505158892815
Catano,2015-2019,1,10,5,2.318015469193394e-4,2.5,0.0011583364741303056,98313.83371888059,113.88049950815912,491284.46734563255,0.9974387319294877,6468067.26018829,65.79000142221223
Catano,2015-2019,1,15,5,7.947412266135929e-4,2.5,0.003965826618290073,98199.95321937243,389.4439883922314,490026.15612588153,0.9933869631290052,5976782.792842657,60.863397556726994
Catano,2015-2019,1,20,5,0.0018627922355209231,2.5,0.009270787301100475,97810.5092309802,906.7804268927284,486785.5950876692,0.989311289377594,5486756.636716776,56.09577825384552
Catano,2015-2019,1,25,5,0.002438759204859935,2.5,0.012119902216568031,96903.72880408747,1174.4637175263779,481582.4847266214,0.9861544867035293,4999971.041629107,51.59730284205745
Catano,2015-2019,1,30,5,0.003142962036393513,2.5,0.015592295202265164,95729.26508656109,1492.6389607255405,474914.7280309916,0.9827584430759249,4518388.556902485,47.199657835217174
Catano,2015-2019,1,35,5,0.0038195151206109426,2.5,0.018916941740520624,94236.62612583555,1782.6687662456534,466726.4587135636,0.9786091665870829,4043473.828871493,42.90766759276996
Catano,2015-2019,1,40,5,0.004840357526054762,2.5,0.023912425903552588,92453.9573595899,2210.7984048514045,456742.79078582104,0.9757801554616834,3576747.3701579296,38.68679580957848
Catano,2015-2019,1,45,5,0.004967902105959683,2.5,0.024534794388024524,90243.1589547385,2214.0973498803214,445680.5513989916,0.9706344959015157,3120004.5793721084,34.57330855336024
Catano,2015-2019,1,50,5,0.006983369705131357,2.5,0.03431771529235195,88029.06160485817,3020.9562736084335,432592.9173402698,0.9596643631361871,2674324.027973117,30.38001290957219
Catano,2015-2019,1,55,5,0.009535505737119051,2.5,0.04656741895897982,85008.10533124974,3958.608055869394,415144.00651657523,0.9434885014012505,2241731.110632847,26.370792548516743
Catano,2015-2019,1,60,5,0.013851884451130805,2.5,0.06694126556655314,81049.49727538034,5425.555921146864,391683.59657403454,0.9236652997640765,1826587.104116272,22.536686414107066
Catano,2015-2019,1,65,5,0.01806064994267899,2.5,0.08640205647269274,75623.94135423348,6534.064051576075,361784.5466422272,0.8938684627100911,1434903.5075422374,18.974196290840514
Catano,2015-2019,1,70,5,0.027288092142026564,2.5,0.12772690203103654,69089.8773026574,8824.635989572867,323387.7965393549,0.837553972706926,1073118.9609000103,15.53221691506369
Catano,2015-2019,1,75,5,0.04500046564568252,2.5,0.20224907216844448,60265.24131308454,12188.589139578755,270854.7337164758,0.7651680227387474,749731.1643606554,12.440523725205376
Catano,2015-2019,1,80,5,0.06394977809406659,2.5,0.27567543347806356,48076.65217350578,13253.551928105291,207249.38104726572,0.5672174118728791,478876.4306441796,9.9606858837829
Catano,2015-2019,1,85,NA,0.12643034073157622,7.800197216294403,1,34823.10024540049,34823.10024540049,271627.04959691386,0,271627.04959691386,7.800197216294403
Catano,2015-2019,2,0,1,0.006982363305285289,0.1346793581695463,0.006940429348477098,100000,694.0429348477046,99399.4303221597,0.9928071600054451,8498838.772167224,84.98838772167224
Catano,2015-2019,2,1,4,2.224671441522552e-4,1.5127079214500279,8.893764483643653e-4,99305.9570651523,88.32037939602742,397004.1496805629,0.9991147406020637,8399439.341845065,84.58142482161863
Catano,2015-2019,2,5,5,1.0004704123079523e-4,2.5,5.001101198095349e-4,99217.63668575627,49.619744170151534,495964.13406835595,0.9994145457357902,8002435.192164502,80.65536994707853
Catano,2015-2019,2,10,5,1.3421324016689293e-4,2.5,6.708411114364569e-4,99168.01694158612,66.52598270402814,495673.76975117053,0.9985165924570814,7506471.058096146,75.69447579573719
Catano,2015-2019,2,15,5,4.5983189510228386e-4,2.5,0.002296519443292049,99101.49095888209,227.58850084629375,494938.4835422947,0.9970787004527046,7010797.288344976,70.74361062089172
Catano,2015-2019,2,20,5,7.107642791828301e-4,2.5,0.0035475177736309926,98873.9024580358,350.75692631815036,493492.61997438356,0.9956901660900034,6515858.804802681,65.90069414493023
Catano,2015-2019,2,25,5,0.0010175547768985953,2.5,0.005074864004218967,98523.14553171764,499.99156484134437,491365.74874648487,0.9949187232261545,6022366.184828297,61.12640996515394
Catano,2015-2019,2,30,5,0.0010201395440106458,2.5,0.005087722253404127,98023.1539668763,498.714581786131,488868.9833799162,0.9939051829728768,5531000.436081813,56.425448603202796
Catano,2015-2019,2,35,5,0.0014264814100253278,2.5,0.007107061821207007,97524.43938509017,693.112219788396,485889.41637597984,0.9923152467770707,5042131.452701896,51.70120930192963
Catano,2015-2019,2,40,5,0.0016601779368975744,2.5,0.008266579701403183,96831.32716530177,800.4638836046215,482155.4761174973,0.9901457288224779,4556242.036325917,47.05338829599958
Catano,2015-2019,2,45,5,0.002304237111464945,2.5,0.011455196833169414,96030.86328169715,1100.0524409510253,477404.1853061082,0.9858795408507703,4074086.5602084193,42.42476242515372
Catano,2015-2019,2,50,5,0.003391840899083075,2.5,0.016816606362306745,94930.81084074613,1596.4140775634296,470663.01900982205,0.9769933291906099,3596682.3749023112,37.88740813492079
Catano,2015-2019,2,55,5,0.00594766335762695,2.5,0.029302611614676292,93334.3967631827,2734.9415786416357,459834.62986930937,0.9635787939347972,3126019.355892489,33.492682915432944
Catano,2015-2019,2,60,5,0.008946667488655392,2.5,0.043754690769810874,90599.45518454106,3964.1511455129366,443086.89805892296,0.9540675194523753,2666184.72602318,29.428264448085883
Catano,2015-2019,2,65,5,0.009880144264637706,2.5,0.04820991893795482,86635.30403902812,4176.6809848866105,422734.81773292413,0.9396771744905454,2223097.827964257,25.66041468455838
Catano,2015-2019,2,70,5,0.01516370337171305,2.5,0.0730492730870375,82458.62305414151,6023.542473863068,397234.25908604986,0.9119361598469954,1800363.0102313326,21.833532304429
Catano,2015-2019,2,75,5,0.021999163508172388,2.5,0.10426164509563704,76435.08058027845,7969.247244317405,362252.28479059873,0.8734154651347276,1403128.7511452828,18.35713052819511
Catano,2015-2019,2,80,5,0.03278468447260611,2.5,0.15150575169986763,68465.83333596104,10372.967545322637,316396.74781649857,0.696028531681026,1040876.4663546841,15.202859815451534
Catano,2015-2019,2,85,NA,0.09111998173231971,12.47106178492118,1,58092.8657906384,58092.8657906384,724479.7185381855,0,724479.7185381855,12.47106178492118
Catano,2020-2024,1,0,1,0.013151437785333162,0.12304696347125696,0.013001489098366488,100000,1300.1489098366583,98859.8304655792,0.9864456714303251,7394025.773860441,73.9402577386044
Catano,2020-2024,1,1,4,4.637518700863277e-4,1.6138265133466219,0.0018529570121670164,98699.85109016334,182.88658117734303,394363.00524958334,0.9982096591128637,7295165.943394862,73.91263373569483
Catano,2020-2024,1,5,5,1.9906888670105926e-4,2.5,9.948493246365695e-4,98516.964508986,98.00953560702328,492339.7987059124,0.9988692012583702,6900802.938145278,70.04684901264733
Catano,2020-2024,1,10,5,2.535373096214788e-4,2.5,0.0012668835424949742,98418.95497337898,124.68535432532371,491783.06148108153,0.9970659041753506,6408463.139439366,65.11411486916083
Catano,2020-2024,1,15,5,9.228086291841602e-4,2.5,0.004603422949865999,98294.26961905365,452.4900966046698,490340.1228537566,0.9926336185208666,5916680.077958284,60.19354028356682
Catano,2020-2024,1,20,5,0.002038762263044033,2.5,0.010142117897130137,97841.77952244898,992.3228631816892,486728.0904542907,0.9885706010783232,5426339.955104528,55.46035631802363
Catano,2020-2024,1,25,5,0.002562282656255149,2.5,0.012729869471865366,96849.45665926729,1232.8809416935546,481165.0809421026,0.9873609655405239,4939611.864650237,51.00298994994493
Catano,2020-2024,1,30,5,0.002525247821773397,2.5,0.0125470282196634,95616.57571757374,1199.703873795981,475083.6189033787,0.9853129084457807,4458446.783708135,46.62838791547206
Catano,2020-2024,1,35,5,0.0033995178295166805,2.5,0.016854347510417072,94416.87184377776,1591.3347689015354,468106.02229663497,0.981304868447773,3983363.1648047557,42.18910335639622
Catano,2020-2024,1,40,5,0.004156236173397926,2.5,0.020567472682097857,92825.53707487622,1909.1866979885817,459354.7186294097,0.9705587034167237,3515257.1425081207,37.86950502287528
Catano,2020-2024,1,45,5,0.007851439004241997,2.5,0.038501465256128894,90916.35037688764,3500.412705249779,445830.72012131376,0.9620546628756864,3055902.423878711,33.61224258574693
Catano,2020-2024,1,50,5,0.007615675208707085,2.5,0.03736693984993444,87415.93767163786,3266.466084901709,428913.52314593503,0.9518425876089923,2610071.7037573974,29.85807592159749
Catano,2020-2024,1,55,5,0.012236571360978592,2.5,0.059366743326921045,84149.47158673615,4995.680080785809,408258.15773171623,0.9316592047740313,2181158.1806114623,25.920046073768358
Catano,2020-2024,1,60,5,0.016207371377896976,2.5,0.07788123177271378,79153.79150595034,6164.59478196397,380357.4705748418,0.9114602132031298,1772900.022879746,22.39816929990611
Catano,2020-2024,1,65,5,0.02107447265673491,2.5,0.1000985527513328,72989.19672398637,7306.112958553364,346680.70122354844,0.8757713900662927,1392542.5523049044,19.078748839652246
Catano,2020-2024,1,70,5,0.032676303018510135,2.5,0.15104272080790254,65683.08376543301,9920.951682984378,303613.0396197041,0.8269835733834561,1045861.8510813559,15.922849402386934
Catano,2020-2024,1,75,5,0.04417290597278773,2.5,0.19889959688578565,55762.13208244863,11091.065592690968,251082.99643051575,0.7749317728502123,742248.8114616518,13.310983345546749
Catano,2020-2024,1,80,5,0.05917215746422949,2.5,0.2577340829679514,44671.066489757664,11513.25635693808,194572.1915564431,0.6038564053076276,491165.81503113604,10.995166527840839
Catano,2020-2024,1,85,NA,0.10427475179026406,8.944909880557061,1,33157.810132819584,33157.810132819584,296593.6234746929,0,296593.6234746929,8.944909880557061
Catano,2020-2024,2,0,1,0.007114129885539847,0.1344085422701465,0.0070705896887668694,100000,707.0589688766777,99387.97579642908,0.9926913826380714,8458032.911993107,84.58032911993106
Catano,2020-2024,2,1,4,2.1677259988530005e-4,1.5124961505763763,8.666230967153303e-4,99292.94103112332,86.04955603837152,396957.7155226066,0.9991064883969427,8358644.936196677,84.1816633629239
Catano,2020-2024,2,5,5,1.0667965621240573e-4,2.5,5.332560621285759e-4,99206.89147508495,52.902676284036716,495902.20068471465,0.9993918481510415,7961687.2206740705,80.25336851395639
Catano,2020-2024,2,10,5,1.3666419595446795e-4,2.5,6.830875957297474e-4,99153.98879880091,67.7308598155796,495600.61684446567,0.9985741083111175,7465785.019989356,75.29485309096957
Catano,2020-2024,2,15,5,4.3431176112909036e-4,2.5,0.002169203529132989,99086.25793898533,214.93826040982094,494893.9440439021,0.9969343613731183,6970184.40314489,70.34461234207618
Catano,2020-2024,2,20,5,7.943789684737487e-4,2.5,0.003964022502103175,98871.31967857551,391.9281360185123,493376.7780528313,0.9955126623075924,6475290.459100989,65.49210104762183
Catano,2020-2024,2,25,5,0.0010050661798414102,2.5,0.005012735571727971,98479.391542557,493.65114906750387,491162.8298401162,0.9948968229356807,5981913.681048157,60.74279691769953
Catano,2020-2024,2,30,5,0.001041519705358751,2.5,0.0051940742002172,97985.7403934895,508.9452061670163,488656.33895202994,0.9935969415154082,5490750.8512080405,56.03622352761101
Catano,2020-2024,2,35,5,0.001529497148169701,2.5,0.0076183551098129975,97476.79518732248,742.6128407035285,485527.4438348536,0.9920380029987498,5002094.51225601,51.31574650811424
Catano,2020-2024,2,40,5,0.001668586936515306,2.5,0.008308276976506655,96734.18234661895,803.6943800316076,481661.6757830158,0.990327909220996,4516567.068421157,46.69049718368783
Catano,2020-2024,2,45,5,0.002221738228923626,2.5,0.01104733045362719,95930.487966587345,1059.7758011445985,477003.0003300753,0.9863049252815489,4034905.3926381413,42.06071998761751
Catano,2020-2024,2,50,5,0.003301506030224144,2.5,0.016372396238841336,94870.71216544275,1553.2608910336858,470470.40859962953,0.9781882739680997,3557902.392308066,37.50264239719763
Catano,2020-2024,2,55,5,0.005544111013042911,2.5,0.027341592998077608,93317.45127440906,2551.4477723628224,460208.63694113825,0.9660134205323626,3087431.9837084366,33.085258347118184
Catano,2020-2024,2,60,5,0.008333756656895626,2.5,0.04081835763531108,90766.00350204624,3704.9191920744197,444567.7195300452,0.9553397364270362,2627223.3467672984,28.945015153256914
Catano,2020-2024,2,65,5,0.009975873931438587,2.5,0.04866566335123847,87061.08430997182,4236.885420022882,424713.2079998019,0.9400741062975285,2182655.6272372534,25.070393328276708
Catano,2020-2024,2,70,5,0.01488657485170729,2.5,0.07176214297620111,82824.19888994894,5943.642002629829,399261.8894431701,0.9141696009965393,1757942.4192374514,21.22498548489776
Catano,2020-2024,2,75,5,0.021271309753112876,2.5,0.10098627302950672,76880.55688731911,7763.880908483334,364993.0821653872,0.8714406587223692,1358680.529794281,17.672615610545684
Catano,2020-2024,2,80,5,0.03460066552568972,2.5,0.1592296941553783,69116.67597883577,11005.427177146397,318069.8119513129,0.6799096006392341,993687.447628894,14.376956552904414
Catano,2020-2024,2,85,NA,0.09874533742656978,11.626279758385435,1,58111.24880168938,58111.24880168938,675617.6356775811,0,675617.6356775811,11.626279758385435
Cayey,1980-1984,1,0,1,0.01970933088265801,0.10996101569020009,0.019369548845920542,100000,1936.9548845920508,98276.03464186378,0.9801265328802966,7117005.36569874,71.17005365698739
Cayey,1980-1984,1,1,4,4.933720687748583e-4,1.5946395493272414,0.0019711490382988647,98063.04511540795,193.2968770719017,391787.2317982845,0.997994402573047,7018729.331056876,71.5736424745602
Cayey,1980-1984,1,5,5,2.194685205104404e-4,2.5,0.001096740852321596,97869.74823833605,107.33775109940325,489080.3968139317,0.9987724600266419,6626942.099258591,67.71185395430277
Cayey,1980-1984,1,10,5,2.7188121389085866e-4,2.5,0.0013584827046373268,97762.41048723664,132.80854381057725,488480.03107665677,0.9969250477601576,6137861.70244466,62.78345298417112
Cayey,1980-1984,1,15,5,9.610548799016628e-4,2.5,0.004793756741235251,97629.60194342607,468.0125624604116,486977.9783109793,0.9935824007651793,5649381.671368003,57.86545841538594
Cayey,1980-1984,1,20,5,0.0016163579515798417,2.5,0.008049263530121028,97161.58938096566,782.079237932805,483852.7488099963,0.991219803558587,5162403.693057024,53.132145387366
Cayey,1980-1984,1,25,5,0.0019125128636246654,2.5,0.009517060566231297,96379.51014303285,917.2496353749448,479604.42662672687,0.9893477800565093,4678550.944247028,48.54300397775195
Cayey,1980-1984,1,30,5,0.002373659860678685,2.5,0.011798286505635391,95462.2605076579,1126.2910999449377,474495.5747884272,0.9861739928262565,4198946.517620301,43.98540842518039
Cayey,1980-1984,1,35,5,0.0032010000585919298,2.5,0.01587793709899911,94335.96940771297,1497.8605884287826,467935.19556749286,0.9816492372566422,3724450.9428318734,39.48070885597281
Cayey,1980-1984,1,40,5,0.004216684413996009,2.5,0.020863485237424338,92838.10881928419,1936.9265128215338,459348.2278143671,0.9752339077151881,3256515.7472643806,35.077359811404754
Cayey,1980-1984,1,45,5,0.005834243923346422,2.5,0.028751856260056698,90901.18230646265,2613.577727544616,447971.9672134517,0.964081007098687,2797167.5194500135,30.77151967088494
Cayey,1980-1984,1,50,5,0.008851282386382818,2.5,0.04329829826982398,88287.60457891804,3822.703036586274,431881.2653031245,0.9462664903466494,2349195.5522365617,26.608441393793573
Cayey,1980-1984,1,55,5,0.013360001230019432,2.5,0.06464099666278592,84464.90154233176,5459.895418720407,408674.7691648578,0.9185032347114173,1917314.2869334372,22.699538529296998
Cayey,1980-1984,1,60,5,0.020945712718647327,2.5,0.09951740609671951,79005.00612361135,7862.373278077255,375369.09742286365,0.880107913927787,1508639.5177685795,19.095492700907585
Cayey,1980-1984,1,65,5,0.0306906929057044,2.5,0.1425184867527371,71142.6328455341,10139.140376751086,330365.31328579277,0.8392751752826119,1133270.420345716,15.929554122719761
Cayey,1980-1984,1,70,5,0.04003363613124489,2.5,0.18195716347149615,61003.49246878301,11100.022451474535,277267.4062152287,0.7855552888111643,802905.1070599231,13.161625254009667
Cayey,1980-1984,1,75,5,0.058231736194555364,2.5,0.25415845998860026,49903.47001730848,12683.389087686402,217808.8773673264,0.7006528002553127,525637.7008446944,10.533089195248
Cayey,1980-1984,1,80,5,0.08778548188333327,2.5,0.35993478749877783,37220.080929622076,13396.801920090838,152608.39984788327,0.5042426562790561,307828.8234773679,8.270503872880578
Cayey,1980-1984,1,85,NA,0.1730382997505271,6.515493671857009,1,23823.279009531238,23823.279009531238,155220.4236294847,0,155220.4236294847,6.515493671857009
Cayey,1980-1984,2,0,1,0.014346570182934969,0.11954392470011924,0.014167611644002097,100000,1416.7611644002027,98752.6040255549,0.9855260704983703,7719863.538263709,77.1986353826371
Cayey,1980-1984,2,1,4,3.2755136214208876e-4,1.5009492958552086,0.001309133834208001,98583.2388355998,129.05865344550693,394010.4312236302,0.9986493426316725,7621110.934238154,77.30635576852303
Cayey,1980-1984,2,5,5,1.409636851247163e-4,2.5,0.00070457012861918405,98454.18018215429,69.36787439402542,492097.4812247864,0.999243257083432,7227100.5030145245,73.40572527894048
Cayey,1980-1984,2,10,5,1.6185596485746056e-4,2.5,8.089524898228926e-4,98384.81230776026,79.58863887711777,491725.08994160854,0.9982638855087949,6735003.021789738,68.45571855869164
Cayey,1980-1984,2,15,5,5.335160766164731e-4,2.5,0.0026640271298266033,98305.22366888315,261.8877828575787,490871.39888727176,0.9963705276418745,6243277.931848129,63.50911679807645
Cayey,1980-1984,2,20,5,9.216178531565656e-4,2.5,0.004597496428811288,98043.33588602557,450.7538866047398,489089.794713616,0.9951139035293062,5752406.532960857,58.672080881131734
Cayey,1980-1984,2,25,5,0.0010378919754391108,2.5,0.00517602947854451,97592.58199942083,505.142081316284,486700.05479381344,0.9944049713350507,5263316.738247242,53.93152461401705
Cayey,1980-1984,2,30,5,0.0012068719738290577,2.5,0.006016207887425132,97087.43991810454,584.0982218052231,483976.9540360097,0.992304552513122,4776616.683453429,49.199120787226576
Cayey,1980-1984,2,35,5,0.001885819243883157,2.5,0.009384850888399987,96503.34169629932,905.66947205209,480252.5348013664,0.9891500979875811,4292639.729417418,44.481772899912244
Cayey,1980-1984,2,40,5,0.0024810608279545172,2.5,0.01232883268022928,95597.67222424723,1178.607705472139,475041.8418575558,0.9848319554983941,3812387.194616052,39.879498170972035
Cayey,1980-1984,2,45,5,0.0036413897342242895,2.5,0.018042697438049874,94419.06451877509,1703.5746134959772,467836.38606013556,0.979678656563984,3337345.352758496,35.34609636060173
Cayey,1980-1984,2,50,5,0.004580223943961145,2.5,0.02264185777204749,92715.48990527912,2099.250935701042,458329.32218714297,0.9706877298689193,2869508.9666983606,30.949617692037606
Cayey,1980-1984,2,55,5,0.007360435172530639,2.5,0.036137211849811834,90616.23896957807,3274.6182246768003,444894.6492861983,0.9568834012736095,2411179.6445112177,26.60869256911783
Cayey,1980-1984,2,60,5,0.010331670823077427,2.5,0.050357657269561,87341.62074490127,4398.3194028397265,425712.30521740706,0.9323269809143718,1966284.9952250195,22.512577376689052
Cayey,1980-1984,2,65,5,0.017952432090679815,2.5,0.08590658032962382,82943.30134206155,7125.375379546007,396903.0682614427,0.8880051246771218,1540572.6900076123,18.57380481703071
Cayey,1980-1984,2,70,5,0.030231264766892484,2.5,0.14053495058418108,75817.92596251554,10655.068478537221,352451.9586162346,0.8385379356765562,1143669.6217461696,15.084422413659812
Cayey,1980-1984,2,75,5,0.04096840405290389,2.5,0.18581106345201467,65162.85748397832,12107.979846670081,295544.33780321636,0.7679631058006346,791217.663129935,12.142157260744325
Cayey,1980-1984,2,80,5,0.06751151615908708,2.5,0.28881220601254215,53054.87763730824,15322.896250156482,226967.14756114996,0.5421033653333138,495673.3253267187,9.342653256411635
Cayey,1980-1984,2,85,NA,0.15021551630902838,7.1214436106201084,1,37731.981387151754,37731.981387151754,268706.1777655687,0,268706.1777655687,7.1214436106201084
Cayey,1985-1989,1,0,1,0.015242693023902737,0.11887396820545329,0.015040685582413046,100000,1504.068558241299,98674.7260397299,0.9842835176688994,7000449.879159574,70.00449879159575
Cayey,1985-1989,1,1,4,5.489153449416088e-4,1.6076824143401895,0.0021927818628465416,98495.9314417587,215.98009202966932,393467.0327947198,0.9978819463376235,6901775.153119845,70.07167760224604
Cayey,1985-1989,1,5,5,2.4465970308480304e-4,2.5,0.0012225507431694405,98279.95134972903,120.15222756126605,491099.376179742,0.9985690350049802,6508308.120325125,66.2221341274918
Cayey,1985-1989,1,10,5,3.2819593181308517e-4,2.5,0.0016396343557523786,98159.79912216777,160.94617899446166,490396.6301633527,0.9959547004413026,6017208.744145383,61.300133027538934
Cayey,1985-1989,1,15,5,0.0012951632148472908,2.5,0.006454915650971254,97998.8529431733,632.5743296401197,488412.8288917662,0.9924894614026434,5526812.11398203,56.3967020837159
Cayey,1985-1989,1,20,5,0.0017219852608611672,2.5,0.008573019770092907,97366.27861353318,834.723031494199,484744.58548893046,0.9883979729785426,5038399.285090264,51.74686099577358
Cayey,1985-1989,1,25,5,0.00295308734691738,2.5,0.014657226558857244,96531.55558203899,1414.8848802448774,479120.5657095827,0.9850358866918182,4553654.699601334,47.172706087092244
Cayey,1985-1989,1,30,5,0.003078626898092036,2.5,0.015275565076638941,95116.67070179411,1452.9608931784896,471950.95127602434,0.9822448931285672,4074534.133891751,42.83722405156572
Cayey,1985-1989,1,35,5,0.004096143312759812,2.5,0.020273112627009184,93663.70980861562,1898.8549380135664,463571.41169804416,0.9782647207685068,3602583.1826157267,38.46295635713059
Cayey,1985-1989,1,40,5,0.004700126951552948,2.5,0.02322770188859172,91764.85487060205,2131.486692784223,453495.5576210497,0.9725717587411337,3139011.7709176824,34.20712401653132
Cayey,1985-1989,1,45,5,0.006448027608894134,2.5,0.03172866969894005,89633.36817781783,2843.9475329174747,441056.97205679544,0.9627835512580034,2685516.2132966327,29.96112126422619
Cayey,1985-1989,1,50,5,0.008764744554348164,2.5,0.04288405333930568,86789.42064490035,3721.882144223331,424642.3978639435,0.9487249992956613,2244459.2412398374,25.860977346801995
Cayey,1985-1989,1,55,5,0.01238004241071654,2.5,0.06004190861587058,83067.53850067702,4987.53355560296,402868.85861437774,0.9233761742618354,1819816.843375894,21.907677490179417
Cayey,1985-1989,1,60,5,0.01978553096104549,2.5,0.09426494960771532,78080.00494507406,7360.20773151757,371999.50539657637,0.8915535191584341,1416947.984761516,18.147385950580794
Cayey,1985-1989,1,65,5,0.026462866074322924,2.5,0.12410396392970373,70719.79721355649,8776.607162507178,331657.46816151455,0.8327457712794547,1044948.4793649398,14.77589756386675
Cayey,1985-1989,1,70,5,0.0485608294975353,2.5,0.21651836854293194,61943.190051049314,13411.838452197968,276186.35412475164,0.7397953821066173,713291.0112034252,11.515245027186683
Cayey,1985-1989,1,75,5,0.07504915413464462,2.5,0.3159637417789116,48531.351598851346,15334.147444761038,204321.38938235416,0.6408759935128697,437104.65707867366,9.006645038277053
Cayey,1985-1989,1,80,5,0.10704168849293903,2.5,0.42222046400600716,33197.20415409031,14016.53894164216,130944.67341634614,0.4374824500394429,232783.2676963195,7.0121347151952165
Cayey,1985-1989,1,85,NA,0.17108632971784343,5.309440165499613,1,19180.665212448148,19180.665212448148,101838.59427997336,0,101838.59427997336,5.309440165499613
Cayey,1985-1989,2,0,1,0.013339819973965668,0.12161306820210757,0.013185320668678724,100000,1318.532066867876,98841.8186633068,0.986578259591958,7813969.7354788305,78.13969735478831
Cayey,1985-1989,2,1,4,2.8277007641975757e-4,1.5025474832720598,0.0011302820949940992,98681.46793313212,111.53789631255495,394447.3111326722,0.9987955293701488,7715127.916815524,78.18213569789413
Cayey,1985-1989,2,5,5,1.2557274909456585e-4,2.5,6.276667008899647e-4,98569.93003681957,61.86906279316463,492694.9775271149,0.9992739962686347,7320680.605682852,74.26890333541175
Cayey,1985-1989,2,10,5,1.649484966756915e-4,2.5,8.244025234861958e-4,98508.0609740264,81.21029405070294,492337.27913500526,0.9982874334001456,6827985.628155737,69.31397857842386
Cayey,1985-1989,2,15,5,5.209703396693168e-4,2.5,0.002601463485057964,98426.8506799757,256.0538579932181,491494.11875489546,0.9965088218919772,6335648.349020732,64.36910563785496
Cayey,1985-1989,2,20,5,8.785681414014294e-4,2.5,0.004383213328039693,98170.79682198248,430.30354505439755,489778.2252472764,0.9948213319152504,5844154.230265836,59.53047565523283
Cayey,1985-1989,2,25,5,0.0011991088793822358,2.5,0.005977624839354964,97740.49327692809,584.2560004229599,487241.826383583,0.9939535841608216,5354376.005018559,54.78155292144893
Cayey,1985-1989,2,30,5,0.00122687565669256,2.5,0.006115620518613161,97156.23727650513,594.1706781994435,484295.7596870271,0.9929027123402666,4867134.178634977,50.09595178931425
Cayey,1985-1989,2,35,5,0.0016235622958478905,2.5,0.008084995245632158,96562.06659830568,780.7038493557047,480858.57336813916,0.9908007731385419,4382838.41894795,45.3888216496068
Cayey,1985-1989,2,40,5,0.0020752188577953428,2.5,0.01032254046240686,95781.36274894998,988.7069925205287,476435.04626344854,0.9871931073671356,3901979.8455798104,40.738403939889515
Cayey,1985-1989,2,45,5,0.003087074020885616,2.5,0.015317157109958143,94792.65575642945,1451.9540010913915,470333.3937794188,0.9825944201098002,3425544.799316362,36.13723839659403
Cayey,1985-1989,2,50,5,0.003943802097676523,2.5,0.019526488968001958,93340.70175533806,1822.6161830911733,462146.9683189623,0.9715402069732948,2955211.405536943,31.66047983314993
Cayey,1985-1989,2,55,5,0.007658061971706041,2.5,0.037571007106625344,91518.08557224688,3438.4266434196325,448994.36125268537,0.9533220903773958,2493064.4372179806,27.2412214660007
Cayey,1985-1989,2,60,5,0.011552341006779545,2.5,0.05614032459890316,88079.65892882725,4944.820642825041,428036.24303707364,0.9332153255388196,2044070.0759652955,23.207061662409547
Cayey,1985-1989,2,65,5,0.016246549282652085,2.5,0.07806214519087758,83134.83828600221,6489.683816702032,399449.981888256,0.8995337720125078,1616033.832928222,19.438707841936356
Cayey,1985-1989,2,70,5,0.0266137221938698,2.5,0.12476730498497889,76645.15446930018,9562.809363292006,359318.74893827084,0.8464806907314918,1216583.8510399659,15.872938863046617
Cayey,1985-1989,2,75,5,0.04110430621100887,2.5,0.18637000651426877,67082.34510600817,12502.137094399164,304156.382794043,0.7788493020785761,857265.102101695,12.779295368207316
Cayey,1985-1989,2,80,5,0.06080248493665982,2.5,0.2638982510913217,54580.20801160901,14403.621438464164,236891.9864618846,0.5717080960892975,553108.719307652,10.133869757147275
Cayey,1985-1989,2,85,NA,0.14185807513456822,7.87067194645987,1,40176.58657314484,40176.58657314484,316216.7328457674,0,316216.7328457674,7.87067194645987
Cayey,1990-1994,1,0,1,0.016603173481491467,0.11615919747635786,0.016363052845153565,100000,1636.305284515358,98553.76662416027,0.9830617900413218,6992912.50688102,69.9291250688102
Cayey,1990-1994,1,1,4,5.072258776994674e-4,1.6036981217775523,0.002026440440685811,98363.69471548464,199.3281688667339,392977.1283965006,0.9979758102335838,6894358.74025686,70.09048165787874
Cayey,1990-1994,1,5,5,2.3312421767444216e-4,2.5,0.0011649421478051032,98164.36654661791,114.35580800274329,490535.9432130827,0.9986622471803739,6501381.611860359,66.22954785505468
Cayey,1990-1994,1,10,5,3.023814217756384e-4,2.5,0.0015107650406757708,98050.01073861516,148.1305284617847,489879.7273719214,0.9957964552664031,6010845.668647276,61.30387567902649
Cayey,1990-1994,1,15,5,0.0013848577833048199,2.5,0.00690039873926914,97901.88021015338,675.5620107742288,487820.4960238313,0.9905586376594062,5520965.9412753545,56.39284893634532
Cayey,1990-1994,1,20,5,0.0024144831633430702,2.5,0.011999981433883996,97226.31819937915,1166.7140132774366,483214.80596370215,0.986215676471305,5033145.4452515235,51.76731504869083
Cayey,1990-1994,1,25,5,0.003142564372150454,2.5,0.015590337760760378,96059.60418610171,1497.6016744262743,476554.0167444429,0.9800739492776467,4549930.639287821,47.36570255352065
Cayey,1990-1994,1,30,5,0.004926011879357823,2.5,0.02433042943571361,94562.00251167544,2300.734129410106,467058.17723485193,0.9767591322975859,4073376.6225433783,43.07625171157351
Cayey,1990-1994,1,35,5,0.004474322335054778,2.5,0.022124135392448376,92261.26838226533,2041.2007931682456,456203.33992840606,0.975563377959126,3606318.4453085265,39.088108244583175
Cayey,1990-1994,1,40,5,0.005433092919481191,2.5,0.02680142797598518,90220.06758909709,2418.0266434777004,445055.2713367912,0.9706662828149214,3150115.1053801207,34.9159027426932
Cayey,1990-1994,1,45,5,0.006490793041949604,2.5,0.031935744440242504,87802.04094561939,2804.023540971015,432000.1458756694,0.9602479091782645,2705059.834043329,30.808621359026503
Cayey,1990-1994,1,50,5,0.009799597788030901,2.5,0.04782629285595223,84998.01740464837,4065.1400725700223,414827.2368418168,0.9500338909603177,2273059.68816766,26.742502443867014
Cayey,1990-1994,1,55,5,0.01072261308230271,2.5,0.052213405061065185,80932.87733207835,4225.78110689731,394099.93389314844,0.9323708059262783,1858232.451325843,22.960167889512544
Cayey,1990-1994,1,60,5,0.017513487598921178,2.5,0.08389423632582275,76707.09622518104,6435.283258582975,367447.2729794478,0.8953514334179785,1464132.5174326946,19.087315117946755
Cayey,1990-1994,1,65,5,0.02719148942549574,2.5,0.12730351656613736,70271.81296659807,8945.848906125815,328994.44256767584,0.8423171129224951,1096685.244453247,15.606332015007618
Cayey,1990-1994,1,70,5,0.04259876103076136,2.5,0.1924938105635622,61325.96406047225,11804.868508484367,277117.64903115033,0.774830987414731,767690.801885571,12.51820193366332
Cayey,1990-1994,1,75,5,0.06126348168099061,2.5,0.2656333488951999,49521.095551987884,13154.454452433733,214719.3416288551,0.6833415586136256,490573.1528544207,9.906346929247773
Cayey,1990-1994,1,80,5,0.09570601121676764,2.5,0.3861402083135776,36366.64109955415,14042.622369846955,146726.64957315338,0.4680999732384518,275853.8112255656,7.5853530291789175
Cayey,1990-1994,1,85,NA,0.17144784524300039,5.784225645742676,1,22324.018729707197,22324.018729707197,129127.16165241221,0,129127.16165241221,5.784225645742676
Cayey,1990-1994,2,0,1,0.012815993278265792,0.12268967349497867,0.012673497500611475,100000,1267.3497500611556,98888.1409769778,0.9871134668806761,7830392.56906775,78.3039256906775
Cayey,1990-1994,2,1,4,2.6590742673220997e-4,1.5033802195665051,0.0010629240638055332,98732.65024993884,104.94530983394361,394668.5924633602,0.998845880171823,7731504.428090772,78.3074738550894
Cayey,1990-1994,2,5,5,1.2285503581063083e-4,2.5,6.140865699842885e-4,98627.7049401049,60.565949032097706,492987.10982794425,0.9993060498857494,7336835.8356274115,74.38919764059156
Cayey,1990-1994,2,10,5,1.5483245589001797e-4,2.5,7.738627317818809e-4,98567.1389910728,76.27743544356781,492645.0013667551,0.9984212747927615,6843848.725799467,69.43337095763034
Cayey,1990-1994,2,15,5,4.774113283035881e-4,2.5,0.002384211018145119,98490.86155562924,234.8229973075213,491867.2502848774,0.9967345161108655,6351203.724432712,64.48520831392514
Cayey,1990-1994,2,20,5,8.314974689389331e-4,2.5,0.004148862922147814,98256.03855832171,407.6508352517558,490261.0657034792,0.9950065564315966,5859336.474147835,59.633347325212135
Cayey,1990-1994,2,25,5,0.0011717309307021657,2.5,0.005841542862373664,97848.38772306996,571.5855508984678,487812.9747381036,0.9928672546592381,5369075.408444356,54.8713732886421
Cayey,1990-1994,2,30,5,0.0016934461255645357,2.5,0.008431534753171875,97276.80217217149,820.1927381920832,484333.5290153772,0.9914626241896108,4881262.433706252,50.17910051223561
Cayey,1990-1994,2,35,5,0.0017363278822520268,2.5,0.00864411685846315,96456.6094339794,833.7822037184524,480198.5916606009,0.9898572766804412,4396928.904690875,45.58452687164369
Cayey,1990-1994,2,40,5,0.0023445414811257954,2.5,0.011654396863419503,95622.82723026095,1114.4263777436572,475328.07020694565,0.9872093122656393,3916730.313030274,40.960201935869755
Cayey,1990-1994,2,45,5,0.0028076453272684013,2.5,0.013940377546644026,94508.4008525173,1317.4827892136673,469248.29728955234,0.9817241854014646,3441402.2428233284,36.413717847090886
Cayey,1990-1994,2,50,5,0.004586502583008575,2.5,0.02267254371427068,93190.91806330363,2112.8751635632652,460672.40240761003,0.973389430101511,2972153.945533776,31.89317164484658
Cayey,1990-1994,2,55,5,0.006223331781767218,2.5,0.030639952434394088,91078.04289974037,2790.6269022657507,448413.64724303747,0.963350909569134,2511481.5431261663,27.57504951979294
Cayey,1990-1994,2,60,5,0.008757249623973815,2.5,0.04284816786505845,88287.41599747461,3782.954021032041,431979.694934793,0.9412970685418706,2063067.8958831287,23.367632550737934
Cayey,1990-1994,2,65,5,0.015642163830475213,2.5,0.07526745451577942,84504.46197644257,6360.4357481922925,406621.22051173216,0.9044713845126584,1631088.2009483357,19.301799725120272
Cayey,1990-1994,2,70,5,0.02495300874181001,2.5,0.11743890843691278,78144.02622825028,9177.149141111207,367777.25828847336,0.8605201667339872,1224466.9804366035,15.66936130037717
Cayey,1990-1994,2,75,5,0.03583753845263268,2.5,0.16445365665320058,68966.87708713907,11341.855124931848,316479.7476233658,0.7834394497504658,856689.7221481302,12.421756041899792
Cayey,1990-1994,2,80,5,0.06482527994136263,2.5,0.2789232115324721,57625.021962207225,16072.956190328077,247942.71933521595,0.5410252845602544,540209.9745247643,9.37457299155661
Cayey,1990-1994,2,85,NA,0.13803479092682303,7.033759928906922,1,41552.06577187915,41552.06577187915,292267.2551895484,0,292267.2551895484,7.033759928906922
Cayey,1995-1999,1,0,1,0.013332698966820855,0.12268526584665733,0.013178549822083125,100000,1317.854982208315,98843.82640663125,0.9860874428107351,7055451.979044101,70.554519790441
Cayey,1995-1999,1,1,4,5.619289956776709e-4,1.6132930293860637,0.002244705473851892,98682.14501779168,221.51235109288245,394199.8949987363,0.9978763095196623,6956608.15263747,70.49510477688992
Cayey,1995-1999,1,5,5,2.49200222152898e-4,2.5,0.0012452253346894025,98460.6326666988,122.6056742661167,491996.6491478287,0.9986307741220002,6562408.257638734,66.65007201257058
Cayey,1995-1999,1,10,5,2.988993898264855e-4,2.5,0.0014933810224414617,98338.02699243269,146.8561432948336,491322.9946039263,0.9954427881773561,6070411.608490905,61.7300529016922
Cayey,1995-1999,1,15,5,0.001530962258535744,2.5,0.007625624932754231,98191.17084913785,748.7690406035108,489083.9316441805,0.989899890239911,5579088.6138869785,56.8186382303024
Cayey,1995-1999,1,20,5,0.002534682214068859,2.5,0.012593609077991988,97442.40180853434,1227.151515997306,484144.1302526784,0.9883184352183709,5090004.682242798,52.23603470124027
Cayey,1995-1999,1,25,5,0.002163213416241088,2.5,0.01075788806174149,96215.25029253704,1035.0728924795549,478488.5692314863,0.986031001344186,4605860.55199012,47.87037957066329
Cayey,1995-1999,1,30,5,0.0034728989670875557,2.5,0.01721502968837989,95180.17740005748,1638.5295796872524,471804.5630510693,0.9790603708667597,4127371.9827586333,43.36377694917115
Cayey,1995-1999,1,35,5,0.005007814463849627,2.5,0.02472947081516926,93541.64782037023,2313.2354497766937,461925.15047740936,0.9740698494893164,3655567.419707564,39.07957048957934
Cayey,1995-1999,1,40,5,0.005507044226074951,2.5,0.027161275270003494,91228.41237059353,2477.8800208430766,449947.36180086,0.9708884044856244,3193642.269230155,35.00710125543728
Cayey,1995-1999,1,45,5,0.006321626616734647,2.5,0.0311163679342993,88750.53234975046,2761.59421895977,436848.6762013529,0.9624162314542103,2743694.9074292947,30.914686760602955
Cayey,1995-1999,1,50,5,0.009052092552946162,2.5,0.044258874200842735,85988.93813079069,3805.773595394712,420430.25666546664,0.9468103327299898,2306846.231227942,26.82724407782764
Cayey,1995-1999,1,55,5,0.01291047840575684,2.5,0.06253403137456849,82183.16453539598,5139.244589517766,398067.7112031855,0.9270542509772581,1886415.9745624752,22.95380063820739
Cayey,1995-1999,1,60,5,0.017547863230432368,2.5,0.08405198433861087,77043.91994587821,6475.694352676146,369030.36384770065,0.8992204435953541,1488348.2633592896,19.318179350230675
Cayey,1995-1999,1,65,5,0.025315215522023548,2.5,0.11904213438944171,70568.22559320206,8400.592194690398,331839.6474792843,0.8479170370380661,1119317.899511589,15.861499847877916
Cayey,1995-1999,1,70,5,0.04188849629301118,2.5,0.18958853486529958,62167.633398511665,11786.270532066883,281372.4906623911,0.7708618583023585,787478.2520323046,12.667013508208557
Cayey,1995-1999,1,75,5,0.06455989468157754,2.5,0.27794002633752407,50381.36286644478,14002.997322020026,216899.32102717384,0.684458874462685,506105.7613699135,10.045495647101527
Cayey,1995-1999,1,80,5,0.09008073068195693,2.5,0.36761588465887174,36378.365544424756,13373.265032057523,148458.66514198,0.4866688827328983,289206.4403427397,7.949956959709056
Cayey,1995-1999,1,85,NA,0.15047672609460333,6.118111725923372,1,23005.100512367233,23005.100512367233,140747.77520075973,0,140747.77520075973,6.118111725923372
Cayey,1995-1999,2,0,1,0.010622398770260505,0.12719810247944668,0.010524820529996183,100000,1052.4820529996214,99081.3916670356,0.989183176112723,7890532.230504884,78.90532230504884
Cayey,1995-1999,2,1,4,2.838331923850358e-4,1.5068761169976963,0.0011345299406311988,98947.51794700038,112.25892166201083,395510.1963893259,0.9988170379818765,7791450.838837849,78.74326714300416
Cayey,1995-1999,2,5,5,1.374800791230714e-4,2.5,6.871642171380003e-4,98835.25902533837,67.91605339376838,494006.5049932074,0.9992932564027018,7395940.642448523,74.83099366950036
Cayey,1995-1999,2,10,5,1.4532006382085718e-4,2.5,7.263364409593968e-4,98767.3429719446,71.73832037727698,493657.3690587798,0.9984522902817492,6901934.137455315,69.88073111793487
Cayey,1995-1999,2,15,5,4.7449820896880386e-4,2.5,0.0023696800225277226,98695.60465156732,233.8770026541024,492893.33075120137,0.9970038656845693,6408276.768396536,64.92970777189286
Cayey,1995-1999,2,20,5,7.261311035201949e-4,2.5,0.0036240766306932567,98461.72764891322,356.83284619012557,491416.5561290908,0.9952532749048856,5915383.437645334,60.07799760266166
Cayey,1995-1999,2,25,5,0.0011781512948426487,2.5,0.005873456922018547,98104.8948027231,576.2148734629591,489083.9368299581,0.9923169619423758,5423966.881516243,55.2874236542751
Cayey,1995-1999,2,30,5,0.0019097365064662329,2.5,0.009503310484917838,97528.67992926014,926.8453265519202,485326.28632992087,0.9905060199966403,4934882.944686285,50.59930010603725
Cayey,1995-1999,2,35,5,0.0019059505512990925,2.5,0.009484560000590576,96601.83460270822,916.2258964565117,480718.6082723998,0.9894836884459502,4449556.658356364,46.06078835516879
Cayey,1995-1999,2,40,5,0.0023250247550153946,2.5,0.011557942518893293,95685.6087062517,1105.9287653121864,475663.22161797807,0.9886939652084769,3968838.0500839646,41.47789938054349
Cayey,1995-1999,2,45,5,0.0022225170163049247,2.5,0.011051181484276924,94579.67994093952,1045.217207752139,470285.35668531724,0.9846043947361078,3493174.8284659865,36.93367148892137
Cayey,1995-1999,2,50,5,0.003997265409633721,2.5,0.01978857656662942,93534.46273318738,1850.9138774142339,463045.02897240134,0.9778022751943721,3022889.4717806694,32.31845657149538
Cayey,1995-1999,2,55,5,0.004992649982990654,2.5,0.024655509097265552,91683.54885577314,2260.504572883103,452766.482846658,0.961822657966416,2559844.4428082677,27.920433652008214
Cayey,1995-1999,2,60,5,0.010686259826914847,2.5,0.05204099027524616,89423.04428289004,4653.6637779087905,435481.06196967827,0.9437207058487884,2107077.95996161,23.563030948665347
Cayey,1995-1999,2,65,5,0.012530675400338734,2.5,0.060750272149717795,84769.38050498125,5149.762935640596,410972.4951858047,0.9078249670827336,1671596.8979919315,19.7193478120759
Cayey,1995-1999,2,70,5,0.026810606283259077,2.5,0.12563233382005426,79619.61756934065,10002.798373096462,373091.0919139621,0.8513971574651568,1260624.402806127,15.833087890785839
Cayey,1995-1999,2,75,5,0.03832586290025708,2.5,0.17487383768170803,69616.81919624419,12174.160340040828,317648.6951311189,0.784947439300786,887533.3108921648,12.748834565254699
Cayey,1995-1999,2,80,5,0.06076223577710422,2.5,0.2637465966568416,57442.658856203365,15150.305776243607,249337.5298404078,0.5624771700365471,569884.615761046,9.920930317443041
Cayey,1995-1999,2,85,NA,0.14625885383846796,7.579315469030486,1,42292.35307995976,42292.35307995976,320547.0859206381,0,320547.0859206381,7.579315469030486
Cayey,2000-2004,1,0,1,0.012686224639960908,0.12397527304219001,0.012546786598646699,100000,1254.6786598646722,98900.87046957226,0.9870443684887887,7361718.316239001,73.61718316239
Cayey,2000-2004,1,1,4,3.82503213832931e-4,1.6151965319782775,0.001528618457232073,98745.32134013533,150.94392076584336,394621.3137748221,0.9983749133824369,7262817.445769429,73.55100319894787
Cayey,2000-2004,1,5,5,2.0435059566389766e-4,2.5,0.00102123125528117,98594.37741936948,100.6876598156523,492720.1679473083,0.9988472024153272,6868196.131994607,69.66113394865158
Cayey,2000-2004,1,10,5,2.5706478186488153e-4,2.5,0.001284498411064792,98493.68975955383,126.51498799605179,492152.16132777906,0.9971414684276355,6375475.964047299,64.72979111262183
Cayey,2000-2004,1,15,5,8.888887636761428e-4,2.5,0.004434589177152987,98367.17477155778,436.2180086290755,490745.3288362162,0.992450940365182,5883323.8027195195,59.8098279876657
Cayey,2000-2004,1,20,5,0.0021469424871188745,2.5,0.010677403010157877,97930.9567629287,1045.6482925281307,487040.6630833232,0.990558064706215,5392578.473883303,55.065105581860685
Cayey,2000-2004,1,25,5,0.0016453670798980578,2.5,0.00819313361864697,96885.30847040057,793.7942779818113,482442.05665704835,0.9904597031012862,4905537.81079998,50.63242186299763
Cayey,2000-2004,1,30,5,0.0021916607740734366,2.5,0.010898588846199759,96091.51419241876,1047.2619047919434,477839.416200114,0.9846586770915552,4423095.754142932,46.030034923644656
Cayey,2000-2004,1,35,5,0.004006330803844281,2.5,0.019833010021763547,95044.25228762682,1885.0136081315286,470508.7274178053,0.9790720027648137,3945256.3379428177,41.5096783128297
Cayey,2000-2004,1,40,5,0.004458168631014099,2.5,0.022045140767480813,93159.23867949529,2053.7085304808134,460661.9220712744,0.9746547049303738,3474747.6105250125,37.299012527136696
Cayey,2000-2004,1,45,5,0.005827652981208504,2.5,0.028719841727879242,91105.53014901448,2616.5364064142195,448986.3097290368,0.9660687877776616,3014085.688453738,33.08345479713278
Cayey,2000-2004,1,50,5,0.008016853463968212,2.5,0.03929667804605124,88488.99374260026,3477.323497721998,433751.6599686963,0.9577735268297556,2565099.3787247012,28.987778821241296
Cayey,2000-2004,1,55,5,0.009264962494319271,2.5,0.04527610884573521,85011.67024487826,3848.997635164851,415435.8571364792,0.9413514357572137,2131347.7187560047,25.071236838619967
Cayey,2000-2004,1,60,5,0.01507881399402912,2.5,0.07265518492228336,81162.67260971341,5896.888987245475,391071.1405804534,0.9122154595979554,1715911.8616195256,21.141638224147982
Cayey,2000-2004,1,65,5,0.02196301537754992,2.5,0.10409924366427513,75265.78362246793,7835.111148897908,356741.1402400949,0.8771762952491403,1324840.7210390724,17.6021647191565
Cayey,2000-2004,1,70,5,0.030970360998045326,2.5,0.14372385574879842,67430.67247357003,9691.396243635849,312924.8717587605,0.814521611444051,968099.5807989774,14.356961680582847
Cayey,2000-2004,1,75,5,0.05306304193415885,2.5,0.2342413175333344,57739.27622993418,13524.924137520924,254884.0708058686,0.7318102552747481,655174.7090402169,11.347123688061577
Cayey,2000-2004,1,80,5,0.07408048133404263,2.5,0.3125228067841277,44214.35209241325,13817.993416062654,186526.77692190965,0.5340216355179698,400290.6382343483,9.05340956704948
Cayey,2000-2004,1,85,NA,0.15993906622793314,7.032548325558293,1,30396.3586763506,30396.3586763506,213763.86131243868,0,213763.86131243868,7.032548325558293
Cayey,2000-2004,2,0,1,0.006324734656796293,0.13603096260192626,0.006290361761790023,100000,629.0361761789973,99456.53222037807,0.9934323607761271,8059812.047589518,80.59812047589519
Cayey,2000-2004,2,1,4,2.2700367430519833e-4,1.5137655814135678,9.075025170042411e-4,99370.963823821,90.17939978724462,397259.6481676855,0.9990989586454566,7960355.515369141,80.10746005726978
Cayey,2000-2004,2,5,5,1.0905670602031615e-4,2.5,5.451349035592836e-4,99280.78442403376,54.12142084228981,496268.6185680631,0.9993966874710722,7563095.867201455,76.1788488183076
Cayey,2000-2004,2,10,5,1.3234815284958598e-4,2.5,6.615218862486435e-4,99226.66300319147,65.64060927602986,495969.2134927673,0.9986897299007336,7066827.248633392,71.21903563769044
Cayey,2000-2004,2,15,5,3.9227387158162605e-4,2.5,0.0019594477575131265,99161.02239391544,194.3008429624606,495319.35986217106,0.9973346569600082,6570858.035140624,66.26452487589331
Cayey,2000-2004,2,20,5,6.756642213448068e-4,2.5,0.0033726242029590817,98966.72155095298,333.77756039025553,493999.1638537892,0.9962873767649862,6075538.675278453,61.38971343160503
Cayey,2000-2004,2,25,5,8.1240121227757e-4,2.5,0.0040537728364712314,98632.94399056272,399.8355491301336,492165.13107998826,0.9951567060087285,5581539.511424664,56.58899841779751
Cayey,2000-2004,2,30,5,0.001130391201143326,2.5,0.005636028712551482,98233.10844143259,553.6446196991019,489781.4306579152,0.9932092094727978,5089374.380344676,51.80915539671641
Cayey,2000-2004,2,35,5,0.0015967683289801243,2.5,0.007952097501303015,97679.46382173349,776.7566201854206,486455.42755820387,0.9919282497568791,4599592.949686761,47.08863838647895
Cayey,2000-2004,2,40,5,0.001645211504630737,2.5,0.008192362102202075,96902.70720154807,793.8620660787565,482528.88084254344,0.9903439858466729,4113137.522128557,42.44605378850394
Cayey,2000-2004,2,45,5,0.002238812158590063,2.5,0.011131756016161712,96108.84513546931,1069.8602150431107,477869.5751397388,0.9848574736746298,3630608.6412860136,37.77600944188356
Cayey,2000-2004,2,50,5,0.0038769045000103483,2.5,0.019198446144425417,95038.9849204262,1824.600833615652,470633.42251809186,0.9773894446104544,3152739.0661462746,33.17311384150394
Cayey,2000-2004,2,55,5,0.0052868564156301305,2.5,0.02608945408389138,93214.38408681055,2431.912393591061,459992.1394500751,0.9688385713024986,2682105.643628183,28.773516768939203
Cayey,2000-2004,2,60,5,0.007408576904324454,2.5,0.03636927312929045,90782.47169321949,3301.6925083627866,445658.12719519046,0.9574996620002504,2222113.5041781077,24.477340864735197
Cayey,2000-2004,2,65,5,0.010017296795215819,2.5,0.04886280102577713,87480.7791848567,4274.555906889596,426717.50615705946,0.9253575187559931,1776455.3769829173,20.30680789009741
Cayey,2000-2004,2,70,5,0.02144003296051299,2.5,0.10174654177915661,83206.2232779671,8465.945473037515,394866.25270724174,0.8691498839531909,1349737.8708258579,16.221597587920645
Cayey,2000-2004,2,75,5,0.03555199629972539,2.5,0.1632502966431602,74740.27780492959,12201.372522846956,343197.95771753055,0.7956277804165732,954871.618118616,12.775863913843203
Cayey,2000-2004,2,80,5,0.05806344709263122,2.5,0.25351705079794074,62538.90528208263,15854.678827245349,273057.8293422998,0.5535890344481226,611673.6604010855,9.78069023821448
Cayey,2000-2004,2,85,NA,0.12993511136247582,7.2533242333224806,1,46684.226454837284,46684.226454837284,338615.8310587857,0,338615.8310587857,7.2533242333224806
Cayey,2005-2009,1,0,1,0.01458814056072947,0.1201800949180924,0.014403275435931602,100000,1440.3275435931573,98732.771157309,0.9851851372774627,7450078.857674424,74.50078857674424
Cayey,2005-2009,1,1,4,4.0244276971905193e-4,1.609602931111538,0.0016082239706053814,98559.67245640684,158.5060277793964,393859.79748142237,0.998362980631373,7351346.086517114,74.58776904690536
Cayey,2005-2009,1,5,5,0.00017865250125399327,2.5,8.928637254254008e-4,98401.16642862745,87.85883204368292,491786.185063028,0.9989417852162671,6957486.289035692,70.70532333661015
Cayey,2005-2009,1,10,5,2.4489256116786383e-4,2.5,0.0012237136099391345,98313.30759658376,120.30733254406368,491265.7696515587,0.9974627187545329,6465700.103972664,65.7662758179579
Cayey,2005-2009,1,15,5,7.719786640051118e-4,2.5,0.003852458281033241,98193.0002640397,378.2844370066887,490019.2902276818,0.992221856980193,5974434.334321105,60.84379047646908
Cayey,2005-2009,1,20,5,0.0023576164216309137,2.5,0.011719009783378203,97814.71582703301,1146.2916117353743,486207.8501058266,0.9881827852667459,5484415.0440934235,56.069426749565814
Cayey,2005-2009,1,25,5,0.002397602454723185,2.5,0.01191658419482237,96668.42421529764,1151.9574161423952,480462.2275361322,0.9874768150604377,4998207.193987597,51.704651591875624
Cayey,2005-2009,1,30,5,0.0026447927498347602,2.5,0.013137101472353988,95516.46679915524,1254.8095166212297,474445.31020422315,0.9850960910987699,4517744.966451464,47.298074539870015
Cayey,2005-2009,1,35,5,0.0033669515498307894,2.5,0.016694236039388792,94261.65728253401,1573.6263561386004,467374.22052232357,0.9806335843942242,4043299.6562472414,42.894425716790735
Cayey,2005-2009,1,40,5,0.004466107180272655,2.5,0.02208396254216716,92688.03092639541,2046.9190030857426,458322.8571242627,0.9746500163269173,3575925.435724918,38.58022875213089
Cayey,2005-2009,1,45,5,0.005821460210243591,2.5,0.028689760306060068,90641.11192330967,2600.4717749545234,446704.380179162,0.9674223531310508,3117602.5786006553,34.39501692387027
Cayey,2005-2009,1,50,5,0.007452379525862965,2.5,0.03658037061673327,88040.64014835515,3220.5592459612817,432151.8026268725,0.9597689586037708,2670898.198421493,30.337105613053556
Cayey,2005-2009,1,55,5,0.009002205119446535,2.5,0.04402032559612973,84820.08090239386,3733.8075784134417,414765.8855659357,0.9490225953554073,2238746.3957946207,26.394061075829946
Cayey,2005-2009,1,60,5,0.012000511678149741,2.5,0.058254838710124754,81086.27332398042,4723.66777409357,393622.19718466816,0.9281084363954333,1823980.5102286849,22.494319142538046
Cayey,2005-2009,1,65,5,0.01805404746535228,2.5,0.08637183433488262,76362.60554988685,6595.578315934807,365324.0819595973,0.9002585618650746,1430358.3130440167,18.731135517757828
Cayey,2005-2009,1,70,5,0.024262504922326397,2.5,0.11437496663424619,69767.02723395205,7979.601412053809,328886.1326396257,0.8470822951683858,1065034.2310844194,15.265581368588423
Cayey,2005-2009,1,75,5,0.043566696200377196,2.5,0.1964380850662257,61787.425821898236,12137.403609625158,278593.6200854283,0.7598780978030734,736148.0984447937,11.914205660011387
Cayey,2005-2009,1,80,5,0.06906642635197323,2.5,0.29448462934820185,49650.02221227308,14621.168388311227,211697.19009058733,0.5373289955555426,457554.4783593654,9.215594635650772
Cayey,2005-2009,1,85,NA,0.15059132284779528,7.018707763158294,1,35028.85382396185,35028.85382396185,245857.28826877812,0,245857.28826877812,7.018707763158294
Cayey,2005-2009,2,0,1,0.007416579179714711,0.13378692730930775,0.007369236713443774,100000,736.9236713443825,99361.66708230627,0.9924061536673818,8181107.436123596,81.81107436123595
Cayey,2005-2009,2,1,4,2.1360030722523756e-4,1.512010251867227,8.539474110386981e-4,99263.07632865562,84.7654470425914,396841.40975138464,0.9991169440705513,8081745.76904129,81.41744209380525
Cayey,2005-2009,2,5,5,1.0218766446117364e-4,2.5,5.108078266588814e-4,99178.31088161303,50.66105743314256,495764.90176448226,0.9994055212334002,7684904.359289905,77.4857354493888
Cayey,2005-2009,2,10,5,1.3568450373521861e-4,2.5,6.781924681548967e-4,99127.64982417988,67.2276254966564,495470.1800571578,0.9986172107050668,7189139.457525423,72.52405832556921
Cayey,2005-2009,2,15,5,4.1800923293052237e-4,2.5,0.0020878642982681567,99060.42219868323,206.8247188799869,494785.04919621616,0.9973953717050236,6693669.277468265,67.57158034358994
Cayey,2005-2009,2,20,5,6.254712050584355e-4,2.5,0.003122473482163049,98853.59747980324,308.6677367471275,493496.31805714837,0.9963186906143762,6198884.228272049,62.70772522505862
Cayey,2005-2009,2,25,5,8.501823333944749e-4,2.5,0.00424189570500114,98544.92974305611,418.0173142267013,491679.6054297138,0.9953662251724317,5705387.9102149,57.896311104904164
Cayey,2005-2009,2,30,5,0.0010079984354091063,2.5,0.005027323341888234,98126.91242882941,493.3157173208747,489401.27285084483,0.994007820957226,5213708.304785186,53.13229750876594
Cayey,2005-2009,2,35,5,0.0013972457282710785,2.5,0.006961909894204679,97633.59671150854,679.7163029526419,486468.6928001611,0.9925477297684853,4724307.031934341,48.38812858542847
Cayey,2005-2009,2,40,5,0.001595552855381812,2.5,0.007946068346809531,96953.8804085559,770.4021602147841,482843.39664224256,0.9903916000809071,4237838.339134181,43.70983730899959
Cayey,2005-2009,2,45,5,0.002269614475801035,2.5,0.011284046291980454,96183.47824834111,1085.3388210779667,478204.0441890107,0.9876083839881571,3754994.942491938,39.03991632322468
Cayey,2005-2009,2,50,5,0.002720746373259158,2.5,0.013511826235728374,95098.13942726314,1284.9495352822414,472278.3232981101,0.9825384415968532,3276790.898302927,34.456940146649416
Cayey,2005-2009,2,55,5,0.004339654111720841,2.5,0.021465389642549255,93813.1898919809,2013.736674641841,464031.6077732999,0.9712288867694752,2804512.5750048175,29.894651042502772
Cayey,2005-2009,2,60,5,0.007381155233483763,2.5,0.03623709707069477,91799.45321733906,3326.5456972734246,450680.9018435118,0.9533663432518109,2340480.967231517,25.495587230681323
Cayey,2005-2009,2,65,5,0.011823689335773463,2.5,0.05742112288316283,88472.90752006564,5080.213694540391,429664.0033639772,0.9288680350619943,1889800.0653880055,21.36021205089704
Cayey,2005-2009,2,70,5,0.01790253944772569,2.5,0.08567806011126222,83392.69382552525,7144.924234423437,399101.1585415676,0.890702148769438,1460136.0620240283,17.50916051565542
Cayey,2005-2009,2,75,5,0.028984550088002423,2.5,0.1351309742136704,76247.76959110181,10303.435386465047,355480.2594893464,0.821880959174864,1061034.9034824606,13.915618898395744
Cayey,2005-2009,2,80,5,0.051422369347116186,2.5,0.22782375371201655,65944.33420463676,15023.685754540085,292162.4566368336,0.5859109437883809,705554.6439931144,10.699245848834494
Cayey,2005-2009,2,85,NA,0.12989658306518334,8.118360624598367,1,50920.648450096676,50920.648450096676,413392.18735628075,0,413392.18735628075,8.118360624598367
Cayey,2010-2014,1,0,1,0.008808132125239294,0.13171381275069124,0.008741279002972077,100000,874.1279002972005,99241.0068182827,0.9908400774683589,7557874.529411741,75.57874529411741
Cayey,2010-2014,1,1,4,3.450686248791296e-4,1.626662526364045,0.0013791450289754694,99125.8720997028,136.70895374917018,396179.03191589675,0.9986298224439925,7458633.522593458,75.24406458781431
Cayey,2010-2014,1,5,5,1.6541206027684765e-4,2.5,8.267184283879671e-4,98989.16314595363,81.83616538345814,494741.2253163095,0.9990678833889052,7062454.490677562,71.34573387861046
Cayey,2010-2014,1,10,5,2.0762811777861242e-4,2.5,0.0010376020005171355,98907.32698057017,102.62644034085679,494280.06880199874,0.9966475165242835,6567713.265361251,66.40269700799259
Cayey,2010-2014,1,15,5,0.0011371776417608602,2.5,0.005669769371396569,98804.70054022931,560.1998648729932,492623.00303896406,0.9902716756706078,6073433.196559253,61.46907144449463
Cayey,2010-2014,1,20,5,0.002781208589179301,2.5,0.013810021569382708,98244.50067535632,1356.758673399905,487830.60669328185,0.985569354015838,5580810.193520289,56.80531892529819
Cayey,2010-2014,1,25,5,0.003034844572122725,2.5,0.015059961256425027,96887.74200195642,1459.1256407719775,480790.89590785216,0.9852359831300832,5092979.586827007,52.56577851431574
Cayey,2010-2014,1,30,5,0.0029137812919942142,2.5,0.014463547425212433,95428.61636118444,1380.2363184623828,473692.49100976624,0.9860730328026045,4612188.690919155,48.33129586059011
Cayey,2010-2014,1,35,5,0.0026945322492111052,2.5,0.01338251221918042,94048.38004272206,1258.6035951158556,467095.39122582064,0.9863647615945191,4138496.1999093886,44.00390732971106
Cayey,2010-2014,1,40,5,0.0027977105635041822,2.5,0.013891392578126889,92789.7764476062,1288.979211870319,460726.4342083552,0.9832949064153189,3671400.808683568,39.56686770073885
Cayey,2010-2014,1,45,5,0.003950317290393424,2.5,0.019558431427365873,91500.79723573588,1789.612068284463,453029.9560079682,0.9743114437772445,3210674.374475213,35.089031696668926
Cayey,2010-2014,1,50,5,0.006491872018035023,2.5,0.03194096839282924,89711.18516745142,2865.4621299168066,441392.2705124651,0.9617728701071782,2757644.4184672446,30.739137079951988
Cayey,2010-2014,1,55,5,0.009148708819487884,2.5,0.0447207023865946,86845.72303753461,3883.8017335102195,424519.1108538975,0.9489953828339531,2316252.1479547797,26.67088334279511
Cayey,2010-2014,1,60,5,0.01185794815284133,2.5,0.05758270882484376,82961.92130402439,4777.17215799923,402866.67612512386,0.9284790528910541,1891733.037100882,22.802425587136398
Cayey,2010-2014,1,65,5,0.018040720077184717,2.5,0.08631082672450559,78184.74914602516,6748.190336041516,374053.26989002206,0.896828550518958,1488866.3609757582,19.04292559914737
Cayey,2010-2014,1,70,5,0.025900000286332273,2.5,0.12162479581554227,71436.55880998365,8688.45687902924,335461.6518523451,0.8471494221861221,1114813.091085736,15.605638200617452
Cayey,2010-2014,1,75,5,0.04159860104523151,2.5,0.18840005809244265,62748.101930954406,11821.746048982335,284186.1445323162,0.7714373567590973,779351.439233391,12.420318945917428
Cayey,2010-2014,1,80,5,0.06458911512978391,2.5,0.2780483357288335,50926.35588197207,14159.988497716615,219231.8081655688,0.5572553034074886,495165.2947010748,9.723163696390914
Cayey,2010-2014,1,85,NA,0.15109282336786167,7.505051659078769,1,36766.367384255456,36766.367384255456,275933.486535506,0,275933.486535506,7.505051659078769
Cayey,2010-2014,2,0,1,0.006607272391250319,0.13545027127243495,0.006569743940755132,100000,656.9743940755143,99432.01296582106,0.9932005831072489,8334438.517573702,83.34438517573702
Cayey,2010-2014,2,1,4,2.0637588442657396e-4,1.5133110266083913,8.25080112668218e-4,99343.02560592449,81.96595475974027,397168.27858780336,0.999171500978407,8235006.504607881,82.89466174781748
Cayey,2010-2014,2,5,5,9.386712807689948e-5,2.5,4.692255282526038e-4,99261.05965116475,46.57582314973115,496188.85869794944,0.9994933493970044,7837838.226020078,78.96186332852741
Cayey,2010-2014,2,10,5,1.0884826115846994e-4,2.5,5.440932467827989e-4,99214.48382801501,53.98193063386134,495937.46431349043,0.9988983146965794,7341649.367322128,73.99775802944892
Cayey,2010-2014,2,15,5,3.3219183106795135e-4,2.5,0.0016595809072887625,99160.50189738115,164.56487570606987,495391.0972976406,0.9975974073827604,6845711.903008638,69.03668065429018
Cayey,2010-2014,2,20,5,6.303597134215704e-4,2.5,0.0031468394650494215,98995.93702167508,311.5243214993534,494200.874304627,0.9960800324486633,6350320.805710997,64.14728721968255
Cayey,2010-2014,2,25,5,9.413172401500358e-4,2.5,0.004695536227742871,98684.41270017573,463.376234947209,492263.62291351066,0.9953559619157485,5856119.93140637,59.34189373147014
Cayey,2010-2014,2,30,5,9.205731704133009e-4,2.5,0.004592296988570883,98221.03646522852,451.0601699735853,489977.5319012087,0.9952459833014319,5363856.30849286,54.61005606870919
Cayey,2010-2014,2,35,5,9.857196366265227e-4,2.5,0.004916482499774717,97769.97629525494,480.68437745900883,487648.17053262715,0.9936732012564489,4873878.776591651,49.850464951255134
Cayey,2010-2014,2,40,5,0.0015548370015819948,2.5,0.007744083040772184,97289.29191779593,753.4163555893465,484562.9187000063,0.990790849502141,4386230.606059024,45.08441288446365
Cayey,2010-2014,2,45,5,0.0021486100710671413,2.5,0.010685652106008482,96535.87556220658,1031.5487820066628,480100.5058560162,0.9870070127667729,3901667.687359018,40.416763867696304
Cayey,2010-2014,2,50,5,0.0030887164759629605,2.5,0.015325244045362143,95504.32678019992,1463.6271152945847,473862.56611276313,0.9825810945310789,3421567.1815030016,35.82630543407344
Cayey,2010-2014,2,55,5,0.003947608734988519,2.5,0.01954515214164005,94040.69966490533,1838.03978245685,465608.39886838454,0.9761892217934891,2947704.6153902384,31.344988136985123
Cayey,2010-2014,2,60,5,0.0057127270237322895,2.5,0.02816143859050358,92202.65988244848,2596.5595441606565,454521.9005518408,0.9642766161973703,2482096.216521854,26.920006642827243
Cayey,2010-2014,2,65,5,0.008894363249356389,2.5,0.04350445517847518,89606.10033828783,3898.2645758849976,438284.8402517267,0.9421830757498441,2027574.3159700132,22.62763705055079
Cayey,2010-2014,2,70,5,0.01510577595482593,2.5,0.07278036987117145,85707.83576240283,6237.847987645291,412944.5588429009,0.9059946926016171,1589289.4757182864,18.543105908356804
Cayey,2010-2014,2,75,5,0.02483055054100555,2.5,0.11689625668109221,79469.98777475754,9289.744089361324,374125.5786503844,0.8447058852506464,1176344.9168753854,14.802379487077685
Cayey,2010-2014,2,80,5,0.044142104381895884,2.5,0.19877468921046162,70180.24368539621,13950.056127279095,316026.0781087833,0.6060602592702067,802219.3382250011,11.430842871124637
Cayey,2010-2014,2,85,NA,0.13596286746167469,8.646481209291883,1,56230.18755811712,56230.18755811712,486193.2601162179,0,486193.2601162179,8.646481209291883
Cayey,2015-2019,1,0,1,0.009248863994715016,0.13083435434174592,0.009175107190325856,100000,917.5107190325944,99202.53120349367,0.9904626070502833,7827267.943923335,78.27267943923334
Cayey,2015-2019,1,1,4,3.2026368332803505e-4,1.6253554020355483,0.0012800812156419452,99082.4892809674,126.83363332759473,396028.772321648,0.9987044066002814,7728065.41271984,77.9962783414275
Cayey,2015-2019,1,5,5,1.5252491260026133e-4,2.5,7.623338757318861e-4,98955.65564763981,75.43724849546561,494589.68511696043,0.9991391418601172,7332036.640398192,74.09416462769977
Cayey,2015-2019,1,10,5,1.9198361400963993e-4,2.5,9.594575697188908e-4,98880.21839914435,94.87137403851375,494163.91356062546,0.9978921938277423,6837446.9552812325,69.14878492360207
Cayey,2015-2019,1,15,5,6.525142284115364e-4,2.5,0.0032572576246933964,98785.34702510583,321.76932480551477,493122.3118135154,0.9946662120161573,6343283.041720606,64.21279301786014
Cayey,2015-2019,1,20,5,0.001488942669645427,2.5,0.007417104240753969,98463.57770030032,730.3146197207097,490492.10195219977,0.9917655048225528,5850160.729907092,59.414464379037575
Cayey,2015-2019,1,25,5,0.0018198408722195647,2.5,0.009057994091428063,97733.2630805796,885.2673195198586,486453.1471040984,0.989368926861237,5359668.627954892,54.839759351285814
Cayey,2015-2019,1,30,5,0.0024587272929654197,2.5,0.01221853137340772,96847.99576105975,1183.3402746581705,481281.6281186533,0.987804660599993,4873215.480850793,50.31818616952935
Cayey,2015-2019,1,35,5,0.0024492782465389837,2.5,0.012171860549535212,95664.65548640158,1164.4168460998044,475412.23531675834,0.9854978208452295,4391933.85273214,45.90968138025061
Cayey,2015-2019,1,40,5,0.0034009140806569448,2.5,0.016861211573640403,94500.23864030177,1593.3885174736351,468517.7219078248,0.9815895707138222,3916521.6174153816,41.44456854043427
Cayey,2015-2019,1,45,5,0.004037591425234913,2.5,0.019986216683414958,92906.85012282814,1856.856437928407,459892.1095193197,0.9768312145990374,3448003.895507557,37.112482997207415
Cayey,2015-2019,1,50,5,0.005353967662977307,2.5,0.026416258826057654,91049.99368489973,2405.2001992912265,449236.9679262706,0.9683677599725825,2988111.785988237,32.818363462267904
Cayey,2015-2019,1,55,5,0.007537351665028957,2.5,0.036989746506593604,88644.7934856085,3278.9484401619993,435026.59632763756,0.9547509183185163,2538874.8180619664,28.640991966145798
Cayey,2015-2019,1,60,5,0.011062865512783694,2.5,0.053825662403161785,85365.8450454465,4594.873156176822,415342.0423367905,0.9406885506406046,2103848.2217343287,24.64508165548289
Cayey,2015-2019,1,65,5,0.013460049261099092,2.5,0.06510931000542255,80770.97188926968,5258.942248177729,390707.5038259041,0.9222799735777012,1688506.1793975383,20.90486396167599
Cayey,2015-2019,1,70,5,0.019113459917641004,2.5,0.09120900064339116,75512.02964109195,6887.376760118132,360341.70630516444,0.8731581581623497,1297798.6755716342,17.186648031314487
Cayey,2015-2019,1,75,5,0.036217123463604305,2.5,0.16605090224811442,68624.65288097382,11395.185527349371,314635.3005864957,0.802164976093368,937456.9692664697,13.660644242418886
Cayey,2015-2019,1,80,5,0.053501321271913906,2.5,0.2359478077014693,57229.46735362445,13503.167358010498,252389.418373096,0.5947645512911949,622821.668679974,10.882884246178984
Cayey,2015-2019,1,85,NA,0.137826984925325,8.471612058281512,1,43726.299995613954,43726.299995613954,370432.250306878,0,370432.250306878,8.471612058281512
Cayey,2015-2019,2,0,1,0.005568324818156519,0.13758558905098744,0.0055417123871579505,100000,554.1712387157895,99522.07473759804,0.994274988062565,8513418.220183713,85.13418220183713
Cayey,2015-2019,2,1,4,1.6992107054042752e-4,1.514983633946094,6.7939740209664e-4,99445.82876128421,67.56323770977906,397615.4192936845,0.9993046010309333,8413896.145446114,84.60783373471943
Cayey,2015-2019,2,5,5,8.014825558943188e-5,2.5,4.006609972471292e-4,99378.26552357443,39.81699496935471,496791.78513044876,0.9995552215761846,8016280.72615243,80.66432518135281
Cayey,2015-2019,2,10,5,9.780661620937661e-5,2.5,4.889135336010318e-4,99338.44852860508,48.567911892561824,496570.822863294,0.9989654565025156,7519488.941021982,75.69565513051778
Cayey,2015-2019,2,15,5,3.1633804825524674e-4,2.5,0.0015804403577308625,99289.88061671251,156.92173444092623,496057.0987474603,0.9978353598866587,7022918.118158688,70.73145898189938
Cayey,2015-2019,2,20,5,5.507100862247013e-4,2.5,0.002749764623341461,99132.95888227159,272.5923033416475,494983.31365300383,0.9968934936180426,6526861.019411228,65.83946543109244
Cayey,2015-2019,2,25,5,6.940485327546648e-4,2.5,0.0034642318012763295,98860.36657892994,342.4752257885557,493445.64483017835,0.9961022363608658,6031877.705758223,61.01411429566552
Cayey,2015-2019,2,30,5,8.684419041757931e-4,2.5,0.004332802552630904,98517.89135314139,426.85857113469683,491522.31033787015,0.9952365463176884,5538432.060928045,56.217525414498674
Cayey,2015-2019,2,35,5,0.0010419026236380602,2.5,0.005195978858178541,98091.03278200669,509.6789325122227,489180.9665787529,0.9936423734795914,5046909.750590174,51.45128568282292
Cayey,2015-2019,2,40,5,0.001510752786506657,2.5,0.0075253416055333505,97581.35384949447,734.3330220478529,486070.9366923527,0.9912912223784069,4557728.784011422,46.706964027585414
Cayey,2015-2019,2,45,5,0.0019900895091124983,2.5,0.009901186924994509,96847.02082744661,958.9004563414055,481837.85299637954,0.9880363752204679,4071657.8473190693,42.042158989831876
Cayey,2015-2019,2,50,5,0.002829207985461636,2.5,0.01404668742671581,95888.12037110521,1346.9104547882016,476073.32571855554,0.9837781054420007,3589819.9943226897,37.437588519092934
Cayey,2015-2019,2,55,5,0.003719893558816248,2.5,0.01842809144739018,94541.209916317,1742.2140618848061,468350.51442687307,0.9786278579352152,3113746.668604134,32.93533763065082
Cayey,2015-2019,2,60,5,0.004934422444591076,2.5,0.02437146446973781,92798.9958544322,2261.6474302936404,458340.8606964269,0.9660062391751901,2645396.154177261,28.50673253325848
Cayey,2015-2019,2,65,5,0.008967935748251242,2.5,0.04385642474314486,90537.34842413856,3970.6444076071202,442760.13110167504,0.9465587768542999,2187055.2934808345,24.156387739954333
Cayey,2015-2019,2,70,5,0.013109120968975716,2.5,0.0634656573944791,86566.70401653144,5494.012778882461,419098.488135451,0.9216618341959442,1744295.1623791591,20.14972364023534
Cayey,2015-2019,2,75,5,0.019775306599895324,2.5,0.0942185321002884,81072.69123764898,7638.549961831202,386267.0812836669,0.8706800462056234,1325196.6742437081,16.345783691319056
Cayey,2015-2019,2,80,5,0.03669852669428147,2.5,0.16807259219343745,73434.14127581778,12342.26647972579,336315.0401797744,0.6418101605259691,938929.5929600414,12.786009023152225
Cayey,2015-2019,2,85,NA,0.10551137898183348,9.864070382381126,1,61091.874796091986,61091.874796091986,602614.552780267,0,602614.552780267,9.864070382381126
Cayey,2020-2024,1,0,1,0.010138346783220049,0.12905943591142355,0.01004960975946759,100000,1004.9609759467567,99124.73872072193,0.9895158240408475,7898712.327353108,78.98712327353108
Cayey,2020-2024,1,1,4,3.6892238096352217e-4,1.6227205257947241,0.0014743964315869986,98995.03902405324,145.9579322818754,395633.1732997018,0.9985668898976617,7799587.588632386,78.78766113458764
Cayey,2020-2024,1,5,5,1.5912272045213386e-4,2.5,7.952972276146042e-4,98849.08109177137,78.61440014455002,494048.86945849546,0.9991213409973094,7403954.415332684,74.90160083995988
Cayey,2020-2024,1,10,5,1.92510031296216e-4,2.5,9.620871279233144e-4,98770.46669162682,95.025794622983085,493614.76897157665,0.9977812943035235,6909905.545874189,69.95922746267605
Cayey,2020-2024,1,15,5,6.9651761489424e-4,2.5,0.0034765344058400663,98675.44089700383,343.04856528987875,492519.5830717945,0.9947246137257365,6416290.776902612,65.0241916182554
Cayey,2020-2024,1,20,5,0.0014211339252141306,2.5,0.00708051373039513,98332.39233171396,696.243854047294,489921.35202345153,0.9918689841945341,5923771.193830818,60.24231744355004
Cayey,2020-2024,1,25,5,0.0018462845659594882,2.5,0.009189009015990724,97636.14847766666,897.1794486478902,485937.7937667136,0.9882312482391207,5433849.841807366,55.65407819267172
Cayey,2020-2024,1,30,5,0.002895290088722153,2.5,0.01437241963332248,96738.96902901877,1390.3730577800452,480218.91250064375,0.985705644725186,4947912.048040653,51.14704133921903
Cayey,2020-2024,1,35,5,0.0028633822240009426,2.5,0.014215152581968041,95348.59597123873,1355.3948402075766,473354.4927556747,0.9855282332142491,4467693.135540009,46.856412409970446
Cayey,2020-2024,1,40,5,0.0029682807571718623,2.5,0.014732081401516285,93993.20113103115,1384.7154902514449,466504.2169295272,0.9821358015036273,3994338.6427843343,42.496037955086024
Cayey,2020-2024,1,45,5,0.004253381899918203,2.5,0.02104314813609263,92608.4856407797,1948.7740819981263,458170.4929989032,0.9753690135393542,3527834.4258548073,38.094073145078426
Cayey,2020-2024,1,50,5,0.005740404510107165,2.5,0.028295947094734902,90659.71155878158,2565.302401891211,446885.30178917985,0.9673872850435411,3069663.9328559036,33.859184858156176
Cayey,2020-2024,1,55,5,0.007550938063184896,2.5,0.03705518676546014,88094.40915689037,3264.3547843014385,432311.15882369824,0.9543532634579914,2622778.631066724,29.772361903191012
Cayey,2020-2024,1,60,5,0.011219908773424426,2.5,0.05456889870381453,84830.05437258893,4629.082644096881,412577.56525270245,0.9367826805417957,2190467.472243026,25.821832703561604
Cayey,2020-2024,1,65,5,0.015016309867856976,2.5,0.07236491439403062,80200.97172849205,5803.736453450401,386495.51750883425,0.9141157518177823,1777889.9069903232,22.167934735368217
Cayey,2020-2024,1,70,5,0.021154202152819622,2.5,0.10045822667652562,74397.23527504165,7473.8143253669405,353301.64056179085,0.8836159499440798,1391394.389481489,18.70223247325786
Cayey,2020-2024,1,75,5,0.028744861238817518,2.5,0.13408842338430355,66923.4209496747,8973.656002625954,312182.96474180865,0.8331617149561006,1038092.7489196982,15.511650991367082
Cayey,2020-2024,1,80,5,0.04559793386658909,2.5,0.20465953901950093,57949.76494704875,11859.972180351433,260098.89428436517,0.6416925354175609,725909.7841778896,12.526535437049404
Cayey,2020-2024,1,85,NA,0.1290040204270706,10.106595450567985,1,46089.79276669732,46089.79276669732,465810.88989352435,0,465810.88989352435,10.106595450567985
Cayey,2020-2024,2,0,1,0.006500442740847936,0.13566983504801747,0.006464123875035385,100000,646.4123875035293,99441.28627448207,0.9933524842870365,8677273.64832266,86.77273648322661
Cayey,2020-2024,2,1,4,1.816228164370966e-4,1.5134828704553174,7.261633244044591e-4,99353.58761249647,72.14693147220532,397234.95586903614,0.9992546151243513,8577832.362048179,86.33641288831807
Cayey,2020-2024,2,5,5,8.154341478770649e-5,2.5,4.0763397427291817e-4,99281.44068102427,40.470488236358506,496306.02718453045,0.9995479523211027,8180597.406179142,82.39805294991761
Cayey,2020-2024,2,10,5,9.932055439727977e-5,2.5,4.964794954395639e-4,99240.9701927879,49.27110680822807,496081.673196919,0.9989391688487002,7684291.378994612,77.43063539248882
Cayey,2020-2024,2,15,5,3.2535705502195614e-4,2.5,0.0016254631353628598,99191.69908597968,161.23245019826572,495555.4143044027,0.9977237156427204,7188209.705797693,72.46785539550976
Cayey,2020-2024,2,20,5,5.864917097945847e-4,2.5,0.0029281651874545457,99030.46663578141,289.9775649002695,494427.3892666564,0.996812554839376,6692654.29149329,67.5817707302928
Cayey,2020-2024,2,25,5,6.906878842089973e-4,2.5,0.00344748657801896,98740.48907088114,340.40651077889197,492851.42907745845,0.9959298110608925,6198226.902226633,62.77290056541262
Cayey,2020-2024,2,30,5,9.412186290873944e-4,2.5,0.004695045484750323,98400.08256010225,461.9928633228701,490845.43064220407,0.9950710076146159,5705375.473149176,57.981409412582174
Cayey,2020-2024,2,35,5,0.0010354822089895328,2.5,0.005164042858681105,97938.08969677938,505.756492691522,488426.0572521681,0.9939439744335424,5214530.042506971,53.243125924258734
Cayey,2020-2024,2,40,5,0.0013953784652539335,2.5,0.006952638421444715,97432.33320408786,677.4117833257478,485468.1365621249,0.9917341397469644,4726103.985254803,48.506525809611986
Cayey,2020-2024,2,45,5,0.0019268930647561237,2.5,0.009588276365700536,96754.92142076211,927.712926323904,481455.3247880008,0.9890854842788945,4240635.848692678,43.82863203672349
Cayey,2020-2024,2,50,5,0.002465826526070416,2.5,0.012253594534246437,95827.20849443821,1174.2277582395473,476200.4730765922,0.9842316793456442,3759180.5239046775,39.228738715923875
Cayey,2020-2024,2,55,5,0.0039030462199975587,2.5,0.01932664908831438,94652.98073619866,1829.3249438514904,468691.59132136457,0.9746128112103404,3282980.0508280853,34.684381044247
Cayey,2020-2024,2,60,5,0.00641467998774032,2.5,0.031567166756544425,92823.65579234717,2930.179821349113,456792.8294083631,0.968212364552602,2814288.459506721,30.318655686245275
Cayey,2020-2024,2,65,5,0.006507223437629044,2.5,0.03201529056532229,89893.47597099806,2877.9657531383127,442272.46547214454,0.9589991225446196,2357495.630098358,26.225436324866852
Cayey,2020-2024,2,70,5,0.010316096555200738,2.5,0.0502836551712657,87015.51021785974,4375.457910346595,424138.9063134322,0.9297634470929781,1915223.164626213,22.01013543253485
Cayey,2020-2024,2,75,5,0.019121556846738674,2.5,0.09124587621118666,82640.05230751315,7540.5639829373395,394348.8515802224,0.8849832066503792,1491084.2583127809,18.04311852035481
Cayey,2020-2024,2,80,5,0.030379288884891588,2.5,0.1411744926834375,75099.48832457581,10602.132165007723,348992.1112103597,0.6817900570474951,1096735.4067325585,14.60376669934859
Cayey,2020-2024,2,85,NA,0.10187786762153049,11.5933945210446,1,64497.35615956809,64497.35615956809,747743.2955221988,0,747743.2955221988,11.5933945210446
Ceiba,1980-1984,1,0,1,0.015468103199952975,0.11842417346965384,0.015260012995270689,100000,1526.0012995270663,98654.71414308304,0.9841393357199952,7150136.111469033,71.50136111469033
Ceiba,1980-1984,1,1,4,5.109666142474317e-4,1.6070215808452495,0.0020413704079031824,98473.99870047293,201.02190689503914,393414.9537169146,0.9980041137868843,7051481.397325951,71.60754605664333
Ceiba,1980-1984,1,5,5,2.258914299808684e-4,2.5,0.0011288196731789298,98272.9767935779,110.9324695464602,491087.55279402336,0.9987456384466002,6658066.443609036,67.75073535824895
Ceiba,1980-1984,1,10,5,2.7619964559546996e-4,2.5,0.0013800453079149703,98162.04432403143,135.46806868471322,490471.55144844536,0.9967901898422656,6166978.890815012,62.824474910668194
Ceiba,1980-1984,1,15,5,0.0010109694374678161,2.5,0.005042103655598194,98026.57625534672,494.26015848286625,488897.2308805264,0.9935082130180686,5676507.339366567,57.9078404674666
Ceiba,1980-1984,1,20,5,0.0015961069415698376,2.5,0.007948816803655237,97532.31609686385,775.2665130901587,485723.4142015939,0.9904380289226554,5187610.1084860405,53.1886283038125
Ceiba,1980-1984,1,25,5,0.002250197815800966,2.5,0.011188050760543715,96757.0495837737,1082.5227821837034,481078.9409634092,0.9878928802683041,4701886.694284447,48.594771280344624
Ceiba,1980-1984,1,30,5,0.002624424296056548,2.5,0.013036587636952517,95674.52680159,1247.269353272888,475254.46062476776,0.9852340745121219,4220807.753321038,44.11631700122391
Ceiba,1980-1984,1,35,5,0.003331133163172294,2.5,0.0165181057908795,94427.2574483171,1559.7594280739286,468236.8886714007,0.981330603517457,3745553.2926962697,39.666017990052545
Ceiba,1980-1984,1,40,5,0.004215322965591417,2.5,0.02085681925497042,92867.49802024318,1936.920620869525,459495.18854904204,0.9751506655724089,3277316.4040248687,35.2902411919236
Ceiba,1980-1984,1,45,5,0.005870283441877028,2.5,0.028926894534360197,90930.57739937365,2630.3392223801493,448077.0389409179,0.9676762633599223,2817821.215475827,30.988709145656834
Ceiba,1980-1984,1,50,5,0.007295013302944253,2.5,0.035821765868359674,88300.2381769935,3163.0704580966703,433593.5147397258,0.9476440123447287,2369744.176534909,26.83734750278785
Ceiba,1980-1984,1,55,5,0.014401380245517395,2.5,0.06950449941544651,85137.16771889683,5917.416223950844,410892.298034607,0.9184556633955813,1936150.6617951833,22.741544188877686
Ceiba,1980-1984,1,60,5,0.01983367855657095,2.5,0.09448350415698457,79219.75149494599,7484.959719688006,377386.3581755099,0.8889347279166012,1525258.3637605761,19.253511087545935
Ceiba,1980-1984,1,65,5,0.02766505740463756,2.5,0.12937721670565253,71734.79177525798,9280.847700842416,335471.8396241839,0.8533766475816501,1147872.0055850663,16.001607827639617
Ceiba,1980-1984,1,70,5,0.03630786435333967,2.5,0.1664323168098391,62453.944074415565,10394.354606217115,286283.833856535,0.8027139901544951,812400.1659608824,13.00798817433989
Ceiba,1980-1984,1,75,5,0.05307810765408734,2.5,0.23430003241123717,52059.58946819845,12197.563499714597,229804.03859170576,0.696235105889777,526116.3321043474,10.106040740596603
Ceiba,1980-1984,1,80,5,0.09828267694509919,2.5,0.39448562630214806,39862.02596848385,15724.996279849842,159997.63914279465,0.4600371208156821,296312.2935126416,7.433447907211622
Ceiba,1980-1984,1,85,NA,0.1971959022106002,5.647532282484484,1,24137.02968863401,24137.02968863401,136314.65436984698,0,136314.65436984698,5.647532282484484
Ceiba,1980-1984,2,0,1,0.012004563903722428,0.1243573799455964,0.01187968809385223,100000,1187.9688093852164,98959.76387920702,0.9878328914140045,7789750.525799783,77.89750525799784
Ceiba,1980-1984,2,1,4,2.957170614908183e-4,1.5046717474713025,0.001181996037921473,98812.03119061478,116.79542936627695,394956.6818277952,0.9987564432680529,7690790.761920576,77.8325338448366
Ceiba,1980-1984,2,5,5,1.4104636778697948e-4,2.5,7.049832506177716e-4,98695.2357612485,69.57848812745942,493302.2325859239,0.9992354706321784,7295834.080092781,73.92285984038757
Ceiba,1980-1984,2,10,5,1.648914436927999e-4,2.5,8.24117493655746e-4,98625.65727312105,81.27912948206358,492925.08854190004,0.9982887697364967,6802531.8475068575,68.97324728258907
Ceiba,1980-1984,2,15,5,5.204913422452964e-4,2.5,0.002599074721500508,98544.37814363898,256.12420217912586,492081.5802127471,0.996050696371685,6309606.758964957,64.02807423238319
Ceiba,1980-1984,2,20,5,0.00106342991670918,2.5,0.005303051025769305,98288.25394145986,521.2276258853526,490138.20064258593,0.9944565670713933,5817525.17875221,59.188407011656835
Ceiba,1980-1984,2,25,5,0.0011603757197076587,2.5,0.005785096385084741,97767.0263155745,565.5916705186974,487421.15240157576,0.9936137503065073,5327386.978109624,54.49063123709798
Ceiba,1980-1984,2,30,5,0.0014030846063265486,2.5,0.006990900967802052,97201.43464505581,679.5256035318744,484308.3592164494,0.9921217316397741,4839965.825708048,49.793152162638734
Ceiba,1980-1984,2,35,5,0.0017621050744189742,2.5,0.008771882923565313,96521.90904152393,846.6788856712665,480492.8479934415,0.989706568588418,4355657.466491599,45.12610152186055
Ceiba,1980-1984,2,40,5,0.002379763421771573,2.5,0.011828444857835069,95675.23015585267,1131.689184159186,475546.92781886534,0.9864254784014238,3875164.6184981577,40.50332162447487
Ceiba,1980-1984,2,45,5,0.003092017881170051,2.5,0.015341498933286074,94543.54097169348,1450.4396329663286,469091.6057760516,0.9805004333775648,3399617.690679292,35.958222589707574
Ceiba,1980-1984,2,50,5,0.004801434662896445,2.5,0.02372241919989686,93093.10133872715,2208.3935745757626,459944.52275719633,0.9703719630447126,2930526.0849032407,31.479519349562462
Ceiba,1980-1984,2,55,5,0.007265028656741709,2.5,0.03567715441074588,90884.70776415139,3242.5077524771477,446317.2694395641,0.9510925205065599,2470581.5621460443,27.183688245521783
Ceiba,1980-1984,2,60,5,0.01293035417215179,2.5,0.06262728831390821,87642.20001167424,5488.793328596337,424489.0167368804,0.9306620639943375,2024264.2927064802,23.096913272793714
Ceiba,1980-1984,2,65,5,0.015907836800150527,2.5,0.07649693221719438,82153.4066830779,6284.4835824470065,395055.824459272,0.8946299022358987,1599775.2759695998,19.47302419412784
Ceiba,1980-1984,2,70,5,0.02933079057597945,2.5,0.13663492682008663,75868.9231006309,10366.344755773476,353428.7536137208,0.8323282924816874,1204719.4515103279,15.878958106633648
Ceiba,1980-1984,2,75,5,0.045340153365237106,2.5,0.203620324925214,65502.57834485742,13337.656286019155,294168.75100923923,0.7742863680147583,851290.697896607,12.996292961396708
Ceiba,1980-1984,2,80,5,0.0580473856773401,2.5,0.25345581043543,52164.92205883827,13221.50259672389,227770.8538023816,0.5911651747432782,557121.9468873678,10.680011105144073
Ceiba,1980-1984,2,85,NA,0.15058200196972452,8.45716934039116,1,38943.419462114376,38943.419462114376,329351.0930849861,0,329351.0930849861,8.45716934039116
Ceiba,1985-1989,1,0,1,0.014340059841127883,0.12067512759002137,0.014161489529333028,100000,1416.1489529333048,98754.7450026484,0.9852377750933119,7064361.457453669,70.64361457453668
Ceiba,1985-1989,1,1,4,5.007004464340223e-4,1.6103314320481197,0.002000408280986968,98583.8510470667,197.20795200613793,393864.14254400757,0.9979446617490967,6965606.71245102,70.65667082862734
Ceiba,1985-1989,1,5,5,2.6592524310730997e-4,2.5,0.001328742849873101,98386.64309506056,130.7305485355755,491606.38910396385,0.9986300555834008,6571742.569907013,66.79506854967535
Ceiba,1985-1989,1,10,5,2.824394498797324e-4,2.5,0.0014112008024528755,98255.91254652498,138.6588226314052,490932.9156760464,0.9971824524328126,6080136.180803049,61.88061382997237
Ceiba,1985-1989,1,15,5,8.469659438297664e-4,2.5,0.004225881774285156,98117.25372389358,414.6319142547145,489549.6888338311,0.9930402053172533,5589203.265127003,56.964530222740194
Ceiba,1985-1989,1,20,5,0.0019505271980906585,2.5,0.00970530981356018,97702.62180963886,948.2342142596463,486142.52351254516,0.9885908142775828,5099653.576293171,52.19566764778532
Ceiba,1985-1989,1,25,5,0.002643305049102493,2.5,0.013129760341005254,96754.38759537922,1270.361921068048,480596.03317422594,0.98662286779820485,4613511.052780626,47.6827063602949
Ceiba,1985-1989,1,30,5,0.0027442581354899173,2.5,0.013627795207780234,95484.02567431117,1301.2367475039355,474167.036502796,0.984869091881505,4132915.0196064007,43.28383716982633
Ceiba,1985-1989,1,35,5,0.003358928754265435,2.5,0.01665478815425833,94182.78892680723,1568.5943973532121,466992.4586406531,0.9802235678678638,3658747.9831036045,38.8473098407284
Ceiba,1985-1989,1,40,5,0.004643475476201394,2.5,0.022950946982336767,92614.19452945402,2125.58346845732,457757.0139761268,0.9712358687273275,3191755.5244629513,34.462919433455525
Ceiba,1985-1989,1,45,5,0.007065407337004088,2.5,0.03471386764709648,90488.6110609967,3141.209667941046,444590.0311351309,0.9601698253234918,2733998.510486825,30.21373052840746
Ceiba,1985-1989,1,50,5,0.009234473214789733,2.5,0.04513047565248957,87347.40139305565,3942.0297718775255,426881.93253558443,0.9514883309593023,2289408.4793516938,26.210378818822054
Ceiba,1985-1989,1,55,5,0.01068872215304594,2.5,0.05205266946221482,83405.37162117813,4341.472240370378,406173.1775049647,0.9256428823679038,1862526.5468161094,22.331014305356568
Ceiba,1985-1989,1,60,5,0.020584747382327188,2.5,0.0978863237929781,79063.89938080775,7739.274455125196,375971.31076622574,0.895903280692571,1456353.3693111446,18.41995374268961
Ceiba,1985-1989,1,65,5,0.023500238021641015,2.5,0.11098099085573664,71324.62492568255,7915.677546666018,336833.93076174776,0.8349314729046273,1080382.058544919,15.147392077709968
Ceiba,1985-1989,1,70,5,0.050934926034781086,2.5,0.2259080993467001,63408.947379016536,14324.594783968547,281233.2499351613,0.7514831758938142,743548.1277831711,11.726233576134527
Ceiba,1985-1989,1,75,5,0.06450151535334223,2.5,0.27772359495652665,49084.35259504799,13631.882858810444,211342.05582821384,0.6638465327036754,462314.87784800987,9.418783245694714
Ceiba,1985-1989,1,80,5,0.10538560965327204,2.5,0.41705029838729896,35452.469736237545,14785.463082064554,140298.69097602635,0.44098054184942787,250972.82201979603,7.079135075412407
Ceiba,1985-1989,1,85,NA,0.2010456127184389,5.355111792225743,1,20667.00665417299,20667.00665417299,110674.13104376967,0,110674.13104376967,5.355111792225743
Ceiba,1985-1989,2,0,1,0.008868253110226983,0.13080334543014377,0.008800417241789945,100000,880.0417241789983,99235.07067746173,0.9908364817750098,7834571.221029533,78.34571221029533
Ceiba,1985-1989,2,1,4,0.00030068540529805193,1.5096817211476077,0.0012018416793051984,99119.958275821,119.12649710685946,396183.17021004314,0.9988376727842718,7735336.150352071,78.04014736191635
Ceiba,1985-1989,2,5,5,1.307536376897172e-4,2.5,6.535545518608747e-4,99000.83177871414,64.70244424699922,494842.40278295317,0.9992731348603228,7339152.980142028,74.13223554067145
Ceiba,1985-1989,2,10,5,1.6010879568330598e-4,2.5,8.002236712958088e-4,98936.12933446714,79.17103263983154,494482.7190907361,0.9983376910812536,6844310.577359075,69.17908173080983
Ceiba,1985-1989,2,15,5,5.056553271754775e-4,2.5,0.0025250845797041475,98856.95830182731,249.6221810043935,493660.7360566256,0.9965625494552529,6349827.858268339,64.23248264306517
Ceiba,1985-1989,2,20,5,8.723234594743361e-4,2.5,0.0043521261430387705,98607.33612082292,429.1515654268442,491963.8016905475,0.9950452189170544,5856167.122211713,59.38875698899513
Ceiba,1985-1989,2,25,5,0.0011151141200512124,2.5,0.005560070317955986,98178.18455539607,545.8776098172675,489526.22875243716,0.9939105094189838,5364203.320521166,54.637426275635264
Ceiba,1985-1989,2,30,5,0.0013287736670853079,2.5,0.006621870916175908,97632.3069455788,646.5085338420904,486545.2633932888,0.992106073342278,4874677.091768729,49.92893484004143
Ceiba,1985-1989,2,35,5,0.001843348251908714,2.5,0.009174461938601759,96985.79841173672,889.7925161133753,482704.51076840016,0.989912461371185,4388131.82837544,45.24509670731763
Ceiba,1985-1989,2,40,5,0.0022140010204351745,2.5,0.011009069872347326,96096.00589562334,1057.9276433584164,477835.2103697207,0.986881683907496,3905427.3176070396,40.64089117136668
Ceiba,1985-1989,2,45,5,0.003073646482682817,2.5,0.01525104163720051,95038.07825226492,1449.429688544813,471566.81703996257,0.9810521258053841,3427592.107237319,36.065461026466345
Ceiba,1985-1989,2,50,5,0.004592521718929876,2.5,0.022701960478252722,93588.64856372011,2124.6458009066555,462631.6283163339,0.9719961053053808,2956025.290197356,31.585297315034286
Ceiba,1985-1989,2,55,5,0.006799447161201717,2.5,0.03342898919185262,91464.00276281346,3057.5491598016815,449676.1409145631,0.9571046872346419,2493393.6618810226,27.260928743157546
Ceiba,1985-1989,2,60,5,0.010822930953217697,2.5,0.05268903042050568,88406.45360301177,4658.050323258096,430387.1422069137,0.9385929469389647,2043717.5209664593,23.117288814046887
Ceiba,1985-1989,2,65,5,0.014638816875842042,2.5,0.07060996838713939,83748.40327975368,5913.472108056812,403958.33612862637,0.9038664816092394,1613330.3787595457,19.264013588060504
Ceiba,1985-1989,2,70,5,0.026347464990695055,2.5,0.12359620804251802,77834.93117169687,9620.102346072119,365124.39999330405,0.8533471301820448,1209372.0426309193,15.537651597110726
Ceiba,1985-1989,2,75,5,0.037866984950888125,2.5,0.17296113318584797,68214.82882562475,11798.514093758698,311577.858893727,0.7780452500392059,844247.6426376152,12.376306694190157
Ceiba,1985-1989,2,80,5,0.06543952942436691,2.5,0.2811945496133487,56416.31473186605,15863.960211872007,242421.67312965024,0.5448931391869443,532669.7837438883,9.441768507488426
Ceiba,1985-1989,2,85,NA,0.1322277900860182,7.157367655955297,1,40552.35451999404,40552.35451999404,290248.11061423796,0,290248.11061423796,7.157367655955297
Ceiba,1990-1994,1,0,1,0.016363445646109198,0.1166375623854714,0.016130284747466462,100000,1613.0284747466503,98575.11123460616,0.9831778609499932,7073449.2567833755,70.73449256783375
Ceiba,1990-1994,1,1,4,5.672485641523758e-4,1.6043994520558835,0.002265915102376445,98386.97152525335,222.93652465615014,393013.8192403904,0.9978080763335495,6974874.145548769,70.89225369396091
Ceiba,1990-1994,1,5,5,2.517942993169177e-4,2.5,0.0012581794905265086,98164.0350005972,123.50797554507153,490511.40506412333,0.9986398453760097,6581860.326308379,67.04961064679479
Ceiba,1990-1994,1,10,5,2.926656207765473e-4,2.5,0.001462258222106965,98040.52702505213,143.3605667420925,489844.2337084054,0.9966806464186729,6091348.921244255,62.130927954801216
Ceiba,1990-1994,1,15,5,0.0010385230369161916,2.5,0.00517916847016013,97897.16645831004,507.02591783888056,488218.267496953,0.9934264849332011,5601504.687535849,57.218251459007
Ceiba,1990-1994,1,20,5,0.001601409881789456,2.5,0.0079751208157403,97390.14054047115,776.6981370721915,485008.9573596753,0.9898160919582668,5113286.420038897,52.50312189367911
Ceiba,1990-1994,1,25,5,0.0024975885469924785,2.5,0.012410452226601996,96613.44240339896,1199.0165113949479,480069.67073850747,0.9871034395179091,4628277.462679221,47.90510872549547
Ceiba,1990-1994,1,30,5,0.002695802222250837,2.5,0.013388777371774057,95414.42589200402,1277.482506323664,473878.42319421086,0.9837121395515913,4148207.7919407142,43.47568780255424
Ceiba,1990-1994,1,35,5,0.003882580892875535,2.5,0.019226285443121587,94136.94338568035,1809.90374427606,466159.9575677116,0.9760432804045291,3674329.3687465033,39.0317471185858
Ceiba,1990-1994,1,40,5,0.0058400145359849085,2.5,0.028779885308559624,92327.03964140429,2657.1616117584636,454992.2941776253,0.9690120632970144,3208169.4111787914,34.7478855992701
Ceiba,1990-1994,1,45,5,0.006764786934546205,2.5,0.033261418647011584,89669.87802964583,2982.5473531705065,440893.02176530287,0.9610078226720592,2753177.117001166,30.703477884635195
Ceiba,1990-1994,1,50,5,0.009190439232921913,2.5,0.04492010737176815,86687.33067647532,3894.0042017592496,423701.6428779785,0.9418974086907286,2312284.0952358632,26.67384123137335
Ceiba,1990-1994,1,55,5,0.014917332993109614,2.5,0.07190508473338394,82793.32647471607,5953.261155523171,399083.4794847724,0.9243619397403158,1888582.452357885,22.810805324202448
Ceiba,1990-1994,1,60,5,0.016592949635153776,2.5,0.07966025181024136,76840.0653191929,6121.098952442306,368897.57921485876,0.9083206593184164,1489498.9728731124,19.38440534486466
Ceiba,1990-1994,1,65,5,0.022105394643942393,2.5,0.10473874498850652,70718.9663667506,7407.015784137868,335077.2923734083,0.8377924586793498,1120601.3936582536,15.845839542489669
Ceiba,1990-1994,1,70,5,0.051059927122941655,2.5,0.22639974891418216,63311.95058261273,14333.809715170624,280725.22862513707,0.7690143161235128,785524.1012848454,12.407201074303542
Ceiba,1990-1994,1,75,5,0.05374977495349323,2.5,0.23691372611260147,48978.140867442104,11603.593850973593,215881.71970977655,0.7030655887821934,504798.8726597083,10.306615639534616
Ceiba,1990-1994,1,80,5,0.09248637761700153,2.5,0.37558958712529766,37374.54701646851,14037.490682910433,151779.00837506648,0.4746625223689326,288917.1529499318,7.73031851924854
Ceiba,1990-1994,1,85,NA,0.18890731802861171,5.876411429733931,1,23337.056333558077,23337.056333558077,137138.14457486532,0,137138.14457486532,5.876411429733931
Ceiba,1990-1994,2,0,1,0.011411577381222756,0.1255761273556943,0.011298831363270083,100000,1129.883136327,99012.00321229745,0.9884566810881359,7868228.63383164,78.6822863383164
Ceiba,1990-1994,2,1,4,2.6792909174692156e-4,1.5056168013719595,0.0010710005981974568,98870.116863673,105.88995430484647,395216.3373317705,0.998857453393731,7769216.630619342,78.58002880012695
Ceiba,1990-1994,2,5,5,1.2759530686390927e-4,2.5,6.377730921860289e-4,98764.22690936815,62.98916639335221,493663.6616308574,0.9992906917125085,7374000.2932875715,74.66266404387883
Ceiba,1990-1994,2,10,5,1.5623882962935347e-4,2.5,7.808891351354077e-4,98701.2377429748,77.07472417790268,493313.5019044292,0.9983182201309897,6880336.631656714,69.70871682048822
Ceiba,1990-1994,2,15,5,5.173431753123981e-4,2.5,0.0025833746484528602,98624.1630187969,254.78316246764734,492483.85718781536,0.9965827284982455,6387023.129752285,64.76124039232631
Ceiba,1990-1994,2,20,5,8.524785761335056e-4,2.5,0.004253328202742272,98369.37985632925,418.39725762918533,490800.9061375733,0.9950685231482195,5894539.27256447,59.92250109915891
Ceiba,1990-1994,2,25,5,0.0011256633473188933,2.5,0.005612522210249239,97950.98259870007,549.7520653509418,488380.532830123,0.9931324471507204,5403738.366426896,55.167781098896405
Ceiba,1990-1994,2,30,5,0.0016325695500581123,2.5,0.00812966713275794,97401.23053334912,791.8395825571497,485026.55371035275,0.9916690200466844,4915357.833596773,50.46504861059028
Ceiba,1990-1994,2,35,5,0.0017141025855462587,2.5,0.008533942794210145,96609.39095079197,824.459015757544,480985.80721456604,0.9898245228059555,4430331.279886421,45.858184554160076
Ceiba,1990-1994,2,40,5,0.0023803090727561723,2.5,0.011831140933518088,95784.93193503443,1133.2450290308334,476091.5471025951,0.987591053890442,3949345.4726718543,41.2313856980185
Ceiba,1990-1994,2,45,5,0.002615727796328971,2.5,0.01299366922721006,94651.6869060036,1229.8727114540525,470183.7527513829,0.9836442048874207,3473253.9255692596,36.6951085511922
Ceiba,1990-1994,2,50,5,0.003991880630407521,2.5,0.019762182468511035,93421.81419454954,1846.2189386520186,462493.5236261176,0.9747241319179714,3003070.1728178766,32.14527783162107
Ceiba,1990-1994,2,55,5,0.006277126421775002,2.5,0.03090071290530114,91575.59525589753,2829.751178134553,450803.59833415126,0.9603221661122354,2540576.649191759,27.742944417586457
Ceiba,1990-1994,2,60,5,0.00999040475361637,2.5,0.04873482226795089,88745.84407776297,4325.012938149055,432916.68804344226,0.9391355969888726,2089773.0508576077,23.547841282871314
Ceiba,1990-1994,2,65,5,0.015285712198389487,2.5,0.07361540139424409,84420.83113961392,6214.673370378383,406567.4722721237,0.9106843764642718,1656856.3628141654,19.626155540616285
Ceiba,1990-1994,2,70,5,0.022445248589046892,2.5,0.10626346805420717,78206.15776923553,8310.457547753438,370254.6449767941,0.8655550765439175,1250288.8905420417,15.987090098855054
Ceiba,1990-1994,2,75,5,0.03619956908865332,2.5,0.1659770969709331,69895.7002214821,11601.085413512206,320475.78757363,0.7853129063223969,880034.2455652476,12.590677863969283
Ceiba,1990-1994,2,80,5,0.06325538264106226,2.5,0.27309076164614604,58294.61480796989,15919.720757777199,251673.77214540646,0.5502279189046292,559558.4579916176,9.598801876208919
Ceiba,1990-1994,2,85,NA,0.13381353550862488,7.265733466649484,1,42374.89405019269,42374.89405019269,307884.68584621116,0,307884.68584621116,7.265733466649484
Ceiba,1995-1999,1,0,1,0.013988243455977852,0.121377159595769,0.013818409807533514,100000,1381.8409807533462,98785.88295250353,0.9854728477405553,7144340.178545263,71.44340178545262
Ceiba,1995-1999,1,1,4,5.548277796796917e-4,1.6113651312499015,0.002216373800674624,98618.15901924665,218.5747039210255,393950.54091777414,0.9979168226091258,7045554.29559276,71.44276840756808
Ceiba,1995-1999,1,5,5,2.3424791347737472e-4,2.5,0.0011705540677669065,98399.58431532563,115.1820336868841,491709.9664924109,0.9986685402615284,6651603.754674985,67.59788469593164
Ceiba,1995-1999,1,10,5,2.987337338504326e-4,2.5,0.0014925539786945908,98284.40228163874,146.69477566906426,491055.27446902107,0.9966778646072335,6159893.788182574,62.674174591112624
Ceiba,1995-1999,1,15,5,0.00103355402967851,2.5,0.005154451637740126,98137.70750596968,505.8460671782086,489423.9223619029,0.9926645012391649,5668838.513713554,57.76412204624528
Ceiba,1995-1999,1,20,5,0.0019146906858086218,2.5,0.009527846232948002,97631.86143879147,930.221363225297,485833.75378589414,0.990138401777463,5179414.591351651,53.05045417574867
Ceiba,1995-1999,1,25,5,0.0020501665217327477,2.5,0.010198560739170475,96701.64007556617,986.2175498880533,481042.6565031107,0.9876176082084428,4693580.837565756,48.53672423650749
Ceiba,1995-1999,1,30,5,0.002939184326771815,2.5,0.014588724259630322,95715.42252567812,1396.3659066211403,475086.19786183775,0.9854311956884756,4212538.181062645,44.011070211099195
Ceiba,1995-1999,1,35,5,0.0029310391334018693,2.5,0.014548589454442427,94319.05661905698,1372.2092324809491,468164.7600140825,0.9825468489825178,3737451.983200808,39.62562940271885
Ceiba,1995-1999,1,40,5,0.004122166060361728,2.5,0.020400593714258276,92946.84738657603,1896.1708705547208,459993.80975649337,0.9763707046098854,3269287.2231867253,35.17372901944059
Ceiba,1995-1999,1,45,5,0.005458533393639227,2.5,0.02692523621565913,91050.67651602131,2451.5609727894334,449124.480148133,0.9638304666731015,2809293.413430232,30.854173971303858
Ceiba,1995-1999,1,50,5,0.0093473699458972,2.5,0.04566962258549568,88599.11554323188,4046.288168268118,432879.8572954891,0.94728118739498,2360168.933282099,26.63874146836665
Ceiba,1995-1999,1,55,5,0.012393527130414306,2.5,0.0601053426645807,84552.82737496376,5082.076662631342,410058.94521824043,0.9328405599048163,1927289.07598661,22.79390454253791
Ceiba,1995-1999,1,60,5,0.0155120280245272,2.5,0.07466464014664598,79470.75071233242,5933.655004120112,382519.6160513618,0.9080767814936187,1517230.1307683697,19.091679859177713
Ceiba,1995-1999,1,65,5,0.023409099110607207,2.5,0.11057437905694155,73537.0957082123,8131.318695586451,347357.1818020954,0.8504392446739075,1134710.5147170078,15.430450492897126
Ceiba,1995-1999,1,70,5,0.04281928808893675,2.5,0.19339396110648566,65405.777012625855,12649.082295719236,295406.17932383117,0.7777328465018893,787353.3329149124,12.037978430604419
Ceiba,1995-1999,1,75,5,0.059258874712057805,2.5,0.25806305756948705,52756.69471690662,13614.553945904932,229747.08871977078,0.6678468767096658,491947.1535910812,9.324828938410159
Ceiba,1995-1999,1,80,5,0.11020845821230531,2.5,0.43201345033933536,39142.14077100169,16909.93128814841,153435.8756346374,0.41481373885264,262200.06487131043,6.698664398692276
Ceiba,1995-1999,1,85,NA,0.18519012055900816,4.8921898347781445,1,22232.209482853275,22232.209482853275,108764.18923667306,0,108764.18923667306,4.8921898347781445
Ceiba,1995-1999,2,0,1,0.008739153779783496,0.13106867941102437,0.008673291196495424,100000,867.3291196495411,99246.35056267765,0.9910380378787524,7851968.5874458095,78.51968587445809
Ceiba,1995-1999,2,1,4,2.614762782792126e-4,1.509888555223302,0.0010452245621019574,99132.67088035046,103.6159025109082,396272.66837669857,0.9989354032574389,7752722.236883132,78.20552163111176
Ceiba,1995-1999,2,5,5,1.2427194087634032e-4,2.5,6.211667203968229e-4,99029.05497783955,61.51355330458318,494991.4910059363,0.99927176603198975,7356449.568506434,74.28576966782768
Ceiba,1995-1999,2,10,5,1.6714336580427193e-4,2.5,8.3536776357214e-4,98967.54142453497,82.67429374605126,494631.0213883097,0.9982575906532053,6861458.077500497,69.33038831456187
Ceiba,1995-1999,2,15,5,5.307451482206226e-4,2.5,0.0026502092768145163,98884.86713078892,262.06559220659256,493769.1716734281,0.996209098557526,6366827.056112188,64.38626294244982
Ceiba,1995-1999,2,20,5,9.893660178331102e-4,2.5,0.004934624714158182,98622.80153858232,486.6665138518001,491897.3414082821,0.9944607485202438,5873057.88443876,59.55071031054776
Ceiba,1995-1999,2,25,5,0.0012331653872655775,2.5,0.006146876647524092,98136.13502473052,603.2307166617829,489172.59833199816,0.9937061106758031,5381160.543030477,54.83363025937808
Ceiba,1995-1999,2,30,5,0.0012925253539396023,2.5,0.006441811258754927,97532.90430806874,628.288561070789,486093.8001376667,0.9926945785689628,4891987.944698479,50.15730823770591
Ceiba,1995-1999,2,35,5,0.0016416360617426723,2.5,0.008174630886576262,96904.61574699795,792.1594649372128,482542.6800726467,0.9904236050886333,4405894.144560812,45.46629807669718
Ceiba,1995-1999,2,40,5,0.002210086564534306,2.5,0.010989712284004093,96112.45628206074,1056.248241448775,477921.6608066817,0.9864504745137386,3923351.464488166,40.820426573786925
Ceiba,1995-1999,2,45,5,0.0032538112281333097,2.5,0.01613778289273267,95056.20804061196,1533.9964479658374,471446.0490831452,0.9807981218659817,3445429.803681484,36.246236565732275
Ceiba,1995-1999,2,50,5,0.004513609811009518,2.5,0.02231623214417085,93522.21159264613,2087.063384537745,462393.3995018863,0.9752293636643178,2973983.7545983386,31.799758623674272
Ceiba,1995-1999,2,55,5,0.0055316676509755466,2.5,0.027281063809479984,91435.14820810838,2494.4481126946775,450939.62075880525,0.9614243382721182,2511590.3550964524,27.468543599667147
Ceiba,1995-1999,2,60,5,0.01029576290732036,2.5,0.050187030128536904,88940.7000954137,4463.669595341693,433544.32648871426,0.9316199911946526,2060650.7343376472,23.16881621267906
Ceiba,1995-1999,2,65,5,0.018308152225186575,2.5,0.08753428365092346,84477.03050007201,7394.636349781009,403898.56162590755,0.8937007531244259,1627106.407848933,19.260932802882387
Ceiba,1995-1999,2,70,5,0.0270913350362503,2.5,0.12686436278999133,77082.394150291,9779.008816203626,360964.4487109459,0.8535256972503865,1223207.8462230256,15.86883567521375
Ceiba,1995-1999,2,75,5,0.03690385206334909,2.5,0.16893351655777208,67303.38533408738,11369.79756073017,308092.43276861147,0.7854723663082896,862243.3975120796,12.811293120427573
Ceiba,1995-1999,2,80,5,0.06226470021243167,2.5,0.269389811438417,55933.587773357205,15067.938663338842,241998.0922084389,0.5632993397016524,554150.9647434681,9.907302334849085
Ceiba,1995-1999,2,85,NA,0.10345312983886779,7.638514971208515,1,40865.64911001836,40865.64911001836,312152.8725350292,0,312152.8725350292,7.638514971208515
Ceiba,2000-2004,1,0,1,0.011884948778073888,0.12557417896079248,0.011762704796799738,100000,1176.2704796799808,98971.43872004165,0.9877494000677998,7359300.943933589,73.59300943933589
Ceiba,2000-2004,1,1,4,4.162869101201421e-4,1.6175589704472424,0.0016634978182533656,98823.72952032002,164.39305844870978,394903.2613138582,0.9983331425566451,7260329.505213548,73.46747122836209
Ceiba,2000-2004,1,5,5,1.9892526811957057e-4,2.5,9.941319456882472e-4,98659.33646187131,98.08039811714843,493051.48131406365,0.9988384633633538,6865426.24389969,69.5871925568135
Ceiba,2000-2004,1,10,5,2.6599835337165397e-4,2.5,0.0013291079155657857,98561.25606375416,130.99854560242966,492478.7839547647,0.9972692938900525,6372374.762585626,64.6539524462195
Ceiba,2000-2004,1,15,5,8.28546607891928e-4,2.5,0.004134169658841433,98430.25751815173,406.9273841434915,491133.9691303999,0.9940032330263854,5879895.978630861,59.736671699213396
Ceiba,2000-2004,1,20,5,0.0015796328717899175,2.5,0.007867096548167014,98023.33013400824,771.1590021370794,488188.7531646985,0.9915441666462737,5388762.009500462,54.9742801242669
Ceiba,2000-2004,1,25,5,0.0018180737987678335,2.5,0.00904923853514032,97252.17113187116,880.0580946325936,484060.71042277437,0.9899881117684077,4900573.256335763,50.390373801431394
Ceiba,2000-2004,1,30,5,0.002208795709640377,2.5,0.010983328724789672,96372.11303723857,1058.4865973905835,479214.3486927164,0.9881764872960697,4416512.5459129885,45.82770271111966
Ceiba,2000-2004,1,35,5,0.0025507684146875535,2.5,0.01267302717981589,95313.62643984798,1207.912178479004,473548.35175304237,0.9844510645136614,3937298.1972202724,41.30886993062932
Ceiba,2000-2004,1,40,5,0.0037267528190041794,2.5,0.018461758072668175,94105.71426136898,1737.3569299490337,466185.17898197233,0.9798625922835417,3463749.84546723,36.80700872050149
Ceiba,2000-2004,1,45,5,0.004417160428068149,2.5,0.02184457466341273,92368.35733141995,2017.747478262987,456797.41796144226,0.969596614014532,2997564.6664852574,32.45228943208247
Ceiba,2000-2004,1,50,5,0.007987026619301889,2.5,0.03915333624936407,90350.60985315696,3537.5278079157724,442909.22974599537,0.9554165681367868,2540767.248523815,28.12119644408839
Ceiba,2000-2004,1,55,5,0.010305814714083652,2.5,0.050234797287799234,86813.08204524119,4361.037578471776,423162.8162800265,0.9397198984999565,2097858.01877782,24.16522912623418
Ceiba,2000-2004,1,60,5,0.01469185222955487,2.5,0.07085671999855024,82452.04446676941,5842.281428089889,397654.51876362227,0.9061785980930479,1674695.2024977934,20.31114223217042
Ceiba,2000-2004,1,65,5,0.025201112210422292,2.5,0.11853737672233952,76609.76303867952,9081.12034192511,360346.01433858485,0.8663884141213257,1277040.683734171,16.669424797586252
Ceiba,2000-2004,1,70,5,0.03259914569574593,2.5,0.15071294532178037,67528.64269675441,10177.440634409999,312199.61189774703,0.8126707493014405,916694.6693955862,13.574901446074005
Ceiba,2000-2004,1,75,5,0.05209065863397485,2.5,0.23044341942994623,57351.20206234441,13216.20711166443,253715.49253256098,0.7133709478301061,604495.0574978392,10.540233434701413
Ceiba,2000-2004,1,80,5,0.08769765915513845,2.5,0.35963945083132537,44134.99495067998,15872.68534650587,180993.26138713525,0.4840256404187889,350779.56496527826,7.947878216759008
Ceiba,2000-2004,1,85,NA,0.14776976876275874,6.007516935313275,1,28262.309604174112,28262.309604174112,169786.30357814298,0,169786.30357814298,6.007516935313275
Ceiba,2000-2004,2,0,1,0.007470541487371551,0.13367602019724986,0.007422503717036099,100000,742.2503717036161,99356.97070397565,0.9922820762086186,8077420.006015944,80.77420006015944
Ceiba,2000-2004,2,1,4,2.5012544505823356e-4,1.5119235864523823,9.998795239886398e-4,99257.74962829638,99.24579145052121,396784.06740033365,0.999028170244775,7978063.035311969,80.37723064635735
Ceiba,2000-2004,2,5,5,1.0785296960351225e-4,2.5,5.391194839242803e-4,99158.50383684586,53.45828141520906,495658.8734806913,0.9993842864962639,7581278.967911635,76.45616537726077
Ceiba,2000-2004,2,10,5,1.3851771912114658e-4,2.5,6.923488391506446e-4,99105.04555543065,68.61526324428269,495353.68961904256,0.998590914343808,7085620.094430944,71.4960580939128
Ceiba,2000-2004,2,15,5,4.257164142485809e-4,2.5,0.0021263190489402457,99036.43029218637,210.5830482693127,494655.6938402586,0.9969908860916497,6590266.404811901,66.54386053060163
Ceiba,2000-2004,2,20,5,7.802770917406948e-4,2.5,0.0038937898711122717,98825.84724391706,384.8070830024517,493167.21851207915,0.9955958461842002,6095610.710971642,61.68032838541478
Ceiba,2000-2004,2,25,5,9.857257222803564e-4,2.5,0.004916512778627251,98441.0401609146,483.98663189249055,490995.2342248418,0.9944273253715498,5602443.492459564,56.91166492452381
Ceiba,2000-2004,2,30,5,0.0012503117094406096,2.5,0.006232078445566437,97957.05352902212,610.4760418894148,488259.07754038705,0.9935211081950986,5111448.258234722,52.18050231288687
Ceiba,2000-2004,2,35,5,0.0013499914611341366,2.5,0.006727252970503011,97346.5774871327,654.8750525686191,485095.69980424194,0.9913382418219764,4623189.180694334,47.4920567320965
Ceiba,2000-2004,2,40,5,0.0021331889771433626,2.5,0.010609365432230513,96691.70243456408,1025.8376053927786,480893.9181593385,0.9874807045050643,4138093.4808900924,42.79677962739915
Ceiba,2000-2004,2,45,5,0.0029109725463158926,2.5,0.014449705987995982,95665.8648291713,1382.3436198689014,474873.4650961843,0.9821367891027954,3657199.5627307543,38.22888727616005
Ceiba,2000-2004,2,50,5,0.004311325937025557,2.5,0.02132676311767273,94283.5212093024,2010.762322730865,466390.70023968484,0.9757145925496078,3182326.0976345697,33.752728544896435
Ceiba,2000-2004,2,55,5,0.0055373129441606125,2.5,0.027308525097038645,92272.75888657154,2519.8329518269456,455064.21205329034,0.9665998473219984,2715935.397394885,29.433772547469967
Ceiba,2000-2004,2,60,5,0.008093057482590373,2.5,0.039662804030600934,89752.92593474459,3559.852712522814,439864.99789241597,0.9465436928303208,2260871.1853415947,25.189944080323073
Ceiba,2000-2004,2,65,5,0.014039991482636856,2.5,0.06781949459693984,86193.07322222178,5845.570663688093,416351.43945188867,0.913697321291962,1821006.1874491787,21.127059511548985
Ceiba,2000-2004,2,70,5,0.02241560692289019,2.5,0.10613058114106112,80347.50255853368,8527.327139770088,380419.1949432432,0.8858544255370737,1404654.74799729,17.482245287885455
Ceiba,2000-2004,2,75,5,0.026237519610729343,2.5,0.12311220107836272,71820.1754187636,8841.939877638106,336996.0273997227,0.8274337638041311,1024235.5530540469,14.261111826614352
Ceiba,2000-2004,2,80,5,0.05171287024945134,2.5,0.22896345734357193,62978.23554112549,14419.714546893912,278841.8913383927,0.5942580702515532,687239.5256543242,10.912333757041338
Ceiba,2000-2004,2,85,NA,0.1287578346237911,8.410421609926019,1,48558.52099423158,48558.52099423158,408397.63431593153,0,408397.63431593153,8.410421609926019
Ceiba,2005-2009,1,0,1,0.012809191309526001,0.12372989920140634,0.012667012813704547,100000,1266.7012813704496,98890.0275404918,0.9868970139321601,7472726.685799514,74.72726685799513
Ceiba,2005-2009,1,1,4,3.981728653729776e-4,1.6148342903923083,0.0015911803044057367,98733.29871862955,157.10248031008814,394558.4794255883,0.9983787417749871,7373836.658259022,74.68439476810153
Ceiba,2005-2009,1,5,5,1.8876068944490522e-4,2.5,9.433582748286504e-4,98576.19623831946,92.99267042255087,492648.49951554096,0.9989536095723829,6979278.178833433,70.80084690993974
Ceiba,2005-2009,1,10,5,2.3003618926839474e-4,2.5,0.0011495198684169264,98483.20356789691,113.2083992066473,492132.996841468,0.997460564386824,6486629.6793178925,65.86533991906386
Ceiba,2005-2009,1,15,5,7.87738467119269e-4,2.5,0.003930950932441738,98369.99516869026,386.6876242326689,490883.2567828697,0.9941828623812375,5994496.682476425,60.938263463332824
Ceiba,2005-2009,1,20,5,0.0015481222203923728,2.5,0.007710768073484729,97983.3075444576,755.5265595482197,488027.72132341744,0.9916747510597106,5503613.425693555,56.168887983255935
Ceiba,2005-2009,1,25,5,0.001796937306126996,2.5,0.008944504744982259,97227.78098490938,869.6543483636196,483964.7690536378,0.9904442624839965,5015585.704370138,51.58593206141979
Ceiba,2005-2009,1,30,5,0.0020448982108240144,2.5,0.010172486803957463,96358.12663654576,980.2017716643168,479340.128753568,0.9887826419599702,4531620.9353165,47.02894393546452
Ceiba,2005-2009,1,35,5,0.002469749064715855,2.5,0.012272967448883853,95377.92486488144,1170.570167208789,473963.1989063852,0.985652848102441,4052280.806562932,42.48656921718161
Ceiba,2005-2009,1,40,5,0.003316696847780988,2.5,0.016447109052034954,94207.35469767265,1549.438636216364,467163.17689782236,0.9791069655869755,3578317.607656547,37.98342092440632
Ceiba,2005-2009,1,45,5,0.005148075843181289,2.5,0.025413305159933328,92657.91606145629,2354.7438963532622,457402.7205663983,0.9721873021664512,3111154.4307587245,33.57677965361557
Ceiba,2005-2009,1,50,5,0.006147995635119822,2.5,0.030274657027450323,90303.17216510302,2733.8975657893025,444681.1169110419,0.9598569377995145,2653751.710192326,29.387137202006823
Ceiba,2005-2009,1,55,5,0.010323652259878796,2.5,0.050319557271537946,87569.27459931372,4406.4471284272,426830.2551755006,0.9409439443852635,2209070.5932812844,25.226548962398244
Ceiba,2005-2009,1,60,5,0.014133434903716914,2.5,0.06825546412113688,83162.82747088652,5676.317386651397,401623.3438878041,0.9142162937260974,1782240.3381057836,21.430732844307233
Ceiba,2005-2009,1,65,5,0.02207360308969756,2.5,0.10459598955306644,77486.51008423512,8104.778199274224,367170.6049229901,0.8794953133104535,1380616.9942179795,17.81751420624208
Ceiba,2005-2009,1,70,5,0.029708255621935287,2.5,0.13827174709006812,69381.7318849609,9593.53328386823,322924.8262151339,0.8328739763364784,1013446.3892949895,14.606818852192172
Ceiba,2005-2009,1,75,5,0.044595166734406465,2.5,0.2006102183339607,59788.19860109267,11994.1235751594,268955.68406756484,0.7471274545437664,690521.5630798556,11.549462590218196
Ceiba,2005-2009,1,80,5,0.07569505190064475,2.5,0.31825032275700305,47794.07502593327,15210.479802875685,200944.17562247714,0.5233386153232326,421565.8790122908,8.820463180499829
Ceiba,2005-2009,1,85,NA,0.1471944339944707,6.770944147799014,1,32583.595223057586,32583.595223057586,220621.70338981366,0,220621.70338981366,6.770944147799014
Ceiba,2005-2009,2,0,1,0.0065356027766184845,0.13559757168129932,0.0064988880177219285,100000,649.8888017721911,99438.23454161099,0.9932560233944879,8216458.823121656,82.16458823121656
Ceiba,2005-2009,2,1,4,2.13303719269163e-4,1.5134263091951665,8.527625757151423e-4,99350.11119822781,84.7220567229815,397189.77715563297,0.999142694884294,8117020.588580045,81.70117265782018
Ceiba,2005-2009,2,5,5,1.0052009665063688e-4,2.5,5.024742113624579e-4,99265.38914150483,49.878298124458524,496202.249962213,0.9994410698409562,7719830.811424412,77.76961212955743
Ceiba,2005-2009,2,10,5,1.2312078288565897e-4,2.5,6.154144886441922e-4,99215.51084338037,61.05866287126264,495924.9075597237,0.9987002159291175,7223628.561462198,72.80745218220238
Ceiba,2005-2009,2,15,5,3.9730926171692443e-4,2.5,0.001984575083431572,99154.4521805091,196.7794552087289,495280.3122645237,0.9972248633347078,6727703.653902475,67.85074705122466
Ceiba,2005-2009,2,20,5,7.147288747058872e-4,2.5,0.0035672702958186803,98957.67272530038,353.00876645631797,493905.84171036107,0.9957344071020625,6232423.341637951,62.98069841374226
Ceiba,2005-2009,2,25,5,9.95755773223451e-4,2.5,0.0049664155237921495,98604.66395884406,489.71173380351684,491799.0404597115,0.9948312623754276,5738517.499927591,58.19722181014431
Ceiba,2005-2009,2,30,5,0.0010773075969148548,2.5,0.005372069556214112,98114.95222504054,527.0803478575399,489257.0602555588,0.9932093497634782,5246718.459467879,53.475218001775985
Ceiba,2005-2009,2,35,5,0.0016501581444880336,2.5,0.008216892791036382,97587.871877183,801.8690809202235,485934.68668361445,0.991278785959855,4757461.39921232,48.75053946457317
Ceiba,2005-2009,2,40,5,0.0018545009714799128,2.5,0.009229713575419322,96786.00279626278,893.3070839192369,481696.74627151585,0.9898561138111975,4271526.712528706,44.1337237732649
Ceiba,2005-2009,2,45,5,0.0022256300418842865,2.5,0.011066574955218685,95892.69571234354,1061.20370475862,476810.4692998211,0.9861610647511437,3789829.96625719,39.52157083607103
Ceiba,2005-2009,2,50,5,0.0033563929625365085,2.5,0.016642319403368168,94831.49200758492,1578.2159794881882,470211.92008920416,0.9757499584941894,3313019.4969573687,34.9358575597691
Ceiba,2005-2009,2,55,5,0.0065012799483767,2.5,0.03198651649609725,93253.27602809673,2982.847451987822,458809.2615105141,0.9674506828891626,2842807.5768681644,30.48480115606492
Ceiba,2005-2009,2,60,5,0.006737756261116894,2.5,0.03313071460615227,90270.42857610891,2990.723806530121,443875.33336421923,0.9521524055248847,2383998.31535765,26.409515862081573
Ceiba,2005-2009,2,65,5,0.013024471142403815,2.5,0.0630687625184959,87279.70476957879,5504.622972797006,422636.96641590144,0.9213420406934713,1940122.9819934312,22.228798632115197
Ceiba,2005-2009,2,70,5,0.02001288529754846,2.5,0.09529653016892943,81775.08179678179,7792.8815495136805,389393.2051101247,0.8913114389933641,1517486.0155775298,18.55682663025168
Ceiba,2005-2009,2,75,5,0.026323614932625864,2.5,0.12349123534611575,73982.2002472681,9136.153302158848,347070.6179809434,0.8413893575748475,1128092.810467405,15.24816518969455
Ceiba,2005-2009,2,80,5,0.04411826903115187,2.5,0.1986780193816223,64846.04694510926,12883.484171782009,292021.5242960913,0.626103423045622,781022.1924864616,12.04425295419441
Ceiba,2005-2009,2,85,NA,0.11259900976702929,9.410634158355595,1,51962.56277332725,51962.56277332725,489000.66819037026,0,489000.66819037026,9.410634158355595
Ceiba,2010-2014,1,0,1,0.012071318605007875,0.12520228728963703,0.011945177980583761,100000,1194.517798058383,98955.03856246671,0.9876606411403879,7609879.63992142,76.09879639921421
Ceiba,2010-2014,1,1,4,3.6838749273996994e-4,1.6170091787445011,0.0014722575290559803,98805.48220194162,145.46711508381122,394875.28200772725,0.9984921555937966,7510924.601358954,76.0172860247562
Ceiba,2010-2014,1,5,5,1.7390417124034204e-4,2.5,8.691429872245037e-4,98660.0150868578,85.74966023220622,493085.7012837085,0.9990357330591755,7116049.319351226,72.12698389602348
Ceiba,2010-2014,1,10,5,2.120070364659735e-4,2.5,0.0010594736426618812,98574.2654266256,104.4368360642693,492610.23504296737,0.9973026711630858,6622963.618067518,67.18755234343962
Ceiba,2010-2014,1,15,5,8.692692031884731e-4,2.5,0.0043369211359919274,98469.82859056133,427.055880871907,491281.5032506269,0.9939759132454588,6130353.38302455,62.256159787934934
Ceiba,2010-2014,1,20,5,0.001549701032088883,2.5,0.007718601349251372,98042.77270968942,756.7530777213688,488321.9808541437,0.990909371282234,5639071.879773923,57.51644638275945
Ceiba,2010-2014,1,25,5,0.0021056925239464823,2.5,0.010473328595421874,97286.01963196805,1018.9084513462585,483882.8270314746,0.9887173910274961,5150749.89891978,52.944399600322946
Ceiba,2010-2014,1,30,5,0.0024348222119905637,2.5,0.012100454918923356,96267.1111806218,1164.8758390160801,478423.3663055688,0.9865576364516844,4666867.071888305,48.47831221539478
Ceiba,2010-2014,1,35,5,0.0029822111741160573,2.5,0.014800708772862119,95102.23534160572,1407.580488939304,471992.22548568033,0.9851055552520089,4188443.7055827365,44.04148536086364
Ceiba,2010-2014,1,40,5,0.003020556233000961,2.5,0.014989588924365768,93694.65485266641,1404.4443606518034,464962.1633617025,0.9831498358789337,3716451.480097056,39.665565617815936
Ceiba,2010-2014,1,45,5,0.0037832579325005338,2.5,0.01873905298536658,92290.21049201461,1729.4311444404884,457127.4745989718,0.9752032941194667,3251489.3167353533,35.231139894481956
Ceiba,2010-2014,1,50,5,0.006291431188460706,2.5,0.030970041233985016,90560.77934757412,2804.6710705761943,445792.21906143014,0.9598020460731242,2794361.8421363817,30.856203560390796
Ceiba,2010-2014,1,55,5,0.010197676096164393,2.5,0.04972078922150553,87756.10827699793,4363.302962540241,427872.28397863905,0.94085972524634,2348569.6230749516,26.762463253974353
Ceiba,2010-2014,1,60,5,0.014304399948436354,2.5,0.06905260938680187,83392.80531445768,5758.490811048861,402567.7995446663,0.924589482755181,1920697.3390963124,23.03193101435723
Ceiba,2010-2014,1,65,5,0.017153349941025294,2.5,0.08224002009548928,77634.31450340882,6384.647584859878,372209.9535548944,0.8920915359698041,1518129.5395516462,19.55487788180299
Ceiba,2010-2014,1,70,5,0.02915624083662807,2.5,0.13587704459237873,71249.66691854894,9681.1941690838,332045.3491700352,0.8445554637326055,1145919.5859967517,16.083157094709534
Ceiba,2010-2014,1,75,5,0.039099354735551935,2.5,0.17808887357213068,61568.472749465145,10964.659959508674,280430.713848554,0.7850868351404147,813874.2368267166,13.219009672995126
Ceiba,2010-2014,1,80,5,0.05969519435375598,2.5,0.25971641682126384,50603.81278995647,13142.64093530154,220162.46161152853,0.5872806545997911,533443.5229781625,10.541567790402485
Ceiba,2010-2014,1,85,NA,0.15885605725015542,8.362820644856725,1,37461.17185465493,37461.17185465493,313281.061366634,0,313281.061366634,8.362820644856725
Ceiba,2010-2014,2,0,1,0.006362798359380814,0.13595273141591538,0.006328008496608571,100000,632.8008496608527,99453.23015429285,0.9934176526108743,8237548.835572134,82.37548835572134
Ceiba,2010-2014,2,1,4,2.1585659398115062e-4,1.5137043301760178,8.62963237953405e-4,99367.19915033915,85.75023992513889,397255.59615114436,0.9991621047298557,8138095.605417841,81.89921498245295
Ceiba,2010-2014,2,5,5,9.237148766164105e-5,2.5,4.617508067858258e-4,99281.44891041401,45.84328913324862,496292.6363292369,0.9994865578133201,7740840.009266697,77.96864463825055
Ceiba,2010-2014,2,10,5,1.130634385494688e-4,2.5,5.651574461368888e-4,99235.60562128076,56.083741438778816,496037.81875280687,0.9987583668903877,7244547.3729374595,73.0035084441898
Ceiba,2010-2014,2,15,5,3.840666751957057e-4,2.5,0.0019184913045367153,99179.52187984198,190.27505031457986,495421.9217734235,0.9973014310645064,6748509.554184653,68.04337655872762
Ceiba,2010-2014,2,20,5,6.972424558335816e-4,2.5,0.0034801460152820212,98989.2468295274,344.49703290953767,494084.9915653632,0.9960983701159679,6253087.632411229,63.16936265996522
Ceiba,2010-2014,2,25,5,8.667913969969778e-4,2.5,0.004324585700782353,98644.74979661786,426.5976744277141,492157.25479702005,0.9948124551134477,5759002.640845866,58.381238258696655
Ceiba,2010-2014,2,30,5,0.0012145269708008506,2.5,0.00605425222247369,98218.15212219015,594.6374657730339,489604.1669465182,0.9934958795937618,5266845.386048846,53.62395109507383
Ceiba,2010-2014,2,35,5,0.0013962022593003885,2.5,0.006956728795348428,97623.51465641712,679.1403155134176,486419.7224933021,0.9918547837653034,4777241.219102328,48.935353699522885
Ceiba,2010-2014,2,40,5,0.0018771742245473361,2.5,0.009342029579905787,96944.3743409037,905.6572126981773,482457.72867277305,0.9893592551902816,4290821.496609026,44.260654893912715
Ceiba,2010-2014,2,45,5,0.0024047116220512984,2.5,0.011951707087912353,96038.71712820552,1147.826616215185,477324.0191004897,0.9864054270298959,3808363.767936253,39.654463135449134
Ceiba,2010-2014,2,50,5,0.0030749197874176096,2.5,0.015257311415154918,94890.89051199034,1447.7798670028133,470835.00289244467,0.9823697567680358,3331039.748835763,35.103893860231565
Ceiba,2010-2014,2,55,5,0.00404855450604748,2.5,0.020039940551188806,93443.11064498752,1872.5943822437112,462534.06726932834,0.97086672287186,2860204.7459433186,30.609048930422627
Ceiba,2010-2014,2,60,5,0.007832956023781845,2.5,0.03841257018633425,91570.51626274381,3517.458882941515,449058.93410636525,0.9576557568396675,2397670.67867399,26.18387202049118
Ceiba,2010-2014,2,65,5,0.009507321577011634,2.5,0.046432974826427824,88053.0573798023,4088.5653967063554,430043.8734072456,0.92962333566103,1948611.744567625,22.12997257054472
Ceiba,2010-2014,2,70,5,0.02005472909661804,2.5,0.09548626741923999,83964.49198309594,8017.4559352185315,399778.82007743337,0.8895615978535271,1518567.8711603794,18.085834086462448
Ceiba,2010-2014,2,75,5,0.02711519002188618,2.5,0.12696898005662946,75947.03604787741,9642.917705323081,355627.8859760793,0.8354169300550323,1118789.051082946,14.731174635671831
Ceiba,2010-2014,2,80,5,0.04634576648279116,2.5,0.2076675526598862,66304.11834255433,13769.213987469731,297097.55674409727,0.6107014214979162,763161.1651068666,11.5100115073405
Ceiba,2010-2014,2,85,NA,0.11619262533840688,8.871503890301863,1,52534.904355084596,52534.904355084596,466063.6083627693,0,466063.6083627693,8.871503890301863
Ceiba,2015-2019,1,0,1,0.010717213744015174,0.12790433583450492,0.01061797353773776,100000,1061.7973537737707,99074.0111315515,0.9890200492286694,7778328.202935837,77.78328202935838
Ceiba,2015-2019,1,1,4,3.3675341438719884e-4,1.6210080457307963,0.0013459353834043893,98938.20264622623,133.16442771200673,395436.01348278316,0.9986245334824045,7679254.191804286,77.61667370553546
Ceiba,2015-2019,1,5,5,1.582313929568742e-4,2.5,7.908441238660434e-4,98805.03821851422,78.13938388347742,493829.8426328624,0.9991209940829036,7283818.178321503,73.71909681582059
Ceiba,2015-2019,1,10,5,1.9354109765169395e-4,2.5,9.672374877457993e-4,98726.89883463075,95.49235760174633,493395.7632791493,0.9978318814956462,6789988.33568864,68.77546459817387
Ceiba,2015-2019,1,15,5,6.751701529921075e-4,2.5,0.003370162182669335,98631.406477029,332.40383613237645,492326.022794814,0.9950042861480245,6296592.572409491,63.83963077598362
Ceiba,2015-2019,1,20,5,0.0013297584806597315,2.5,0.006626762419482098,98299.00264089662,651.4041365732555,489866.50286305,0.9925511092851136,5804266.549614677,59.047054330944476
Ceiba,2015-2019,1,25,5,0.0016621791964779662,2.5,0.008276503402949924,97647.59850432337,808.1806813109288,486217.5408183395,0.9904851017889076,5314400.046751627,54.42427799713201
Ceiba,2015-2019,1,30,5,0.0021643738851671,2.5,0.010763628136713619,96839.41782301244,1042.3434824227443,481591.2304090053,0.9885776112290111,4828182.505933288,49.85761598399389
Ceiba,2015-2019,1,35,5,0.00243236504237545,2.5,0.012088317211362092,95797.0743405897,1158.0254225494864,476090.30814657477,0.987408554513529,4346591.275524282,45.372902100023836
Ceiba,2015-2019,1,40,5,0.0026374221089222505,2.5,0.013100730156218664,94639.04891804021,1239.840642116411,470095.64298491,0.9846692285470767,3870500.9673777074,40.897504905503204
Ceiba,2015-2019,1,45,5,0.0035492999790436397,2.5,0.01759041573967768,93399.2082759238,1642.9309033302561,462888.71412129333,0.975507818145725,3400405.3243927974,36.40721786792003
Ceiba,2015-2019,1,50,5,0.006404431257703192,2.5,0.03151752670552014,91756.27737259354,2891.9309224898316,451551.5595567431,0.9632256203289122,2937516.610271504,32.014339447786966
Ceiba,2015-2019,1,55,5,0.008622404175561664,2.5,0.04220230749686016,88864.34645010371,3750.280474394778,434946.0310645316,0.9445867499401974,2485965.050714761,27.974830739464238
Ceiba,2015-2019,1,60,5,0.014337376476238742,2.5,0.06920629076803046,85114.06597570893,5890.428798364228,410844.25788263406,0.9260209609710378,2051019.0196502295,24.09729809213413
Ceiba,2015-2019,1,65,5,0.016472887524436118,2.5,0.07910665024248231,79223.6371773447,6267.116557125541,380450.39449390967,0.9024931624787185,1640174.7617675953,20.70309847168479
Ceiba,2015-2019,1,70,5,0.024964009059301524,2.5,0.11748763908059764,72956.52062021916,8571.489363204484,343353.8796930846,0.8551950223152446,1259724.3672736858,17.266782414573726
Ceiba,2015-2019,1,75,5,0.03853855688422328,2.5,0.17575903545647723,64385.03125701468,11316.250991568042,293634.5288061533,0.7995975536853576,916370.4875806011,14.23266355067217
Ceiba,2015-2019,1,80,5,0.05205421333493999,2.5,0.23030075508386658,53068.780265446636,12221.780166512151,234789.45091095282,0.6229711042011747,622735.9587744479,11.734506722399923
Ceiba,2015-2019,1,85,NA,0.12680988221036207,9.497552009299572,1,40847.000098934484,40847.000098934484,387946.50786349503,0,387946.50786349503,9.497552009299572
Ceiba,2015-2019,2,0,1,0.0060064866240549936,0.1366850482361785,0.005975500726524808,100000,597.5500726524915,99484.12608785155,0.9938410988991849,8541592.350997403,85.41592350997404
Ceiba,2015-2019,2,1,4,1.7549696226779526e-4,1.514277860317944,7.016817497510562e-4,99402.44992734751,69.74888499455119,397436.42336174095,0.9992770627819699,8442108.224909551,84.92857299875229
Ceiba,2015-2019,2,5,5,8.232467597792261e-5,2.5,4.115386804183185e-4,99332.70104235296,40.87924870935967,496561.3070899914,0.9995420479850426,8044671.801547811,80.98714438579262
Ceiba,2015-2019,2,10,5,1.0090233843420897e-4,2.5,5.043844582427783e-4,99291.8217936436,50.081251743322355,496333.9058388597,0.9989251052391429,7548110.4944578195,76.01945817999916
Ceiba,2015-2019,2,15,5,3.294096466119198e-4,2.5,0.0016456929652143414,99241.74054190028,163.32143426543917,495800.39912383776,0.9976669590235142,7051776.58861896,71.05655896514301
Ceiba,2015-2019,2,20,5,6.052187441121219e-4,2.5,0.00302152201616079,99078.41910763484,299.3676246601244,494643.67647652386,0.9966212364700313,6555976.189495122,66.16956799010863
Ceiba,2015-2019,2,25,5,7.488167425758489e-4,2.5,0.0037370877282308103,98779.05148297471,369.14598110329825,492972.3924621153,0.9958108778644337,6061332.513018599,61.36253003060384
Ceiba,2015-2019,2,30,5,9.30731057726889e-4,2.5,0.0046428521718525,98409.90550187141,456.9026434911648,490907.27090062917,0.9948420286205624,5568360.120556483,56.58332961665726
Ceiba,2015-2019,2,35,5,0.0011383289622558406,2.5,0.005675493365097749,97953.00285838025,555.9316178141307,488375.1852473659,0.9928714406154948,5077452.849655854,51.83560178340626
Ceiba,2015-2019,2,40,5,0.00172539436775848,2.5,0.008589919342659092,97397.07124056612,836.6329861676786,484893.77373741136,0.9905954539725812,4589077.664408488,47.1172038949065
Ceiba,2015-2019,2,45,5,0.0020557575093267414,2.5,0.010226230919123464,96560.43825439844,987.4493392412405,480333.5679238891,0.9873477545661673,4104183.8906710767,42.503782758920174
Ceiba,2015-2019,2,50,5,0.003043649666805397,2.5,0.015103325256813105,95572.9889151572,1443.4699373514159,474256.26973240747,0.9812939819867399,3623850.3227471877,37.917097329290186
Ceiba,2015-2019,2,55,5,0.004523371813115455,2.5,0.02236395782444528,94129.51897780578,2105.1085924549698,465384.8234078915,0.9731357788812625,3149594.0530147804,33.46021617041731
Ceiba,2015-2019,2,60,5,0.006394088851129219,2.5,0.0314674303910533,92024.41038535081,2895.771728078733,452882.62260655727,0.9616246732080103,2684209.2296068887,29.168448005988886
Ceiba,2015-2019,2,65,5,0.009313448495231537,2.5,0.045507659371910605,89128.63865727208,4056.0357282972545,435503.10396561725,0.9434956278027494,2231326.6070003314,25.034900573097396
Ceiba,2015-2019,2,70,5,0.014084114427339773,2.5,0.06802537907940509,85072.60292897483,5787.096063515215,410895.2744860861,0.9161660294038588,1795823.5030347141,21.109304772701105
Ceiba,2015-2019,2,75,5,0.02122920211718866,2.5,0.10079644056245919,79285.50686545961,7991.696880228745,376448.2921267262,0.8734389878774813,1384928.228548628,17.467608940165153
Ceiba,2015-2019,2,80,5,0.03365455760482047,2.5,0.15521366956548444,71293.80998523087,11065.773865112067,328804.6152633741,0.6739601816670973,1008479.9364219019,14.145406685809292
Ceiba,2015-2019,2,85,NA,0.11657747740912547,11.285032103703054,1,60228.0361201188,60228.0361201188,679675.3211585277,0,679675.3211585277,11.285032103703054
Ceiba,2020-2024,1,0,1,0.012490054952187041,0.12436671984565838,0.012354932663912636,100000,1235.4932663912623,98918.16097854121,0.9872544438693472,7606367.1054205075,76.06367105420507
Ceiba,2020-2024,1,1,4,3.7081618340064677e-4,1.6157745878836312,0.0014819545237256737,98764.50673360874,146.36450753740792,394709.06095613237,0.9984997582182051,7507448.944441966,76.0136327586927
Ceiba,2020-2024,1,5,5,1.655953747545575e-4,2.5,8.276342427663111e-4,98618.14222607133,81.61975146429904,492886.6617516959,0.9990806641451019,7112739.883485833,72.12405063543636
Ceiba,2020-2024,1,10,5,2.0232497180564242e-4,2.5,0.0010111134252900518,98536.52247460703,99.63160075545602,492433.53337114654,0.9978688236707933,6619853.221734137,67.1817216143393
Ceiba,2020-2024,1,15,5,6.515340939156633e-4,2.5,0.0032523728900183814,98436.89087385157,320.15347525582183,491384.07068111835,0.9947414859576028,6127419.688362991,62.247188365745686
Ceiba,2020-2024,1,20,5,0.0014595465691727154,2.5,0.007271201203936153,98116.73739859575,713.4265390989603,488800.1206452314,0.991275226969575,5636035.617681873,57.442142565194345
Ceiba,2020-2024,1,25,5,0.0020482330111328438,2.5,0.010188991483895554,97403.31085949679,992.4415048506344,484535.4505353574,0.9885828983537862,5147235.497036641,52.84456402576984
Ceiba,2020-2024,1,30,5,0.002547694939439812,2.5,0.012657853821883606,96410.86935464616,1220.3546911318263,479003.46004540124,0.9866592240205848,4662700.0465012835,48.36280470980508
Ceiba,2020-2024,1,35,5,0.002826320764491259,2.5,0.014032453287200375,95190.51466351433,1335.7564504003385,472613.1821915708,0.98365098910505,4183696.5864558825,43.95077178902422
Ceiba,2020-2024,1,40,5,0.0037750011280598393,2.5,0.018698538133927578,93854.758213114,1754.9467754984507,464886.42412682384,0.9804130680633868,3711083.404264312,39.54070603258744
Ceiba,2020-2024,1,45,5,0.0041408787569557435,2.5,0.020492253937251445,92099.81143761554,1887.332723552594,455780.7253791962,0.9724696488196637,3246196.980137488,35.24651060047308
Ceiba,2020-2024,1,50,5,0.007065785264885964,2.5,0.03471569225739822,90212.47871406295,3131.788648814487,443232.92194827856,0.9589862231545935,2790416.254758292,30.931599425427407
Ceiba,2020-2024,1,55,5,0.00973916543092091,2.5,0.047538367100827525,87080.69006524846,4139.673811715169,425054.2657969544,0.9440745776672068,2347183.332810013,26.95411957635267
Ceiba,2020-2024,1,60,5,0.01337924333627044,2.5,0.06473108435871253,82941.0162535333,5368.861919904812,401282.9264679044,0.9255443929915226,1922129.0670130588,23.17465053885418
Ceiba,2020-2024,1,65,5,0.017722542096660746,2.5,0.0848531755442576,77572.15433362848,6582.2436290176265,371405.1625955984,0.8923372819016389,1520846.1405451545,19.60556792072808
Ceiba,2020-2024,1,70,5,0.02840018640561192,2.5,0.13258718043004047,70989.91070461085,9412.352099304699,331418.6732747925,0.8467767823955117,1149440.977949556,16.191610420984777
Ceiba,2020-2024,1,75,5,0.038840342956901745,2.5,0.1770135475475929,61577.558605306156,10900.062098045048,280637.63778141816,0.7869714669244798,818022.3046747636,13.284422494208375
Ceiba,2020-2024,1,80,5,0.058923445413499614,2.5,0.256789867688753,50677.49650726111,13013.467622896824,220853.81347906348,0.5890209991367389,537384.6668933454,10.60400974654201
Ceiba,2020-2024,1,85,NA,0.12736596926699115,8.404062517743167,1,37664.028884364285,37664.028884364285,316530.8534142819,0,316530.8534142819,8.404062517743167
Ceiba,2020-2024,2,0,1,0.007123582544246259,0.13438911450428698,0.007079925946671927,100000,707.992594667201,99387.15390320572,0.9927565582030056,8397220.309658773,83.97220309658773
Ceiba,2020-2024,2,1,4,1.7913955034783347e-4,1.5124809604847649,7.162390359355737e-4,99292.0074053328,71.1168116600893,396991.1251982971,0.9992284676603449,8297833.155755568,83.57000097582785
Ceiba,2020-2024,2,5,5,8.802160851447816e-5,2.5,4.400112163348253e-4,99220.89059367271,43.658304755954305,495995.30720647366,0.9995230321036117,7900842.030557271,79.62881590039977
Ceiba,2020-2024,2,10,5,1.0281458929921669e-4,2.5,5.139408449538384e-4,99177.23228891676,50.97123056274722,495758.7333681769,0.9989017312597882,7404846.723350797,74.66276838397216
Ceiba,2020-2024,2,15,5,3.3686287274837536e-4,2.5,0.0016828970998628776,99126.26105835401,166.81929725535156,495214.25704863167,0.9976164613076631,6909087.989982621,69.69987484865744
Ceiba,2020-2024,2,20,5,6.18025692336931e-4,2.5,0.003085361380176921,98959.44176109866,305.32563981355634,494033.8947059594,0.9961739670165662,6413873.732933989,64.81315596361122
Ceiba,2020-2024,2,25,5,9.158917330162959e-4,2.5,0.004568996898861867,98654.1161212851,450.7503506181238,492143.7047298802,0.995351843967043,5919839.838228029,60.00600959163421
Ceiba,2020-2024,2,30,5,9.477760913232407e-4,2.5,0.004727678504979997,98203.36577066698,464.2739414706739,489856.14399965823,0.9944612076245135,5427696.133498149,55.2699603613727
Ceiba,2020-2024,2,35,5,0.001274801720923434,2.5,0.00635375914688023,97739.0918291963,621.0106487175217,487142.9325241877,0.9933223693673146,4937839.9894984905,50.52062482970069
Ceiba,2020-2024,2,40,5,0.0014056368558779733,2.5,0.007003573078285683,97118.08118047878,680.1735787703656,483889.971955468,0.991248782260116,4450697.056974303,45.827687315026104
Ceiba,2020-2024,2,45,5,0.0021133445786427384,2.5,0.0105111884852129,96437.90760170842,1013.6770239211037,479655.34544873936,0.9882327134501514,3966807.085018835,41.13327615321013
Ceiba,2020-2024,2,50,5,0.0026244527285905128,2.5,0.013036727952336562,95424.23057778731,1244.01973410364,474011.10355367744,0.9822102561212076,3487151.7395700957,36.54367154396348
Ceiba,2020-2024,2,55,5,0.004572793650784431,2.5,0.022605542055957106,94180.21084368367,2128.9947170658124,465578.5674257538,0.9683418505754845,3013140.636016418,31.993351990021573
Ceiba,2020-2024,2,60,5,0.008354968975278319,2.5,0.04092012885869463,92051.21612661786,3766.7476255007496,450839.2115693374,0.9589681379098197,2547562.0685906643,27.675485189532463
Ceiba,2020-2024,2,65,5,0.008402548053741068,2.5,0.04114836253487523,88284.46850111711,3632.7613160827314,432340.4392153787,0.937636117097843,2096722.8570213271,23.74962315137907
Ceiba,2020-2024,2,70,5,0.01764331045430011,2.5,0.08448985061012104,84651.70718503438,7152.2100939552765,405378.0106902837,0.8975140478402758,1664382.4178059483,19.661533986170987
Ceiba,2020-2024,2,75,5,0.026017498518023374,2.5,0.12214286318533774,77499.4970910791,9466.010470128153,363832.45928007516,0.8526639351405407,1259004.4071156646,16.245323574629847
Ceiba,2020-2024,2,80,5,0.03860480790750781,2.5,0.17603458608528855,68033.48662095095,11976.24665725811,310226.81646160944,0.6534444391251335,895171.9478355895,13.157813781072935
Ceiba,2020-2024,2,85,NA,0.09841304495730878,10.434782942450207,1,56057.23996369284,56057.23996369284,584945.1313739801,0,584945.1313739801,10.434782942450207
Ciales,1980-1984,1,0,1,0.016850583447115076,0.11566550326045423,0.01660317043564369,100000,1660.3170435643697,98531.72436285141,0.9829410475206017,7268189.979235847,72.68189979235846
Ciales,1980-1984,1,1,4,4.458429175202886e-4,1.6029746474774056,0.0017814678211631697,98339.68295643563,175.18898073027958,392938.7993974495,0.9981413852026289,7169658.254872995,72.90707107576446
Ciales,1980-1984,1,5,5,2.1640744592516415e-4,2.5,0.0010814521438849494,98164.49397570535,106.16020246341941,490557.0693723682,0.9987461729229292,6776719.4554755455,69.03432372556935
Ciales,1980-1984,1,10,5,2.8548132912357337e-4,2.5,0.0014263886273149355,98058.33377324193,139.8692921075999,489941.99563594064,0.9970988902845258,6286162.386103177,64.10635531131715
Ciales,1980-1984,1,15,5,8.775083049349798e-4,2.5,0.004377937333752767,97918.46448113433,428.6809013157035,488520.6201523824,0.9937061223237288,5796220.390467237,59.194355438283836
Ciales,1980-1984,1,20,5,0.0016504303724509013,2.5,0.008218242768570945,97489.78357981863,801.1947089143941,485445.9311268072,0.9906191800370325,5307699.770314855,54.443651174681676
Ciales,1980-1984,1,25,5,0.0021218018539247846,2.5,0.01055303066952611,96688.58887090423,1020.3576437478478,480892.0502451515,0.9896632190047897,4822253.839188048,49.87407402983799
Ciales,1980-1984,1,30,5,0.00203393488360974,2.5,0.01011822489163046,95668.23122715639,967.9926785408752,475921.1744394297,0.9869083267559638,4341361.788942896,45.37934623913645
Ciales,1980-1984,1,35,5,0.003245219770849757,2.5,0.016095515144327822,94700.23854861551,1524.2491237306967,469690.5699337508,0.9831229122803207,3865440.614503466,40.81764390191156
Ciales,1980-1984,1,40,5,0.0035657955615039706,2.5,0.017671445899138587,93175.98942488481,1646.5544562205614,461763.5609838727,0.9791889292425664,3395750.0445697154,36.44447529379067
Ciales,1980-1984,1,45,5,0.004859769753678048,2.5,0.02400717540611553,91529.43496866425,2197.3632001153746,452153.7668430328,0.9699519059625967,2933986.4835858424,32.05511412356378
Ciales,1980-1984,1,50,5,0.007381260676196204,2.5,0.036237605352511006,89332.07176854888,3237.180362070867,438567.4079375672,0.9582096783093189,2481832.71674281,27.78210185444941
Ciales,1980-1984,1,55,5,0.009741988847938662,2.5,0.047551820965822764,86094.89140647801,4093.9688622327812,420239.5348768081,0.9421035738985387,2043265.3088052426,23.732712538754672
Ciales,1980-1984,1,60,5,0.014241089795601179,2.5,0.06875749483291556,82000.92254424523,5638.178008130257,395909.1677009005,0.9035519273452092,1623025.7739284346,19.792774563636144
Ciales,1980-1984,1,65,5,0.02693607144176508,2.5,0.1261831606348081,76362.74453611497,9635.692460315404,357724.4915297863,0.8548731464486252,1227116.606227534,16.06957180077756
Ciales,1980-1984,1,70,5,0.03639682695385118,2.5,0.1668061026378642,66727.05207579957,11130.479497277942,305809.061635803,0.8018978362453073,869392.1146977476,13.029080225365703
Ciales,1980-1984,1,75,5,0.05342830047856553,2.5,0.23566372201371316,55596.57257852163,13102.095225059951,245227.62482995825,0.6999539460521516,563583.0530619447,10.1370107350767
Ciales,1980-1984,1,80,5,0.09513500349009024,2.5,0.3842790463994909,42494.477353461676,16329.737234633016,171648.04368072585,0.46082890863841186,318355.4282319864,7.491689463173327
Ciales,1980-1984,1,85,NA,0.16627084327895555,5.6070644648095325,1,26164.74011882866,26164.74011882866,146707.38455126053,0,146707.38455126053,5.6070644648095325
Ciales,1980-1984,2,0,1,0.00913286039930217,0.1302595060071262,0.009060887787662543,100000,906.0887787662505,99211.93789795444,0.9906162713686945,7886399.094184056,78.86399094184056
Ciales,1980-1984,2,1,4,2.832501678579156e-4,1.509257935569473,0.0011322018994728812,99093.91122123375,112.19431451088167,396096.1977863928,0.9988855049405656,7787187.156286102,78.58391156748964
Ciales,1980-1984,2,5,5,1.2326664720664423e-4,2.5,6.161433612173813e-4,98981.71690672287,60.986927753983764,494756.11721422937,0.9993166366882102,7391090.958499709,74.67127454926683
Ciales,1980-1984,2,10,5,1.5018130590382865e-4,2.5,7.506247050230332e-4,98920.72997896888,74.25234376112348,494418.0190354416,0.9984554907137587,6896334.84128548,69.71576981641442
Ciales,1980-1984,2,15,5,4.6834577298826856e-4,2.5,0.0023389902244796033,98846.47763520776,231.2009449129837,493654.3858137564,0.9965594295111955,6401916.822250038,64.76626153413648
Ciales,1980-1984,2,20,5,9.110168401887276e-4,2.5,0.004544733379336778,98615.27669029478,448.1801396869123,491955.9331022566,0.9948755077444298,5908262.436436282,59.91224316077737
Ciales,1980-1984,2,25,5,0.001144645790528227,2.5,0.005706898010678891,98167.09655060786,560.2296080187953,489434.9087329923,0.9939239708410508,5416306.503334025,55.17435773952801
Ciales,1980-1984,2,30,5,0.0012936259822402976,2.5,0.006447278992153983,97606.86694258907,629.2987027289346,486461.087956123,0.9924150406504106,4926871.594601033,50.47669030805944
Ciales,1980-1984,2,35,5,0.0017536591912742385,2.5,0.008730022246987547,96977.56823986013,846.6163281927438,482771.30037881876,0.9906865330708662,4440410.50664491,45.788016623207035
Ciales,1980-1984,2,40,5,0.0019902638368036424,2.5,0.009902049954183126,96130.95191166739,951.8934879724984,478275.0258384057,0.9878473394164231,3957639.206266091,41.169250148512816
Ciales,1980-1984,2,45,5,0.002906117455682038,2.5,0.014425779752533533,95179.05842369489,1373.0321338737413,472462.7117837901,0.9822752554319093,3479364.1804276854,36.55598445762198
Ciales,1980-1984,2,50,5,0.004259274931765099,2.5,0.021071996096980197,93806.02628982115,1976.6802198523364,464088.43089947494,0.9709981029700301,3006901.4686438954,32.0544594795417
Ciales,1980-1984,2,55,5,0.007560760271072765,2.5,0.03710249370446766,91829.34606996881,3407.09773444639,450628.9860137281,0.9570434447595533,2542813.03774442,27.69063645304562
Ciales,1980-1984,2,60,5,0.010053735677091809,2.5,0.049036186247594156,88422.24833552242,4335.889837811701,431271.5170830829,0.9381590666321787,2092184.0517306922,23.661285379125403
Ciales,1980-1984,2,65,5,0.01565047782647843,2.5,0.07530595373458002,84086.35849771072,6332.203422737919,404601.2839317088,0.902761873320743,1660912.5346476093,19.75246121156297
Ciales,1980-1984,2,70,5,0.025748509692506416,2.5,0.12095642900125747,77754.1550749728,9404.864937878723,365258.61303016724,0.8625269151680345,1256311.2507159007,16.15748058099955
Ciales,1980-1984,2,75,5,0.033901231052695054,2.5,0.15626243313689941,68349.29013709408,10680.426380002187,315045.384735465,0.7949868027102042,891052.6376857334,13.036750431474447
Ciales,1980-1984,2,80,5,0.06050924078139517,2.5,0.2627927321446262,57668.863757091895,15154.958266402391,250456.92311945348,0.5651844280837943,576007.2529502683,9.988184531890195
Ciales,1980-1984,2,85,NA,0.12815608129113987,7.657502317732488,1,42513.9054906895,42513.9054906895,325550.32983081485,0,325550.32983081485,7.657502317732488
Ciales,1985-1989,1,0,1,0.0167312899601372,0.11590354744904424,0.016487407013865328,100000,1648.7407013865304,98542.3541947278,0.982912835414814,7289709.053852711,72.89709053852711
Ciales,1985-1989,1,1,4,5.21376210425175e-4,1.6033234426672238,0.002082902109417985,98351.25929861347,204.85604545699607,392914.0635126792,0.9979751481336709,7191166.699657983,73.11717969796612
Ciales,1985-1989,1,5,5,2.2079214634259392e-4,2.5,0.001103351703236149,98146.40325315647,108.29000119586999,490461.2912627927,0.9987184223074109,6798252.636145304,69.26644696912687
Ciales,1985-1989,1,10,5,2.9221342489983715e-4,2.5,0.0014600005451000872,98038.1132519606,143.1356987884501,489832.7270128319,0.9971660625212138,6307791.3448825115,64.34019521235906
Ciales,1985-1989,1,15,5,8.437527090396143e-4,2.5,0.0042098832941127005,97894.97755317215,412.1264305786317,488444.57168941415,0.9939936348977422,5817958.61786968,59.430613942473464
Ciales,1985-1989,1,20,5,0.0015682125892324088,2.5,0.007810441863019406,97482.85112259352,761.3841413343907,485510.7952596316,0.9910518635046897,5329514.046180265,54.6712984366647
Ciales,1985-1989,1,25,5,0.002029199563562742,2.5,0.01009478697450639,96721.46698125913,976.3826050375646,481166.37839370174,0.988591266586003,4844003.250920634,50.081986989084996
Ciales,1985-1989,1,30,5,0.0025635405527988766,2.5,0.012736079125688488,95745.08437622157,1219.4169705112872,475676.8794548296,0.985811093558658,4362836.8725269325,45.56721528787382
Ciales,1985-1989,1,35,5,0.0031568137588144514,2.5,0.015660475780538297,94525.66740571028,1480.3169250463397,468927.54471593554,0.9827478546002753,3887159.9930721023,41.12279870385004
Ciales,1985-1989,1,40,5,0.003809771126489327,2.5,0.018869137890652744,93045.35048066394,1755.6855483037507,460837.5385325603,0.9780449603388631,3418232.448356167,36.73727306843259
Ciales,1985-1989,1,45,5,0.005083861110273229,2.5,0.025100289586156996,91289.66493236019,2291.3970260254864,450719.8320967372,0.9695416565998343,2957394.9098236067,32.39572532131482
Ciales,1985-1989,1,50,5,0.007322507703991598,2.5,0.03595434853461618,88998.2679063347,3199.8747432815,436991.65267346974,0.9542980807865638,2506675.0777268694,28.165436661812265
Ciales,1985-1989,1,55,5,0.011483057759427498,2.5,0.05581302822990607,85798.3931630532,4788.668139690068,417020.29546604084,0.92466112895117,2069683.4250533998,24.122636202756464
Ciales,1985-1989,1,60,5,0.02017224481066024,2.5,0.09601893061618261,81009.72502336313,7778.467166254341,385602.4572011798,0.8970873048575081,1652663.1295873588,20.400799152333033
Ciales,1985-1989,1,65,5,0.02340110392005934,2.5,0.11053870055321163,73231.2578571088,8094.88808340198,345919.069077039,0.858479697965859,1267060.672386179,17.302183650300105
Ciales,1985-1989,1,70,5,0.03868119068194625,2.5,0.17635217330296243,65136.369773706814,11486.940370658594,296964.4979418876,0.800113770898398,921141.6033091401,14.14173996047553
Ciales,1985-1989,1,75,5,0.051584290209567715,2.5,0.22845918836383294,53649.42940304822,12256.705097603146,237605.38427123323,0.7344964885283503,624177.1053672525,11.63436614913538
Ciales,1985-1989,1,80,5,0.07435993940355523,2.5,0.3135169445255137,41392.724305445074,12977.320449830106,174520.3204026501,0.5485434891413032,386571.72109601926,9.339122456483665
Ciales,1985-1989,1,85,NA,0.14506940391434978,7.462551008278812,1,28415.403855614968,28415.403855614968,212051.40069336913,0,212051.40069336913,7.462551008278812
Ciales,1985-1989,2,0,1,0.009660871747854762,0.12917430012278652,0.009580273525557941,100000,958.0273525557859,99165.7251602091,0.9901247324265013,7919018.9939561915,79.19018993956192
Ciales,1985-1989,2,1,4,2.7498633546039054e-4,1.5084128949739173,0.0010991922276404982,99041.97264744421,108.86616654426325,395896.64105304156,0.9988998172939302,7819853.268795983,78.95494263459398
Ciales,1985-1989,2,5,5,1.1957124514869206e-4,2.5,5.976775631174118e-4,98933.10648089995,59.13009799315478,494517.70715951687,0.9993364068569638,7423956.6277429415,75.04016493383044
Ciales,1985-1989,2,10,5,1.4596287202673795e-4,2.5,7.295481427781855e-4,98873.9763829068,72.13332583924057,494189.54859993584,0.9983259154688988,6929438.920583424,70.08354649101962
Ciales,1985-1989,2,15,5,5.245490799142813e-4,2.5,0.0026193105072798975,98801.84305706756,258.7927056579938,493362.2335211928,0.9964727678571255,6435249.371983488,65.13288793880609
Ciales,1985-1989,2,20,5,8.894811838576883e-4,2.5,0.0044375381525650496,98543.05035140956,437.28854560451873,491622.0303930365,0.9951617754732451,5941887.138462296,60.29737375972453
Ciales,1985-1989,2,25,5,0.0010508930835360533,2.5,0.005240696887400572,98105.76180580504,514.142560531749,489243.45262769586,0.9941964181941039,5450265.108069259,55.554995015050785
Ciales,1985-1989,2,30,5,0.0012779563631201256,2.5,0.006369432174657962,97591.6192452733,621.6031995978119,486404.088227372,0.9928383667002967,4961021.655441564,50.83450498933947
Ciales,1985-1989,2,35,5,0.0015981422656283198,2.5,0.007958912641439777,96970.01604567548,771.7758865465439,482920.640512011,0.9907114192692216,4474617.567214191,46.14434182527644
Ciales,1985-1989,2,40,5,0.002137141033707747,2.5,0.010628916434896565,96198.24015912894,1022.4830558354879,478434.993156056,0.9875264119797323,3991696.9267021804,41.494490128917185
Ciales,1985-1989,2,45,5,0.0028883219119995376,2.5,0.014338077104306917,95175.75710329345,1364.6373438078153,472467.19215694774,0.9812076799522151,3513261.9335461245,36.9134119913878
Ciales,1985-1989,2,50,5,0.0047172542588943085,2.5,0.023311357295761448,93811.11975948563,2186.864531028841,463588.4374698561,0.9721304443527227,3040794.7413891763,32.41401178437281
Ciales,1985-1989,2,55,5,0.006614922963654571,2.5,0.03253654792323423,91624.2552284568,2981.1369711713196,450668.43371435563,0.958470200576113,2577206.3039193205,28.127991845535767
Ciales,1985-1989,2,60,5,0.01043015922653758,2.5,0.05082550096315236,88643.11825728547,4505.330892362501,431952.2640555211,0.943632130542735,2126537.8702049647,23.989881132483593
Ciales,1985-1989,2,65,5,0.01284079692093492,2.5,0.062207015472814924,84137.78736492297,5233.960640458172,407604.03522346943,0.9088916168500127,1694585.6061494437,20.14060102150863
Ciales,1985-1989,2,70,5,0.02596850482663762,2.5,0.12192687737421519,78903.8267244648,9620.49720539013,370467.89060884865,0.8430047006150365,1286981.5709259743,16.310762409789877
Ciales,1985-1989,2,75,5,0.043688504821477056,2.5,0.1969332283650468,69283.32951907467,13644.189754070729,312306.17321019655,0.7843983633458934,916513.6803171256,13.228487814876111
Ciales,1985-1989,2,80,5,0.054248136952577304,2.5,0.23884803278011338,55639.13976500394,13289.299078448967,244972.4511288973,0.5945557639595108,604207.5071069291,10.859396993893949
Ciales,1985-1989,2,85,NA,0.12972931272771884,8.482559796076872,1,42349.84068655498,42349.84068655498,359235.05597803177,0,359235.05597803177,8.482559796076872
Ciales,1990-1994,1,0,1,0.014296927216748342,0.12076119658533953,0.014119440021824112,100000,1411.944002182412,98758.56404503263,0.9852876251587751,7202391.202624395,72.02391202624395
Ciales,1990-1994,1,1,4,4.961462283216071e-4,1.610458127214244,0.001982234850600615,98588.05599781759,195.4246804518334,393885.2485343549,0.9979940420231341,7103632.638579362,72.05368405617627
Ciales,1990-1994,1,5,5,2.502294691025483e-4,2.5,0.0012503651499935736,98392.63131736575,123.0267172153981,491655.5897937903,0.9986825064679034,6709747.390045008,68.19359641275062
Ciales,1990-1994,1,10,5,2.771330647564779e-4,2.5,0.001384705954270156,98269.60460015036,136.07450661360053,491007.8367342178,0.9972089392235148,6218091.800251218,63.275840231087116
Ciales,1990-1994,1,15,5,8.41640315108947e-4,2.5,0.004199365686894795,98133.53009353676,412.09857900867064,489637.4040201621,0.9932669621310685,5727083.963516999,58.360113592756555
Ciales,1990-1994,1,20,5,0.0018641260638439764,2.5,0.009277394735890527,97721.43151452809,906.6002943165513,486340.65683684906,0.9899934997065242,5237446.559496837,53.59567986596875
Ciales,1990-1994,1,25,5,0.002160088984604787,2.5,0.010742433392924172,96814.83122021153,1040.0268758303137,481474.0889114819,0.9870960326641274,4751105.902659988,49.07415364752631
Ciales,1990-1994,1,30,5,0.0030407355013304647,2.5,0.015088973562675662,95774.80434438122,1445.1434907228104,475261.1629950991,0.9841860416816616,4269631.813748506,44.57990640624045
Ciales,1990-1994,1,35,5,0.0033376289511199216,2.5,0.016550049941035407,94329.66085365841,1561.160598048984,467745.40277316957,0.98163539371647,3794370.6507534073,40.22457641017003
Ciales,1990-1994,1,40,5,0.004083199921222252,2.5,0.020209699002672173,92768.50025560943,1874.8234670951788,459155.44261030917,0.9745613512753181,3326625.2479802375,35.8594268400829
Ciales,1990-1994,1,45,5,0.006251283780829363,2.5,0.030775453668237022,90893.67678851425,2797.2941387406318,447475.14859571966,0.9647179356853357,2867469.8053699285,31.54751690859397
Ciales,1990-1994,1,50,5,0.008149057516435087,2.5,0.03993177181896076,88096.38264977362,3517.844650046609,431687.3016237515,0.9492140527102996,2419994.656774209,27.46985272249913
Ciales,1990-1994,1,55,5,0.0128162044848676,2.5,0.06209157656909468,84578.537999727,5251.614768312138,409763.65307785466,0.9322929014229876,1988307.3551504572,23.508414807984444
Ciales,1990-1994,1,60,5,0.01530273900419247,2.5,0.07369438034955021,79326.92323141487,5845.948452575467,382019.74502563564,0.9100010827553796,1578543.7020726025,19.899217538888124
Ciales,1990-1994,1,65,5,0.022743739854669178,2.5,0.1076005991832689,73480.9747788394,7906.596914773792,347638.3816072625,0.8538198165524863,1196523.957046967,16.28345242626714
Ciales,1990-1994,1,70,5,0.04184528495555248,2.5,0.18941148125983473,65574.37786406561,12420.540043924782,296820.5392105161,0.7901026574138804,848885.5754397045,12.945385119770828
Ciales,1990-1994,1,75,5,0.053301494032103894,2.5,0.2351701670249909,53153.83782014083,12500.196918181799,234518.69680524964,0.7072015906012792,552065.0362291883,10.38617452416582
Ciales,1990-1994,1,80,5,0.09023999744277299,2.5,0.3681462055870174,40653.64090195903,14966.483641353385,165851.99540641168,0.4777077395781541,317546.3394239387,7.811018456864382
Ciales,1990-1994,1,85,NA,0.16676187986414473,5.905454717255483,1,25687.157260605643,25687.157260605643,151694.34401752704,0,151694.34401752704,5.905454717255483
Ciales,1990-1994,2,0,1,0.007620866644352498,0.13336706141186164,0.00757086491205279,100000,757.0864912052784,99343.8839093614,0.9921471107870382,7947031.693999306,79.47031693999307
Ciales,1990-1994,2,1,4,2.4512269475419885e-4,1.51168220278809,9.798930999191887e-4,99242.91350879472,97.24744616315002,396729.67148415773,0.9989989112361726,7847687.810089946,79.0755483956494
Ciales,1990-1994,2,5,5,1.2219178838006144e-4,2.5,6.107723634818399e-4,99145.66606263157,60.555432790046325,495576.94173118274,0.9993387668320071,7450958.138605787,75.15162724207151
Ciales,1990-1994,2,10,5,1.4239563553431736e-4,2.5,7.117248114044731e-4,99085.11062984153,70.52133167602005,495249.2498200176,0.9983599907081572,6955381.196874605,70.19602796688858
Ciales,1990-1994,2,15,5,5.144517869135547e-4,2.5,0.002568954925937401,99014.5892981655,254.36401691719948,494437.0364485346,0.9966314909515583,6460131.947054587,65.24424322562209
Ciales,1990-1994,2,20,5,8.357671215744854e-4,2.5,0.004170122479718708,98760.2252812483,411.84223554741766,492771.520817373,0.9951531956672404,5965694.910606053,60.40584550730834
Ciales,1990-1994,2,25,5,0.0011083264529838223,2.5,0.005526319848729121,98348.38304570089,543.5046213158639,490383.1536752148,0.9942710295294492,5472923.38978868,55.648331170279654
Ciales,1990-1994,2,30,5,0.0011900796665034654,2.5,0.0059327472279112215,97804.87842438502,580.2516213484778,487573.76306855393,0.9929333841838517,4982540.236113464,50.94367802896018
Ciales,1990-1994,2,35,5,0.0016482139547569032,2.5,0.008207251507621862,97224.62680303655,797.946964907198,484128.2666029147,0.9908772945976851,4494966.473044911,46.232797397629334
Ciales,1990-1994,2,40,5,0.0020192895902226182,2.5,0.010045734831683702,96426.67983812935,968.6768563535006,479711.707049763,0.9879265239932649,4010838.206441996,41.5946936384718
Ciales,1990-1994,2,45,5,0.0028444431283338703,2.5,0.014121794041615803,95458.00298177585,1348.0382577325945,473919.91926454776,0.9829446664562133,3531126.4993922333,36.99141391074743
Ciales,1990-1994,2,50,5,0.004046708248106651,2.5,0.020030893287821323,94109.96472404325,1885.106660707941,465837.0569684464,0.9759670547378214,3057206.5801276853,32.485471534202254
Ciales,1990-1994,2,55,5,0.005703542788398905,2.5,0.028116800505110097,92224.85806333531,2593.0679357788904,454641.62047722936,0.9642876266102124,2591369.523159239,28.09838450908343
Ciales,1990-1994,2,60,5,0.008899218791889476,2.5,0.04352768791382192,89631.79012755642,3901.4645878294687,438405.28916820843,0.9468687608442171,2136727.9026820096,23.838951555482694
Ciales,1990-1994,2,65,5,0.01304645097744026,2.5,0.06317183428917941,85730.32553972695,5415.741918553031,415112.2729022522,0.9117788246212212,1698322.6135138012,19.81005674271945
Ciales,1990-1994,2,70,5,0.024394094898300835,2.5,0.11495963394187417,80314.58362117392,9232.93513328419,378490.58027265914,0.8570013395828621,1283210.340611549,15.977301789475343
Ciales,1990-1994,2,75,5,0.03827925086385745,2.5,0.17467973119150979,71081.64848788973,12416.523250513972,324366.9343131637,0.786682818545903,904719.7603388899,12.727895027547484
Ciales,1990-1994,2,80,5,0.0598050708730918,2.5,0.26013228066202976,58665.12523737576,15260.692823322155,255173.8941285734,0.560312481157347,580352.8260257263,9.892637639099105
Ciales,1990-1994,2,85,NA,0.12012080787055908,7.491836980959243,1,43404.432414053605,43404.432414053605,325178.93189715286,0,325178.93189715286,7.491836980959243
Ciales,1995-1999,1,0,1,0.018075603559320613,0.1132210368775537,0.01779043944932641,100000,1779.0439449326514,98422.38125516336,0.9816933469299159,7172333.955349863,71.72333955349862
Ciales,1995-1999,1,1,4,4.877975498134916e-4,1.5993974059391796,0.0019489080122566743,98220.95605506735,191.4236082272255,392424.2922097946,0.9980172380545536,7073911.574094699,72.0203901306838
Ciales,1995-1999,1,5,5,2.2391160759951235e-4,2.5,0.0011189316835174357,98029.53244684012,109.68834977516963,489873.4413597627,0.9987915884112323,6681487.281884904,68.15790216594341
Ciales,1995-1999,1,10,5,2.597669332801211e-4,2.5,0.0012979917280740434,97919.84409706495,127.09914765229041,489281.47261619405,0.9971463614587845,6191613.840525142,63.231451169260275
Ciales,1995-1999,1,15,5,8.842117038026587e-4,2.5,0.004411307195385222,97792.74494941266,431.3938394518045,487885.24014843383,0.9937268968730617,5702332.367908947,58.310382542781824
Ciales,1995-1999,1,20,5,0.001635287876463997,2.5,0.008143148402672143,97361.35110996086,792.82793077307,484824.6857228716,0.9908459093369293,5214447.127760514,53.55767014645541
Ciales,1995-1999,1,25,5,0.0020450691370571786,2.5,0.010173332763148572,96568.52317918779,982.4237207477127,480386.5565940697,0.988321031181001,4729622.442037642,48.976853806302785
Ciales,1995-1999,1,30,5,0.0026575559030690434,2.5,0.013200079641415157,95586.09945844008,1261.744125463636,474776.13697854127,0.984187982856537,4249235.885443572,44.45453794556288
Ciales,1995-1999,1,35,5,0.00372616920567578,2.5,0.018458893625879904,94324.35533297644,1741.1232414211117,467268.9685613294,0.9798223320503989,3774459.748465031,40.01574922129846
Ciales,1995-1999,1,40,5,0.004434373285891951,2.5,0.02192876559855273,92583.23209155533,2030.235994892122,457840.5704705463,0.974140404921488,3307190.7799037015,35.721271608159334
Ciales,1995-1999,1,45,5,0.006066337784222335,2.5,0.02987855539725087,90552.9960966632,2705.5927102611895,446000.99870766304,0.9638313777277833,2849350.209433155,31.466106393559198
Ciales,1995-1999,1,50,5,0.008716370226989168,2.5,0.04265241552301098,87847.40338640202,3746.9039518543723,429869.75705237413,0.9464523860380546,2403349.2107254923,27.358227085599996
Ciales,1995-1999,1,55,5,0.013421357001342386,2.5,0.0649282228605273,84100.49943454764,5460.49596996796,406851.25724781834,0.9244561120254058,1973479.4536731183,23.46572811031884
Ciales,1995-1999,1,60,5,0.018168735075693523,2.5,0.08689666898413514,78640.00346457968,6833.554349972837,376116.1314479663,0.8965091456472039,1566628.1964252999,19.921517388169068
Ciales,1995-1999,1,65,5,0.0259089455787498,2.5,0.12166424700727156,71806.44911460685,8736.277561794595,337191.55166854773,0.8568964121144806,1190512.0649773334,16.57945880428113
Ciales,1995-1999,1,70,5,0.036565084335155304,2.5,0.1675126373921554,63070.17155281225,10565.050777587276,288938.2308200931,0.790653933069334,853320.5133087857,13.52970021009459
Ciales,1995-1999,1,75,5,0.059663704263107034,2.5,0.2595971955573682,52505.120775224976,13630.182105649306,228450.14861200162,0.7071715752507056,564382.2824886927,10.749090263115853
Ciales,1995-1999,1,80,5,0.081264105696326,2.5,0.33771106024517455,38874.93866957567,13128.496755068536,161553.451460207,0.5190890207618315,335932.13387669105,8.641354697225502
Ciales,1995-1999,1,85,NA,0.17422865295984266,6.772923536212138,1,25746.441914507133,25746.441914507133,174378.68241648408,0,174378.68241648408,6.772923536212138
Ciales,1995-1999,2,0,1,0.008459849751564387,0.13164272460110227,0.00839815545642228,100000,839.8155456422246,99270.74006094848,0.9913030650319132,7968381.905115288,79.68381905115288
Ciales,1995-1999,2,1,4,2.634078828643882e-4,1.510336201072401,0.001052941015824156,99160.18445435778,104.40982534868817,396380.79245500814,0.99896342140287675,7869111.165054339,79.35756885039272
Ciales,1995-1999,2,5,5,1.1400657624159934e-4,2.5,5.69870458758236e-4,99055.77462900909,56.44895973049279,495137.75074571924,0.9993677279734926,7472730.372599331,75.43962379363289
Ciales,1995-1999,2,10,5,1.389901139223401e-4,2.5,6.947091753431409e-4,98999.3256692786,68.77573989522352,494824.68899665494,0.9985072785777449,6977592.621853611,70.4812136313257
Ciales,1995-1999,2,15,5,4.5878329062577257e-4,2.5,0.002291288441002024,98930.54992938337,226.67842551517242,494086.0535831289,0.9965454341326002,6482767.9328569565,65.52847363614532
Ciales,1995-1999,2,20,5,9.262428231760186e-4,2.5,0.004620514819153545,98703.8715038682,456.06270099144604,492379.20076686237,0.9951694114406269,5988681.879273828,60.673221708827626
Ciales,1995-1999,2,25,5,0.0010108757252867441,2.5,0.005041637454138508,98247.80880287675,495.32983264763607,490000.7194327647,0.9939239671108017,5496302.678506966,55.94325965614849
Ciales,1995-1999,2,30,5,0.001428215313610874,2.5,0.007115669796629011,97752.47897022912,695.5743621540751,487023.4589457604,0.9923669606740532,5006301.959074201,51.214066505657506
Ciales,1995-1999,2,35,5,0.0016374995149617967,2.5,0.008154116669580535,97056.90460807504,791.4133237625938,483305.9897309687,0.9910596916396993,4519278.500128441,46.563183921615
Ciales,1995-1999,2,40,5,0.001956112074289928,2.5,0.00973296345312643,96265.49128431245,936.9485084674816,478985.08515039354,0.9885038611480566,4035972.5103974715,41.92543409431682
Ciales,1995-1999,2,45,5,0.002673073490495673,2.5,0.013276643840744746,95328.54277584497,1265.6431102920906,473478.60610349465,0.9843033693159431,3556987.425247078,37.31293190551501
Ciales,1995-1999,2,50,5,0.0036630767459760218,2.5,0.018149179139716982,94062.89966555288,1707.1644164313475,466046.58728668606,0.9743211825164007,3083508.8191435835,32.78134982131331
Ciales,1995-1999,2,55,5,0.006782619906092841,2.5,0.03334763863637356,92355.73524912153,3079.845685084292,454079.0620328969,0.9632536154196628,2617462.2318568975,28.341090293921884
Ciales,1995-1999,2,60,5,0.008217912499184608,2.5,0.04026238069208206,89275.88956403724,3594.459852251559,437393.2981895573,0.9385961632521141,2163383.1698240004,24.23255797717047
Ciales,1995-1999,2,65,5,0.01741283721354796,2.5,0.08343220745096333,85681.42971178568,7148.590818408833,410535.6715129063,0.9078340680021629,1725989.871634443,20.14427020464423
Ciales,1995-1999,2,70,5,0.021428514605535336,2.5,0.10169465929752197,78532.83889337684,7986.370294929133,372698.2687295614,0.8663908358330508,1315454.2001215369,16.7503711652079
Ciales,1995-1999,2,75,5,0.036952319596572324,2.5,0.16913662172884,70546.46859844771,11931.99137364114,322902.3645581357,0.7975475332385592,942755.9313919754,13.363616211013566
Ciales,1995-1999,2,80,5,0.05520506963292725,2.5,0.24255032870105797,58614.47722480657,14216.960717517512,257529.98433023907,0.5845309309976535,619853.5668338396,10.57509332475131
Ciales,1995-1999,2,85,NA,0.12351552619507536,8.160897523268343,1,44397.51650728906,44397.51650728906,362323.5825036006,0,362323.5825036006,8.160897523268343
Ciales,2000-2004,1,0,1,0.013281699101623296,0.1227870335276658,0.013128737770782365,100000,1312.8737770782318,98848.33009940547,0.9864742368100532,7372346.4711802695,73.72346471180269
Ciales,2000-2004,1,1,4,3.82176617107417e-4,1.6134431130966327,0.00152731342687256,98687.12622292177,150.72617293974326,394388.7883056211,0.9983986611230075,7273498.141080864,73.70260356605125
Ciales,2000-2004,1,5,5,1.9065725680398625e-4,2.5,9.528321231229579e-4,98536.40004998202,93.88864726450993,492447.27863174886,0.9989702215612252,6879109.352775242,69.8128747273683
Ciales,2000-2004,1,10,5,2.214821962962784e-4,2.5,0.0011067981412734272,98442.51140271752,108.95598864281783,491940.16704198055,0.9972956546781431,6386662.074143494,64.8770737676161
Ciales,2000-2004,1,15,5,8.625886700811149e-4,2.5,0.004303662623857597,98333.5554140747,423.1944471065799,490609.79095260706,0.993609776893631,5894721.907101513,59.946189093634544
Ciales,2000-2004,1,20,5,0.001704392017720458,2.5,0.008485802254535827,97910.36096696812,830.847961835927,487474.6849302508,0.9903439295483488,5404112.116148906,55.19448669964646
Ciales,2000-2004,1,25,5,0.0021790774886903974,2.5,0.010836354304142908,97079.51300513219,1051.9879985972657,482767.59502916783,0.9892627256114946,4916637.431218655,50.64546863722661
Ciales,2000-2004,1,30,5,0.002138797118231509,2.5,0.010637109045724272,96027.52500653492,1021.4552548855136,477583.9868954608,0.9882596724190533,4433869.836189487,46.172905486085895
Ciales,2000-2004,1,35,5,0.0025877145304203076,2.5,0.012855407341173472,95006.06975164941,1221.3417265414027,471976.99444189353,0.983630681555738,3956285.8492940264,41.642453578344565
Ciales,2000-2004,1,40,5,0.004025914320831491,2.5,0.019928990582691024,93784.72802510801,1869.0349616126186,464251.0527215085,0.9749685176890364,3484308.854852133,37.15219874518712
Ciales,2000-2004,1,45,5,0.006140381453284442,2.5,0.03023772928617653,91915.69306349539,2779.3218440052588,452630.1607074638,0.9686642228581465,3020057.8021306247,32.85682456905773
Ciales,2000-2004,1,50,5,0.006600769650179771,2.5,0.03246806274301332,89136.37121949013,2894.085293438926,438446.64286385337,0.9591427733846684,2567427.6414231607,28.803367315695475
Ciales,2000-2004,1,55,5,0.01015711244069994,2.5,0.049527910805976544,86242.2859260512,4271.400245048993,420532.92901763355,0.943932684139269,2128980.9985593073,24.686045548291826
Ciales,2000-2004,1,60,5,0.012998611140137336,2.5,0.06294748112712995,81970.88568100221,5159.860779379014,396954.7764565635,0.9162623936716782,1708448.0695416739,20.842132610232714
Ciales,2000-2004,1,65,5,0.022369608894519232,2.5,0.1059243298923324,76811.0249016232,8136.156341047696,363714.7336554968,0.8733385533539965,1311493.2930851104,17.07428451533909
Ciales,2000-2004,1,70,5,0.032398626689749646,2.5,0.149855363500014,68674.8685605755,10291.297391460721,317646.0993242257,0.8114549551409921,947778.5594296135,13.80095192455467
Ciales,2000-2004,1,75,5,0.05301513162413169,2.5,0.23405457311796174,58383.57116911478,13664.941827089293,257755.50127785068,0.720804569717083,630132.4601053878,10.792975617749317
Ciales,2000-2004,1,80,5,0.08138550025017247,2.5,0.3381302519825671,44718.62934202549,15120.721407734098,185791.3431907922,0.501066489785584,372376.9588275372,8.3271102962359
Ciales,2000-2004,1,85,NA,0.17132003696078618,6.304013650254369,1,29597.90793429139,29597.90793429139,186585.615636745,0,186585.615636745,6.304013650254369
Ciales,2000-2004,2,0,1,0.006699616690103739,0.1352604788053305,0.00666102654353276,100000,666.1026543532789,99423.99470960804,0.9930654205405,8125057.307278912,81.25057307278911
Ciales,2000-2004,2,1,4,2.297352103951809e-4,1.5131625098136723,9.184161374604742e-4,99333.89734564672,91.22985431908455,397108.71556064195,0.9991095228643708,8025633.312569304,80.79450748461976
Ciales,2000-2004,2,5,5,9.899661236269408e-5,2.5,4.948605880089587e-4,99242.66749132764,49.11128479032777,496090.55924466235,0.9994363872499149,7628524.597008662,76.86738768559687
Ciales,2000-2004,2,10,5,1.2651979584145937e-4,2.5,6.323989517416352e-4,99193.55620653731,62.72990096453577,495810.9562802752,0.9986813722397401,7132434.037764,71.9042073954189
Ciales,2000-2004,2,15,5,4.014606854670322e-4,2.5,0.0020052908137735154,99130.82630557277,198.78613535234763,495157.166189483,0.9970506502215734,6636623.0814837245,66.94812631770263
Ciales,2000-2004,2,20,5,7.805814335817935e-4,2.5,0.0038953056597187115,98932.04017022043,385.37053600257786,493696.7745110957,0.9957285138407641,6141465.915294241,62.07762323234578
Ciales,2000-2004,2,25,5,9.319940297109243e-4,2.5,0.004649137727042353,98546.66963421785,458.1570396708121,491587.95557191217,0.9946065781349185,5647769.140783146,57.310603815901054
Ciales,2000-2004,2,30,5,0.0012320195173246358,2.5,0.006141182445043815,98088.51259454704,602.3794516061025,488936.6143437199,0.9935719692366669,5156181.185211234,52.56661609830424
Ciales,2000-2004,2,35,5,0.0013478568533263399,2.5,0.006716651554558657,97486.13314294093,654.7803877224505,485793.71474539855,0.9923691157638079,4667244.570867513,47.87598420817528
Ciales,2000-2004,2,40,5,0.0017176036759654057,2.5,0.008551299023235556,96831.35275521848,828.033852234279,482086.6791455067,0.9899762272403662,4181450.856122115,43.18281979073938
Ciales,2000-2004,2,45,5,0.0023151115802820662,2.5,0.01150894666217421,96003.3189029842,1104.8970766461425,477254.35182330565,0.9864524065388152,3699364.1769766086,38.53371132632391
Ciales,2000-2004,2,50,5,0.003146554039117523,2.5,0.015609976112122299,94898.42182633806,1481.3620977872488,470788.7038872222,0.9795946822842065,3222109.825153303,33.95324983433012
Ciales,2000-2004,2,55,5,0.005120049279467896,2.5,0.02527670150403187,93417.05972855081,2361.2751341428957,461182.1108073968,0.969758310663458,2751321.1212660805,29.45202010490169
Ciales,2000-2004,2,60,5,0.007194190942664744,2.5,0.03533543013474731,91055.78459440792,3217.4953149002977,447235.1846847888,0.953833599718471,2290139.0104586836,25.15094478247272
Ciales,2000-2004,2,65,5,0.011817961930963634,2.5,0.057394106248064895,87838.28927950762,5041.400107556314,426587.9461286473,0.9217025233531819,1842903.8257738948,20.980643417469633
Ciales,2000-2004,2,70,5,0.02115761672954769,2.5,0.10047362739795515,82796.8891719513,8318.903792372425,393187.18637882546,0.877745955053892,1416315.8796452475,17.105906922467394
Ciales,2000-2004,2,75,5,0.03160823594703107,2.5,0.14646725115278003,74477.98537957888,10908.585789943856,345118.46242303477,0.8149318797723439,1023128.6932664221,13.737330407797977
Ciales,2000-2004,2,80,5,0.05205221834723342,2.5,0.23029294508295373,63569.399589635024,14639.584248652158,281248.03732654476,0.58518614538206,678010.2308433873,10.665669885514173
Ciales,2000-2004,2,85,NA,0.11817618071390631,8.108802184350788,1,48929.81534098287,48929.81534098287,396762.19351684256,0,396762.19351684256,8.108802184350788
Ciales,2005-2009,1,0,1,0.013012509912452352,0.12332418709519696,0.012865740723901887,100000,1286.5740723901836,98872.09162922509,0.9867674712699602,7495163.058115682,74.95163058115682
Ciales,2005-2009,1,1,4,3.634247687025057e-4,1.6142355231988836,0.0014524397428813706,98713.42592760982,143.37530297324702,394511.6440057551,0.9984877738184419,7396290.966486457,74.92689973003702
Ciales,2005-2009,1,5,5,1.7264234704962402e-4,2.5,8.628393287310229e-4,98570.05062463657,85.05011631392699,492637.627832398,0.9990195349762814,7001779.322480702,71.03353684116583
Ciales,2005-2009,1,10,5,2.1975912857706234e-4,2.5,0.0010981922984290298,98485.00050832264,108.15546906902455,492154.6138689406,0.997554241555107,6509141.694648304,66.09272133880162
Ciales,2005-2009,1,15,5,7.604040139187057e-4,2.5,0.0037948061051076114,98376.84503925362,373.32105215618503,490950.9225658776,0.9942797523482213,6016987.080779363,61.16263515442591
Ciales,2005-2009,1,20,5,0.0015364841164519235,2.5,0.007653023708830996,98003.52398709743,750.0232926222525,488142.56170393154,0.9909217997310515,5526036.158213485,56.38609647282694
Ciales,2005-2009,1,25,5,0.002113987190206152,2.5,0.010514367853641477,97253.50069447518,1022.5590813560702,483711.1057689857,0.9895893156449795,5037893.5965095535,51.80166842874118
Ciales,2005-2009,1,30,5,0.0020718559905487195,2.5,0.010305899105743038,96230.94161311911,991.7463751154719,478675.34212780686,0.9882417639428216,4554182.490740568,47.32555261747225
Ciales,2005-2009,1,35,5,0.0026627476477253005,2.5,0.013225696507961246,95239.19523800364,1259.604691880304,473046.96446031745,0.9852243066864721,4075507.1486127614,42.792330809054306
Ciales,2005-2009,1,40,5,0.003296233817665343,2.5,0.01634646466426268,93979.59054612333,1536.2340560240846,466057.36759055645,0.9818749926748772,3602460.184152444,38.332367306755046
Ciales,2005-2009,1,45,5,0.00402675405920329,2.5,0.019933106007198907,92443.35649009925,1842.6832245784171,457610.0743890502,0.9748704668442967,3136402.8165618875,33.927833601517904
Ciales,2005-2009,1,50,5,0.006180368990540277,2.5,0.03043164791986397,90600.67326552083,2757.127790118975,446110.5468523067,0.961767555482373,2678792.7421728373,29.567029091739474
Ciales,2005-2009,1,55,5,0.009474855711825433,2.5,0.04627808315777766,87843.54547540186,4065.2309023846756,429054.6501210476,0.9416105471253314,2232682.1953205303,25.416576519509118
Ciales,2005-2009,1,60,5,0.014741684319934027,2.5,0.07108851064298716,83778.31457301718,5955.67560717545,404002.3838471473,0.9167798856616176,1803627.545199483,21.528572810181412
Ciales,2005-2009,1,65,5,0.020229895643963134,2.5,0.09628013548613767,77822.63896584173,7492.774223520013,370381.25927040866,0.8881054869144536,1399625.1613523357,17.98480724826956
Ciales,2005-2009,1,70,5,0.027618238994866276,2.5,0.12917240882794917,70329.86474232172,9084.678041309555,328937.62860833475,0.8248292217974913,1029243.9020819269,14.63452127844871
Ciales,2005-2009,1,75,5,0.0514652865882088,2.5,0.22799222051883428,61245.186701012164,13963.426112054338,271317.36822492495,0.7369082329116773,700306.2734735922,11.43447038364598
Ciales,2005-2009,1,80,5,0.07296895033274135,2.5,0.30855704283085184,47281.760588957826,14589.120227165142,199936.0023768763,0.5339366591287912,428988.90524866723,9.07303154334852
Ciales,2005-2009,1,85,NA,0.13242436205726474,7.006252793808636,1,32692.640361792684,32692.640361792684,229052.90287179095,0,229052.90287179095,7.006252793808636
Ciales,2005-2009,2,0,1,0.006509517542736018,0.13565118387994093,0.006473096704381272,100000,647.3096704381169,99440.49865269374,0.9933167257531919,8234838.601701576,82.34838601701576
Ciales,2005-2009,2,1,4,1.9530029920159308e-4,1.5134682716619716,7.808220137151464e-4,99352.69032956188,77.5767677311378,397217.8642239022,0.9992004225183648,8135398.103048882,81.8840242379248
Ciales,2005-2009,2,5,5,9.214644624656194e-5,2.5,4.606261185831202e-4,99275.11356183075,45.72871023189509,496261.246033574,0.9994749244008496,7738180.23882498,77.94682837613145
Ciales,2005-2009,2,10,5,1.1794572383514667e-4,2.5,5.895547805124133e-4,99229.38485159885,58.50115820656356,496000.6713624778,0.9987254673492312,7241918.992791407,72.98159717126092
Ciales,2005-2009,2,15,5,3.9236742156228e-4,2.5,0.001959914591224797,99170.88369339229,194.36646197533992,495368.5023120231,0.9973388994900919,6745918.3214289285,68.0231744458924
Ciales,2005-2009,2,20,5,6.738660075773033e-4,2.5,0.0033636633918347927,98976.51723141695,332.9236876626237,494050.27693792817,0.9960609876743316,6250549.819116905,63.1518464577057
Ciales,2005-2009,2,25,5,9.053049299677447e-4,2.5,0.004516303071249646,98643.59354375432,445.5043644807447,492104.2068075698,0.9951669459838818,5756499.542178977,58.35654739834297
Ciales,2005-2009,2,30,5,0.0010329087804089873,2.5,0.00515124199433005,98198.08917927358,505.84212074324023,489725.8405945098,0.9939207102265055,5264395.335371408,53.609956969331236
Ciales,2005-2009,2,35,5,0.0014073628958490762,2.5,0.007012142904883571,97692.24705853034,685.0319970736164,486748.6552999676,0.992228028602789,4774669.494776898,48.874599966118616
Ciales,2005-2009,2,40,5,0.0017147526717535035,2.5,0.008537165540219285,97007.21506145672,828.1666535753175,482965.65867334534,0.9905880798966591,4287920.83947693,44.202081636509355
Ciales,2005-2009,2,45,5,0.0020694932749409428,2.5,0.01029420689485533,96179.0484078814,990.0870232610469,478420.0244812544,0.9871771051984379,3804955.180803585,39.56116476290472
Ciales,2005-2009,2,50,5,0.0030994080287840868,2.5,0.015377884298767155,95188.96138462036,1463.8048346925061,472285.2948363705,0.9811878210521188,3326535.1563223302,34.94664830810726
Ciales,2005-2009,2,55,5,0.004510312353472784,2.5,0.022300110606483344,93725.15654992785,2090.081357673349,463400.5793554559,0.9710896668800991,2854249.86148596,30.45340190992892
Ciales,2005-2009,2,60,5,0.007263820360842677,2.5,0.03567132653426867,91635.0751922545,3268.7446891751606,450003.5142383346,0.9532546002845852,2390849.282130504,26.090984015830127
Ciales,2005-2009,2,65,5,0.01199505307596691,2.5,0.05822911215273824,88366.33050307934,5145.4929693897575,428967.9200919223,0.9341835371969767,1940845.7678921693,21.963634303277264
Ciales,2005-2009,2,70,5,0.015341238070030929,2.5,0.07387293465641491,83220.83753368958,6147.7674931783695,400734.768935502,0.8899585209744982,1511877.8478002471,18.16705878726835
Ciales,2005-2009,2,75,5,0.03222100004028332,2.5,0.1490950233203861,77073.07004051121,11491.21117506377,356637.32226489665,0.8238514554636619,1111143.078864745,14.416748655278752
Ciales,2005-2009,2,80,5,0.0464142140196031,2.5,0.20794236635827615,65581.85886544744,13637.246922655628,293816.17702059814,0.6105845787782063,754505.7565998485,11.50479369832819
Ciales,2005-2009,2,85,NA,0.09339818594168216,8.868861703820636,1,51944.61194279182,51944.61194279182,460689.57957925036,0,460689.57957925036,8.868861703820636
Ciales,2010-2014,1,0,1,0.010645597190821749,0.12804724308557475,0.010547688715229023,100000,1054.7688715229015,99080.29137456809,0.9890951037861379,7644034.565515553,76.44034565515553
Ciales,2010-2014,1,1,4,3.334262763097415e-4,1.621219813901015,0.0013326481182896366,98945.2311284771,131.85917607709416,395467.2605185009,0.9986332904008302,7544954.274140985,76.253844557138
Ciales,2010-2014,1,5,5,1.5810646814160215e-4,2.5,7.902199934774519e-4,98813.3719524,78.08430213971587,493871.6490066507,0.9991011227646809,7149487.013622484,72.35343630482024
Ciales,2010-2014,1,10,5,2.016256627042888e-4,2.5,0.001007620408190055,98735.28765026029,99.48769084492233,493427.7190241891,0.9980017329450281,6655615.364615833,67.40867954111124
Ciales,2010-2014,1,15,5,5.988778772164562e-4,2.5,0.002989912904349234,98635.79995941537,294.9124511294649,492441.71866925317,0.994777994405295,6162187.645591645,62.474148819466514
Ciales,2010-2014,1,20,5,0.001497745596550148,2.5,0.007460792061608114,98340.8875082859,733.70091285331,489870.1852592962,0.9916691158199745,5669745.926922391,57.65400405243115
Ciales,2010-2014,1,25,5,0.0018500203809847572,2.5,0.009207516671173963,97607.18659543259,898.7197978038312,485789.1334826534,0.9896147942863756,5179875.741663095,53.06858974568048
Ciales,2010-2014,1,30,5,0.002328241167945084,2.5,0.011573839117961393,96708.46679762876,1119.2882360604563,480744.1133979927,0.9874715682790849,4694086.608180442,48.53852784165469
Ciales,2010-2014,1,35,5,0.0027171734423675235,2.5,0.013494201993630033,95589.1785615683,1289.8996839149768,474721.14359805407,0.9854205867914323,4213342.494782449,44.07760960168378
Ciales,2010-2014,1,40,5,0.003160672592807066,2.5,0.015679468795803654,94299.27887765333,1478.562600628953,467799.98788669426,0.9822807581369503,3738621.3511843947,39.646340838247475
Ciales,2010-2014,1,45,5,0.00399786325842418,2.5,0.01979150694600025,92820.71627702437,1837.0618509294582,459510.9267577982,0.978529904107198,3270821.3632977004,35.23805347004542
Ciales,2010-2014,1,50,5,0.004690888933930624,2.5,0.023182577429839063,90983.65442609492,2109.235613582656,449645.1830965179,0.9695764989175286,2811310.4365399024,30.899071424125978
Ciales,2010-2014,1,55,5,0.007713173233269649,2.5,0.03783627186780459,88874.41881251226,3362.6766722833418,435965.40238185297,0.95929513180175785,2361665.2534433845,26.573059886056836
Ciales,2010-2014,1,60,5,0.008932364776972533,2.5,0.043686269644341566,85511.74214022892,3735.689024895444,418219.488138906,0.9403108840213865,1925699.8510615313,22.519712531451137
Ciales,2010-2014,1,65,5,0.015891852225048696,2.5,0.07642300343238871,81776.05311533347,6249.571587920334,393256.3366068665,0.9028013519592797,1507480.3629226254,18.43425190497442
Ciales,2010-2014,1,70,5,0.025462530534930226,2.5,0.11969340991281378,75526.48152741314,9040.022112733219,355032.35235523264,0.8435322499586758,1114224.026315759,14.75275961202217
Ciales,2010-2014,1,75,5,0.044010847816924874,2.5,0.19824221878052622,66486.45941467992,13180.423233227542,299481.2389903308,0.7524238419309448,759191.6739605262,11.418741209024285
Ciales,2010-2014,1,80,5,0.07312316854487279,2.5,0.3091083819453137,53306.03618145238,16477.3425919671,225336.82442734414,0.5098287807150745,459710.43497019546,8.623984597266864
Ciales,2010-2014,1,85,NA,0.15198314288558878,6.363886081741596,1,36828.69358948528,36828.69358948528,234373.6105428513,0,234373.6105428513,6.363886081741596
Ciales,2010-2014,2,0,1,0.00637822225304807,0.1359210311499779,0.006343262707264019,100000,634.3262707264075,99451.89201007625,0.9934767284677032,8355514.9923778875,83.55514992377887
Ciales,2010-2014,2,1,4,1.784025051011579e-4,1.5136795115752815,7.132936277434251e-4,99365.67372927359,70.8769018875173,397286.47222377534,0.9992576599933596,8256063.1003678115,83.087677972796115
Ciales,2010-2014,2,5,5,8.410560230058786e-5,2.5,4.2043960818674537e-4,99294.79682738608,41.74746547307586,496369.6154732477,0.9995325123731303,7858776.628144036,79.14590571956879
Ciales,2010-2014,2,10,5,1.0293757048784198e-4,2.5,5.145554347233805e-4,99253.049361913,51.07119596203847,496137.56881965994,0.9988797100992398,7362407.012670788,74.1781442484931
Ciales,2010-2014,2,15,5,3.455655233821084e-4,2.5,0.0017263362112196333,99201.97816595096,171.25596713251434,495581.75091192353,0.9975202296465085,6866269.443851128,69.21504561496572
Ciales,2010-2014,2,20,5,6.479493836866662e-4,2.5,0.0032345074257007986,99030.72219881845,320.3156063245842,494352.8219782808,0.9965384891362146,6370687.692939205,64.33041738450753
Ciales,2010-2014,2,25,5,7.392137582825067e-4,2.5,0.0036892509288017168,98710.40659249386,364.16745920374524,492641.61431445996,0.9958859884231847,5876334.870960924,59.53105729996833
Ciales,2010-2014,2,30,5,9.101351791069885e-4,2.5,0.0045403450760873616,98346.23913329012,446.5258626005525,490614.88100994925,0.9946909237918636,5383693.256646465,54.742238280712144
Ciales,2010-2014,2,35,5,0.0012199722296867186,2.5,0.0060813135642625495,97899.71327068956,595.3588542504585,488010.1692178217,0.9933590624071608,4893078.375636515,49.98051794194035
Ciales,2010-2014,2,40,5,0.0014460056406675518,2.5,0.007203985693467653,97304.3544164391,700.9791771281307,484769.3241393752,0.9912012669131189,4405068.206418693,45.27102854581478
Ciales,2010-2014,2,45,5,0.0020918936075841814,2.5,0.010405052381512247,96603.37523931098,1005.1631795959111,480503.9682475651,0.9868986282503549,3920298.882279318,40.58138623591305
Ciales,2010-2014,2,50,5,0.003190454421702901,2.5,0.01582604144871921,95598.21205971506,1512.9412664805131,474208.70713237405,0.9827255231536263,3439794.914031753,35.981791290020134
Ciales,2010-2014,2,55,5,0.0037847152935551647,2.5,0.018746203856694486,94085.27079323455,1763.7416662022588,466016.99980066705,0.9777979421602119,2965586.206899379,31.520196327187776
Ciales,2010-2014,2,60,5,0.005211820993508656,2.5,0.025723933624296456,92321.52912703229,2374.872887357342,455670.4634167681,0.96709419772702,2499569.2070987117,27.0746079569302
Ciales,2010-2014,2,65,5,0.00822101914619025,2.5,0.04027729470366237,89946.65623967495,3622.807980974394,440676.2612459388,0.9420714877220878,2043898.7436819437,22.723454424316795
Ciales,2010-2014,2,70,5,0.015869693499719822,2.5,0.07632050975472449,86323.84825870056,6588.2801030935225,415148.541035769,0.9039929507182067,1603222.482436005,18.57218503085463
Ciales,2010-2014,2,75,5,0.024926218943516397,2.5,0.11732022093383572,79735.56815560703,9354.594472300727,375291.35459728335,0.8468189472832524,1188073.941400236,14.900175277884317
Ciales,2010-2014,2,80,5,0.04292086550470778,2.5,0.19380827975128018,70380.9736833063,13640.415436781725,317803.82982457726,0.6089928167941617,812782.5868029526,11.548328252181268
Ciales,2010-2014,2,85,NA,0.11209485818044637,8.72354400934526,1,56740.55824652458,56740.55824652458,494978.7569783753,0,494978.7569783753,8.72354400934526
Ciales,2015-2019,1,0,1,0.008953730132819714,0.1314232792064649,0.008884634317890463,100000,888.463431789045,99228.3013458717,0.9907751554773565,7892425.961636555,78.92425961636556
Ciales,2015-2019,1,1,4,3.050539089333432e-4,1.626230596800196,0.0012193326832407496,99111.536568210955,120.84993582383322,396159.27639280655,0.9987637331503615,7793197.660290684,78.63058055736242
Ciales,2015-2019,1,5,5,1.441355044610076e-4,2.5,7.204179278014218e-4,98990.68663238712,71.31466533533239,494775.1464985972,0.9991998297628961,7397038.383897877,74.72458910571656
Ciales,2015-2019,1,10,5,1.76073479138157e-4,2.5,8.799800428215057e-4,98919.37196705179,87.04707317944849,494379.2421523103,0.9980459320056811,6902263.23739928,69.77665850626606
Ciales,2015-2019,1,15,5,6.067393284920249e-4,2.5,0.0030291019542459923,98832.32489387234,299.3731884787121,493413.1914981649,0.9959105816025853,6407883.995246969,64.835912765665
Ciales,2015-2019,1,20,5,0.0010332534360846493,2.5,0.005152956405642934,98532.95170539363,507.7360046571994,491395.4185153252,0.9939635825305123,5914470.803748804,60.02530829922402
Ciales,2015-2019,1,25,5,0.0013897023754067133,2.5,0.006924454549693305,98025.21570073643,678.7711508436332,488429.1506265731,0.9925033242145672,5423075.38523348,55.32326908404587
Ciales,2015-2019,1,30,5,0.0016211209569898847,2.5,0.008072886969325963,97346.4445498928,785.8668437170418,484767.55564017134,0.990291736961308,4934646.234606907,50.69159184419685
Ciales,2015-2019,1,35,5,0.0022843614402241,2.5,0.011356948761546805,96560.57770617575,1096.6335333944007,480061.3046973928,0.9878472556213492,4449878.678966735,46.08380339756534
Ciales,2015-2019,1,40,5,0.0026084359667683846,2.5,0.012957681626838474,95463.94417278135,1236.991395433186,474227.2423753238,0.983271826861746,3969817.374269342,41.58446844689678
Ciales,2015-2019,1,45,5,0.004152293574366099,2.5,0.020548162860305808,94226.95277734817,1936.1907714992994,466294.2869579926,0.9741577290103203,3495590.1318940185,37.097561036000585
Ciales,2015-2019,1,50,5,0.006348679107426444,2.5,0.031247445525708448,92290.76200584887,2883.8505583038786,454244.18363348464,0.9669413293162021,3029295.844936026,32.82339184439767
Ciales,2015-2019,1,55,5,0.0071098307184309095,2.5,0.03492831752986224,89406.91144754499,3122.832992404132,439227.47475671466,0.9541255477857873,2575051.6613025414,28.80148323671066
Ciales,2015-2019,1,60,5,0.01178036810075818,2.5,0.05721675443194344,86284.07845514086,4936.894928354333,419078.1549548184,0.9373621422977746,2135824.1865458265,24.753398596662798
Ciales,2015-2019,1,65,5,0.014161842452471315,2.5,0.0683879633556368,81347.18352678652,5563.168206114133,392827.9971186473,0.9158026882254855,1716746.0315910082,21.103939400996065
Ciales,2015-2019,1,70,5,0.021311448970685987,2.5,0.10116719601497844,75784.01532067239,7666.85633274859,359752.9357714905,0.8807930890874107,1323918.0344723607,17.4696211182574
Ciales,2015-2019,1,75,5,0.02994042042458919,2.5,0.13927706725048747,68117.1589879238,9487.158133273224,316867.89960643597,0.8165766092116188,964165.0987008703,14.15451133057095
Ciales,2015-2019,1,80,5,0.05318415369831947,2.5,0.2347132099138827,58630.00085465058,13761.235697848715,258746.9150286311,0.6002656656160156,647297.1990944343,11.040375058140395
Ciales,2015-2019,1,85,NA,0.12725398801442514,8.659705314107603,1,44868.76515680186,44868.76515680186,388550.28406580316,0,388550.28406580316,8.659705314107603
Ciales,2015-2019,2,0,1,0.005515074328020218,0.13769503318584989,0.005488970562531414,100000,548.8970562531322,99526.68334212326,0.9943310585281758,8578436.59550309,85.78436595503089
Ciales,2015-2019,2,1,4,1.6755898081802247e-4,1.5150694448947615,6.699569716589895e-4,99451.10294374687,66.62795975634072,397638.8459219646,0.9993140774109609,8478909.912160967,85.25707268381873
Ciales,2015-2019,2,5,5,7.879057532470562e-5,2.5,3.938752924712781e-4,99384.47498399053,39.145089151425054,496824.5121970741,0.9995730201847514,8081271.066239002,81.3132138348649
Ciales,2015-2019,2,10,5,9.204065027459058e-5,2.5,4.600973822173306e-4,99345.3298948391,45.70852622012899,496612.3781586452,0.9990236806802649,7584446.554041929,76.34426864423683
Ciales,2015-2019,2,15,5,2.9877878111574644e-4,2.5,0.0014927788789439167,99299.62136861897,148.23237746620725,496127.52589942934,0.9978989280143724,7087834.175883283,71.37825983819114
Ciales,2015-2019,2,20,5,5.427904549542658e-4,2.5,0.002710274496953198,99151.38899115277,268.7274809202063,495085.1262534633,0.9967431620079719,6591706.649983854,66.48123356670303
Ciales,2015-2019,2,25,5,7.624278458315012e-4,2.5,0.003804886849945914,98882.66151023256,376.23733846793766,493472.714204993,0.995748821838285,6096621.523730391,61.655111529330156
Ciales,2015-2019,2,30,5,9.420482337329762e-4,2.5,0.004699174047137108,98506.42417176462,462.8988319442433,491374.8737789625,0.9950364164155677,5603148.809525398,56.88104970448674
Ciales,2015-2019,2,35,5,0.0010485899639719844,2.5,0.005229241494484167,98043.52533982038,512.6932709724788,488935.8935216707,0.993885334110006,5111773.935746435,52.137802246797506
Ciales,2015-2019,2,40,5,0.001405872834693566,2.5,0.0070047447226689215,97530.8320688479,683.1785812317685,485946.21389116003,0.992136760838404,4622838.042224764,47.3987347812378
Ciales,2015-2019,2,45,5,0.001753208729484978,2.5,0.008727789555331105,96847.65348761613,845.2659385675652,482125.10259166174,0.9889101123966996,4136891.828333604,42.715457518674796
Ciales,2015-2019,2,50,5,0.002712831306106643,2.5,0.013472783061360112,96002.38754904857,1293.4193408209394,476778.3893931905,0.98527353037594545,3654766.7257419424,38.06953992550119
Ciales,2015-2019,2,55,5,0.003225253135850194,2.5,0.015997277505650557,94708.96820822763,1515.0856467008562,469757.126924386,0.9802304817971144,3177988.336348752,33.55530523109079
Ciales,2015-2019,2,60,5,0.004776992995279286,2.5,0.02360308554065966,93193.88256152677,2199.6631819659087,460470.2548527191,0.9670142540265552,2708231.2094243662,29.0601822242612
Ciales,2015-2019,2,65,5,0.008704427426017519,2.5,0.04259521963506583,90994.21937956086,3875.9187599937723,445281.2999978199,0.9447337790413798,2247760.954571647,24.702238998233987
Ciales,2015-2019,2,70,5,0.014186071520624151,2.5,0.0685009588494468,87118.30061956709,5967.687125774697,420672.2852833987,0.9167997861441414,1802479.654573827,20.690023126656165
Ciales,2015-2019,2,75,5,0.020826808983043676,2.5,0.09898042871067583,81150.61349379239,8032.322513749925,385672.26118458714,0.8742626588708422,1381807.3692904285,17.027688513976912
Ciales,2015-2019,2,80,5,0.03370626340907563,2.5,0.15543360219948485,73118.29098004247,11365.039353698106,337178.85651596705,0.6615129275414102,996135.1081058412,13.62361038194581
Ciales,2015-2019,2,85,NA,0.09972187913721396,10.670794399250045,1,61753.25162634436,61753.25162634436,658956.2515898742,0,658956.2515898742,10.670794399250045
Ciales,2020-2024,1,0,1,0.009938039360550908,0.1294591393579887,0.009852798179209695,100000,985.279817920964,99142.27365933388,0.9898019037813106,7801794.396600556,78.01794396600556
Ciales,2020-2024,1,1,4,3.1916257297411526e-4,1.6233135190860413,0.0012756826236429133,99014.72018207904,126.31135802113567,395758.67823132145,0.998698363936121,7702652.122941221,77.79299995775119
Ciales,2020-2024,1,5,5,1.4994081420622126e-4,2.5,7.494231482385265e-4,98888.4088240579,74.10926266523893,494256.7709636264,0.999123126941816,7306893.4447099,73.89029241748963
Ciales,2020-2024,1,10,5,2.0098464708945927e-4,2.5,0.001004418553675945,98814.29956139266,99.25091584795155,493823.3705173434,0.997904495413995,6812636.673746274,68.94383408054851
Ciales,2020-2024,1,15,5,6.385552828362023e-4,2.5,0.0031876876272449897,98715.04864554471,314.6727391902823,492788.5613797478,0.9951065213184725,6318813.303228931,64.01063859997517
Ciales,2020-2024,1,20,5,0.0013253216228825769,2.5,0.00660472465342197,98400.37590635443,649.9073886546976,490377.1110601354,0.9929361635949281,5826024.741849182,59.207342331635886
Ciales,2020-2024,1,25,5,0.001510885587764884,2.5,0.00752600062413314,97750.46851769973,735.6700870735222,486913.16737081483,0.9911084591797678,5335647.630789047,54.58436887003686
Ciales,2020-2024,1,30,5,0.0020640836241283367,2.5,0.010267436004345794,97014.79843062621,996.0932343609456,482583.75906722865,0.9893370153278613,4848734.463418232,49.979328327785865
Ciales,2020-2024,1,35,5,0.0022248336114238576,2.5,0.011062636741982948,96018.70519626526,1062.2200560218334,477437.97584127175,0.98735698143988615,4366150.704351003,45.471876499755474
Ciales,2020-2024,1,40,5,0.0028686421080358683,2.5,0.014241079141953146,94956.48514024343,1352.2828199239157,471401.71865140734,0.9825900001826938,3888712.7285097316,40.95257656985093
Ciales,2020-2024,1,45,5,0.004167921328453509,2.5,0.020624701311049282,93604.20232031951,1930.5587143156008,463194.61481580854,0.9777441943138732,3417311.0098583247,36.508093922579135
Ciales,2020-2024,1,50,5,0.0048421672800825185,2.5,0.02392125954968794,91673.64360600391,2192.9490225648187,452885.84547360754,0.9713818002082085,2954116.395042516,32.22427165368001
Ciales,2020-2024,1,55,5,0.006799708039844161,2.5,0.033430250344123454,89480.6945834391,2991.3620208904176,439925.06786496943,0.9565071898570174,2501230.5495689083,27.95273954022068
Ciales,2020-2024,1,60,5,0.011079285268031256,2.5,0.05390339851742887,86489.33256254868,4662.068960625504,420791.4904111796,0.9354833300181308,2061305.481703939,23.833060339703888
Ciales,2020-2024,1,65,5,0.01574307339547251,2.5,0.07573462747987639,81827.26360192317,6197.157326589295,393643.42469314265,0.9133565960841302,1640513.9912927593,20.04850118505249
Ciales,2020-2024,1,70,5,0.020708547189528533,2.5,0.09844604930357814,75630.10627533388,7445.48517121638,359536.8184486284,0.8620911537288086,1246870.5665996168,16.486431502031
Ciales,2020-2024,1,75,5,0.03996676125247274,2.5,0.18168082124521226,68184.6211041175,12387.83795848969,309953.51062436326,0.7859769712028459,887333.7481509882,13.013693319436872
Ciales,2020-2024,1,80,5,0.05807097655359853,2.5,0.2535457583036968,55796.78314562781,14147.037693565137,243616.32149422617,0.5780660548102113,577380.237526625,10.347912638972057
Ciales,2020-2024,1,85,NA,0.11004950943151356,8.013588376345515,1,41649.74545206267,41649.74545206267,333763.9160323989,0,333763.9160323989,8.013588376345515
Ciales,2020-2024,2,0,1,0.005858388717454183,0.13698942942067793,0.005828918571394401,100000,582.8918571394461,99496.95816578405,0.9940093723624647,8442548.81012716,84.4254881012716
Ciales,2020-2024,2,1,4,1.6265660458484517e-4,1.5145163494843414,6.50363489172484e-4,99417.10814286055,64.6572573352314,397507.7280154483,0.9993217599317853,8343051.851961376,83.9196794979448
Ciales,2020-2024,2,5,5,7.62334721195924e-5,2.5,3.810947301617453e-4,99352.45088552532,37.86269546112453,496667.59768897376,0.9995761516910555,7945544.123945927,79.97330768519083
Ciales,2020-2024,2,10,5,9.334541575483477e-5,2.5,4.666181871024891e-4,99314.5881900642,46.34199309407268,496457.0859675858,0.9989715688498535,7448876.526256953,75.00284361046333
Ciales,2020-2024,2,15,5,3.1835444993686004e-4,2.5,0.001590506387718842,99268.24619697013,157.88677967393596,495946.5140356658,0.9977579015948004,6952419.440289368,70.03669054950595
Ciales,2020-2024,2,20,5,5.797848468234313e-4,2.5,0.00289472843491158,99110.35941729619,286.8975755995489,494834.5531474821,0.9968443310407549,6456472.9262537025,65.14427920767841
Ciales,2020-2024,2,25,5,6.846432443088678e-4,2.5,0.0034173670284210083,98823.46184169664,337.7160401322326,493273.01910815266,0.9961979949196254,5961638.37310622,60.326143832686725
Ciales,2020-2024,2,30,5,8.39350000808266e-4,2.5,0.004187962089084185,98485.74580156441,412.45456973213004,491397.5925834917,0.9953611622711825,5468365.353998068,55.524434622408116
Ciales,2020-2024,2,35,5,0.0010209209774671316,2.5,0.005091609559813942,98073.29123183228,499.35090719841537,489118.0788911653,0.9944825763630599,4976967.761414575,50.74743285253558
Ciales,2020-2024,2,40,5,0.00119262871517207,2.5,0.005945416888597823,97573.94032463386,580.1177526931278,486419.4072414365,0.9916996224883663,4487849.682523411,45.994347134
Ciales,2020-2024,2,45,5,0.0021453293328306936,2.5,0.010669423098310501,96993.82257194073,1034.8681309424865,482381.94253234746,0.987959192580045,4001430.275281974,41.254485792784344
Ciales,2020-2024,2,50,5,0.002703546518126931,2.5,0.013426981418477457,95958.95444099825,1288.4390982158075,476573.6744594517,0.9832547429915023,3519048.3327496266,36.67243305483663
Ciales,2020-2024,2,55,5,0.00406258532058432,2.5,0.02010869339640073,94670.51534278244,1903.7003667072713,468593.32579714403,0.9776128976092395,3042474.658290175,32.13751026150012
Ciales,2020-2024,2,60,5,0.005004287123956681,2.5,0.024712267415702965,92766.81497607517,2292.478338991801,458102.87903289637,0.9717893894661953,2573881.332493031,27.745712010882798
Ciales,2020-2024,2,65,5,0.006462261429932665,2.5,0.031797596200928736,90474.33663708337,2876.8664229328715,445179.51712808467,0.9553319846807145,2115778.4534601346,23.38539891093189
Ciales,2020-2024,2,70,5,0.011938200416887732,2.5,0.05796112331804183,87597.4702141505,5077.247773430878,425294.23163717525,0.9105223008225765,1670598.9363320498,19.07131487071394
Ciales,2020-2024,2,75,5,0.026196919320408518,2.5,0.12293340534784139,82520.22244071962,10144.491954699013,387239.8823168506,0.8500038873905343,1245304.7046948744,15.090903391462243
Ciales,2020-2024,2,80,5,0.0397663189837244,2.5,0.1808520446751,72375.7304860206,13089.2988432508,329155.40532197605,0.6163979728131014,858064.8223780239,11.855698265370314
Ciales,2020-2024,2,85,NA,0.0993413206431499,8.921255714005351,1,59286.43164276981,59286.43164276981,528909.4170560478,0,528909.4170560478,8.921255714005351
Cidra,1980-1984,1,0,1,0.016276059814632808,0.11681193644289098,0.01604540990730915,100000,1604.5409907309222,98582.88854949836,0.983475918543819,7319161.819622321,73.19161819622322
Cidra,1980-1984,1,1,4,4.5316586902342945e-4,1.6046551799492776,0.0018106979842241072,98395.45900926908,178.1644592848752,393155.07072241115,0.9981611884396829,7220578.931072823,73.3832536966226
Cidra,1980-1984,1,5,5,2.059572507520072e-4,2.5,0.0010292562967670327,98217.2945499842,101.09076886699768,490833.74582775356,0.9988148344694288,6827423.860350411,69.51345882242599
Cidra,1980-1984,1,10,5,2.684270920133816e-4,2.5,0.0013412354002714075,98116.2037811172,131.59692585146695,490252.02659095736,0.9974073925095747,6336590.114522658,64.5825039119803
Cidra,1980-1984,1,15,5,7.706138032753702e-4,2.5,0.0038456602192576835,97984.60685526574,376.81550468290516,488980.99551462143,0.9941932162877989,5846338.087931701,59.665882994942244
Cidra,1980-1984,1,20,5,0.001561165029269019,2.5,0.007775478134969693,97607.79135058283,758.9472474491486,486141.58863429126,0.9918100161322124,5357357.092417079,54.886572252975064
Cidra,1980-1984,1,25,5,0.001728988909119281,2.5,0.008607737837462458,96848.84410313368,833.6494599010475,482160.0968659158,0.9900857177892533,4871215.503782788,50.29709491003799
Cidra,1980-1984,1,30,5,0.002259121543712116,2.5,0.011232170621973703,96015.19464323264,1078.4590485348017,477379.82559482614,0.9879983082826241,4389055.406916873,45.712091958209896
Cidra,1980-1984,1,35,5,0.002572428638725223,2.5,0.012779954391927625,94936.73559469784,1213.2871510187251,471650.46009594237,0.9804736410985724,3911675.5813220465,41.20297118727254
Cidra,1980-1984,1,40,5,0.005342433189715081,2.5,0.026360098288622184,93723.44844367911,2470.5593129240006,462440.8439360855,0.9718481248470412,3440025.121226104,36.70399647419403
Cidra,1980-1984,1,45,5,0.006089754890868321,2.5,0.02999216216378011,91252.88913075511,2736.871448723061,449422.26703196793,0.9632513989605552,2977584.2772900183,32.63002745067584
Cidra,1980-1984,1,50,5,0.008938150034560324,2.5,0.043713945660510956,88516.01768203205,3869.384387037164,432906.6274425673,0.9554042323376671,2528162.0102580506,28.561632984210096
Cidra,1980-1984,1,55,5,0.009315593053838713,2.5,0.0455178996936645,84646.63329499488,3852.936963727974,413600.8240656545,0.9372695637473127,2095255.382815483,24.75296773485939
Cidra,1980-1984,1,60,5,0.016832490947598477,2.5,0.08076381430503483,80793.69633126691,6525.207087515824,387655.463937545,0.9094172646616185,1681654.5587498287,20.814180253058105
Cidra,1980-1984,1,65,5,0.021333005146952865,2.5,0.1012643438152315,74268.48924375109,7520.749829417022,352540.5716452129,0.8739509434207976,1293999.0948122835,17.423258611944366
Cidra,1980-1984,1,70,5,0.03328175077067603,2.5,0.15362636765327847,66747.73941433406,10254.212755291715,308103.1651834411,0.8037847130870179,941458.5231670707,14.104725215081857
Cidra,1980-1984,1,75,5,0.056239392536970204,2.5,0.24653457573772736,56493.52665904235,13927.607626815,247648.61422817427,0.7238223274218114,633355.3579836297,11.211113829132048
Cidra,1980-1984,1,80,5,0.07492401717901331,2.5,0.3155200178085421,42565.91903222735,13430.399531085335,179253.59633342343,0.5352593667714733,385706.7437554554,9.06139823889226
Cidra,1980-1984,1,85,NA,0.14164510745528588,7.08596074334421,1,29135.519501142015,29135.519501142015,206453.147422032,0,206453.147422032,7.08596074334421
Cidra,1980-1984,2,0,1,0.009764218447058671,0.12896189475231373,0.009681874046951285,100000,968.187404695127,99156.67187748969,0.9900577764780855,7992240.72270703,79.92240722707031
Cidra,1980-1984,2,1,4,2.585462282863433e-4,1.5082475909256103,0.0010335190858506743,99031.81259530487,102.35126842364843,395872.21636155306,0.9989447829956735,7893084.050829541,79.7025101730164
Cidra,1980-1984,2,5,5,1.1387618860616392e-4,2.5,5.692188918361073e-4,98929.46132688122,56.31251834642899,494506.52533854,0.9993533686692199,7497211.8344679875,75.78340904632861
Cidra,1980-1984,2,10,5,1.4487002120049084e-4,2.5,7.240878594435827e-4,98873.1488085348,71.59284667721658,494186.7619259809,0.9985656227212429,7002705.309129448,70.82514710530762
Cidra,1980-1984,2,15,5,4.294969509701588e-4,2.5,0.002145181382692933,98801.55596185758,211.94725843046035,493477.91166321177,0.9968285141520339,6508518.547203466,65.87465636387432
Cidra,1980-1984,2,20,5,8.417670404724124e-4,2.5,0.004199996655475378,98589.60870342712,414.0760268190206,491912.853450088,0.9953015049732492,6015040.635540254,61.01089876149557
Cidra,1980-1984,2,25,5,0.001042529288907053,2.5,0.005199095920103901,98175.5326766081,510.42401139298454,489601.603354558,0.9941510138230737,5523127.782090167,56.257680824441714
Cidra,1980-1984,2,30,5,0.0013046963326783987,2.5,0.006502272934263475,97665.10866521511,635.0451926957176,486737.93034433626,0.9931148167869209,5033526.178735609,51.53863286007252
Cidra,1980-1984,2,35,5,0.0014594253635672547,2.5,0.007270599574268702,97030.0634725194,705.4667381745676,483386.6505171606,0.9912479546240122,4546788.2483912725,46.85958233634467
Cidra,1980-1984,2,40,5,0.0020594168969581346,2.5,0.010244341062087013,96324.59673434483,986.782021614621,479156.02861768764,0.9876679822841694,4063401.597874112,42.18446518993101
Cidra,1980-1984,2,45,5,0.002909267325573125,2.5,0.014441302603358958,95337.814712730207,1376.8022318095027,473247.06798412726,0.9827566012634572,3584245.5692564244,37.5952142395585
Cidra,1980-1984,2,50,5,0.004058067037063728,2.5,0.020086553731355088,93961.0124809207,1887.3529258505441,465086.68008997716,0.977571641495074,3110998.501272297,33.10946124493925
Cidra,1980-1984,2,55,5,0.005026001324457816,2.5,0.024818166280794363,92073.65955507016,2285.0993929189863,454655.54929305334,0.9647573883037094,2645911.82118232,28.73690297494664
Cidra,1980-1984,2,60,5,0.009402408796275337,2.5,0.04593235698793415,89788.56016215117,4124.200198800536,438632.30031375453,0.9424951711471651,2191256.2718892666,24.404626468361087
Cidra,1980-1984,2,65,5,0.014429275779000404,2.5,0.06963444246006885,85664.35996335064,5965.189944746555,413408.8249548868,0.9180098937330567,1752623.971575512,20.45919647710353
Cidra,1980-1984,2,70,5,0.02000715553629725,2.5,0.09527054609700915,79699.17001860408,7592.983451150794,379513.3914651435,0.8775596909804002,1339215.1466206252,16.803376325098665
Cidra,1980-1984,2,75,5,0.03301082350213551,2.5,0.1524711240940734,72106.18656745329,10994.111320076583,333045.65453707497,0.8028902463913031,959701.7551554817,13.309561923063399
Cidra,1980-1984,2,80,5,0.05708510988562391,2.5,0.2497789083521372,61112.075247376706,15264.507442423419,267399.10763082496,0.5732921017333975,626656.1006184068,10.254210777195079
Cidra,1980-1984,2,85,NA,0.1222072138673997,7.835900794475042,1,45847.56780495329,45847.56780495329,359256.9929875818,0,359256.9929875818,7.835900794475042
Cidra,1985-1989,1,0,1,0.014889286518262558,0.11957917321713299,0.014696630767174422,100000,1469.6630767174356,98706.07801890418,0.984818910310463,7272625.50607706,72.7262550607706
Cidra,1985-1989,1,1,4,4.4396214989579353e-4,1.6087190514985035,0.0017739652902107937,98530.33692328256,174.789397734683,393703.37713632727,0.9982166862091193,7173919.428058155,72.80924486885591
Cidra,1985-1989,1,5,5,2.0051868705812595e-4,2.5,0.0010020910903162726,98355.54752554788,98.56121785852883,491531.33458309306,0.9986922254625659,6780216.050921828,68.93577659318774
Cidra,1985-1989,1,10,5,3.230135568203931e-4,2.5,0.0016137646144819787,98256.98630768935,158.5636476289801,490888.52241937426,0.9973041309989127,6288684.716338735,64.002418073824
Cidra,1985-1989,1,15,5,7.573758296358584e-4,2.5,0.0037797224720715955,98098.42266006037,370.78481260301487,489565.1512687943,0.994623444898917,5797796.193919361,59.10182892553139
Cidra,1985-1989,1,20,5,0.001400777568579195,2.5,0.006979446213652998,97727.63784745736,682.0847919436783,486932.9772574276,0.991649164434447,5308231.042650566,54.31657982909769
Cidra,1985-1989,1,25,5,0.00195588997319251,2.5,0.009731863729241301,97045.55305551368,944.4340978651162,482866.6800329056,0.9893047693364495,4821298.065393139,49.68077272572373
Cidra,1985-1989,1,30,5,0.0023473072850798905,2.5,0.011668065089928513,96101.11895764856,1121.314111212807,477702.3095102108,0.9875028436317919,4338431.385360233,45.144441942160576
Cidra,1985-1989,1,35,5,0.0026851115207441358,2.5,0.013336035745666318,94979.80484643576,1266.654072548481,471732.3890508076,0.9840527466329028,3860729.075850022,40.647894382306696
Cidra,1985-1989,1,40,5,0.0037536502374833558,2.5,0.018593764961755768,93713.15077388728,1742.4802993152407,464209.55312114826,0.976682571478727,3388996.6867992147,36.163512365262854
Cidra,1985-1989,1,45,5,0.0057063792615728295,2.5,0.028130586814824183,91970.67047457203,2587.1889302025374,453385.3800473538,0.9672467201790654,2924787.133678066,31.801302726032734
Cidra,1985-1989,1,50,5,0.00764534271610873,2.5,0.03750977585156948,89383.4815443695,3352.754357562182,438535.52182794205,0.9491573208715054,2471401.7536307126,27.64942370704056
Cidra,1985-1989,1,55,5,0.013371575666334942,2.5,0.06469518686562138,86030.72718680731,5565.773971535804,416239.2010051971,0.9289048592173237,2032866.2318027704,23.62953677455963
Cidra,1985-1989,1,60,5,0.016219616570237627,2.5,0.07793778055869477,80464.95321527151,6271.259866357461,386646.6164104639,0.8979982048238702,1616627.0307975733,20.091070288359433
Cidra,1985-1989,1,65,5,0.027373218975460654,2.5,0.12809983293329572,74193.69334891405,9504.199722700068,347207.9674378201,0.86083023079242,1229980.4143871095,16.577964498988138
Cidra,1985-1989,1,70,5,0.03286906952782694,2.5,0.1518661038252536,64689.49362621398,9824.141355441687,298887.1147424657,0.7953019396329263,882772.4469492893,13.646303247480752
Cidra,1985-1989,1,75,5,0.061624588318775264,2.5,0.2669900602271227,54865.352270772295,14648.503707155796,237705.502085972,0.7036709554515166,583885.3322068236,10.642150429021655
Cidra,1985-1989,1,80,5,0.0808716475502434,2.5,0.3363544012720925,40216.8485636165,13527.114019665645,167266.4577689184,0.5168220583200196,346179.83012085164,8.607830859080158
Cidra,1985-1989,1,85,NA,0.16585610395934391,6.70345267231155,1,26689.734543950854,26689.734543950854,178913.37235193324,0,178913.37235193324,6.70345267231155
Cidra,1985-1989,2,0,1,0.010385181897055234,0.12768564720243927,0.010291945687010475,100000,1029.1945687010593,99102.21880590077,0.9894288241878315,7938154.212277029,79.38154212277028
Cidra,1985-1989,2,1,4,2.748320258380876e-4,1.507255004367234,0.0010985754844954508,98970.80543129894,108.72690052758844,395612.19328801497,0.9988945439785217,7839051.993471128,79.20570070446323
Cidra,1985-1989,2,5,5,1.1564141945944999e-4,2.5,5.780399838866476e-4,98862.07853077135,57.146234280924546,494167.5270681544,0.9993753130844257,7443439.800183113,75.29115218699657
Cidra,1985-1989,2,10,5,1.3431725300074992e-4,2.5,6.713608266487301e-4,98804.93229649043,66.33376102354669,493858.82707989326,0.9985297157615848,6949272.273114959,70.33325271922482
Cidra,1985-1989,2,15,5,4.544646345544155e-4,2.5,0.0022697443764006955,98738.59853546688,224.11137875956774,493132.7142304355,0.9966801211465752,6455413.446035066,65.37882390255197
Cidra,1985-1989,2,20,5,8.763964368133126e-4,2.5,0.004372402289599265,98514.48715670731,430.7449692026712,491495.5733605299,0.9957024359022921,5962280.73180463,60.52186743174545
Cidra,1985-1989,2,25,5,8.462660850139548e-4,2.5,0.004222397246102691,98083.74218750464,414.14852289996634,489383.33963027335,0.9948453079190893,5470785.1584441,55.77667650552845
Cidra,1985-1989,2,30,5,0.0012219093136127696,2.5,0.006090940126889587,97669.59366460468,594.8996472287399,486860.71920495154,0.9934728302207589,4981401.818813827,51.002585675945944
Cidra,1985-1989,2,35,5,0.0013980841305695176,2.5,0.006966072763390366,97074.69401737594,676.2293820089108,483682.89663185744,0.9923367967235454,4494541.099608875,46.29982247283079
Cidra,1985-1989,2,40,5,0.0016800719125976075,2.5,0.008365224117780868,96398.46463536703,806.3947612847987,479976.3362736231,0.9900925986216506,4010858.2029770175,41.607075570636205
Cidra,1985-1989,2,45,5,0.0023057324556514215,2.5,0.011462588124595495,95592.06987408223,1095.7325249441637,475221.0180580507,0.9839671452667417,3530881.8667033943,36.93697470255029
Cidra,1985-1989,2,50,5,0.004174335959701598,2.5,0.020656115880241355,94496.33734913806,1951.9272945421835,467601.86850933486,0.9765981167698637,3055660.848645344,32.33628873207556
Cidra,1985-1989,2,55,5,0.00531069765883553,2.5,0.026205563729313326,92544.41005459588,2425.1784354774136,456659.10418428585,0.9655918541886747,2588058.980136009,27.965589478707606
Cidra,1985-1989,2,60,5,0.008753761363072737,2.5,0.04283146574055507,90119.23161911847,3859.9387816594244,440946.31114144373,0.9414796199285131,2131399.875951723,23.650888247249043
Cidra,1985-1989,2,65,5,0.015565276566087263,2.5,0.07491134338608256,86259.29283745904,6461.799505987539,415141.96542232635,0.9134185011930847,1690453.5648102793,19.597350142849553
Cidra,1985-1989,2,70,5,0.020874684420967692,2.5,0.09919667394434395,79797.4933314715,7915.645927577934,379198.3518384127,0.8533876759500268,1275311.599387953,15.981850383325014
Cidra,1985-1989,2,75,5,0.04425918754565351,2.5,0.19924939668740238,71881.84740389357,14322.414728001713,323603.2001994636,0.7736461031262913,896113.2475495402,12.466474915626629
Cidra,1985-1989,2,80,5,0.05982369848022703,2.5,0.26020276326753755,57559.432675891854,14977.12343437886,250354.35479351212,0.5627074914190524,572510.0473500766,9.946415743424557
Cidra,1985-1989,2,85,NA,0.13191411656549945,7.565481964103974,1,42582.309241512994,42582.309241512994,322155.6925565645,0,322155.6925565645,7.565481964103974
Cidra,1990-1994,1,0,1,0.012825466680074093,0.12369742251324617,0.012682923436623646,100000,1268.2923436623678,98888.59215024195,0.9868699256226234,7376626.163272763,73.76626163272762
Cidra,1990-1994,1,1,4,4.042812727771747e-4,1.614786351685453,0.0016155672041618268,98731.70765633763,159.5077089004626,394546.37066106976,0.9982977517206011,7277737.5711225215,73.71226269533038
Cidra,1990-1994,1,5,5,2.1598736061729054e-4,2.5,0.0010793539860399113,98572.19994743717,106.39429692599515,492595.0139948709,0.998785762522875,6883191.200461451,69.82892949667206
Cidra,1990-1994,1,10,5,2.7003551747815496e-4,2.5,0.0013492667125534236,98465.80565051117,132.8566338889941,491996.8866678334,0.9971869046863638,6390596.18646658,64.90167976839587
Cidra,1990-1994,1,15,5,8.576151611671232e-4,2.5,0.004278901678454151,98332.94901662218,420.7570205945667,490612.8525316245,0.9929622204473798,5898599.2997987475,59.98599003475071
Cidra,1990-1994,1,20,5,0.0019713707325128157,2.5,0.009808513123312164,97912.19199602761,960.3730201253056,487160.02742982475,0.9898507223218568,5407986.447267123,55.23302396790922
Cidra,1990-1994,1,25,5,0.002109752805802856,2.5,0.010493417735240816,96951.81897590231,1017.3559367055859,482215.70503774757,0.9874603757571033,4920826.419837298,50.755380062135664
Cidra,1990-1994,1,30,5,0.0029430010182714262,2.5,0.014607530151084453,95934.46303919672,1401.3655613731535,476168.9012925507,0.9851347569936731,4438610.71479955,46.267113758546095
Cidra,1990-1994,1,35,5,0.003048411562925486,2.5,0.01512677621581226,94533.09747782357,1429.9810105346114,469090.5348627813,0.9813620539835527,3962441.8135069995,41.91592065875706
Cidra,1990-1994,1,40,5,0.004490459790823798,2.5,0.022203044260405903,93103.11646728896,2067.1726157049416,460347.6507971824,0.9775142673445948,3493351.278644218,37.52131412133319
Cidra,1990-1994,1,45,5,0.004607434818903398,2.5,0.0227748401161517,91035.94385158402,2073.329066042774,449996.39659281314,0.9729205128811289,3033003.627847036,33.31655057909593
Cidra,1990-1994,1,50,5,0.0063976038599625465,2.5,0.03148445659717545,88962.61478554124,2800.9395839866193,437810.72496773966,0.9567100442758616,2583007.231254223,29.034749456060606
Cidra,1990-1994,1,55,5,0.011412421657971567,2.5,0.05547922744763066,86161.67520155462,4780.1831757759355,418857.9180683333,0.9294016836939455,2145196.5062864833,24.897339812257705
Cidra,1990-1994,1,60,5,0.018105094018735737,2.5,0.08660546966655436,81381.49202577869,7048.082339057495,389287.25428124965,0.9016514230417784,1726338.5882181497,21.212913959248972
Cidra,1990-1994,1,65,5,0.023550494372778355,2.5,0.11120513226010272,74333.40968672119,8266.256655556237,351001.4067947154,0.8728074393958788,1337051.3339369001,17.98721920024811
Cidra,1990-1994,1,70,5,0.03130877285805951,2.5,0.14518032012468704,66067.15303116495,9591.650426791224,306356.63908884674,0.8299335588622339,986049.9271421847,14.92496470488215
Cidra,1990-1994,1,75,5,0.04424185912831834,2.5,0.19917915531475916,56475.50260437373,11248.74290471564,254255.65576007953,0.7536273373566836,679693.288053338,12.035187943607593
Cidra,1990-1994,1,80,5,0.07206108806971959,2.5,0.30530407987822433,45226.75969965809,13807.91425597767,191614.01285834628,0.5496072789201102,425437.63229325844,9.406767920552015
Cidra,1990-1994,1,85,NA,0.1746571290171566,7.442145506398402,1,31418.84544368042,31418.84544368042,233823.61943491217,0,233823.61943491217,7.442145506398402
Cidra,1990-1994,2,0,1,0.007741333938531598,0.13311946859615414,0.007689729611252597,100000,768.9729611252551,99333.39231082455,0.9920091764644096,7947155.101025039,79.4715510102504
Cidra,1990-1994,2,1,4,2.562120636308563e-4,1.5114888099224921,0.0010241952413746682,99231.02703887474,101.6319456899364,396671.19592138025,0.998984826850213,7847821.708714215,79.08636988751263
Cidra,1990-1994,2,5,5,1.1779411696386057e-4,2.5,5.88797192705839e-4,99129.39509318481,58.36710954550654,495501.05769206025,0.9993637846350806,7451150.512792835,75.16590316917112
Cidra,1990-1994,2,10,5,1.3677904993706123e-4,2.5,6.836614732683256e-4,99071.0279836393,67.73104494949803,495185.81230582274,0.9986386272396784,6955649.455100775,70.20871385577465
Cidra,1990-1994,2,15,5,4.083259380008752e-4,2.5,0.0020395476894458997,99003.2969386898,201.92194551884313,494511.6798296519,0.9971547283544853,6460463.642794952,65.25503536307231
Cidra,1990-1994,2,20,5,7.318650751517101e-4,2.5,0.0036526422724804226,98801.37499317096,360.8860788792372,493104.6597686567,0.9957547024535699,5965951.9629653,60.383288829509304
Cidra,1990-1994,2,25,5,9.703734675211043e-4,2.5,0.00484012551415949,98440.48891429172,476.4643220204016,491011.2837664076,0.9942694797391465,5472847.3031966435,55.595490875321
Cidra,1990-1994,2,30,5,0.0013294530947154852,2.5,0.006625245590443762,97964.02459227132,649.035721952052,488197.5336564765,0.9932307029958979,4981836.019430236,50.85372962334653
Cidra,1990-1994,2,35,5,0.0013876591840828892,2.5,0.0069143091588996074,97314.98887031927,672.8659188442689,484892.77955448563,0.9920306958110358,4493638.485773759,46.176221545500304
Cidra,1990-1994,2,40,5,0.0018145229770649435,2.5,0.009031644568847573,96642.122951475,872.8373048765934,481028.5214951836,0.9899388739421544,4008745.7062192736,41.4803150405968
Cidra,1990-1994,2,45,5,0.0022323877809473356,2.5,0.011099990198517165,95769.28564659841,1063.0381319962326,476188.83290300146,0.9867036555007457,3527717.18472409,36.83558001823093
Cidra,1990-1994,2,50,5,0.0031277374939775748,2.5,0.015517351961048332,94706.24751460218,1469.5901755942323,469857.2621340253,0.9804214025112834,3051528.3518210887,32.2209825846029
Cidra,1990-1994,2,55,5,0.004797632415470425,2.5,0.023703856106284237,93236.65733900794,2210.0683093947737,460658.1159215528,0.9685626872469143,2581671.0896870634,27.689442793944472
Cidra,1990-1994,2,60,5,0.008029725683394169,2.5,0.039358532861523625,91026.58902961317,3582.672995594432,446176.26265907974,0.9437476921226868,2121012.9737655106,23.301026616250482
Cidra,1990-1994,2,65,5,0.015333756668567233,2.5,0.07383823935507096,87443.91603401874,6456.70480226459,421077.81816443225,0.9087015430006897,1674836.7111064307,19.153267454934895
Cidra,1990-1994,2,70,5,0.023314174268042175,2.5,0.1101506903630383,80987.21123175415,8920.797227754927,382634.0630893834,0.8631904876775568,1253758.8929419986,15.48094907669094
Cidra,1990-1994,2,75,5,0.036387832244819805,2.5,0.1667683173366104,72066.41400399922,12018.394599930492,330286.0835201699,0.7776972200348973,871124.829852615,12.087805975808276
Cidra,1990-1994,2,80,5,0.06754978465637813,2.5,0.28895226507706895,60048.01940406873,17351.011220197448,256862.56896985002,0.5250662591914955,540838.7463324452,9.006770776119872
Cidra,1990-1994,2,85,NA,0.11490743434455247,6.650961962947715,1,42697.00818387128,42697.00818387128,283976.17736259516,0,283976.17736259516,6.650961962947715
Cidra,1995-1999,1,0,1,0.013163558911515992,0.12302277637001542,0.013013331177009228,100000,1301.333117700924,98858.7604954209,0.9864973455005948,7369624.297777597,73.69624297777597
Cidra,1995-1999,1,1,4,4.300888750526539e-4,1.6137908331636712,0.00171859174041423,98698.66688229908,169.6227136938105,394389.91225487646,0.9982009096378468,7270765.537282176,73.66629932249002
Cidra,1995-1999,1,5,5,2.3068185181795186e-4,2.5,0.0011527444660195238,98529.04416860527,113.57881040756183,492361.27381700743,0.9987632970674051,6876375.6250273,69.79034134605305
Cidra,1995-1999,1,10,5,2.64326214224335e-4,2.5,0.0013207582935225945,98415.4653581977,129.9830420827202,491752.36918578175,0.996982153771693,6384014.351210292,64.86799943458809
Cidra,1995-1999,1,15,5,9.456661521288876e-4,2.5,0.004717178570375558,98285.48231611498,463.630170960605,490268.3361531734,0.9940977436870648,5892261.98202451,59.950481425865775
Cidra,1995-1999,1,20,5,0.0014236390556486836,2.5,0.0070929507738896605,97821.85214515438,693.8455818762886,487374.64677108114,0.9920084947851786,5401993.6458713375,55.22277003971986
Cidra,1995-1999,1,25,5,0.001787245814526859,2.5,0.008896478587336182,97128.00656327809,864.0972306208569,483479.78973983834,0.9886799825986219,4914618.999100256,50.59940148054436
Cidra,1995-1999,1,30,5,0.0027721418398910036,2.5,0.01376531071502447,96263.90933265723,1325.1026226069662,478006.7901067687,0.9845131735553074,4431139.209360418,46.031157887509224
Cidra,1995-1999,1,35,5,0.0034764275683851326,2.5,0.017232370125493456,94938.80671005027,1636.0206565002736,470603.9819090006,0.9818355335330031,3953132.419253649,41.6387413771356
Cidra,1995-1999,1,40,5,0.003859464125094515,2.5,0.019112906681315534,93302.78605355,1783.2874429482472,462055.71166037937,0.9798458973111204,3482528.4373446484,37.32502087714609
Cidra,1995-1999,1,45,5,0.004288610037546639,2.5,0.0212155867420967,91519.49861060175,1941.6398613664205,452743.3933995927,0.9719598749377357,3020472.7256842693,33.003597829308625
Cidra,1995-1999,1,50,5,0.007127290092919521,2.5,0.03501258828064729,89577.85874923533,3136.352687448947,440048.41202755424,0.9596000324471033,2567729.3322846764,28.664776855995072
Cidra,1995-1999,1,55,5,0.009412981057539847,2.5,0.04598281682825746,86441.50606178638,3974.8239395978308,422270.47045993735,0.9391311546052412,2127680.9202571223,24.614112099531276
Cidra,1995-1999,1,60,5,0.01590252546423218,2.5,0.07647236787745741,82466.68212218855,6306.422452881336,396567.3544787394,0.9099828294407599,1705410.449797185,20.679993494467578
Cidra,1995-1999,1,65,5,0.022093101220183712,2.5,0.10468354567424643,76160.25966930721,7972.726021654395,360869.4832924001,0.8637801048810381,1308843.0953184455,17.185381208014878
Cidra,1995-1999,1,70,5,0.03750359222717049,2.5,0.17144358534865253,68187.53364765282,11690.31524463548,311711.88012667536,0.8046073004587918,947973.6120260453,13.902447578241114
Cidra,1995-1999,1,75,5,0.05052587462993687,2.5,0.2242973266360737,56497.21840301734,12672.17505017118,250805.65438965877,0.7315514704174056,636261.73189937,11.261824031063966
Cidra,1995-1999,1,80,5,0.07771638702422622,2.5,0.32536621784458497,43825.04335284616,14259.188602590519,183477.24525775452,0.5239996047198608,385456.07750971126,8.795338190684946
Cidra,1995-1999,1,85,NA,0.15517352974982598,6.831489701822686,1,29565.85475025564,29565.85475025564,201978.83225195674,0,201978.83225195674,6.831489701822686
Cidra,1995-1999,2,0,1,0.008874487849991742,0.13079053135654747,0.008806555936835703,100000,880.6555936835648,99234.52581935642,0.9909526941571166,8075409.145542749,80.7540914554275
Cidra,1995-1999,2,1,4,2.3871402557631646e-4,1.5096717334907683,9.542888002439978e-4,99119.34440631644,94.58848025447514,396241.82125920185,0.9990015154092973,7976174.619723393,80.4704133940489
Cidra,1995-1999,2,5,5,1.1487945666595316e-4,2.5,5.7423236457466e-4,99024.75592606196,56.863219746854156,494981.62158094265,0.9993640647848241,7579932.798464191,76.54583672111083
Cidra,1995-1999,2,10,5,1.395833954010014e-4,2.5,6.976735179087292e-4,98967.8927063151,69.04727786441799,494666.84533691447,0.9984927249209974,7084951.176883249,71.58838066712883
Cidra,1995-1999,2,15,5,4.640260511028725e-4,2.5,0.0023174418720130355,98898.84542845069,229.1923254896392,493921.2463285293,0.9969446510663483,6590284.331546334,66.6366154528481
Cidra,1995-1999,2,20,5,7.604369224980494e-4,2.5,0.003794970024174858,98669.65310296105,374.44837582146283,492412.14457525156,0.9958192071530911,6096363.085217805,61.78559357917571
Cidra,1995-1999,2,25,5,9.157086042480646e-4,2.5,0.004568085433399562,98295.20472713959,449.02089288707066,490353.4714034803,0.9941848846104211,5603950.940642553,57.01143770134787
Cidra,1995-1999,2,30,5,0.0014185867975010562,2.5,0.007067868026831922,97846.18383425252,691.5639142696455,487502.00938558846,0.9926098252472103,5113597.469239073,52.26159333818578
Cidra,1995-1999,2,35,5,0.0015489299667489221,2.5,0.007714775715513347,97154.61991998287,749.5261024086067,483899.2843438928,0.9916707300626314,4626095.459853484,47.61580523564977
Cidra,1995-1999,2,40,5,0.0017977519696340052,2.5,0.008948541701994743,96405.09381757426,862.6850023112784,479868.7565820931,0.9892419560142804,4142196.1755095916,42.966569622843785
Cidra,1995-1999,2,45,5,0.002532712658840855,2.5,0.012583884882853775,95542.40881526298,1202.2946739618346,474706.30739141034,0.9853869736722651,3662327.4189274986,38.33195608464122
Cidra,1995-1999,2,50,5,0.0033616213333004658,2.5,0.01666802767297851,94340.11414130115,1572.4636331791553,467769.41162355785,0.9769325162404192,3187621.1115360884,33.788607747089635
Cidra,1995-1999,2,55,5,0.006003866257931443,2.5,0.029575414211042157,92767.650508122,2743.6416891628905,456979.14831770275,0.9684305783423561,2719851.6999125304,29.31896717244555
Cidra,1995-1999,2,60,5,0.006839831943828242,2.5,0.03362420002558947,90024.0088189591,3026.9852796341293,442552.5808957102,0.9561338476089046,2262872.551594828,25.1363228685531
Cidra,1995-1999,2,65,5,0.011197834946838165,2.5,0.05446446452368058,86997.023539324975,4738.2463022233715,423139.5019410664,0.9280779551588629,1820319.9706991173,20.923933907650117
Cidra,1995-1999,2,70,5,0.01893265850346487,2.5,0.0903852116523796,82258.7772371016,7434.976990841358,392706.4437084046,0.8834779412029957,1397180.468758051,16.98518402152802
Cidra,1995-1999,2,75,5,0.03132637921627263,2.5,0.14525603221019404,74823.80024626025,10868.608338659906,346947.48038465146,0.8123809869364895,1004474.0250496464,13.424525642158235
Cidra,1995-1999,2,80,5,0.0538186229271631,2.5,0.23718120063045925,63955.19190760034,15168.969203196073,281853.5365300115,0.5713427255265963,657526.5446649949,10.281050295571944
Cidra,1995-1999,2,85,NA,0.12741886394968183,7.700391366865729,1,48786.22270440427,48786.22270440427,375673.0081349834,0,375673.0081349834,7.700391366865729
Cidra,2000-2004,1,0,1,0.011669338605716593,0.12600441827922282,0.011551525173622838,100000,1155.1525173622795,98990.40180361173,0.9880421594835546,7567882.350612277,75.67882350612277
Cidra,2000-2004,1,1,4,3.706208971227092e-4,1.6181952546518743,0.001481176085320497,98844.84748263772,146.4066242484405,395030.67793816555,0.9985167148561299,7468891.948808665,75.56177321352628
Cidra,2000-2004,1,5,5,1.6533834367327718e-4,2.5,8.263501499536671e-4,98698.44085838928,81.5594714035251,493288.3056134376,0.9990676952776447,7073861.2708705,71.67145913702879
Cidra,2000-2004,1,10,5,2.0777725698664757e-4,2.5,0.0010383469227447167,98616.88138698575,102.39853531886183,492828.4105966316,0.9976617824867364,6580572.965257063,66.72866625577034
Cidra,2000-2004,1,15,5,7.292148111611764e-4,2.5,0.003639439223340929,98514.4828516669,358.5374729574978,491676.0705759407,0.9948092443891412,6087744.554660431,61.795427214765354
Cidra,2000-2004,1,20,5,0.0013541163200684475,2.5,0.006747738543130219,98155.9453787094,662.3306558693148,489123.90025387367,0.9921827929624655,5596068.48408449,57.01201758582736
Cidra,2000-2004,1,25,5,0.0017867337626892368,2.5,0.008893941051545772,97493.61472284008,867.1024622470431,485300.31745858275,0.9900374109218181,5106944.583830616,52.382349329737174
Cidra,2000-2004,1,30,5,0.002220423030819405,2.5,0.011040826888341616,96626.51226059304,1066.836594693421,480465.46981623163,0.988850095020254,4621644.266372033,47.82998121579586
Cidra,2000-2004,1,35,5,0.0022647911673944025,2.5,0.011260200828523196,95559.67566589962,1076.0211391065823,475108.3254817316,0.9869748155563657,4141178.7965558018,43.33604909914504
Cidra,2000-2004,1,40,5,0.0029841517368394944,2.5,0.014810268463302911,94483.65452679303,1399.3282889357652,468919.9519116258,0.982067596650622,3666070.4710740703,38.80110786818127
Cidra,2000-2004,1,45,5,0.004265296622348351,2.5,0.021101473007874103,93084.32623785727,1964.2163975642907,460511.0901953756,0.9769725400062655,3197150.5191624444,34.34681915183877
Cidra,2000-2004,1,50,5,0.005062258326230603,2.5,0.024994964216851538,91120.10984029298,2277.543884893719,449906.6894892306,0.963618636404021,2736639.428967069,30.033320128384403
Cidra,2000-2004,1,55,5,0.009848592330650966,2.5,0.04805966161623647,88842.56595539926,4269.743656934646,433538.47063465964,0.940889466047481,2286732.7394778384,25.739156843194102
Cidra,2000-2004,1,60,5,0.014662318740063938,2.5,0.07071932064922055,84572.82229846461,5980.932538334673,407911.7801464864,0.9194045533796277,1853194.2688431786,21.91240895689989
Cidra,2000-2004,1,65,5,0.019116568265273463,2.5,0.09122315705340439,78591.88976012994,7169.400302712165,375035.9480438692,0.8906878911032713,1445282.4886966923,18.389715441476653
Cidra,2000-2004,1,70,5,0.027628393221936023,2.5,0.12921683246414875,71422.48945741777,9228.987854391584,334039.9776511099,0.8402448859537226,1070246.540652823,14.98472748266365
Cidra,2000-2004,1,75,5,0.04317033403351503,2.5,0.19482501746269978,62193.50160302619,12116.850035876028,280675.3829254409,0.7557553189429713,736206.5630017131,11.837355093797951
Cidra,2000-2004,1,80,5,0.07214972494743496,2.5,0.305622225896531,50076.65156715016,15304.537717397441,212121.9135422572,0.5343416151958239,455531.1800762722,9.096678108867339
Cidra,2000-2004,1,85,NA,0.14232780344655518,7.000128539373973,1,34772.11384975272,34772.11384975272,243409.266534015,0,243409.266534015,7.000128539373973
Cidra,2000-2004,2,0,1,0.006820913951224766,0.13501118018346628,0.006780906505814233,100000,678.09065058142,99413.45916842495,0.9929907081374839,8262697.396498092,82.62697396498092
Cidra,2000-2004,2,1,4,2.0833510447501794e-4,1.5129674651150402,8.329088576837746e-4,99321.90934941858,82.72609805919637,397081.894900317,0.9991588016552106,8163283.937329668,82.19016318555553
Cidra,2000-2004,2,5,5,9.531834015403348e-5,2.5,4.764781580023163e-4,99239.18325135938,47.28530323726591,496077.70299870375,0.9994719999234257,7766202.04242935,78.25741595190898
Cidra,2000-2004,2,10,5,1.1594290834022653e-4,2.5,5.795465559181034e-4,99191.89794812212,57.48632283079496,495815.77393353364,0.99880205825432955,7270124.339430647,73.29352991343063
Cidra,2000-2004,2,15,5,3.6366944473739145e-4,2.5,0.001816695532048465,99134.41162529132,180.09704267192865,495221.8155197768,0.9974789691780489,6774308.565497113,68.33458185138248
Cidra,2000-2004,2,20,5,0.00064637240880813295,2.5,0.0032266480034347745,98954.3145826194,319.2907415792579,493973.34605914884,0.9964937771157805,6279086.749977336,63.45440091684706
Cidra,2000-2004,2,25,5,7.587771868161055e-4,2.5,0.0037867027748834403,98635.02384104014,373.50151847956295,492241.36540900177,0.9958265761953728,5785113.403918188,58.65171597911769
Cidra,2000-2004,2,30,5,9.144085494421163e-4,2.5,0.0045616147982835515,98261.52232256057,448.2312143284653,490187.0335769817,0.994868411872468,5292872.038509186,53.86515406442017
Cidra,2000-2004,2,35,5,0.0011440977399497362,2.5,0.005704173370096159,97813.29110823211,557.9439703810349,487671.5956152079,0.9936409805162002,4802685.004932204,49.100535832272016
Cidra,2000-2004,2,40,5,0.0014084665196107172,2.5,0.007017622382620606,97255.34713785107,682.5013009041286,484570.4824369951,0.9916520442476188,4315013.409316996,44.36787833578792
Cidra,2000-2004,2,45,5,0.0019469689923410488,2.5,0.009687690877341322,96572.84583694694,935.5678776134882,480525.309490701,0.9876594962422012,3830442.926880001,39.663767735987605
Cidra,2000-2004,2,50,5,0.0030265820580389845,2.5,0.015019267675019677,95637.27795933346,1436.4018773814896,474595.38510321354,0.9818677351722008,3349917.6173893004,35.02732081954215
Cidra,2000-2004,2,55,5,0.00430437188399871,2.5,0.02129272985073583,94200.87608195197,2005.7938061156456,465989.89589447074,0.971087992896772,2875322.232286087,30.52330670242007
Cidra,2000-2004,2,60,5,0.007476594304944992,2.5,0.03669704915296166,92195.08227583632,3383.287465937712,452517.1927143373,0.9569964592570845,2409332.336391616,26.13298103236343
Cidra,2000-2004,2,65,5,0.01016181606332226,2.5,0.04955027828213752,88811.79480989861,4400.6491475665825,433057.3511805766,0.9324262470424937,1956815.1436772787,22.033280014955626
Cidra,2000-2004,2,70,5,0.018090101145459905,2.5,0.08653685459616314,84411.14566233203,7304.675038476766,403794.04071546823,0.8954431358906655,1523757.792496702,18.051618427170215
Cidra,2000-2004,2,75,5,0.02650379856300744,2.5,0.12428399771493256,77106.47062385526,9583.100418821748,361574.6020722219,0.8345063918359152,1119963.7517812338,14.524899696741386
Cidra,2000-2004,2,80,5,0.0475654172226295,2.5,0.21255179865234916,67523.37020503351,14352.213788148314,301736.31655479677,0.6021352406339533,758389.1497090119,11.231506179359483
Cidra,2000-2004,2,85,NA,0.11528673773890213,8.588356242882071,1,53171.1564168852,53171.1564168852,456652.8331542151,0,456652.8331542151,8.588356242882071
Cidra,2005-2009,1,0,1,0.010788665874766658,0.12776175668019688,0.010688087900458793,100000,1068.8087900458777,99067.74409852563,0.9889707102564229,7622582.734737378,76.22582734737378
Cidra,2005-2009,1,1,4,3.2648885597152434e-4,1.6207967911559176,0.0013049417668700401,98931.19120995412,129.09944345607073,395417.6110296858,0.99862787473127,7523514.990638852,76.04795715713429
Cidra,2005-2009,1,5,5,1.6492241955895352e-4,2.5,8.242722453620665e-4,98802.09176649805,81.43982202684856,493806.8592774231,0.9990469940061933,7128097.379609167,72.14520717289278
Cidra,2005-2009,1,10,5,2.1648629069628147e-4,2.5,0.0010818459414439873,98720.6519444712,106.8005366428406,493336.2583807489,0.9976997742457862,6634290.520331743,67.20266114189994
Cidra,2005-2009,1,15,5,7.052261904350886e-4,2.5,0.0035199250937642127,98613.85140782836,347.11337016313337,492201.473613734,0.9942204015869267,6140954.261950994,62.27273526266007
Cidra,2005-2009,1,20,5,0.001615952732643374,2.5,0.008047253709162878,98266.73803766523,790.7773721609556,489356.74675792374,0.9907173280516226,5648752.7883372605,57.48387400599496
Cidra,2005-2009,1,25,5,0.002116765284434688,2.5,0.010528112564207104,97475.96066550427,1026.2378861906618,484814.20861204475,0.9901270207980234,5159396.041579337,52.92993273781803
Cidra,2005-2009,1,30,5,0.0018506983022027307,2.5,0.009210875133584836,96449.72277931361,888.3863531891257,480027.64801359526,0.9891363392630752,4674581.832967292,48.4665139335153
Cidra,2005-2009,1,35,5,0.0025221659477456955,2.5,0.012531811468355839,95561.33642612449,1197.556651756313,474812.7905012316,0.985781247107962,4194554.184953697,43.89384181746325
Cidra,2005-2009,1,40,5,0.0032109915038005346,2.5,0.01592710303766741,94363.77977436817,1502.9416434901214,468061.5447631156,0.9821797882320459,3719741.3944524648,39.41916488876011
Cidra,2005-2009,1,45,5,0.003988163114649294,2.5,0.019743960238347274,92860.83813087805,1833.440695755664,459720.58891500114,0.9751556076595105,3251679.8496893495,35.016697190546914
Cidra,2005-2009,1,50,5,0.006101173776589585,2.5,0.03004755548894844,91027.39743512239,2735.150775446382,448299.11023699597,0.9632588527247986,2791959.2607743484,30.671636665919742
Cidra,2005-2009,1,55,5,0.008923131211488262,2.5,0.043642095691932704,88292.246659676,3853.258677577309,431828.08660443674,0.9495434135867162,2343660.150537352,26.544348334129843
Cidra,2005-2009,1,60,5,0.011857807860827163,2.5,0.057582047175048785,84438.9879820987,4862.169789398598,410039.515436997,0.9348843578720001,1911832.0639329155,22.64157955491164
Cidra,2005-2009,1,65,5,0.015176688828839525,2.5,0.07310954221274334,79576.8181927001,5817.824748814994,383339.529091463,0.9080822560920828,1501792.5484959185,18.87223669661228
Cidra,2005-2009,1,70,5,0.023775829325463658,2.5,0.11220946396734488,73758.9934438851,8276.457117109261,348103.82442665234,0.8458558836828166,1118453.0194044556,15.16361554276578
Cidra,2005-2009,1,75,5,0.044785190872556266,2.5,0.20137896580908654,65482.536326775844,13186.80544404206,294445.66802377405,0.7569408562863714,770349.1949778032,11.76419299236592
Cidra,2005-2009,1,80,5,0.06927683474527149,2.5,0.2952493266916774,52295.730882733784,15440.279331976308,222877.95608372818,0.5316740821186275,475903.52695402916,9.100236652608977
Cidra,2005-2009,1,85,NA,0.14898191435902572,6.865349906833542,1,36855.451550757476,36855.451550757476,253025.57087030096,0,253025.57087030096,6.865349906833542
Cidra,2005-2009,2,0,1,0.007479115095949856,0.13365839911674712,0.00743096638300911,100000,743.0966383009072,99356.22446876342,0.9923972338422912,8323071.759512094,83.23071759512094
Cidra,2005-2009,2,1,4,1.8758842399566375e-4,1.5119098176948442,7.500036415959444e-4,99256.9033616991,74.44303897481586,396842.3924523822,0.9992100830564644,8223715.535043331,82.85283195946117
Cidra,2005-2009,2,5,5,8.522708192700017e-5,2.5,4.2604463328283745e-4,99182.46032272428,42.2561549362872,495806.6612262807,0.9995279916005421,7826873.142590948,78.91388373633325
Cidra,2005-2009,2,10,5,1.0362518981613148e-4,2.5,5.179917565954064e-4,99140.20416778799,51.353808506100904,495572.63631767465,0.9988824788783714,7331066.481364667,73.9464533375112
Cidra,2005-2009,2,15,5,3.437674261950249e-4,2.5,0.0017173611988771614,99088.85035928189,170.17134684836492,495018.8234292885,0.9974099582182517,6835493.845046993,68.98348119150114
Cidra,2005-2009,2,20,5,6.940468969659486e-4,2.5,0.003464223650641933,98918.67901243352,342.67642732513195,493736.7039938548,0.9964178197735901,6340475.021617705,64.0978537614796
Cidra,2005-2009,2,25,5,7.414813132967774e-4,2.5,0.00370054685063707,98576.00258510839,364.78511591471033,491968.0501357552,0.9958261882390436,5846738.31762385,59.31198429938262
Cidra,2005-2009,2,30,5,9.319331044374983e-4,2.5,0.004648834515232999,98211.21746919368,456.56769755385176,489914.6681020838,0.9949923841790186,5354770.267488095,54.523000584609875
Cidra,2005-2009,2,35,5,0.0010765039421270087,2.5,0.005368072831722608,97754.64977163983,524.7540796136891,487461.3636591649,0.9938553630935678,4864855.599386011,49.76597645994925
Cidra,2005-2009,2,40,5,0.0013898911971920772,2.5,0.006925392132056765,97229.89569202614,673.3551546262606,484466.09057356504,0.9915981103822019,4377394.235726846,45.02107304107535
Cidra,2005-2009,2,45,5,0.0019875639427827693,2.5,0.009888683735826569,96556.54053739988,954.817091999852,480395.65995699976,0.9877883702845863,3892928.145153281,40.317601723162475
Cidra,2005-2009,2,50,5,0.0029329034746056097,2.5,0.014557775993543066,95601.72344540003,1391.7484745147958,474529.2460407131,0.9840333689357577,3412532.485196281,35.69530299467084
Cidra,2005-2009,2,55,5,0.003509788448359852,2.5,0.017396298919321138,94209.97497088523,1638.9048857752787,466952.61263998796,0.9749566131214848,2938003.239155568,31.185691749345356
Cidra,2005-2009,2,60,5,0.006674723998446587,2.5,0.032825861085342904,92571.07008510995,3038.725087135361,455258.53770771134,0.9587783905806218,2471050.62651558,26.693551497716218
Cidra,2005-2009,2,65,5,0.010235858323174772,2.5,0.049902309198486434,89532.3449979746,4467.870763354484,436492.0480814868,0.9392901083431211,2015792.0888078688,22.5146799053847
Cidra,2005-2009,2,70,5,0.014956080357704571,2.5,0.07208512450190864,85064.47423462011,6131.883215891998,409992.6631333705,0.9067168372271519,1579300.040726382,18.565917851563327
Cidra,2005-2009,2,75,5,0.024657295236521284,2.5,0.11612797195813115,78932.59101872811,9166.281716405501,371747.25080262683,0.8428262424899722,1169307.3775930114,14.81399967366551
Cidra,2005-2009,2,80,5,0.04533817985377262,2.5,0.20361236428755997,69766.30930232261,14205.283184663094,313318.3385499553,0.6071539586478075,797560.1267903846,11.431880728193155
Cidra,2005-2009,2,85,NA,0.1124250642077429,8.71549397260894,1,55561.026117659516,55561.026117659516,484241.78824042936,0,484241.78824042936,8.71549397260894
Cidra,2010-2014,1,0,1,0.009712529430577443,0.12990913314775426,0.009631138765368547,100000,963.1138765368523,99162.00341228662,0.9899404288369144,7751630.556499959,77.51630556499958
Cidra,2010-2014,1,1,4,3.6082122907425923e-4,1.6239813788999446,0.001442048622115303,99036.88612346315,142.81600517293555,395808.21100617055,0.9986278895540982,7652468.553087672,77.26887276673676
Cidra,2010-2014,1,5,5,1.4508858354349795e-4,2.5,7.251798794136937e-4,98894.07011829021,71.71598984309821,494291.06061684334,0.9991793900859457,7256660.342081502,73.37811390917159
Cidra,2010-2014,1,10,5,1.8330580463882612e-4,2.5,9.161092028577133e-4,98822.35412844711,90.53206806513481,493885.44047207275,0.9981116352659518,6762369.281464659,68.42955059211684
Cidra,2010-2014,1,15,5,5.731223530201391e-4,2.5,0.0028615117741976376,98731.82206038198,282.5222713137773,492952.8046236254,0.994686426426103,6268483.840992586,63.49000464266661
Cidra,2010-2014,1,20,5,0.0015605994364636814,2.5,0.007772672113019918,98449.2997890682,765.2141270168213,490333.46362779895,0.9917159999403052,5775531.0363689605,58.66502909358706
Cidra,2010-2014,1,25,5,0.0017676437483309202,2.5,0.008799333524419802,97684.08566205138,859.5548497683922,486271.5411858359,0.9897788677474049,5285197.572741162,54.10500120793343
Cidra,2010-2014,1,30,5,0.0023447754122988794,2.5,0.011655552926696233,96824.53081228299,1128.5434434850758,481301.2954527022,0.9886090194309382,4798926.031555326,49.563121982580704
Cidra,2010-2014,1,35,5,0.0022370995730940832,2.5,0.01112328810777714,95695.98736879791,1064.4540382613632,475818.8017483362,0.9877007654618718,4317624.736102624,45.11813770689411
Cidra,2010-2014,1,40,5,0.002715998950251639,2.5,0.013488408492989382,94631.53333053655,1276.42877788021,469966.59470798227,0.9835180639374089,3841805.9343542876,40.597523881762775
Cidra,2010-2014,1,45,5,0.003941743031403573,2.5,0.019516393635490802,93355.10455265634,1821.9549683320365,462220.6353424516,0.9776603893643876,3371839.339646305,36.118424973156564
Cidra,2010-2014,1,50,5,0.0051082167971315375,2.5,0.025219023388457263,91533.1495843243,2308.3766401862376,451894.80632115586,0.9710896990632555,2909618.7043038537,31.78759517745412
Cidra,2010-2014,1,55,5,0.006648102213208402,2.5,0.03269707728635977,89224.77294413807,2917.3892968123837,438830.39147865935,0.9573301761765645,2457723.8979826975,27.545308515623027
Cidra,2010-2014,1,60,5,0.010884256628973214,2.5,0.05297967227204644,86307.38364732568,4572.536900293097,420105.5759858957,0.9371182396712185,2018893.5065040383,23.3918979024293
Cidra,2010-2014,1,65,5,0.015225877481101381,2.5,0.0733378062728972,81734.84674703258,5994.254356478821,393688.5978439659,0.900019877657113,1598787.9305181426,19.560664687686433
Cidra,2010-2014,1,70,5,0.02751736052821796,2.5,0.12873096191564692,75740.59239055376,9750.159314496908,354327.5636665266,0.8523050830102302,1205099.3326741767,15.910878099026785
Cidra,2010-2014,1,75,5,0.03702970555592837,2.5,0.16946081735484927,65990.43307605686,11182.792726669082,301995.1835636116,0.7873552010440132,850771.7690076501,12.892350138498083
Cidra,2010-2014,1,80,5,0.06099942435483012,2.5,0.2646399155061808,54807.64034938777,14504.289311155124,237777.47846905107,0.5667135137031125,548776.5854440385,10.01277526172806
Cidra,2010-2014,1,85,NA,0.1237273937654698,7.716457787342963,1,40303.35103823265,40303.35103823265,310999.10697498743,0,310999.10697498743,7.716457787342963
Cidra,2010-2014,2,0,1,0.0050814991341049,0.1385861472746482,0.005059352961212345,100000,505.935296121228,99564.18032733847,0.9947550985296202,8345075.889856779,83.45075889856778
Cidra,2010-2014,2,1,4,1.6482483440777895e-4,1.5157684327321075,6.590294894019262e-4,99494.06470387877,65.56952266031294,397813.36893747165,0.9993227482842234,8245511.709529441,82.87440797670004
Cidra,2010-2014,2,5,5,8.190592039631127e-5,2.5,4.09445761901604e-4,99428.49518121846,40.71057596421451,497040.69946618174,0.9995463130896068,7847698.340591969,78.92806107835332
Cidra,2010-2014,2,10,5,9.961403734573878e-5,2.5,4.97946180655104e-4,99387.78460525424,49.489767747960286,496815.1986069013,0.9990166157504544,7350657.641125787,73.95936704214641
Cidra,2010-2014,2,15,5,2.9402880576905147e-4,2.5,0.0014690641608931937,99338.29483750628,145.93432875000872,496326.63836565637,0.9978247405462244,6853842.442518886,68.99496768824284
Cidra,2010-2014,2,20,5,5.773308200655079e-4,2.5,0.0028824937191707332,99192.36050875628,285.921356156221,495246.9991533908,0.9967945838317215,6357515.80415323,64.09279677936505
Cidra,2010-2014,2,25,5,7.071022040834728e-4,2.5,0.0035292721301622434,98906.43915260005,349.0677391948557,493659.5264150131,0.9959856730896042,5862268.804999839,59.27085086902283
Cidra,2010-2014,2,30,5,9.022504884907172e-4,2.5,0.004501099644072063,98557.3714134052,443.6165493895678,491677.8156935521,0.995455143885247,5368609.278584826,54.47192027946698
Cidra,2010-2014,2,35,5,9.198726462314853e-4,2.5,0.004588810428178368,98113.75486401563,450.2254214677232,489443.2107664089,0.9941167382834682,4876931.462891273,49.706908777985674
Cidra,2010-2014,2,40,5,0.0014419152049047208,2.5,0.007183680379607276,97663.52944254791,701.5835802596266,486563.6882620905,0.9923861122464795,4387488.252124865,44.92453096020734
Cidra,2010-2014,2,45,5,0.0016159435089969972,2.5,0.008047207961308422,96961.94586228828,780.2729426869628,482859.046954724,0.9898885874998122,3900924.563862774,40.23150040123084
Cidra,2010-2014,2,50,5,0.002453429125000995,2.5,0.012192362879526944,96181.67291960132,1172.6818585957517,477976.65995151724,0.9843178806248186,3418065.51690805,35.537596853459036
Cidra,2010-2014,2,55,5,0.0038802694741733867,2.5,0.01921494941669348,95008.99106100557,1825.5929573683097,470480.97291160707,0.978824865228288,2940088.856956533,30.94537500212683
Cidra,2010-2014,2,60,5,0.004689076256191112,2.5,0.023173722896452295,93183.39810363726,2159.406246203478,460518.47490267764,0.9652480931026046,2469607.884044926,26.502659640060166
Cidra,2010-2014,2,65,5,0.009543335613497862,2.5,0.04660476576527317,91023.99185743378,4242.151819535822,444514.5797383293,0.9428820930701483,2009089.4091422483,22.072086360362906
Cidra,2010-2014,2,70,5,0.014109746336494595,2.5,0.06814496138436399,86781.84003789796,5913.745138246624,419124.8373438732,0.9003869041419529,1564574.829403919,18.028827560243748
Cidra,2010-2014,2,75,5,0.02858270360034782,2.5,0.13338244105623598,80868.09489965133,10786.38390128284,377374.5147450496,0.8327443658973047,1145449.9920600457,14.164424096813791
Cidra,2010-2014,2,80,5,0.04601598234704344,2.5,0.20634230237623444,70081.7109983685,14460.821601869218,314256.5009871694,0.590852057813728,768075.4773149962,10.959713545419532
Cidra,2010-2014,2,85,NA,0.11023240716682624,8.159146343251205,1,55620.889396499275,55620.889396499275,453818.9763278268,0,453818.9763278268,8.159146343251205
Cidra,2015-2019,1,0,1,0.008235471855033974,0.13285652768687245,0.008177076606266908,100000,817.7076606266928,99290.93013982712,0.9915112015188201,7909871.558421243,79.09871558421243
Cidra,2015-2019,1,1,4,2.813006894432933e-4,1.628362468185318,0.0011244525867943006,99182.2923393733,111.52578518519294,396464.67061958293,0.9988402851181294,7810580.628281415,78.74974901321954
Cidra,2015-2019,1,5,5,1.398820039050463e-4,2.5,6.99165517840989e-4,99070.76655418811,69.2668638007599,495180.6656114387,0.9992456503071588,7414115.957661833,74.83656597737719
Cidra,2015-2019,1,10,5,1.6198006284208786e-4,2.5,8.095724777084032e-4,99001.49969038735,80.14888940118544,494807.1262284338,0.9978710470357681,6918935.292050394,69.88717659518642
Cidra,2015-2019,1,15,5,6.910723834498903e-4,2.5,0.0034494024503174047,98921.35080098617,341.2195498416404,493753.70513032674,0.9957327552798807,6424128.16582196,64.9417756005604
Cidra,2015-2019,1,20,5,0.0010201788574407831,2.5,0.005087917821728607,98580.13125114453,501.56760666104674,491646.73723907,0.9927519892473707,5930374.460691634,60.15790794174644
Cidra,2015-2019,1,25,5,0.0018927440730040896,2.5,0.00941915026293817,98078.56364448348,923.8167285405216,488083.2764010661,0.9897504409127678,5438727.723452563,55.45276685705694
Cidra,2015-2019,1,30,5,0.002229935416702974,2.5,0.011087864031764821,97154.74691594296,1077.2386238445179,483080.63802010345,0.9890030870747607,4950644.447051497,50.95627958698437
Cidra,2015-2019,1,35,5,0.002192945382817436,2.5,0.010904942058245876,96077.50829209844,1047.7196610259707,477768.24230792734,0.988118222342459,4467563.809031394,46.49958027063878
Cidra,2015-2019,1,40,5,0.0025905459714432584,2.5,0.012869383036267385,95029.78863107247,1222.9747497487842,472091.5062809904,0.9852834764600431,3989795.5667234664,41.98468316301083
Cidra,2015-2019,1,45,5,0.003345294550540667,2.5,0.01658774551600224,93806.81388132369,1556.0435563303909,465143.9605157925,0.9764445872663712,3517704.060442476,37.499451424635026
Cidra,2015-2019,1,50,5,0.006223466873756189,2.5,0.030640607356592145,92250.7703249933,2826.61963187129,454187.3025452882,0.9677013734724179,3052560.0999266836,33.089806070699666
Cidra,2015-2019,1,55,5,0.006919473218529528,2.5,0.03400905424259967,89424.150693122,3041.230791520793,439517.67648680805,0.9563691188547161,2598372.7973813955,29.05672323686097
Cidra,2015-2019,1,60,5,0.011013403749587307,2.5,0.05359145784110387,86382.91990160121,4629.38661009811,420341.1329827608,0.9400787215435784,2158855.1208945876,24.991689599677105
Cidra,2015-2019,1,65,5,0.013780875299155265,2.5,0.06660953234821193,81753.5332915031,5445.564620360994,395153.75490661303,0.9180328058921718,1738513.9879118267,21.265307050557972
Cidra,2015-2019,1,70,5,0.020702966410340164,2.5,0.09842082449281879,76307.96867114211,7510.293191985998,362764.1103757455,0.8792158937589377,1343360.2330052136,17.604455424499342
Cidra,2015-2019,1,75,5,0.031403749957294357,2.5,0.14558867399925515,68797.67547915611,10016.1623472414,318947.97152767703,0.8165294519465581,980596.1226294681,14.253332191820391
Cidra,2015-2019,1,80,5,0.05141819338419939,2.5,0.2278073597287988,58781.51313191471,13390.861307445208,260430.41239096056,0.606391384972079,661648.1511017911,11.256058509704426
Cidra,2015-2019,1,85,NA,0.12744003651649188,8.839215181627758,1,45390.6518244695,45390.6518244695,401217.7387108305,0,401217.7387108305,8.839215181627758
Cidra,2015-2019,2,0,1,0.005706262359702461,0.13730209015997433,0.005678309288833752,100000,567.8309288833698,99510.1334445098,0.994168998007606,8514672.021064347,85.14672021064347
Cidra,2015-2019,2,1,4,1.5617432792183283e-4,1.5147613907870674,6.244549416976167e-4,99432.16907111663,62.09090934017149,397574.3655592932,0.9993535063523356,8415161.887619838,84.63218660754632
Cidra,2015-2019,2,5,5,7.025785090164784e-5,2.5,3.5122756327380663e-4,99370.07816177646,34.90151041508943,496763.1370328446,0.9996100674690784,8017587.522060544,80.68412212585515
Cidra,2015-2019,2,10,5,8.574859763467194e-5,2.5,4.286510975971259e-4,99335.17665136137,42.580132501607295,496569.4329255528,0.9990821095813596,7520824.385027699,75.7115921928008
Cidra,2015-2019,2,15,5,2.81666108443728e-4,2.5,0.0014073395425880906,99292.59651885976,139.7383973672404,496113.63660088077,0.9980643377046352,7024254.952102147,70.74298787994682
Cidra,2015-2019,2,20,5,4.935541638878845e-4,2.5,0.0024647296255155943,99152.85812149252,244.38498686658568,495153.32814029616,0.9971941549406977,6528141.315501266,65.83916428815698
Cidra,2015-2019,2,25,5,6.305530941167809e-4,2.5,0.0031478033277639234,98908.47313462594,311.34442087721254,493764.00462093664,0.9965918136504888,6032987.98736097,60.995663932142314
Cidra,2015-2019,2,30,5,7.352272371210851e-4,2.5,0.003669391593996502,98597.12871374872,361.7914752944198,492081.16488050757,0.9957783191644491,5539223.982740033,56.180378221983915
Cidra,2015-2019,2,35,5,9.574873028961559e-4,2.5,0.004776004106254981,98235.3372384543,469.17237403021136,490003.75525719597,0.9945440008343401,5047142.817859526,51.37807798845544
Cidra,2015-2019,2,40,5,0.0012316321473360928,2.5,0.0061392574695298486,97766.16486442409,600.2116579111898,487330.2951773425,0.9917606202919503,4557139.06260233,46.612640159526364
Cidra,2015-2019,2,45,5,0.0020812680939843544,2.5,0.010352474781281625,97165.9532065129,1005.9080801696255,483314.99583214044,0.9892939313073692,4069808.767424987,41.885131912154115
Cidra,2015-2019,2,50,5,0.0022249801736467577,2.5,0.011063361468430922,96160.04512634328,1063.8533380533627,478140.592286583,0.9859924093710127,3586493.7715928466,37.29713070413606
Cidra,2015-2019,2,55,5,0.0034260467381317067,2.5,0.016984757260135912,95096.19178828991,1615.1857338874252,471442.994606731,0.9809523168145601,3108353.1793062636,32.68641068431327
Cidra,2015-2019,2,60,5,0.004274444806512359,2.5,0.02114625280634856,93481.00605440249,1976.7729866182053,462463.0978054669,0.968993708692582,2636910.1846995326,28.207978240680767
Cidra,2015-2019,2,65,5,0.00838815736731841,2.5,0.04107933697878419,91504.23306778428,3758.933225176719,448123.8322759796,0.9488016889330213,2174447.0868940656,23.763349672394764
Cidra,2015-2019,2,70,5,0.012743618819935134,2.5,0.0617507733075079,87745.29984260756,5418.340119380169,425180.64891458745,0.9194162179911017,1726323.2546180862,19.674253295785242
Cidra,2015-2019,2,75,5,0.021198118547668197,2.5,0.10065628317980793,82326.9597232274,8286.725771233818,390917.9841880524,0.8652113442719238,1301142.6057034987,15.804574954277093
Cidra,2015-2019,2,80,5,0.03781427966723432,2.5,0.1727411892365662,74040.23395199358,12789.798064220951,338226.6745994155,0.628414056701414,910224.6215154463,12.293648641164754
Cidra,2015-2019,2,85,NA,0.10153796318316309,9.338675531453946,1,61250.435887772626,61250.435887772626,571997.9469160308,0,571997.9469160308,9.338675531453946
Cidra,2020-2024,1,0,1,0.008396133539281836,0.13253593532904007,0.008335423779447527,100000,833.5423779447447,99276.93194075255,0.991328900390916,7941505.9560787305,79.4150595607873
Cidra,2020-2024,1,1,4,2.9598973755540046e-4,1.6278853681525247,0.0011831282503364582,99166.45762205526,117.32663749845233,396387.5182547055,0.9987896781467006,7842229.0241379775,79.08146778849762
Cidra,2020-2024,1,5,5,1.4633909713347463e-4,2.5,7.314278944231528e-4,99049.1309845568,72.4472973204829,495064.53667948284,0.9992120866815504,7445841.505883273,75.17321385731479
Cidra,2020-2024,1,10,5,1.6895935557282885e-4,2.5,8.444400877315369e-4,98976.68368723632,83.57987945622881,494674.468737541,0.9982485676754599,6950776.96920379,70.22640798077312
Cidra,2020-2024,1,15,5,5.325462930351626e-4,2.5,0.002659191109256546,98893.10380778009,262.9756624124275,493808.0798828694,0.9953785465144259,6456102.500466249,65.28364720976971
Cidra,2020-2024,1,20,5,0.0013221453343583915,2.5,0.006588947805294207,98630.12814536766,649.8687663793098,491525.96881089004,0.9925839771518123,5962294.420583379,60.45104607180224
Cidra,2020-2024,1,25,5,0.0016565488087313721,2.5,0.008248583590356047,97980.25937898835,808.1983596923528,487880.8009957109,0.9911161978674808,5470768.451772489,55.83541507694439
Cidra,2020-2024,1,30,5,0.0019139754232227314,2.5,0.009524303907109878,97172.061019296,925.496240427994,483546.56449541,0.9888777345066718,4982887.650776778,51.27901578404618
Cidra,2020-2024,1,35,5,0.0025634420572459935,2.5,0.012735592900069962,96246.564778868,1225.7570670538844,478168.4312267053,0.9824043586900404,4499341.0862813685,46.74806936350261
Cidra,2020-2024,1,40,5,0.00455496194327219,2.5,0.02251838376369191,95020.80771181412,2139.7150135905977,469754.7510250941,0.9783727628606528,4021172.655054663,42.318864171838676
Cidra,2020-2024,1,45,5,0.004186474795650177,2.5,0.020715561042792378,92881.09269822353,1924.0839455113019,459595.2536273394,0.9774889724587819,3551417.9040295687,38.236177039479365
Cidra,2020-2024,1,50,5,0.004928890613177985,2.5,0.024344474930964973,90957.00875271222,2214.3006193759647,449249.2922151212,0.9714482439788082,3091822.6504022293,33.992132028088875
Cidra,2020-2024,1,55,5,0.006682612105725696,2.5,0.03286401683673856,88742.70813333626,2916.441854231729,436422.43603110197,0.9537197984590547,2642573.3581871083,29.777921068361266
Cidra,2020-2024,1,60,5,0.012403505232632861,2.5,0.06015227841303707,85826.26627910453,5162.645464372152,416224.71773459227,0.9326031178812966,2206150.922156006,25.70484558866475
Cidra,2020-2024,1,65,5,0.015607118757993551,2.5,0.07510515606486287,80663.62081473238,6058.253830047412,388172.46949854336,0.912982714252937,1789926.2044214138,22.19000568462583
Cidra,2020-2024,1,70,5,0.02102974704898127,2.5,0.09989672794561345,74605.36698468497,7452.832048951721,354394.7548010455,0.8783724288931908,1401753.7349228705,18.788912803158293
Cidra,2020-2024,1,75,5,0.03144597950159608,2.5,0.14577018211143047,67152.53493573325,9788.837246826035,311290.58156160114,0.8278615379347486,1047358.980121825,15.596715464638457
Cidra,2020-2024,1,80,5,0.04518799776328425,2.5,0.20300636131395283,57363.69768890721,11645.195539338652,257705.49959618942,0.6498891949440153,736068.3985602239,12.83160654238233
Cidra,2020-2024,1,85,NA,0.1209604650356148,10.463223344436464,1,45718.50214956856,45718.50214956856,478362.89896403445,0,478362.89896403445,10.463223344436464
Cidra,2020-2024,2,0,1,0.005170809832763774,0.1384025896750156,0.005147875243625512,100000,514.7875243625458,99556.46040214162,0.9946937664249123,8524245.190272056,85.24245190272056
Cidra,2020-2024,2,1,4,1.5221395967668288e-4,1.5156244069786213,6.086256828596262e-4,99485.21247563745,60.54925537742383,397790.4228103145,0.9993719197740628,8424688.729869915,84.68282391147332
Cidra,2020-2024,2,5,5,7.146918769564485e-5,2.5,3.5728210182423535e-4,99424.66322026003,35.5226526484912,497034.5094696789,0.9996035040867562,8026898.3070596,80.73347243105307
Cidra,2020-2024,2,10,5,8.716373766760778e-5,2.5,4.357237400636028e-4,99389.14056761154,43.30620804983482,496837.4373179331,0.9990288966826228,7529863.797589921,75.76143384062743
Cidra,2020-2024,2,15,5,3.0157044534316396e-4,2.5,0.0015067162739714512,99345.8343595617,149.68598538082733,496354.9568343565,0.9980336692175098,7033026.360271988,70.79336950170858
Cidra,2020-2024,2,20,5,4.859173418799447e-4,2.5,0.002426638844656978,99196.14837418088,240.71322688514192,495378.9588036915,0.997312751969185,6536671.403437631,65.89642350608665
Cidra,2020-2024,2,25,5,5.905688754937942e-4,2.5,0.0029484911596975062,98955.43514729574,291.7692257358285,494047.7526721391,0.9964351996154632,6041292.44463394,61.05063795274551
Cidra,2020-2024,2,30,5,8.383397923349932e-4,2.5,0.004182932165467593,98663.6659215599,412.7034217462351,492286.57105343393,0.9955251515917455,5547244.691961801,56.223784512243846
Cidra,2020-2024,2,35,5,9.558769755292405e-4,2.5,0.004767990845973203,98250.96249981367,468.4596898071759,490083.6632745504,0.9942433526939909,5054958.120908367,51.449451407847064
Cidra,2020-2024,2,40,5,0.0013545797849441755,2.5,0.006750040254530014,97782.5028100065,660.0358301562374,487262.4244746419,0.9922971763352796,4564874.457633817,46.68396007927375
Cidra,2020-2024,2,45,5,0.0017399522261268702,2.5,0.008662082108017503,97122.46697985026,841.2827835126809,483509.1279404696,0.9883988922906182,4077612.033159175,41.98423042533656
Cidra,2020-2024,2,50,5,0.002934534710883766,2.5,0.01456581383866425,96281.18419633758,1402.4138051699993,477899.88646876294,0.984778713935272,3594102.905218705,37.329234525092396
Cidra,2020-2024,2,55,5,0.0032027293750122796,2.5,0.015886446899685904,94878.77039116758,1507.286547726777,470625.6355865209,0.9790475729026186,3116203.018749942,32.8440493684985
Cidra,2020-2024,2,60,5,0.005289060110315396,2.5,0.026100186907960305,93371.4838434408,2437.0131801874086,460764.8862667355,0.9693898384282751,2645577.3831634214,28.33389032993577
Cidra,2020-2024,2,65,5,0.007174620820918725,2.5,0.03524100203717868,90934.47066325339,3204.6218658934813,446660.79865153326,0.9519895070625404,2184812.496896686,24.026229887975457
Cidra,2020-2024,2,70,5,0.012636248892263136,2.5,0.06124643157834824,87729.84879735991,5373.140181746334,425216.3935324337,0.9156656648429373,1738151.6982451526,19.81254638042257
Cidra,2020-2024,2,75,5,0.02304059874755795,2.5,0.10892854641266722,82356.70861561358,8970.996556830374,389356.051685992,0.8623545745034834,1312935.3047127188,15.942056534102509
Cidra,2020-2024,2,80,5,0.03712808211110064,2.5,0.1698727838842628,73385.7120587832,12466.235204754426,335762.9722820299,0.6364546180723772,923579.2530267269,12.58527344242329
Cidra,2020-2024,2,85,NA,0.10725496438367044,9.649069740916907,1,60919.47685402878,60919.47685402878,587816.280744697,0,587816.280744697,9.649069740916907
Coamo,1980-1984,1,0,1,0.01885717207594473,0.11166145598105609,0.01854648957679917,100000,1854.6489576799213,98352.44384526837,0.9809315451755055,7185052.815251663,71.85052815251663
Coamo,1980-1984,1,1,4,4.967890910306333e-4,1.5971194269051041,0.0019847870744583553,98145.35104232008,194.79762416696758,392113.32874248445,0.99793287869906,7086700.371406395,72.20617478203958
Coamo,1980-1984,1,5,5,2.458641892350057e-4,2.5,0.0012285657953420444,97950.55341815311,120.33869956436683,489451.9203418546,0.9986175478309545,6694587.04266391,68.34659743150779
Coamo,1980-1984,1,10,5,3.0754184026739255e-4,2.5,0.0015365278348420891,97830.21471858874,150.31884800369153,488775.2764729345,0.9968569696200822,6205135.122322056,63.427593818242094
Coamo,1980-1984,1,15,5,9.526645653705366e-4,2.5,0.004752005159527832,97679.89587058505,464.17536915915844,487239.0409300274,0.9935411650902685,5716359.845849122,58.5213548284558
Coamo,1980-1984,1,20,5,0.0016414713912472566,2.5,0.008173814250611913,97215.7205014259,794.6232416180574,484092.0444030844,0.9910305815672285,5229120.804919094,53.78883968506304
Coamo,1980-1984,1,25,5,0.0019639111224836686,2.5,0.00977157932909673,96421.09725980784,942.1864008727571,479750.0202968573,0.9891071727918496,4745028.76051601,49.21152004452378
Coamo,1980-1984,1,30,5,0.0024195757816834196,2.5,0.012025139567246417,95478.91085893508,1148.1472288073855,474524.186222657,0.9866278563671468,4265278.7402191525,44.67246957310679
Coamo,1980-1984,1,35,5,0.0029689833431662065,2.5,0.014735542763289236,94330.7636301277,1390.0150013654638,468178.7806472248,0.9832100187025824,3790754.5539964954,40.18577193819929
Coamo,1980-1984,1,40,5,0.00381099572270966,2.5,0.018875145863173116,92940.74862876223,1754.2701870003948,460318.06767631014,0.9770685041796493,3322575.7733492707,35.74939757178842
Coamo,1980-1984,1,45,5,0.005487437761523445,2.5,0.02706588293741783,91186.47844176184,2468.042550980099,449762.2858313589,0.9662608135889383,2862257.7056729607,31.389058494028827
Coamo,1980-1984,1,50,5,0.008287862542160416,2.5,0.040598133339340196,88718.43589078174,3601.802889951665,434587.67222902953,0.9433695896846961,2412495.419841602,27.192718126946506
Coamo,1980-1984,1,55,5,0.015226589600754617,2.5,0.0733411105266412,85116.63300083007,6242.548388569427,409976.7940327268,0.9145935883000723,1977907.7476125723,23.23761734787234
Coamo,1980-1984,1,60,5,0.0207042508513669,2.5,0.09842663015393029,78874.08461226065,7763.310354860776,374962.14717415127,0.8868322324275582,1567930.9535798454,19.878911575173035
Coamo,1980-1984,1,65,5,0.027697297503918108,2.5,0.129518225462551,71110.77425739987,9210.141293086483,332528.51805428317,0.8499165554353978,1192968.8064056942,16.776203309044305
Coamo,1980-1984,1,70,5,0.03804618243417731,2.5,0.1737085447144345,61900.63296431339,10752.668869133231,282621.49264873384,0.796797453235267,860440.288351411,13.90034717169156
Coamo,1980-1984,1,75,5,0.05426076112086942,2.5,0.2388969762080408,51147.964095180156,12219.093961535982,225192.08557206084,0.723102831477273,577818.7957026772,11.297004796269633
Coamo,1980-1984,1,80,5,0.07813287934829102,2.5,0.3268249590146924,38928.87013364417,12722.92638591654,162837.03470342953,0.5382169585420427,352626.7101306164,9.058231305456248
Coamo,1980-1984,1,85,NA,0.186726794901017,7.242237763089293,1,26205.943747727633,26205.943747727633,189789.67542718683,0,189789.67542718683,7.242237763089293
Coamo,1980-1984,2,0,1,0.014427045617712086,0.11937852595328488,0.014246052847327237,100000,1424.6052847327228,98745.46199422392,0.9855591527316507,7830230.886901361,78.30230886901361
Coamo,1980-1984,2,1,4,2.7160331133347526e-4,1.5008216720173986,0.0010856763044247283,98575.39471526728,107.02097024167597,394034.11437160143,0.9987538675736277,7731485.424907138,78.43220356600501
Coamo,1980-1984,2,5,5,1.43334683708313e-4,2.5,7.164167001387707e-4,98468.3737450256,70.5443873864424,492165.5077566619,0.9991869461585792,7337451.310535536,74.51581692143267
Coamo,1980-1984,2,10,5,1.820348569997213e-4,2.5,9.097602647993395e-4,98397.82935763916,89.51843529209145,491765.35069996555,0.9982791802680583,6845285.802778874,69.56744724417477
Coamo,1980-1984,2,15,5,5.071657766527776e-4,2.5,0.002532617740655378,98308.31092234707,248.97737229580525,490919.1111809958,0.9964325302738595,6353520.452078909,64.62851810257936
Coamo,1980-1984,2,20,5,9.231152996888255e-4,2.5,0.0046049492506751565,98059.33355005126,451.5582545530051,489167.7721138738,0.9946485323718781,5862601.340897912,59.78626540333903
Coamo,1980-1984,2,25,5,0.0012240220660223791,2.5,0.006101439588385181,97607.77529549826,595.5479443221557,486550.0066166859,0.993801351216206,5373433.568784039,55.05128615539571
Coamo,1980-1984,2,30,5,0.0012632680021604215,2.5,0.006296454736313517,97012.2273511761,610.8330983856431,483534.05400991644,0.992049076986802,4886883.562167353,50.373893019456666
Coamo,1980-1984,2,35,5,0.0019324660922437889,2.5,0.009615874582275157,96401.39425279046,926.9837166913057,479689.51197222405,0.9901546102327922,4403349.508157437,45.67723882302642
Coamo,1980-1984,2,40,5,0.0020256329606622866,2.5,0.01007713336955553,95474.41053609915,962.1083683519682,474966.7817596158,0.9875300151261125,3923659.9961852124,41.09645688466089
Coamo,1980-1984,2,45,5,0.0029997680511152963,2.5,0.01488719492629988,94512.30216774718,1407.023065304602,469043.95317547437,0.9796706810443095,3448693.2144255964,36.489357843644626
Coamo,1980-1984,2,50,5,0.0052384537278286165,2.5,0.025853685303749253,93105.27910244258,2407.1145860322868,459508.6090471322,0.9706273107232073,2979649.2612501225,32.003010892343184
Coamo,1980-1984,2,55,5,0.006707643511532224,2.5,0.032985087044925566,90698.1645164103,2991.686851388775,446011.60545357957,0.9606363569608757,2520140.65220299,27.78601601961871
Coamo,1980-1984,2,60,5,0.009408152875568843,2.5,0.04595977295268107,87706.47766502152,4030.9697999637865,428454.9638251981,0.9446821281987536,2074129.0467494105,23.64852747446042
Coamo,1980-1984,2,65,5,0.013463783705934386,2.5,0.06512678612504624,83675.50786505773,5449.516904632226,404753.74706370814,0.9056240624550386,1645674.0829242123,19.667333069291516
Coamo,1980-1984,2,70,5,0.026817519894747645,2.5,0.12566269492105567,78225.99096042551,9830.088836957206,366554.7327097345,0.8502942399897038,1240920.3358605043,15.863274093750826
Coamo,1980-1984,2,75,5,0.03888628495210231,2.5,0.1772043751895603,68395.9021234683,12120.05310131552,311679.3778640527,0.7854725154328941,874365.6031507697,12.783888741936098
Coamo,1980-1984,2,80,5,0.05974073943106543,2.5,0.25988882127346513,56275.84902215278,14625.464068530775,244815.584939437,0.5649163353613443,562686.225286717,9.998715880149895
Coamo,1980-1984,2,85,NA,0.13079282309068158,7.6318776093241665,1,41650.38495362201,41650.38495362201,317870.64034727996,0,317870.64034727996,7.6318776093241665
Coamo,1985-1989,1,0,1,0.015328667992106755,0.11870240945515058,0.015124351342609546,100000,1512.4351342609589,98667.09456032045,0.9843875111523722,7137642.8251469545,71.37642825146955
Coamo,1985-1989,1,1,4,4.498995984377569e-4,1.6074303294047174,0.00179766335990686,98487.56486573904,177.04748676558665,393526.6610158657,0.998144444808902,7038975.730586634,71.47070536450322
Coamo,1985-1989,1,5,5,2.2156305199790788e-4,2.5,0.001107201972369099,98310.51737897345,108.84959874663036,491280.46289800067,0.9985902456627819,6645449.069570768,67.59652219053513
Coamo,1985-1989,1,10,5,3.4282197765926555e-4,2.5,0.0017126420599512901,98201.66778022682,168.18430659777368,490587.8781346397,0.9967960987017829,6154168.606672768,62.66867707833294
Coamo,1985-1989,1,15,5,9.417558343678846e-4,2.5,0.0046977189113569465,98033.48347362905,460.53374926027027,489016.08299499453,0.9932530144763156,5663580.728538128,57.77190127148371
Coamo,1985-1989,1,20,5,0.00176897361447451,2.5,0.008805924452354372,97572.94972436878,859.2200238661608,485716.69856217847,0.9909277082463697,5174564.645543133,53.03277865597609
Coamo,1985-1989,1,25,5,0.0018769715202223622,2.5,0.009341025504010067,96713.72970050262,903.4054157203354,481310.13496321224,0.9879499311413139,4688847.946980954,48.4817198292435
Coamo,1985-1989,1,30,5,0.0029789526072967172,2.5,0.014784656062172599,95810.32428478228,1416.5226917557302,475510.31469452207,0.9817707842262301,4207537.812017743,43.915286201426966
Coamo,1985-1989,1,35,5,0.004392811205530286,2.5,0.021725466347608566,94393.80159302655,2050.7493599321315,466842.1345653024,0.9802734984956614,3732027.49732322,39.53678561875961
Coamo,1985-1989,1,40,5,0.003568177046072341,2.5,0.01768314376118407,92343.05223309442,1632.915467984334,457632.9724955113,0.9752190995468744,3265185.362757918,35.359296490610504
Coamo,1985-1989,1,45,5,0.006505392622156076,2.5,0.03200642717280159,90710.13676511009,2903.307386207365,446292.41536003206,0.9607818032593453,2807552.390262407,30.950812008281282
Coamo,1985-1989,1,50,5,0.009556681905253923,2.5,0.04666842138087615,87806.82937890272,4097.80611357333,428789.6316105803,0.9476442664453594,2361259.9749023747,26.891529868515132
Coamo,1985-1989,1,55,5,0.012014647183283314,2.5,0.05832145660558829,83709.0232653294,4882.032167865094,406340.03590698424,0.9292094278490871,1932470.3432917942,23.085567934134346
Coamo,1985-1989,1,60,5,0.017543495780941894,2.5,0.08403194377692251,78826.9910974643,6623.985284006078,377574.99227730633,0.8961140873465243,1526130.30738481,19.360504392433956
Coamo,1985-1989,1,65,5,0.026794433453832603,2.5,0.125561307053603,72203.00581345822,9065.903783136717,338350.2696094493,0.8372844798705396,1148555.3151075037,15.907306104054461
Coamo,1985-1989,1,70,5,0.045733290797259546,2.5,0.20520473449698506,63137.102030321505,12956.032259041174,283295.4295040046,0.7728196400878765,810205.0454980544,12.832471232350109
Coamo,1985-1989,1,75,5,0.0584080046962279,2.5,0.2548297765216076,50181.06977128033,12787.630795430574,218936.27186782524,0.7017782893612797,526909.6159940497,10.500167062911261
Coamo,1985-1989,1,80,5,0.08675201339538499,2.5,0.35645261245141263,37393.43897584976,13328.989011484122,153644.72235053848,0.5011103224324297,307973.34412622446,8.236026227090974
Coamo,1985-1989,1,85,NA,0.15857135959298357,6.413137304372802,1,24064.449964365635,24064.449964365635,154328.621775686,0,154328.621775686,6.413137304372802
Coamo,1985-1989,2,0,1,0.011100090780625224,0.12621631642130438,0.010993464310475206,100000,1099.3464310475247,99039.4090259502,0.9887381952270192,7809706.425171835,78.09706425171835
Coamo,1985-1989,2,1,4,2.768269212975166e-4,1.5061136335668568,0.0011065437551724686,98900.65356895248,109.43790058919694,395329.68858755945,0.9988457300664466,7710667.016145885,77.96376199647752
Coamo,1985-1989,2,5,5,1.2767647193453812e-4,2.5,6.381786586736821e-4,98791.21566836328,63.04644550397643,493798.46222805645,0.9992930118517175,7315337.327558326,74.04845945124832
Coamo,1985-1989,2,10,5,1.552285321108866e-4,2.5,7.758415786809098e-4,98728.1692228593,76.59741867014964,493449.3525676211,0.9984690535228073,6821538.865330269,69.09414930942349
Coamo,1985-1989,2,15,5,4.57851004148049e-4,2.5,0.00228663767235422,98651.57180418915,225.58040052441356,492693.9080196347,0.9965183047672999,6328089.512762648,64.14585593550504
Coamo,1985-1989,2,20,5,9.380932437064633e-4,2.5,0.004679491719616934,98425.99140366474,460.58361176852486,490978.4979889024,0.9946393300578146,5835395.604743013,59.287140739186306
Coamo,1985-1989,2,25,5,0.0012126754861961676,2.5,0.006045050718931686,97965.40779189621,592.2058588028449,488346.52431247395,0.9936282936896765,5344417.106754111,54.55412504490392
Coamo,1985-1989,2,30,5,0.0013445742702959443,2.5,0.006700348560787599,97373.20193309337,652.4343934316857,485234.9236818876,0.9919609271597203,4856070.582441636,49.870708634787604
Coamo,1985-1989,2,35,5,0.001886218312220526,2.5,0.009386827546074974,96720.76753966168,907.9011650188186,481334.08478576137,0.9899918254970933,4370835.6587597495,45.190249932285
Coamo,1985-1989,2,40,5,0.0021384535047844233,2.5,0.010635409203705912,95812.86637464286,1019.0090408743126,476516.80927102856,0.9879236005342955,3889501.5739739877,40.594773135848435
Coamo,1985-1989,2,45,5,0.002725014646923535,2.5,0.013532879994120086,94793.85733376855,1282.8338954776264,470762.2019301487,0.9804634737042488,3412984.764702959,36.00428193027172
Coamo,1985-1989,2,50,5,0.005191010178225299,2.5,0.025622533806670622,93511.02343829093,2395.989359343992,461565.1437930946,0.9672134836651517,2942222.5627728105,31.46391146830319
Coamo,1985-1989,2,55,5,0.008192189717711957,2.5,0.04013888518238098,91115.03407894693,3657.255891283581,446432.0306665257,0.956800009638902,2480657.418979716,27.225555519524274
Coamo,1985-1989,2,60,5,0.009498125350309125,2.5,0.046389102964434145,87457.77818766335,4057.0878773881414,427146.17124484637,0.9382932038279368,2034225.38831319,23.259513681541645
Coamo,1985-1989,2,65,5,0.016183206972583693,2.5,0.07776962982386634,83400.69031027521,6486.040812485036,400788.34952016344,0.9032476205636182,1607079.217068344,19.269375482259612
Coamo,1985-1989,2,70,5,0.024929758229441202,2.5,0.11733590197738213,76914.64949779017,9024.849774097413,362011.12305370736,0.8547325918585592,1206290.8675481803,15.683499507890732
Coamo,1985-1989,2,75,5,0.038815888551755655,2.5,0.17691195585402125,67889.79972369276,12010.517251656274,309422.7054893231,0.7786713577879152,844279.744494473,12.436032333732589
Coamo,1985-1989,2,80,5,0.0638466637251337,2.5,0.27529211145935056,55879.28247203649,15383.125658560399,240938.59821378143,0.5495271060432627,534857.0390051499,9.57165187782801
Coamo,1985-1989,2,85,NA,0.13568469615729734,7.257934182375546,1,40496.15681347609,40496.15681347609,293918.4407913685,0,293918.4407913685,7.257934182375546
Coamo,1990-1994,1,0,1,0.018545586949840927,0.11228320852093993,0.018245211850036434,100000,1824.521185003643,98380.341907663,0.9811733443609846,7121279.329561996,71.21279329561996
Coamo,1990-1994,1,1,4,5.260602093160969e-4,1.5980271766958403,0.002101585311208145,98175.47881499636,206.32414419842826,392206.33027282933,0.997892214986292,7022898.987654333,71.53414551599397
Coamo,1990-1994,1,5,5,2.3952678139350163e-4,2.5,0.0011969171726725959,97969.15467079793,117.26096361769305,489552.6209449454,0.998713758230294,6630692.657381504,67.68143176964598
Coamo,1990-1994,1,10,5,2.753240597948971e-4,2.5,0.0013756734090046878,97851.89370718024,134.61224819372,488922.9379154169,0.9973411944235813,6141140.036436559,62.75954203618985
Coamo,1990-1994,1,15,5,7.902994232862409e-4,2.5,0.003943705346279265,97717.28145898652,385.3681653136882,487622.98688164836,0.992429151510453,5652217.098521141,57.8425536827226
Coamo,1990-1994,1,20,5,0.002255113092079537,2.5,0.011212352652249933,97331.91329367283,1091.3197361668717,483931.267127947,0.9886771409903181,5164594.111639493,53.06167254779757
Coamo,1990-1994,1,25,5,0.0023000739245527336,2.5,0.011434618453408927,96240.59355750596,1100.4744670596847,478451.7816198806,0.9877664296936537,4680662.844511546,48.63501638437779
Coamo,1990-1994,1,30,5,0.0026254731078379323,2.5,0.013041763540553402,95140.11909044627,1240.794936397695,472598.6081112371,0.9823244454852353,4202211.062891666,44.16865464396545
Coamo,1990-1994,1,35,5,0.004524725734451565,2.5,0.022370576860222886,93899.32415404858,2100.5820481111296,464245.16564996506,0.9768798322490925,3729612.4547804287,39.719268358755514
Coamo,1990-1994,1,40,5,0.004835130391664248,2.5,0.023886911133361496,91798.74210593745,2192.7883948388917,453511.73954259,0.9725117095578988,3265367.2891304637,35.57093718519769
Coamo,1990-1994,1,45,5,0.006334305000786703,2.5,0.03117780075583055,89605.95371109855,2793.7165713408176,441045.47712714074,0.96548648230459,2811855.5495878737,31.380231258445928
Coamo,1990-1994,1,50,5,0.007738173671312288,2.5,0.037956581801684416,86812.23713975774,3295.0957803824276,425823.4462478326,0.9516305408943343,2370810.072460733,27.3096299620064
Coamo,1990-1994,1,55,5,0.012199703006634694,2.5,0.059193167378086775,83517.14135937531,4943.6441274248355,405226.59647831443,0.9277614854439553,1944986.6262129003,23.288472217261344
Coamo,1990-1994,1,60,5,0.017995684319438997,2.5,0.0861046417201112,78573.49723195047,6765.542827853249,375953.62909011927,0.8866257915247228,1539760.029734586,19.59642989021075
Coamo,1990-1994,1,65,5,0.03085179715292448,2.5,0.14321303685765566,71807.95440409723,10283.835220746834,333330.18396861904,0.8467574786957015,1163806.4006444665,16.20720726975704
Coamo,1990-1994,1,70,5,0.03595505458740206,2.5,0.1649484469055222,61524.11918335039,10148.307906523893,282249.8261504422,0.8038164250065186,830476.2166758475,13.498384498620995
Coamo,1990-1994,1,75,5,0.0528956290108724,2.5,0.23358860462573627,51375.8112768265,12000.804067669065,226877.04621495982,0.711833625172131,548226.3905254053,10.670904787691159
Coamo,1990-1994,1,80,5,0.08762008243877648,2.5,0.3593784817087704,39375.00720915743,14150.530308098889,161498.71027553995,0.497435693786507,321349.34431044554,8.161251694595485
Coamo,1990-1994,1,85,NA,0.16058811231660708,6.337123844506661,1,25224.476901058544,25224.476901058544,159850.63403490558,0,159850.63403490558,6.337123844506661
Coamo,1990-1994,2,0,1,0.009750202274776597,0.1289907017707199,0.009668095808304683,100000,966.8095808304643,99157.89986547951,0.9900931052438376,7927651.651907634,79.27651651907634
Coamo,1990-1994,2,1,4,2.4746262541885293e-4,1.5082700081198883,9.89240526029522e-4,99033.19041916954,97.96764538464777,395888.65275643935,0.9989108271832638,7828493.752042155,79.04919268890704
Coamo,1990-1994,2,5,5,1.365015029677229e-4,2.5,6.822746860384118e-4,98935.22277378489,67.50099805611535,494507.36137378414,0.9992970252885665,7432605.099285715,75.125975268488
Coamo,1990-1994,2,10,5,1.447901654304588e-4,2.5,7.236888695744294e-4,98867.72177572877,71.54946980928071,494159.73520412063,0.9982746438440602,6938097.737911931,70.17555996334467
Coamo,1990-1994,2,15,5,5.462948501281295e-4,2.5,0.0027277488627502388,98796.17230591949,269.49114665154775,493307.1336629686,0.9966709390438147,6443938.002707811,65.22457148192284
Coamo,1990-1994,2,20,5,7.879526748310791e-4,2.5,0.003932017764368103,98526.68115926794,387.408660582485,491664.8841448835,0.9953132245365224,5950630.869044842,60.39613634631287
Coamo,1990-1994,2,25,5,0.0010918748829706964,2.5,0.005444512598462784,98139.27249868546,534.3205055230646,489360.56122961966,0.9941453470878762,5458965.984899959,55.62468363491363
Coamo,1990-1994,2,30,5,0.0012573476157589775,2.5,0.006267038464118066,97604.9519931624,611.6939884295425,486495.5249947381,0.9928205853497433,4969605.423670339,50.91550502497537
Coamo,1990-1994,2,35,5,0.0016260926376491102,2.5,0.008097544793316935,96993.25800473285,785.4072513430729,483002.77189530653,0.9903495855410005,4483109.898675601,46.22084040580268
Coamo,1990-1994,2,40,5,0.002255842965522468,2.5,0.011215961209621598,96207.85075338978,1079.063522111086,478341.5949616712,0.9872600154843735,4000107.1267802943,41.57776205846023
Coamo,1990-1994,2,45,5,0.002876801244031652,2.5,0.014281295101373227,95128.7872312787,1358.56228308563,472247.5304486794,0.9822357771943613,3521765.531818623,37.02102837973166
Coamo,1990-1994,2,50,5,0.00430536941985876,2.5,0.02129761188201171,93770.22494819306,1997.0818570355623,463858.4200983764,0.9738199267353589,3049518.001369944,32.52117613085355
Coamo,1990-1994,2,55,5,0.006332443726707073,2.5,0.03116878223470719,91773.1430911575,2860.457112002914,451714.5726757802,0.9613381458296596,2585659.5812715674,28.17446906774516
Coamo,1990-1994,2,60,5,0.00949956888847649,2.5,0.04639598969181631,88912.68597915459,4125.192062160553,434250.44974037155,0.9431487880219558,2133945.008595787,24.00045601024905
Coamo,1990-1994,2,65,5,0.014039053085686592,2.5,0.06781511541512085,84787.49391699403,5749.8736857398035,409562.78537062067,0.9154061477268832,1699694.5588554156,20.046524320195108
Coamo,1990-1994,2,70,5,0.021628091391698977,2.5,0.10259321820948666,79037.62023125423,8108.7238191436045,374916.29160841217,0.8629947728338698,1290131.773484795,16.32300883693145
Coamo,1990-1994,2,75,5,0.03844055667430935,2.5,0.1753512812130858,70928.89641211063,12437.472860893831,323550.79990831856,0.7886265697963187,915215.4818763827,12.903281006358869
Coamo,1990-1994,2,80,5,0.05846723553718448,2.5,0.2550552406157383,58491.423551216794,14918.54410781266,255160.75748655235,0.568740935088762,591664.6819680642,10.11540916678127
Coamo,1990-1994,2,85,NA,0.12282466187554143,7.722783731072662,1,43572.879443404134,43572.879443404134,336503.9244815119,0,336503.9244815119,7.722783731072662
Coamo,1995-1999,1,0,1,0.017736349842754965,0.11389800070627462,0.01746191463703267,100000,1746.191463703275,98452.6962528629,0.9820037934245804,7135982.255501685,71.35982255501685
Coamo,1995-1999,1,1,4,4.947457266280364e-4,1.6003872511986206,0.001976636247609768,98253.80853629672,194.2120394185622,392549.2004594274,0.997872402725023,7037529.559248822,71.62602309353771
Coamo,1995-1999,1,5,5,2.7817943286220065e-4,2.5,0.0013899305390882995,98059.59649687816,136.29602782167785,489957.2424148366,0.9986030255543114,6644980.358789394,67.76471244199892
Coamo,1995-1999,1,10,5,2.810028992827445e-4,2.5,0.001404028156457125,97923.30046905648,137.4870710317773,489272.784667703,0.9972737775283815,6155023.116374558,62.855552119789195
Coamo,1995-1999,1,15,5,8.116989613131641e-4,2.5,0.004050275794926387,97785.81339802471,396.05951309320517,487938.9182073905,0.9942570067422747,5665750.3317068545,57.94041216025006
Coamo,1995-1999,1,20,5,0.0014940788264035574,2.5,0.00744259457459925,97389.7538849315,724.8324538855377,485136.6882899437,0.9905889228750091,5177811.413499464,53.16587430354513
Coamo,1995-1999,1,25,5,0.002291921473342868,2.5,0.011394320149154365,96664.92143104596,1101.43106197819,480571.02950028435,0.9864688384093308,4692674.72520952,48.54578740393379
Coamo,1995-1999,1,30,5,0.0031633469212840183,2.5,0.015692631512465582,95563.49036906777,1499.6426404068334,474068.34524432174,0.9825495278665277,4212103.695709236,44.07649489822967
Coamo,1995-1999,1,35,5,0.0038846305696087374,2.5,0.01923633768450235,94063.84772866094,1809.443938812139,465795.62879627437,0.9762621543831929,3738035.350464914,39.73934131684417
Coamo,1995-1999,1,40,5,0.005746927351351499,2.5,0.02832764446975106,92254.4037898488,2613.349951327691,454738.6440709248,0.9704077235228952,3272239.7216686397,35.46974005840033
Coamo,1995-1999,1,45,5,0.00627569535141563,2.5,0.030893776926465423,89641.05383852111,2769.350720740549,441281.8923907542,0.9642485674538662,2817501.077597715,31.43092318697129
Coamo,1995-1999,1,50,5,0.00832241595984724,2.5,0.040763943562998665,86871.70311778056,3541.2332031147816,425505.43258111586,0.9515310932454291,2376219.185206961,27.35320132938208
Coamo,1995-1999,1,55,5,0.011628781046177688,2.5,0.05650130205483926,83330.46991466578,4708.280051020221,404881.6494457784,0.9318690296761576,1950713.752625845,23.409369401414214
Coamo,1995-1999,1,60,5,0.01676588295759622,2.5,0.08045707982916665,78622.18986364556,6325.711806203239,377296.6698027197,0.8984552654380064,1545832.1031800667,19.661524384668027
Coamo,1995-1999,1,65,5,0.026547800190778688,2.5,0.1244774919899006,72296.47805744232,8999.28426829329,338984.1796164784,0.8553164390175115,1168535.433377347,16.16310316595092
Coamo,1995-1999,1,70,5,0.03662460204576444,2.5,0.1677624296668728,63297.19378914903,10618.891021162533,289938.7413928388,0.7986836780576365,829551.2537608685,13.105656097870764
Coamo,1995-1999,1,75,5,0.05496785265218948,2.5,0.2416340070260345,52678.3027679865,12728.869381159224,231569.3403870344,0.7002823240349664,539612.5123680297,10.243544002255923
Coamo,1995-1999,1,80,5,0.09270435009663684,2.5,0.376308226539726,39949.43338682727,15033.30042906389,162163.91586147665,0.47356756905658226,308043.1719809953,7.710827059754192
Coamo,1995-1999,1,85,NA,0.15381934140213763,5.854811272953392,1,24916.132957763384,24916.132957763384,145879.2561195186,0,145879.2561195186,5.854811272953392
Coamo,1995-1999,2,0,1,0.011966369153306297,0.12443588047028416,0.01184229361248169,100000,1184.2293612481735,98963.1312619975,0.9879537826188128,7872083.16493493,78.72083164934931
Coamo,1995-1999,2,1,4,2.529485342921021e-4,1.5047325882924922,0.0010111559216036724,98815.77063875183,99.91815162920102,395013.7600474089,0.9988766266450091,7773120.0336729335,78.66274769125373
Coamo,1995-1999,2,5,5,1.2751082293301934e-4,2.5,6.373509418073792e-4,98715.85248712263,62.91664155399485,493421.9708317282,0.9993114589677978,7378106.273625524,74.74084544412955
Coamo,1995-1999,2,10,5,1.4800749918407347e-4,2.5,7.397637694566066e-4,98652.93584556863,72.97986768907867,493082.2295586205,0.9984370085810894,6884684.302793796,69.78691757912897
Coamo,1995-1999,2,15,5,4.779360783694879e-4,2.5,0.0023868285131990923,98579.95597787955,235.29344975789718,492311.54626500304,0.9969012778527683,6391602.073235176,64.83673085296765
Coamo,1995-1999,2,20,5,7.639199562102248e-4,2.5,0.003812319014614365,98344.66252812165,374.92122694179125,490786.0095732538,0.9954416887064131,5899290.526970172,59.985873918508496
Coamo,1995-1999,2,25,5,0.0010642557703216234,2.5,0.005307158416685696,97969.74130117986,519.940937127074,488548.8541630816,0.9941837596374502,5408504.5173969185,55.2058670928815
Coamo,1995-1999,2,30,5,0.0012696248178089083,2.5,0.006328038502218375,97449.80036405279,616.6660887372273,485707.33659842086,0.9925929945743631,4919955.663233837,50.48707790938386
Coamo,1995-1999,2,35,5,0.0017058123135071245,2.5,0.008492843574669718,96833.13427531556,822.388662245241,482109.6997209647,0.9910248806594698,4434248.326635417,45.79267582135657
Coamo,1995-1999,2,40,5,0.0019012998154507377,2.5,0.009461526082766073,96010.74561307032,908.4081738438981,477782.7076307419,0.9876263566708127,3952138.6269144514,41.16350312330489
Coamo,1995-1999,2,45,5,0.0030863468716035235,2.5,0.015313576833137584,95102.33743922642,1456.356951386566,471870.7948176657,0.9819601596304387,3474355.9192837095,36.532813102558485
Coamo,1995-1999,2,50,5,0.004205455013343045,2.5,0.020808502018876615,93645.98048783986,1948.6325740409084,463358.321004097,0.9744986193196536,3002485.124466044,32.06208220390114
Coamo,1995-1999,2,55,5,0.006151981275233611,2.5,0.030293986285220897,91697.34791379895,2777.8782000917417,451542.0440687654,0.9609356524945678,2539126.803461947,27.690297061250668
Coamo,1995-1999,2,60,5,0.009858888784431773,2.5,0.048108698160342335,88919.4697137072,4277.799929034445,433902.84874595,0.939764133176026,2087584.7593931814,23.47725156385378
Coamo,1995-1999,2,65,5,0.015147905141950427,2.5,0.07297594401576442,84641.66978467276,6176.805755607114,407766.334534346,0.9066492668381998,1653681.9106472316,19.537444320913984
Coamo,1995-1999,2,70,5,0.024477368409685226,2.5,0.11532943912364647,78464.86402906565,9049.308759385312,369701.0482468649,0.8554821275951512,1245915.5761128855,15.87864315486945
Coamo,1995-1999,2,75,5,0.038960230117194586,2.5,0.1775114347228809,69415.55526968034,12322.054808006396,316272.63932838565,0.7818527962680195,876214.5278660206,12.622740313203801
Coamo,1995-1999,2,80,5,0.06177460975536479,2.5,0.26755308087679935,57093.50046167394,15275.541946561832,247278.64744196512,0.558385160131943,559941.888537635,9.807454158700885
Coamo,1995-1999,2,85,NA,0.12743993422768488,7.47676960324785,1,41817.95851511211,41817.95851511211,312663.2410956698,0,312663.2410956698,7.47676960324785
Coamo,2000-2004,1,0,1,0.012885019535185826,0.12357858776851345,0.012741137601183991,100000,1274.1137601184018,98883.33941901346,0.9868039725194739,7333975.735221979,73.33975735221979
Coamo,2000-2004,1,1,4,4.0899597374679196e-4,1.6146109524076326,0.0016343893610013132,98725.8862398816,161.35653812588134,394518.6468407235,0.9982813848185244,7235092.395802966,73.28465381635903
Coamo,2000-2004,1,5,5,2.1815304175210124e-4,2.5,0.001090170648652925,98564.52970175572,107.45215727914183,492554.0181155808,0.9989047920217948,6840573.748962242,69.40198233239673
Coamo,2000-2004,1,10,5,2.2017128287551757e-4,2.5,0.001100250805299369,98457.07754447657,108.3274788557319,492014.5690252436,0.996923149401066,6348019.730846662,64.47499650778315
Coamo,2000-2004,1,15,5,0.0010136879229910517,2.5,0.0050556275434953035,98348.75006562084,497.214649700094,490500.713703854,0.9936999926664284,5856005.161821418,59.54325965418106
Coamo,2000-2004,1,20,5,0.0015158649708707456,2.5,0.007550710211566453,97851.53541592075,738.8485876824561,487410.5556103976,0.9912844157571002,5365504.448117564,54.83311452713884
Coamo,2000-2004,1,25,5,0.0019876926288448895,2.5,0.009889320818984006,97112.6868282383,960.3785156379599,483162.4878520966,0.9905227323462267,4878093.892507167,50.23127308932329
Coamo,2000-2004,1,30,5,0.001820467490325266,2.5,0.009061098861864712,96152.30831260033,871.2455714169628,478583.4276344593,0.9875462661621951,4394931.40465507,45.70801764183059
Coamo,2000-2004,1,35,5,0.0032008890652597695,2.5,0.015877390908935682,95281.06274118337,1512.8146793605993,472623.27700751537,0.9834120987182868,3916347.9770206106,41.103109729776826
Coamo,2000-2004,1,40,5,0.0034921997114957548,2.5,0.017309874708818365,93768.24806182277,1623.1166256155702,464783.4487450749,0.9779223195212684,3443724.700013095,36.72591491463717
Coamo,2000-2004,1,45,5,0.005459403444856989,2.5,0.02692947011943934,92145.1314362072,2481.419563663134,454522.1082718782,0.972319342484247,2978941.2512680204,32.32879702744105
Coamo,2000-2004,1,50,5,0.005772650317850864,2.5,0.02845263382502008,89663.71187254407,2551.168761301611,441940.63745946635,0.9613229131450262,2524419.142996142,28.15430111330406
Coamo,2000-2004,1,55,5,0.010088373315070997,2.5,0.04920097213933982,87112.54311124246,4286.021806603283,424847.66103970405,0.9399140511911961,2082478.5055366757,23.905610273337526
Coamo,2000-2004,1,60,5,0.014837533485935455,2.5,0.07153419007799836,82826.52130463917,5924.928118505428,399320.2862269323,0.9060636795381877,1657630.8444969717,20.013285821821984
Coamo,2000-2004,1,65,5,0.025094256852209628,2.5,0.11806443605251539,76901.59318613374,9079.343231060848,361809.6078530166,0.8619645017094385,1258310.5582700395,16.362607146829927
Coamo,2000-2004,1,70,5,0.03494336762625548,2.5,0.16068008033764125,67822.2499550729,10897.684571460697,311867.03834671277,0.7961409184055689,896500.9504170228,13.218389997543383
Coamo,2000-2004,1,75,5,0.05853268427007028,2.5,0.2553043055731017,56924.5653836122,14533.086635313732,248290.11032977668,0.6992360278529864,584633.9120703101,10.270327197590131
Coamo,2000-2004,1,80,5,0.08834342357674213,2.5,0.3618085933447987,42391.47874829847,15337.6012957278,173613.3905021728,0.4838216443896181,336343.8017405334,7.934231399135462
Coamo,2000-2004,1,85,NA,0.16920301408264443,6.01504947021551,1,27053.87745257067,27053.87745257067,162730.41123836054,0,162730.41123836054,6.01504947021551
Coamo,2000-2004,2,0,1,0.006221489273470463,0.13624315974091436,0.006188234604703393,100000,618.8234604703466,99465.48700310594,0.9935033067155417,8100949.7012660075,81.00949701266008
Coamo,2000-2004,2,1,4,2.4151514263631648e-4,1.5139317422981475,9.654808734973783e-4,99381.17653952965,95.95062513457378,397286.1663546649,0.9990678220269044,8001484.214262902,80.513075945325
Coamo,2000-2004,2,5,5,1.1085256898291784e-4,2.5,5.541092838205673e-4,99285.22591439508,55.014865425400785,496288.59240841185,0.9994159152614533,7604198.047908237,76.58942181855605
Coamo,2000-2004,2,10,5,1.228530830466711e-4,2.5,6.140768121593523e-4,99230.21104896968,60.93497167083842,495998.7178156713,0.9985914290664795,7107909.455499825,71.6304982158317
Coamo,2000-2004,2,15,5,4.4119674727572685e-4,2.5,0.0022035532350792196,99169.27607729884,218.52477912060567,495300.06843869266,0.9970926620999111,6611910.737684154,66.67297573625939
Coamo,2000-2004,2,20,5,7.238428685653833e-4,2.5,0.0036126768169509626,98950.75129817823,357.47708523480105,493860.0637778042,0.996005146840266,6116610.669245461,61.81469659400224
Coamo,2000-2004,2,25,5,8.776042956215882e-4,2.5,0.00437841518816507,98593.27421294343,431.6822892648779,491887.16534155497,0.9953550839649544,5622750.605467657,57.02975837199142
Coamo,2000-2004,2,30,5,9.849370683791098e-4,2.5,0.004912588864709152,98161.59192367856,482.22754342638655,489602.39075982687,0.9935639655922351,5130863.4401261015,52.26956225521882
Coamo,2000-2004,2,35,5,0.001599772888079075,2.5,0.007967000960057376,97679.36438025217,778.2115897952608,486451.2929267727,0.9918403435354107,4641261.049366275,47.51526669746224
Coamo,2000-2004,2,40,5,0.0016777798045853232,2.5,0.00835385918236033,96901.15279045691,809.4985850198573,482482.0174897349,0.9903207888416141,4154809.7564395024,42.87678357577475
Coamo,2000-2004,2,45,5,0.0022153474747665194,2.5,0.011015728209652674,96091.65420543705,1058.5195459430252,477811.97216232773,0.9852208893144045,3672327.7389497673,38.216927050694686
Coamo,2000-2004,2,50,5,0.003751744242901463,2.5,0.018584411319072208,95033.13465949403,1766.1348634528258,470750.33613883803,0.9774258803396971,3194515.7667874396,33.61475740259927
Coamo,2000-2004,2,55,5,0.0053997993376085135,2.5,0.026639378442867324,93266.9997960412,2484.574903797562,460123.5617207121,0.9664339214505928,2723765.4306486016,29.20395677576212
Coamo,2000-2004,2,60,5,0.008305412200460239,2.5,0.04068235175086359,90782.42489224364,3693.242542262611,444679.01810556167,0.9542445682262145,2263641.8689278895,24.9348028719741
Coamo,2000-2004,2,65,5,0.010476098939327803,2.5,0.05104364890622422,87089.18234998103,4445.349647402574,424332.5376313987,0.9258053683740682,1818962.850822328,20.88620884638176
Coamo,2000-2004,2,70,5,0.020740594478046392,2.5,0.09859088830625591,82643.83270257845,8147.928879180821,392849.34131494025,0.8759254403828654,1394630.3131909291,16.875189201473436
Coamo,2000-2004,2,75,5,0.03298137950666205,2.5,0.15234548674698647,74495.90382339763,11349.114728632201,344106.7322954076,0.8083915142642357,1001780.9718759889,13.447463826344638
Coamo,2000-2004,2,80,5,0.05401097613868833,2.5,0.23792806331708333,63146.78909476543,15024.393234009847,278172.96238880255,0.577035338093519,657674.2395805813,10.415006827878432
Coamo,2000-2004,2,85,NA,0.12880429691564263,7.886167560939476,1,48122.39586075558,48122.39586075558,379501.27719177876,0,379501.27719177876,7.886167560939476
Coamo,2005-2009,1,0,1,0.010019662438835649,0.1292962645864254,0.00993300533570869,100000,993.3005335708731,99135.12951503154,0.9896215720835592,7564099.104758727,75.64099104758728
Coamo,2005-2009,1,1,4,3.7335895822631737e-4,1.6230718549235097,0.0014921116622661713,99006.69946642913,147.72905091632856,395675.65652674803,0.9985057038089507,7464963.975243696,75.39857419219284
Coamo,2005-2009,1,5,5,1.8091305199903127e-4,2.5,9.041563257941972e-4,98858.9704155128,89.38396346270747,494071.3921689072,0.9990053088809193,7069288.318716948,71.5088199786435
Coamo,2005-2009,1,10,5,2.1717942207562384e-4,2.5,0.0010853078440522556,98769.58645205009,107.19540693020099,493579.94374292495,0.9972384381158313,6575216.926548041,66.57127120543456
Coamo,2005-2009,1,15,5,8.899028533923576e-4,2.5,0.004439637152536615,98662.39104511989,438.025216842012,492216.8921834944,0.9946908450060651,6081636.982805116,61.640883809757725
Coamo,2005-2009,1,20,5,0.0012403443244459779,2.5,0.006182550394000391,98224.36582827788,607.2770916520531,489603.6364122593,0.992481869562872,5589420.090621621,56.90461876224687
Coamo,2005-2009,1,25,5,0.0017802923202853299,2.5,0.008862019139884256,97617.08873662582,865.0845087637572,485922.73241121974,0.9908653753354578,5099816.454209362,52.24307055467345
Coamo,2005-2009,1,30,5,0.0018908295639024418,2.5,0.009409667625181736,96752.00422786207,910.404201854355,481484.01063467446,0.9893437480260167,4613893.721798142,47.68783611894895
Coamo,2005-2009,1,35,5,0.002397216569491635,2.5,0.011914677690508578,95841.60002600771,1141.921773652517,476353.1956959073,0.9862274705138283,4132409.711163468,43.117077657740396
Coamo,2005-2009,1,40,5,0.0031552510125840943,2.5,0.015652783907237792,94699.6782523552,1482.3135997690697,469792.6072623533,0.9834242137075011,3656056.515467561,38.60685255682623
Coamo,2005-2009,1,45,5,0.0035336363046364672,2.5,0.017513465975207317,93217.36465258613,1632.55914414156,462005.4254025767,0.9759143568502633,3186263.9082052074,34.181012519289354
Coamo,2005-2009,1,50,5,0.006251184760666705,2.5,0.030774973687027852,91584.80550844457,2818.519979653938,450877.72759308794,0.9664119066885216,2724258.482802631,29.74574731778451
Coamo,2005-2009,1,55,5,0.007433737637340746,2.5,0.03649053551847766,88766.28552879063,3239.1292949316703,435733.604406624,0.9517891457522275,2273380.755209543,25.610858240454256
Coamo,2005-2009,1,60,5,0.012450871198370623,2.5,0.060375051031870915,85527.15623385896,5163.706422230025,414726.5151137197,0.9265819748458005,1837647.150802919,21.486124778639855
Coamo,2005-2009,1,65,5,0.018256710493558186,2.5,0.08729906794329541,80363.44981162893,7015.654265263016,384278.11339498713,0.8893462386734362,1422920.6356891992,17.706067111659717
Coamo,2005-2009,1,70,5,0.02924034859118132,2.5,0.1362423112699059,73347.79554636592,9993.073191789408,341756.294752356,0.8194190369043773,1038642.5222942121,14.160514498866526
Coamo,2005-2009,1,75,5,0.05246648504711856,2.5,0.23191324343793046,63354.72235457651,14692.799148359394,280041.61390198406,0.7286290322214822,696886.2275418561,10.999751899181287
Coamo,2005-2009,1,80,5,0.07696907422602023,2.5,0.3227424098760209,48661.923206217114,15705.266364776377,204046.45011914463,0.5104975728547421,416844.613639872,8.566135207467825
Coamo,2005-2009,1,85,NA,0.16580787840861771,6.456909890603596,1,32956.65684144074,32956.65684144074,212798.16352072736,0,212798.16352072736,6.456909890603596
Coamo,2005-2009,2,0,1,0.005952324648146955,0.136796365720403,0.005921897534335338,100000,592.1897534335294,99488.81965265304,0.9938509333557105,8214617.489799313,82.14617489799313
Coamo,2005-2009,2,1,4,1.9698089453922435e-4,1.5143650727116365,7.875379817693783e-4,99407.81024656647,78.28742625369341,397436.64702520217,0.9991833884661722,8115128.67014666,81.63471914347852
Coamo,2005-2009,2,5,5,1.0307143790346573e-4,2.5,5.152244272109396e-4,99329.52282031278,51.176996500231326,496519.6716103133,0.9994443355658564,7717692.0231214585,77.69786669651855
Coamo,2005-2009,2,10,5,1.1926060463035385e-4,2.5,5.961252874962137e-4,99278.34582381255,59.18233244637668,496243.7732879468,0.9987930510559994,7221172.351511145,72.73663044634554
Coamo,2005-2009,2,15,5,3.6395825199777524e-4,2.5,0.001818136945127773,99219.16349136617,180.39402680832427,495644.83238981006,0.9971765481562749,6724928.578223198,67.77852525241644
Coamo,2005-2009,2,20,5,7.675897381536779e-4,2.5,0.0038305978717250657,99038.76946455784,379.37769952919916,494245.4030739662,0.996124152136717,6229283.745833388,62.89742673007067
Coamo,2005-2009,2,25,5,7.857950291442116e-4,2.5,0.003921271855890353,98659.39176502865,386.87029624746356,492329.78308452456,0.9954881027433908,5735038.342759422,58.12967463268201
Coamo,2005-2009,2,30,5,0.001023582171089142,2.5,0.005104847777517733,98272.52146878118,501.66626281097706,490108.4416868785,0.994265734015467,5242708.559674897,53.348672460188986
Coamo,2005-2009,2,35,5,0.0012774494576962877,2.5,0.006366913762149796,97770.8552059702,622.4986035480397,487298.02952098096,0.9927711706657657,4752600.117988018,48.609579081372395
Coamo,2005-2009,2,40,5,0.0016258351609011532,2.5,0.008096267812302481,97148.35660242217,786.5391125782771,483775.43523066514,0.9901724149222404,4265302.088467038,43.90503594335319
Coamo,2005-2009,2,45,5,0.002328078257344443,2.5,0.011573033964859472,96361.81748984389,1115.1985867255426,479021.0909824056,0.9866818303889324,3781526.653236373,39.24299843799572
Coamo,2005-2009,2,50,5,0.0030396724604732778,2.5,0.015083738243020643,95246.61890311835,1436.6750680673867,472641.4068454233,0.9815928341271979,3302505.562253967,34.67320520440904
Coamo,2005-2009,2,55,5,0.004404263904892519,2.5,0.02178149093862329,93809.94383505096,2043.3204415959044,463941.41807126504,0.9714249214631795,2829864.155408544,30.16592953497963
Coamo,2005-2009,2,60,5,0.007232434905266111,2.5,0.03551993547345304,91766.62339345505,3259.544541552197,450684.2556133948,0.954951813666519,2365922.7373372787,25.78195262991468
Coamo,2005-2009,2,65,5,0.011295689974879881,2.5,0.054927344245060156,88507.07885190286,4861.458788223157,430381.7472889564,0.9330495491682438,1915238.481723884,21.63938191801149
Coamo,2005-2009,2,70,5,0.016595571340906858,2.5,0.07967233683013128,83645.6200636797,6664.242016078671,401567.4952782018,0.8906330485129779,1484856.7344349276,17.751757154821746
Coamo,2005-2009,2,75,5,0.030485292791721876,2.5,0.1416322150939141,76981.37804760103,10903.043093863744,357649.28250334575,0.8226165166363766,1083289.2391567258,14.072094662775193
Coamo,2005-2009,2,80,5,0.04919436910797617,2.5,0.21903377464712145,66078.33495373729,14473.387127313908,294208.20695040165,0.5945534638041747,725639.95665338,10.98151091672353
Coamo,2005-2009,2,85,NA,0.11616586355780653,8.360278769278622,1,51604.94782642338,51604.94782642338,431431.74970297836,0,431431.74970297836,8.360278769278622
Coamo,2010-2014,1,0,1,0.009686607376922604,0.1299608593097198,0.009605653545817862,100000,960.5653545817913,99164.2705443228,0.9899620467902793,7594655.038621043,75.94655038621043
Coamo,2010-2014,1,1,4,3.6258199105757694e-4,1.6240581658664508,0.00144907962021806,99039.43464541821,143.51602634259325,395816.7528508169,0.9985498035051237,7495490.76807672,75.68188161525899
Coamo,2010-2014,1,5,5,1.7512082129390045e-4,2.5,8.752209329480235e-4,98895.91861907562,86.55577815853758,494263.20364998176,0.9990348329914521,7099674.015225903,71.7893530325778
Coamo,2010-2014,1,10,5,2.1114977692374972e-4,2.5,0.0010551918757957834,98809.36284091708,104.26283692229481,493786.1571122796,0.997712769631191,6605410.811575921,66.85004964773047
Coamo,2010-2014,1,15,5,7.053556815355054e-4,2.5,0.003520570272068406,98705.10000399478,347.49824077560334,492656.7544180349,0.9947190188447657,6111624.654463641,61.918023022278405
Coamo,2010-2014,1,20,5,0.0014145067641235186,2.5,0.007047611584972946,98357.60176321918,693.1861736566061,490055.04338195437,0.9918584596922759,5618967.900045606,57.127947401283826
Coamo,2010-2014,1,25,5,0.0018572300724617838,2.5,0.00924323333501748,97664.41558956257,902.7349818224611,486065.2404932567,0.9903776335079502,5128912.856663652,52.5156765204847
Coamo,2010-2014,1,30,5,0.0020110677553403533,2.5,0.010005036759655918,96761.68060774011,968.1041714065213,481388.14261018427,0.9896283055126611,4642847.616170395,47.98229616320871
Coamo,2010-2014,1,35,5,0.0021600130348816446,2.5,0.010742057712705984,95793.57643633359,1029.0201265856012,476395.3318652039,0.9874121072807808,4161459.4735602112,43.441947032074786
Coamo,2010-2014,1,40,5,0.0029117974466850694,2.5,0.014453771098972949,94764.55630974799,1369.7052051968349,470398.5185357479,0.9832464889910841,3685064.141695007,38.886523455562696
Coamo,2010-2014,1,45,5,0.0038541779699307554,2.5,0.019086978321257934,93394.851104551155,1782.625498349691,462517.6917768815,0.9763886281144551,3214665.6231592596,34.42015898243247
Coamo,2010-2014,1,50,5,0.005725559089194861,2.5,0.028223802819068406,91612.22560620146,2585.6453913254372,451597.01455269376,0.9625484542800731,2752147.931382378,30.04127356552375
Coamo,2010-2014,1,55,5,0.009615161873277447,2.5,0.046947294769582225,89026.58021487603,4179.557103675645,434684.008315191,0.9452417681135808,2300550.9168296843,25.841169134847554
Coamo,2010-2014,1,60,5,0.012999987194613384,2.5,0.0629539350977633,84847.02311120038,5341.453986180917,410881.48059054965,0.9273761995496393,1865866.9085144931,21.990953130660703
Coamo,2010-2014,1,65,5,0.017306388705387293,2.5,0.08294332017814073,79505.569125019465,6594.455875881802,381041.7059353928,0.8940992732378389,1454985.4279239434,18.300421516837826
Coamo,2010-2014,1,70,5,0.028021387276994887,2.5,0.13093451920831606,72911.11324913766,9546.581558218917,340689.11235014105,0.832537584014195,1073943.7219885506,14.729492859598498
Coamo,2010-2014,1,75,5,0.046800985163287005,2.5,0.2094936525092182,63364.531690918746,13274.467183466673,283636.49049592705,0.747865587549277,733254.6096384096,11.572003928240155
Coamo,2010-2014,1,80,5,0.07227606232575938,2.5,0.30607548462155976,50090.06450745207,15331.340768843584,212121.9706151514,0.5282174770453799,449618.1191424826,8.976193653645451
Coamo,2010-2014,1,85,NA,0.14442555801457807,6.83270623839191,1,34758.72373860849,34758.72373860849,237496.14852733118,0,237496.14852733118,6.83270623839191
Coamo,2010-2014,2,0,1,0.005958802690891159,0.13678305159349213,0.005928309013796968,100000,592.830901379697,99488.25831838994,0.9938577367956244,8250478.981817385,82.50478981817385
Coamo,2010-2014,2,1,4,1.9037048173127166e-4,1.5143546412345523,7.611217690479451e-4,99407.1690986203,75.66096040038974,397440.61007942224,0.9992382991452817,8150990.723498995,81.99600488987393
Coamo,2010-2014,2,5,5,8.634245088285249e-5,2.5,4.316190867897593e-4,99331.50813821991,42.873374832066474,496550.3572540194,0.999508966913302,7753550.113419573,78.05730788493112
Coamo,2010-2014,2,10,5,1.1012485874561241e-4,2.5,5.504727418957007e-4,99288.63476338785,54.65568701729353,496306.534599396,0.9988773572922401,7256999.756165554,73.08993394319018
Coamo,2010-2014,2,15,5,3.393131517938182e-4,2.5,0.0016951278110684236,99233.97907637055,168.21427773532923,495749.3596875144,0.9976739879373319,6760693.221566157,68.12881317963802
Coamo,2010-2014,2,20,5,5.924697650938685e-4,2.5,0.002957967559606354,99065.76479863522,293.033318541944,494596.24069682125,0.9963451996491208,6264943.861878643,63.240251307936724
Coamo,2010-2014,2,25,5,8.726396991363965e-4,2.5,0.0043537004660199885,98772.73148009328,430.0268870749569,492788.590182779,0.9957025122955692,5770347.621181821,58.420452028754326
Coamo,2010-2014,2,30,5,8.500082827798848e-4,2.5,0.004241029139159932,98342.70459301832,417.07427580277727,490670.8372755847,0.9949788039104966,5277559.030999043,53.664977517546475
Coamo,2010-2014,2,35,5,0.0011643164140465654,2.5,0.005804685842720169,97925.63031721555,568.4275199418043,488207.0827862232,0.9935829107899182,4786888.193723458,48.88289386769372
Coamo,2010-2014,2,40,5,0.0014115774886577837,2.5,0.007033068141626628,97357.20279727374,684.7198413513834,485074.21438299026,0.99215748354389,4298681.110937235,44.15370396259586
Coamo,2010-2014,2,45,5,0.0017390677613227268,2.5,0.008657697997924985,96672.48295592236,836.9611621419317,481270.011874257,0.9884919543797572,3813606.8965542447,39.44873225500013
Coamo,2010-2014,2,50,5,0.002897494991318876,2.5,0.014383286207233965,95835.52179378043,1378.4297387795523,475731.53462195327,0.9826084867331073,3332336.8846799876,34.7714169267063
Coamo,2010-2014,2,55,5,0.0041309538541983975,2.5,0.020443639938002647,94457.09205500087,1931.0467795631994,467457.84332609636,0.9732924828798188,2856605.3500580345,30.242359656749525
Coamo,2010-2014,2,60,5,0.006731843828165152,2.5,0.03310212332924295,92526.04527543767,3062.80856187467,454973.20497250167,0.9566700214261636,2389147.506731938,25.82135116247285
Coamo,2010-2014,2,65,5,0.011080254804647447,2.5,0.05390798840441985,89463.236713563,4822.783127376606,435259.2257493735,0.9345948062079559,1934174.3017594363,21.619766652889357
Coamo,2010-2014,2,70,5,0.016137284962414424,2.5,0.07755750587872436,84640.4535861864,6564.502476588546,406791.01173946063,0.8865647399329902,1498915.0760100628,17.70920419848377
Coamo,2010-2014,2,75,5,0.03297764703184485,2.5,0.15232955907961407,78075.95110959785,11893.275207246552,360646.5675298729,0.8186023198940895,1092124.0642706023,13.987970031098959
Coamo,2010-2014,2,80,5,0.04835244666255086,2.5,0.21568945155748406,66182.6759023513,14274.905067984873,295226.11684179434,0.5963975403792406,731477.4967407293,11.05240135379207
Coamo,2010-2014,2,85,NA,0.10163198361103029,8.404355896749612,1,51907.77083436643,51907.77083436643,436251.379898935,0,436251.379898935,8.404355896749612
Coamo,2015-2019,1,0,1,0.010948397468154712,0.1274430202721707,0.010844796040295182,100000,1084.4796040295187,99053.72975213158,0.9888205395960435,7670218.311438925,76.70218311438924
Coamo,2015-2019,1,1,4,3.247608110495767e-4,1.6203246295305906,0.0012980400859751047,98915.52039597048,128.39631059905514,395356.5400458902,0.9986719577849539,7571164.581686793,76.54172521540127
Coamo,2015-2019,1,5,5,1.4740008953046657e-4,2.5,7.367289628646181e-4,98787.12408537143,72.77933547180146,493753.67208817764,0.9991828692692906,7175808.041640903,72.63910259640315
Coamo,2015-2019,1,10,5,1.7959895858153397e-4,2.5,8.975917765369264e-4,98714.34474989962,88.60518407373456,493350.2107893138,0.9980465883512759,6682054.369552725,67.69081420215292
Coamo,2015-2019,1,15,5,6.029434977601602e-4,2.5,0.0030101800675537546,98625.73956582589,296.88123538879154,492386.49474065745,0.9954474596216943,6188704.158763411,62.74938151042079
Coamo,2015-2019,1,20,5,0.0012236433392728268,2.5,0.0060995574891289225,98328.8583304371,599.7625242269278,490144.8853416182,0.9923788925685555,5696317.664022754,57.93129057677154
Coamo,2015-2019,1,25,5,0.001838813427986036,2.5,0.009151995111171967,97729.09580621017,894.4162070376769,486409.43851345667,0.98988845961961,5206172.778681136,53.2714718757309
Coamo,2015-2019,1,30,5,0.0022283346196577338,2.5,0.011079948516132362,96834.6795991725,1072.9232645349985,481491.089834525,0.9884427143461679,4719763.340167679,48.740423985540936
Coamo,2015-2019,1,35,5,0.00242257806863296,2.5,0.012039970919423864,95761.7563346375,1152.9687614619907,475926.3597695325,0.9880926956588234,4238272.250333154,44.25850582274826
Coamo,2015-2019,1,40,5,0.002368546673930411,2.5,0.01177302099535043,94608.7875731755,1113.8312424436444,470259.3597597684,0.9857482985222085,3762345.890563621,39.76740413942649
Coamo,2015-2019,1,45,5,0.003380309072997208,2.5,0.016759911165547224,93494.95633073186,1566.9671625297924,463557.3637473348,0.9764465354719754,3292086.5308038527,35.21138101993788
Coamo,2015-2019,1,50,5,0.006186797247729103,2.5,0.030462818041600892,91927.98916820207,2800.385606961194,452638.98182360735,0.9645171180789933,2828529.167056518,30.768965933553865
Coamo,2015-2019,1,55,5,0.008300895205073856,2.5,0.04066067599927566,89127.60356124087,3623.988610995497,436578.0462787156,0.9494164014865485,2375890.185232911,26.657175670614794
Coamo,2015-2019,1,60,5,0.012568293724042928,2.5,0.06092709456946083,85503.61495024538,5209.486834104377,414494.357665966,0.9277489917409807,1939312.1389541952,22.681054363405366
Coamo,2015-2019,1,65,5,0.017604017600619006,2.5,0.0843096180049438,80294.128116141,6769.567269511856,384546.72240692534,0.8973146417085621,1524817.7812882292,18.990402126076578
Coamo,2015-2019,1,70,5,0.02615595982170429,2.5,0.12275299321237912,73524.56084662915,9025.359918549431,345059.4044367721,0.8443991863719756,1140271.0588813038,15.5087095489069
Coamo,2015-2019,1,75,5,0.042733775934276644,2.5,0.19304502279772046,64499.200928079714,12451.249713595898,291367.88035640883,0.7678818595484913,795211.6544445318,12.32901560022795
Coamo,2015-2019,1,80,5,0.06526196656838998,2.5,0.28053858367035456,52047.951214483815,14601.45851665501,223736.10978078155,0.5559415015384316,503843.77408812294,9.680376697477271
Coamo,2015-2019,1,85,NA,0.11556531418862834,7.480210939049637,1,37446.492697828806,37446.492697828806,280107.6643073414,0,280107.6643073414,7.480210939049637
Coamo,2015-2019,2,0,1,0.00576882705726762,0.13717350281400958,0.005740254956346149,100000,574.025495634618,99504.71559230614,0.99407599654163,8453731.1819615,84.53731181961498
Coamo,2015-2019,2,1,4,1.7268669370688604e-4,1.5146606051860247,6.904504438242395e-4,99425.97450436538,68.6487082241947,397533.28267850884,0.999300176930519,8354226.466369193,84.02458721691879
Coamo,2015-2019,2,5,5,7.768977550486964e-5,2.5,3.883734459097862e-4,99357.32579614119,38.58774699582136,496690.1596132164,0.9995682536834304,7956693.183690684,80.0815955938269
Coamo,2015-2019,2,10,5,9.50497885190183e-5,2.5,4.75136038645114e-4,99318.73804914537,47.18991175990959,496475.71546632703,0.9989834231189356,7460003.024077468,75.11173793193056
Coamo,2015-2019,2,15,5,3.11898032235539e-4,2.5,0.0015582751038312785,99271.54813738546,154.69238198128005,495971.00973197405,0.9977922384745816,6963527.308611141,70.14625478565183
Coamo,2015-2019,2,20,5,5.724704561794088e-4,2.5,0.0028582616050846863,99116.85575540418,283.30190322238195,494876.0240189649,0.9965891419353092,6467556.298879167,65.2518307767903
Coamo,2015-2019,2,25,5,7.945829794605134e-4,2.5,0.003965038517006271,98833.5538521818,391.8788477965136,493188.0721414177,0.9958148925753244,5972680.274860201,60.431706055952496
Coamo,2015-2019,2,30,5,8.831560935338744e-4,2.5,0.004406052387632953,98441.67500438528,433.7391771956609,491124.0270789372,0.9950830646981358,5479492.202718784,55.662321902534565
Coamo,2015-2019,2,35,5,0.0010889724342163583,2.5,0.005430079154793832,98007.93582718962,532.190849339604,488709.2020125991,0.9935699975432786,4988368.175639847,50.89759450128079
Coamo,2015-2019,2,40,5,0.0014926261382077765,2.5,0.007435385065796762,97475.74497785002,724.7696984857175,485566.80064303573,0.9914088658954358,4499658.973627248,46.161832101408734
Coamo,2015-2019,2,45,5,0.001960671898835941,2.5,0.009755540956650587,96750.9752793643,943.8581019337144,481395.2311419872,0.9879661955572765,4014092.172984212,41.488906560307974
Coamo,2015-2019,2,50,5,0.0028875986760299004,2.5,0.014334512581271469,95807.11717743058,1373.348326555235,475602.2150707648,0.9826008095053269,3532696.941842225,36.873011587435876
Coamo,2015-2019,2,55,5,0.004144182950438812,2.5,0.020508437954911866,94433.76885087535,1936.6890893266682,467327.1215310601,0.9744869507608136,3057094.72677146,32.37289757649149
Coamo,2015-2019,2,60,5,0.006219720787952756,2.5,0.030622446275568482,92497.07976154868,2832.4868556449946,455404.1816686309,0.9663424589116535,2589767.6052404,27.998371536881475
Coamo,2015-2019,2,65,5,0.007495578384854994,2.5,0.03678851394935075,89664.59290590369,3298.6271268816927,440076.39671231416,0.9471933289505853,2134363.423571769,23.80386007899043
Coamo,2015-2019,2,70,5,0.014386809554506342,2.5,0.06943661923010111,86365.965779022,5996.9606802378985,416837.42719451524,0.9116258875862888,1694287.0268594548,19.617531183458283
Coamo,2015-2019,2,75,5,0.022994997944256895,2.5,0.10872468022559084,80369.0050987841,8738.094379414179,379999.789545385,0.8596175486729881,1277449.5996649396,15.894804198394464
Coamo,2015-2019,2,80,5,0.038572947513385,2.5,0.1759020830267137,71630.91071936992,12600.026404637727,326654.48758525524,0.6360192136630576,897449.8101195546,12.528806364552793
Coamo,2015-2019,2,85,NA,0.10069041461044818,9.669435400815223,1,59030.88431473219,59030.88431473219,570795.3225342995,0,570795.3225342995,9.669435400815223
Coamo,2020-2024,1,0,1,0.009368698965818729,0.13059522964865702,0.009293005654475278,100000,929.3005654475273,99192.06165530972,0.9903360136414594,7788431.237496811,77.8843123749681
Coamo,2020-2024,1,1,4,3.262852057582576e-4,1.625000173963066,0.00130413021691617,99070.69943455247,129.20109274363494,395975.94516541995,0.9986853787003455,7689239.175841501,77.61365590157283
Coamo,2020-2024,1,5,5,1.5404386772911204e-4,2.5,7.699228339175862e-4,98941.49834180884,76.17731879538042,494517.0484120557,0.9991483956714344,7293263.230676081,73.71288441054699
Coamo,2020-2024,1,10,5,1.8675690668728387e-4,2.5,9.333487601181692e-4,98865.32102301346,92.2758247955062,494095.9155530785,0.9979355640028603,6798746.182264025,68.76775508250705
Coamo,2020-2024,1,15,5,6.403394319423127e-4,2.5,0.0031965799192873773,98773.04519821795,315.73593284748495,493075.88615897106,0.9939634514117623,6304650.266710946,63.82966379196633
Coamo,2020-2024,1,20,5,0.0017850555780825389,2.5,0.008885624556215645,98457.30926537047,874.8546849473059,490099.4096144841,0.9917475908321569,5811574.380551976,59.026337647397305
Coamo,2020-2024,1,25,5,0.0015285220786699421,2.5,0.00761351682195301,97582.45458042316,742.9456594755175,486054.90875342704,0.9914894906788289,5321474.970937491,54.533112472096775
Coamo,2020-2024,1,30,5,0.0018917816753804945,2.5,0.00941438348151414,96839.50892094764,911.6842731432989,481918.33392188,0.9898743797917479,4835420.062184065,49.932306721333454
Coamo,2020-2024,1,35,5,0.002180545786400149,2.5,0.010843616426729135,95927.82464780434,1040.2045351313282,477038.6119011934,0.9878536094040437,4353501.728262184,45.38309655458063
Coamo,2020-2024,1,40,5,0.002710938570744327,2.5,0.013463446413279364,94887.62011267302,1277.5143886705773,471244.3145916887,0.9843418775071067,3876463.1163609913,40.853202048464674
Coamo,2020-2024,1,45,5,0.0036088177365869467,2.5,0.017882749721995526,93610.10572400244,1674.0060921118857,463865.51338973246,0.9771288788906731,3405218.8017693027,36.37661527494863
Coamo,2020-2024,1,50,5,0.00566929381253463,2.5,0.02795032258544315,91936.09963189055,2569.6436419587844,453256.3890545558,0.9651305850284229,2941353.28837957,31.99345306312387
Coamo,2020-2024,1,55,5,0.008577566916348908,2.5,0.04198745898403696,89366.45598993177,3752.2704054260103,437451.60393609386,0.951098719696985,2488096.899325014,27.841507999436935
Coamo,2020-2024,1,60,5,0.011547639564015152,2.5,0.05611811831188475,85614.18558450576,4804.506995806951,416059.6604330114,0.9395879407411762,2050645.2953889205,23.95216728850179
Coamo,2020-2024,1,65,5,0.013428422814325967,2.5,0.06496129474076714,80809.67858869881,5249.501348707112,390924.63957172626,0.9092775626307109,1634585.6349559089,20.227597281701165
Coamo,2020-2024,1,70,5,0.0251414453329848,2.5,0.11827332107455764,75560.1772399917,8936.753103156036,355459.0034420684,0.853036871746682,1243660.9953841828,16.459212257193474
Coamo,2020-2024,1,75,5,0.03944003721603871,2.5,0.17950133750170377,66623.42413683566,11958.993741505292,303219.6363304151,0.7910580768384765,888201.9919421143,13.331677310938948
Coamo,2020-2024,1,80,5,0.05579455332150381,2.5,0.24482325606970562,54664.43039533037,13383.12384058057,239864.34237520042,0.5899631158543558,584982.3556116992,10.701334512792627
Coamo,2020-2024,1,85,NA,0.11331992833041847,8.360152379837643,1,41281.3065547498,41281.3065547498,345118.0132364988,0,345118.0132364988,8.360152379837643
Coamo,2020-2024,2,0,1,0.00569207851563516,0.13733124178917053,0.005664264832489507,100000,566.4264832489425,99511.36156907791,0.9941596254139768,8512733.115050472,85.12733115050472
Coamo,2020-2024,2,1,4,1.6784984591796786e-4,1.5147842411175396,6.71119430843964e-4,99433.57351675106,66.73180326534202,397568.45113791054,0.9993090231619961,8413221.753481394,84.61147936178781
Coamo,2020-2024,2,5,5,7.880760022683421e-5,2.5,3.939603834531601e-4,99366.84171348572,39.14659906398447,496736.3420697686,0.9995510968062622,8015653.302343484,80.6672846205157
Coamo,2020-2024,2,10,5,1.0079892622823825e-4,2.5,5.038676578440118e-4,99327.69511442173,50.04801309634058,496513.3555393678,0.998950635233553,7518916.960273716,75.69809157065619
Coamo,2020-2024,2,15,5,3.192820236567548e-4,2.5,0.0015951368719625493,99277.64710132539,158.36143545301456,495992.3319179944,0.9976829292894903,7022403.604734347,70.73499231470602
Coamo,2020-2024,2,20,5,6.089572575725231e-4,2.5,0.003040157972209256,99119.28566587238,301.33828651679505,494843.08261306986,0.996607368723152,6526411.2728163535,65.844010365618
Coamo,2020-2024,2,25,5,7.506419043692076e-4,2.5,0.003746179423704243,98817.94737935558,370.18976116523845,493164.26249386487,0.9959353846657867,6031568.190203283,61.037173409891736
Coamo,2020-2024,2,30,5,8.787761161932726e-4,2.5,0.0043842486484670495,98447.75761819034,431.6194482821593,491159.7394702463,0.9949198639502784,5538403.927709418,56.2572887560222
Coamo,2020-2024,2,35,5,0.001159167029911717,2.5,0.005779087829371657,98016.13816990818,566.4438711797266,488664.58117159165,0.9930620808668986,5047244.188239172,51.49401192985096
Coamo,2020-2024,2,40,5,0.001627290634154602,2.5,0.008103486352160834,97449.69429872846,789.6822677719902,485274.2658242123,0.991500616587361,4558579.60706758,46.77879843412769
Coamo,2020-2024,2,45,5,0.0017876567106953473,2.5,0.008898514829103065,96660.01203095647,860.1305504387565,481149.7337786854,0.9897417768858778,4073305.341243368,42.14054246071112
Coamo,2020-2024,2,50,5,0.0023396330123998926,2.5,0.011630139416704127,95799.88148051771,1114.1659777221503,476213.99245828314,0.9844138793935137,3592155.607464683,37.49645147729331
Coamo,2020-2024,2,55,5,0.003956481426891537,2.5,0.019588651791975692,94685.71550279556,1854.765510658326,468791.663737332,0.9752511886659371,3115941.6150064,32.90825441261415
Coamo,2020-2024,2,60,5,0.00609385887020885,2.5,0.030012071037777015,92830.94999213723,2786.049065668354,457189.6272965153,0.9639602092581561,2647149.951269068,28.51581236099901
Coamo,2020-2024,2,65,5,0.008633196003944167,2.5,0.04225401209871769,90044.90092646888,3804.758333174861,440712.60879940726,0.9496093677029811,2189960.3239725525,24.320758881848125
Coamo,2020-2024,2,70,5,0.01213452321214623,2.5,0.05888622538859714,86240.14259329402,5078.356474293469,418504.8217807364,0.916415777657197,1749247.715173145,20.283451100290335
Coamo,2020-2024,2,75,5,0.023241814735475264,2.5,0.10982759229496888,81161.78611900055,8913.803555809049,383524.42170548014,0.8634709230982125,1330742.8933924087,16.39617555287971
Coamo,2020-2024,2,80,5,0.03632990432692509,2.5,0.1665249343061506,72247.9825631915,12031.09055008737,331162.1864407391,0.6503845772232854,947218.4716869286,13.110656354431027
Coamo,2020-2024,2,85,NA,0.08485475196643259,10.230622415918214,1,60216.89201310413,60216.89201310413,616056.2852461896,0,616056.2852461896,10.230622415918214
Comerio,1980-1984,1,0,1,0.013696962855725026,0.12195839546954351,0.013534193829739798,100000,1353.4193829739816,98811.64147337091,0.9859693348772114,7213539.65345468,72.1353965345468
Comerio,1980-1984,1,1,4,4.3911754223821005e-4,1.612221473990994,0.0017546304118784396,98646.58061702602,173.08829037845135,394173.0259652348,0.9981912610567302,7114728.011981309,72.12341236238791
Comerio,1980-1984,1,5,5,2.2310804533741985e-4,2.5,0.0011149183585478831,98473.49232664757,109.78990442529903,492092.98687217454,0.9987713907064587,6720554.986016074,68.24735090864091
Comerio,1980-1984,1,10,5,2.686657573254333e-4,2.5,0.0013424271261259293,98363.70242222227,132.0461023577809,491488.3968552169,0.9968616978409547,6228461.9991439,63.32073565519602
Comerio,1980-1984,1,15,5,9.897612762428214e-4,2.5,0.004936591264039645,98231.65631986449,484.92953644078807,489945.95775822044,0.992767050851148,5736973.602288683,58.40249281359768
Comerio,1980-1984,1,20,5,0.0019172860155522852,2.5,0.009540699453658708,97746.7267834237,932.5721428195393,486402.20356006967,0.9898107902503415,5247027.644530463,53.679829669961656
Comerio,1980-1984,1,25,5,0.0021806166446874625,2.5,0.010843966886718268,96814.15464060416,1049.849487088315,481446.1494853,0.9885720267327152,4760625.440970393,49.17282455900071
Comerio,1980-1984,1,30,5,0.0024182078772018597,2.5,0.012018382020824352,95764.30515351584,1150.9320032937685,475944.1957593448,0.9868875978477794,4279179.2914850935,44.68449162373513
Comerio,1980-1984,1,35,5,0.0028643109811604048,2.5,0.01421973057968072,94613.37315022208,1345.3766754309472,469703.424062533,0.9826271659195934,3803235.095725748,40.19764827205953
Comerio,1980-1984,1,40,5,0.004157042256387716,2.5,0.020571420619960822,93267.99647479113,1918.6551858639577,461543.34440929577,0.9754944796487929,3333531.6716632154,35.741431119561106
Comerio,1980-1984,1,45,5,0.00578697881112308,2.5,0.028522249915844036,91349.34128892717,2605.4887418905273,450232.98458990955,0.9655682775996864,2871988.3272539196,31.439617261936895
Comerio,1980-1984,1,50,5,0.00827047691423133,2.5,0.04051469494801985,88743.85254703664,3595.4301144552446,434730.68744904513,0.9468658102621749,2421755.34266401,27.28927439092656
Comerio,1980-1984,1,55,5,0.013711762363986807,2.5,0.06628654832357941,85148.4224325814,5644.195018253842,411631.6246172724,0.9328176045200457,1987024.6552149649,23.33601255840349
Comerio,1980-1984,1,60,5,0.014109077449033213,2.5,0.06814184096589719,79504.22741432756,5417.564420583629,383977.2260201787,0.9069519865479045,1575393.0305976924,19.815210861526953
Comerio,1980-1984,1,65,5,0.02548109301768902,2.5,0.11977544213288775,74086.66299374393,8873.762816225935,348248.9079281548,0.8600630265431554,1191415.8045775138,16.081380324527778
Comerio,1980-1984,1,70,5,0.035455188078031774,2.5,0.162841959626295,65212.90017751799,10619.396457820993,299516.00974303746,0.7868323611713096,843166.8966493589,12.929449454849408
Comerio,1980-1984,1,75,5,0.06330683626089365,2.5,0.27328254757391407,54593.503719697,14919.451777504742,235668.88915472315,0.6861478422373765,543650.8869063215,9.95816076758187
Comerio,1980-1984,1,80,5,0.09070060854702154,2.5,0.36967799496148424,39674.05194219226,14666.623973987415,161703.69977599275,0.4749572995938086,307981.99775159836,7.762806738276915
Comerio,1980-1984,1,85,NA,0.18183968727158045,5.849393954531749,1,25007.427968204844,25007.427968204844,146278.2979756056,0,146278.2979756056,5.849393954531749
Comerio,1980-1984,2,0,1,0.01200037262949972,0.1243659941457681,0.011875584764341323,100000,1187.558476434133,98960.13341409383,0.9878941665593194,7932801.903785815,79.32801903785816
Comerio,1980-1984,2,1,4,2.6665081178903487e-4,1.5046784235884167,0.0010658940230983895,98812.44152356587,105.32359082774201,394986.94986556587,0.9988334572145035,7833841.770371722,79.2799130310268
Comerio,1980-1984,2,5,5,1.335439925657502e-4,2.5,6.674971122552592e-4,98707.11793273813,65.88671617914224,493370.8728732427,0.9992410107749251,7438854.8205061555,75.36290164580842
Comerio,1980-1984,2,10,5,1.7018086290553771e-4,2.5,8.505424494077437e-4,98641.23121655898,83.89855441151303,492996.4096967661,0.9982215064842868,6945483.9476329135,70.41156990817213
Comerio,1980-1984,2,15,5,5.42180808431887e-4,2.5,0.002707234515663642,98557.33266214747,266.8178127547144,492119.61877885053,0.9962661576577767,6452487.537936147,65.46938075176145
Comerio,1980-1984,2,20,5,9.549216553677245e-4,2.5,0.004763236981480462,98290.51484939276,468.18101525938255,490282.1217088153,0.9949809658601849,5960367.919157296,60.64031639563764
Comerio,1980-1984,2,25,5,0.0010580021494664615,2.5,0.005276055552045386,97822.33383413337,516.116067539624,487821.3790018178,0.9941222584893276,5470085.797448481,55.91857792642227
Comerio,1980-1984,2,30,5,0.0013007398675164072,2.5,0.0064826188356683695,97306.21776659375,630.799120121359,484954.09103266534,0.992201385227491,4982264.418446664,51.201912198432275
Comerio,1980-1984,2,35,5,0.001833000909457701,2.5,0.009123197474120442,96675.41864647239,881.9889352050523,481172.12089434935,0.989825528221316,4497310.327413998,46.51968815216608
Comerio,1980-1984,2,40,5,0.0022597798685140952,2.5,0.011235425372393656,95793.42971126734,1076.2799306865636,476276.44872962026,0.9875635989008188,4016138.206519649,41.924986072894164
Comerio,1980-1984,2,45,5,0.002748967837798048,2.5,0.013651023626732964,94717.14978058077,1292.9860495115136,470353.2837791251,0.982402554876621,3539861.7577900286,37.37297591819832
Comerio,1980-1984,2,50,5,0.004366855715366384,2.5,0.021598484908665273,93424.16373106926,2017.820390450186,462076.2676792208,0.9737828604661356,3069508.4740109034,32.855616271254924
Comerio,1980-1984,2,55,5,0.006284768757636392,2.5,0.030937752241386555,91406.34334061907,2827.9068035631644,449961.94969418744,0.9601759752447803,2607432.2063316824,28.52572492277999
Comerio,1980-1984,2,60,5,0.010044868225319671,2.5,0.048993995553676895,88578.43653705591,4339.81152584817,432042.6538706592,0.9445642213440222,2157470.256637495,24.35660800735559
Comerio,1980-1984,2,65,5,0.01284131132959111,2.5,0.06220943000221831,84238.62501120774,5240.436846117853,408092.0329407441,0.9161517501274772,1725427.6027668358,20.482618306474873
Comerio,1980-1984,2,70,5,0.022592314664615285,2.5,0.10692250606850422,78998.18816508989,8446.684253482657,373874.23019174277,0.864524800941557,1317335.5698260919,16.675516241880544
Comerio,1980-1984,2,75,5,0.036549286873376836,2.5,0.16744632495060346,70551.50391160723,11813.590049736755,323223.5444336943,0.7982900298580756,943461.3396343491,13.372660926071763
Comerio,1980-1984,2,80,5,0.055286549415178604,2.5,0.2428648484616771,58737.913861870475,14265.37454901822,258026.13293680683,0.5839883752112653,620237.7952006548,10.559411365191165
Comerio,1980-1984,2,85,NA,0.1403558946012165,8.144613909176337,1,44472.539312852256,44472.539312852256,362211.66226384795,0,362211.66226384795,8.144613909176337
Comerio,1985-1989,1,0,1,0.016020997078817753,0.11732090137907311,0.015797596952949022,100000,1579.7596952948952,98605.57913611943,0.9836898490724008,7200885.794693102,72.00885794693102
Comerio,1985-1989,1,1,4,4.689807454441696e-4,1.6054018403807646,0.0018738186451561702,98420.2403047051,184.42168134370877,393239.3454000809,0.9980780693274396,7102280.215556983,72.16280100077594
Comerio,1985-1989,1,5,5,2.2771288353565225e-4,2.5,0.0011379166219902198,98235.8186233614,111.7841708863416,490899.6326895911,0.9986451354874019,6709040.870156902,68.29526097684932
Comerio,1985-1989,1,10,5,3.14659242144383e-4,2.5,0.0015720595530529914,98124.03445247505,154.2568257451203,490234.5301980125,0.9971699186284814,6218141.23746731,63.37021579029118
Comerio,1985-1989,1,15,5,8.196931046488562e-4,2.5,0.004090083989135958,97969.77762672993,400.70461889028957,488847.1265864239,0.9934110128437295,5727906.707269298,58.466058064283125
Comerio,1985-1989,1,20,5,0.0018279460710439103,2.5,0.009098153022541276,97569.07300783964,887.6983564928087,485626.1191479662,0.9897190947472734,5239059.580682875,53.695904031617864
Comerio,1985-1989,1,25,5,0.002308145858931933,2.5,0.011474517146571906,96681.37465134684,1109.3720911910204,480633.44302875665,0.98728319785950025,4753433.461534908,49.16596892293659
Comerio,1985-1989,1,30,5,0.0028143647165191125,2.5,0.013973507218391896,95572.00256015582,1335.4760676505102,474521.3226316528,0.9837757653857926,4272800.018506152,44.70765395772393
Comerio,1985-1989,1,35,5,0.003735941927500693,2.5,0.018506858268127934,94236.5264925053,1744.0220394774806,466822.57736383285,0.9802670902430978,3798278.6958744987,40.30580112878607
Comerio,1985-1989,1,40,5,0.004240907418639548,2.5,0.020982079452179656,92492.50445302782,1940.6850771645113,457610.8095722278,0.9762466703626452,3331456.118510666,36.01866051970234
Comerio,1985-1989,1,45,5,0.005388417288376783,2.5,0.026583972598031497,90551.81937586331,2407.2270849898487,446741.02916684194,0.968892650348965,2873845.308938438,31.737024487709682
Comerio,1985-1989,1,50,5,0.007281015672372411,2.5,0.0357542600425523,88144.59229087346,3151.544674112636,432844.09976908576,0.9581898499160431,2427104.279771596,27.53548705248138
Comerio,1985-1989,1,55,5,0.009855087028982601,2.5,0.0480905927039803,84993.04761676083,4087.366035607658,414746.82299478503,0.933748498865298,1994260.1800025103,23.46380363950189
Comerio,1985-1989,1,60,5,0.0178265490601869,2.5,0.08532990112899232,80905.68158115317,6903.673810093533,387269.223380532,0.8967220591040803,1579513.3570077254,19.522897850176076
Comerio,1985-1989,1,65,5,0.026189416285403506,2.5,0.1229003597211124,74002.00777105964,9094.873375147792,347272.8554174287,0.853267406651475,1192244.1336271933,16.11097008767174
Comerio,1985-1989,1,70,5,0.03809312391476693,2.5,0.17390423101996974,64907.134395911846,11287.625294830868,296316.608742482,0.7932905875705146,844971.2782097646,13.01815718832574
Comerio,1985-1989,1,75,5,0.05620971905589846,2.5,0.24642052419322175,53619.50910108098,13212.947539671608,235065.17665622587,0.6980681309233541,548654.6694672826,10.232370244811168
Comerio,1985-1989,1,80,5,0.09248814795392614,2.5,0.37559542635969667,40406.56156140937,15176.51971738688,164091.50851357964,0.4767314840728809,313589.4928110567,7.7608556801960855
Comerio,1985-1989,1,85,NA,0.14113417824600816,5.925395812726178,1,25230.04184402249,25230.04184402249,149497.98429747712,0,149497.98429747712,5.925395812726178
Comerio,1985-1989,2,0,1,0.009718081082818282,0.12905671949291606,0.009636518578101725,100000,963.6518578101823,99160.71388969205,0.9900997427439174,7910373.690154275,79.10373690154275
Comerio,1985-1989,2,1,4,2.5976041248910905e-4,1.5083213842734284,0.0010383695761874605,99036.34814218982,102.83633084755274,395889.15748226666,0.9989037995342563,7811212.976264583,78.87218301960975
Comerio,1985-1989,2,5,5,1.297142570514974e-4,2.5,6.483610310838667e-4,98933.51181134226,64.14463372674072,494507.19747239444,0.9992981320942788,7415323.8187823165,74.95259880112923
Comerio,1985-1989,2,10,5,1.511389848397543e-4,2.5,7.554094946383767e-4,98869.36717761552,74.68685869486944,494160.1187413404,0.9982275480159283,6920816.621309922,69.9996047195984
Comerio,1985-1989,2,15,5,5.588323122295426e-4,2.5,0.0027902633378656407,98794.68031892065,275.6631744700426,493284.2436584282,0.9960816792361457,6426656.502568581,65.05063310921793
Comerio,1985-1989,2,20,5,0.0010124631486903054,2.5,0.005049534574265324,98519.01714445061,497.4751832935435,491351.3977640192,0.9948541831153942,5933372.258910153,60.22565420248276
Comerio,1985-1989,2,25,5,0.0010512732648687137,2.5,0.005242587843247739,98021.54196115707,513.8865442619572,488822.9934451305,0.994047481735864,5442020.861146134,55.518621236367004
Comerio,1985-1989,2,30,5,0.0013376967048532376,2.5,0.006666190172696336,97507.65541689511,650.0045743027586,485913.2656487187,0.9928187666095698,4953197.867701003,50.79804089764592
Comerio,1985-1989,2,35,5,0.001545898106418785,2.5,0.007699733025334438,96857.65084259235,745.778052949041,482423.80908058916,0.9900395476460663,4467284.602052284,46.12216549947372
Comerio,1985-1989,2,40,5,0.0024628135723991904,2.5,0.012238713686556057,96111.87278964331,1176.2856929511327,477618.6497158387,0.9869350262786754,3984860.792971696,41.46065077405391
Comerio,1985-1989,2,45,5,0.0027997546368877906,2.5,0.013901471411826889,94935.58709669218,1319.7443499896617,471378.5746084867,0.9808603283660515,3507242.143255857,36.94338709554427
Comerio,1985-1989,2,50,5,0.004950872082655301,2.5,0.024451717104314662,93615.84274670252,2289.068103324389,462356.5434752016,0.9730174978599041,3035863.56864737,32.42895090803746
Comerio,1985-1989,2,55,5,0.006004135368821762,2.5,0.029576720263538664,91326.77464337813,2701.146466198421,449881.0070513946,0.9603631698384889,2573507.025172169,28.179107772298487
Comerio,1985-1989,2,60,5,0.010257157922288212,2.5,0.05000355374289969,88625.62817717971,4431.596361555843,432049.1499820089,0.9335909939301903,2123626.018120774,23.96175984079048
Comerio,1985-1989,2,65,5,0.01746636868998655,2.5,0.08367796785545231,84194.03181562386,7045.18548788871,403357.19535839756,0.9073151907588171,1691576.8681387652,20.09141065774284
Comerio,1985-1989,2,70,5,0.021610522127473875,2.5,0.10251414987664817,77148.84632773515,7908.8483952519455,365972.1106505459,0.8704133569538405,1288219.6727803675,16.697847525909797
Comerio,1985-1989,2,75,5,0.03472388704691339,2.5,0.15975145641429248,69239.99793248321,11061.190511836794,318547.013382824,0.7979010173707399,922247.5621298216,13.319578129235602
Comerio,1985-1989,2,80,5,0.05779627422553255,2.5,0.25249779205087775,58178.807420646415,14690.020417866435,254168.986058566,0.5789816878813463,603700.5487469976,10.376640146335436
Comerio,1985-1989,2,85,NA,0.14588794724317694,8.037280107768657,1,43488.78700277998,43488.78700277998,349531.56268843164,0,349531.56268843164,8.037280107768657
Comerio,1990-1994,1,0,1,0.012509523277466805,0.12432787177597887,0.012373975766384378,100000,1237.3975766384392,98916.44543060577,0.9870156305629707,7184479.184802634,71.84479184802633
Comerio,1990-1994,1,1,4,4.8791597264351375e-4,1.615717211015884,0.0019493961002792232,98762.60242336156,192.5274320175231,394591.36985087954,0.9980783831650352,7085562.739372028,71.74337821717819
Comerio,1990-1994,1,5,5,2.362294193387052e-4,2.5,0.001180449954175443,98570.07499134404,116.35704050659842,492559.4823554537,0.9986945778096968,6690971.3695211485,67.88035182187615
Comerio,1990-1994,1,10,5,2.863132164086009e-4,2.5,0.0014305421242509987,98453.71795083744,140.84219081779884,491916.4842771427,0.9970700714348815,6198411.8871656945,62.95762126790227
Comerio,1990-1994,1,15,5,8.8826075018408e-4,2.5,0.004431463014266736,98312.87576001964,435.6698727567273,490475.2041182064,0.9922569438428235,5706495.402888552,58.04423234264887
Comerio,1990-1994,1,20,5,0.0022261992988747764,2.5,0.011069389824707048,97877.20588726291,1083.4409469192324,486677.4270690165,0.9887411232701816,5216020.198770345,53.29147017925982
Comerio,1990-1994,1,25,5,0.002303283781219096,2.5,0.011450484617329993,96793.76494034368,1108.3355165028624,481197.9859104613,0.9871838708346062,4729342.771701329,48.859993973952115
Comerio,1990-1994,1,30,5,0.002859819703650049,2.5,0.01419759213392776,95685.42942384082,1358.5027001194248,475030.8903689055,0.9832082055793887,4248144.785790868,44.396987204536785
Comerio,1990-1994,1,35,5,0.003922768384872961,2.5,0.01942335858193167,94326.9267237214,1832.145721686422,467054.2693143909,0.9799574741514743,3773113.8954219623,40.00039041315546
Comerio,1990-1994,1,40,5,0.004177979210865764,2.5,0.020673957641250164,92494.78100203497,1912.2331844727887,457693.3220489929,0.9752042646807915,3306059.626107571,35.74320183573206
Comerio,1990-1994,1,45,5,0.0058862692922046315,2.5,0.02900452534385687,90582.54781756218,2627.3038038856175,446344.4795780968,0.9628605855698212,2848366.3040585783,31.44497889146739
Comerio,1990-1994,1,50,5,0.009315467487495857,2.5,0.04551730011414941,87955.24401367657,4003.485238383757,429767.5069724234,0.9492542000199179,2402021.8244804814,27.309591956870474
Comerio,1990-1994,1,55,5,0.011569980416527586,2.5,0.056223636159363405,83951.75877529281,4720.073140320703,407958.6110256623,0.9270308841172281,1972254.3175080582,23.492709935798235
Comerio,1990-1994,1,60,5,0.019004400218400202,2.5,0.09071217490076203,79231.6856349721,7187.278525001791,378190.2318623561,0.900209387853105,1564295.7064823958,19.743309686597538
Comerio,1990-1994,1,65,5,0.023229978405613017,2.5,0.10977473048163892,72044.40710997031,7908.655373206457,340450.3971168354,0.8512827641771455,1186105.4746200398,16.4635330097108
Comerio,1990-1994,1,70,5,0.042590919785125636,2.5,0.19246178753871945,64135.75173676386,12343.681424397102,289819.55512282654,0.7916733486877087,845655.0775032043,13.18539277397225
Comerio,1990-1994,1,75,5,0.0514602907971094,2.5,0.22797261174952882,51792.070312366755,11807.17353702549,229442.41771927004,0.7156270950414949,555835.5223803779,10.732058383224297
Comerio,1990-1994,1,80,5,0.08704096255981043,2.5,0.3574276878163876,39984.896775341265,14291.709201987156,164195.21087173844,0.49694031973432334,326393.1046611078,8.162909773031972
Comerio,1990-1994,1,85,NA,0.16772921432112767,6.31287547822916,1,25693.18757335411,25693.18757335411,162197.89378936935,0,162197.89378936935,6.31287547822916
Comerio,1990-1994,2,0,1,0.011304291169829707,0.1257966294873841,0.011193672505954688,100000,1119.3672505954746,99021.445376688,0.9885860743209061,7860310.039954434,78.60310039954435
Comerio,1990-1994,2,1,4,2.545303342180662e-4,1.5057878948328118,0.0010174753899340782,98880.63274940453,100.60861036363349,395271.59178376506,0.9988734604368822,7761288.5945777465,78.49149402438958
Comerio,1990-1994,2,5,5,1.3280306207964687e-4,2.5,6.637949254015188e-4,98780.02413904089,65.5696787545312,493736.1964983181,0.9992987765244062,7366017.002793982,74.56990486685562
Comerio,1990-1994,2,10,5,1.477899619487255e-4,2.5,7.386768871710091e-4,98714.45446028636,72.91808593949827,493389.9770865831,0.9984225763972658,6872280.806295663,69.61777628078204
Comerio,1990-1994,2,15,5,4.839428620378302e-4,2.5,0.0024167903391050212,98641.53637434686,238.39591214401298,492611.69209137425,0.9961981661501281,6378890.82920908,64.66739128029236
Comerio,1990-1994,2,20,5,0.001040747426706935,2.5,0.005190232829880406,98403.14046220285,510.73521019025065,490738.8642855386,0.9947399832579212,5886279.137117706,59.818000822632854
Comerio,1990-1994,2,25,5,0.0010688816052635615,2.5,0.005330164738712223,97892.4052520126,521.7826466620027,488157.56964340794,0.993966877116547,5395540.272832167,55.117046710027985
Comerio,1990-1994,2,30,5,0.0013525275128057287,2.5,0.006739847989434048,97370.6226053506,656.2631949966017,485212.4550392615,0.9928056289367617,4907382.703188759,50.399007132558836
Comerio,1990-1994,2,35,5,0.0015362734336256598,2.5,0.007651978340530211,96714.359410354,740.0561834262917,481721.65659320424,0.9888696146827114,4422170.248149498,45.72402976259668
Comerio,1990-1994,2,40,5,0.002948700870160118,2.5,0.014635614229764008,95974.3032269277,1404.6428779997077,476359.9089396393,0.9867575581997192,3940448.591556294,41.05732950453673
Comerio,1990-1994,2,45,5,0.0023797900816046797,2.5,0.011828576584932589,94569.660348928,1118.6244700483658,470051.74056951905,0.9833717440736246,3464088.6826166543,36.63002140258741
Comerio,1990-1994,2,50,5,0.004343741128101455,2.5,0.02148538822924577,93451.03587887963,2007.831786282899,462235.5999286909,0.9743698912065286,2994036.9420471354,32.0385634454353
Comerio,1990-1994,2,55,5,0.006063716092428804,2.5,0.029865835592405268,91443.20409259673,2731.0276994722517,450388.45121430303,0.9612858515724442,2531801.3421184444,27.68714599670748
Comerio,1990-1994,2,60,5,0.009801395977254199,2.5,0.04783485890222892,88712.17639312448,4243.534440674761,432952.0458639355,0.9478655718217623,2081412.8909041414,23.462538915519815
Comerio,1990-1994,2,65,5,0.011660277177066997,2.5,0.056649999154771855,84468.64195244972,4785.148495211004,410380.3385242211,0.9102119219316642,1648460.8450402059,19.51565464930975
Comerio,1990-1994,2,70,5,0.026647589935751555,2.5,0.12491616296140048,79683.49345723871,9953.756254038119,373533.07665109826,0.8538091828437184,1238080.506515985,15.537477748517482
Comerio,1990-1994,2,75,5,0.037278513239634437,2.5,0.17050237828267276,69729.7372032006,11889.086030171471,318925.97094057425,0.781855124970518,864547.4298648866,12.39854708394346
Comerio,1990-1994,2,80,5,0.06392416596878225,2.5,0.2755802377110217,57840.651173029124,15939.740399623654,249353.90486608646,0.5429910228280145,545621.4589243124,9.433183200031703
Comerio,1990-1994,2,85,NA,0.11419432218356314,7.07067098518219,1,41900.91077340547,41900.91077340547,296267.5540582259,0,296267.5540582259,7.07067098518219
Comerio,1995-1999,1,0,1,0.015701536817484436,0.11795836835755069,0.015487050321003556,100000,1548.705032100348,98633.97768655333,0.9839681383078176,7138662.3811709145,71.38662381170914
Comerio,1995-1999,1,1,4,4.833409611437274e-4,1.6063375173828163,0.0019311296142706363,98451.29496789965,190.12221127581142,393350.0914673555,0.9980415679586544,7040028.403484361,71.50772781383712
Comerio,1995-1999,1,5,5,2.3242366783505833e-4,2.5,0.0011614434717960467,98261.17275662384,114.12479762920702,491020.5517890462,0.9987165489190466,6646678.312017006,67.64297764366903
Comerio,1995-1999,1,10,5,2.813178222093409e-4,2.5,0.0014056005598257384,98147.04795899463,137.95554555639683,490390.3509310822,0.9969676912839989,6155657.76022796,62.71872550664757
Comerio,1995-1999,1,15,5,9.344391722376979e-4,2.5,0.0046613065925038754,98009.09241343824,456.85042859207897,488903.33599571104,0.9920573564340276,5665267.409296877,57.80348812331314
Comerio,1995-1999,1,20,5,0.0022605731811841823,2.5,0.01123934748716219,97552.24198484616,1096.4235458194162,485020.15105968225,0.9885014644111542,5176364.073301166,53.06248188642622
Comerio,1995-1999,1,25,5,0.0023660471315005613,2.5,0.011760669909244575,96455.81843902674,1134.3850414874323,479443.1295914151,0.9860770330794529,4691343.922241484,48.63723099511155
Comerio,1995-1999,1,30,5,0.0032483665365524664,2.5,0.016110996626978364,95321.43339753931,1535.7232919465023,472767.8587578303,0.9812245653031313,4211900.792650069,44.1862930772797
Comerio,1995-1999,1,35,5,0.004343355734146811,2.5,0.021483502436985956,93785.7101055928,2014.845531607949,463891.4366989442,0.9783788216756695,3739132.9338922384,39.86889825414095
Comerio,1995-1999,1,40,5,0.004400254278002492,2.5,0.021761876910085045,91770.86457398486,1997.1062587911438,453861.55722294643,0.976125926597716,3275241.497193294,35.68933901186932
Comerio,1995-1999,1,45,5,0.005275318422141783,2.5,0.02603325779956291,89773.75831519371,2337.1033938550827,443026.0330913309,0.9659096379860361,2821379.9399703476,31.427668763343338
Comerio,1995-1999,1,50,5,0.008655909470865652,2.5,0.04236282540033969,87436.65492133863,3704.0637460224243,427923.1152416371,0.9458166615005219,2378353.9068790167,27.200879414001772
Comerio,1995-1999,1,55,5,0.013763159879498912,2.5,0.066526753534593,83732.5911753162,5570.457455933094,404736.8122367483,0.9297948362741218,1950430.7916373797,23.293567824189743
Comerio,1995-1999,1,60,5,0.01540007005011037,2.5,0.0741457267845556,78162.13371938311,5795.38821165527,376322.1980677774,0.9046418350672255,1545693.9794006315,19.77548341950293
Comerio,1995-1999,1,65,5,0.02514055291430268,2.5,0.11826937111487627,72366.74550772784,8558.76948082928,340436.80383656605,0.8380943124809841,1169371.7813328542,16.15896601579216
Comerio,1995-1999,1,70,5,0.04727597061959845,2.5,0.21139508368450208,63807.97602689856,13488.692431944932,285318.1490546305,0.772374305434972,828934.977496288,12.991087151030248
Comerio,1995-1999,1,75,5,0.05667499151432892,2.5,0.24820711695376757,50319.28359495363,12489.604308282447,220372.40720406204,0.7124734091170649,543616.8284416576,10.803349920827873
Comerio,1995-1999,1,80,5,0.08187764496521745,2.5,0.33982753016537,37829.679286671184,12855.566478937526,157009.4802360121,0.5142701005175125,323244.42123759555,8.544730680587257
Comerio,1995-1999,1,85,NA,0.16356946710797327,6.656290146575535,1,24974.112807733658,24974.112807733658,166234.94100158341,0,166234.94100158341,6.656290146575535
Comerio,1995-1999,2,0,1,0.009677070925273442,0.12914100643941326,0.009596200250380193,100000,959.6200250380207,99164.3062707948,0.9901582758333022,7860307.927464514,78.60307927464514
Comerio,1995-1999,2,1,4,2.500725993941146e-4,1.5083869821926315,9.996675205950565e-4,99040.37997496198,99.0074510883569,395914.83164585626,0.9989377633914533,7761143.621193719,78.3634273531239
Comerio,1995-1999,2,5,5,1.2424618635487e-4,2.5,6.210380277580241e-4,98941.37252387362,61.44635485591425,494553.2467322283,0.9993109522211328,7365228.789547863,74.4403337215754
Comerio,1995-1999,2,10,5,1.514773002893367e-4,2.5,7.570997928650015e-4,98879.92616901771,74.86197162106691,494212.4759160359,0.998441538773905,6870675.542815635,69.4850391683286
Comerio,1995-1999,2,15,5,4.72643787164701e-4,2.5,0.002360429829588522,98805.06419739664,233.22242084593745,493442.2649348683,0.9966244615339735,6376463.066899599,64.53579195253039
Comerio,1995-1999,2,20,5,8.805439090820257e-4,2.5,0.004393048864360598,98571.8417765507,433.0309175744187,491776.63158881746,0.9950253992025437,5883020.80196473,59.68256954456383
Comerio,1995-1999,2,25,5,0.00111484230532157,2.5,0.005558718789433234,98138.81085897629,545.5260518944269,489330.2391651454,0.9939888059420336,5391244.170375913,54.934883795596775
Comerio,1995-1999,2,30,5,0.001297434448110041,2.5,0.0064661985686220785,97593.28480708186,631.0575585266779,486388.7801390926,0.9928067712986397,4901913.9312107675,50.22798383004176
Comerio,1995-1999,2,35,5,0.0015913036434748622,2.5,0.00792499055152644,96962.22724855518,768.4247347997589,482890.07440577645,0.9912531070405675,4415525.151071675,45.53861102790902
Comerio,1995-1999,2,40,5,0.0019242850557039176,2.5,0.009575360968483033,96193.80251375542,921.0903820001695,478666.2866137767,0.9891876561697893,3932635.076665899,40.8824162669268
Comerio,1995-1999,2,45,5,0.002426892876601208,2.5,0.012061285761761364,95272.71213175525,1149.1114063191344,473490.7821429784,0.9822115400073184,3453968.790052122,36.253494970055364
Comerio,1995-1999,2,50,5,0.0047734026016804,2.5,0.0235855546387157,94123.60072543612,2219.957327702432,465068.1103079245,0.9749947479076827,2980478.0079091433,31.66557574229833
Comerio,1995-1999,2,55,5,0.00536279630886955,2.5,0.026459242721343982,91903.64339773369,2431.7008076364727,453438.9649695772,0.960218116891207,2515409.897601219,27.370078101422127
Comerio,1995-1999,2,60,5,0.010987042161633185,2.5,0.053466611033990676,89471.94259009721,4783.761552920274,435400.3090681854,0.9364414271610129,2061970.9326316419,23.04600607676827
Comerio,1995-1999,2,65,5,0.015416219910014146,2.5,0.07422059693939513,84688.18103717694,6285.60735029084,407726.8868101576,0.9019371525452727,1626570.6235634563,19.2065835355398
Comerio,1995-1999,2,70,5,0.02639753668499837,2.5,0.12381655339861673,78402.5736868861,9707.536451491309,367744.0273057023,0.8401113559556629,1218843.7367532987,15.545965896744113
Comerio,1995-1999,2,75,5,0.044705884126530704,2.5,0.2010582082327954,68695.03723539479,13811.701101033643,308945.93342438986,0.7685132029117204,851099.7094475965,12.389537056820625
Comerio,1995-1999,2,80,5,0.06231361351677659,2.5,0.26957291195802235,54883.33613436115,14795.060739710687,237429.028822529,0.5620633124348727,542153.7760232067,9.878294837907587
Comerio,1995-1999,2,85,NA,0.1392743213534566,7.6013433903255745,1,40088.27539465046,40088.27539465046,304724.74720067764,0,304724.74720067764,7.6013433903255745
Comerio,2000-2004,1,0,1,0.013440418100658309,0.12247031770104139,0.013283744755475205,100000,1328.37447554752,98834.31196849873,0.9862255111196757,7374985.588786783,73.74985588786782
Comerio,2000-2004,1,1,4,4.3357340049037093e-4,1.6129760770517532,0.0017325005503794387,98671.62552445248,170.9486455279548,394278.4435913391,0.9982924584939001,7276151.276818284,73.74107032436729
Comerio,2000-2004,1,5,5,1.8903364412683148e-4,2.5,9.447217601416437e-4,98500.67687892453,93.05573283619015,492270.74506253214,0.9989544674675449,6881872.833226944,69.86624915974977
Comerio,2000-2004,1,10,5,2.2941923412810584e-4,2.5,0.0011464386329576594,98407.62114608834,112.81829865933105,491756.05998379336,0.9974843182550159,6389602.088164412,64.92995170240833
Comerio,2000-2004,1,15,5,7.788127087797246e-4,2.5,0.003886496411903081,98294.802847429,382.0223985752673,490518.9582407068,0.9934812470769051,5897846.028180619,60.00160595810059
Comerio,2000-2004,1,20,5,0.0018406874471347727,2.5,0.00916127960475346,97912.78044885374,897.006358570783,487321.38634784176,0.9908866945809546,5407327.069939912,55.22595768551904
Comerio,2000-2004,1,25,5,0.0018212321654460897,2.5,0.009064887664752441,97015.77409028295,879.4370938374195,482880.27771682123,0.9891141807615014,4920005.683592071,50.71346108122077
Comerio,2000-2004,1,30,5,0.0025609738281208595,2.5,0.012723408351124984,96136.33699644553,1223.1818729871302,477623.7302997599,0.9870231099271548,4437125.40587525,46.154508737308184
Comerio,2000-2004,1,35,5,0.002664357272456725,2.5,0.013233638509772189,94913.1551234584,1256.046384725778,471425.6596554776,0.9848256948861907,3959501.6755754896,41.7171009690402
Comerio,2000-2004,1,40,5,0.0034578350166427317,2.5,0.017140998223519915,93657.10873873263,1605.3763345106418,464272.1028573866,0.9780506885227161,3488076.015920012,37.24304607406155
Comerio,2000-2004,1,45,5,0.005441322864675953,2.5,0.026841481407123873,92051.73240422198,2470.8048638214677,454081.64986155625,0.9693567163619266,3023803.913062625,32.84896257882853
Comerio,2000-2004,1,50,5,0.0070314575382883415,2.5,0.03454994648725356,89580.92754040052,3095.0162527993525,440167.0970700042,0.9555888915471766,2569722.263201069,28.68604214934187
Comerio,2000-2004,1,55,5,0.011231802648378903,2.5,0.05462516554432238,86485.91128760116,4724.3072213368,420618.7883846638,0.9367875496161673,2129555.1661310648,24.623145370457156
Comerio,2000-2004,1,60,5,0.015001456318364014,2.5,0.07229592132734979,81761.60406626436,5911.03049517257,394030.4440933904,0.9071548090005903,1708936.377746401,20.901453650070017
Comerio,2000-2004,1,65,5,0.024402251811670005,2.5,0.11499586398282632,75850.5735710918,8722.502241400638,357446.61225195735,0.8722730805204394,1314905.9336530105,17.335477792011687
Comerio,2000-2004,1,70,5,0.030596514527572775,2.5,0.14211222569296278,67128.07132969116,9539.719623138371,311791.0575906099,0.8181243638838138,957459.3214010532,14.263173400269629
Comerio,2000-2004,1,75,5,0.05152485585295218,2.5,0.2282259998981418,57588.351706552785,13143.159150713866,255083.86065597925,0.7301570295804909,645668.2638104433,11.211785798289743
Comerio,2000-2004,1,80,5,0.07726054811423648,2.5,0.3237667492924368,44445.19255583892,14389.875515480377,186251.27399049365,0.5231471802604544,390584.40315446403,8.788001146890107
Comerio,2000-2004,1,85,NA,0.16937683626549133,6.798568416017375,1,30055.317040358543,30055.317040358543,204333.12916397038,0,204333.12916397038,6.798568416017375
Comerio,2000-2004,2,0,1,0.0072774348589408604,0.1340729064574646,0.00723186163387593,100000,723.186163387596,99373.77350744761,0.9925116734275748,8050336.712117382,80.50336712117382
Comerio,2000-2004,2,1,4,2.280773649250206e-4,1.5122337611216838,9.117921059703123e-4,99276.8138366124,90.51981516211526,396882.0632063398,0.9990892332498329,7950962.938609934,80.08882065550023
Comerio,2000-2004,2,5,5,1.0294934633609199e-4,2.5,5.146142836701623e-4,99186.29402145029,51.042683647727245,495803.86339813215,0.9994138835523749,7554080.875403595,76.16053155257448
Comerio,2000-2004,2,10,5,1.3157435060487163e-4,2.5,6.576554265601796e-4,99135.25133780256,65.1968360057217,495513.2645989985,0.9986807297439766,7058277.012005462,71.1984578316591
Comerio,2000-2004,2,15,5,3.966570496519389e-4,2.5,0.0019813204864133054,99070.05450179684,196.28952857448894,494859.54868754797,0.997232728192739,6562763.747406464,66.24366747761742
Comerio,2000-2004,2,20,5,7.122225867371796e-4,2.5,0.0035547834410417246,98873.76497322235,351.4748224802752,493490.13780991104,0.9957507326036289,6067904.198718917,61.370214842756994
Comerio,2000-2004,2,25,5,9.916983633335853e-4,2.5,0.004946228898908624,98522.29015074208,487.3137987302616,491393.1662568847,0.9946272557855746,5574414.060909005,56.580232274138
Comerio,2000-2004,2,30,5,0.0011636513233517414,2.5,0.005801379658965155,98034.97635201181,568.7381176756753,488753.03646586987,0.993447237785815,5083020.894652121,51.84905514130631
Comerio,2000-2004,2,35,5,0.0014670669028892661,2.5,0.007308529260977387,97466.23823433614,712.3348540930456,485550.3540364481,0.9909671945539867,4594267.858186251,47.137018329776346
Comerio,2000-2004,2,40,5,0.0021656168713858207,2.5,0.010769776333606328,96753.9033802431,1042.0178988085681,481164.472154194,0.9884268885456099,4108717.5041498025,42.46565110662804
Comerio,2000-2004,2,45,5,0.0024924733826244216,2.5,0.01238519250646947,95711.88548143452,1185.4101268447412,475595.90209006076,0.9853020431923286,3627553.0319956085,37.900758236543716
Comerio,2000-2004,2,50,5,0.003437229592533267,2.5,0.017039724350699254,94526.47535458978,1610.705083885361,468605.6140632355,0.9792778482877066,3151957.1299055475,33.34470176828086
Comerio,2000-2004,2,55,5,0.004954294739605646,2.5,0.024468414356693585,92915.77027070442,2273.501567254949,458895.09743538476,0.96638280626447,2683351.515842312,28.879398061540375
Comerio,2000-2004,2,60,5,0.008788011023741438,2.5,0.04299544402847495,90642.26870344947,3897.2045906531566,443468.3320406145,0.9476866027430269,2224456.4184069275,24.541049669493475
Comerio,2000-2004,2,65,5,0.01280734352888064,2.5,0.06204997914715932,86745.06411279632,5382.529419318016,420268.9970156866,0.9217972976849925,1780988.0863663128,20.531290219008415
Comerio,2000-2004,2,70,5,0.020040997563691435,2.5,0.09542400708470172,81362.5346934783,7763.939087019753,387402.8257498421,0.8750939522729091,1360719.0893506263,16.724148214862538
Comerio,2000-2004,2,75,5,0.0341922389583759,2.5,0.15749815814489376,73598.59560645855,11591.643250068097,339013.86990712245,0.801483769819048,973316.2636007842,13.224658100885993
Comerio,2000-2004,2,80,5,0.056413186163723504,2.5,0.24720226265981324,62006.95235639045,15328.258923138957,271714.11447410483,0.5716331560852819,634302.3936936618,10.229536682402202
Comerio,2000-2004,2,85,NA,0.11332599690834136,7.76774696442698,1,46678.693433251494,46678.693433251494,362588.2792195569,0,362588.2792195569,7.76774696442698
Comerio,2005-2009,1,0,1,0.012783859838320267,0.12378044688562384,0.012642248101338892,100000,1264.2248101338919,98892.26150182837,0.9869643262069259,7492920.217250207,74.92920217250207
Comerio,2005-2009,1,1,4,3.752914948319688e-4,1.6149089064706659,0.0014998234807283505,98735.77518986611,148.08623401766818,394589.90160163457,0.9984519945000286,7394027.955748379,74.88701984189491
Comerio,2005-2009,1,5,5,0.00017875918206872011,2.5,8.933966532061256e-4,98587.68895584844,88.0779113604658,492718.25000084104,0.9990099404797905,6999438.054146745,70.99708014538587
Comerio,2005-2009,1,10,5,2.1747994410414902e-4,2.5,0.0010868088227157047,98499.61104448797,107.05024631723063,492230.42960664677,0.9976038249393887,6506719.804145904,66.05832992789284
Comerio,2005-2009,1,15,5,7.427698868190027e-4,2.5,0.003706965877531773,98392.56079817074,364.73786548177304,491050.9593271493,0.9948554591186558,6014489.374539257,61.12748083543197
Comerio,2005-2009,1,20,5,0.0013218467604165034,2.5,0.006587464754719058,98027.82293268897,645.7548285509401,488524.7275920675,0.9918724595917489,5523438.415212108,56.34561953910564
Comerio,2005-2009,1,25,5,0.0019449772843556665,2.5,0.009677828530145776,97382.06810413803,942.4469570228248,484554.2231281331,0.9894871127768724,5034913.68762004,51.70267776851715
Comerio,2005-2009,1,30,5,0.0022841910477767484,2.5,0.01135610644717316,96439.6211471152,1095.1786034716788,479460.1592268968,0.9861231251679997,4550359.4644919075,47.183506222515085
Comerio,2005-2009,1,35,5,0.0033125263992433824,2.5,0.01642659814619433,95344.44254364353,1566.1848431373364,472806.75061037426,0.983836054206708,4070899.3052650103,42.696765502630875
Comerio,2005-2009,1,40,5,0.0032048550209067025,2.5,0.01589690689979676,93778.25770050619,1490.7842318901094,465164.3279228057,0.9798530537624334,3598092.554654636,38.36808918060348
Comerio,2005-2009,1,45,5,0.00495372592398616,2.5,0.024465639439090005,92287.47346861608,2257.8720506277314,455792.6872165111,0.9716434140569639,3132928.2267318303,33.94749156067465
Comerio,2005-2009,1,50,5,0.00657536330797765,2.5,0.03234511434475121,90029.60141798835,2912.0177522772137,442867.9627092487,0.9622693209493742,2677135.5395153193,29.73617007461742
Comerio,2005-2009,1,55,5,0.008850857163221114,2.5,0.043296263212615364,87117.58366571114,3771.8658328376623,426158.25374646153,0.9423087736425599,2234267.5768060707,25.646574236717065
Comerio,2005-2009,1,60,5,0.015096573201547047,2.5,0.07273764312295114,83345.71783287347,6062.371079553748,401572.661465483,0.9043452386989731,1808109.323059609,21.694087831666007
Comerio,2005-2009,1,65,5,0.02561558388054347,2.5,0.12036957691724434,77283.34675331973,9302.563751445778,363160.3243879842,0.8743772514411666,1406536.661594126,18.19973798603265
Comerio,2005-2009,1,70,5,0.028172640015952394,2.5,0.13159476988021826,67980.78300187395,8945.915495408655,317539.1262708481,0.8453020013204691,1043376.3372061418,15.348107084576831
Comerio,2005-2009,1,75,5,0.03987516816854327,2.5,0.18130220141576459,59034.86750646529,10703.151439210153,268416.45893430104,0.7658425289582558,725837.2109352937,12.295059540123514
Comerio,2005-2009,1,80,5,0.07023352479695776,2.5,0.29871764173889515,48331.71606725514,14437.536244804316,205564.73972426492,0.5506003196728189,457420.7520009927,9.464194305960024
Comerio,2005-2009,1,85,NA,0.16608502916266699,7.430656637689266,1,33894.179822450824,33894.179822450824,251856.0122767278,0,251856.0122767278,7.430656637689266
Comerio,2005-2009,2,0,1,0.007665980287093836,0.13327434069534466,0.007615381394644464,100000,761.5381394644501,99339.95535398704,0.9921685103039761,8174773.954749632,81.74773954749632
Comerio,2005-2009,2,1,4,2.122528840579482e-4,1.5116097744709134,8.48563352221454e-4,99238.46186053555,84.21012186567532,396744.299798001,0.9991299569032992,8075433.999395645,81.37403430077777
Comerio,2005-2009,2,5,5,9.572689682492477e-5,2.5,4.78519966046078e-4,99154.25173866987,47.44728917532484,495652.6404704111,0.9994687423722325,7678689.699597644,77.44186018200747
Comerio,2005-2009,2,10,5,1.1683822548055123e-4,2.5,5.840205375946143e-4,99106.80444949455,57.88040921387437,495389.3212244381,0.9987810676165731,7183037.059127233,72.47773852690159
Comerio,2005-2009,2,15,5,3.7118717996416985e-4,2.5,0.0018542152474989352,99048.92404028068,183.65802520385478,494785.47513839375,0.9973422257609529,6687647.737902795,67.51863084532951
Comerio,2005-2009,2,20,5,6.937663900941839e-4,2.5,0.0034628259697894563,98865.26601507682,342.35321066714823,493470.44704871625,0.996156813762594,6192862.262764401,62.63941333875537
Comerio,2005-2009,2,25,5,8.467623703563095e-4,2.5,0.004224868203245988,98522.91280440967,416.24632159853354,491573.94821805204,0.9953645953461187,5699391.815715685,57.84838930848776
Comerio,2005-2009,2,30,5,0.0010120909422601171,2.5,0.005047682925878878,98106.66648281114,495.2113453201746,489295.3040507553,0.9940817062107478,5207817.867497632,53.083221091912975
Comerio,2005-2009,2,35,5,0.001363294953496971,2.5,0.006793321515137182,97611.45513749096,663.1059983093583,486399.5106916814,0.9921304746839653,4718522.5634468775,48.33984450698523
Comerio,2005-2009,2,40,5,0.0017986698508433612,2.5,0.00895309012103533,96948.3491391816,867.9873069286987,482571.7774285863,0.9900237855067778,4232123.052755196,43.653379251249014
Comerio,2005-2009,2,45,5,0.002213902310764703,2.5,0.011008581742429,96080.36183225291,1057.708517072504,477757.5378685833,0.9869375970882153,3749551.2753266096,39.025157730702205
Comerio,2005-2009,2,50,5,0.003050911083773485,2.5,0.015139085410177167,95022.6533151804,1438.5560644401703,471516.8764148016,0.9817280409266034,3271793.7374580265,34.43172362916264
Comerio,2005-2009,2,55,5,0.004337120228904101,2.5,0.02145299064527522,93584.09725074023,2007.6587628666603,462901.3393465345,0.9732280315891682,2800276.8610432246,29.922571711520945
Comerio,2005-2009,2,60,5,0.006546941650482943,2.5,0.03220755578140095,91576.43848787357,2949.4532508602133,450508.55931221734,0.955638490433536,2337375.52169669,25.52376528604792
Comerio,2005-2009,2,65,5,0.011717466686615668,2.5,0.05691993969026618,88626.98523701336,5044.642654620911,430523.3195485145,0.931764685169888,1886866.9623844728,21.289982473605104
Comerio,2005-2009,2,70,5,0.016717374561785514,2.5,0.0802336335477506,83582.34258239245,6706.115045818238,401146.4252974167,0.893605060615407,1456343.6428359584,17.424058692783678
Comerio,2005-2009,2,75,5,0.02891725028309009,2.5,0.13483836457500548,76876.22753657421,10365.86479572767,358466.4756935519,0.8209817698389477,1055197.2175385416,13.725923492233367
Comerio,2005-2009,2,80,5,0.05199876946074615,2.5,0.2300836770984262,66510.36274084654,15302.948824564133,294294.44164282235,0.5776066362975302,696730.7418449898,10.475521604952863
Comerio,2005-2009,2,85,NA,0.12110285135527765,7.858945988955807,1,51207.41391628241,51207.41391628241,402436.3002021674,0,402436.3002021674,7.858945988955807
Comerio,2010-2014,1,0,1,0.010553031143112646,0.12823195400547588,0.010456830443141633,100000,1045.6830443141662,99088.40693572864,0.9891644779259599,7678744.329469246,76.78744329469247
Comerio,2010-2014,1,1,4,3.438302144396601e-4,1.6214935698748143,0.001374197036157494,98954.31695568583,135.98272907549108,395493.8320272513,0.9985999935666695,7579655.922533518,76.59752657307385
Comerio,2010-2014,1,5,5,1.634781507881461e-4,2.5,8.170568265929798e-4,98818.33422661034,80.74019457238319,493889.82064662076,0.9990697012848799,7184162.090506266,72.70070019629692
Comerio,2010-2014,1,10,5,2.0883561476398875e-4,2.5,0.0010436332043653894,98737.59403203796,103.0458316509903,493430.3555810623,0.9978905971402592,6690272.2698596455,67.75810506066021
Comerio,2010-2014,1,15,5,6.362676739833932e-4,2.5,0.0031762859497341074,98634.54820038697,313.2915296072606,492389.5121779167,0.9949942968912673,6196841.914278584,62.82628173739911
Comerio,2010-2014,1,20,5,0.0013728858283687123,2.5,0.00684094953517001,98321.25667077971,672.6107551192981,489924.75646610034,0.992766391877541,5704452.402100666,58.01850581712493
Comerio,2010-2014,1,25,5,0.0015316366801450259,2.5,0.007628971369770836,97648.64591566041,744.9587239874672,486380.83276833344,0.9911685794711161,5214527.645634566,53.40092119801004
Comerio,2010-2014,1,30,5,0.0020187600503600456,2.5,0.010043113660204115,96903.68719167294,973.2147445588489,482085.39909696754,0.9889646600414378,4728146.812866232,48.79222813796633
Comerio,2010-2014,1,35,5,0.002422104681641991,2.5,0.012037632393767879,95930.4724471141,1154.7757626788225,476765.4228288734,0.9861983364717454,4246061.413769266,44.26186284144586
Comerio,2010-2014,1,40,5,0.0031419245146421474,2.5,0.015587188151789616,94775.69668443527,1477.286616437239,470185.26688108325,0.9809758712033599,3769295.990940392,39.770702013308565
Comerio,2010-2014,1,45,5,0.004554369924036313,2.5,0.02251548994460988,93298.41006799803,2100.659413734087,461240.4018056549,0.9748108072746644,3299110.7240593084,35.36084614576862
Comerio,2010-2014,1,50,5,0.005663978204687949,2.5,0.02792448188155393,91197.75065426395,2546.6499357834837,449622.12843186106,0.9639979485504372,2837870.322253654,31.117766632339297
Comerio,2010-2014,1,55,5,0.009063133783920058,2.5,0.04431166260368743,88651.10071848046,3928.277664482812,433434.80943119526,0.9443278992733036,2388248.1938217925,26.939859454265427
Comerio,2010-2014,1,60,5,0.013984238437645236,2.5,0.06755927950504115,84722.82305399765,5723.812883161168,409304.5830620853,0.9253134803050008,1954813.3843905972,23.073043530958678
Comerio,2010-2014,1,65,5,0.01717295789867523,2.5,0.08233015862378248,78999.01017083648,6504.001038486778,378735.0482579655,0.8916502439184175,1545508.801328512,19.5636476708547
Comerio,2010-2014,1,70,5,0.029346646526967026,2.5,0.13670374167053742,72495.0091323497,9910.339000831984,337699.19815966854,0.8470185504405428,1166773.7530705465,16.094539017719676
Comerio,2010-2014,1,75,5,0.03759768104282075,2.5,0.17183674718395803,62584.67013151772,10754.346138981025,286037.48531013605,0.7878798139294253,829074.554910878,13.247246540864245
Comerio,2010-2014,1,80,5,0.05997157504233458,2.5,0.2607620918175866,51830.323992536694,13515.383703877109,225363.16070299072,0.5849948865025276,543037.069600742,10.477207699472158
Comerio,2010-2014,1,85,NA,0.1536792744292646,8.29112368450633,1,38314.940288659585,38314.940288659585,317673.90889775124,0,317673.90889775124,8.29112368450633
Comerio,2010-2014,2,0,1,0.005834922722364842,0.13703765837640522,0.005805689227552693,100000,580.5689227552648,99498.99088294523,0.993987892580244,8304458.827716206,83.04458827716206
Comerio,2010-2014,2,1,4,1.8499771920206341e-4,1.5145541436267718,7.396507840355621e-4,99419.43107724474,73.53566014465468,397494.95540717675,0.9992499038852599,8204959.836833261,82.52873455349338
Comerio,2010-2014,2,5,5,8.724881964623194e-5,2.5,4.3614896452529776e-4,99345.89541710008,43.32960941600322,496621.1530619604,0.9994887220595313,7807464.881426084,78.58870110986197
Comerio,2010-2014,2,10,5,1.1732234086604779e-4,2.5,5.864396981348341e-4,99302.56580768408,58.234966716277995,496367.24162162974,0.9988154183785132,7310843.728364124,73.62190159842181
Comerio,2010-2014,2,15,5,3.5693312414762456e-4,2.5,0.001783074524836278,99244.3308409678,176.96003805694636,495779.25410969666,0.9975226639352601,6814476.486742494,68.66363477891974
Comerio,2010-2014,2,20,5,6.355758366903888e-4,2.5,0.003172837735955163,99067.37080291085,314.3246924853447,494551.0422833409,0.9965203146080761,6318697.232632797,63.78182020398524
Comerio,2010-2014,2,25,5,7.589391896909511e-4,2.5,0.003787509724551511,98753.04611042551,374.02812247231486,492830.1602459468,0.9955102864384076,5824146.190349456,58.976876357179954
Comerio,2010-2014,2,30,5,0.0010416228230608405,2.5,0.005194587114068224,98379.0179879532,511.03837913490133,490617.49399192876,0.9943295120026627,5331316.030103509,54.19159632957858
Comerio,2010-2014,2,35,5,0.001233567304467918,2.5,0.00614887389784041,97867.97960881829,601.777865251046,487835.4533809638,0.9932764583515861,4840698.536111581,49.461514945542156
Comerio,2010-2014,2,40,5,0.0014657040773056696,2.5,0.007301764820356539,97266.20174356725,710.2149301008758,484555.47139258403,0.9920186147540098,4352863.082730616,44.75206191567458
Comerio,2010-2014,2,45,5,0.0017407435661060211,2.5,0.008666004601146877,96555.98681346637,836.7546259937662,480688.04750234744,0.9884043615556682,3868307.611338033,40.06284580583388
Comerio,2010-2014,2,50,5,0.0029315044776474105,2.5,0.014550882445629342,95719.2321874726,1392.799295345816,475114.16269899847,0.9814043387166695,3387619.5638356856,35.39121121657979
Comerio,2010-2014,2,55,5,0.004592154179365077,2.5,0.02270016426136266,94326.43289212679,2141.225520839682,466279.10065853473,0.9745926934405642,2912505.401136687,30.876874189311014
Comerio,2010-2014,2,60,5,0.005715996520293036,2.5,0.028177328817781205,92185.2073712871,2597.532900236096,454432.2046058453,0.9614732542929958,2446226.300478152,26.535996069582822
Comerio,2010-2014,2,65,5,0.010083173628825966,2.5,0.049176236808742786,89587.67447105101,4405.584694932986,436924.4106179226,0.9410251351874909,1991794.095872307,22.232903216121844
Comerio,2010-2014,2,70,5,0.014353253479766587,2.5,0.06928027406193625,85182.08977611802,5901.438524857906,411156.8525684454,0.8995805249117959,1554869.6852543843,18.25348132853995
Comerio,2010-2014,2,75,5,0.028696193215216867,2.5,0.1338765945178833,79280.65125126012,10613.823600678661,369868.69725460396,0.8334086570887769,1143712.8326859388,14.426128123761599
Comerio,2010-2014,2,80,5,0.04552429786583175,2.5,0.20436280617647146,68666.82765058146,14032.945589908959,308251.77427813486,0.6016616781539378,773844.135431335,11.26954836721341
Comerio,2010-2014,2,85,NA,0.10017601932595814,8.522044262498982,1,54633.8820606725,54633.8820606725,465592.3611532001,0,465592.3611532001,8.522044262498982
Comerio,2015-2019,1,0,1,0.010234949578749835,0.12886666986308365,0.010144501148580743,100000,1014.4501148580748,99116.2786931859,0.9894927007411285,7679150.362204737,76.79150362204737
Comerio,2015-2019,1,1,4,3.318262780799447e-4,1.6224346180393263,0.0013262587754832675,98985.54988514193,131.280454181222,395630.0716773784,0.9986662734035006,7580034.083511551,76.57717810637065
Comerio,2015-2019,1,5,5,1.4965246165807606e-4,2.5,7.479824647475639e-4,98854.2694309607,73.94126009978936,494086.494004554,0.9991688291692388,7184404.0118341725,72.67671951034671
Comerio,2015-2019,1,10,5,1.8296794826800852e-4,2.5,9.144214667909653e-4,98780.32817086091,90.3268525760941,493675.8237228643,0.9981118564372731,6690317.517829618,67.72924975767783
Comerio,2015-2019,1,15,5,5.733720856353099e-4,2.5,0.0028627568659892514,98690.00131828482,282.52547887840774,492743.6928942281,0.995015716105426,6196641.694106754,62.78895137636065
Comerio,2015-2019,1,20,5,0.0014274563197389618,2.5,0.007111901775856536,98407.47583940641,699.8643021798343,490287.7184415825,0.9915870834151851,5703898.001212526,57.96203949505684
Comerio,2015-2019,1,25,5,0.001954150418653274,2.5,0.009723250358867739,97707.61153722658,950.0355689434509,486162.96876377426,0.9907413979058722,5213610.282770944,53.359305388245616
Comerio,2015-2019,1,30,5,0.0017656377564269552,2.5,0.008789391578069126,96757.57596828313,850.4402233300061,481661.7792830906,0.989539561507997,4727447.31400717,48.85867867914357
Comerio,2015-2019,1,35,5,0.002444104040356486,2.5,0.012146303130391469,95907.13574495312,1164.9171431258,476623.38586695114,0.9867806698307566,4245785.534724078,44.269756381995826
Comerio,2015-2019,1,40,5,0.0028817224681028136,2.5,0.014305550772812568,94742.21860182732,1355.3396185373567,470322.7439627932,0.9824106369959005,3769162.1488571274,39.783342679547836
Comerio,2015-2019,1,45,5,0.004228397553022768,2.5,0.02092083375942497,93386.87898328996,1953.7313705209526,462050.0664901475,0.9747767471665049,3298839.4048943343,35.32444215728215
Comerio,2015-2019,1,50,5,0.006012559898881241,2.5,0.029617605427667993,91433.14761276901,2708.0308890047163,450395.6608413333,0.9669752642014737,2836789.3384041865,31.02583048347356
Comerio,2015-2019,1,55,5,0.007443142226055595,2.5,0.03653585717698018,88725.1167237643,3241.6481926303386,435521.4631372456,0.9505896480998168,2386393.6775628533,26.896483945945345
Comerio,2015-2019,1,60,5,0.012961427213779143,2.5,0.06277306479314038,85483.46853113396,5366.059308847252,414002.19438355166,0.9293594063369093,1950872.2144256078,22.82163145632164
Comerio,2015-2019,1,65,5,0.016457368534894296,2.5,0.0790350695092353,80117.4092222867,6332.08500678328,384756.8335944753,0.9075317876938964,1536870.0200420562,19.182722394055354
Comerio,2015-2019,1,70,5,0.02262170500905005,2.5,0.10705415619183889,73785.32421550342,7899.025623231966,349179.0570194372,0.8464725893687232,1152113.1864475808,15.614394850155097
Comerio,2015-2019,1,75,5,0.04582458986934079,2.5,0.2055722852019928,65886.29859227146,13544.396965114094,295570.50054857205,0.7621581140586349,802934.1294281437,12.186663184662931
Comerio,2015-2019,1,80,5,0.0647007013342792,2.5,0.2784618191817068,52341.901627157364,14575.221146528173,225271.4552694664,0.5559960500776514,507363.6288795716,9.693259379333062
Comerio,2015-2019,1,85,NA,0.1388112494632481,7.469339905443699,1,37766.68048062919,37766.68048062919,282092.17361010524,0,282092.17361010524,7.469339905443699
Comerio,2015-2019,2,0,1,0.005395628869910896,0.13794052585253821,0.00537064808987972,100000,537.0648089879687,99537.01819318073,0.9944326710382181,8454873.420481902,84.54873420481901
Comerio,2015-2019,2,1,4,1.7449487917645733e-4,1.5152619555577658,6.976770220434295e-4,99462.93519101203,69.39300442776585,397679.3173259283,0.9993045978638871,8355336.402288721,84.00452275254945
Comerio,2015-2019,2,5,5,7.82020280251813e-5,2.5,3.90933710603425e-4,99393.54218658427,38.85628625701065,496870.57021727884,0.9995532593107846,7957657.084962793,80.06211379431937
Comerio,2015-2019,2,10,5,1.0053916259572644e-4,2.5,5.025694931886538e-4,99354.68590032725,49.93263413885143,496648.5979162892,0.9989762948902325,7460786.514745513,75.09244729765624
Comerio,2015-2019,2,15,5,3.0925947181279477e-4,2.5,0.001545102764901549,99304.7532661884,153.43604883943044,496140.1762088434,0.997771887395175,6964137.916829225,70.12894839144016
Comerio,2015-2019,2,20,5,5.832851952129698e-4,2.5,0.0029121793982428506,99151.31721734897,288.74642330901406,495034.72002847237,0.9964959105782611,6467997.740620381,65.23360376990176
Comerio,2015-2019,2,25,5,8.212282306383634e-4,2.5,0.0040977282279361545,98862.57079403996,405.1119470290723,493300.0741026271,0.9958238820234356,5972963.020591908,60.41682886271854
Comerio,2015-2019,2,30,5,8.527802710071331e-4,2.5,0.0042548302667657105,98457.45884701089,418.91977589111775,491239.9947953266,0.9952052838245846,5479662.946489281,55.655132791959524
Comerio,2015-2019,2,35,5,0.0010702376850992902,2.5,0.005336909022601613,98038.53907111977,523.2227637313335,488884.6384462705,0.9939467254458771,4988422.951693955,50.88226526993859
Comerio,2015-2019,2,40,5,0.0013593003547990113,2.5,0.0067734837767426765,97515.31630738844,660.5184129920235,485925.28550446214,0.9918555566047225,4499538.313247684,46.14186246460207
Comerio,2015-2019,2,45,5,0.001914066005548945,2.5,0.009524752515242992,96854.79789439641,922.5179798580066,481967.694522337,0.9888166070258071,4013613.027743222,41.43948585922796
Comerio,2015-2019,2,50,5,0.0025882364494525536,2.5,0.01285798349340256,95932.2799145384,1233.4956716256274,476577.66039362794,0.9839944433475737,3531645.333220885,36.81394142166811
Comerio,2015-2019,2,55,5,0.003876024135403335,2.5,0.01919412841453475,94698.78424291278,1817.6606254587823,468949.7696509169,0.9768463240879659,3055067.6728272573,32.2608964544959
Comerio,2015-2019,2,60,5,0.0055130946358819535,2.5,0.02719071077510958,92881.123617454,2525.5037687493896,458091.8586653965,0.9687849824439948,2586117.9031763403,27.843309840088576
Comerio,2015-2019,2,65,5,0.007197585132801395,2.5,0.03535180657053264,90355.6198487046,3194.2343954519747,443792.5132548931,0.9491010322560199,2128026.044510944,23.551673355505763
Comerio,2015-2019,2,70,5,0.013867861816043341,2.5,0.06701589128081345,87161.38545325263,5841.197931420262,421203.9324377125,0.9095710000300508,1684233.5312560506,19.323161541062902
Comerio,2015-2019,2,75,5,0.024521162362475774,2.5,0.11552386329112363,81320.18752183237,9394.4222260807,383114.8820439601,0.8551480386059991,1263029.598818338,15.531562792808947
Comerio,2015-2019,2,80,5,0.039080510843014726,2.5,0.17801068313408816,71925.76529575167,12803.554615238849,327619.9399406612,0.6276685300347495,879914.716774378,12.23365108673165
Comerio,2015-2019,2,85,NA,0.0931248820450937,9.341578578957938,1,59122.21068051282,59122.21068051282,552294.7768337168,0,552294.7768337168,9.341578578957938
Comerio,2020-2024,1,0,1,0.011670444080993906,0.12600221235858072,0.011552608144418738,100000,1155.2608144418773,98990.30460402898,0.9881124638083579,7619614.161897332,76.19614161897333
Comerio,2020-2024,1,1,4,3.3266634046506485e-4,1.6181919916608665,0.0013296118474313335,98844.73918555812,131.4251362773648,395065.92730015,0.9986007874750518,7520623.857293303,76.08522132042933
Comerio,2020-2024,1,5,5,1.6347169624160218e-4,2.5,8.170245802230107e-4,98713.31404928076,80.65120397353894,493364.94223646994,0.999093113520842,7125557.929993154,72.1843653879947
Comerio,2020-2024,1,10,5,1.994637864326149e-4,2.5,9.968218575078312e-4,98632.66284530722,98.3191941883997,492917.5162410651,0.9979392841769442,6632192.9877566835,67.24134578175624
Comerio,2020-2024,1,15,5,6.261127833092433e-4,2.5,0.0031256713595596065,98534.34365111882,307.98597588331904,491901.7533158858,0.9952082132503342,6139275.471515618,62.30594576499124
Comerio,2020-2024,1,20,5,0.0012968159821973356,2.5,0.006463126197616609,98226.3576752355,634.8493455872667,489544.6650122093,0.9931391933841699,5647373.718199733,57.493465622247435
Comerio,2020-2024,1,25,5,0.001457506333228334,2.5,0.00726107401274264,97591.50832964823,708.6191649967659,486185.9937357492,0.9918063890139538,5157829.053187523,52.85120746126001
Comerio,2020-2024,1,30,5,0.001834973117081433,2.5,0.009132968705273855,96882.88916465147,884.8283948172757,482202.3748362142,0.9890275135463917,4671643.059451774,48.21948539862766
Comerio,2020-2024,1,35,5,0.0025823563342578944,2.5,0.012828959310446303,95998.06076983419,1231.5552154979523,476911.41581042606,0.9853935095396091,4189440.68461556,43.640888691076796
Comerio,2020-2024,1,40,5,0.0033085663933606598,2.5,0.016407121836999126,94766.50555433624,1554.845602696645,469945.4137649396,0.981740631936248,3712529.2688051336,39.17554253044059
Comerio,2020-2024,1,45,5,0.004069487094835394,2.5,0.020142511250201292,93211.6599516396,1877.5169092258293,461364.50748513336,0.9710833899273683,3242583.855040194,34.787320134868565
Comerio,2020-2024,1,50,5,0.007720404871488965,2.5,0.03787107429132663,91334.14304241377,3458.922116493908,448023.409920834,0.9583910412352287,2781219.347555061,30.45103676358487
Comerio,2020-2024,1,55,5,0.009310582268088478,2.5,0.04549397289704215,87875.22092591986,3997.7929191253934,429381.6223317858,0.9502045774799771,2333195.937634227,26.551238370156092
Comerio,2020-2024,1,60,5,0.01116347678312907,2.5,0.05430188921676679,83877.42800679446,4554.702803412292,408000.3830254416,0.9365227122725448,1903814.315302441,22.697576219769434
Comerio,2020-2024,1,65,5,0.01519177070818607,2.5,0.07317953668625804,79322.72520338217,5804.800279074858,382101.62531922373,0.9028487281135572,1495813.9322769993,18.85731898950467
Comerio,2020-2024,1,70,5,0.026215618751377453,2.5,0.12301575821260412,73517.92492430731,9043.863276780976,344979.96642958414,0.8372106133412671,1113712.3069577755,15.148853944183449
Comerio,2020-2024,1,75,5,0.04646397846877162,2.5,0.20814211542050123,64474.06164752634,13419.767581067936,288820.88928496186,0.7579230307113604,768732.3405281914,11.923125686276432
Comerio,2020-2024,1,80,5,0.06645372578190659,2.5,0.28493169679591085,51054.2940664584,14546.986637073394,218904.00373960854,0.5438658461419724,479911.45124322956,9.400021291422014
Comerio,2020-2024,1,85,NA,0.12877313478010466,7.149457625941872,1,36507.30742938501,36507.30742938501,261007.447503621,0,261007.447503621,7.149457625941872
Comerio,2020-2024,2,0,1,0.005803695086300962,0.1371018395999782,0.005774775025599354,100000,577.4775025599374,99501.69572536863,0.9940487198057362,8380071.526711832,83.80071526711832
Comerio,2020-2024,2,1,4,1.6945914163291216e-4,1.51460444103335,6.775512002613085e-4,99422.52249744006,67.36384945113969,397522.6641774995,0.9993015121319861,8280569.8309864635,83.28666003419569
Comerio,2020-2024,2,5,5,7.940676454182223e-5,2.5,3.969550204245098e-4,99355.15864798892,39.439529030394624,496677.1944173686,0.9995586094410367,7883047.166808964,79.34210235362073
Comerio,2020-2024,2,10,5,9.719235883310024e-5,2.5,4.8584374341688373e-4,99315.71911895853,48.25192075689847,496457.9657929004,0.9989699401223213,7386369.972391595,74.37261732500107
Comerio,2020-2024,2,15,5,3.151562220178633e-4,2.5,0.001574540544465797,99267.46719820163,156.30065184998966,495946.58436138317,0.997791589845114,6889912.006598695,69.40755315980819
Comerio,2020-2024,2,20,5,5.694654532262946e-4,2.5,0.0028432793926614955,99111.16654635164,281.80073742389504,494851.33088819846,0.9967384082438481,6393965.4222373115,64.51306795230813
Comerio,2020-2024,2,25,5,7.375769240495225e-4,2.5,0.003681096889944579,98829.36580892775,363.8004711144313,493237.3278668527,0.99609521369712,5899114.091349113,59.689891188355844
Comerio,2020-2024,2,30,5,8.275690775009735e-4,2.5,0.00412930218051424,98465.56533781331,406.59407365499646,491311.34150492906,0.9953125376288864,5405876.7634822605,54.901190532303424
Comerio,2020-2024,2,35,5,0.001052348715951846,2.5,0.005247936930533622,98058.97126415832,514.6072966673091,489008.33807912335,0.9940077584394509,4914565.421977331,50.11846808731167
Comerio,2020-2024,2,40,5,0.0013526533337915195,2.5,0.00674047286123988,97544.36396749101,657.4951380897837,486078.08199223055,0.990925524223062,4425557.083898208,45.36968517599983
Comerio,2020-2024,2,45,5,0.0022979900318635467,2.5,0.01142431773860733,96886.86882940122,1106.8663742058416,481667.17821149155,0.9857733755346546,3939479.0019059773,40.660608083461
Comerio,2020-2024,2,50,5,0.0034416224240530393,2.5,0.017061315604345793,95780.00245519538,1634.1328504731064,474814.6801497941,0.9821873920316639,3457811.8236944857,36.10160508517427
Comerio,2020-2024,2,55,5,0.0037502219975174464,2.5,0.018576940856966293,94145.86960472228,1748.9422515745828,466356.9923946749,0.9772987097567438,2982997.1435446916,31.68484348882223
Comerio,2020-2024,2,60,5,0.005454109420764267,2.5,0.026903707689908782,92396.9273531477,2485.8199249548197,455770.0869533514,0.96596558761547,2516640.151150017,27.237271013691153
Comerio,2020-2024,2,65,5,0.008447149295649534,2.5,0.041362263441996346,89911.10742819287,3718.9269118065567,440258.2198614479,0.9502362334783009,2060870.0641966655,22.921195424520498
Comerio,2020-2024,2,70,5,0.012058430219070122,2.5,0.058527768562624864,86192.18051638632,5044.635993171047,418349.31259900396,0.9161031086027831,1620611.8443352175,18.80230706110419
Comerio,2020-2024,2,75,5,0.023469330185559953,2.5,0.11084311666809936,81147.54452321527,8994.646744916536,383251.105753785,0.848945407573403,1202262.5317362137,14.815759845847976
Comerio,2020-2024,2,80,5,0.0435275418836444,2.5,0.19627886781860085,72152.89777829873,14162.08908575571,325359.2661771044,0.6027414809423125,819011.4259824286,11.35105382044352
Comerio,2020-2024,2,85,NA,0.08209605691110707,8.512593132173418,1,57990.808692543025,57990.808692543025,493652.1598053243,0,493652.1598053243,8.512593132173418
Corozal,1980-1984,1,0,1,0.019018969643118847,0.1113385970256385,0.018702864593996834,100000,1870.2864593996783,98337.94861102593,0.9808336279411434,7251477.837320549,72.51477837320549
Corozal,1980-1984,1,1,4,4.66929009944705e-4,1.5966482689782875,0.0018656224482590698,98129.71354060032,183.07299642257567,392078.86535954574,0.9979741852051542,7153139.888709524,72.89473932633028
Corozal,1980-1984,1,5,5,2.532632793131289e-4,2.5,0.0012655151252890168,97946.64054417775,123.95295507990522,489423.320333189,0.9987556083722513,6761061.023349977,69.02800326572176
Corozal,1980-1984,1,10,5,2.447979963634735e-4,2.5,0.0012232413642297864,97822.68758909784,119.66075781911786,488814.2860509414,0.9969739401824431,6271637.703016789,64.1123021416123
Corozal,1980-1984,1,15,5,9.685568415986833e-4,2.5,0.004831086253884534,97703.02683127872,472.01174988750427,487335.10478167486,0.9934728644634732,5782823.416965847,59.18776116273329
Corozal,1980-1984,1,20,5,0.0016530872978588688,2.5,0.008231418356473223,97231.01508139122,800.3491623594891,484154.20250105736,0.9911394092669659,5295488.312184173,54.462954107301734
Corozal,1980-1984,1,25,5,0.0019080554941847217,2.5,0.009494985074825553,96430.66591903173,915.6077336566959,479864.31026101694,0.9890302614132692,4811334.109683115,49.894232958247585
Corozal,1980-1984,1,30,5,0.002507344858148242,2.5,0.012458629091759214,95515.05818537503,1189.986682609393,474600.3242203517,0.986979257628141,4331469.799422098,45.34855426686344
Corozal,1980-1984,1,35,5,0.002736584451720019,2.5,0.013589947163332913,94325.07150276564,1281.872737900194,468420.6756690777,0.9842479983312025,3856869.4752017464,40.88912326017862
Corozal,1980-1984,1,40,5,0.003621258282304995,2.5,0.017943843184652957,93043.19876486545,1669.5525680352293,461042.11240423913,0.9791867077121563,3388448.7995326687,36.41801705566683
Corozal,1980-1984,1,45,5,0.004804046660134377,2.5,0.02373517112672424,91373.64619683022,2168.7691289545182,451446.3081617648,0.9693887585477327,2927406.6871284293,32.0377571539876
Corozal,1980-1984,1,50,5,0.007675403552151008,2.5,0.03765448435335466,89204.8770678757,3358.9636477952445,437626.97621989035,0.9526614787843967,2475960.3789666644,27.755885780580297
Corozal,1980-1984,1,55,5,0.011819523707894882,2.5,0.057401473351605906,85845.91342008045,4927.681911527019,416910.3623215847,0.9253379995678721,2038333.4027467743,23.74409359211247
Corozal,1980-1984,1,60,5,0.019501281124716992,2.5,0.09297364276186464,80918.23150855344,7523.262749198097,385783.000669772,0.8990235856483354,1621423.0404251895,20.037796306185925
Corozal,1980-1984,1,65,5,0.023235524572900273,2.5,0.1097995003909369,73394.96875935534,8058.730900985647,346828.0165443126,0.8626214857328895,1235640.0397554175,16.83548696378341
Corozal,1980-1984,1,70,5,0.036766857374295255,2.5,0.16835919096666818,65336.23785836969,10999.956146640921,299181.2989252461,0.8123347173731553,888812.023211105,13.60366088322679
Corozal,1980-1984,1,75,5,0.04714713634336704,2.5,0.2108797418626985,54336.28171172877,11458.421061148227,243035.3559057733,0.7236294778066249,589630.7242858589,10.851510366757099
Corozal,1980-1984,1,80,5,0.08761538118396779,2.5,0.35936266395547606,42877.860650580544,15408.702228104306,175867.54768264195,0.4925854072874367,346595.36838008557,8.083317663736866
Corozal,1980-1984,1,85,NA,0.17098721753524523,6.215254871359585,1,27469.158422476237,27469.158422476237,170727.82069744362,0,170727.82069744362,6.215254871359585
Corozal,1980-1984,2,0,1,0.010357475802047907,0.127742590708325,0.010264740187170463,100000,1026.4740187170537,99104.65043172865,0.9894013352511191,7842978.17097371,78.4297817097371
Corozal,1980-1984,2,1,4,3.022877812583115e-4,1.5072992677154737,0.0012082406999904469,98973.52598128295,119.58384231214586,395596.0171938309,0.9987776519129633,7743873.520541981,78.24186764859158
Corozal,1980-1984,2,5,5,1.4065241908090126e-4,2.5,7.030148935409402e-4,98853.9421389708,69.49579360893404,494095.97121083166,0.9992770135296922,7348277.50334815,74.33469363333835
Corozal,1980-1984,2,10,5,1.4864964072125572e-4,2.5,7.429720972679665e-4,98784.44634536187,73.39408727866248,493738.74650861265,0.9984318538900022,6854181.5321373185,69.3852300206685
Corozal,1980-1984,2,15,5,4.7936051059786923e-4,2.5,0.0023939336598355556,98711.0522580832,236.3077105984121,492964.49201392,0.9966393599287994,6360442.785628706,64.4349608288961
Corozal,1980-1984,2,20,5,8.678119213997062e-4,2.5,0.004329666266993085,98474.74454748479,426.36277961800806,491307.81578837894,0.9949669378202282,5867478.293614786,59.58358481230152
Corozal,1980-1984,2,25,5,0.001151207047159168,2.5,0.005739516805311932,98048.38176786678,562.7503348902974,488835.03300210816,0.9940032801139261,5376170.477826407,54.831812426590496
Corozal,1980-1984,2,30,5,0.0012550068316952232,2.5,0.006255407709948556,97485.63143297649,609.8123704750469,485903.6262386948,0.9921621119273377,4887335.444824299,50.13390561238196
Corozal,1980-1984,2,35,5,0.0018950012047097677,2.5,0.009430329807682913,96875.81906250144,913.5709241488075,482095.1680021352,0.9906820380824085,4401431.8185856035,45.43375076649343
Corozal,1980-1984,2,40,5,0.0018494163534783128,2.5,0.009204524273099916,95962.24813835263,883.286842290705,477603.0235860364,0.9878020123704776,3919336.650583469,40.84248469182176
Corozal,1980-1984,2,45,5,0.0030671922717184145,2.5,0.015219260364166468,95078.96129606193,1447.0314671192755,471777.22781251144,0.9830157735000431,3441733.626997432,36.19868770211297
Corozal,1980-1984,2,50,5,0.0037908835531663,2.5,0.018776469244715686,93631.92982894265,1758.0770507565176,463764.456517822,0.9762454976946358,2969956.399184921,31.719482922233595
Corozal,1980-1984,2,55,5,0.005849878316945386,2.5,0.02882779386902744,91873.85277818613,2648.520489842922,452747.9626663234,0.9651623222493088,2506191.9426670987,27.278620269881085
Corozal,1980-1984,2,60,5,0.00837702902086826,2.5,0.041025956043380635,89225.33228834321,3660.5545604176004,436975.27504067204,0.9441927104839319,2053443.9800007755,23.014136538766877
Corozal,1980-1984,2,65,5,0.014770169935342203,2.5,0.07122098456426941,85564.77772792561,6094.007713805724,412588.86935511377,0.9090241909649703,1616468.7049601034,18.891753685144437
Corozal,1980-1984,2,70,5,0.0237839145465632,2.5,0.11224548044496364,79470.77001411989,8920.234761566113,375053.26316668413,0.8527541149670761,1203879.8356049897,15.14871235538666
Corozal,1980-1984,2,75,5,0.041177683989202483,2.5,0.18667165400056943,70550.53525255377,13169.785106219686,319828.2134972196,0.7646464651596651,828826.5724383056,11.74798418568063
Corozal,1980-1984,2,80,5,0.06926564413774193,2.5,0.2952086733944266,57380.75014633409,16939.29512907633,244555.51290897964,0.5195357536756111,508998.358941086,8.870542083242608
Corozal,1980-1984,2,85,NA,0.1586820841868708,6.538905336597297,1,40441.45501725776,40441.45501725776,264442.8460321063,0,264442.8460321063,6.538905336597297
Corozal,1985-1989,1,0,1,0.013605035744384935,0.12214183142386709,0.013444464581306801,100000,1344.446458130682,98819.76669451673,0.9859904044561764,7306639.84660391,73.0663984660391
Corozal,1985-1989,1,1,4,4.7474234753136854e-4,1.6124918282165226,0.0018968194377926104,98655.55354186932,187.13177160439955,394175.43553357146,0.9981368560943686,7207820.079909394,73.06045955994156
Corozal,1985-1989,1,5,5,2.1576119324675955e-4,2.5,0.0010782243687928017,98468.42177026492,106.17105190927396,492076.6812215514,0.998809968173959,6813644.644375822,69.1962410068136
Corozal,1985-1989,1,10,5,2.6056161378271744e-4,2.5,0.0013019599669384224,98362.25071835564,128.0637126932561,491491.09431004507,0.9973004136499256,6321567.96315427,64.26823214177007
Corozal,1985-1989,1,15,5,8.214906110874799e-4,2.5,0.00409903475901477,98234.18700566239,402.66534705976665,490164.27166066255,0.9945453060518805,5830076.868844225,59.34875674705965
Corozal,1985-1989,1,20,5,0.0013678481612474313,2.5,0.006815932903015718,97831.52165860262,666.81308742496185,487490.5755744507,0.9912532164987753,5339912.597183563,54.58274088609158
Corozal,1985-1989,1,25,5,0.0021496679191306293,2.5,0.010690884964564546,97164.70857117766,1038.7767219498928,483226.60105101357,0.9878179136125028,4852422.021609112,49.9401695632575
Corozal,1985-1989,1,30,5,0.0027567495976151338,2.5,0.013689402352011918,96125.93184922777,1315.9065575461573,477339.8928522735,0.9853384959800128,4369195.420558099,45.45282772822554
Corozal,1985-1989,1,35,5,0.0031540957986104508,2.5,0.01564709787885192,94810.02529168161,1483.5017456353671,470341.3720943196,0.9809169817334125,3891855.527705825,41.048987337916955
Corozal,1985-1989,1,40,5,0.004566249327348209,2.5,0.02257355543098457,93326.52354604624,2106.711452447751,461365.83909911185,0.9774590706449305,3421514.1556115053,36.661755153917944
Corozal,1985-1989,1,45,5,0.004552745530043888,2.5,0.022507549783546237,91219.81209359849,2053.1344619424053,450966.2243131364,0.9691148678849719,2960148.3165123938,32.45071710381354
Corozal,1985-1989,1,50,5,0.00804993048243412,2.5,0.0394556150170973,89166.67763165609,3518.1261049882305,437038.07289580983,0.9538642559029837,2509182.092199257,28.14035645204351
Corozal,1985-1989,1,55,5,0.010907597272866767,2.5,0.05309026820267566,85648.55152666786,4547.104571721487,416874.9962040356,0.934302101859371,2072144.0193034473,24.193567577827125
Corozal,1985-1989,1,60,5,0.016452453604453566,2.5,0.07901239847216797,81101.44695494637,6408.019843473623,389487.18516604777,0.9035261539419392,1655269.0230994117,20.40985808821574
Corozal,1985-1989,1,65,5,0.02450076815396015,2.5,0.1154333277676147,74693.42711147275,8622.110853845079,351911.8584227511,0.8612313437675054,1265781.837933364,16.94636177349724
Corozal,1985-1989,1,70,5,0.03600274718683257,2.5,0.16514917586702707,66071.31625762767,10911.62342839691,303077.522717146,0.7957167904104588,913869.9795106129,13.831569147907059
Corozal,1985-1989,1,75,5,0.05744573597021225,2.5,0.25115869032366706,55159.69282923076,13853.836209645371,241163.87362204038,0.718296096381415,610792.4567934669,11.073166391343461
Corozal,1985-1989,1,80,5,0.07689840687633574,2.5,0.32249387193392837,41305.856619585385,13320.885634797774,173227.0690109325,0.5313482860967136,369628.5831714265,8.948575660241003
Corozal,1985-1989,1,85,NA,0.17457875872732304,7.018106764064762,1,27984.97098478761,27984.97098478761,196401.51416049403,0,196401.51416049403,7.018106764064762
Corozal,1985-1989,2,0,1,0.0076144170054635195,0.13338031716118098,0.0075645003529221325,100000,756.4500352922041,99344.44551033166,0.9921295148253747,7840463.261094568,78.40463261094568
Corozal,1985-1989,2,1,4,2.571897313630476e-4,1.5116925579257958,0.0010281009746297394,99243.5499647078,102.03239044443762,396720.3119023557,0.9989560918560451,7741118.815584237,78.00122847617878
Corozal,1985-1989,2,5,5,1.296962972700731e-4,2.5,6.482712903853919e-4,99141.51757426336,64.27059952862328,495546.91137249523,0.9992996308838484,7344398.503681881,74.07994837460961
Corozal,1985-1989,2,10,5,1.5055679451968942e-4,2.5,7.525007373512239e-4,99077.24697473473,74.5557014032238,495199.84562016564,0.998448959660693,6848851.592309386,69.12638170150088
Corozal,1985-1989,2,15,5,4.7058924410391226e-4,2.5,0.0023501812954212628,99002.69127333151,232.67427322694857,494431.77068359015,0.9966412749356225,6353651.74668922,64.17655585894877
Corozal,1985-1989,2,20,5,8.758424957901781e-4,2.5,0.004369644677700307,98770.01700010456,431.5898791008658,492771.1103027706,0.9951907551248472,5859219.976005631,59.32184841073205
Corozal,1985-1989,2,25,5,0.00105291920054005,2.5,0.005250774399742268,98338.4271210037,516.3528956379014,490401.2533659237,0.9938539699047166,5366448.865702859,54.57122940454944
Corozal,1985-1989,2,30,5,0.0014141844578112487,2.5,0.007046011389564536,97822.0742253658,689.2554491427582,487387.2325039721,0.9923412383282229,4876047.6123369355,49.84608689755783
Corozal,1985-1989,2,35,5,0.001662049451535629,2.5,0.00827586003609321,97132.81877622304,803.8576131032314,483654.4498483571,0.9906997729027996,4388660.379832963,45.18205520158605
Corozal,1985-1989,2,40,5,0.002077361319377646,2.5,0.010333142420955944,96328.9611631198,995.3808749612508,479156.3536281959,0.9866820543394891,3905005.929984607,40.538233599052504
Corozal,1985-1989,2,45,5,0.0032936820230324896,2.5,0.016333913323464285,95333.58028815856,1557.1704372422973,472774.975347687,0.9821834083981394,3425849.576356411,35.93539197837027
Corozal,1985-1989,2,50,5,0.0039024835737787532,2.5,0.019323889961007912,93776.40985091626,1812.1250248974684,464351.7366923376,0.9753838375225213,2953074.601008724,31.490591351315956
Corozal,1985-1989,2,55,5,0.006093992117308873,2.5,0.030012717427981523,91964.28482601879,2760.098093949724,452921.17889521964,0.9639562591424167,2488722.864316386,27.061841116088033
Corozal,1985-1989,2,60,5,0.008634732278339562,2.5,0.04226137230282255,89204.18673206907,3769.891346454475,436596.2052942092,0.9399322057139092,2035801.6854211665,22.821817674722347
Corozal,1985-1989,2,65,5,0.01637605919078569,2.5,0.07865994611991894,85434.29538561459,6720.257071825676,410370.8342485088,0.9055433106775245,1599205.4801269574,18.718542394583046
Corozal,1985-1989,2,70,5,0.02363952809964232,2.5,0.11160208871766174,78714.03831378891,8784.651087220904,371608.5638508923,0.8462072359788992,1188834.6458784486,15.103209940001157
Corozal,1985-1989,2,75,5,0.04476158545841422,2.5,0.20128350523923336,69929.38722656801,14075.63218019528,314457.85568235186,0.7579805645044855,817226.0820275563,11.686447063804252
Corozal,1985-1989,2,80,5,0.06866427871249677,2.5,0.29302117456499827,55853.75504637273,16366.332907553828,238352.94296297908,0.5259188419768512,502768.2263452044,9.001511642821145
Corozal,1985-1989,2,85,NA,0.13556106558741868,6.696190053953575,1,39487.4221388189,39487.4221388189,264415.2833822253,0,264415.2833822253,6.696190053953575
Corozal,1990-1994,1,0,1,0.014832191724448981,0.11969310302344828,0.014641025600266058,100000,1464.1025600266003,98711.14041852756,0.9847409608197052,7153920.598365385,71.53920598365386
Corozal,1990-1994,1,1,4,5.144565330926467e-4,1.6088865898663984,0.0020552978613185015,98535.8974399734,202.52061927148316,393659.339991325,0.9979867728758675,7055209.457946857,71.60039783719213
Corozal,1990-1994,1,5,5,2.341631752009287e-4,2.5,0.0011701308721036125,98333.37682070192,115.06291997610242,491379.2268035693,0.9986143597336146,6661550.117955532,67.74454751108567
Corozal,1990-1994,1,10,5,3.205370804387965e-4,2.5,0.0016014021302853574,98218.31390072581,157.2870171136601,490698.35196084494,0.996912743402683,6170170.891151963,62.82098160826162
Corozal,1990-1994,1,15,5,9.171971815377367e-4,2.5,0.0045754943314263675,98061.02688361215,448.6776726398093,489183.44023646123,0.9923122454072945,5679472.539191118,57.917734697312916
Corozal,1990-1994,1,20,5,0.002174622620583294,2.5,0.010814320438288127,97612.34921097234,1055.6112231015286,485422.7179971079,0.9872572965403549,5190289.098954657,53.17246373956986
Corozal,1990-1994,1,25,5,0.0029601794522217876,2.5,0.014692168621950746,96556.73798787082,1418.6278761033172,479237.1202490958,0.9856420226585956,4704866.3809575485,48.72644290809162
Corozal,1990-1994,1,30,5,0.002823551979686608,2.5,0.014018802852068553,95138.1101117675,1333.7224093752593,472356.24453539937,0.9836302929765992,4225629.260708453,44.41573682454084
Corozal,1990-1994,1,35,5,0.0037863116419517406,2.5,0.01875403664158465,93804.38770239224,1759.2109241120925,464623.911201681,0.980149871939407,3753273.0161730535,40.011699965260114
Corozal,1990-1994,1,40,5,0.004237861679323051,2.5,0.020967168496873235,92045.17677828015,1929.9267308346753,455401.06706431403,0.9747804051349512,3288649.1049713725,35.72864130505308
Corozal,1990-1994,1,45,5,0.0060013273101099645,2.5,0.029563092071007248,90115.25004744547,2664.0854341544764,443916.03665184113,0.9633080264212017,2833248.037907059,31.44027272204605
Corozal,1990-1994,1,50,5,0.009005906608750733,2.5,0.04403802714451093,87451.164613291,3851.176761059207,427627.88116380695,0.9453127763539518,2389332.0012552175,27.321900306540712
Corozal,1990-1994,1,55,5,0.013613465481027275,2.5,0.06582699364100725,83599.98785223179,5503.135868737139,404242.0995893161,0.9229075710767672,1961704.1200914106,23.465363697885284
Corozal,1990-1994,1,60,5,0.01866222212065176,2.5,0.08915168904479566,78096.85198349465,6962.466263409937,373078.0942589484,0.8964502206682545,1557462.0205020944,19.942699109450093
Corozal,1990-1994,1,65,5,0.025386451012396238,2.5,0.11935712081086686,71134.38572008471,8490.39547019895,334445.93992492615,0.8637566815804006,1184383.9262431462,16.64994944784821
Corozal,1990-1994,1,70,5,0.033702635216876005,2.5,0.15541817125470206,62643.99024988576,9736.014404734626,288879.91523759224,0.8047293685953678,849937.9863182199,13.567749802141154
Corozal,1990-1994,1,75,5,0.05518080870154593,2.5,0.2424566574278707,52907.97584515114,12827.890974689872,232470.151789031,0.7091459944766614,561058.0710806277,10.604413835878152
Corozal,1990-1994,1,80,5,0.08624570114497393,2.5,0.3547412386038137,40080.084870461265,14218.058950293402,164855.27697657282,0.4982917286430232,328587.91929159674,8.198284019447366
Corozal,1990-1994,1,85,NA,0.18093308578363185,6.331006040301779,1,25862.025920167864,25862.025920167864,163732.64231502393,0,163732.64231502393,6.331006040301779
Corozal,1990-1994,2,0,1,0.00929311682343662,0.12993013578629542,0.009218578523582302,100000,921.8578523582255,99197.91926357434,0.9904995957944319,7891185.049529608,78.91185049529608
Corozal,1990-1994,2,1,4,2.6424010571734054e-4,1.5090013727421316,0.0010562651661731397,99078.14214764177,104.65279027972429,396051.8786336416,0.9988959274927083,7791987.130266034,78.64486516768518
Corozal,1990-1994,2,5,5,1.3296104824903377e-4,2.5,6.645843316716965e-4,98973.48935736205,65.77623027777008,494703.00621111586,0.9992987335975603,7395935.251632392,74.72642724485547
Corozal,1990-1994,2,10,5,1.4764905404781844e-4,2.5,7.379728677495019e-4,98907.71312708428,72.99120869893522,494356.08761367406,0.9985221306620339,6901232.245421276,69.77445971836433
Corozal,1990-1994,2,15,5,4.441550843190575e-4,2.5,0.002218312234950886,98834.72191838534,219.24627286952455,493625.4939097529,0.9967538636287967,6406876.157807603,64.82414310932349
Corozal,1990-1994,2,20,5,8.570816681382795e-4,2.5,0.004276245611386458,98615.47564551582,421.7039949439204,492023.1182402193,0.9946103079099955,5913250.66389785,59.962704891813125
Corozal,1990-1994,2,25,5,0.0013058332067689413,2.5,0.006507920387472281,98193.7716505719,639.037248447552,489371.26513174066,0.9935611941043135,5421227.54565763,55.20948482302295
Corozal,1990-1994,2,30,5,0.0012779174136830402,2.5,0.006369238665907535,97554.73440212435,621.3493863963522,486220.2985446309,0.9927571993227368,4931856.28052589,50.55476098368112
Corozal,1990-1994,2,35,5,0.001631015980873089,2.5,0.00812196227868399,96933.385015728,787.2892966429063,482698.7018370327,0.9913963883973461,4445635.981981259,45.86279516866072
Corozal,1990-1994,2,40,5,0.0018261400599966992,2.5,0.009089204897043473,96146.09571908509,873.8915640415216,478545.74968532164,0.9879262968357105,3962937.2801442263,41.217870060194024
Corozal,1990-1994,2,45,5,0.0030400458165134783,2.5,0.0150855769696765,95272.20415504357,1437.2361688516394,472767.9303530887,0.9830355780539909,3484391.5304589043,36.57301267837253
Corozal,1990-1994,2,50,5,0.003810363577384664,2.5,0.018872044509350296,93834.96798619193,1770.8576923688815,464747.69570003747,0.9764370172631642,3011623.600105816,32.09489665461371
Corozal,1990-1994,2,55,5,0.005750324309792495,2.5,0.02834415139198801,92064.11029382305,2609.479079936791,453796.85376927326,0.9659461320172996,2546875.9044057783,27.664155948256184
Corozal,1990-1994,2,60,5,0.008148718259111658,2.5,0.03993014259051759,89454.63121388626,3571.936179752651,438343.31562004966,0.9411657795216964,2093079.050636505,23.39821898803593
Corozal,1990-1994,2,65,5,0.016346716239543327,2.5,0.07852453545058496,85882.6950341336,6743.898730799599,412553.72834366903,0.9098425342440422,1654735.7350164554,19.267394139864727
Corozal,1990-1994,2,70,5,0.02166998059639127,2.5,0.10278170888874857,79138.796303334,8134.020723455251,375358.92970803194,0.8613428269953333,1242182.0066727863,15.696245895775078
Corozal,1990-1994,2,75,5,0.039232797379130505,2.5,0.17864238560157478,71004.77557987875,12684.462498693982,323312.72165265883,0.7761433407108675,866823.0769647545,12.207954604258953
Corozal,1990-1994,2,80,5,0.064820328536793,2.5,0.2789048781099604,58320.31308118477,16265.81981124256,250937.01587781747,0.5383031557260323,543510.3553120956,9.319400507255546
Corozal,1990-1994,2,85,NA,0.14245337947066475,6.957005463275678,1,42054.49326994221,42054.49326994221,292573.3394342782,0,292573.3394342782,6.957005463275678
Corozal,1995-1999,1,0,1,0.015648512454452715,0.11806417582276234,0.01543548754204099,100000,1543.5487542040937,98638.68905730326,0.9839761077708788,7212256.8745762585,72.12256874576258
Corozal,1995-1999,1,1,4,5.060520396714964e-4,1.6064928760358306,0.002021759324615771,98456.4512457959,199.05524837477424,393349.36482813617,0.9979523129989339,7113618.185518956,72.2514177131964
Corozal,1995-1999,1,5,5,2.495932703570012e-4,2.5,0.0012471881273763503,98257.39599742113,122.54545771489211,490980.6163428184,0.9986912312730043,6720268.820690819,68.39453409560335
Corozal,1995-1999,1,10,5,2.742731806027804e-4,2.5,0.0013704262251150426,98134.85053970624,134.48657277735765,490338.03626658785,0.9962657467756997,6229288.204348001,63.47681960169262
Corozal,1995-1999,1,15,5,0.0012239988306973904,2.5,0.006101324119516966,98000.36396692888,597.9319843928679,488506.98987366224,0.9921099148503013,5738950.168081413,58.56049851016956
Corozal,1995-1999,1,20,5,0.001947400384032663,2.5,0.009689826988168391,97402.43198253601,943.8127141376171,484652.62812733604,0.9900954681671347,5250443.17820775,53.90464150986641
Corozal,1995-1999,1,25,5,0.0020345637505467177,2.5,0.010121337486839159,96458.6192683984,976.2902391299722,479852.370744167,0.986295825899962,4765790.550080415,49.40761734127138
Corozal,1995-1999,1,30,5,0.003495002005430983,2.5,0.017323644595647017,95482.32902926843,1654.1019332676806,473276.39031317295,0.9835646416962955,4285938.179336248,44.88723958568783
Corozal,1995-1999,1,35,5,0.00313059374596914,2.5,0.015531412373737475,93828.22709600074,1457.284887324684,465497.92326169205,0.9811036085732586,3812661.789023075,40.634486092571414
Corozal,1995-1999,1,40,5,0.004513246904846874,2.5,0.022314457879341186,92370.94220867606,2061.207499190554,456701.6922954039,0.9719440997266355,3347163.865761383,36.23611263160847
Corozal,1995-1999,1,45,5,0.00690277682264432,2.5,0.03392838395719779,90309.7347094855,3064.063354296086,443888.5151616873,0.9654446325631554,2890462.173465979,32.00609749064388
Corozal,1995-1999,1,50,5,0.0071670294895351825,2.5,0.035204370543069165,87245.67135518942,3071.4289426669275,428549.7844192798,0.9582746670872775,2446573.658304292,28.04235007080117
Corozal,1995-1999,1,55,5,0.00993776002082974,2.5,0.04848423829180694,84174.2424125225,4081.1240271610586,410668.40199470986,0.9298867482960949,2018023.8738850118,23.974363368725644
Corozal,1995-1999,1,60,5,0.01947284515443639,2.5,0.0928443658719654,80093.11838536143,7436.19478719715,381875.1049588143,0.90413149074187,1607355.471890302,20.068583971929318
Corozal,1995-1999,1,65,5,0.020875899957127218,2.5,0.09920216367463071,72656.92359816429,7207.724026880227,345265.30792362086,0.8732380868268943,1225480.3669314878,16.866670184236238
Corozal,1995-1999,1,70,5,0.034158914690156125,2.5,0.15735673521541826,65449.19957128406,10298.87236699961,301498.8169389212,0.8013785570485682,880215.0590078669,13.448828477255551
Corozal,1995-1999,1,75,5,0.056514692203914065,2.5,0.24759199723048703,55150.32720428445,13654.77966042365,241614.6868703631,0.7059124770212827,578716.2420689457,10.493432612381438
Corozal,1995-1999,1,80,5,0.08658342071736777,2.5,0.3558831519155265,41495.5475438608,14767.566250369764,170558.8220933796,0.49404320608101193,337101.55519858253,8.12380062806175
Corozal,1995-1999,1,85,NA,0.18342174626061516,6.231025503813879,1,26727.981293491033,26727.981293491033,166542.7331052029,0,166542.7331052029,6.231025503813879
Corozal,1995-1999,2,0,1,0.007959304305432258,0.13267148064017423,0.007904735296326324,100000,790.4735296326253,99314.3997639506,0.9918180647251151,8024532.146999468,80.24532146999468
Corozal,1995-1999,2,1,4,2.466629016622908e-4,1.5111389956728771,9.86046263305991e-4,99209.52647036737,97.8251828604698,396594.6325986069,0.9989977363607568,7925217.747235517,79.88363647318364
Corozal,1995-1999,2,5,5,1.1828996169512359e-4,2.5,5.91274953746543e-4,99111.7012875069,58.602266594505636,495412.0007710483,0.999328695048152,7528623.11463691,75.96099165725751
Corozal,1995-1999,2,10,5,1.5033293828997188e-4,2.5,7.513822976783866e-4,99053.0990209124,74.4267451344931,495079.4282417258,0.998596976077462,7033211.113865863,71.00445299930485
Corozal,1995-1999,2,15,5,4.1145391040454244e-4,2.5,0.002055155547556383,98978.6722757779,203.41656741734187,494384.8199603462,0.996749997180341,6538131.685624137,66.05596473760893
Corozal,1995-1999,2,20,5,8.914444143191983e-4,2.5,0.004447310745788305,98775.25570836056,439.284256129773,492778.06790147844,0.9952382683650698,6043746.86566379,61.18685112300077
Corozal,1995-1999,2,25,5,0.0010180961402512694,2.5,0.005077557098047777,98335.97145223079,499.3065098407096,490431.5909865522,0.9946687555959297,5550968.797762312,56.44901571403946
Corozal,1995-1999,2,30,5,0.0011203746122588991,2.5,0.005586226395714274,97836.66494239008,546.5377601698274,487816.9803115258,0.992735080037527,5060537.206775759,51.72434291127559
Corozal,1995-1999,2,35,5,0.001798660497282758,2.5,0.008953043771010388,97290.12718222025,871.0427671495854,484273.0289932273,0.9914866335420317,4572720.226464233,47.00086595528572
Corozal,1995-1999,2,40,5,0.001620481841661167,2.5,0.008069717133102,96419.08441507067,778.0747374623024,480150.2352316976,0.988877777392139,4088447.1974710063,42.402883436134005
Corozal,1995-1999,2,45,5,0.0028602191960894006,2.5,0.01419956133567613,95641.00967760837,1358.0603831231856,474809.89743023383,0.9848799893578513,3608296.9622393087,37.72750804704323
Corozal,1995-1999,2,50,5,0.003236724367654818,2.5,0.016053718186162552,94282.94929448518,1513.591897733917,467630.76672809117,0.9810093718849986,3133487.064809075,33.2349283540323
Corozal,1995-1999,2,55,5,0.00444391970483307,2.5,0.021975455623495507,92769.35739675126,2038.6488966925099,458750.164742025,0.9671145390345048,2665856.298080984,28.736388532689578
Corozal,1995-1999,2,60,5,0.009006445803266117,2.5,0.04404060569548215,90730.70850005875,3995.8353575228102,443663.9541064867,0.9453444844096837,2207106.133338959,24.325899905625995
Corozal,1995-1999,2,65,5,0.013599021991320083,2.5,0.06575944945829913,86734.87314253594,5703.637506688596,419415.2719459582,0.9203050841030974,1763442.179232472,20.331408986262257
Corozal,1995-1999,2,70,5,0.019861831346129236,2.5,0.09461127382048393,81031.23563584735,7666.468422755308,385990.0071223485,0.8772755700425197,1344026.907286514,16.586528599002765
Corozal,1995-1999,2,75,5,0.03331671556230193,2.5,0.15377535352665933,73364.76721309204,11281.693014594282,338619.6035289745,0.7995548760638457,958036.9001641654,13.058542084397189
Corozal,1995-1999,2,80,5,0.05860927800585113,2.5,0.25559569252806685,62083.07419849776,15868.1663440364,270744.95513239776,0.5629037861823635,619417.296635191,9.977233000007901
Corozal,1995-1999,2,85,NA,0.13464827845161131,7.5445858855939285,1,46214.90785446136,46214.90785446136,348672.34150279313,0,348672.34150279313,7.5445858855939285
Corozal,2000-2004,1,0,1,0.01222553531197635,0.1248945555617168,0.01209612333360205,100000,1209.6123333602154,98941.46166141678,0.9875115040345751,7494093.776174102,74.94093776174103
Corozal,2000-2004,1,1,4,3.69026061599216e-4,1.616554380395857,0.001474807074598779,98790.38766663978,145.69676263311703,394814.29035587073,0.9984551551194578,7395152.314512686,74.85700268195153
Corozal,2000-2004,1,5,5,1.8700351503689712e-4,2.5,9.345806505176549e-4,98644.69090400667,92.19141939518158,492992.9759715454,0.9989958197465924,7000338.024156814,70.96517775061
Corozal,2000-2004,1,10,5,2.1488436896626004e-4,2.5,0.0010738449635878799,98552.49948461149,105.83010522053519,492497.92216000607,0.997093606173961,6507345.048185269,66.02922383720325
Corozal,2000-2004,1,15,5,9.504355013225007e-4,2.5,0.004740912677319518,98446.66937939095,466.727062900638,491066.5292397032,0.9928571364600085,6014847.126025263,61.0975177112942
Corozal,2000-2004,1,20,5,0.0019204272645633852,2.5,0.00955625608598026,97979.94231649031,936.3214200659422,487558.90803228674,0.989923286738837,5523780.59678556,56.37664675228015
Corozal,2000-2004,1,25,5,0.002131738962171206,2.5,0.010602192046182856,97043.62089642437,1028.8751056008623,482645.91671811964,0.9899123263171157,5036221.688753273,51.89647338209364
Corozal,2000-2004,1,30,5,0.001922726346952104,2.5,0.00956764184214031,96014.74579082351,918.6346992907493,477777.1422058907,0.9884943993381284,4553575.772035154,47.42579626212327
Corozal,2000-2004,1,35,5,0.0027107021745299267,2.5,0.013462280291498893,95096.11109153276,1280.2105021457246,472280.0292022995,0.985692728777428,4075798.6298292633,42.85978241430072
Corozal,2000-2004,1,40,5,0.0030559283096619626,2.5,0.01516379288838614,93815.90058938703,1422.604886174886,465522.99073149794,0.9792457645506525,3603518.6006269637,38.4105314556306
Corozal,2000-2004,1,45,5,0.005356945171454698,2.5,0.02643075558598785,92393.29570321215,2442.0246165154967,455861.416974772,0.9728118597989234,3137995.609895466,33.96345574656636
Corozal,2000-2004,1,50,5,0.005672536630172808,2.5,0.027966086525320386,89951.27108669665,2515.5850302731124,443467.39285780047,0.9663176306184721,2682134.1929206937,29.817635265382794
Corozal,2000-2004,1,55,5,0.008072305497981894,2.5,0.03956311364051543,87435.68605642354,3459.2279836867237,428530.3603229009,0.9465821825890781,2238666.8000628934,25.603582484824887
Corozal,2000-2004,1,60,5,0.014045078928089533,2.5,0.06784323564212125,83976.45807273682,5697.234633419386,405639.2037801356,0.9199065394150839,1810136.4397399924,21.555284436646872
Corozal,2000-2004,1,65,5,0.019558840528861924,2.5,0.09323526828421792,78279.22343931743,7298.384398445007,373150.1562004746,0.8818399014071187,1404497.2359598568,17.942145747634203
Corozal,2000-2004,1,70,5,0.03141749297585931,2.5,0.14564774719330784,70980.83904087242,10338.19930019386,329058.69695387746,0.8217865463620481,1031347.0797593822,14.529936440530218
Corozal,2000-2004,1,75,5,0.04851367871111043,2.5,0.21633087691115124,60642.63974067856,13118.875433308029,270416.01012012275,0.7436290099899612,702288.3828055047,11.580768677099913
Corozal,2000-2004,1,80,5,0.0726635413183175,2.5,0.3074641260277864,47523.76430737053,14611.852658316187,201089.1898910622,0.5343782038182024,431872.372685382,9.087503462313112
Corozal,2000-2004,1,85,NA,0.17776265909238756,7.012147615586798,1,32911.911649054346,32911.911649054346,230783.1827943198,0,230783.1827943198,7.012147615586798
Corozal,2000-2004,2,0,1,0.008744149216211222,0.13105841244039756,0.00867821082608422,100000,867.8210826084251,99245.91417076054,0.9910625652303253,8210956.516116555,82.10956516116555
Corozal,2000-2004,2,1,4,2.466029004973116e-4,1.509880550985961,9.858062472779022e-4,99132.17891739157,97.725121283045155,396285.3684444021,0.9990184739986692,8111710.601945794,81.82721988493174
Corozal,2000-2004,2,5,5,1.0291042469346951e-4,2.5,5.144197755734101e-4,99034.45379610853,50.94528149582038,495044.9057768031,0.9994441463492054,7715425.2335013915,77.90647535034482
Corozal,2000-2004,2,10,5,1.194974587230642e-4,2.5,5.973088513907861e-4,98983.50851461271,59.12372577749193,494769.7332586198,0.9987584310638615,7220380.327724589,72.94528589738422
Corozal,2000-2004,2,15,5,3.775989308352157e-4,2.5,0.0018862140731327253,98924.38478883522,186.59256676469522,494155.44252726436,0.9974259862800522,6725610.594465969,67.98738863852942
Corozal,2000-2004,2,20,5,6.536891620154799e-4,2.5,0.0032631131558164307,98737.79222207052,322.19258877610264,492883.4796384123,0.996106498702901,6231455.151938705,63.11114530415649
Corozal,2000-2004,2,25,5,9.072437113912437e-4,2.5,0.004525953200508188,98415.59963329442,445.42439814023965,490964.4371711215,0.9949553327443903,5738571.672300292,58.309573824502806
Corozal,2000-2004,2,30,5,0.0011162543224822266,2.5,0.005565739660027841,97970.17523515418,545.2764898061869,488487.68495125545,0.9935323596741388,5247607.235129171,53.56331375884073
Corozal,2000-2004,2,35,5,0.0014803763496385911,2.5,0.007374588830958805,97424.898745348,718.4685701447161,485328.3223013781,0.9926259173041656,4759119.550177915,48.8491095342828
Corozal,2000-2004,2,40,5,0.001480171636748688,2.5,0.007373572800441652,96706.43017520328,713.0719031676854,481749.4711180972,0.9912681504634258,4273791.2278765375,44.19345456278036
Corozal,2000-2004,2,45,5,0.0020302964207415623,2.5,0.010100216022609262,95993.35827203559,969.5536552832928,477542.90722196974,0.9868443457292817,3792041.7567584403,39.50316797972806
Corozal,2000-2004,2,50,5,0.0032750507225709088,2.5,0.016242267984110662,95023.8046167523,1543.4020994550665,471260.5178351238,0.978737682610675,3314498.84953647,34.88072134034652
Corozal,2000-2004,2,55,5,0.005343491239868307,2.5,0.026365249993399863,93480.40251729723,2464.634181852176,461240.42713185574,0.968616043661663,2843238.3317013467,30.415341131797604
Corozal,2000-2004,2,60,5,0.007443704182526402,2.5,0.03653856523546515,91015.76833544506,3325.5855887806392,446764.8777052737,0.9533374501251061,2381997.904569491,26.171266233675784
Corozal,2000-2004,2,65,5,0.011770560115894536,2.5,0.05717047917452701,87690.18274666442,5013.289766528658,425917.68931700045,0.9327189200962511,1935233.0268642171,22.06898156952273
Corozal,2000-2004,2,70,5,0.016234121040497818,2.5,0.07800475847542689,82676.89298013576,6449.191068414206,397261.4872296433,0.8938058422668096,1509315.3375472166,18.255588510200184
Corozal,2000-2004,2,75,5,0.029361569159384003,2.5,0.13676850127443357,76227.70191172155,10425.548546060425,355074.63819345675,0.8301030644803423,1112053.8503175734,14.588578986749862
Corozal,2000-2004,2,80,5,0.04649688297758724,2.5,0.2082741660703653,65802.15336566113,13704.88861786735,294748.54528363724,0.6106253110220028,756979.2121241166,11.503866870702538
Corozal,2000-2004,2,85,NA,0.10507267230404826,8.872455570905073,1,52097.26474779378,52097.26474779378,462230.6668404794,0,462230.6668404794,8.872455570905073
Corozal,2005-2009,1,0,1,0.011032316826712114,0.1272755633881373,0.01092710873898767,100000,1092.7108738987736,99046.36451819704,0.988625116762389,7542611.830382445,75.42611830382445
Corozal,2005-2009,1,1,4,3.8584180427076803e-4,1.6200766213694302,0.001541951283417506,98907.28912610123,152.5102214073413,395266.19386299746,0.9984845212295846,7443565.465864248,75.25800708554574
Corozal,2005-2009,1,5,5,1.705607135098001e-4,2.5,8.5244008557595e-4,98754.77890469389,84.18253218053724,493563.4381930181,0.9990382926204435,7048299.272001251,71.37172853987565
Corozal,2005-2009,1,10,5,2.1432835947777436e-4,2.5,0.0010710678968258317,98670.59637251335,105.68290813526255,493088.7745922286,0.9970026105297755,6554735.833808232,66.43048765066736
Corozal,2005-2009,1,15,5,9.87587613325094e-4,2.5,0.00492577647703864,98564.91346437809,485.50873220419453,491610.7954913799,0.9923196674168949,6061647.059216004,61.49903496244348
Corozal,2005-2009,1,20,5,0.002100679335866853,2.5,0.010448524182234452,98079.40473217389,1024.785032123269,487835.06108056125,0.9903197339693419,5570036.263724624,56.791089616976784
Corozal,2005-2009,1,25,5,0.0017887425804354723,2.5,0.008903895957599548,97054.61970005062,864.164236013632,483112.6879102191,0.989692130578776,5082201.202644062,52.36434101077016
Corozal,2005-2009,1,30,5,0.002358718550877966,2.5,0.011724456024579508,96190.45546403699,1127.7807650723844,478132.825407504,0.987657538191608,4599088.5147338435,47.81231664355013
Corozal,2005-2009,1,35,5,0.0026104859961881034,2.5,0.012967799334530095,95062.6746989646,1232.753689699879,472231.4892705733,0.984983655677224,4120955.6893263394,43.34988156367563
Corozal,2005-2009,1,40,5,0.0034478254673042047,2.5,0.017091803448491358,93829.92100926473,1603.722567477831,465140.29862762906,0.9789257232096913,3648724.2000557664,38.8865743550556
Corozal,2005-2009,1,45,5,0.0050891350903362435,2.5,0.025126001413004324,92226.1984417869,2317.2755923643563,455337.8032280236,0.9730979274717911,3183583.901428137,34.51930097105339
Corozal,2005-2009,1,50,5,0.0058284924475001,2.5,0.02872391936972785,89908.92284942254,2582.536650545895,443088.272620748,0.9649720580910454,2728246.0982001135,30.344553262742558
Corozal,2005-2009,1,55,5,0.008479711145490731,2.5,0.04151839572012653,87326.38619887664,3625.6514590135484,427567.80234684935,0.9464320990861166,2285157.8255793657,26.168010896215943
Corozal,2005-2009,1,60,5,0.013680272713240418,2.5,0.06613935261410671,83700.7347398631,5535.912409019627,404663.89267676644,0.9267574650564356,1857590.0232325164,22.19323437250337
Corozal,2005-2009,1,65,5,0.016850947365429945,2.5,0.08084879006239926,78164.82233084347,6319.531310891107,375025.2833769896,0.8961214912221196,1452926.1305557499,18.58797969764504
Corozal,2005-2009,1,70,5,0.027563735930533316,2.5,0.12893392780631713,71845.29101995236,9263.295565590379,336068.2161857859,0.836678073544146,1077900.8471787602,15.003082761254502
Corozal,2005-2009,1,75,5,0.04513687623226051,2.5,0.20279998644151553,62581.99545436198,12691.627829627592,281180.90769774094,0.7552575430905947,741832.6309929744,11.853770810711158
Corozal,2005-2009,1,80,5,0.06985710637937044,2.5,0.2973546869075836,49890.36762473439,14835.134644757141,212364.0015117791,0.5389922781735167,460651.72329523345,9.233279793810416
Corozal,2005-2009,1,85,NA,0.16803507843512355,7.082757713385349,1,35055.23297997725,35055.23297997725,248287.72178345433,0,248287.72178345433,7.082757713385349
Corozal,2005-2009,2,0,1,0.005960602678872792,0.1367793521321931,0.005930090493489849,100000,593.0090493489843,99488.1023442295,0.9938130780570071,8173372.718267843,81.73372718267844
Corozal,2005-2009,2,1,4,2.1210580643592022e-4,1.514351742767092,8.479761553920026e-4,99406.99095065102,84.29475800541695,397418.43668427406,0.9991800923400228,8073884.615923613,81.22049102091584
Corozal,2005-2009,2,5,5,9.213262010169778e-5,2.5,4.6055701969616175e-4,99322.6961926456,45.743764946673764,496499.12155086134,0.9994627104919729,7676466.179239339,77.2881372888843
Corozal,2005-2009,2,10,5,1.228491886892927e-4,2.5,6.14057352327608e-4,99276.95242769893,60.961742554893135,496232.35778210737,0.9987238067803589,7179967.057688478,72.32259736133096
Corozal,2005-2009,2,15,5,3.88123419643769e-4,2.5,0.0019387359261752114,99215.99068514403,192.35360559236142,495599.0694117393,0.9974090093018397,6683734.699906371,67.36549878453363
Corozal,2005-2009,2,20,5,6.499568918813488e-4,2.5,0.003244512476294837,99023.63707955167,321.2834259527008,494314.9768328766,0.9963520934774601,6188135.630494632,62.49150014075254
Corozal,2005-2009,2,25,5,8.121684316538156e-4,2.5,0.004052613646096455,98702.35365359897,400.00250531842175,492511.7620046988,0.9957662145198194,5693820.653661755,57.68677688927777
Corozal,2005-2009,2,30,5,8.850930545413652e-4,2.5,0.004415694521327318,98302.35114828055,434.07315339904744,490426.5728579051,0.9948240696429691,5201308.891657056,52.91133763231496
Corozal,2005-2009,2,35,5,0.0011914459294259004,2.5,0.005939538051045531,97868.2779948815,581.2923611408914,487888.15907155524,0.9932750233097364,4710882.318799151,48.1349259976305
Corozal,2005-2009,2,40,5,0.0015086906561751878,2.5,0.007515108346519593,97286.98563374061,731.1222377438535,484607.1225743434,0.9896216514351385,4222994.159727596,43.40759591037218
Corozal,2005-2009,2,45,5,0.002670362724923342,2.5,0.013263269274910854,96555.86339599676,1280.6464162926131,479577.7009392523,0.9839780361795916,3738387.0371532524,38.717348751999744
Corozal,2005-2009,2,50,5,0.0037992949697890073,2.5,0.018817739491463245,95275.21697970414,1792.8642131167144,471893.9243657289,0.980015173475353,3258809.336214,34.204165989023174
Corozal,2005-2009,2,55,5,0.004280174178522796,2.5,0.021174296697679507,93482.35276658743,1979.4230734768644,462463.206149245,0.9732326619296843,2786915.4118482713,29.812208715016144
Corozal,2005-2009,2,60,5,0.006603519693698733,2.5,0.03248137005146083,91502.92969311056,2972.1405201547313,450084.297165166,0.954785111020485,2324452.205699026,25.403035875408026
Corozal,2005-2009,2,65,5,0.012026199157876083,2.5,0.05837589542828078,88530.78917295583,5168.064090943648,429733.78563742,0.9266449620650592,1874367.9085338602,21.171932680641206
Corozal,2005-2009,2,70,5,0.018686570072653685,2.5,0.08926281093473358,83362.72508201218,7441.191167999816,398210.64749006135,0.8902461372606971,1444634.12289644,17.329497343989296
Corozal,2005-2009,2,75,5,0.028323599471775804,2.5,0.13225327535865639,75921.53391401237,10040.871530381453,354505.4907441082,0.8218590558860871,1046423.4754063789,13.782960136073422
Corozal,2005-2009,2,80,5,0.052238614232341024,2.5,0.23102235230847862,65880.66238363092,15219.905595507124,291353.5479293868,0.5789189551539143,691917.9846622706,10.502596052133631
Corozal,2005-2009,2,85,NA,0.10936132386589054,7.906799308351166,1,50660.75678812379,50660.75678812379,400564.43673288386,0,400564.43673288386,7.906799308351166
Corozal,2010-2014,1,0,1,0.010077568122145953,0.12918071669066386,0.009989899356279358,100000,998.9899356279348,99130.06030022324,0.9895979412412828,7664396.883974872,76.64396883974871
Corozal,2010-2014,1,1,4,3.5631485206189114e-4,1.6229004332395303,0.0014240532410188563,99001.01006437207,140.9827092463238,395668.91032041813,0.9985631783573959,7565266.823674648,76.41605695492994
Corozal,2010-2014,1,5,5,1.7171354953274788e-4,2.5,8.581993365280347e-4,98860.02735512574,84.84160988530493,494088.03275091544,0.9990289089726493,7169597.91335423,72.52271828329104
Corozal,2010-2014,1,10,5,2.1693352360586875e-4,2.5,0.0010840796849645215,98775.18574524044,107.08017224501236,493608.2282955897,0.9979585336548222,6675509.880603314,67.58286335012009
Corozal,2010-2014,1,15,5,6.008796901301078e-4,2.5,0.0029998920151892623,98668.10557299542,295.9936620622757,492600.5437098214,0.9946673139802844,6181901.6523077255,62.653494930378564
Corozal,2010-2014,1,20,5,0.0015404092365565937,2.5,0.0076724992111521385,98372.11191093315,754.7599510360014,489973.65967707575,0.9917551419002142,5689301.1085979035,57.83449189084239
Corozal,2010-2014,1,25,5,0.001772145088141651,2.5,0.008821642365240995,97617.35195989715,861.1453676320671,485933.8963804055,0.9900939169573434,5199327.448920828,53.262328310819164
Corozal,2010-2014,1,30,5,0.0022122023894985653,2.5,0.011000175411666346,96756.20659226508,1064.335244682341,481120.1948496195,0.9887297640866222,4713393.552540422,48.71412097006728
Corozal,2010-2014,1,35,5,0.0023220621642492047,2.5,0.01154330016980881,95691.87134758274,1104.5999947758683,475697.856750974,0.9865992442059992,4232273.357690803,44.228138692343734
Corozal,2010-2014,1,40,5,0.00307950788650383,2.5,0.015279902978203174,94587.27135280687,1445.2843292438774,469323.14594092465,0.9824346982365909,3756575.500939829,39.715444236972935
Corozal,2010-2014,1,45,5,0.0040171757226650584,2.5,0.019886163084426006,93141.987023563,1852.2367439580557,461079.3432579198,0.9774432452110277,3287252.3549989043,35.29291633178598
Corozal,2010-2014,1,50,5,0.005121040241925457,2.5,0.02528153185461478,91289.75027960494,2307.944729693656,450678.88957379054,0.9649697219420099,2826173.0117409844,30.958273005292472
Corozal,2010-2014,1,55,5,0.009213834153653228,2.5,0.045031880081520315,88981.80554991128,4007.0179969607707,434891.48275715444,0.9453600526236529,2375494.122167194,26.69640279253203
Corozal,2010-2014,1,60,5,0.01337283584365553,2.5,0.06470108669024086,84974.78755295051,5497.9610959482525,411129.03502488194,0.9334430322697198,1940602.6394100394,22.837393246800268
Corozal,2010-2014,1,65,5,0.014194707968667859,2.5,0.06854123288191133,79476.82645700226,5447.439670904641,383765.53310774965,0.9068760798196897,1529473.6043851576,19.2442712242998
Corozal,2010-2014,1,70,5,0.025422282731329997,2.5,0.11951552028780361,74029.38678609762,8847.66067832752,348027.7822346693,0.8464305854567094,1145708.071277408,15.476395537191816
Corozal,2010-2014,1,75,5,0.04253802226033543,2.5,0.19224572859554764,65181.7261077701,12530.908426703689,294581.3594720913,0.7676271875555445,797680.2890427385,12.237790200950965
Corozal,2010-2014,1,80,5,0.06567133568832728,2.5,0.2820501527810634,52650.81768106641,14850.17117099269,226128.6604778503,0.5505284404583565,503098.9295706472,9.555386824534825
Corozal,2010-2014,1,85,NA,0.14244140186190135,7.327130476961166,1,37800.64651007372,37800.64651007372,276970.2690927969,0,276970.2690927969,7.327130476961166
Corozal,2010-2014,2,0,1,0.005046600706455196,0.13865787296604382,0.005024758834586407,100000,502.47588345863915,99567.19635375847,0.9947294170036832,8379130.536705765,83.79130536705765
Corozal,2010-2014,2,1,4,1.9488419574930694e-4,1.515824717376128,7.791595711994807e-4,99497.52411654136,77.52444822606049,397797.5121480832,0.999256922230856,8279563.340352006,83.21376249175971
Corozal,2010-2014,2,5,5,8.44036425341557e-5,2.5,4.219291817711961e-4,99419.9996683153,41.94819911173545,496995.12784379715,0.9995199148585555,7881765.828203923,79.27746785857016
Corozal,2010-2014,2,10,5,1.0768211062496557e-4,2.5,5.382656491718785e-4,99378.05146920356,53.4917913875106,496756.52786754904,0.9989032351348105,7384770.700360126,74.3098761867816
Corozal,2010-2014,2,15,5,3.3138728938657714e-4,2.5,0.0016555648640511316,99324.55967781605,164.43825113994535,496211.7027612304,0.99761208610940455,6888014.172492577,69.34854979307802
Corozal,2010-2014,2,20,5,6.252713610199218e-4,2.5,0.0031214773790765884,99160.12142667611,309.52607593986613,495026.79194353084,0.9965907079398301,6391802.469731347,64.45940543202906
Corozal,2010-2014,2,25,5,7.409716518174288e-4,2.5,0.003698007961418129,98850.59535073624,365.55028859793674,493339.10103218636,0.9954177244857871,5896775.677787815,59.65341591383643
Corozal,2010-2014,2,30,5,0.0010969651504164082,2.5,0.00546982523293355,98485.0450621383,538.6959845474921,491078.4853493228,0.9940651445485131,5403436.576755629,54.865554189941996
Corozal,2010-2014,2,35,5,0.0012846009511361558,2.5,0.006402443293818693,97946.34907759081,627.0959458058496,488164.00552343944,0.9925559718776661,4912358.091406306,50.15355996081948
Corozal,2010-2014,2,40,5,0.001705707633388826,2.5,0.00849232460966433,97319.25313178496,826.4666883652098,484530.0989380118,0.9910981587545402,4424194.085882867,45.460625143637714
Corozal,2010-2014,2,45,5,0.0018716903551977639,2.5,0.009314865416588335,96492.78644341975,898.817319392052,480216.8889186187,0.9883371307497796,3939663.986944855,40.828585557065935
Corozal,2010-2014,2,50,5,0.0028264215296365776,2.5,0.014032950067693775,95593.9691240277,1341.4653954901441,474616.1821314132,0.9841444229082045,3459447.0980262365,36.188968087911505
Corozal,2010-2014,2,55,5,0.00357245260476315,2.5,0.017704144976722756,94252.50372853756,1668.659990429136,467090.86866661493,0.9767656966498199,2984830.915894823,31.668452272542474
Corozal,2010-2014,2,60,5,0.005857360424236956,2.5,0.028864133044744292,92583.84373810842,2672.352383450576,456238.3377319157,0.9621890021825038,2517740.0472282083,27.194162021941217
Corozal,2010-2014,2,65,5,0.00963120414153703,2.5,0.04702378160726851,89911.49135465785,4227.978333445237,438987.51093967614,0.9425663298636757,2061501.7094962925,22.928122739780324
Corozal,2010-2014,2,70,5,0.014155251986268595,2.5,0.0683572255495044,85683.51302121261,5857.087225464929,413774.84704240074,0.905572183688726,1622514.1985566164,18.936130666758864
Corozal,2010-2014,2,75,5,0.02607840099730639,2.5,0.12241127893958301,79826.42579574768,9771.654874833199,374702.9917916554,0.8459401928994708,1208739.3515142158,15.142095358334393
Corozal,2010-2014,2,80,5,0.04201895375259625,2.5,0.19012285964603592,70054.77092091448,13319.013379332224,316976.3211562418,0.6199490376394585,834036.3597225603,11.905489786899912
Corozal,2010-2014,2,85,NA,0.12320396745801529,9.11347730198825,1,56735.75754158226,56735.75754158226,517060.0385663185,0,517060.0385663185,9.11347730198825
Corozal,2015-2019,1,0,1,0.007852133969002273,0.13362145927155442,0.007799077466043901,100000,779.9077466043964,99324.30466459408,0.9918394661474608,7822666.329659461,78.22666329659461
Corozal,2015-2019,1,1,4,3.030867358999434e-4,1.6295013795948097,0.0012114765380622906,99220.0922533956,120.20281386935676,396595.4284091363,0.9987755515007986,7723342.024994867,77.84050437355396
Corozal,2015-2019,1,5,5,1.5096917193708735e-4,2.5,7.545610710352613e-4,99099.88943952625,74.77691871495335,495312.50490084384,0.9991436842084611,7326746.59658573,73.93294420430946
Corozal,2015-2019,1,10,5,1.917213186712026e-4,2.5,9.58147350172372e-4,99025.1125208113,94.88064916235453,494888.3609811506,0.9979795308325619,6831434.091684886,68.98688542514081
Corozal,2015-2019,1,15,5,6.177144212463931e-4,2.5,0.0030838098217337994,98930.23187164894,305.0820207122015,493888.4543064642,0.9948188769848505,6336545.730703736,64.0506507548138
Corozal,2015-2019,1,20,5,0.0014623111990219831,2.5,0.007284923930490964,98625.14985093674,718.4767142973433,491329.55746894033,0.9926753693334899,5842657.276397272,59.24104840629328
Corozal,2015-2019,1,25,5,0.0014783695787349215,2.5,0.007364628785785655,97906.6731366394,721.0463033026026,487730.74992494046,0.9919012484091715,5351327.7189283315,54.657435979465596
Corozal,2015-2019,1,30,5,0.0017755104758876488,2.5,0.008838321050402624,97185.62683333679,858.9577714376501,483780.73973808985,0.9897215389690946,4863596.969003391,50.044406024606424
Corozal,2015-2019,1,35,5,0.0023601324660546073,2.5,0.011731442931929752,96326.66906189914,1130.0508209225518,478808.2182571893,0.988687834502042,4379816.2292653015,45.4683658421828
Corozal,2015-2019,1,40,5,0.002189501739160049,2.5,0.010887910945920462,95196.61824097659,1036.492301760547,473391.8604504816,0.9855627560223151,3901008.0110081118,40.97843056917494
Corozal,2015-2019,1,45,5,0.0036379173522996864,2.5,0.01802564722443789,94160.12593921604,1697.2972127889516,466557.38666410785,0.9746070133417751,3427616.15055763,36.40199199362039
Corozal,2015-2019,1,50,5,0.006689134411865811,2.5,0.032895564921051126,92462.82872642709,3041.616985154207,454710.1011692499,0.9635891093693625,2961058.7638935223,32.02431511861385
Corozal,2015-2019,1,55,5,0.008172800796330352,2.5,0.040045788354273054,89421.21174127288,3580.942919773661,438153.7014069302,0.94864180820354,2506348.6627242723,28.02856966394085
Corozal,2015-2019,1,60,5,0.013040196853309524,2.5,0.06314250744917559,85840.26882149922,5420.169813500746,415650.91957374424,0.9294995239594012,2068194.9613173422,24.093528476920962
Corozal,2015-2019,1,65,5,0.016309845429885585,2.5,0.07835435846127482,80420.09900799848,6301.265265163922,386347.3318770826,0.9057766165213866,1652544.041743598,20.54889340013419
Corozal,2015-2019,1,70,5,0.023603510591460417,2.5,0.11144152492269854,74118.83374283455,8259.915857793458,349944.37906968914,0.8608040990869996,1266196.7098665154,17.083332884861065
Corozal,2015-2019,1,75,5,0.03726149748561779,2.5,0.17043118454234987,65858.9178850411,11224.413387824898,301233.55595564324,0.7993957793779868,916252.3307968263,13.912350221061555
Corozal,2015-2019,1,80,5,0.05376584649550017,2.5,0.23697617134802737,54634.5044972162,12947.075699246874,240804.83323796382,0.6084593786585668,615018.7748411831,11.25696627984464
Corozal,2015-2019,1,85,NA,0.134925550825632,8.97666160743039,1,41687.428797969325,41687.428797969325,374213.94160321925,0,374213.94160321925,8.97666160743039
Corozal,2015-2019,2,0,1,0.005737651229470487,0.13723757755760618,0.005709388444232334,100000,570.9388444232318,99507.41541951895,0.9941144230708447,8468073.88080885,84.6807388080885
Corozal,2015-2019,2,1,4,1.6846567995195305e-4,1.514710825001234,6.735807010450644e-4,99429.06115557677,66.97349671742995,397549.7961159034,0.9993141679948492,8368566.465389332,84.1662021961067
Corozal,2015-2019,2,5,5,7.579739205092474e-5,2.5,3.7891515830260395e-4,99362.08765885934,37.649801174527965,496716.31379136036,0.9995791616546373,7971016.669273428,80.22191217077065
Corozal,2015-2019,2,10,5,9.257690600608433e-5,2.5,4.627774237752652e-4,99324.43785768481,45.96510746970307,496507.2765197498,0.999043405628821,7474300.355482068,75.2513733447098
Corozal,2015-2019,2,15,5,2.903385787156335e-4,2.5,0.0014506399517236381,99278.4727502151,144.0173189175839,496032.3204537816,0.9978349364216018,6977793.078962318,70.28505662570437
Corozal,2015-2019,2,20,5,5.769359556682865e-4,2.5,0.002880525082113743,99134.45543129752,285.5592853715352,494958.3789430588,0.9964743744313376,6481760.758508536,65.38353118810994
Corozal,2015-2019,2,25,5,8.36262620674291e-4,2.5,0.004172589651479093,98848.89614592599,412.45588111861434,493213.3410268334,0.995753843700586,5986802.379565477,60.56519205563451
Corozal,2015-2019,2,30,5,8.658765462426877e-4,2.5,0.004320031196982179,98436.44026480737,425.24849286384415,491119.08009187726,0.9951123284913357,5493589.038538644,55.80848945532919
Corozal,2015-2019,2,35,5,0.0010945418180823032,2.5,0.005457774683848658,98011.19177194353,534.9230011867476,488718.65135675075,0.9940440240694366,5002469.958446767,51.03978298811752
Corozal,2015-2019,2,40,5,0.0012955649075489107,2.5,0.006456911168940454,97476.26877075678,629.3956085325481,485807.85483245255,0.9916007627341649,4513751.307090016,46.30615599069952
Corozal,2015-2019,2,45,5,0.0020816139684016275,2.5,0.010354186294950633,96846.87316222423,1002.7705668051203,481727.43939410837,0.9887060506915429,4027943.4522575634,41.59084667101766
Corozal,2015-2019,2,50,5,0.0024637916934738963,2.5,0.012243544608606079,95844.10259541911,1173.4715455988335,476286.8341130985,0.9831423130220057,3546216.0128634553,36.99983532458832
Corozal,2015-2019,2,55,5,0.004352658858278655,2.5,0.021529023059072876,94670.63104982028,2038.1661988885608,468257.73975188,0.9726596084375663,3069929.1787503567,32.42747137847651
Corozal,2015-2019,2,60,5,0.006768552646357115,2.5,0.033279625980534765,92632.46485093172,3082.773783894052,455455.3897949234,0.95988900380435,2601671.4389984766,28.085957155358027
Corozal,2015-2019,2,65,5,0.009663456707118925,2.5,0.047177538288593945,89549.69106703767,4224.733979046927,437186.620387571,0.9485153241719094,2146216.0492035532,23.966761064500798
Corozal,2015-2019,2,70,5,0.011523707994554617,2.5,0.05600507465638943,85324.95708799074,4778.6305917661375,414678.2089605384,0.9117772448004305,1709029.4288159823,20.02965471232008
Corozal,2015-2019,2,75,5,0.026064912478129393,2.5,0.12235183754760537,80546.3264962246,9854.991054522456,378094.1548448169,0.8541593686975819,1294351.2198554438,16.069649308166937
Corozal,2015-2019,2,80,5,0.03778140382870827,2.5,0.17260396854815277,70691.33544170215,12201.605039206472,322952.66461049457,0.6475305054190781,916257.0650106269,12.961377222336496
Corozal,2015-2019,2,85,NA,0.10005531477543814,10.143736281862173,1,58489.730402495676,58489.730402495676,593304.4004001324,0,593304.4004001324,10.143736281862173
Corozal,2020-2024,1,0,1,0.01244525841224683,0.12445610910128208,0.01231111198131327,100000,1231.1111981313297,98922.1081114591,0.9873675118058167,7722403.496827558,77.22403496827557
Corozal,2020-2024,1,1,4,3.335364952718154e-4,1.6159066196003031,0.0013330859349467105,98768.88880186867,131.66741647208983,394761.6477914492,0.9986164253731423,7623481.388716098,77.18504765208885
Corozal,2020-2024,1,5,5,1.5042521406671003e-4,2.5,7.518433298489573e-4,98637.22138539658,74.1597369734518,493000.70758454927,0.9991473582867313,7228719.740924649,73.2859222856705
Corozal,2020-2024,1,10,5,1.9079415029196072e-4,2.5,9.535159383017084e-4,98563.06164842313,93.98145020958327,492580.3546165917,0.9978309617314458,6735719.033340099,68.33918225233886
Corozal,2020-2024,1,15,5,6.782923993010124e-4,2.5,0.0033857207249203885,98469.08019821355,333.3888055909483,491511.92897709034,0.9947576291985547,6243138.678723508,63.402020879613865
Corozal,2020-2024,1,20,5,0.0014261322352662842,2.5,0.007105328331890769,98135.6913926226,697.2863084216951,488935.2411920588,0.992993030790989,5751626.749746418,58.60891861183544
Corozal,2020-2024,1,25,5,0.001386369698125122,2.5,0.006907906211004543,97438.4050842009,673.0953636715276,485509.28701182565,0.9911811761055922,5262691.508554359,54.01044386971062
Corozal,2020-2024,1,30,5,0.0021602103745057273,2.5,0.010743033839643477,96765.30972052937,1039.5529968312185,481227.66611056885,0.9866368351404537,4777182.2215425335,49.36874831837617
Corozal,2020-2024,1,35,5,0.003228194464135675,2.5,0.016011749716191043,95725.75672369816,1532.7368580528564,474796.94147335866,0.9847199758063876,4295954.555431965,44.87772886279462
Corozal,2020-2024,1,40,5,0.0029285637380796294,2.5,0.014536391815514565,94193.0198656453,1369.2266430535674,467542.0327205926,0.9847142277068338,3821157.6139586056,40.567311881591806
Corozal,2020-2024,1,45,5,0.003235197674157384,2.5,0.016046206743944278,92823.79322259173,1489.4697768068436,460395.2916709415,0.9796896718785517,3353615.581238013,36.12883577377659
Corozal,2020-2024,1,50,5,0.0049902879603164925,2.5,0.024643988306235494,91334.32344578489,2250.841998955846,451044.5122315348,0.9631087623116927,2893220.2895670715,31.677251009413315
Corozal,2020-2024,1,55,5,0.010140295153753124,2.5,0.04944793415117495,89083.48144682904,4404.994124540215,434404.92192279466,0.9414707520611314,2442175.7773355367,27.41446267783315
Corozal,2020-2024,1,60,5,0.014096459175964426,2.5,0.06808297373040002,84678.48732228883,5765.163227893412,408979.5285417106,0.9281553366951356,2007770.8554127421,23.7105186795686
Corozal,2020-2024,1,65,5,0.01577473680010794,2.5,0.07588117027750997,78913.32409439542,5988.0353827711515,379596.5320150492,0.9039480352253413,1598791.3268710317,20.260093529434545
Corozal,2020-2024,1,70,5,0.02505237937057985,2.5,0.11787902191102927,72925.28871162426,8596.361705905692,343135.53929335705,0.857040162677256,1219194.7948559823,16.71840888662321
Corozal,2020-2024,1,75,5,0.03749130665958991,2.5,0.17139223609195844,64328.92700571857,11025.47864490647,294080.9384163267,0.7944998449619406,876059.2555626254,13.618434137487593
Corozal,2020-2024,1,80,5,0.05627283081191228,2.5,0.24666307968317064,53303.4483608121,13147.99273041077,233647.25997803357,0.5985292697437404,581978.3171462986,10.918211392382643
Corozal,2020-2024,1,85,NA,0.10564063167630483,8.674563685053712,1,40155.45563040133,40155.45563040133,348331.05716826505,0,348331.05716826505,8.674563685053712
Corozal,2020-2024,2,0,1,0.006018305107678047,0.13666075806134254,0.00598719659827516,100000,598.7196598275186,99483.10182275074,0.9938527117673934,8534352.781511411,85.34352781511411
Corozal,2020-2024,2,1,4,1.6384307371844622e-4,1.5142588311346064,6.551054890958935e-4,99401.28034017248,65.11832437400881,397443.25406094594,0.9993134899414121,8434869.67968866,84.85675084689784
Corozal,2020-2024,2,5,5,7.700522277405737e-5,2.5,3.849520055829187e-4,99336.16201579847,38.23965479490289,496585.2109420051,0.9995729594824662,8037426.425627715,80.91138476186988
Corozal,2020-2024,2,10,5,9.385106244578874e-5,2.5,4.6914523778142576e-4,99297.92236100357,46.58514739724342,496373.14893652475,0.9989569707059915,7540841.21468571,75.94158100579918
Corozal,2020-2024,2,15,5,3.2369828194810514e-4,2.5,0.0016171827115771913,99251.33721360633,160.5075466427661,495855.4172014247,0.9976612663745331,7044468.065749185,70.97605194566046
Corozal,2020-2024,2,20,5,6.132293483357561e-4,2.5,0.0030614533091344784,99090.82966696356,303.3619483888033,494695.7434638458,0.9966628763854359,6548612.64854776,66.0869696071486
Corozal,2020-2024,2,25,5,7.240362961114568e-4,2.5,0.003613640463415759,98787.46771857476,356.9823906262027,493044.8826163083,0.9961665338611684,6053916.905083914,61.28223594444472
Corozal,2020-2024,2,30,5,8.124647153966543e-4,2.5,0.0040540890661848955,98430.48532794855,399.04595434731164,491154.81175387447,0.9952487386291208,5560872.022467607,56.49542419647749
Corozal,2020-2024,2,35,5,0.0010932340737791202,2.5,0.005451271579305799,98031.43937360124,534.3959993357566,488821.2068696668,0.9933446123774982,5069717.210713732,51.71521751703413
Corozal,2020-2024,2,40,5,0.0015794327121445653,2.5,0.007866103607336462,97497.04337426549,766.9218445909501,485567.91225985,0.9917133886314936,4580896.003844066,46.98497354693323
Corozal,2020-2024,2,45,5,0.0017497110104085184,2.5,0.008710453112750026,96730.12152967454,842.5631881748268,481544.1996779356,0.9887321360548869,4095328.091584215,42.337671315008784
Corozal,2020-2024,2,50,5,0.002788859051996721,2.5,0.013847746725470886,95887.55834149971,1327.8266220368969,476118.22515240626,0.9834626871206863,3613783.8919062796,37.68772460589655
Corozal,2020-2024,2,55,5,0.00389040290987598,2.5,0.019264646457787134,94559.73171946281,1821.6598007186549,468244.5090955174,0.9787643576951524,3137665.666753873,33.18183765646261
Corozal,2020-2024,2,60,5,0.004703740972857363,2.5,0.0232453545477497,92738.07191874416,2155.7293618259137,458301.036189156,0.9663189365361274,2669421.157658356,28.784522930315678
Corozal,2020-2024,2,65,5,0.00907431706153245,2.5,0.04436512723025583,90582.34255691824,4018.6971523522952,442864.9699037105,0.9491509003871812,2211120.1214691997,24.4100567401403
Corozal,2020-2024,2,70,5,0.011868842750925783,2.5,0.05763408890875179,86563.64540456595,4989.016835512419,420345.6849340487,0.9248835197847042,1768255.1515654894,20.427226040462244
Corozal,2020-2024,2,75,5,0.0196540958362238,2.5,0.09366807583307418,81574.62856905353,7640.938494860966,388770.79660811526,0.8731808975102423,1347909.4666314407,16.52363596716135
Corozal,2020-2024,2,80,5,0.035586606679419236,2.5,0.16339623915760149,73933.69007419256,12080.486905166748,339467.23310804594,0.6460707468923234,959138.6700233255,12.97295818808487
Corozal,2020-2024,2,85,NA,0.09296194634568858,10.018421119144108,1,61853.203169025815,61853.203169025815,619671.4369152795,0,619671.4369152795,10.018421119144108
Culebra,1980-1984,1,0,1,0.014335631910202287,0.12068396330478685,0.014157172944146354,100000,1415.7172944146296,98755.13707959445,0.985357546667381,7342401.372613142,73.42401372613142
Culebra,1980-1984,1,1,4,4.3926081318326575e-4,1.610344437919287,0.0017552008499147882,98584.28270558537,173.03521679308324,393923.63625409605,0.9982219966436242,7243646.235533548,73.4766844849514
Culebra,1980-1984,1,5,5,2.0613841859734325e-4,2.5,0.0010301612034832506,98411.24748879229,101.37944914933178,491802.7888210881,0.9988527480160779,6849722.599279451,69.60304613615982
Culebra,1980-1984,1,10,5,2.530526901723809e-4,2.5,0.0012644635111291145,98309.86803964296,124.30924092004716,491238.5670959147,0.9971742149432689,6357919.810458363,64.67224437626713
Culebra,1980-1984,1,15,5,8.797473093204112e-4,2.5,0.004389083335964063,98185.55879872291,430.9445999557938,489850.43249372503,0.9937390721016015,5866681.243362448,59.75095844174954
Culebra,1980-1984,1,20,5,0.0016348595880436958,2.5,0.008141024360886246,97754.61419876711,795.8226955812133,486783.5142548825,0.9910989794398604,5376830.810868723,55.003345416880954
Culebra,1980-1984,1,25,5,0.0019428419118143008,2.5,0.009667254690111175,96958.7915031859,937.3253319066716,482450.6441861628,0.9894033217254835,4890047.296613841,50.43428471829873
Culebra,1980-1984,1,30,5,0.0023204181222966263,2.5,0.01153517454135907,96021.46617127923,1107.6243720029306,477338.2699263888,0.9870552906982387,4407596.652427678,45.90220112412764
Culebra,1980-1984,1,35,5,0.002894939751942881,2.5,0.014370693033401001,94913.8417992763,1363.9776851181814,471159.264783586,0.9838647369979715,3930258.3825012892,41.408695591660866
Culebra,1980-1984,1,40,5,0.003617535332883775,2.5,0.01792556079061437,93549.86411415812,1676.9337761320494,463556.98613046046,0.9791104486294964,3459099.1177177033,36.97599296880425
Culebra,1980-1984,1,45,5,0.004839377643196527,2.5,0.02390764293418953,91872.93033802607,2196.4652138391975,453873.48865553236,0.9704466336664193,2995542.1315872427,32.60527470459264
Culebra,1980-1984,1,50,5,0.007194593342920206,2.5,0.03533737166721788,89676.46512418687,3168.9305778956914,440459.9991761951,0.9562995093298681,2541668.6429317105,28.342649762252844
Culebra,1980-1984,1,55,5,0.010755629198576358,2.5,0.05236996615024667,86507.53454629118,4530.39665593057,421211.6810916295,0.9355874687577718,2101208.6437555156,24.289313697076114
Culebra,1980-1984,1,60,5,0.01604273656876111,2.5,0.07712061843007159,81977.13789036061,6322.12757123186,394080.3705237234,0.9032846239126728,1679996.962663886,20.49348154738921
Culebra,1980-1984,1,65,5,0.025067861520865216,2.5,0.1179475739764189,75655.01031912875,8923.324926302172,355966.7392798883,0.866079595257425,1285916.5921401624,16.997110789039557
Culebra,1980-1984,1,70,5,0.03290725301950302,2.5,0.15202911381122325,66731.68539282658,10145.158993400779,308295.52948063094,0.8108602528657711,929949.8528602741,13.935656613286145
Culebra,1980-1984,1,75,5,0.05272011506681293,2.5,0.23290378895151342,56586.5263994258,13179.21640203111,249984.5909920512,0.722574753036758,621654.3233796433,10.98590712198145
Culebra,1980-1984,1,80,5,0.08061447410621142,2.5,0.33546419614652034,43407.30999739469,14561.598355158822,180632.55409907637,0.5139971368163347,371669.732387592,8.562376530817037
Culebra,1980-1984,1,85,NA,0.1993779730452821,6.622723705273376,1,28845.711642235867,28845.711642235867,191037.1782885157,0,191037.1782885157,6.622723705273376
Culebra,1980-1984,2,0,1,0.009479705106253272,0.12954664648627084,0.009402122168539572,100000,940.2122168539499,99181.5891228249,0.9903326643412673,8007387.980364118,80.07387980364118
Culebra,1980-1984,2,1,4,2.578854894376973e-4,1.5087027472317862,0.0010308796491094378,99059.78778314605,102.1187192707439,395984.74304780876,0.9989198835241541,7908206.3912412925,79.83266033794985
Culebra,1980-1984,2,5,5,1.268422767538792e-4,2.5,6.340103354833005e-4,98957.6690638753,62.74018496183271,494631.49485697196,0.9993116972734278,7512221.648193484,75.91348623363882
Culebra,1980-1984,2,10,5,1.4858108263924585e-4,2.5,7.426295614356343e-4,98894.92887891347,73.44229766156059,494291.03865041345,0.9983953518007614,7017590.153336512,70.96006067134968
Culebra,1980-1984,2,15,5,4.940710072082032e-4,2.5,0.0024673074733199273,98821.48658125191,243.8229923665058,493497.8754253433,0.9963623069412934,6523299.114686099,66.0109389198733
Culebra,1980-1984,2,20,5,9.645148251589723e-4,2.5,0.0048109734876641145,98577.6635888854,474.2545260019979,491702.68162942206,0.9947211564314544,6029801.2392607555,61.168027519984896
Culebra,1980-1984,2,25,5,0.0011531096879191446,2.5,0.005748975441402996,98103.40906288341,563.9940894204337,489107.060090866,0.9936858123246781,5538098.557631333,56.45164230818382
Culebra,1980-1984,2,30,5,0.0013812870881174642,2.5,0.006882668089178868,97539.41497346298,671.3314188750228,486018.74632012733,0.9922664025994604,5048991.497540467,51.76360242589234
Culebra,1980-1984,2,35,5,0.0017254961647527,2.5,0.008590423964751553,96868.08355458795,832.1379063868953,482260.0730069725,0.9903762041441326,4562972.75122034,47.1050172954952
Culebra,1980-1984,2,40,5,0.0021446619665401317,2.5,0.010666121768482284,96035.94564820106,1024.331090435051,477618.9005149177,0.9875472277533098,4080712.6782133677,42.49151347102716
Culebra,1980-1984,2,45,5,0.0028722139584037316,2.5,0.014258684808182308,95011.614557766,1354.7406650956837,471671.22112609085,0.9811636916063532,3603093.77769845,37.92266655470641
Culebra,1980-1984,2,50,5,0.004751816072017385,2.5,0.023480147010245384,93656.87389267032,2199.077167519921,462786.67654455185,0.9737420526156202,3131422.556572359,33.435053151153994
Culebra,1980-1984,2,55,5,0.005906454246569172,2.5,0.029102539192349366,91457.7967251504,2661.654113639597,450634.848341653,0.9627320348418921,2668635.8800278073,29.178877860436657
Culebra,1980-1984,2,60,5,0.009349155830419807,2.5,0.045678148823606525,88796.1426115108,4056.0434171707893,433840.604514627,0.9452493369872078,2218001.031686154,24.978574141334725
Culebra,1980-1984,2,65,5,0.01327809381459199,2.5,0.06425742865794824,84740.09919434001,5445.180878447762,410087.54377558065,0.9166867409199544,1784160.4271715272,21.054500102481533
Culebra,1980-1984,2,70,5,0.02186920451942794,2.5,0.10367765309790855,79294.91831589225,8221.11103358207,375921.81399550615,0.8730135392693268,1374072.8833959466,17.32863735254716
Culebra,1980-1984,2,75,5,0.03313279631041066,2.5,0.15299139937057818,71073.80728231018,10873.681234715426,328184.83332476235,0.8129610179312926,998151.0694004403,14.043866616511956
Culebra,1980-1984,2,80,5,0.051272810869998055,2.5,0.22723642831993546,60200.12604759476,13679.66162746535,266801.4761693104,0.6017687731069883,669966.236075678,11.128983941761131
Culebra,1980-1984,2,85,NA,0.11290843553563068,8.666395852486763,1,46520.46442012941,46520.46442012941,403164.7599063676,0,403164.7599063676,8.666395852486763
Culebra,1985-1989,1,0,1,0.014235976333524471,0.1208828210252686,0.01406001397419498,100000,1406.0013974195026,98763.96001786603,0.9854320689916769,7278022.571347982,72.78022571347982
Culebra,1985-1989,1,1,4,4.5035847884922594e-4,1.6106371778957504,0.0017994975304384602,98593.9986025805,177.41965700138826,393952.0744779724,0.9981879929555135,7179258.611330115,72.81638551113812
Culebra,1985-1989,1,5,5,2.1118576096681917e-4,2.5,0.0010553716061947034,98416.57894557911,103.86606299800042,491823.22957040055,0.9988245812366175,6785306.536852143,68.94475107292824
Culebra,1985-1989,1,10,5,2.592865146204734e-4,2.5,0.0012955927487818693,98312.71288258111,127.37323792374809,491245.13131809613,0.997205885318839,6293483.307281743,64.01494906155531
Culebra,1985-1989,1,15,5,8.607644323814678e-4,2.5,0.004294580606312566,98185.33964465736,421.6648554621497,489872.5360846314,0.9938800865025194,5802238.175963646,59.09475077402116
Culebra,1985-1989,1,20,5,0.0015969743112534411,2.5,0.007953119238471768,97763.67478919521,777.5261627896398,486874.55853900197,0.9910740370432972,5312365.639879015,54.33884979604035
Culebra,1985-1989,1,25,5,0.0019911841070068006,2.5,0.00990660584475287,96986.14862640557,960.803546842435,482528.7342649218,0.9888611032886194,4825491.081340013,49.75443555273024
Culebra,1985-1989,1,30,5,0.0024921342030237623,2.5,0.012383517546043213,96025.34507956314,1189.1315456576122,477153.89653367165,0.9861716056898574,4342962.347075091,45.227250612603044
Culebra,1985-1989,1,35,5,0.0030818404256399974,2.5,0.015291388083301815,94836.21353390552,1450.1773454978247,470555.6243057831,0.9832740156415848,3865808.4505414194,40.7629987163008
Culebra,1985-1989,1,40,5,0.0036699366202324053,2.5,0.018182858257710856,93386.0361884077,1698.0250592632801,462685.11829388025,0.9771487974486213,3395252.826235636,36.357178918973105
Culebra,1985-1989,1,45,5,0.005598476316609028,2.5,0.027606002702233397,91688.01112914442,2531.13948299356,452112.2069382382,0.9691371972115883,2932567.707941756,31.98420024414288
Culebra,1985-1989,1,50,5,0.006961496079365448,2.5,0.034212062548579884,89156.87164615086,3050.240469393815,438158.75705726974,0.9578252174823066,2480455.501003518,27.821248718192386
Culebra,1985-1989,1,55,5,0.010344702506117687,2.5,0.05041957380192308,86106.63117675704,4341.4596454514685,419679.50677015656,0.9400763249492754,2042296.7439462482,23.718228387705523
Culebra,1985-1989,1,60,5,0.014493256720306508,2.5,0.06993241258004991,81765.17153130558,5718.035710205819,394530.7683810133,0.9134681750788041,1622617.2371760916,19.844845999678938
Culebra,1985-1989,1,65,5,0.022025368586525863,2.5,0.10437935833238947,76047.13582109976,7937.751240022466,360391.30100544257,0.8621442658646843,1228086.4687950783,16.149016731992923
Culebra,1985-1989,1,70,5,0.03841227782729148,2.5,0.1752335861470725,68109.38458107729,11935.051710412292,310709.2936293557,0.7883866124360754,867695.1677896357,12.739729967119771
Culebra,1985-1989,1,75,5,0.0586426462207678,2.5,0.25572260540525554,56174.332870665,14365.046758588542,244959.04745685364,0.6895555732309663,556985.87416028,9.915309104652414
Culebra,1985-1989,1,80,5,0.09503965602043611,2.5,0.3839678493009971,41809.28611207646,16053.421669264044,168912.87638722218,0.45865912180759505,312026.82670342637,7.463098649113231
Culebra,1985-1989,1,85,NA,0.18559356576697883,5.556557833031398,1,25755.864442812413,25755.864442812413,143113.9503162042,0,143113.9503162042,5.556557833031398
Culebra,1985-1989,2,0,1,0.008451602106754198,0.1316596757380513,0.008390028801972633,100000,839.0028801972658,99271.4599669528,0.9913365180508324,8050491.041852114,80.50491041852113
Culebra,1985-1989,2,1,4,2.504732453611758e-4,1.5103494231391905,0.00100126859949785,99160.99711980273,99.28679271096189,396396.7990584634,0.9989812671689032,7951219.581885161,80.18494985764195
Culebra,1985-1989,2,5,5,1.1733190826715741e-4,2.5,5.864875070898328e-4,99061.71032709177,58.098455537779955,495163.3054966144,0.9993466195374827,7554822.782826697,76.2638032180288
Culebra,1985-1989,2,10,5,1.4411443829810463e-4,2.5,7.203126728499062e-4,99003.61187155399,71.31355628899473,494839.77546704747,0.9984428748582787,7059659.477330083,71.30709015433895
Culebra,1985-1989,2,15,5,4.794822322291931e-4,2.5,0.0023945408117120566,98932.298315265,236.89742591237882,494069.248011544,0.996569057217662,6564819.701863036,66.35668849967576
Culebra,1985-1989,2,20,5,8.959688987323613e-4,2.5,0.004469832416592275,98695.40088935262,441.15190226378036,492374.12469110364,0.9949817226386994,6070750.453851491,61.509962968359666
Culebra,1985-1989,2,25,5,0.0011169471966184026,2.5,0.005569184769801812,98254.24898708884,547.1960670272238,489903.2547678761,0.9938824023614119,5578376.329160388,56.77491189102079
Culebra,1985-1989,2,30,5,0.001338278910720866,2.5,0.006669081824704644,97707.05292006161,651.6163307746319,486906.22377337154,0.9925254062006608,5088473.0743925115,52.078871712112864
Culebra,1985-1989,2,35,5,0.0016639963054819195,2.5,0.008285513866253435,97055.43658928698,804.1541656558111,483266.7975322954,0.9904604505770251,4601566.85061914,47.411737171321555
Culebra,1985-1989,2,40,5,0.0021725485984365766,2.5,0.01080406211715775,96251.28242363117,1039.9048341610178,478656.6500327533,0.9877319383049433,4118300.0530868447,42.78696293064391
Culebra,1985-1989,2,45,5,0.002768641949838221,2.5,0.01374805117118842,95211.37758947015,1308.9708911793714,472784.46071940236,0.9832268383857116,3639643.4030540916,38.22697974970394
Culebra,1985-1989,2,50,5,0.004007846960673873,2.5,0.019840441173727977,93902.40669829078,1863.0651761689223,464854.3705510316,0.9754496835215783,3166858.942334689,33.72500294385248
Culebra,1985-1989,2,55,5,0.0059585642692622336,2.5,0.029355529325944044,92039.34152212186,2701.863589193221,453442.0486376263,0.9627663599531237,2702004.5717836577,29.357061090384104
Culebra,1985-1989,2,60,5,0.009280436169293776,2.5,0.04535001113737593,89337.47793292864,4051.4556192433956,436558.75061653473,0.945420739316471,2248562.5231460314,25.169308281057265
Culebra,1985-1989,2,65,5,0.013275854423494276,2.5,0.06424693957508668,85286.02231368524,5479.365922186829,412731.6967629591,0.9215925532874032,1812003.7725294966,21.246198654509616
Culebra,1985-1989,2,70,5,0.01962594445563402,2.5,0.09354018603923103,79806.65639149841,7465.129486029749,380370.4582424177,0.8826435305180619,1399272.0757665373,17.533275280977666
Culebra,1985-1989,2,75,5,0.030948669981309344,2.5,0.143630423468538,72341.52690546867,10390.444143793095,335731.5241678606,0.8175290411918921,1018901.6175241197,14.08460204130825
Culebra,1985-1989,2,80,5,0.051422899277857134,2.5,0.22782583409090915,61951.08276167557,14114.057103013685,274470.27105084364,0.598240213206006,683170.093356259,11.027573093183845
Culebra,1985-1989,2,85,NA,0.11397902919466214,8.543587664117487,1,47837.025658661885,47837.025658661885,408699.8223054154,0,408699.8223054154,8.543587664117487
Culebra,1990-1994,1,0,1,0.01493430520147733,0.11948934068571207,0.014740470739429683,100000,1474.0470739429584,98702.08583906219,0.9847297826934934,7230196.525657603,72.30196525657603
Culebra,1990-1994,1,1,4,4.684526669397384e-4,1.6085869616620985,0.0018717138544547185,98525.95292605704,184.41239111505274,393662.80550768453,0.9981173412658563,7131494.439818541,72.38188749283827
Culebra,1990-1994,1,5,5,2.1957311076377034e-4,2.5,0.0010972632300669703,98341.54053494199,107.90655641714693,491437.93628366705,0.998777832243679,6737831.634310856,68.51460326591915
Culebra,1990-1994,1,10,5,2.6962351693332886e-4,2.5,0.001347209486267311,98233.63397852484,132.34128356637666,490837.3166837082,0.9969875086838147,6246393.698027189,63.58711823073482
Culebra,1990-1994,1,15,5,9.381993268658746e-4,2.5,0.004680019656101689,98101.29269495847,459.1159781013848,489358.67352953885,0.9935333967034597,5755556.381343481,58.6695263969673
Culebra,1990-1994,1,20,5,0.001659171193660695,2.5,0.008261587498325652,97642.17671685708,806.6793864732899,486194.1851181022,0.9904793699737918,5266197.707813942,53.9336369270512
Culebra,1990-1994,1,25,5,0.0021697380904354057,2.5,0.010790160894440544,96835.49733038379,1044.8705964880064,481565.31016069895,0.9884752795535938,4780003.522695839,49.362100205747915
Culebra,1990-1994,1,30,5,0.0024686000131728535,2.5,0.012267292469981787,95790.62673389578,1175.091634027558,476015.40458441,0.9863245177280807,4298438.212535141,44.873265361089096
Culebra,1990-1994,1,35,5,0.0030432102636044896,2.5,0.015101161295406132,94615.53509986823,1428.8044565942691,469505.66435785545,0.9826645413093074,3822422.807950731,40.39952639824001
Culebra,1990-1994,1,40,5,0.003959614954141142,2.5,0.0196040139041654,93186.73064327396,1826.8339632144634,461366.56830833363,0.9761237109444608,3352917.1435928755,35.980628577131895
Culebra,1990-1994,1,45,5,0.005727655834387007,2.5,0.028233992689544272,91359.8966800595,2579.454654982328,450350.8467628417,0.9684045800375951,2891550.5752845416,31.650107764577417
Culebra,1990-1994,1,50,5,0.0071359763192225,2.5,0.03505451119174693,88780.44202507717,3112.154998576312,436121.82262894505,0.9559018913907817,2441199.7285217,27.497044088067867
Culebra,1990-1994,1,55,5,0.010987808706166606,2.5,0.05347024156632479,85668.28702650085,4580.704001880236,416889.67512780364,0.9353493233953255,2005077.905892755,23.405135966737596
Culebra,1990-1994,1,60,5,0.01590043587321594,2.5,0.07646270357871453,81087.58302462062,6200.175824725971,389937.4755612882,0.9072585424115924,1588188.2307649513,19.58608422553093
Culebra,1990-1994,1,65,5,0.023362852121298735,2.5,0.11036798341770898,74887.40719989465,8265.17211603318,353774.10570939025,0.856503113401355,1198250.7552036631,16.00069758063875
Culebra,1990-1994,1,70,5,0.03973821225587323,2.5,0.1807357702757499,66622.23508386147,12041.020975373802,303008.6229808728,0.7923526111703215,844476.6494942729,12.675597695443251
Culebra,1990-1994,1,75,5,0.054673566623340185,2.5,0.24049591019498506,54581.214108487664,13126.558766568101,240089.67362601808,0.6918330778235977,541468.0265134,9.920410078038167
Culebra,1990-1994,1,80,5,0.0991470405881785,2.5,0.3972658656709529,41454.65534191956,16468.519540498666,166101.97785835114,0.4488589632699348,301378.352887382,7.270072574517915
Culebra,1990-1994,1,85,NA,0.16984279050426665,5.414057463873145,1,24986.135801420896,24986.135801420896,135276.3750290308,0,135276.3750290308,5.414057463873145
Culebra,1990-1994,2,0,1,0.007907236083697807,0.13277849489425841,0.007853382883520284,100000,785.338288352039,99318.93774755817,0.9918723582928917,8045079.034737195,80.45079034737195
Culebra,1990-1994,2,1,4,2.445622453692773e-4,1.5112225460485125,9.77653921661187e-4,99214.66171164796,96.99760310866986,396617.24139888765,0.9990125504912432,7945760.096989637,80.0865513212428
Culebra,1990-1994,2,5,5,1.1452565886473375e-4,2.5,5.724643896701597e-4,99117.66410853929,56.74133308943419,495446.4672099729,0.9993622767500068,7549142.8555907495,76.16344597592638
Culebra,1990-1994,2,10,5,1.4065333903697864e-4,2.5,7.030194900881708e-4,99060.92277544986,69.64175941726717,495130.5094787061,0.9984798826190904,7053696.388380776,71.20563983004693
Culebra,1990-1994,2,15,5,4.6810518815951257e-4,2.5,0.002337790111597396,98991.28101603259,231.42083789363096,494377.8529854289,0.9966474007634074,6558565.87890207,66.25397521464387
Culebra,1990-1994,2,20,5,8.758709507584424e-4,2.5,0.004369786331520212,98759.86017813896,431.55948710927623,492720.40217292163,0.9950997958426239,6064188.025916642,61.40336787616254
Culebra,1990-1994,2,25,5,0.0010895497283002792,2.5,0.005432949968596014,98328.30069102968,534.2127381514292,490305.97160976985,0.9938745154936796,5571467.623743719,56.6618927062572
Culebra,1990-1994,2,30,5,0.0013690300465668125,2.5,0.006821802102708212,97794.08795287825,667.1319148293842,487302.6099773178,0.9925618593913762,5081161.65213395,51.957758986231255
Culebra,1990-1994,2,35,5,0.0016182630651027105,2.5,0.008058712533400845,97126.95603804887,782.7182179548981,483677.9846453571,0.9907278564249434,4593859.042156632,47.29746745442137
Culebra,1990-1994,2,40,5,0.0021101600720745705,2.5,0.010495432752538973,96344.23782009397,1011.1744691354106,479193.2529276314,0.9877783790106568,4110181.057511275,42.66141027745032
Culebra,1990-1994,2,45,5,0.00281286610711768,2.5,0.01396611848227147,95333.06335095856,1331.4328580373694,473336.7346096994,0.9829614657257413,3630987.8045836436,38.08739252631112
Culebra,1990-1994,2,50,5,0.004071927275023593,2.5,0.02015446755969323,94001.63049292119,1894.5528123278636,465271.7704337863,0.975075469124109,3157651.069973944,33.591449993111894
Culebra,1990-1994,2,55,5,0.0060486447070919646,2.5,0.029792709745184477,92107.07768059333,2744.1194308150734,453675.08982592897,0.9651618220629172,2692379.299540158,29.230970815041218
Culebra,1990-1994,2,60,5,0.008171299659247212,2.5,0.040038580204286,89362.95824977825,3577.965971176003,437869.87632095127,0.9503993390335342,2238704.209714229,25.051814012880268
Culebra,1990-1994,2,65,5,0.012277959640844629,2.5,0.059561562066235876,85784.99227860225,5109.488141953523,416151.24103812745,0.9197581808487538,1800834.3333932778,20.992417036592407
Culebra,1990-1994,2,70,5,0.02154780292507439,2.5,0.10223183598897456,80675.50413664873,8247.604907225716,382758.5084151794,0.8703250007221565,1384683.0923551503,17.163612513778215
Culebra,1990-1994,2,75,5,0.034840084750987294,2.5,0.1602432065155106,72427.89922942301,11606.078813705026,333124.29911285255,0.8096948521525817,1001924.5839399709,13.83340666510662
Culebra,1990-1994,2,80,5,0.05098460769292456,2.5,0.2261035380065121,60821.820415717986,13752.028783990543,269729.03011861356,0.5966971961019167,668800.2848271184,10.996058326696886
Culebra,1990-1994,2,85,NA,0.11163778479286898,8.478288109512478,1,47069.79163172744,47069.79163172744,399071.25470850477,0,399071.25470850477,8.478288109512478
Culebra,1995-1999,1,0,1,0.015398725898981397,0.11856261240487759,0.015192517663355798,100000,1519.251766335583,98660.8746919819,0.9843075061125709,7261051.301154701,72.61051301154701
Culebra,1995-1999,1,1,4,4.568203113593867e-4,1.607224944280309,0.0018252860831802172,98480.74823366442,179.75553921208484,393492.87836430356,0.998147507953182,7162390.426462719,72.72883842706574
Culebra,1995-1999,1,5,5,2.1408699318788246e-4,2.5,0.0010698623569016274,98300.99269445233,105.1685317298543,491242.042142937,0.99880809954894,6768897.548098416,68.85889310536355
Culebra,1995-1999,1,10,5,2.629866411322694e-4,2.5,0.0013140692490163119,98195.82416272248,129.03611291405105,490656.53053132724,0.9969556408356982,6277655.505955478,63.929964023242334
Culebra,1995-1999,1,15,5,9.576725237124004e-4,2.5,0.004776925792114699,98066.78804980843,468.4577691849845,489162.7958260797,0.9933897686253645,5786998.975424151,59.010793465417834
Culebra,1995-1999,1,20,5,0.0016976418314388825,2.5,0.00845233655691337,97598.33028062344,824.9339349246147,485929.3165658057,0.9907446496401685,5297836.179598072,54.28203704269591
Culebra,1995-1999,1,25,5,0.0020232239590915048,2.5,0.010065209363613188,96773.39634569883,974.0444950473757,481431.8704908757,0.9887301175098863,4811906.863032266,49.7234471945464
Culebra,1995-1999,1,30,5,0.002513050824437156,2.5,0.012486804188285886,95799.35185065145,1196.2277479237819,476006.18988344783,0.985702782090803,4330474.9925413905,45.20359385408454
Culebra,1995-1999,1,35,5,0.003252335691334471,2.5,0.016130523761300364,94603.12410272767,1525.997941232301,469200.6256605576,0.9828387023224695,3854468.8026579423,40.74356781782862
Culebra,1995-1999,1,40,5,0.003675255533936609,2.5,0.018208971115038452,93077.12616149537,1694.8387017454515,461148.5340531132,0.9784224244507765,3385268.176997385,36.370570478548146
Culebra,1995-1999,1,45,5,0.005065066541718535,2.5,0.0250086564361722,91382.28745974992,2285.348231432421,451198.0667201685,0.9683963430790337,2924119.6429442717,31.998757354725054
Culebra,1995-1999,1,50,5,0.007823652248188703,2.5,0.03836782003721292,89096.9392283175,3418.455330178578,436938.55781614105,0.9521160540526005,2472921.576224103,27.755404367899313
Culebra,1995-1999,1,55,5,0.011899732267454383,2.5,0.05777975237783188,85678.48389813892,4950.481583742527,416016.21553133824,0.929973945269867,2035983.018407962,23.763060756636325
Culebra,1995-1999,1,60,5,0.01732380751798779,2.5,0.0830233368233663,80728.00231439639,6702.308127225624,386884.2412539179,0.8988663243591948,1619966.8028766238,20.066974983075134
Culebra,1995-1999,1,65,5,0.02573203835934502,2.5,0.12088372986214177,74025.69418717077,8948.502018979467,347757.21588840516,0.8559027579108769,1233082.561622706,16.657494065572827
Culebra,1995-1999,1,70,5,0.037278602249376847,2.5,0.1705027506839547,65077.1921681913,11095.840271464927,297646.3601622942,0.8101910322597897,885325.3457343008,13.604233929549189
Culebra,1995-1999,1,75,5,0.04769860848609798,2.5,0.21308356819509358,53981.35189672637,11502.539078149443,241150.41178825827,0.7242737313727307,587678.9855720067,10.886703739771395
Culebra,1995-1999,1,80,5,0.08642022519052017,2.5,0.3553315455033609,42478.81281857693,15094.062209972919,174658.90856795234,0.49597544969856233,346528.5737837484,8.157680283197644
Culebra,1995-1999,1,85,NA,0.15722986515642573,6.276108468988442,1,27384.750608604012,27384.750608604012,171869.66521579603,0,171869.66521579603,6.276108468988442
Culebra,1995-1999,2,0,1,0.007712351353923569,0.1331790356328215,0.00766113492147473,100000,766.1134921474732,99335.91676392202,0.992072918689916,8136381.753268498,81.36381753268498
Culebra,1995-1999,2,1,4,2.3805645696927538e-4,1.5115353334827606,9.51662067948509e-4,99233.88650785253,94.43712564463203,396700.542581036,0.9990376792415249,8037045.836504576,80.99094089062604
Culebra,1995-1999,2,5,5,1.1149729200853072e-4,2.5,5.573311077694827e-4,99139.4493822079,55.25349914783146,495559.1131631699,0.9993790052334843,7640345.29392354,77.06665047601847
Culebra,1995-1999,2,10,5,1.3698568198937372e-4,2.5,6.846939267855818e-4,99084.19588306006,67.84234716156789,495251.3735473964,0.9985193172164613,7144786.18076037,72.10823196458799
Culebra,1995-1999,2,15,5,4.5596256734959127e-4,2.5,0.0022772170224480376,99016.3535358985,225.48172577266814,494518.06336506084,0.9966336941661568,6649534.807212974,67.1559249533682
Culebra,1995-1999,2,20,5,8.935677886475824e-4,2.5,0.004457880397415976,98790.87181012583,440.3978908860008,492853.36432341416,0.9951250237562415,6155016.743847913,62.3034965788918
Culebra,1995-1999,2,25,5,0.0010615979737582468,2.5,0.005293939779433622,98350.47391923983,520.6614862072165,490450.71588068106,0.9941812234636643,5662163.379524498,57.57128719251486
Culebra,1995-1999,2,30,5,0.0012733218158814707,2.5,0.006346406534674719,97829.81243303261,620.8677609110018,487596.89276288555,0.992722262408681,5171712.663643817,52.86438290152102
Culebra,1995-1999,2,35,5,0.0016497798857380034,2.5,0.008215017004153896,97208.94467212161,798.5731334373268,484048.29052701476,0.9910420279390906,4684115.770880932,48.18605722631903
Culebra,1995-1999,2,40,5,0.0019508849111539036,2.5,0.00970708106083718,96410.37153868428,935.8632916314382,479712.1994643428,0.9886927154696435,4200067.480353917,43.56447769386156
Culebra,1995-1999,2,45,5,0.002601444170413369,2.5,0.01292317356572734,95474.50824705284,1233.8336411791388,474287.95713231637,0.9838676170434488,3720355.2808895744,38.9670012362113
Culebra,1995-1999,2,50,5,0.003914661836092294,2.5,0.019383608499365913,94240.6746058737,1826.7243412763928,466636.5621761775,0.9765376610774192,3246067.3237572582,34.44444065508569
Culebra,1995-1999,2,55,5,0.005601702782158566,2.5,0.027621692629664036,92413.95026459731,2552.6297289017675,455688.1770007321,0.966842942987163,2779430.7615810805,30.075878735007905
Culebra,1995-1999,2,60,5,0.007923851623001459,2.5,0.038849660746607145,89861.32053569554,3491.081817053884,440578.89813584305,0.9506830681286121,2323742.5845803483,25.859208063354576
Culebra,1995-1999,2,65,5,0.012415200734338667,2.5,0.060207289703349424,86370.23871864166,5200.117984280703,418850.89863250655,0.922757066515616,1883163.6864445054,21.803386379179408
Culebra,1995-1999,2,70,5,0.020029077348823688,2.5,0.09536995617182016,81170.12073436096,7741.190856897374,386497.62652956136,0.8822667698940893,1464312.787811999,18.04004693554836
Culebra,1995-1999,2,75,5,0.03067577247275156,2.5,0.14245413572546567,73428.92987746358,10460.254742939891,340994.01252996817,0.826884967189767,1077815.1612824376,14.678344939536357
Culebra,1995-1999,2,80,5,0.0466452314188582,2.5,0.20886926866175315,62968.67513452369,13152.221123947478,281962.82286274974,0.6173252853285385,736821.1487524693,11.701391956847669
Culebra,1995-1999,2,85,NA,0.1269996060088272,9.1306845283117,1,49816.45401057621,49816.45401057621,454858.3258897196,0,454858.3258897196,9.1306845283117
Culebra,2000-2004,1,0,1,0.012478763212130463,0.12438925194835426,0.012343887244386221,100000,1234.3887244386133,98919.15596560779,0.9872392626266243,7536667.304777477,75.36667304777477
Culebra,2000-2004,1,1,4,3.8464791561685556e-4,1.6158078677326644,0.0015371819520449135,98765.61127556139,151.8207151354727,394700.47534770437,0.9984346878917714,7437748.148811869,75.30706338727708
Culebra,2000-2004,1,5,5,1.8016974148158855e-4,2.5,9.004431258949143e-4,98613.79056042591,88.79610982857412,492846.9625275581,0.9989968363403173,7043047.673464165,71.42051465051955
Culebra,2000-2004,1,10,5,2.2131774030584636e-4,2.5,0.0011059767708298546,98524.99445059734,108.96635520851123,492352.55636496545,0.9976170887086173,6550200.710936607,66.48262958513564
Culebra,2000-2004,1,15,5,7.335948677408216e-4,2.5,0.0036612596355089185,98416.02809538883,360.326631152755,491179.32389906223,0.9947683316106867,6057848.154571641,61.55347123641413
Culebra,2000-2004,1,20,5,0.0013662200984866626,2.5,0.00680784794570615,98055.70146423607,667.5483057780657,488609.6365567352,0.9923513960629745,5566668.83067258,56.77047583717419
Culebra,2000-2004,1,25,5,0.0017062720756389628,2.5,0.008495122900733208,97388.15315845801,827.3243301565235,484872.4549668988,0.9907090417644653,5078059.194115845,52.142473488058165
Culebra,2000-2004,1,30,5,0.002028962221839467,2.5,0.010093612214534366,96560.82882830148,974.6475613069197,480367.52523824014,0.9887180885716689,4593186.739148946,47.567805650428575
Culebra,2000-2004,1,35,5,0.0025121441371434242,2.5,0.01248232717315227,95586.18126699456,1193.1379878068547,474948.0613654557,0.9860615098610092,4112819.2139107054,43.02734097539308
Culebra,2000-2004,1,40,5,0.003106552570827615,2.5,0.015413059157760926,94393.04327918771,1454.8855601432151,468328.00249558047,0.9807765919331066,3637871.1525452496,38.53961082476665
Culebra,2000-2004,1,45,5,0.004672634617937852,2.5,0.023093405475017655,92938.1577190445,2146.2585603070474,459325.14219445485,0.9714414911271145,3169543.150049669,34.10378716168784
Culebra,2000-2004,1,50,5,0.006949228536022028,2.5,0.03415280358693149,90791.89915873745,3100.797899252837,446207.5010455551,0.9631120219621533,2710218.007855214,29.850879130931734
Culebra,2000-2004,1,55,5,0.00810493743314886,2.5,0.03971986952241428,87691.10125948461,3483.0791003035556,429747.8085466642,0.9475054655699829,2264010.5068096593,25.81801886727686
Culebra,2000-2004,1,60,5,0.013607178857909836,2.5,0.06579759517464483,84208.02215918106,5540.685352487315,407188.397414687,0.9210228078999011,1834262.6982629949,21.78251728553404
Culebra,2000-2004,1,65,5,0.01952579005414195,2.5,0.09308505229975036,78667.33680669374,7322.753160933149,375029.80113113584,0.8887414514217196,1427074.300848308,18.14062047575099
Culebra,2000-2004,1,70,5,0.028104494661764182,2.5,0.13129735852910826,71344.58364576059,9367.355378047389,333304.5297836845,0.8455068032843668,1052044.4997171722,14.745961724870005
Culebra,2000-2004,1,75,5,0.03984921693546348,2.5,0.18119489771109595,61977.2282677132,11229.957536385547,281811.24749760213,0.7553419903591937,718739.9699334876,11.596839517070052
Culebra,2000-2004,1,80,5,0.07680492765041595,2.5,0.3221649911585135,50747.270731327655,16348.99402647686,212863.86859044613,0.512817863280477,436928.7224358855,8.609895983354976
Culebra,2000-2004,1,85,NA,0.14770367280331478,6.513839509112445,1,34398.276704850796,34398.276704850796,224064.85384543936,0,224064.85384543936,6.513839509112445
Culebra,2000-2004,2,0,1,0.006989916661879236,0.13466383398233947,0.006947891453282719,100000,694.7891453282646,99398.77382479096,0.9928334782742487,8291226.952857889,82.91226952857889
Culebra,2000-2004,2,1,4,2.0544525570300405e-4,1.512695780605509,8.213613032013572e-4,99305.21085467174,81.56545740227739,397017.9653123334,0.9991583276979539,8191828.179033098,82.49142324486309
Culebra,2000-2004,2,5,5,9.621639425108573e-5,2.5,4.8096627915258764e-4,99223.64539726946,47.723227530688746,495998.9189175206,0.9994495548169882,7794810.213720764,78.55799071392785
Culebra,2000-2004,2,10,5,1.2402995064252783e-4,2.5,6.199575199611361e-4,99175.92216973877,61.48485874819744,495725.8987018234,0.9987070284998881,7298811.294803244,73.59458964557334
Culebra,2000-2004,2,15,5,3.9366765045474844e-4,2.5,0.0019664029791720975,99114.43731099057,194.89892480730487,495084.9392429346,0.9971814543399189,6803085.396101421,68.63869261301897
Culebra,2000-2004,2,20,5,7.358245687224506e-4,2.5,0.0036723672984034076,98919.53838618327,363.26887794258073,493689.5197360599,0.9958733913464815,6308000.456858486,63.76900418026582
Culebra,2000-2004,2,25,5,9.186096351545609e-4,2.5,0.0045825242983383455,98556.26950824069,451.6364997750934,491652.25629176566,0.9949664988613106,5814310.937122426,58.9948358042942
Culebra,2000-2004,2,30,5,0.0011003293292530004,2.5,0.0054865541052686005,98104.6330084656,538.2563769784465,489177.5240998819,0.9938660394072336,5322658.68083066,54.25491658861167
Culebra,2000-2004,2,35,5,0.0013616069512352304,2.5,0.006784938706908573,97566.37663148715,661.9818852998142,486176.92844418617,0.9924137667954382,4833481.1567307785,49.540439274352345
Culebra,2000-2004,2,40,5,0.0016856742485458684,2.5,0.008393001576166969,96904.39474618733,813.3187378422444,482488.67688633106,0.989676185299949,4347304.228286592,44.861786090022875
Culebra,2000-2004,2,45,5,0.0024693446884688428,2.5,0.012270970303987935,96091.07600834509,1179.1307401766535,477507.55319128383,0.985511090738916,3864815.5514002615,40.22033795380353
Culebra,2000-2004,2,50,5,0.0033751208354954485,2.5,0.016734402600262953,94911.94526816843,1588.2947036916594,470588.98958161304,0.9792356295944912,3387307.9982089773,35.68895346774662
Culebra,2000-2004,2,55,5,0.005035179662273838,2.5,0.024862925074667676,93323.65056447677,2320.298931679048,460817.5054931863,0.9692228755056819,2916719.0086273644,31.253803199781817
Culebra,2000-2004,2,60,5,0.007506704927550699,2.5,0.036842117377603845,91003.35163279773,3352.7561626108945,446634.8677574614,0.9554552462955014,2455901.503134178,26.98693464658139
Culebra,2000-2004,2,65,5,0.010791919971372195,2.5,0.05254202649421282,87650.59547018683,4605.33990942809,426739.627577364,0.9375198034412942,2009266.6353767167,22.923593668683537
Culebra,2000-2004,2,70,5,0.015146515945568763,2.5,0.07296949565417851,83045.25556075874,6059.770414740924,400076.85176694137,0.9020884591765717,1582527.0077993528,19.05620010575465
Culebra,2000-2004,2,75,5,0.026624994632706366,2.5,0.12481685305676281,76985.48514601782,9609.08598697411,360904.7107626538,0.8436430826078096,1182450.1560324114,15.359390848673183
Culebra,2000-2004,2,80,5,0.042574606566017574,2.5,0.19239516201057433,67376.3991590437,12962.893231893337,304474.7627154852,0.629387802624224,821545.4452697575,12.193371203030287
Culebra,2000-2004,2,85,NA,0.09573757085759636,9.5026165607953,1,54413.50592715037,54413.50592715037,517070.68255427235,0,517070.68255427235,9.5026165607953
Culebra,2005-2009,1,0,1,0.011772551016001078,0.12579846307512066,0.011652627046997505,100000,1165.2627046997513,98981.32555263024,0.9879578635266734,7602914.888280783,76.02914888280783
Culebra,2005-2009,1,1,4,3.627728720593437e-4,1.6178906347073965,0.001449838588971871,98834.73729530025,143.29441606163164,394997.60621070646,0.9985198791453795,7503933.562728153,75.92405026896324
Culebra,2005-2009,1,5,5,1.6983849384973772e-4,2.5,8.488320583528836e-4,98691.44287923862,83.77246060098696,493247.7832446906,0.9990545940143398,7108935.956517447,72.03193862730453
Culebra,2005-2009,1,10,5,2.0852103745129888e-4,2.5,0.0010420619576552476,98607.67041863763,102.75530207627162,492781.46383799746,0.9977539659986205,6615688.173272756,67.09100970731724
Culebra,2005-2009,1,15,5,6.914455733684235e-4,2.5,0.003451261967317526,98504.91511656136,339.96626713562,491674.6599149678,0.9949092928199652,6122906.709434758,62.15838775343841
Culebra,2005-2009,1,20,5,0.0013517185017275699,2.5,0.00673583014306566,98164.94884942574,661.2224214524758,489171.6881934975,0.9922504748882447,5631232.04951979,57.364997542630846
Culebra,2005-2009,1,25,5,0.0017617442240795878,2.5,0.008770094462239234,97503.72642797326,855.1168911936402,485380.83991188224,0.9906023828768005,5142060.361326293,52.73706503027627
Culebra,2005-2009,1,30,5,0.002016250576139238,2.5,0.010030691909840461,96648.60953677962,969.4524257779121,480819.41661945335,0.9888185260649728,4656679.52141441,48.181546984825594
Culebra,2005-2009,1,35,5,0.002484115065730714,2.5,0.012343916059022736,95679.15711100171,1181.0554839762626,475443.1468450679,0.9861987698313981,4175860.104794957,43.64440731799459
Culebra,2005-2009,1,40,5,0.003078869183977131,2.5,0.015276758070747904,94498.10162702545,1443.6246367010026,468881.44654337474,0.9824153008339384,3700416.9579498894,39.15863804920722
Culebra,2005-2009,1,45,5,0.004025803017410502,2.5,0.019928445101002723,93054.47699032445,1854.4310361042008,460636.3073613617,0.9732021052959647,3231535.511406515,34.7273512884557
Culebra,2005-2009,1,50,5,0.0068776617187527546,2.5,0.033807025383009705,91200.04595422024,3083.2022685059783,448292.2240998363,0.9644880600703272,2770899.204045153,30.38265140168968
Culebra,2005-2009,1,55,5,0.0075968947221410855,2.5,0.03727650931845244,88116.84368571427,3284.688344763141,432372.4975666635,0.9461642048606375,2322606.979945317,26.358263446536316
Culebra,2005-2009,1,60,5,0.014730448755094078,2.5,0.07103625402625152,84832.15534095113,6026.158536394229,409095.38036377006,0.9197583145419153,1890234.4823786533,22.28205183260478
Culebra,2005-2009,1,65,5,0.018881292132476208,2.5,0.09015104034058782,78805.9968045569,7104.442597007845,376268.8775302649,0.8963549911706934,1481139.1020148832,18.79475118737712
Culebra,2005-2009,1,70,5,0.025187243471205434,2.5,0.11847600725543012,71701.55420754905,8494.913856519197,337270.4863964473,0.8491377134571151,1104870.2244846183,15.409292541782765
Culebra,2005-2009,1,75,5,0.04140396850684,2.5,0.18760125173726616,63206.640351029855,11857.644847960393,286389.0896352483,0.7643852562018473,767599.738088171,12.144289489603668
Culebra,2005-2009,1,80,5,0.06912996893083379,2.5,0.294715637495442,51348.99550306946,15133.351944437709,218911.59765425307,0.5450815596910686,481210.64845292276,9.371374137672424
Culebra,2005-2009,1,85,NA,0.14347804293424768,7.242700253939088,1,36215.64355863175,36215.64355863175,262299.0507986697,0,262299.0507986697,7.242700253939088
Culebra,2005-2009,2,0,1,0.006482921187196328,0.135705846571591,0.0064467988008272475,100000,644.6798800827237,99442.80694881157,0.9933509179949043,8407575.106858969,84.07575106858968
Culebra,2005-2009,2,1,4,1.9097463141836993e-4,1.513511058351054,7.635359558075961e-4,99355.32011991728,75.86135931233002,397232.65204864054,0.9992165565370609,8308132.299910158,83.62040693827595
Culebra,2005-2009,2,5,5,8.942575103844918e-5,2.5,4.470288154733471e-4,99279.45876060495,44.3807788505801,496286.34185589827,0.9995019779880822,7910899.647861517,79.68314640934202
Culebra,2005-2009,2,10,5,1.0983775534862197e-4,2.5,5.490380139854668e-4,99235.07798175437,54.483830132798175,496039.18033343984,0.9988124155485384,7414613.306005619,74.71766493062957
Culebra,2005-2009,2,15,5,3.6563024202645024e-4,2.5,0.0018264816677966177,99180.59415162157,181.15153701910458,495450.0919155601,0.9972954779478619,6918574.125672179,69.75733695540745
Culebra,2005-2009,2,20,5,7.181207522393097e-4,2.5,0.0035841690956786945,98999.44261460246,354.83074270868383,494110.1362162406,0.9960743721874296,6423124.033756618,64.8804060317932
Culebra,2005-2009,2,25,5,8.554887030348335e-4,2.5,0.004268314777491317,98644.61187189378,421.04625457270595,492170.44372303714,0.9953197362616956,5929013.897540378,60.10479219321351
Culebra,2005-2009,2,30,5,0.0010213972005670864,2.5,0.005093978564222319,98223.56561732107,500.34873775612505,489866.956242215,0.9942957236193273,5436843.4538173415,55.35172155121388
Culebra,2005-2009,2,35,5,0.0012675437717004753,2.5,0.00631769895858629,97723.21687956495,617.3858655097138,487072.6197340505,0.9927463368972085,4946976.497575126,50.622325538790115
Culebra,2005-2009,2,40,5,0.0016458599832489874,2.5,0.008195577981645968,97105.83101405523,795.8384105482255,483539.5590439056,0.9904300710220098,4459903.877841076,45.92828083820778
Culebra,2005-2009,2,45,5,0.0022031960375511013,2.5,0.010955636649617292,96309.99260350701,1055.1372846913582,478912.11980580667,0.987093743373198,3976364.31879717,41.28714177320346
Culebra,2005-2009,2,50,5,0.002997999564921628,2.5,0.014878483606163213,95254.85531881565,1417.2478032684303,472731.1570859072,0.9805927497487119,3497452.1989913634,36.71678663817689
Culebra,2005-2009,2,55,5,0.004859204330049053,2.5,0.024004415747889165,93837.60751554722,2252.5169435904536,463556.74521876,0.9723095207783753,3024721.041905456,32.233569482302855
Culebra,2005-2009,2,60,5,0.006394041429959351,2.5,0.031467200687593455,91585.09057195677,2881.9264250191773,450720.63679723593,0.9599287032933336,2561164.2966866964,27.96486066336786
Culebra,2005-2009,2,65,5,0.010036659201514754,2.5,0.048954935985770894,88703.16414693759,4342.457722548672,432659.6764283163,0.9398944423724095,2110443.65988946,23.792202681670872
Culebra,2005-2009,2,70,5,0.014901209346625796,2.5,0.07183015624414199,84360.70642438892,6059.642723330049,406654.42531361943,0.9107647377676937,1677783.983461144,19.888216381460882
Culebra,2005-2009,2,75,5,0.022830149965248563,2.5,0.10798733234668777,78301.06370105887,8455.522988985409,370366.5110328308,0.8604327772496905,1271129.5581475245,16.233873437537156
Culebra,2005-2009,2,80,5,0.03834900297539447,2.5,0.17497018455656022,69845.54071207346,12220.887148844238,318675.48568825674,0.6462160756826874,900763.0471146938,12.896500448438628
Culebra,2005-2009,2,85,NA,0.09241886282917369,10.101363312973945,1,57624.65356322922,57624.65356322922,582087.561426437,0,582087.561426437,10.101363312973945
Culebra,2010-2014,1,0,1,0.011776444917560516,0.12579069298925388,0.01165644095166977,100000,1165.6440951669792,98980.9830833429,0.9880144893554735,7688939.436744685,76.88939436744685
Culebra,2010-2014,1,1,4,3.3067154818973063e-4,1.617879143412619,0.001321645133427052,98834.35590483302,130.62394549702003,395026.2615943939,0.9986244238213421,7589958.453661342,76.7947378639232
Culebra,2010-2014,1,5,5,1.5483397082746163e-4,2.5,7.738703006084367e-4,98703.731959336,76.38388672254223,493327.70007987367,0.9991379900777517,7194932.192066949,72.89422648204548
Culebra,2010-2014,1,10,5,1.901338953762129e-4,2.5,9.502178053490974e-4,98627.34807261346,93.71746223294758,492902.4467074849,0.9979507934440272,6701604.491987075,67.94874467326325
Culebra,2010-2014,1,15,5,6.30841451451049e-4,2.5,0.0031492405785114534,98533.63061038051,310.3061078662722,491892.38778223685,0.9953612183588737,6208702.04527959,63.010994386575504
Culebra,2010-2014,1,20,5,0.001230378662952817,2.5,0.006133028446414707,98223.32450251424,602.4064432753366,489610.60640438285,0.9930990647035286,5716809.657497353,58.2021600923416
Culebra,2010-2014,1,25,5,0.0015406272244274885,2.5,0.0076735808034010325,97620.9180592389,749.1020028297644,486231.8352891201,0.9909161660040368,5227199.05109297,53.54589113698941
Culebra,2010-2014,1,30,5,0.002112092269518269,2.5,0.010504992563628877,96871.81605640914,1017.6377072978066,481814.9860138012,0.9890972976602356,4740967.21580385,48.94062492895923
Culebra,2010-2014,1,35,5,0.002273779002033124,2.5,0.011304634409301791,95854.17834911133,1083.5964428407024,476561.90063845494,0.9873552227843454,4259152.22979005,44.43366270667674
Culebra,2010-2014,1,40,5,0.002819787468564129,2.5,0.014000243067921204,94770.58190627063,1326.8111823761428,470535.88157541276,0.9834259949317721,3782590.329151594,39.91312760844527
Culebra,2010-2014,1,45,5,0.0038740226294215027,2.5,0.019184312000062206,93443.77072389449,1792.6544520294701,462737.2174893988,0.9757820668581103,3312054.4475761815,35.44435784127938
Culebra,2010-2014,1,50,5,0.005957427200985481,2.5,0.029350009640474038,91651.11627186502,2689.961146139438,451530.6784939765,0.967158985001815,2849317.2300867825,31.088734605641278
Culebra,2010-2014,1,55,5,0.007422749423431231,2.5,0.03643757956047185,88961.15512572558,3241.5291676851048,436701.9527094151,0.9534105191485778,2397786.5515928064,26.953185895620415
Culebra,2010-2014,1,60,5,0.01176098091213759,2.5,0.05712528120602653,85719.62595804047,4896.757737728476,416356.23544588115,0.9300742701902073,1961084.5988833911,22.87789496238979
Culebra,2010-2014,1,65,5,0.017427974873946945,2.5,0.08350171010560452,80822.868220312,6748.847712035975,387242.22182147,0.8929229119628674,1544728.3634375099,19.11251601745676
Culebra,2010-2014,1,70,5,0.028449107980737433,2.5,0.13280040710000252,74074.02050827602,9837.060079032992,345777.45234379766,0.8428031775597297,1157486.14161604,15.626074211628868
Culebra,2010-2014,1,75,5,0.04085131844787171,2.5,0.18532923341002625,64236.96042924303,11904.986632941793,291422.33556386066,0.7758981942585884,811708.6892722422,12.636162792390198
Culebra,2010-2014,1,80,5,0.06288119267414177,2.5,0.27169474011621275,52331.97379630124,14218.322020354528,226114.0639306199,0.5654045847657271,520286.3537083816,9.942035737722447
Culebra,2010-2014,1,85,NA,0.1448695931186277,7.718291899896405,1,38113.65177594671,38113.65177594671,294172.28977776173,0,294172.28977776173,7.718291899896405
Culebra,2010-2014,2,0,1,0.005644146711530509,0.13742975458819268,0.005616801465171734,100000,561.6801465171739,99515.51141817574,0.9941932002093096,8480513.15602542,84.80513156025421
Culebra,2010-2014,2,1,4,1.7427433666501334e-4,1.5148614640161655,6.967955673776719e-4,99438.31985348283,69.28818050138943,397581.0886864791,0.9992903298140072,8380997.644607245,84.28337945528654
Culebra,2010-2014,2,5,5,8.159771029638218e-5,2.5,4.0790534112727673e-4,99369.03167298144,40.53315876204579,496743.8254680021,0.9995455938741995,7983416.555920766,80.3410924058694
Culebra,2010-2014,2,10,5,1.0021027618715856e-4,2.5,5.009258861322962e-4,99328.49851421939,49.756216136418516,496518.1020307559,0.998915990043463,7486672.730452764,75.3728571602339
Culebra,2010-2014,2,15,5,3.337555007135235e-4,2.5,0.0016673862552313734,99278.74229808297,165.53601034448366,495979.8714645537,0.9976089012643793,6990154.628422008,70.40937935569501
Culebra,2010-2014,2,20,5,6.241764610815751e-4,2.5,0.003116019939661382,99113.20628773849,308.8387270763633,494793.9346210015,0.996489186088855,6494174.756957455,65.52279963685186
Culebra,2010-2014,2,25,5,7.82897711553215e-4,2.5,0.003906841913781824,98804.36756066213,386.01304445070855,493056.8051921839,0.9957213201857414,5999380.822336453,60.71979377483552
Culebra,2010-2014,2,30,5,9.325643584461257e-4,2.5,0.004651976124405721,98418.35451621142,457.839835412713,490947.1729925253,0.994785112047,5506324.017144269,55.94814142353163
Culebra,2010-2014,2,35,5,0.0011594371576193888,2.5,0.005780430672824157,97960.5146807987,566.2539637865266,488386.9384945272,0.9930097030585724,5015376.844151744,51.19794297216785
Culebra,2010-2014,2,40,5,0.0016482030476747114,2.5,0.008207197418876905,97394.26071701218,799.3339251700963,484972.9687721357,0.9911023626891149,4526989.905657217,46.48107467862809
Culebra,2010-2014,2,45,5,0.0019280065799607996,2.5,0.00959379067095309,96594.92679184208,926.7115075169568,480657.855190418,0.9880873282544016,4042016.9368850808,41.84502303723935
Culebra,2010-2014,2,50,5,0.0028712665744743946,2.5,0.014254015179032952,95668.21528432512,1363.6561928137671,474931.9359395912,0.982822892450248,3561359.0816946626,37.22614737936036
Culebra,2010-2014,2,55,5,0.004069478312064067,2.5,0.02014246821642488,94304.55909151136,1899.5265841647342,466773.9789971449,0.9732255054395516,3086427.1457550717,32.72829198809001
Culebra,2010-2014,2,60,5,0.006823001940456063,2.5,0.03354285233584064,92405.03250734662,3099.52836048248,454276.341635527,0.9611494400527909,2619653.166757927,28.349680701098745
Culebra,2010-2014,2,65,5,0.0090695803120364,2.5,0.04434248229906591,89305.50414686414,3960.027736841468,436627.4513922171,0.9396247575359274,2165376.8251223997,24.246846214108007
Culebra,2010-2014,2,70,5,0.01604950971400517,2.5,0.07715192225578008,85345.47641002267,6584.567560868585,410265.9631479419,0.9089121739318738,1728749.3737301826,20.255899274904795
Culebra,2010-2014,2,75,5,0.02242859244041024,2.5,0.10618879896759886,78760.90884915409,8363.526316288204,372895.7284550499,0.8649658454111372,1318483.4105822407,16.740327528564336
Culebra,2010-2014,2,80,5,0.03651597292852854,2.5,0.16730646846000916,70397.38253286589,11777.937460402129,322542.0690133241,0.6588977679069015,945587.6821271908,13.432142618168104
Culebra,2010-2014,2,85,NA,0.08368081366469395,10.6286508230106,1,58619.44507246376,58619.44507246376,623045.6131138667,0,623045.6131138667,10.6286508230106
Culebra,2015-2019,1,0,1,0.009711436861001751,0.12991131331571407,0.009630064631631947,100000,963.0064631631976,99162.09897119785,0.9900553126939138,7802509.302263749,78.02509302263749
Culebra,2015-2019,1,1,4,3.0025726096848826e-4,1.623984615264893,0.0012001728215346,99036.9935368368,118.86150796941365,395865.55737575906,0.9987661525522672,7703347.2032925505,77.78252275426041
Culebra,2015-2019,1,5,5,1.4060394704290202e-4,2.5,7.027727036744835e-4,98918.13202886739,69.51696308836108,494416.86773661606,0.9992171770676667,7307481.645916792,73.87403599356527
Culebra,2015-2019,1,10,5,1.7266038840197003e-4,2.5,8.629294576715374e-4,98848.61506577903,85.29938179028977,494029.8268744194,0.9981360524006874,6813064.778180175,68.92423099348844
Culebra,2015-2019,1,15,5,5.739885358766267e-4,2.5,0.002865830295045324,98763.31568398874,283.03890212628176,493108.981164628,0.9955078430249124,6319034.951305756,63.98159992445639
Culebra,2015-2019,1,20,5,0.0012283923855814448,2.5,0.006123157826781894,98480.27678186246,603.0102775605192,490893.85821541096,0.9934483703755811,5825925.970141129,59.158302154712416
Culebra,2015-2019,1,25,5,0.0014014411877889053,2.5,0.0069827411861895375,97877.26650430194,683.4516200112412,487677.70347148157,0.9921517362009922,5335032.111925717,54.5073672617454
Culebra,2015-2019,1,30,5,0.0017516114404724393,2.5,0.008719872630713645,97193.8148842907,847.5176862841763,483850.28020574304,0.9902295454375764,4847354.408454236,49.87307488881895
Culebra,2015-2019,1,35,5,0.002177848958792779,2.5,0.010830278019692337,96346.29719800652,1043.4571848223131,479122.84302797687,0.9882587584031977,4363504.128248492,45.28979582142962
Culebra,2015-2019,1,40,5,0.002548571068570823,2.5,0.012662179184020479,95302.8400131842,1206.7416369929706,473497.3459734386,0.984417903963291,3884381.285220516,40.75829518494045
Culebra,2015-2019,1,45,5,0.003742584659705871,2.5,0.01853945955619373,94096.09837619124,1744.4908102410263,466119.2648553536,0.9790582551103564,3410883.9392470773,36.24894122188301
Culebra,2015-2019,1,50,5,0.004733235506634116,2.5,0.023389408585184162,92351.60756595021,2160.0494828585943,456357.9141226046,0.9695041698311588,2944764.6743917237,31.886447372221493
Culebra,2015-2019,1,55,5,0.007699911762321219,2.5,0.03777244752905453,90191.55808309162,3406.7558952572435,442440.900677315,0.9489886619614968,2488406.760269119,27.590240296953304
Culebra,2015-2019,1,60,5,0.013387539769780207,2.5,0.06476992401481606,86784.80218783437,5621.0450433468795,419871.39833080466,0.9292158790407279,2045965.859591804,23.575163024092376
Culebra,2015-2019,1,65,5,0.01606312262908974,2.5,0.07721483474712863,81163.75714448749,6267.046095367681,390151.1704840183,0.9065318528733477,1626094.4612609993,20.03473617376079
Culebra,2015-2019,1,70,5,0.02352276553105342,2.5,0.11108146926438925,74896.71104911981,8319.636706406643,353684.46347958245,0.8553667008063176,1235943.290776981,16.501970159496153
Culebra,2015-2019,1,75,5,0.04013548120830237,2.5,0.1823778491937009,66577.07434271317,12142.183624233156,302529.912652983,0.7863283984389152,882258.8272973986,13.25169115656644
Culebra,2015-2019,1,80,5,0.0576516879030831,2.5,0.25194570205667854,54434.89071848001,13714.636758446017,237887.86169628502,0.5896567245706613,579728.9146444156,10.649950922884914
Culebra,2015-2019,1,85,NA,0.1318359446205363,8.394865446655608,1,40720.253960033995,40720.253960033995,341841.0529481306,0,341841.0529481306,8.394865446655608
Culebra,2015-2019,2,0,1,0.005086480160821887,0.1385759099198676,0.005064290382297941,100000,506.42903822979133,99563.74982655274,0.994768910653654,8601248.54623214,86.0124854623214
Culebra,2015-2019,2,1,4,1.5539932377739806e-4,1.5157603995480013,6.213574206030298e-4,99493.57096177021,61.82106861939246,397820.70550027426,0.9993644868060152,8501684.796405585,85.44958949832352
Culebra,2015-2019,2,5,5,7.273729721898044e-5,2.5,3.636203641886401e-4,99431.74989315082,36.155409108061576,497068.3609429839,0.999594809557625,8103864.0909053115,81.50177483161777
Culebra,2015-2019,2,10,5,8.93750936647875e-5,2.5,4.4677564178685793e-4,99395.59448404275,44.407530516400584,496866.9535939228,0.9990324990240396,7606795.729962328,76.53051193514965
Culebra,2015-2019,2,15,5,2.97913528348823e-4,2.5,0.0014884590615170665,99351.18695352635,147.88017449344625,496386.23433139815,0.9978670853163379,7109928.776368406,71.56360174835382
Culebra,2015-2019,2,20,5,5.564391824187655e-4,2.5,0.0027783309815441796,99203.30677903291,275.6196206958266,495327.484843425,0.9968727424308192,6613542.542037007,66.66655333141387
Culebra,2015-2019,2,25,5,6.966424255518142e-4,2.5,0.003477156291277126,98927.68715833708,343.98702978411166,493778.4682172251,0.9959668880899547,6118215.057193582,61.84532594400164
Culebra,2015-2019,2,30,5,9.203140680953983e-4,2.5,0.00459100741869161,98583.70012855297,452.59849865223805,491787.0043961343,0.9951207548612409,5624436.588976357,57.05239894264571
Culebra,2015-2019,2,35,5,0.0010364410373011176,2.5,0.00516881226364522,98131.10162990073,507.22124154964695,489387.4550456295,0.9940786913585796,5132649.584580223,52.304004534035464
Culebra,2015-2019,2,40,5,0.0013400170739466743,2.5,0.0066777147403159496,97623.88038835108,651.9044250761362,486489.6408790651,0.9923980291028704,4643262.129534593,47.562769591451804
Culebra,2015-2019,2,45,5,0.0017137995391250536,2.5,0.008532440464287,96971.97596327495,827.4076116109209,482791.3607873474,0.9896196111723181,4156772.488655528,42.86570885417219
Culebra,2015-2019,2,50,5,0.002463932570070239,2.5,0.012244240393597311,96144.56835166403,1177.2172074364062,477779.7987397291,0.984844272762584,3673981.1278681806,38.21309087820761
Culebra,2015-2019,2,55,5,0.0036537333103460836,2.5,0.01810330493109518,94967.35114422762,1719.2229162623407,470538.69843048224,0.9773957880834061,3196201.3291284516,33.655791075759886
Culebra,2015-2019,2,60,5,0.005512558496754764,2.5,0.02718810247056198,93248.12822796528,2535.2396654500335,459902.54197620135,0.9683915992865112,2725662.6306979693,29.230212793488956
Culebra,2015-2019,2,65,5,0.0073635518873713295,2.5,0.03615223724977348,90712.88856251525,3279.4738689243095,445365.7581402655,0.9543227270607116,2265760.088721768,24.977267559507908
Culebra,2015-2019,2,70,5,0.011429422122156066,2.5,0.055559575993389204,87433.41469359094,4857.763448030077,425022.6648478795,0.9238180413913819,1820394.3305815025,20.820350399913426
Culebra,2015-2019,2,75,5,0.020613757761874324,2.5,0.09801751550668282,82575.65124556086,8093.860176436196,392643.6057867138,0.8744623273523184,1395371.665733623,16.89810064693418
Culebra,2015-2019,2,80,5,0.03385087083948444,2.5,0.15604841716225823,74481.79106912467,11622.765603746928,343352.04133625596,0.6575820952348385,1002728.0599469093,13.462727541236257
Culebra,2015-2019,2,85,NA,0.07538189378968803,10.489758848931448,1,62859.02546537774,62859.02546537774,659376.0186106534,0,659376.0186106534,10.489758848931448
Culebra,2020-2024,1,0,1,0.010169948601373721,0.12899637606338882,0.010080653546381876,100000,1008.0653546381945,99121.9714229452,0.989592233832292,7750808.976045769,77.5080897604577
Culebra,2020-2024,1,1,4,3.121122585227449e-4,1.6226269908647515,0.0012475233626997946,98991.9346453618,123.49475118893315,395674.1454932008,0.9987001945973574,7651687.004622824,77.29606489695307
Culebra,2020-2024,1,5,5,1.531681313447147e-4,2.5,7.655475130185118e-4,98868.43989417287,75.68848827701004,494152.9782501718,0.9991690795473743,7256012.859129623,73.39058719745489
Culebra,2020-2024,1,10,5,1.7934907451975634e-4,2.5,8.963434766663019e-4,98792.75140589586,88.55223826460133,493742.37643381784,0.9980629166267242,6761859.8808794515,68.44489888836024
Culebra,2020-2024,1,15,5,5.96640016245905e-4,2.5,0.002978756967216244,98704.19916763126,294.0158209640649,492785.9562857462,0.9954675524175115,6268117.504445633,63.504061198048596
Culebra,2020-2024,1,20,5,0.001221877110706016,2.5,0.0060907800915794685,98410.1833466672,599.3947855365695,490552.42976949457,0.9933355474807197,5775331.548159887,58.68632037616742
Culebra,2020-2024,1,25,5,0.0014535912871214832,2.5,0.00724164047187147,97810.78856113063,708.3105650299549,487283.1663930782,0.9920681181763311,5284779.1183903925,54.030636048777644
Culebra,2020-2024,1,30,5,0.0017329066531301136,2.5,0.00862715811640675,97102.47799610067,837.7184311672754,483418.09390258515,0.9898018640342264,4797495.951997315,49.40652443689405
Culebra,2020-2024,1,35,5,0.0023705226454273395,2.5,0.011782784831463741,96264.7595649334,1134.2669488062093,478488.1304526515,0.9865124950922439,4314077.8580947295,44.81471597282449
Culebra,2020-2024,1,40,5,0.0030658297109478158,2.5,0.015212550828962237,95130.49261612719,1447.177454307035,472034.5194448683,0.9836924075225062,3835589.727642078,40.31924593431404
Culebra,2020-2024,1,45,5,0.0035145206505730457,2.5,0.017419549833828533,93683.31516182015,1631.9211770596012,464336.77286645176,0.9790534669153798,3363555.2081972095,35.90346052962906
Culebra,2020-2024,1,50,5,0.004968158274950918,2.5,0.02453604399967572,92051.39398476055,2258.577053041561,454610.52729119884,0.96845092183342385,2899218.435330758,31.495649439168016
Culebra,2020-2024,1,55,5,0.007900733861860692,2.5,0.03873851261339652,89792.81693171899,3478.440171301816,440267.9842303404,0.9506204257707783,2444607.9080395587,27.224982928183532
Culebra,2020-2024,1,60,5,0.012466695968813108,2.5,0.060449467026815286,86314.37676041717,5217.6580719189515,418527.7386222885,0.9352258376816217,2004339.9238092185,23.22139137229323
Culebra,2020-2024,1,65,5,0.014374035037208419,2.5,0.06937710291581234,81096.71868849822,5626.255398586611,391417.9549460246,0.9137489225630171,1585812.18518693,19.55457891309038
Culebra,2020-2024,1,70,5,0.022026177476774766,2.5,0.10438299163556947,75470.46328991161,7877.832738323399,357657.73460374953,0.8520485874944937,1194394.2302409054,15.825982486059074
Culebra,2020-2024,1,75,5,0.04360594932113286,2.5,0.19659767587817392,67592.63055158821,13288.554072934297,304741.7675756053,0.769912822012922,836736.4956371558,12.379108325996276
Culebra,2020-2024,1,80,5,0.06290182536132066,2.5,0.27177177498586136,54304.076478653915,14758.31525357173,234624.59425934026,0.5589719561427783,531994.7280615505,9.796589180016152
Culebra,2020-2024,1,85,NA,0.11450076827631002,7.5196462171930865,1,39545.761225082184,39545.761225082184,297370.1338022103,0,297370.1338022103,7.5196462171930865
Culebra,2020-2024,2,0,1,0.005166341049919629,0.13841177423033169,0.005143446240510598,100000,514.344624051053,99556.84672792969,0.9946875140601792,8516868.851681983,85.16868851681983
Culebra,2020-2024,2,1,4,1.5756268534214602e-4,1.5156316129666894,6.300041301865511e-4,99485.65537594895,62.676373781170696,397786.91030215996,0.9993556398240154,8417312.004954055,84.60829828326159
Culebra,2020-2024,2,5,5,7.372410401689513e-5,2.5,3.6855259206039373e-4,99422.97900216778,36.64259662160475,497023.28851928486,0.9995893717942675,8019525.094651894,80.66068000715448
Culebra,2020-2024,2,10,5,9.056436655943693e-5,2.5,4.5271933219831034e-4,99386.33640554617,44.99411584714835,496819.19673811295,0.9990186387429862,7522501.806132609,75.6894969489269
Culebra,2020-2024,2,15,5,3.022767789658498e-4,2.5,0.0015102426166452082,99341.34228969902,150.02952872063906,496331.63762669347,0.9978359460189434,7025682.609394496,70.7226462564419
Culebra,2020-2024,2,20,5,5.645665659814584e-4,2.5,0.0028188542527436077,99191.31276097838,279.6058538115176,495257.5491703631,0.9968301663211121,6529350.971767803,65.82583484404124
Culebra,2020-2024,2,25,5,7.056035514751141e-4,2.5,0.0035218052616250543,98911.70690716687,348.3477698219649,493687.6651112794,0.9961313587435581,6034093.42259744,61.00484574854937
Culebra,2020-2024,2,30,5,8.451224265878962e-4,2.5,0.004216703057139854,98563.3591373449,415.61241779642296,491777.76464223344,0.995263137204237,5540405.75748616,56.21161662891157
Culebra,2020-2024,2,35,5,0.0010546182737821202,2.5,0.005259225181454858,98147.74671954848,516.1811010505044,489448.2808451161,0.9938181330338651,5048627.992843927,51.43906163500717
Culebra,2020-2024,2,40,5,0.0014269497260456104,2.5,0.007109386786410001,97631.56561849797,694.1005625446705,486422.5766861282,0.9917079621001328,4559179.711998811,46.697803964489495
Culebra,2020-2024,2,45,5,0.0019056672993721707,2.5,0.009483157140716176,96937.4650559533,919.2732139482832,482389.1422448958,0.989099914677126,4072757.1353126825,42.014273149827524
Culebra,2020-2024,2,50,5,0.0024814144591030663,2.5,0.012330579102331233,96018.19184200502,1183.9599097706669,477131.05943559844,0.9850610782566429,3590367.9930677866,37.39258076194172
Culebra,2020-2024,2,55,5,0.0035471447561644426,2.5,0.017579828291476262,94834.23193223435,1667.1695135227055,470003.235877365,0.9780056389544266,3113236.9336321885,32.82819790069911
Culebra,2020-2024,2,60,5,0.005368680356156511,2.5,0.026487889253997594,93167.06241871165,2467.798831467124,459665.81501489045,0.9658515006058221,2643233.697754823,28.370903075977598
Culebra,2020-2024,2,65,5,0.008583844821190763,2.5,0.042017543914137506,90699.26358724452,3810.960290756979,443968.9172093302,0.9471654272622876,2183567.8827399327,24.074813800880943
Culebra,2020-2024,2,70,5,0.013250044725733925,2.5,0.06412604133910124,86888.30329648755,5571.8029290749255,420512.0091597504,0.9164263461944223,1739598.9655306027,20.021094894609664
Culebra,2020-2024,2,75,5,0.022019682083884568,2.5,0.10435381579908272,81316.50036741262,8485.687100767027,385368.2840851455,0.865028631799468,1319086.9563708522,16.22163952470676
Culebra,2020-2024,2,80,5,0.03695700237092186,2.5,0.16915624269845198,72830.8132666456,12319.786724858335,333354.5995210821,0.6429817573369898,933718.6722857067,12.820379594927891
Culebra,2020-2024,2,85,NA,0.08386081395953121,9.921564830007133,1,60511.02654178726,60511.02654178726,600364.0727646246,0,600364.0727646246,9.921564830007133
Dorado,1980-1984,1,0,1,0.01699467685321392,0.11537797207325429,0.01674296536383194,100000,1674.29653638319,98518.88040263398,0.9826205186227746,7272186.698112384,72.72186698112384
Dorado,1980-1984,1,1,4,5.430996437438592e-4,1.6025534453587744,0.002169573676428759,98325.70346361681,213.32485795099637,392791.3789087533,0.9979142667244089,7173667.8177097505,72.95821504459617
Dorado,1980-1984,1,5,5,2.254815724769666e-4,2.5,0.0011267726961864326,98112.37860566581,110.55034937078017,490285.51715490216,0.9986606317161973,6780876.438800997,69.11336301461775
Dorado,1980-1984,1,10,5,3.106818584716229e-4,2.5,0.001552203688541408,98001.82825629503,152.11879930322175,489628.8442832171,0.9964500343605639,6290590.921646095,64.18850580210504
Dorado,1980-1984,1,15,5,0.0011132564193393826,2.5,0.005550833344563117,97849.70945699181,543.1474300096743,487890.6787099349,0.9934886222706897,5800962.077362878,59.284407787767556
Dorado,1980-1984,1,20,5,0.0015010686976729402,2.5,0.007477283697111316,97306.56202698214,727.5887698663137,484713.8382102449,0.9912843066495761,5313071.398652943,54.60136796508833
Dorado,1980-1984,1,25,5,0.0020026632411909917,2.5,0.009963432704869652,96578.97325711582,962.2581007526751,480489.2210336974,0.9895331007620572,4828357.560442698,49.99387959518353
Dorado,1980-1984,1,30,5,0.0022071989833428573,2.5,0.010975432508030602,95616.71515636315,1049.434803838245,475459.9887722201,0.9858381785380482,4347868.339409001,45.47184383294156
Dorado,1980-1984,1,35,5,0.0035071979121008073,2.5,0.017383570505053587,94567.2803525249,1643.9169854792854,468726.6092989263,0.9821370573284067,3872408.3506367807,40.9487122417113
Dorado,1980-1984,1,40,5,0.0037041461060765084,2.5,0.018350795461502218,92923.36336704562,1705.2176347435015,460353.7727483693,0.9777851150554014,3403681.7413378544,36.628912450073216
Dorado,1980-1984,1,45,5,0.0052995364645833576,2.5,0.026151209107274424,91218.14573230212,2385.4648034232523,450127.0666529524,0.9670818171702831,2943327.968589485,32.266912958604415
Dorado,1980-1984,1,50,5,0.008135543991846258,2.5,0.03986687320724406,88832.68092887886,3541.4812272511917,435309.7015762663,0.950672775520209,2493200.9019365325,28.06625755145943
Dorado,1980-1984,1,55,5,0.012196989435955126,2.5,0.05918039067992867,85291.19970162767,5047.566519902131,413837.082208383,0.9281211914435247,2057891.2003602663,24.12782570252666
Dorado,1980-1984,1,60,5,0.01783660812753072,2.5,0.0853759952123998,80243.63318172554,6850.880042348566,384090.9658027563,0.8990549623517579,1644054.1181518834,20.488281162801282
Dorado,1980-1984,1,65,5,0.02507233470221001,2.5,0.11796737945683886,73392.75313937698,8657.950758974985,345318.8887994474,0.8698218837389388,1259963.152349127,17.1674054787996
Dorado,1980-1984,1,70,5,0.03103958673258407,2.5,0.1440219770433334,64734.80238040199,9323.234222334984,300365.92634617246,0.8152890500886781,914644.2635496795,14.129096404356703
Dorado,1980-1984,1,75,5,0.052551660331123726,2.5,0.23224601714055207,55411.568158067006,12869.116008223296,244885.0507697768,0.7241738461287486,614278.3372035071,11.085741797655267
Dorado,1980-1984,1,80,5,0.07978581596980867,2.5,0.3325893067869657,42542.45214984371,14149.164669534177,177339.34907538313,0.5199172383789437,369393.2864337303,8.682933582028777
Dorado,1980-1984,1,85,NA,0.14152605464419188,6.764061311728509,1,28393.287480309533,28393.287480309533,192053.93735834715,0,192053.93735834715,6.764061311728509
Dorado,1980-1984,2,0,1,0.009845003979495698,0.12879585867106186,0.009761281388608878,100000,976.1281388608913,99149.59312295668,0.9898824161839656,7911566.214772806,79.11566214772806
Dorado,1980-1984,2,1,4,3.081040240504778e-4,1.5081183951807333,0.001231470623855199,99023.87186113911,121.94498925739026,395791.61496902606,0.9987540397472422,7812416.621649849,78.89427543900908
Dorado,1980-1984,2,5,5,1.497828479429633e-4,2.5,7.486339084176427e-4,98901.92687188172,74.04133606413961,494324.53101924824,0.9992291020341214,7416625.006680823,74.98969172044922
Dorado,1980-1984,2,10,5,1.5869867889720224e-4,2.5,7.931787034550919e-4,98827.88553581758,78.38817411450145,493943.4572438016,0.998455994154238,6922300.475661575,70.044000619165
Dorado,1980-1984,2,15,5,4.5961330503736586e-4,2.5,0.002295429000912859,98749.49736170308,226.67246006961796,493180.8056583413,0.9967383327090934,6428357.018417773,65.09761760985744
Dorado,1980-1984,2,20,5,8.478189145474973e-4,2.5,0.004230128615110339,98522.82490163346,416.7642208578909,491572.2139560226,0.9949480250014294,5935176.212759432,60.24163658203258
Dorado,1980-1984,2,25,5,0.001178926994582532,2.5,0.005877312666517263,98106.06068077557,576.5999931012338,489088.80342112476,0.9938420220691574,5443603.99880341,55.48692874863453
Dorado,1980-1984,2,30,5,0.0012922216501579926,2.5,0.006440302504963761,97529.46068767433,628.119229974589,486077.00536343525,0.9931191467463512,4954515.195382285,50.80019063417656
Dorado,1980-1984,2,35,5,0.0014702361303627499,2.5,0.007324259673812255,96901.34145769975,709.730587576938,482732.38081955636,0.9907025078926647,4468438.190018849,46.11327482983765
Dorado,1980-1984,2,40,5,0.0022698647622834676,2.5,0.011285283642237616,96191.61087012281,1085.5496126730868,478244.18031893135,0.9874849661130873,3985705.809199293,41.435066666892226
Dorado,1980-1984,2,45,5,0.0027708257708991255,2.5,0.013758820617634327,95106.06125744972,1308.5472364909947,472258.93819602113,0.9828682842479458,3507461.6288803616,36.87947521436884
Dorado,1980-1984,2,50,5,0.004153008694390648,2.5,0.0205516653596462,93797.51402095873,1927.6951197254675,464168.33230547997,0.9729415562112045,3035202.6906843404,32.359095252845776
Dorado,1980-1984,2,55,5,0.006855878216470757,2.5,0.03370175329172968,91869.81890123326,3096.173971565251,451608.65957725316,0.9628880094858211,2571034.3583788606,27.985625629053537
Dorado,1980-1984,2,60,5,0.008296829860273002,2.5,0.04064116717787075,88773.64492966801,3607.864544575583,434848.5632869011,0.9446866277768567,2119425.6988016074,23.87449226040846
Dorado,1980-1984,2,65,5,0.0146382076578422,2.5,0.07060713358051939,85165.78038509242,6013.31163213939,410795.6228451137,0.9116496110630945,1684577.1355147064,19.779976510490332
Dorado,1980-1984,2,70,5,0.022708228759927812,2.5,0.10744162150117349,79152.46875295303,8504.269588638257,374501.66979316954,0.8690779276404388,1273781.5126695926,16.092757847455896
Dorado,1980-1984,2,75,5,0.03412881542674275,2.5,0.1572289800353132,70648.19916431478,11107.944295936868,325471.1350817317,0.7926205750596161,899279.842876423,12.728984652317362
Dorado,1980-1984,2,80,5,0.06159688012860213,2.5,0.2668860331614073,59540.25486837791,15890.462435240552,257975.11825378818,0.5504161670092821,573808.7077946913,9.63732367392743
Dorado,1980-1984,2,85,NA,0.1431280027944375,7.235626378400224,1,43649.79243313736,43649.79243313736,315833.58954090317,0,315833.58954090317,7.235626378400224
Dorado,1985-1989,1,0,1,0.01391721534687036,0.12151889263608755,0.013749118476581713,100000,1374.9118476581643,98792.1659175415,0.9856556154237156,7114048.985222818,71.14048985222819
Dorado,1985-1989,1,1,4,4.937822400828639e-4,1.6115739060300593,0.0019728023114883924,98625.08815234184,194.56780187769618,394035.6417943163,0.9980788510372006,7015256.8193052765,71.13055056000678
Dorado,1985-1989,1,5,5,2.208580249428608e-4,2.5,0.0011036807328472437,98430.52035046414,108.63586883492826,491881.0120802334,0.9988119360235846,6621221.17751096,67.26796885697595
Dorado,1985-1989,1,10,5,2.5467013003055254e-4,2.5,0.0012725404550448741,98321.88448162921,125.11857561914076,491296.6259690982,0.9969177829208313,6129340.1654307265,62.33953099806537
Dorado,1985-1989,1,15,5,9.812410997132473e-4,2.5,0.00489419952425774,98196.76590601007,480.5945649808418,489782.34311759827,0.9931450912520108,5638043.5394616285,57.41577624723541
Dorado,1985-1989,1,20,5,0.0017728752978709169,2.5,0.008825261270097053,97716.17134102923,862.3707423981541,486424.92984915077,0.9896867419566733,5148261.19634403,52.685866890717705
Dorado,1985-1989,1,25,5,0.0023769419349893295,2.5,0.011814503701722372,96853.80059863107,1144.2795856984012,481408.30402890936,0.9880276910236699,4661836.2664948795,48.1327138189843
Dorado,1985-1989,1,30,5,0.0024412085586828967,2.5,0.012132000932140756,95709.52101293267,1161.1479981436423,475644.73506930424,0.98453886235499255,4180427.9624659703,43.67828736600921
Dorado,1985-1989,1,35,5,0.0038020302117545176,2.5,0.018831159465744762,94548.37301478903,1780.4554894682078,468290.72635027464,0.9802972179664566,3704783.227396666,39.18399766453065
Dorado,1985-1989,1,40,5,0.004161067201766194,2.5,0.02059113328542799,92767.91752532082,1910.1965543754632,459064.0962406655,0.9767724313438927,3236492.501046391,34.88805814966146
Dorado,1985-1989,1,45,5,0.005251950296773549,2.5,0.025919432555117618,90857.72097094536,2354.9805708181084,448401.15342768154,0.9659383759191056,2777428.404805726,30.568986049010594
Dorado,1985-1989,1,50,5,0.008667943571055894,2.5,0.04242047220691183,88502.74040012725,3754.3280393791356,433127.8819021884,0.9504136897160937,2329027.2513780445,26.315877235533552
Dorado,1985-1989,1,55,5,0.011749178976832999,2.5,0.05706959273618401,84748.41236074812,4836.5573784660955,411650.66835757537,0.9251479835612358,1895899.369475856,22.37091311404857
Dorado,1985-1989,1,60,5,0.019663478623869794,2.5,0.09371069738233528,79911.85498228202,7488.595659505692,380837.7857626459,0.8889685083986109,1484248.7011182806,18.57357336339354
Dorado,1985-1989,1,65,5,0.027840264062074595,2.5,0.1301432632718986,72423.25932277633,9425.399305053055,338552.798351249,0.8359104627286511,1103410.9153556346,15.235587650618534
Dorado,1985-1989,1,70,5,0.04521483164965959,2.5,0.2031146693030174,62997.86001772327,12795.789504297638,282999.8263278723,0.7664019446591862,764858.1170043857,12.141017437563866
Dorado,1985-1989,1,75,5,0.06292310558803572,2.5,0.2718512203365032,50202.070513425635,13647.49413249395,216891.6172358933,0.6707856752321018,481858.29067651345,9.598374842879222
Dorado,1985-1989,1,80,5,0.10251057358273295,2.5,0.4079936979310374,36554.576380931685,14914.03679395888,145487.78991976124,0.4509204194226128,264966.6734406201,7.248522611216396
Dorado,1985-1989,1,85,NA,0.1779518578233214,5.52106767211955,1,21640.539586972805,21640.539586972805,119478.8835208589,0,119478.8835208589,5.52106767211955
Dorado,1985-1989,2,0,1,0.009098695756079713,0.13032972357340206,0.009027264230616805,100000,902.7264230616856,99214.92566211834,0.9906863546041808,7919585.325884075,79.19585325884074
Dorado,1985-1989,2,1,4,2.6437695706303676e-4,1.5093126410967865,0.001056811938362435,99097.27357693831,104.72718177527713,396128.25163997203,0.998899384052283,7820370.400221957,78.91610049342361
Dorado,1985-1989,2,5,5,1.3317537744316635e-4,2.5,6.656552649879272e-4,98992.54639516304,65.89490970251791,494797.9947015589,0.9992648318483434,7424242.148581984,74.99799145428132
Dorado,1985-1989,2,10,5,1.6101025282944944e-4,2.5,8.047273407657586e-4,98926.65148546052,79.60898118074692,494434.2349743507,0.9983830667922663,6929444.153880426,70.046282269029
Dorado,1985-1989,2,15,5,4.8654974870997105e-4,2.5,0.0024297932053661347,98847.04250427977,240.17787224744097,493634.76784078026,0.9965705925390297,6435009.918906075,65.10068238639977
Dorado,1985-1989,2,20,5,8.882594392262781e-4,2.5,0.004431456488492831,98606.86463203233,436.97203008356155,491941.8930849527,0.9948431896356592,5941375.151065295,60.25315958717995
Dorado,1985-1989,2,25,5,0.0011805525923539702,2.5,0.0058853929220918574,98169.89260194877,577.7683910820197,489405.0420320388,0.9937182640168791,5449433.257980342,55.51022939462975
Dorado,1985-1989,2,30,5,0.001340562862867739,2.5,0.006680425488543454,97592.12421086675,651.9569140593667,486330.72876918537,0.992412009417583,4960028.215948303,50.82406245437591
Dorado,1985-1989,2,35,5,0.0017075905511195312,2.5,0.008501659372564087,96940.16729680738,824.1522818768426,482640.4557793448,0.9914580309659646,4473697.487179118,46.14905886722618
Dorado,1985-1989,2,40,5,0.0017239227573045645,2.5,0.008582624333010143,96116.01501493054,824.9276492591016,478517.7559515049,0.9893215370456075,3991057.031399773,41.523330225247136
Dorado,1985-1989,2,45,5,0.002574959029053312,2.5,0.012792445090294256,95291.08736567144,1219.0060027197906,473407.92182155774,0.9844585192185562,3512539.2754482683,36.86115220796251
Dorado,1985-1989,2,50,5,0.003699123134629225,2.5,0.018326139060726214,94072.08136295165,1723.9780447894009,466050.46170278476,0.9757071505382785,3039131.3536267104,32.3064113134804
Dorado,1985-1989,2,55,5,0.006167851334018996,2.5,0.030370947940666825,92348.10331816225,2804.6994382952253,454728.7679950732,0.9574054161726631,2573080.891923926,27.86284503385002
Dorado,1985-1989,2,60,5,0.011353583354865159,2.5,0.05520109129605266,89543.40387986702,4942.893612531858,435359.78536800545,0.940018909812514,2118352.1239288524,23.65726599773748
Dorado,1985-1989,2,65,5,0.013445317523080496,2.5,0.06504036666145054,84600.51026733516,5502.448207533293,409246.4308178426,0.911307403944656,1682992.3385608469,19.893406472876343
Dorado,1985-1989,2,70,5,0.024175948536894663,2.5,0.11399019025140153,79098.06205980187,9016.403142713985,372949.3024422244,0.8610882824154026,1273745.9077430044,16.103376929513043
Dorado,1985-1989,2,75,5,0.03645240463486161,2.5,0.16703954084229589,70081.65891708789,11706.408126976756,321142.27426799753,0.7886250377356139,900796.6053007799,12.85352857252556
Dorado,1985-1989,2,80,5,0.060989162110546044,2.5,0.26460128403591726,58375.25079011113,15446.166314982096,253260.83816310042,0.5630829882494621,579654.3310327824,9.929795986948923
Dorado,1985-1989,2,85,NA,0.1505650353325691,7.603085340866704,1,42929.084475129035,42929.084475129035,326393.49286968197,0,326393.49286968197,7.603085340866704
Dorado,1990-1994,1,0,1,0.012573267109860257,0.12420067414562935,0.012436322568282787,100000,1243.6322568282776,98910.82770785905,0.9869089359762812,7109741.22689706,71.0974122689706
Dorado,1990-1994,1,1,4,5.121620961899445e-4,1.615529360101764,0.0020461495543241267,98756.36774317172,202.07029784435872,394543.64028028154,0.9980182026472437,7010830.3991892,70.99117312031707
Dorado,1990-1994,1,5,5,2.3956145900829858e-4,2.5,0.0011970903532625122,98554.29744532736,117.97839874436613,492476.54122977593,0.9986828658408357,6616286.758908919,67.13341711536506
Dorado,1990-1994,1,10,5,2.876711060978407e-4,2.5,0.001437321840579958,98436.319046583,141.48467127194453,491827.8835547351,0.9967767862313079,6123810.217679143,62.21088188782408
Dorado,1990-1994,1,15,5,0.0010048532582364275,2.5,0.005011676293051389,98294.83437531105,492.621891168179,490242.6171486348,0.9920370324941891,5631982.334124408,57.29682917639674
Dorado,1990-1994,1,20,5,0.0021978350330391114,2.5,0.01092912413543234,97802.21248414287,1068.8925209591252,486338.8311183165,0.9860584102377609,5141739.716975774,52.57283640499879
Dorado,1990-1994,1,25,5,0.00342657274333463,2.5,0.016987342802104715,96733.31996318375,1643.2420666002727,479558.49464941805,0.9824546888736314,4655400.885857456,48.12613572685483
Dorado,1990-1994,1,30,5,0.003655691960033804,2.5,0.018112921645092307,95090.07789658348,1722.3591301665438,471144.491657501,0.9804856311942716,4175842.3912080387,43.91459638669698
Dorado,1990-1994,1,35,5,0.004232653116193714,2.5,0.020941668534516282,93367.71876641693,1955.275818230235,461950.4042865091,0.9766593180442077,3704697.8995505376,39.678573585146495
Dorado,1990-1994,1,40,5,0.005225588464505046,2.5,0.02579100932054182,91412.4429481867,2357.619168090183,451168.166820708,0.9706933171342751,3242747.4952640287,35.47380849565572
Dorado,1990-1994,1,45,5,0.006693241384380711,2.5,0.03291542963240288,89054.82378009651,2931.2777855598106,437945.92443658307,0.9662667787843573,2791579.3284433205,31.346750349386802
Dorado,1990-1994,1,50,5,0.007037442713731066,2.5,0.034578846932666545,86123.5459945367,2978.0529142435553,423172.5976870747,0.9454358012157454,2353633.4040067378,27.32857056484927
Dorado,1990-1994,1,55,5,0.015641714414616384,2.5,0.07526537338364096,83145.49308029315,6257.976581855197,400082.52394682774,0.9191012491561513,1930460.8063196628,23.217864670733594
Dorado,1990-1994,1,60,5,0.018189275597516794,2.5,0.0869906363405786,76887.51649843795,6688.493986845846,367716.3475250752,0.9021723597829967,1530378.282372835,19.90411905688131
Dorado,1990-1994,1,65,5,0.023212615928869442,2.5,0.10969718318969421,70199.0225115921,7700.635032191589,331743.5249774816,0.8628362477624151,1162661.93484776,16.562366444002368
Dorado,1990-1994,1,70,5,0.03668469544279072,2.5,0.16801456898137027,62498.38747940052,10500.639634382147,286240.33831104724,0.7966637999991592,830918.4098702783,13.295037574275804
Dorado,1990-1994,1,75,5,0.056045956346444645,2.5,0.24579082685196835,51997.74784501837,12780.569437267215,228037.3156319238,0.7055042762903502,544678.0715592311,10.475031979897835
Dorado,1990-1994,1,80,5,0.08752935341812319,2.5,0.35907316269038997,39217.178407751155,14081.836282664488,160881.30133209456,0.49191221180311734,316640.75592730736,8.074032064089657
Dorado,1990-1994,1,85,NA,0.15133741836186745,6.196830495486073,1,25135.342125086667,25135.342125086667,155759.45459521277,0,155759.45459521277,6.196830495486073
Dorado,1990-1994,2,0,1,0.00943502057555977,0.12963848526166927,0.009358172398040073,100000,935.8172398040042,99185.50068964594,0.9903257624717925,7938674.979176576,79.38674979176577
Dorado,1990-1994,2,1,4,2.8318222028710473e-4,1.5087742535083888,0.0011319303373046581,99064.182760196,112.13375380655634,395977.3805462503,0.9988905863119434,7839489.47848693,79.13545804404332
Dorado,1990-1994,2,5,5,1.1864153503507758e-4,2.5,5.930317796737252e-4,98952.04900638944,58.68170972462394,494613.5407576356,0.9993279851097564,7443512.09794068,75.22342561557309
Dorado,1990-1994,2,10,5,1.502654016497993e-4,2.5,7.510448681020904e-4,98893.36729666482,74.27335599748767,494281.1530933304,0.9984369783807342,6948898.557183044,70.26657850912713
Dorado,1990-1994,2,15,5,4.756867547382004e-4,2.5,0.0023756086597562834,98819.09394066733,234.75549531471916,493508.58096504986,0.9965896935240519,6454617.4040897135,65.3175125038606
Dorado,1990-1994,2,20,5,8.914760421607092e-4,2.5,0.004447468182471183,98584.33844535261,438.4507085256773,491825.5654554488,0.9947130786263962,5961108.823124664,60.467097686404145
Dorado,1990-1994,2,25,5,0.0012297943332263246,2.5,0.006130124684633789,98145.88773682693,601.6465291108179,489225.3223613576,0.9930893380593008,5469283.257669215,55.72605621882816
Dorado,1990-1994,2,30,5,0.0015451484415813308,2.5,0.007696013499742864,97544.24120771611,750.7017971567693,485844.4515456887,0.9925577426758003,4980057.935307858,51.05435106828138
Dorado,1990-1994,2,35,5,0.0014424898688903437,2.5,0.007186533091509349,96793.53941055934,695.6099740182981,482228.672117751,0.9915462861233529,4494213.483762168,46.43092412087049
Dorado,1990-1994,2,40,5,0.001955527148762149,2.5,0.00973006721730395,96097.92943654105,935.0393128612777,478152.04890055204,0.9887000487311509,4011984.8116444177,41.748920451962086
Dorado,1990-1994,2,45,5,0.0025937627514721335,2.5,0.012885260485634036,95162.89012367977,1226.1986278093682,472748.9540488754,0.984600272005874,3533832.7627438656,37.13456745745186
Dorado,1990-1994,2,50,5,0.0036219047948394395,2.5,0.017947017997848504,93936.6914958704,1685.8834929347358,465468.74874701514,0.9780463639473765,3061083.8086949904,32.58666831830627
Dorado,1990-1994,2,55,5,0.005275363026131155,2.5,0.02603347505133695,92250.80800293566,2401.6091086100932,455250.0172431531,0.9639990408835621,2595615.059947975,28.13650217421809
Dorado,1990-1994,2,60,5,0.00946579844320216,2.5,0.04623486737691563,89849.19889432557,4154.165794801258,438860.57998462475,0.9481258683062147,2140365.042704822,23.82174876397253
Dorado,1990-1994,2,65,5,0.011901219670833437,2.5,0.05778676586752606,85695.03309952431,4952.038813732113,416095.06846329133,0.9221982799557921,1701504.4627201974,19.855345183706362
Dorado,1990-1994,2,70,5,0.020840928425686286,2.5,0.09904420895396089,80742.9942857922,7997.1259976104775,383722.1564349348,0.8585632389099276,1285409.394256906,15.919763759406315
Dorado,1990-1994,2,75,5,0.04162043561952626,2.5,0.18848962712125913,72745.86828818172,13711.841588251606,329449.73747027956,0.7773475481152653,901687.2378219712,12.395030247627949
Dorado,1990-1994,2,80,5,0.06102874479940237,2.5,0.26475028070519335,59034.02669993012,15629.275139964375,256096.94564973965,0.552463888695961,572237.5003516916,9.693350298809433
Dorado,1990-1994,2,85,NA,0.12121893591916477,7.28354715416787,1,43404.75155996574,43404.75155996574,316140.5547019519,0,316140.5547019519,7.28354715416787
Dorado,1995-1999,1,0,1,0.012295541297696737,0.12475486211751105,0.012164630257756423,100000,1216.4630257756362,98935.29665127605,0.987197180236757,7151578.493550046,71.51578493550046
Dorado,1995-1999,1,1,4,5.005149662018427e-4,1.61634796903338,0.0019996741465365584,98783.53697422436,197.53488499078958,394663.2934671024,0.9981075215487643,7052643.1968987705,71.39492483184743
Dorado,1995-1999,1,5,5,2.1559908764335296e-4,2.5,0.0010774147141433077,98586.00208923357,106.21800925952266,492664.4654230191,0.9987819788236527,6657979.903431668,67.53473883042038
Dorado,1995-1999,1,10,5,2.719406123200896e-4,2.5,0.0013587792934177984,98479.78407997405,133.81229142811208,492064.3896713,0.9960144580103354,6165315.438008649,62.60488379017853
Dorado,1995-1999,1,15,5,0.0013275672585990207,2.5,0.006615878733013079,98345.97178854594,650.6450232333445,490103.24638464634,0.9909890361166263,5673251.048337349,57.68666418321055
Dorado,1995-1999,1,20,5,0.002297521175080432,2.5,0.011422000157343988,97695.3267653126,1115.8760376851715,485686.9437323501,0.988212075617856,5183147.801952703,53.054204060383114
Dorado,1995-1999,1,25,5,0.002446487588471899,2.5,0.012158076484313086,96579.45072762742,1174.2203487594525,479961.7027662385,0.9865207713280172,4697460.858220353,48.63830579724556
Dorado,1995-1999,1,30,5,0.002985445381303547,2.5,0.01481664122374806,95405.23037886797,1413.585069392706,473492.1892208581,0.982242498088183,4217499.155454114,44.206162898048824
Dorado,1995-1999,1,35,5,0.004191994737997613,2.5,0.020742591602859017,93991.64530947527,1949.6303127352148,465084.1507655383,0.9782748382311325,3744006.966233256,39.83340172316171
Dorado,1995-1999,1,40,5,0.004597961425321479,2.5,0.02272854469717908,92042.01499674005,2091.981051871844,454980.1223540206,0.9704721625457147,3278922.8154677176,35.62419635841143
Dorado,1995-1999,1,45,5,0.0074326434438585776,2.5,0.03648526235420675,89950.0339448682,3281.850587248322,441545.54325622023,0.9623078700901754,2823942.693113697,31.394570621780268
Dorado,1995-1999,1,50,5,0.0079436204957515,2.5,0.03894469773101515,86668.18335761988,3375.2662037586997,424902.7512787027,0.9529191145856906,2382397.149857477,27.48871682272334
Dorado,1995-1999,1,55,5,0.011426713456898632,2.5,0.055546774592679454,83292.91715386118,4626.652894312254,404897.9535335253,0.9354290235062482,1957494.3985787742,23.501330790982284
Dorado,1995-1999,1,60,5,0.015395798910130667,2.5,0.07412592496373076,78666.26425954893,5831.209601680326,378753.2972935438,0.8998706222349131,1552596.4450452488,19.736496446846164
Dorado,1995-1999,1,65,5,0.027399441193744864,2.5,0.12821467953826546,72835.0546578686,9338.523192110682,340828.9653090663,0.8495437402309836,1173843.147751705,16.11645866493341
Dorado,1995-1999,1,70,5,0.038589022744077044,2.5,0.1759689401373563,63496.53146575792,11173.417344427718,289549.1139677203,0.7956785717823734,833014.1824426388,13.119050178226859
Dorado,1995-1999,1,75,5,0.054217305923342986,2.5,0.23872849059825604,52323.1141213302,12491.018057585454,230388.02546268736,0.705278081560258,543465.0684749185,10.386711066445638
Dorado,1995-1999,1,80,5,0.09027852008628431,2.5,0.3682744251997667,39832.09606374475,14669.142282377492,162487.62461278,0.4809979580443654,313077.0430122311,7.859918858179157
Dorado,1995-1999,1,85,NA,0.15929101316736205,5.984568413862448,1,25162.953781367258,25162.953781367258,150589.41839945113,0,150589.41839945113,5.984568413862448
Dorado,1995-1999,2,0,1,0.009072561888935566,0.13038343572652739,0.009001542865376464,100000,900.1542865376396,99217.2109220251,0.9907113847590282,7958810.178972995,79.58810178972995
Dorado,1995-1999,2,1,4,2.644340956552957e-4,1.5093544897580324,0.001057040203688662,99099.84571346236,104.75252109847497,396138.481457489,0.998915258319007,7859592.96805097,79.30984061041048
Dorado,1995-1999,2,5,5,1.270013901124489e-4,2.5,6.348053976423659e-4,98995.09319236389,62.84261949862412,494818.3594130729,0.9993143042411065,7463454.486593481,75.3921658732191
Dorado,1995-1999,2,10,5,1.473779698938178e-4,2.5,7.366184461411424e-4,98932.25057286526,72.87532069024746,494479.0645626007,0.9983199932466658,6968636.127180409,70.43846760615125
Dorado,1995-1999,2,15,5,5.255075877361691e-4,2.5,0.0026240904900223135,98859.37525217501,259.4159464487602,493648.33639475313,0.9965546388814218,6474157.062617808,65.48854922563724
Dorado,1995-1999,2,20,5,8.555846578088111e-4,2.5,0.004268792505606141,98599.95930572625,420.9027673373639,491947.5396102879,0.9953665147610794,5980508.726223054,60.65427174953948
Dorado,1995-1999,2,25,5,0.0010024542949377076,2.5,0.004999741443978302,98179.05653838889,490.86989790567895,489668.1079471803,0.9933366190019398,5488561.186612766,55.903584533496606
Dorado,1995-1999,2,30,5,0.0016740529569494018,2.5,0.008335380115423204,97688.18664048321,814.2681684348354,486405.26278132893,0.9918333516785584,4998893.078665586,51.17193030783501
Dorado,1995-1999,2,35,5,0.0016057197198823768,2.5,0.007996498262038484,96873.91847204838,774.6521206985926,482432.9620584954,0.9910958349794995,4512487.815884258,46.58103942792686
Dorado,1995-1999,2,40,5,0.0019735188256121273,2.5,0.009819148442304715,96099.26635134978,943.6129615004756,478137.2993529977,0.9868647967735561,4030054.853825762,41.93637482196197
Dorado,1995-1999,2,45,5,0.003324226860346901,2.5,0.016484141734922023,95155.6533898493,1568.5592773574026,471856.86875585304,0.9814987616364107,3551917.5544727645,37.32744643054139
Dorado,1995-1999,2,50,5,0.004153106090824425,2.5,0.020552142384827332,93587.0941124919,1923.4152835821733,463126.9323535041,0.9771682793673575,3080060.685716911,32.91116916200722
Dorado,1995-1999,2,55,5,0.005095931036009915,2.5,0.025159132173840207,91663.67882890973,2306.178611196985,452552.9476165562,0.9656755582472962,2616933.753363407,28.549298771304112
Dorado,1995-1999,2,60,5,0.008940731274945046,2.5,0.043726293769127546,89357.50021771275,3907.272304994578,437019.3203260773,0.9470686023697398,2164380.805746851,24.221590806294962
Dorado,1995-1999,2,65,5,0.012915461188928456,2.5,0.06255741139719163,85450.22791271817,5345.54506151969,413887.27690979163,0.9164975350019154,1727361.4854207737,20.21482595909704
Dorado,1995-1999,2,70,5,0.02235196934846368,2.5,0.10584522374996705,80104.68285119848,8478.698079805268,379326.66905647924,0.8691224305841155,1313474.208510982,16.396971584680966
Dorado,1995-1999,2,75,5,0.03451649314553807,2.5,0.15887310926067436,71625.98477139321,11379.44290448894,329681.31659574364,0.7974637997254493,934147.5394545028,13.042020189125457
Dorado,1995-1999,2,80,5,0.05830733254636842,2.5,0.2544464310549484,60246.54186690427,15329.517561436318,262908.91543093056,0.5650560684970442,604466.2228587591,10.033210274444242
Dorado,1995-1999,2,85,NA,0.12265252593996975,7.604183774619488,1,44917.02430546795,44917.02430546795,341557.30742782855,0,341557.30742782855,7.604183774619488
Dorado,2000-2004,1,0,1,0.012074463515956943,0.12519601177708373,0.011948256604445089,100000,1194.825660444505,98954.76174701206,0.9875778318001649,7322542.381881022,73.22542381881021
Dorado,2000-2004,1,1,4,0.00041082727623341733,1.616999902850807,0.001641701876433943,98805.1743395555,162.2086401146371,394834.15415307035,0.9983370603998427,7223587.620134009,73.10940614617316
Dorado,2000-2004,1,5,5,2.0046238487874857e-4,2.5,0.0010018098614087104,98642.96569944086,98.82149579630641,492967.7747577135,0.9989193035937312,6828753.46598094,69.22696836577012
Dorado,2000-2004,1,10,5,2.3206697157097519e-4,2.5,0.0011596620596992756,98544.14420364455,114.27790523850126,492435.02625512646,0.9974069939814678,6335785.691223226,64.29388313657813
Dorado,2000-2004,1,15,5,8.072285844196653e-4,2.5,0.004028014101794791,98429.86629840605,396.4768894877634,491158.13926831086,0.9924867468708506,5843350.664968099,59.36562635626302
Dorado,2000-2004,1,20,5,0.0022147123618227148,2.5,0.01101258752479652,98033.38940891829,1079.601281218158,487467.943841546,0.9891927910511601,5352192.525699789,54.595608271531304
Dorado,2000-2004,1,25,5,0.0021312035801161057,2.5,0.010599543438272423,96953.78812770013,1027.665888764619,482199.7759165891,0.9900100876756022,4864724.581858242,50.175704073066214
Dorado,2000-2004,1,30,5,0.0018835781300180795,2.5,0.009373750173034942,95926.12223893551,899.1875049357914,477382.6424323381,0.9886811276639701,4382524.805941653,45.686458533427796
Dorado,2000-2004,1,35,5,0.002674240187674034,2.5,0.013282400117909966,95026.93473399972,1262.185769115502,471979.20924720983,0.9838853106691969,3905142.1635093153,41.095108186332915
Dorado,2000-2004,1,40,5,0.003833409751876341,2.5,0.01898510454710356,93764.74896488422,1780.1335619312595,464373.41091959295,0.9763790882872517,3433162.9542621053,36.614644545658166
Dorado,2000-2004,1,45,5,0.005750793928895622,2.5,0.028346433401697294,91984.61540295296,2607.43577450054,453404.48757851345,0.9687821585858932,2968789.5433425126,32.274848683524596
Dorado,2000-2004,1,50,5,0.006953413186902615,2.5,0.03417301814696466,89377.17962845242,3054.287981367612,439250.17818884307,0.9527428656612504,2515385.055763999,28.14348210830373
Dorado,2000-2004,1,55,5,0.012542146448195879,2.5,0.060804194461963085,86322.8916470848,5248.79389022832,418492.47350985324,0.9388680967479851,2076134.8775751558,24.05080318744476
Dorado,2000-2004,1,60,5,0.012686142913861522,2.5,0.061480828138731354,81074.09775685648,4984.502670691989,392909.23210755247,0.9127198884882904,1657642.4040653026,20.446017284541593
Dorado,2000-2004,1,65,5,0.024351284519103008,2.5,0.11476946297782109,76089.5950861645,8732.761966238948,358616.0705152251,0.8711767678363168,1264733.17195775,16.621630993377686
Dorado,2000-2004,1,70,5,0.03119689292664505,2.5,0.14469906179009617,67356.83311992555,9746.47055760531,312417.9892056145,0.8109475344336025,906117.101442525,13.452489665439405
Dorado,2000-2004,1,75,5,0.05478047766794358,2.5,0.2409095392522164,57610.36256232024,13878.885901041707,253354.5980589969,0.7059597872207393,593699.1122369105,10.305422250982609
Dorado,2000-2004,1,80,5,0.08900734656733834,2.5,0.3640327581666778,43731.47666127853,15919.690067706917,178858.15813712537,0.4744790919602481,340344.5141779136,7.782598260151302
Dorado,2000-2004,1,85,NA,0.1329267618048295,5.80639994117149,1,27811.786593571615,27811.786593571615,161486.35604078826,0,161486.35604078826,5.80639994117149
Dorado,2000-2004,2,0,1,0.006350336883477223,0.13597834311349577,0.006315683808951922,100000,631.5683808952017,99454.31124110181,0.99342156542869,8034546.5329958,80.34546532995799
Dorado,2000-2004,2,1,4,2.1996294968556294e-4,1.5137243824428352,8.793708809039214e-4,99368.4316191048,87.38170524693851,397256.47147324315,0.9991342550795544,7935092.221754698,79.85526280792259
Dorado,2000-2004,2,5,5,1.003397291019783e-4,2.5,5.015728263061004e-4,99281.04991385786,49.796676803933224,496280.7578772795,0.9994139772744195,7537835.750281455,75.92421470987394
Dorado,2000-2004,2,10,5,1.3414797489210188e-4,2.5,6.705150038857444e-4,99231.25323705393,66.53604414981965,495989.9260748951,0.998683969555429,7041554.992404176,70.96106078175369
Dorado,2000-2004,2,15,5,3.927811148414323e-4,2.5,0.001961979003456479,99164.7171929041,194.55909301618522,495337.18823198,0.9971343908330962,6545565.066329281,66.00699575027538
Dorado,2000-2004,2,20,5,7.556278861173504e-4,2.5,0.0037710157189961018,98970.15809988792,373.2180219061993,493917.7454446741,0.9958117334663569,6050227.8780973,61.131840084472415
Dorado,2000-2004,2,25,5,9.23546787442016e-4,2.5,0.004607096763671272,98596.94007798172,454.24564354115864,491849.0862810557,0.9950427314347198,5556310.132652626,56.35377860872824
Dorado,2000-2004,2,30,5,0.0010646383368305965,2.5,0.005309061109179459,98142.69443444056,521.0455621719884,489410.8582667728,0.9942565775307521,5064461.046371571,51.603036533245344
Dorado,2000-2004,2,35,5,0.0012398516426514923,2.5,0.006180102188631639,97621.64887226858,603.3117658533301,486599.9649467096,0.9922920318141589,4575050.188104798,46.86511896650042
Dorado,2000-2004,2,40,5,0.0018576543724883438,2.5,0.009245335268724056,97018.33710641525,896.967053762899,482849.26789766893,0.9903481327176811,4088450.223158088,42.14100493882556
Dorado,2000-2004,2,45,5,0.0020226145476160947,2.5,0.010062192893760872,96121.37005265235,967.191766682372,478188.8708465558,0.986580344972786,3605600.9552604193,37.51091930218412
Dorado,2000-2004,2,50,5,0.0033907501607097143,2.5,0.016811243982956223,95154.17828596997,1599.6601071631449,471771.741161942,0.9792384620098413,3127412.0844138637,32.8667867323172
Dorado,2000-2004,2,55,5,0.005018047417447546,2.5,0.02477937686700415,93554.51817880683,2318.222663563647,461977.03423512506,0.9679019761249754,2655640.3432519217,28.38601913566919
Dorado,2000-2004,2,60,5,0.008080531216471433,2.5,0.03960263035525708,91236.29551524318,3613.197286273178,447148.48436053295,0.9510764652751662,2193663.3090167963,24.043756891140905
Dorado,2000-2004,2,65,5,0.012079872747285498,2.5,0.058628792844214794,87623.09822897,5137.236474434569,425272.3999587636,0.9191580339866718,1746514.8246562635,19.93212817118614
Dorado,2000-2004,2,70,5,0.022038553664363088,2.5,0.10443858018663293,82485.86175453544,8614.706287114575,390892.54305489076,0.8675974936673354,1321242.4246975,16.017804707300062
Dorado,2000-2004,2,75,5,0.03564146864693383,2.5,0.16362752957211932,73871.15546742086,12087.354675772032,339137.3906476742,0.7900882828535081,930349.8816426091,12.594224034480117
Dorado,2000-2004,2,80,5,0.06116179578962654,2.5,0.2652509221190015,61783.80079164883,16388.210132001543,267948.4786282403,0.5467814318717837,591212.4909949349,9.569053431799356
Dorado,2000-2004,2,85,NA,0.11867864831564469,7.121044305610237,1,45395.590659647285,45395.590659647285,323264.0123666946,0,323264.0123666946,7.121044305610237
Dorado,2005-2009,1,0,1,0.012728127709771076,0.1238916575615373,0.012587758855686613,100000,1258.7758855686698,98897.17594539293,0.9869571832242344,7493357.788889607,74.93357788889607
Dorado,2005-2009,1,1,4,4.075040342998183e-4,1.6150730825678163,0.0016284335158492655,98741.22411443133,160.79351874392887,394581.41566672426,0.9984014462271565,7394460.612944215,74.8872690131405
Dorado,2005-2009,1,5,5,1.7245208390484682e-4,2.5,8.618888332107803e-4,98580.4305956874,84.96537230352988,492689.73954767815,0.9990470421109844,6999879.19727749,71.0067825325944
Dorado,2005-2009,1,10,5,2.0893017335834457e-4,2.5,0.0010441055039318707,98495.46522338387,102.83965735205857,492220.22697353916,0.9973227697834921,6507189.457729812,66.06587869778329
Dorado,2005-2009,1,15,5,8.642757784744004e-4,2.5,0.00431206186580725,98392.62556603181,424.2750885799469,490902.4401087092,0.9938655309172248,6014969.230756273,61.13231755076598
Dorado,2005-2009,1,20,5,0.0015993228512198182,2.5,0.00796476866477346,97968.35047745187,780.2952480223466,487891.01426720346,0.9903028168186302,5524066.7906475635,56.38623865489057
Dorado,2005-2009,1,25,5,0.0023018720967100214,2.5,0.01144350676129427,97188.05522942952,1112.1721671350097,483159.84572931007,0.9888075252796916,5036175.77638036,51.818875935850144
Dorado,2005-2009,1,30,5,0.002199738306803514,2.5,0.010938536738308484,96075.88306229451,1050.9295765423303,477752.0913701167,0.9883237058266341,4553015.93065105,47.389790086019055
Dorado,2005-2009,1,35,5,0.002499969744706614,2.5,0.012422210845343755,95024.95348575218,1180.4200077690039,472173.7174093384,0.9856009087887798,4075263.839280933,42.886249240753045
Dorado,2005-2009,1,40,5,0.0033072886913094375,2.5,0.016400837693964065,93844.53347798318,1539.1289620381867,465374.8449848204,0.9796347639179211,3603090.121871595,38.39424618927765
Dorado,2005-2009,1,45,5,0.00493939774265458,2.5,0.024395738079274993,92305.40451594499,2251.858471872518,455897.37640004366,0.9717645504399123,3137715.276886774,33.99275799007803
Dorado,2005-2009,1,50,5,0.006539425706055757,2.5,0.03217117599208704,90053.54604407247,2897.1284784953605,443024.9090241239,0.9609616479645343,2681817.9004867305,29.780258727115985
Dorado,2005-2009,1,55,5,0.009444617407317755,2.5,0.04613379688380271,87156.41756557711,4020.856465090241,425729.94666516,0.9459251611229023,2238792.991462607,25.687069914021226
Dorado,2005-2009,1,60,5,0.012881905085446834,2.5,0.062399949849005355,83135.56110048687,5187.654843339304,402708.66839408607,0.9190949251886181,1813063.0447974468,21.808513959579553
Dorado,2005-2009,1,65,5,0.021194899792432356,2.5,0.10064176846812412,77947.90625714757,7844.815134106888,370127.49345047056,0.8844764134896921,1410354.3764033606,18.093550476527852
Dorado,2005-2009,1,70,5,0.028281743221389335,2.5,0.13207073926926557,70103.09112304068,9258.56706968067,327369.0379410017,0.842060400620277,1040226.8829528901,14.838530887705753
Dorado,2005-2009,1,75,5,0.04143894725936087,2.5,0.18774486264354937,60844.52405336001,11423.246811010213,275664.50323927455,0.7558854766844737,712857.8450118884,11.71605589989856
Dorado,2005-2009,1,80,5,0.07435896547898854,2.5,0.31351348194253637,49421.277242349795,15494.236710296515,208370.79443600768,0.5233898265898519,437193.34177261393,8.846257445527465
Dorado,2005-2009,1,85,NA,0.14937076827407778,6.744547822272366,1,33927.04053205328,33927.04053205328,228822.54733660625,0,228822.54733660625,6.744547822272366
Dorado,2005-2009,2,0,1,0.0066067398110983815,0.13545136586844383,0.006569217440389889,100000,656.9217440389912,99432.05920345976,0.993203431152026,8161643.905519058,81.61643905519058
Dorado,2005-2009,2,1,4,2.0519344453974556e-4,1.5133118832244856,8.203551902002913e-4,99343.07825596101,81.496609857757,397169.65637255326,0.9991754483719136,8062211.846315598,81.15524491342033
Dorado,2005-2009,2,5,5,9.324322135065681e-5,2.5,4.661074533521688e-4,99261.58164610325,46.26656303675554,496192.24182292435,0.9994693350409138,7665042.189943045,77.22063322818265
Dorado,2005-2009,2,10,5,1.1908595702831749e-4,2.5,5.952525695867805e-4,99215.3150830665,59.05817124557507,495928.9299872185,0.9988234134434976,7168849.948120121,72.25547731333728
Dorado,2005-2009,2,15,5,3.519627802482859e-4,2.5,0.0017582667900717997,99156.25691182092,174.3431535558775,495345.4266752149,0.9973675358875892,6672921.018132903,67.29702417132478
Dorado,2005-2009,2,20,5,7.028731530670347e-4,2.5,0.0035082012142126045,98981.91375826504,347.24847003183095,494041.4476162456,0.9959974145107501,6177575.591457687,62.41115529999395
Dorado,2005-2009,2,25,5,9.017704559746699e-4,2.5,0.004498710269845009,98634.66528823321,443.72878169491014,492064.0044869288,0.9952106912039963,5683534.143841442,57.62207563875079
Dorado,2005-2009,2,30,5,0.0010188325661976891,2.5,0.005081220548561178,98190.9365065383,498.9298042594892,489707.3580220428,0.9942109873614776,5191470.139354513,52.8711745101731
Dorado,2005-2009,2,35,5,0.0013043232328911964,2.5,0.006500419543869459,97692.00670227881,635.0390296473197,486872.43593727576,0.9929711408356587,4701762.7813324705,48.12842872253943
Dorado,2005-2009,2,40,5,0.0015178894641156315,2.5,0.007560756339606571,97056.9676726315,733.8240836338373,483450.2781540729,0.9909322240217312,4214890.345395194,43.42697331748317
Dorado,2005-2009,2,45,5,0.0021285218868264295,2.5,0.01058627663036283,96323.14358899766,1019.7034439393028,479066.45933514,0.9852116914798474,3731440.0672411215,38.73876960622098
Dorado,2005-2009,2,50,5,0.0038436424922512185,2.5,0.01903530023912643,95303.44014505835,1814.1295969827916,471981.87673283485,0.9773579516226499,3252373.6079059816,34.12650795139867
Dorado,2005-2009,2,55,5,0.005333948375857246,2.5,0.026318784287523798,93489.31054807556,2460.5249975041224,461295.2402466175,0.970957981070014,2780391.731173147,29.740210029074603
Dorado,2005-2009,2,60,5,0.006470783822399117,2.5,0.03183886311113776,91028.78555057144,2898.253042317767,447898.2951470628,0.9563626261303415,2319096.4909265293,25.476517970660446
Dorado,2005-2009,2,65,5,0.011485356522042979,2.5,0.055823889428870684,88130.53250825367,4919.789102048235,428353.1897861478,0.9291933025131526,1871198.1957794665,21.23212174627702
Dorado,2005-2009,2,70,5,0.018120365727084694,2.5,0.08667535577021958,83210.74340620544,7212.320788637313,398022.9150594339,0.8923145068707422,1442845.0059933187,17.33964806623418
Dorado,2005-2009,2,75,5,0.027965287275367758,2.5,0.13068951200882756,75998.42261756813,9932.19676533062,355161.62117451406,0.8225835916556982,1044822.0909338848,13.747944430261889
Dorado,2005-2009,2,80,5,0.05227587384255972,2.5,0.2311680850823243,66066.2258522375,15272.402918878106,292150.12196399225,0.5763855769985972,689660.4697593708,10.438926408507921
Dorado,2005-2009,2,85,NA,0.11508305809062315,7.825958450044312,1,50793.8229333594,50793.8229333594,397510.34779537853,0,397510.34779537853,7.825958450044312
Dorado,2010-2014,1,0,1,0.010112950858210278,0.1291101122099843,0.010024660995862826,100000,1002.4660995862796,99126.96241101802,0.98961359315416,7723699.793913086,77.23699793913086
Dorado,2010-2014,1,1,4,3.298931972456176e-4,1.6227956964194654,0.0013185387598641225,98997.53390041372,130.53208557867038,395679.83416606195,0.9986336847048133,7624572.831502068,77.01780570788748
Dorado,2010-2014,1,5,5,1.6536076561579e-4,2.5,8.264621670372157e-4,98867.00181483505,81.70983656834869,494130.7344827544,0.999089665982099,7228892.997336006,73.11734820152407
Dorado,2010-2014,1,10,5,1.9895395609888691e-4,2.5,9.942752430118138e-4,98785.2919782667,98.21977018768666,493680.91046586435,0.9977850235623094,6734762.262853251,68.17575904249931
Dorado,2010-2014,1,15,5,6.885617670672976e-4,2.5,0.0034368925533121647,98687.07220807901,339.17686358012725,492587.4188814448,0.9942529696719551,6241081.352387387,63.24112381435571
Dorado,2010-2014,1,20,5,0.0016195580131703822,2.5,0.008065135180081402,98347.89534449889,793.1890706298873,489756.50404591975,0.9897211000796007,5748493.933505942,58.450604493057774
Dorado,2010-2014,1,25,5,0.0025178830225898543,2.5,0.012510664140845376,97554.706273869,1220.4741655511752,484722.3459554671,0.9882490654152726,5258737.429460023,53.905522658199295
Dorado,2010-2014,1,30,5,0.002208442069595118,2.5,0.010981579890424009,96334.23210831782,1057.902066080147,479026.40537638875,0.9883955918594418,4774015.083504556,49.5567876446731
Dorado,2010-2014,1,35,5,0.0024618899625507384,2.5,0.012234151972897699,95276.33004223768,1165.6251011566928,473467.5874582967,0.9871318682161732,4294988.678128166,45.07928334586483
Dorado,2010-2014,1,40,5,0.002720368815397062,2.5,0.01350996386598986,94110.70494108099,1271.4322231568513,467374.9441475128,0.9839832025426072,3821521.09066987,40.606656735409366
Dorado,2010-2014,1,45,5,0.003746354773165385,2.5,0.01855796209117568,92839.27271792413,1722.9077036715462,459889.0943304418,0.9782458242886385,3354146.146522357,36.128526735806545
Dorado,2010-2014,1,50,5,0.005065511539476907,2.5,0.025010826126495498,91116.36501425259,2278.8955626497773,449884.58616463846,0.9673653167526176,2894257.0521919155,31.764404250972813
Dorado,2010-2014,1,55,5,0.008257854216122306,2.5,0.040454110708918724,88837.46945160281,3593.8408242953155,435202.74519727577,0.9547567243470246,2444372.466027277,27.515106870068276
Dorado,2010-2014,1,60,5,0.010305720603117225,2.5,0.05023435007422575,85243.6286273075,4282.158282061457,415512.7474313838,0.9321056986602054,2009169.7208300012,23.569734808149295
Dorado,2010-2014,1,65,5,0.018079494586315057,2.5,0.08648831057454523,80961.47034524604,7002.220791791478,387301.7997467515,0.9038920164312663,1593656.9733986172,19.684140698072127
Dorado,2010-2014,1,70,5,0.02252890662933174,2.5,0.1066384158615471,73959.24955345456,7886.897210689218,350079.0047405497,0.8616080151464405,1206355.1736518657,16.31107915420321
Dorado,2010-2014,1,75,5,0.03810072183057938,2.5,0.17393590072793144,66072.35234276534,11492.354117952142,301630.87641894637,0.787132587717085,856276.1689113161,12.959674335025774
Dorado,2010-2014,1,80,5,0.0597691466682055,2.5,0.2599963355581064,54579.9982248132,14190.599533219385,237423.49229101755,0.571936342911837,554645.2924923697,10.162061387539884
Dorado,2010-2014,1,85,NA,0.15052711876602187,7.854085737289647,1,40389.398691593815,40389.398691593815,317221.8002013521,0,317221.8002013521,7.854085737289647
Dorado,2010-2014,2,0,1,0.005087004299218232,0.13857483267394574,0.005064809929692656,100000,506.4809929692565,99563.704525884,0.9947038420479986,8353908.264520289,83.5390826452029
Dorado,2010-2014,2,1,4,1.880785605597531e-4,1.51575955424439,7.519629008328684e-4,99493.51900703074,74.81543516660167,397788.2164981153,0.99924716878403,8254344.559994405,82.96364067101807
Dorado,2010-2014,2,5,5,9.337958924159896e-5,2.5,4.667889748011712e-4,99418.70357186414,46.407554716366576,496977.4989725298,0.9995073664061616,7856556.34349629,79.02493254518483
Dorado,2010-2014,2,10,5,1.0372494668705238e-4,2.5,5.184902824929886e-4,99372.29601714778,51.52356983390928,496732.6711611541,0.9987811857272368,7359578.8445237605,74.06067022194782
Dorado,2010-2014,2,15,5,3.8426911510030994e-4,2.5,0.00191950156258433,99320.77244731387,190.64637790969573,496127.2462917951,0.9975477670724402,6862846.173362606,69.09779298185686
Dorado,2010-2014,2,20,5,5.980907136653282e-4,2.5,0.0029859888378390917,99130.12606940417,296.00144993682625,494910.6267221788,0.9964298540185301,6366718.927070811,64.22587340011317
Dorado,2010-2014,2,25,5,8.329414013193374e-4,2.5,0.004156052635830573,98834.12461946734,410.7598241347441,493143.72353699984,0.9955573615273217,5871808.300348632,59.41073817324085
Dorado,2010-2014,2,30,5,9.483270620425057e-4,2.5,0.004730420346139826,98423.3647953326,465.58388736337656,490952.8642582545,0.9951105041097558,5378664.576811632,54.64824930539966
Dorado,2010-2014,2,35,5,0.0010124215249406223,2.5,0.005049327505071589,97957.78090796922,494.62091747438535,488552.35224616015,0.9934442838169669,4887711.712553378,49.89610490610598
Dorado,2010-2014,2,40,5,0.0016204884103689192,2.5,0.008069749712136857,97463.15999049484,786.5033072772349,485349.54168428114,0.9908564305907472,4399159.360307218,45.13663789206351
Dorado,2010-2014,2,45,5,0.0020557361192254007,2.5,0.010226125059515598,96676.6566832176,988.6275815784466,480911.7144621419,0.9880585134340387,3913809.818622937,40.4835040111844
Dorado,2010-2014,2,50,5,0.002753742283645381,2.5,0.01367457080861097,95688.02910163916,1308.4927294867957,475168.91368447884,0.9808760436356135,3432898.104160795,35.87594118501902
Dorado,2010-2014,2,55,5,0.004991293542008316,2.5,0.02464889305819403,94379.53637215236,2326.3510989191273,466081.80411346396,0.9741282590855467,2957729.190476316,31.338670480574898
Dorado,2010-2014,2,60,5,0.005499689362058187,2.5,0.027125492355914892,92053.18527323323,2496.98797346669,454023.45643249946,0.9615745231346488,2491647.386362852,27.067476035371488
Dorado,2010-2014,2,65,5,0.010264936462652268,2.5,0.05004052528182222,89556.19729976654,4481.439155122833,436577.38861102564,0.9400232999391096,2037623.9299303526,22.75246148638855
Dorado,2010-2014,2,70,5,0.014601492923199866,2.5,0.07043627759393825,85074.75814464371,5992.349280913273,410392.91752093536,0.9072095407722719,1601046.541319327,18.81928995433916
Dorado,2010-2014,2,75,5,0.024817519829790913,2.5,0.11683849498360802,79082.40886373044,9239.869631316615,372312.3702403606,0.8471686104178329,1190653.6237983915,15.055859335924465
Dorado,2010-2014,2,80,5,0.04286636161503315,2.5,0.19358599040446084,69842.53923241382,13520.53712966924,315411.353337896,0.6145723413471672,818341.2535580309,11.716945897898281
Dorado,2010-2014,2,85,NA,0.10889877936086412,8.929545851418288,1,56322.002102744584,56322.002102744584,502929.900220135,0,502929.900220135,8.929545851418288
Dorado,2015-2019,1,0,1,0.008843751264937253,0.13164273653838096,0.008776352949608709,100000,877.6352949608699,99237.89901695045,0.990850761959129,7843230.717496213,78.43230717496212
Dorado,2015-2019,1,1,4,3.2113975971349504e-4,1.626556848562829,0.0012835806847180714,99122.36470503913,127.23155275896715,396187.48196261405,0.9987117850821404,7743992.818479262,78.12558590105526
Dorado,2015-2019,1,5,5,1.5238806583501598e-4,2.5,7.616501631870523e-4,98995.13315228016,75.39965932015912,494787.1666131004,0.9991801128999056,7347805.3365166485,74.22390477735729
Dorado,2015-2019,1,10,5,1.7571083725154035e-4,2.5,8.781684269838189e-4,98919.73349296,86.86818675918039,494381.49699790205,0.9980362755290307,6853018.1699035475,69.27857494067418
Dorado,2015-2019,1,15,5,6.109787450490715e-4,2.5,0.003050234653893005,98832.86530620082,301.4634307005035,493410.66795425286,0.9953048594502263,6358636.672905645,64.33726932033713
Dorado,2015-2019,1,20,5,0.0012730546453479114,2.5,0.0063450791455362445,98531.40187550032,625.1895432206948,491094.0355194499,0.99265730078465,5865226.004951393,59.5264645920944
Dorado,2015-2019,1,25,5,0.0016763338560817566,2.5,0.008346689684149412,97906.21233227963,817.1927724879788,487488.0797301782,0.9917665397588517,5374131.969431943,54.89061257106864
Dorado,2015-2019,1,30,5,0.001630474688902866,2.5,0.008119277752345899,97089.01955979165,788.2927165089059,483474.366007686,0.989244059955136,4886643.889701765,50.331581386424
Dorado,2015-2019,1,35,5,0.002700952613416618,2.5,0.01341418536950653,96300.72684328274,1291.7958010940056,478274.1447136787,0.9864009693192147,4403169.523694078,45.72311827780573
Dorado,2015-2019,1,40,5,0.002776416228369741,2.5,0.01378638925470524,95008.93104218873,1309.8301060210506,471770.07994589105,0.9854981157396523,3924895.3789804,41.3108045309714
Dorado,2015-2019,1,45,5,0.0030688414594273314,2.5,0.015227381249891227,93699.10093616768,1426.7919327270647,464928.52484902076,0.9799999813473703,3453125.299034509,36.853345064505405
Dorado,2015-2019,1,50,5,0.005031802138245773,2.5,0.024846454582982666,92272.30900344062,2292.639734920929,455629.94567990076,0.9687592453990768,2988196.7741854885,32.38454533606681
Dorado,2015-2019,1,55,5,0.0077052164793003555,2.5,0.03779797838172404,89979.66926851969,3401.0495938061795,441395.722358083,0.9530932679368284,2532566.8285055878,28.14598952289806
Dorado,2015-2019,1,60,5,0.011601672908575413,2.5,0.05637330298777656,86578.61967471351,4880.722759186101,420691.2914756023,0.9344929896041545,2091171.1061475046,24.153435501793524
Dorado,2015-2019,1,65,5,0.015624655735456844,2.5,0.07518637559077758,81697.89691552741,6142.568762467461,393133.06267146836,0.9087804072210055,1670479.8146719022,20.44703569786033
Dorado,2015-2019,1,70,5,0.02295734064067171,2.5,0.1085562936720627,75555.32815305995,8202.006391472649,357271.6247866181,0.8642940788144633,1277346.7520004339,16.906110835926558
Dorado,2015-2019,1,75,5,0.03624348309375315,2.5,0.1661617170151012,67353.3217615873,11191.543590575922,308787.7498314967,0.7995284068655175,920075.1272138158,13.660426882442934
Dorado,2015-2019,1,80,5,0.054963843414048426,2.5,0.2416185119309692,56161.77817101138,13569.72526907696,246884.5776823645,0.5961235470956652,611287.3773823191,10.884402119907287
Dorado,2015-2019,1,85,NA,0.1315621597980419,8.555652401610452,1,42592.05290193442,42592.05290193442,364402.79969995463,0,364402.79969995463,8.555652401610452
Dorado,2015-2019,2,0,1,0.0057932473544179235,0.13712331250988546,0.0057644317780075225,100000,576.4431778007565,99502.60062021301,0.9940572255862873,8510671.383692592,85.10671383692592
Dorado,2015-2019,2,1,4,1.7025774993992564e-4,1.5146212694971817,6.807429399874646e-4,99423.55682219924,67.68188437515346,397526.01217293064,0.9992979274040255,8411168.78307238,84.59935504132295
Dorado,2015-2019,2,5,5,8.030291710124914e-5,2.5,4.0143399470424977e-4,99355.87493782409,39.88482577362447,496679.6626246864,0.9995434694727392,8013642.7708994495,80.65595291586237
Dorado,2015-2019,2,10,5,1.0235602245196052e-4,2.5,5.116491863207961e-4,99315.99011205047,50.814945529491524,496452.9131964286,0.9989800316388571,7516963.1082747625,75.68733997208265
Dorado,2015-2019,2,15,5,3.05943374567539e-4,2.5,0.0015285477501954892,99265.17516652097,151.73156017353176,495946.54693217104,0.9978221205477622,7020510.195078335,70.72480538417598
Dorado,2015-2019,2,20,5,5.664420488266042e-4,2.5,0.0028282052082513613,99113.44360634744,280.31315741520666,494866.4351381992,0.9967462248085893,6524563.648146164,65.829249905391407
Dorado,2015-2019,2,25,5,7.374675814586835e-4,2.5,0.0036805521874930603,98833.13044893224,363.76049447061087,493256.2510084847,0.9961241764682024,6029697.213007964,61.00886601101389
Dorado,2015-2019,2,30,5,8.160245986021052e-4,2.5,0.004071816237483592,98469.36995446162,400.9491794753558,491344.47682361974,0.9952304735879137,5536440.96199948,56.22500646200819
Dorado,2015-2019,2,35,5,0.0010970182236244908,2.5,0.005470089149418048,98068.42077498627,536.4430043818138,489000.9963639768,0.994097746330603,5045096.48517586,51.44465920126944
Dorado,2015-2019,2,40,5,0.0012713872944582695,2.5,0.006336795170124146,97531.97777060446,618.0401656694157,486114.78843884874,0.9928195086167265,4556095.488811883,46.71386342157272
Dorado,2015-2019,2,45,5,0.0016123869897374827,2.5,0.008029568021161082,96913.93760493504,778.177054197382,482624.2453891818,0.9886299693138955,4069980.700373034,41.99582434638155
Dorado,2015-2019,2,50,5,0.00296938730953262,2.5,0.014737532939452529,96135.76055073766,1416.803937775825,477136.79290924873,0.9822528991233573,3587356.4549838523,37.31552581924548
Dorado,2015-2019,2,55,5,0.004204062970758254,2.5,0.020801685860651,94718.95661296183,1970.3139805114624,468668.9981135305,0.9751451432036916,3110219.6620746036,32.836295640201186
Dorado,2015-2019,2,60,5,0.005884128929683414,2.5,0.02899413162667811,92748.64263245037,2689.166352680986,457020.29728054936,0.9657792982356476,2641550.663961073,28.480747415670127
Dorado,2015-2019,2,65,5,0.00808067825673505,2.5,0.03960333672868123,90059.47627976938,3566.6557647163863,441380.741987056,0.9455777021365814,2184530.366680524,24.25652976144664
Dorado,2015-2019,2,70,5,0.014476061414839887,2.5,0.06985234015892232,86492.820515053,6041.725919922101,417359.7877754597,0.9143945197608354,1743149.6246934677,20.15369153547368
Dorado,2015-2019,2,75,5,0.021616632923386187,2.5,0.10254165151645828,80451.0945951309,8249.588106091542,381631.50271042564,0.8670640215300115,1325789.836918008,16.479450572922946
Dorado,2015-2019,2,80,5,0.03639611110713919,2.5,0.1668030955399766,72201.50648903936,12043.434785021462,330898.94548264315,0.6495302392682245,944158.3342075824,13.076712386200857
Dorado,2015-2019,2,85,NA,0.11362797791352655,10.194133078969358,1,60158.07170401789,60158.07170401789,613259.3887249393,0,613259.3887249393,10.194133078969358
Dorado,2020-2024,1,0,1,0.009721107901236753,0.12989201523847713,0.009639572410805087,100000,963.9572410804976,99161.25310756717,0.9899762377281813,7771426.530801296,77.71426530801297
Dorado,2020-2024,1,1,4,3.3737861083925434e-4,1.6239559683262443,0.001348433503415246,99036.0427589195,133.54351810181106,395826.8657565235,0.9986414095150011,7672265.27769373,77.46942490796101
Dorado,2020-2024,1,5,5,1.5930185124237182e-4,2.5,7.96192168995695e-4,98902.49924081769,78.7453953896329,494315.6327156144,0.9990988584260193,7276438.411937206,73.57183557333376
Dorado,2020-2024,1,10,5,2.0133621077972645e-4,2.5,0.0010061746054425258,98823.75384542806,99.43395153377787,493870.1843483058,0.9977630066307086,6782122.779221592,68.62846750215162
Dorado,2020-2024,1,15,5,6.950158828583413e-4,2.5,0.0034690517990447205,98724.31989389428,342.47977953737427,492765.40002062795,0.9950777487083247,6288252.594873286,63.695071301901066
Dorado,2020-2024,1,20,5,0.0012801860311572719,2.5,0.006380509557767561,98381.8401143569,627.7262711604271,490339.8848938835,0.9916295135713292,5795487.194852658,58.908099178833304
Dorado,2020-2024,1,25,5,0.002085464895919756,2.5,0.010373241900000442,97754.11384319648,1014.0270696156513,486235.50154194323,0.9894961652102517,5305147.309958775,54.2703227658383
Dorado,2020-2024,1,30,5,0.0021385318047492537,2.5,0.010635796550764636,96740.08677358083,1028.9078812271327,481128.1641648363,0.9887486501492152,4818911.808416831,49.812977940524746
Dorado,2020-2024,1,35,5,0.0023888863314333827,2.5,0.011873520430510806,95711.1788923537,1136.4286380066333,475714.82286675187,0.9856555048021858,4337783.644251995,45.32159873540684
Dorado,2020-2024,1,40,5,0.0033976493119311792,2.5,0.01684516167968006,94574.75025434706,1593.1269588498399,468890.9338746107,0.9836630556315734,3862068.821385243,40.83615141460789
Dorado,2020-2024,1,45,5,0.0031892307202949937,2.5,0.015820019372032597,92981.62329549722,1470.9710817778105,461230.6887730416,0.9788541321709368,3393177.887510632,36.49299471495624
Dorado,2020-2024,1,50,5,0.005382943421451634,2.5,0.026557325653710696,91510.65221371941,2430.278191623205,451477.56558953907,0.9668706769739792,2931947.1987375906,32.03940883177345
Dorado,2020-2024,1,55,5,0.008138405658948715,2.5,0.039880616703096464,89080.3740220962,3552.5802521437,436520.41948012175,0.9528818110960873,2480469.6331480513,27.845298814447904
Dorado,2020-2024,1,60,5,0.011238403103001943,2.5,0.05465638918059453,85527.7937699525,4674.64038204815,415952.3678946422,0.9353494771780686,2043949.2136679299,23.8980701310456
Dorado,2020-2024,1,65,5,0.01563245223580421,2.5,0.0752224815541368,80853.15338790436,6081.97483931543,389060.8298412332,0.9083074319144411,1627996.8457732876,20.135230075229646
Dorado,2020-2024,1,70,5,0.023169000119335884,2.5,0.10950235065802129,74771.17854858893,8187.619812541103,353386.8432115919,0.8627200808242523,1238936.0159320545,16.569700250571156
Dorado,2020-2024,1,75,5,0.03679405204134771,2.5,0.1684732283756681,66583.55873604782,11217.547097002891,304873.9259377319,0.7941122973631366,885549.1727204625,13.29981739532695
Dorado,2020-2024,1,80,5,0.05737353415213925,2.5,0.2508826150533437,55366.01163904493,13890.369785077455,242104.13373253105,0.5830644838506119,580675.2467827306,10.4879370861749
Dorado,2020-2024,1,85,NA,0.1316299168433627,8.163131368582123,1,41475.64185396748,41475.64185396748,338571.1130501995,0,338571.1130501995,8.163131368582123
Dorado,2020-2024,2,0,1,0.005125963295883165,0.1384947614168702,0.005103426339432517,100000,510.3426339432481,99560.33714738558,0.9947104470179565,8652677.123070905,86.52677123070904
Dorado,2020-2024,2,1,4,1.656911100120507e-4,1.5156967253457434,6.624917405822424e-4,99489.65736605675,65.91107627836755,397794.8863615927,0.9993299259075129,8553116.78592352,85.96990895700499
Dorado,2020-2024,2,5,5,7.788210421222506e-5,2.5,3.8933471554390166e-4,99423.74628977838,38.7091159800475,497021.9586589418,0.9995680665233575,8155321.899561927,82.02589626619576
Dorado,2020-2024,2,10,5,9.493229087919004e-5,2.5,4.745488293771832e-4,99385.03717379834,47.163053048425354,496807.2782363706,0.9989479640944701,7658299.940902985,77.05687051774835
Dorado,2020-2024,2,15,5,3.262252720322692e-4,2.5,0.0016297971576086003,99337.87412074991,161.90058488487557,496284.61914153735,0.9977639284102002,7161492.662666614,72.09226819129911
Dorado,2020-2024,2,20,5,5.694767546798893e-4,2.5,0.0028433357393761335,99175.97353586504,281.99059004193987,495174.89120422036,0.99674138816618,6665208.0435250765,67.20587462763585
Dorado,2020-2024,2,25,5,7.363675147457028e-4,2.5,0.0036750720645218555,98893.9829458231,363.4425140735111,493561.30844393175,0.9959239821299753,6170033.152320856,62.39037976355927
Dorado,2020-2024,2,30,5,8.976986690811833e-4,2.5,0.004478442615467262,98530.54043174958,441.2633711945673,491549.5437307615,0.9950430767333982,5676471.843876924,57.61129309758449
Dorado,2020-2024,2,35,5,0.001090476043631901,2.5,0.005437556405668807,98089.27706055502,533.3659768080397,489112.970360755,0.9941140462133867,5184922.300146163,52.859216170441066
Dorado,2020-2024,2,40,5,0.0012713888067749568,2.5,0.006336802683867258,97555.91108374698,618.1925591826002,486234.0740207784,0.9923553314180391,4695809.329785408,48.13454436148196
Dorado,2020-2024,2,45,5,0.0018002408708346345,2.5,0.008960875020547097,96937.71852456438,868.6467804755957,482516.9756716329,0.990674160958099,4209575.25576463,43.425565608890494
Dorado,2020-2024,2,50,5,0.0019482639418586351,2.5,0.009694103030834084,96069.07174408878,931.3034795637795,478017.1000215344,0.9850869399326266,3727058.280092997,38.795610412695865
Dorado,2020-2024,2,55,5,0.004077772146045817,2.5,0.020183105466994054,95137.768264525,1920.1756107773544,470888.40229568165,0.9730746015802545,3249041.1800714624,34.15090809191249
Dorado,2020-2024,2,60,5,0.006877568493704431,2.5,0.033806574882787356,93217.59265374765,3151.367526442089,458209.544452633,0.9611871747377106,2778152.7777757808,29.80288053667185
Dorado,2020-2024,2,65,5,0.008996750933106304,2.5,0.04399424158055364,90066.22512730556,3962.3952664992103,440425.13747027976,0.947942972293418,2319943.233323148,25.75819326327918
Dorado,2020-2024,2,70,5,0.01247549746680963,2.5,0.060490853606709014,86103.82986080635,5208.494167087018,417497.9138863142,0.922835827773475,1879518.095852868,21.828507499506788
Dorado,2020-2024,2,75,5,0.0199278906066861,2.5,0.0949110123545045,80895.33569371933,7677.858205448385,385282.03295497573,0.8799263259876168,1462020.181966554,18.07298491846254
Dorado,2020-2024,2,80,5,0.031936286218879006,2.5,0.14787498637100216,73217.47748827095,10827.033485697226,339019.80372711166,0.6851418294797817,1076738.1490115782,14.706026292480043
Dorado,2020-2024,2,85,NA,0.10149305054270001,11.824220152272584,1,62390.44400257372,62390.44400257372,737718.3452844664,0,737718.3452844664,11.824220152272584
Fajardo,1980-1984,1,0,1,0.02075324062245848,0.10787794599991524,0.020375990894719316,100000,2037.599089471929,98182.2129150716,0.9789569062100358,7041482.086011825,70.41482086011825
Fajardo,1980-1984,1,1,4,5.871883980017919e-4,1.5916071394342106,0.002345436721493889,97962.40091052807,229.76461242126243,391296.24018994626,0.9977209504709483,6943299.873096753,70.87719174459875
Fajardo,1980-1984,1,5,5,2.459433498776856e-4,2.5,0.0012289611123563224,97732.63629810681,120.10960941844678,488362.90746698796,0.998617358582015,6552003.632906807,67.04007874014268
Fajardo,1980-1984,1,10,5,3.0753843269094595e-4,2.5,0.0015365108231288353,97612.52668868836,149.9827037301293,487687.6766841165,0.9969503418178547,6063640.725439819,62.11949358485863
Fajardo,1980-1984,1,15,5,9.151156300358904e-4,2.5,0.0045651340862905175,97462.54398495823,444.9295816823287,486200.39597058535,0.9936658125000467,5575953.048755703,57.21124055222959
Fajardo,1980-1984,1,20,5,0.001628876982164766,2.5,0.00811135391660147,97017.6144032759,786.9442065693293,483120.71149995615,0.9906321425355679,5089752.652785117,52.46215013727709
Fajardo,1980-1984,1,25,5,0.0021382972676278786,2.5,0.01063463630376301,96230.67019670657,1023.3781788093474,478594.9055365095,0.988478364891859,4606631.941285161,47.870724914091056
Fajardo,1980-1984,1,30,5,0.002499151082480978,2.5,0.012418168216055922,95207.29201789723,1182.3001676733984,473080.7096703027,0.9842471134107486,4128037.0357486513,43.358412451985885
Fajardo,1980-1984,1,35,5,0.003862854664662781,2.5,0.019129536772428374,94024.99185022383,1798.6545391261316,465628.32290330384,0.9775617207106438,3654956.326078349,38.87217913191075
Fajardo,1980-1984,1,40,5,0.005229804873459179,2.5,0.0258115509301804,92226.3373110977,2380.504802609401,455180.424548965,0.9698461746102178,3189328.003175045,34.58153165528856
Fajardo,1980-1984,1,45,5,0.007044132833951045,2.5,0.034611150318801506,89845.8325084883,3109.6676144691446,441454.9935062686,0.9612760909077426,2734147.57862608,30.43154593027749
Fajardo,1980-1984,1,50,5,0.008785645334189978,2.5,0.04298411861799867,86736.16489401915,3728.277600274814,424360.13046940876,0.9442540233209836,2292692.5851198114,26.432948562127432
Fajardo,1980-1984,1,55,5,0.014310498026676761,2.5,0.06908103026515795,83007.88729374434,5734.270374385975,400703.76053275674,0.9221866618431022,1868332.4546504025,22.507890702468274
Fajardo,1980-1984,1,60,5,0.01823365911894219,2.5,0.08719364748094885,77273.61691935836,6737.768513244417,369523.66331368074,0.8936410445818566,1467628.6941176457,18.992623260397426
Fajardo,1980-1984,1,65,5,0.027203230195956416,2.5,0.12735498363848236,70535.84840611395,8983.09181968712,330221.5124813519,0.8380126357960465,1098105.030803965,15.568041720878808
Fajardo,1980-1984,1,70,5,0.04485817263353765,2.5,0.2016740408206038,61552.756586426825,12413.593144431732,276729.8000710548,0.7863358835942564,767883.5183226131,12.475209249880148
Fajardo,1980-1984,1,75,5,0.05164138477713553,2.5,0.22868313895821657,49139.16344199509,11237.29814169628,217602.57185573477,0.6938647907590889,491153.71825155837,9.995158318706963
Fajardo,1980-1984,1,80,5,0.10205547227977907,2.5,0.4065505822149745,37901.865300298814,15409.025404870019,150986.76298931902,0.44804924059486895,273551.14639582357,7.217353136276038
Fajardo,1980-1984,1,85,NA,0.18894594876423262,5.449039960108072,1,22492.839895428795,22492.839895428795,122564.38340650457,0,122564.38340650457,5.449039960108072
Fajardo,1980-1984,2,0,1,0.0109311555894213,0.1265635238517301,0.01082777556133002,100000,1082.7775561329909,99054.26258691876,0.9888326477490412,7687231.024401013,76.87231024401012
Fajardo,1980-1984,2,1,4,3.112224905390091e-4,1.506383209161716,0.0012439245900620493,98917.22244386701,123.0455653785757,395362.0612876018,0.9986891762658523,7588176.761814094,76.71239218347634
Fajardo,1980-1984,2,5,5,1.641686580803706e-4,2.5,8.205065367591381e-4,98794.17687848843,81.06126792253053,493768.23122263583,0.9991557154574178,7192814.700526493,72.80605930219218
Fajardo,1980-1984,2,10,5,1.736918042580878e-4,2.5,8.680820744360567e-4,98713.1156105659,85.69108617326128,493351.3503373964,0.9982791830899653,6699046.469303857,67.86379325450866
Fajardo,1980-1984,2,15,5,5.155220788665572e-4,2.5,0.0025742926326088526,98627.42452439264,253.89585232634272,492502.38299114734,0.9961195043924543,6205695.11896646,62.92058369050954
Fajardo,1980-1984,2,20,5,0.0010407146527906187,2.5,0.005190069809703182,98373.5286720663,510.5654812348512,490591.2296572444,0.9943700653637935,5713192.735975313,58.07652539353918
Fajardo,1980-1984,2,25,5,0.001218117121465091,2.5,0.006072094302243669,97862.96319083145,594.2331411917257,487829.2331011779,0.9927210204374771,5222601.506318068,53.3664763055873
Fajardo,1980-1984,2,30,5,0.0017058918554961157,2.5,0.008493237914019784,97268.73004963972,826.1264659061562,484278.3340834332,0.990648798503632,4734772.27321689,48.6772292678291
Fajardo,1980-1984,2,35,5,0.002053794186319416,2.5,0.01021651438696608,96442.60358373357,985.3072470296902,479749.7498010936,0.9889890016597771,4250493.939133457,44.07278299411614
Fajardo,1980-1984,2,40,5,0.002376775824427542,2.5,0.011813682932161177,95457.29633670388,1127.7022324831778,474467.2261023114,0.9844358379548599,3770744.1893323637,39.50189596855878
Fajardo,1980-1984,2,45,5,0.003909740833515845,2.5,0.01935947781525461,94329.5941042207,1826.1716843826289,467082.5413101469,0.9784845867689917,3296276.9632300525,34.94425047125866
Fajardo,1980-1984,2,50,5,0.0047996918115954575,2.5,0.023713910404009705,92503.42241983807,2193.6178713283007,457033.0674208696,0.9706314418866859,2829194.4219199056,30.58475403298336
Fajardo,1980-1984,2,55,5,0.007157950107432531,2.5,0.03516055675957617,90309.80454850977,3175.3430087741144,443610.6652206136,0.9556366516608539,2372161.354499036,26.26693044413393
Fajardo,1980-1984,2,60,5,0.011078885693454178,2.5,0.05390150688360005,87134.46153973565,4696.678778482848,423930.6107524712,0.9378229862017766,1928550.6892784222,22.133041912457923
Fajardo,1980-1984,2,65,5,0.014706314548434147,2.5,0.07092399624754966,82437.7827612528,5846.8169952153985,397571.8713182255,0.8842332571868635,1504620.0785259511,18.251583535227596
Fajardo,1980-1984,2,70,5,0.035737609188502176,2.5,0.16403270424629293,76590.9657660374,12563.423235438364,351546.2707415911,0.8230964963121501,1107048.2072077256,14.454031178943849
Fajardo,1980-1984,2,75,5,0.04255125910942452,2.5,0.1922997991014793,64027.54253059904,12312.48356559562,289356.5037390062,0.7593547872410455,755501.9364661344,11.79963975823493
Fajardo,1980-1984,2,80,5,0.07072692092887123,2.5,0.3005008542503068,51715.05896500342,15540.419396588513,219724.24633354583,0.5286358485846888,466145.4327271282,9.01372718230057
Fajardo,1980-1984,2,85,NA,0.17390267455105948,6.811987329619162,1,36174.63956841491,36174.63956841491,246421.18639358238,0,246421.18639358238,6.811987329619162
Fajardo,1985-1989,1,0,1,0.014278004540476206,0.12079895583970676,0.014100991459789764,100000,1410.0991459789657,98760.23935848575,0.9851048316233054,7071160.3929663515,70.71160392966351
Fajardo,1985-1989,1,1,4,6.030292004652382e-4,1.6105137127316536,0.002408646111406795,98589.90085402103,237.46818131601322,393792.176453167,0.9977332553145382,6972400.153607866,70.72124115361146
Fajardo,1985-1989,1,5,5,2.6553868447037166e-4,2.5,0.0013268126221562932,98352.43267270502,130.49524908993044,491435.92524080025,0.9985144619867437,6578607.977154698,66.88810635774348
Fajardo,1985-1989,1,10,5,3.2916550870796613e-4,2.5,0.0016444742830050243,98221.93742361509,161.52345012007572,490705.87849277526,0.9964012659441405,6087172.051913898,61.9736508114366
Fajardo,1985-1989,1,15,5,0.0011143383209010623,2.5,0.005556212852254436,98060.41397349501,544.8445324169152,488939.9585364328,0.9921978779958532,5596466.173421123,57.071614799972245
Fajardo,1985-1989,1,20,5,0.002022288623324413,2.5,0.010060579627311163,97515.5694410781,981.0631512645632,485125.1893272291,0.9895339200714721,5107526.21488469,52.37652042806163
Fajardo,1985-1989,1,25,5,0.002187033010379663,2.5,0.01087570125774403,96534.50628981354,1049.8804514718358,480047.8303203881,0.9861164026583867,4622401.025557461,47.883406703093314
Fajardo,1985-1989,1,30,5,0.0034138017755210802,2.5,0.016924566093158528,95484.6258383417,1616.035860881515,473383.03953950474,0.9807740418619774,4142353.195237073,43.38241008819786
Fajardo,1985-1989,1,35,5,0.004360414628805848,2.5,0.021566970806519797,93868.58997746019,2024.4611396930559,464281.7970380683,0.976317588891295,3668970.1556975683,39.08623914110743
Fajardo,1985-1989,1,40,5,0.005236564282819016,2.5,0.025844480702705598,91844.12883776713,2373.663815404492,453286.48465032445,0.9728796653965317,3204688.3586595,34.892686110837204
Fajardo,1985-1989,1,45,5,0.005767999638764195,2.5,0.028430037084733982,89470.46502236264,2543.648638574159,440993.20351537777,0.9607618128821016,2751401.874009175,30.75206855493014
Fajardo,1985-1989,1,50,5,0.010332712099178068,2.5,0.05036260475709105,86926.81638378848,4377.8608963289735,423689.42967811995,0.9400981535251606,2310408.670493798,26.578779329650917
Fajardo,1985-1989,1,55,5,0.014496386829030192,2.5,0.06994698766824042,82548.9554874595,5774.050771507449,398309.6505085289,0.9218935794943466,1886719.2408156777,22.855761525683995
Fajardo,1985-1989,1,60,5,0.018164983188641327,2.5,0.0868795041140343,76774.90471595206,6670.165650124152,367199.1094544499,0.9018092841175482,1488409.5903071489,19.386668024061926
Fajardo,1985-1989,1,65,5,0.023409942142032375,2.5,0.11057814100255367,70104.7390658279,7752.051721368349,331143.5660257187,0.8512244538315669,1121210.480852699,15.993362157726446
Fajardo,1985-1989,1,70,5,0.04240982053892459,2.5,0.1917218767307777,62352.687344459555,11954.374236887197,281877.5011300798,0.7824223282483913,790066.9148269802,12.670936065070544
Fajardo,1985-1989,1,75,5,0.057029620130617215,2.5,0.2495664071589862,50398.31310757236,12577.72592913048,220547.2507150356,0.6932143582277587,508189.41369690036,10.083460781955116
Fajardo,1985-1989,1,80,5,0.0947537162187549,2.5,0.3830338736732586,37820.58717844188,14486.56601155577,152886.52086331998,0.46848362118261794,287642.16298186476,7.605438848020418
Fajardo,1985-1989,1,85,NA,0.22121795470488587,5.775071564166569,1,23334.02116688611,23334.02116688611,134755.64211854478,0,134755.64211854478,5.775071564166569
Fajardo,1985-1989,2,0,1,0.014719146793463183,0.11877817916979892,0.014530671870338014,100000,1453.0671870337974,98719.52548765346,0.985190833758523,7723448.769088577,77.23448769088577
Fajardo,1985-1989,2,1,4,3.167338782686592e-4,1.5003585968669602,0.0012659332469916798,98546.9328129662,124.75383863698517,393875.89139160805,0.9986497179882954,7624729.243600924,77.37155308600035
Fajardo,1985-1989,2,5,5,1.4686692999922856e-4,2.5,7.340651252677238e-4,98422.17897432922,72.24828913791862,491930.2741488013,0.9992089360628031,7230853.352209316,73.46772269790216
Fajardo,1985-1989,2,10,5,1.6969288279947291e-4,2.5,8.481046207023581e-4,98349.9306851913,83.41103065985953,491541.1258493068,0.9982878923659199,6738923.078060514,68.51985589731792
Fajardo,1985-1989,2,15,5,5.16033676028768e-4,2.5,0.0025768440343947865,98266.51965453144,253.21749495252152,490699.55453527585,0.9959046154995354,6247381.952211207,63.575895169328064
Fajardo,1985-1989,2,20,5,0.0011267345353091916,2.5,0.005617848117824771,98013.30215957892,550.6238450589735,488689.95118524716,0.9935661026219827,5756682.397675931,58.7336848247728
Fajardo,1985-1989,2,25,5,0.0014561934148916815,2.5,0.007254556979205718,97462.67831451994,707.0485531786835,485545.77018965303,0.992064333172522,5267992.4464906845,54.051381899135244
Fajardo,1985-1989,2,30,5,0.0017318164343286594,2.5,0.008621753933755258,96755.62976134126,834.203231507825,481692.64072793676,0.9908433406927489,4782446.676301031,49.428097239380065
Fajardo,1985-1989,2,35,5,0.0019486907861961012,2.5,0.009696216611053202,95921.42652983344,930.0749292744877,477281.94532598095,0.9894902803080212,4300754.035573094,44.83621846715838
Fajardo,1985-1989,2,40,5,0.002279150321611389,2.5,0.01133118790665273,94991.35160055895,1076.3648544928583,472265.84586656257,0.9860410424200775,3823472.0902471133,40.250738891735224
Fajardo,1985-1989,2,45,5,0.0033512121384393894,2.5,0.01661684426667436,93914.98674606609,1560.57070906616,465673.506957665,0.9816483282651614,3351206.244380551,35.6834021969441
Fajardo,1985-1989,2,50,5,0.00406403845514262,2.5,0.020115813674885057,92354.41603699993,1857.7842250531103,457127.61962236685,0.9735704621971493,2885532.737422886,31.244123034320907
Fajardo,1985-1989,2,55,5,0.0066844434159506185,2.5,0.03287287489929322,90496.63181194682,2974.884456361513,445045.9479188303,0.9548223929065945,2428405.117800519,26.834204424831814
Fajardo,1985-1989,2,60,5,0.01192535858606057,2.5,0.05790057998368698,87521.7473555853,5067.559933074124,424939.8369452412,0.9289788502911375,1983359.1698816887,22.661329667284324
Fajardo,1985-1989,2,65,5,0.01774324710656086,2.5,0.08494809780628143,82454.18742251118,7004.326377704943,394760.1211682936,0.8915560082079795,1558419.3329364476,18.90042679034366
Fajardo,1985-1989,2,70,5,0.028752371555178166,2.5,0.13412110795276566,75449.86104480624,10119.418958211616,351950.75782850216,0.8508628730144696,1163659.2117681538,15.422947049261092
Fajardo,1985-1989,2,75,5,0.036318988898353784,2.5,0.1664790661073647,65330.44208659462,10876.15098695756,299461.8329655792,0.7780207000377931,811708.4539396517,12.42465882694844
Fajardo,1985-1989,2,80,5,0.06744387531588822,2.5,0.2885645908626405,54454.29109963706,15713.580231881897,232987.50491848058,0.5451653649262954,512246.6209740726,9.406910100744783
Fajardo,1985-1989,2,85,NA,0.16123593275862952,7.208414863859046,1,38740.710867755166,38740.710867755166,279259.116055592,0,279259.116055592,7.208414863859046
Fajardo,1990-1994,1,0,1,0.019465185713629023,0.11044819516773897,0.019133877062742187,100000,1913.3877062742104,98297.94251253991,0.980330201340157,6871999.662776994,68.71999662776993
Fajardo,1990-1994,1,1,4,5.086376242486464e-4,1.5953496284099578,0.0020320650870217553,98086.61229372579,199.31838034633256,391867.1581575386,0.9977304692477686,6773701.720264453,69.05837159489441
Fajardo,1990-1994,1,5,5,3.13924205771558e-4,2.5,0.0015683901397853597,97887.29391337946,153.52546658401843,489052.6559004372,0.998323400353191,6381834.562106915,65.1957399880132
Fajardo,1990-1994,1,10,5,3.573147266966356e-4,2.5,0.0017849791351535868,97733.76844679544,174.4527374774625,488232.71039028355,0.9963321144671654,5892781.906206478,60.29422583264459
Fajardo,1990-1994,1,15,5,0.001113925236697515,2.5,0.005554158889099586,97559.31570931798,541.8599405613932,486441.9286951864,0.9912424850400495,5404549.195816195,55.39757179026627
Fajardo,1990-1994,1,20,5,0.0024101880047909113,2.5,0.011978762350630232,97017.45576875658,1162.1490465167153,482181.90622749116,0.9874640788796176,4918107.267121008,50.693014243162935
Fajardo,1990-1994,1,25,5,0.0026372406845591545,2.5,0.013099834879035772,95855.30672223987,1255.6886903406557,476137.3118853477,0.9836321752629887,4435925.360893517,46.27730599983898
Fajardo,1990-1994,1,30,5,0.003974950503423732,2.5,0.019679192972090205,94599.61803189921,1861.6441383357742,468343.97981365665,0.9755714551296479,3959788.049008169,41.85839363191635
Fajardo,1990-1994,1,35,5,0.005941612389578109,2.5,0.02927323638787739,92737.97389356344,2714.7406319190777,456903.0178880195,0.9695820611983601,3491444.0691945124,37.64848338396618
Fajardo,1990-1994,1,40,5,0.006420872848434658,2.5,0.031597160861514983,90023.23326164436,2844.4785826418665,443004.9698516171,0.965978056946426,3034541.051306493,33.70842105267287
Fajardo,1990-1994,1,45,5,0.00744106382262642,2.5,0.03652584132200175,87178.7546790025,3184.2773600549554,427933.0799948751,0.9568818880225409,2591536.081454876,29.726693057237057
Fajardo,1990-1994,1,50,5,0.010248057875379262,2.5,0.049960299280647935,83994.47731894754,4196.389224776227,409481.41353279713,0.9423931467683622,2163603.001460001,25.758872136846236
Fajardo,1990-1994,1,55,5,0.013576800150925468,2.5,0.06565552103488843,79798.08809417131,5239.1850514107355,385892.4778423297,0.9218189117625973,1754121.5879272036,21.982000193502504
Fajardo,1990-1994,1,60,5,0.019196433180352166,2.5,0.09158681544455424,74558.90304276058,6828.612492725733,355722.98398198857,0.8862258249402083,1368229.110084874,18.35098230053325
Fajardo,1990-1994,1,65,5,0.029691345143705063,2.5,0.1381984788815104,67730.29055003484,9360.223128217556,315250.89492963033,0.8283859203033603,1012506.1261028855,14.949088773728354
Fajardo,1990-1994,1,70,5,0.04702432257743518,2.5,0.21038820575267225,58370.067421817286,12280.373754538647,261149.4027227398,0.7560259579509835,697255.2311732551,11.94542446104214
Fajardo,1990-1994,1,75,5,0.06688301335474764,2.5,0.28650866037796285,46089.69366727864,13205.096389842678,197435.72736178653,0.6627836259936624,436105.8284505153,9.462111672921107
Fajardo,1990-1994,1,80,5,0.10260292134681924,2.5,0.40828621159572803,32884.59727743596,13426.327642255521,130857.16728154101,0.4517236692630673,238670.10108872876,7.257808239983958
Fajardo,1990-1994,1,85,NA,0.1644454998460838,5.54072565693419,1,19458.26963518044,19458.26963518044,107812.93380718774,0,107812.93380718774,5.54072565693419
Fajardo,1990-1994,2,0,1,0.01079934083457693,0.12683443876291906,0.01069845851641114,100000,1069.8458516411192,99065.84744651461,0.9889352937956548,7784775.468940911,77.84775468940911
Fajardo,1990-1994,2,1,4,3.2337761564033127e-4,1.5065936079937992,0.0012924683300777316,98930.15414835888,127.86409112645197,395401.79945131275,0.9987181116967995,7685709.621494397,77.68824063458605
Fajardo,1990-1994,2,5,5,1.4389916862312776e-4,2.5,7.192370990641432e-4,98802.29005723243,71.06227248166397,493833.794604958,0.9992244029679949,7290307.822043084,73.78683042488271
Fajardo,1990-1994,2,10,5,1.6646875685270043e-4,2.5,8.319975302770777e-4,98731.22778475076,82.14413767812948,493450.77857955854,0.9981636888620835,6796474.027438126,68.83813946136154
Fajardo,1990-1994,2,15,5,5.691007443493376e-4,2.5,0.0028414610277818124,98649.08364707264,280.30752660955477,492544.6494188393,0.9962908067904301,6303023.248858567,63.89337858837381
Fajardo,1990-1994,2,20,5,9.179815102629944e-4,2.5,0.004579398044482548,98368.77612046308,450.46978100418346,490717.706149805,0.9938201876225728,5810478.599439728,59.068322577523745
Fajardo,1990-1994,2,25,5,0.0015636062338652917,2.5,0.007787589361146778,97918.3063394589,762.5475607106782,487685.16279551777,0.9923075332834291,5319760.893289923,54.328563188660645
Fajardo,1990-1994,2,30,5,0.0015251123285898044,2.5,0.007596597481762097,97155.75877874822,738.0531924773386,483933.6609125478,0.9910575540664144,4832075.730494405,49.73535064965567
Fajardo,1990-1994,2,35,5,0.002070380308817929,2.5,0.010298596515504244,96417.70558627088,992.967046783684,479606.11031439516,0.9884406497755384,4348142.069581857,45.09692533277828
Fajardo,1990-1994,2,40,5,0.002583220127122996,2.5,0.012833223035511997,95424.7385394872,1224.6069527826621,474062.1753154793,0.9846444069384664,3868535.959267462,40.54017876786368
Fajardo,1990-1994,2,45,5,0.0036145201987754874,2.5,0.01791075403826095,94200.13158670453,1687.1953872212762,466782.66946546943,0.9795752210609106,3394473.783951983,36.034703208748816
Fajardo,1990-1994,2,50,5,0.004650374242752607,2.5,0.02298465311668198,92512.93619948326,2126.3777473508526,457248.73662903917,0.9739701996753585,2927691.114486513,31.646288992207623
Fajardo,1990-1994,2,55,5,0.00591552584362891,2.5,0.029146585764781772,90386.5584521324,2634.4595779085357,445346.6433158907,0.9601098323162341,2470442.377857474,27.331966391504878
Fajardo,1990-1994,2,60,5,0.010457700662907406,2.5,0.05095628926448575,87752.09887422387,4471.5213338007015,427581.69103661756,0.9381490168915944,2025095.7345415836,23.077462083775085
Fajardo,1990-1994,2,65,5,0.015224332513589699,2.5,0.07333063754442391,83280.57754042317,6107.017846107061,401135.3430868482,0.8971829851234739,1597514.043504966,19.18231225917659
Fajardo,1990-1994,2,70,5,0.02887089241160304,2.5,0.13463675396228378,77173.5596943161,10390.397568957269,359891.80454918736,0.8513204651100356,1196378.7004181177,15.50244287236412
Fajardo,1990-1994,2,75,5,0.035945243652080565,2.5,0.16490714912246077,66783.16212535884,11013.020875476017,306383.2584381042,0.7828285943155339,836486.8958689304,12.525416126579312
Fajardo,1990-1994,2,80,5,0.06505040693643882,2.5,0.27975637034688006,55770.14124988282,15602.052289800027,239845.57552491402,0.5475496514467668,530103.6374308262,9.505151422436823
Fajardo,1990-1994,2,85,NA,0.12955350336153956,7.2260859159706925,1,40168.088960082794,40168.088960082794,290258.0619059121,0,290258.0619059121,7.2260859159706925
Fajardo,1995-1999,1,0,1,0.014862893360353879,0.11963183944408186,0.014670926950027592,100000,1467.0926950027642,98708.41830273539,0.9846740703921741,6996406.064154134,69.96406064154134
Fajardo,1995-1999,1,1,4,5.34411045007599e-4,1.608796497099567,0.0021349160016940175,98532.90730499724,210.35948049886792,393628.6168933517,0.9979181734809067,6897697.645851399,70.0040000291514
Fajardo,1995-1999,1,5,5,2.447847207247946e-4,2.5,0.0012231750672059142,98322.54782449837,120.26568904309534,491312.0748998841,0.9985819920070033,6504069.028958047,66.15033044676119
Fajardo,1995-1999,1,10,5,3.2287631767314093e-4,2.5,0.0016130795254224988,98202.28213545527,158.408090662444,490615.39045062027,0.995546669533805,6012756.954058163,61.22828129151285
Fajardo,1995-1999,1,15,5,0.0014649799084635819,2.5,0.007298170359953219,98043.87404479283,715.5408955286985,488430.51798514236,0.9905976659274967,5522141.563607543,56.32316773901314
Fajardo,1995-1999,1,20,5,0.0023177459421813407,2.5,0.01152196722892971,97328.33314926413,1121.4138649921806,483838.1310838402,0.9873478243878603,5033711.0456224,51.718866261714645
Fajardo,1995-1999,1,25,5,0.00277827553261204,2.5,0.013795558009866347,96206.91928427195,1327.2281359366898,477716.526081518,0.9844668779199105,4549872.9145385595,47.29257467536828
Fajardo,1995-1999,1,30,5,0.0034891710188174534,2.5,0.017294992130803575,94879.69114833526,1640.9435117835383,470296.0969622175,0.9790912817604698,4072156.388457042,42.91915729458497
Fajardo,1995-1999,1,35,5,0.004978408415842793,2.5,0.024586043662509674,93238.74763655172,2292.371920429985,460462.80838168366,0.9716897129827112,3601860.2914948245,38.630509126259575
Fajardo,1995-1999,1,40,5,0.00653058924704869,2.5,0.03212840273173171,90946.37571612174,2921.9617859989376,447426.97411561135,0.9645305005754545,3141397.483113141,34.541205830110684
Fajardo,1995-1999,1,45,5,0.007938795629792014,2.5,0.03892150349434546,88024.4139301228,3426.042534368986,431556.96331469156,0.960854219520944,2693970.5089975293,30.604810514684118
Fajardo,1995-1999,1,50,5,0.008034014322879396,2.5,0.03937914017394657,84598.37139575381,3331.4111256809847,414663.3291645666,0.9447742240056193,2262413.5456828377,26.742991719062733
Fajardo,1995-1999,1,55,5,0.01487794196509464,2.5,0.07172201970837187,81266.96027007283,5828.630526129637,391763.22503504006,0.9177213050504676,1847750.2165182712,22.736795007192107
Fajardo,1995-1999,1,60,5,0.019650340376184953,2.5,0.09365101602715205,75438.32974394319,7064.876227911605,359529.458149937,0.8968930748750152,1455986.9914832313,19.30036092295813
Fajardo,1995-1999,1,65,5,0.02407469773006985,2.5,0.11353989218849254,68373.45351603159,7763.114540765135,322459.4812282451,0.8581476197616497,1096457.5333332943,16.036304690623925
Fajardo,1995-1999,1,70,5,0.03806600824033439,2.5,0.1737911982408386,60610.33897526645,10533.543436294967,276717.83628559485,0.7832756235877328,773998.0521050493,12.770066381263737
Fajardo,1995-1999,1,75,5,0.06207743591183799,2.5,0.2686884538706713,50076.795538971484,13455.056768163973,216746.33577444748,0.6835361866149284,497280.2158194544,9.930352181430097
Fajardo,1995-1999,1,80,5,0.0943740663704341,2.5,0.38179213996115924,36621.73877080751,13981.892014405155,148153.96381802467,0.4718856638839634,280533.8800450069,7.660310227231221
Fajardo,1995-1999,1,85,NA,0.18264872266918258,5.847209022717714,1,22639.846756402356,22639.846756402356,132379.91622698223,0,132379.91622698223,5.847209022717714
Fajardo,1995-1999,2,0,1,0.010519793415624909,0.12740898418666857,0.010424105575923836,100000,1042.4105575923895,99090.40191265591,0.9892228520403943,7849435.40624015,78.4943540624015
Fajardo,1995-1999,2,1,4,3.137200646360424e-4,1.507039980227972,0.0012538995942311894,98957.58944240761,124.08288124793035,395521.02410754125,0.9987380161757161,7750345.004327495,78.3198645803526
Fajardo,1995-1999,2,5,5,1.4599438365102348e-4,2.5,7.297055859619444e-4,98833.50656115968,72.11936181788042,493987.2344012537,0.9991715635114622,7354823.980219954,74.41630107162773
Fajardo,1995-1999,2,10,5,1.8553391482896393e-4,2.5,9.272394882142386e-4,98761.3871993418,91.57545812205353,493577.9973514038,0.9981748685219691,6860836.7458187,69.4688171194949
Fajardo,1995-1999,2,15,5,5.455143117254303e-4,2.5,0.0027238568014564383,98669.81174121975,268.76243780975346,492677.15261157433,0.9959570459765328,6367258.748467295,64.53097088263061
Fajardo,1995-1999,2,20,5,0.0010760175872953502,2.5,0.005365654091053458,98401.049303409993,527.9859927587968,490685.281535153,0.9947010957276591,5874581.595855721,59.70039585393063
Fajardo,1995-1999,2,25,5,0.0010491032191711955,2.5,0.005231794365079861,97873.0633106512,512.0517411217588,488085.18720045156,0.9936946169332331,5383896.314320568,55.00896908919634
Fajardo,1995-1999,2,30,5,0.0014823970890390388,2.5,0.007384618104241712,97361.01156952944,718.9738886836421,485007.6231259381,0.9911050893787867,4895811.127120117,50.28513003507384
Fajardo,1995-1999,2,35,5,0.0020941948353299074,2.5,0.010416439044525602,96642.0376808458,1006.665894641279,480693.5236676258,0.9890064402432012,4410803.503994179,45.6406302044311
Fajardo,1995-1999,2,40,5,0.0023288312124875605,2.5,0.011576755289792306,95635.37178620452,1107.1472962171974,475408.9906904796,0.9855491634656977,3930109.980326553,41.09473207373963
Fajardo,1995-1999,2,45,5,0.0035021118470600723,2.5,0.01735858001351667,94528.22448998732,1640.8757483451045,468538.9330790738,0.9806788172223242,3454700.9896360734,36.54676693945526
Fajardo,1995-1999,2,50,5,0.004309628381676541,2.5,0.02131845535772482,92887.34874164221,1980.2147974461259,459486.2067145958,0.9749305251458896,2986162.0565569997,32.14821067681391
Fajardo,1995-1999,2,55,5,0.005865199019296169,2.5,0.028902202176823336,90907.13394419609,2627.4163645707013,447967.1288095537,0.9562141726774082,2526675.849842404,27.79403265967465
Fajardo,1995-1999,2,60,5,0.01218255516661391,2.5,0.05911242488993467,88279.71757962539,5218.428174730259,428352.5174613013,0.9382314305846209,2078708.7210328502,23.546843805406645
Fajardo,1995-1999,2,65,5,0.013349448964562369,2.5,0.0645915895037608,83061.28940489513,5365.06070889406,401893.7952522405,0.9125004088844755,1650356.203571549,19.869137782422712
Fajardo,1995-1999,2,70,5,0.02372644140303989,2.5,0.11198943037152495,77696.22869600107,8701.156393680882,366728.2524958031,0.8636406892963419,1248462.4083193084,16.068507175607163
Fajardo,1995-1999,2,75,5,0.03568299092476992,2.5,0.1638025429867257,68995.07230232019,11301.568296673053,316721.4407699183,0.7879299010384351,881734.1558235053,12.779668553138888
Fajardo,1995-1999,2,80,5,0.062372361545216574,2.5,0.26979277626704345,57693.50400564713,15565.290618257335,249554.29348259233,0.5583209247619779,565012.7150535869,9.793350651717782
Fajardo,1995-1999,2,85,NA,0.1412261666662858,7.488056012966846,1,42128.2133873898,42128.2133873898,315458.42157099454,0,315458.42157099454,7.488056012966846
Fajardo,2000-2004,1,0,1,0.014474609812797785,0.12040663984905267,0.014292639207959867,100000,1429.2639207959874,98742.82894536454,0.9851427795200709,7199534.600468415,71.99534600468415
Fajardo,2000-2004,1,1,4,4.8273175252508166e-4,1.609936278066417,0.001928701751843832,98570.73607920401,190.113551356495,393828.5608146709,0.9981214554105275,7100791.77152305,72.03752405599761
Fajardo,2000-2004,1,5,5,2.0912620909483223e-4,2.5,0.0010450846589918658,98380.62252784752,102.81607934592466,491646.0724408728,0.9987838732650202,6706963.210708379,68.17362035709738
Fajardo,2000-2004,1,10,5,2.776621572698651e-4,2.5,0.001387347751425465,98277.8064485016,136.34549379136297,491048.1685080296,0.9970983030848392,6215317.138267506,63.242326654130046
Fajardo,2000-2004,1,15,5,8.855863118636981e-4,2.5,0.004418149926571657,98141.46095471023,433.6036885106878,489623.29555227445,0.9925388844918163,5724268.969759476,58.32671445966226
Fajardo,2000-2004,1,20,5,0.0021146374456497124,2.5,0.010517585030390889,97707.85726619954,1027.6506969345355,485970.15958866134,0.9883691156178037,5234645.674207202,53.574459830243796
Fajardo,2000-2004,1,25,5,0.002567579527859441,2.5,0.01275601741635905,96680.206569265,1233.2543988147372,480317.89684928814,0.9862765186546669,4748675.514618541,49.11734969470124
Fajardo,2000-2004,1,30,5,0.0029624683899595722,2.5,0.014703445716898366,95446.95217045027,1403.39908008161,473726.2631520473,0.9832316822547544,4268357.6177692525,44.71968481661698
Fajardo,2000-2004,1,35,5,0.0038087246126476764,2.5,0.01886400357645162,94043.55309036866,1774.037921838928,465782.67064724595,0.979635039929022,3794631.3546172054,40.349723398592296
Fajardo,2000-2004,1,40,5,0.00442742372308145,2.5,0.021894774999793212,92269.51516852973,2020.2202739549684,456297.0251577613,0.971679857292809,3328848.6839699596,36.077448525548625
Fajardo,2000-2004,1,45,5,0.007101756106194004,2.5,0.03488934154507299,90249.29489457476,3148.7384737788234,443374.6282884268,0.9631947455262371,2872551.6588121983,31.829075918740266
Fajardo,2000-2004,1,50,5,0.007911531617780809,2.5,0.038790428828543305,87100.55642079594,3378.667934767407,427056.1122670612,0.9537731721959091,2429177.0305237714,27.889339980654665
Fajardo,2000-2004,1,55,5,0.011091944932251118,2.5,0.053963328977798854,83721.88848602853,4517.911811014157,407314.66290260723,0.9296789100346968,2002120.9182567103,23.913948364779458
Fajardo,2000-2004,1,60,5,0.018325134484587162,2.5,0.08761192179936939,79203.97667501438,6939.212610650429,378671.85184844583,0.9024871479473715,1594806.255354103,20.135431607150593
Fajardo,2000-2004,1,65,5,0.02291446075824908,2.5,0.10836451757722083,72264.76406436395,7830.9362956664845,341746.4795826535,0.8563022643781996,1216134.403505657,16.82887115527679
Fajardo,2000-2004,1,70,5,0.040364991345164844,2.5,0.18332516043958702,64433.82776869746,11812.34181343318,292638.2843099043,0.7918570639646207,874387.9239230037,13.570324070484437
Fajardo,2000-2004,1,75,5,0.05416657250519051,2.5,0.23853174489001594,52621.48595526428,12551.894863614652,231727.69261728477,0.7207420443415146,581749.6396130994,11.055363204826048
Fajardo,2000-2004,1,80,5,0.07982968415665326,2.5,0.3327417489685391,40069.59109164963,13332.825820289698,167015.89090752392,0.5228416608129974,350021.94699581456,8.735351109404208
Fajardo,2000-2004,1,85,NA,0.15740418429533323,6.844734365990201,1,26736.76527135993,26736.76527135993,183006.05608829064,0,183006.05608829064,6.844734365990201
Fajardo,2000-2004,2,0,1,0.007347672633297158,0.13392854886696334,0.00730121058028716,100000,730.1210580287152,99367.66299577028,0.9924181815713449,7980319.753790885,79.80319753790886
Fajardo,2000-2004,2,1,4,2.4115218249334271e-4,1.512120930385873,9.640303527644133e-4,99269.87894197128,95.69917641532084,396841.42778990214,0.999015044157225,7880952.090795115,79.3891578673322
Fajardo,2000-2004,2,5,5,1.2148146534968611e-4,2.5,6.072229109258976e-4,99174.17976555596,60.22083412592474,495720.346742465,0.9993428616286653,7484110.663005213,75.46430613993854
Fajardo,2000-2004,2,10,5,1.4146684647733943e-4,2.5,7.070841599709341e-4,99113.95893143004,70.08191039241501,495394.58988116914,0.9983783674002165,6988390.316262748,70.5086386580272
Fajardo,2000-2004,2,15,5,5.080099990114851e-4,2.5,0.0025368281598799427,99043.87702103762,251.2572962906561,494591.24186446145,0.9965524792297487,6492995.7263815785,65.55676051536653
Fajardo,2000-2004,2,20,5,8.740114818261489e-4,2.5,0.004360529526947261,98792.61972474697,430.78813535421796,492886.1282853493,0.9953777869991491,5998404.484517117,60.717131514780064
Fajardo,2000-2004,2,25,5,9.79400717242462e-4,2.5,0.004885042550767356,98361.83158939275,480.5017326856032,490607.9036152497,0.9945164514695966,5505518.356231768,55.97210083698236
Fajardo,2000-2004,2,30,5,0.0012207125313261464,2.5,0.006084992589862054,97881.32985670715,595.6071668639051,487917.631366376,0.9924421369271959,5014910.452616518,51.23459662795826
Fajardo,2000-2004,2,35,5,0.0018161589786747107,2.5,0.009039750831778262,97285.72268984324,879.4386926056613,484230.01671770203,0.9906420963756299,4526992.8212501425,46.53296183739782
Fajardo,2000-2004,2,40,5,0.0019452055168294442,2.5,0.009678958674619636,96406.28399723758,933.1124387829041,479698.6388892307,0.9881122983725313,4042762.8045324404,41.93463991048842
Fajardo,2000-2004,2,45,5,0.0028436799529628428,2.5,0.014118031854414986,95473.17155845468,1347.8932773042907,473996.12459901266,0.9832427930710389,3563064.1656432096,37.320056592669886
Fajardo,2000-2004,2,50,5,0.003924974427290616,2.5,0.019434175531511434,94125.27828115039,1829.2471800682251,466053.2734555814,0.9724329850117314,3089068.041044197,32.81868693994413
Fajardo,2000-2004,2,55,5,0.0073031578293605015,2.5,0.03586104202226763,92296.03110108216,3309.8318498044246,453205.57588089973,0.9589816120554749,2623014.7675886154,28.419583554095652
Fajardo,2000-2004,2,60,5,0.009493609923276447,2.5,0.04636756077856838,88986.19925127774,4126.073002237419,434615.8137507951,0.9440322617798431,2169809.191707716,24.383659600750505
Fajardo,2000-2004,2,65,5,0.013657886374007458,2.5,0.0660346959354655,84860.12624904032,5603.712633900592,410291.3496604501,0.9150591746484686,1735193.3779569208,20.447687914870905
Fajardo,2000-2004,2,70,5,0.02220451346702314,2.5,0.10518368590939972,79256.41361513973,8336.481716000344,375440.86378569773,0.870287164349823,1324902.0282964706,16.716653805836415
Fajardo,2000-2004,2,75,5,0.03410439910971411,2.5,0.15712533289069333,70919.93189913938,11143.317908237565,326741.364725103,0.8023689360113332,949461.1645107729,13.387790132978042
Fajardo,2000-2004,2,80,5,0.05601915087739355,2.5,0.24568771188495547,59776.61399090182,14686.379515654888,262167.12116537185,0.5789966510530008,622719.7997856699,10.417448533977682
Fajardo,2000-2004,2,85,NA,0.1340741126756825,7.996247587007553,1,45090.23447524693,45090.23447524693,360552.67862029804,0,360552.67862029804,7.996247587007553
Fajardo,2005-2009,1,0,1,0.014258258362910215,0.12083835834973082,0.014081739341006748,100000,1408.173934100676,98761.98749236693,0.9854452743832386,7252202.070254074,72.52202070254074
Fajardo,2005-2009,1,1,4,4.319950859815686e-4,1.6105717193655467,0.0017261985250828793,98591.82606589932,170.18906474018877,393960.6496992524,0.998229697889009,7153440.082761707,72.55611715701774
Fajardo,2005-2009,1,5,5,2.096700582448086e-4,2.5,0.0010478010599508708,98421.63700115914,103.12629557191394,491850.3692668659,0.9987861625054077,6759479.433062455,68.67879501925829
Fajardo,2005-2009,1,10,5,2.7620020175302243e-4,2.5,0.0013800480848664399,98318.51070558722,135.6842724061571,491253.3428469207,0.9970691755011536,6267629.063795589,63.74820996387828
Fajardo,2005-2009,1,15,5,8.987637165045753e-4,2.5,0.004483744016432716,98182.82643318106,440.2266605362238,489813.56551456475,0.992356677097866,5776375.720948668,58.832852249164134
Fajardo,2005-2009,1,20,5,0.00217519113254898,2.5,0.010817132336897827,97742.59977264484,1057.2946366931428,486069.76227149135,0.9880372548439053,5286562.155434104,54.08657195256689
Fajardo,2005-2009,1,25,5,0.002641506600174914,2.5,0.01312088573520039,96685.3051359517,1268.5968409618217,480255.0335773539,0.985474751557319,4800492.393162612,49.650692899117566
Fajardo,2005-2009,1,30,5,0.003215295746431013,2.5,0.0159482826189858,95416.70829498988,1521.7326304618327,473279.20989879477,0.9842867915091138,4320237.359585258,45.27757702800679
Fajardo,2005-2009,1,35,5,0.003118997101664392,2.5,0.015474324574576166,93894.97566452804,1452.9613293548318,465842.4749992531,0.9804540400282963,3846958.149686463,40.97086263093606
Fajardo,2005-2009,1,40,5,0.004793072082074832,2.5,0.023681591473003277,92442.01433517321,2189.1740184270893,456737.13662979833,0.9754502649232609,3381115.67468721,36.575530066102544
Fajardo,2005-2009,1,45,5,0.005153334956566228,2.5,0.025438936382536168,90252.84031674612,2295.9362631608965,445524.3609258284,0.9687219123495319,2924378.538057412,32.40206654764751
Fajardo,2005-2009,1,50,5,0.007595471940729845,2.5,0.037269658097842336,87956.90405358523,3278.1237414218485,431589.21091437154,0.9502181545612429,2478854.1771315834,28.182599237706373
Fajardo,2005-2009,1,55,5,0.01296256672812189,2.5,0.06277841030882553,84678.78031216338,5315.999214887881,410103.90352359717,0.9239633259800072,2047264.966217212,24.17683578660544
Fajardo,2005-2009,1,60,5,0.018888306915606844,2.5,0.090183023033929,79362.7810972755,7157.175515732262,378920.9666970468,0.8913463413103626,1637161.0626936147,20.62882676310115
Fajardo,2005-2009,1,65,5,0.02756858408609518,2.5,0.12895514362928018,72205.60558154323,9311.28423860707,337749.81731119845,0.863469054428451,1258240.095996568,17.425795211642015
Fajardo,2005-2009,1,70,5,0.03131993440161594,2.5,0.14522831848737575,62894.321342936164,9134.036531039288,291636.5153870826,0.8255831843109842,920490.2786853695,14.635506974728687
Fajardo,2005-2009,1,75,5,0.04656925262604194,2.5,0.20856452768385797,53760.284811896876,11212.488409942955,240770.203034627,0.7426284907071762,628853.7632982869,11.697366661999618
Fajardo,2005-2009,1,80,5,0.07591864814855102,2.5,0.3190404429155889,42547.79640195392,13574.467809161673,178802.8124868654,0.5392672331562082,388083.5602636599,9.12112008333851
Fajardo,2005-2009,1,85,NA,0.15084515205952628,7.2232207323551245,1,28973.328592792248,28973.328592792248,209280.74777679448,0,209280.74777679448,7.2232207323551245
Fajardo,2005-2009,2,0,1,0.008435714807858439,0.13169232842685277,0.008374374226006204,100000,837.4374226006184,99272.84666149344,0.9913747369718633,8032190.528230369,80.32190528230369
Fajardo,2005-2009,2,1,4,2.3885181993336116e-4,1.510374893134288,9.5483948301433e-4,99162.56257739938,94.68432998578646,396414.5218244382,0.9990256678671111,7932917.681568875,79.99911937912044
Fajardo,2005-2009,2,5,5,1.09035283961291e-4,2.5,5.450278516400291e-4,99067.8782474136,53.99475284772052,495204.40435494867,0.9993644230277781,7536503.159744437,76.07413515935671
Fajardo,2005-2009,2,10,5,1.4528784653706424e-4,2.5,7.261754715091622e-4,99013.88349456587,71.90145353262778,494889.6638389978,0.9984484977932327,7041298.755389488,71.11425697968843
Fajardo,2005-2009,2,15,5,4.7605163132639894e-4,2.5,0.002377428709593085,98941.98204103325,235.2275086883892,494121.8414334453,0.996992305783721,6546409.091550491,66.16411917880887
Fajardo,2005-2009,2,20,5,7.292193239281279e-4,2.5,0.003639461705130446,98706.75453234486,359.2394531581813,492635.6740288288,0.9955095757250205,6052287.250117046,61.31583678129944
Fajardo,2005-2009,2,25,5,0.0010717630569114964,2.5,0.00534449520326573,98347.51507918668,525.6178225938202,490423.53083944885,0.9948100247460588,5559651.576088217,56.53067666846224
Fajardo,2005-2009,2,30,5,0.0010094661489979324,2.5,0.0050346250361225035,97821.89725659286,492.496573009048,487878.24485044164,0.9937892190537034,5069228.045248768,51.82099496549194
Fajardo,2005-2009,2,35,5,0.0014840634223473234,2.5,0.007392888323869235,97329.40068358381,719.5453898828418,484848.1399432119,0.9907878170478409,4581349.8003983265,47.07056416891146
Fajardo,2005-2009,2,40,5,0.002221272527425546,2.5,0.011045027596217394,96609.85529370097,1067.05851778551,480381.630174041,0.9882582022581687,4096501.660455114,42.40252351068586
Fajardo,2005-2009,2,45,5,0.0025048581065662922,2.5,0.01244634968307941,95542.79677591546,1189.159058372432,474741.08623364626,0.9831377535365723,3616120.0302810734,37.848170163599704
Fajardo,2005-2009,2,50,5,0.0043127633574769775,2.5,0.02133379773452171,94353.63771754302,2012.9214225823962,466735.88503125915,0.9749468977781203,3141378.944047427,33.29367070564313
Fajardo,2005-2009,2,55,5,0.005855167644806474,2.5,0.028853483269828704,92340.71629496063,2664.3513127406477,455042.7031929515,0.9665475423439006,2674643.0590161677,28.96493731403005
Fajardo,2005-2009,2,60,5,0.007786285814128755,2.5,0.03818807098224872,89676.36498221998,3424.5673913710634,439820.4064326723,0.9445814121197469,2219600.3558232165,24.751230229540347
Fajardo,2005-2009,2,65,5,0.01522489131529652,2.5,0.07333323041915454,86251.79759084892,6325.1229467960075,415446.1805872546,0.9108392386603881,1779779.949390544,20.63469978716564
Fajardo,2005-2009,2,70,5,0.02244019839396623,2.5,0.10624082878134897,79926.67464405291,8491.47615592141,378404.68283046107,0.875966131059032,1364333.7688032894,17.06981774081358
Fajardo,2005-2009,2,75,5,0.03102100437327261,2.5,0.14394196133610143,71435.1984881315,10282.522578815355,331469.6859936191,0.8138398365603648,985929.0859728284,13.801726695511796
Fajardo,2005-2009,2,80,5,0.0533803569830035,2.5,0.23547714920081836,61152.675909316145,14400.057789127328,269763.2350737624,0.5878075323200611,654459.3999792093,10.702056618907617
Fajardo,2005-2009,2,85,NA,0.11594422365333468,8.228334163372265,1,46752.61812018882,46752.61812018882,384696.1649054469,0,384696.1649054469,8.228334163372265
Fajardo,2010-2014,1,0,1,0.013587789003023888,0.12217624643391599,0.013427628494210067,100000,1342.7628494210076,98821.29087537216,0.9861406239338016,7412867.500954765,74.12867500954765
Fajardo,2010-2014,1,1,4,4.0364026194705035e-4,1.612542555346945,0.001613006635315237,98657.23715057899,159.1347781457589,394249.02109152864,0.9983388791541339,7314046.210079393,74.1359318517716
Fajardo,2010-2014,1,5,5,1.9441231511798036e-4,2.5,9.715893532511279e-4,98498.10237243323,95.69970758049749,492251.2625932149,0.998953720281582,6919797.188987864,70.25310155543174
Fajardo,2010-2014,1,10,5,2.2433428866561352e-4,2.5,0.0011210427225237648,98402.40266485274,110.31329738628119,491736.230080798,0.9970925187438591,6427545.92639465,65.31899376772468
Fajardo,2010-2014,1,15,5,9.413953029888357e-4,2.5,0.004695924711278212,98292.08936746645,461.5722513838555,490306.51620887266,0.9908620790191356,5935809.6963138515,60.389495579066775
Fajardo,2010-2014,1,20,5,0.0027388000275914235,2.5,0.013600874946261892,97830.5171160826,1330.5806292239868,485826.13400735304,0.9861228901958425,5445503.180104978,55.662622877108134
Fajardo,2010-2014,1,25,5,0.002851616083582743,2.5,0.01415715350135816,96499.93648685861,1366.1644137157564,479084.2714000037,0.9869095035027573,4959677.046097626,51.39565088494163
Fajardo,2010-2014,1,30,5,0.00241621192910895,2.5,0.012008521811415483,95133.77207314286,1142.415976942575,472812.8204233579,0.9859327857436618,4480592.774697622,47.097814761857165
Fajardo,2010-2014,1,35,5,0.0032564834234663775,2.5,0.016150929035636558,93991.35609620028,1518.0477222729678,466161.661175319,0.983412634824001,4007779.954274264,42.639877971036995
Fajardo,2010-2014,1,40,5,0.003435447672012018,2.5,0.017030965879849976,92473.30837392731,1574.9097597131913,458429.26747035363,0.9766647756726835,3541618.293098945,38.298816765352136
Fajardo,2010-2014,1,45,5,0.0060395769416909705,2.5,0.02974871064136824,90898.39861421412,2704.1101581380062,447731.7176757256,0.9672597083613977,3083189.0256285914,33.91906868144167
Fajardo,2010-2014,1,50,5,0.007295393008465352,2.5,0.035823596994693833,88194.28845607612,3159.436646884249,433072.85066317,0.9534339560327877,2635457.307952866,29.88240343098201
Fajardo,2010-2014,1,55,5,0.011884435735399676,2.5,0.057707622353734216,85034.85180919187,4907.159115110597,412906.36125818285,0.9339427957731122,2202384.4572896957,25.899785916386207
Fajardo,2010-2014,1,60,5,0.015566741369122667,2.5,0.07491812900058659,80127.69269408127,6003.016817774536,385630.92142597,0.9162184498414501,1789478.096031513,22.33282946088993
Fajardo,2010-2014,1,65,5,0.019586899496951624,2.5,0.09336277905928245,74124.67587630673,6920.485736680552,353322.16503983224,0.8919977168198978,1403847.174605543,18.93899916605598
Fajardo,2010-2014,1,70,5,0.026473177374575267,2.5,0.12414931948380722,67204.19013962618,8343.354472294981,315162.5645173935,0.8406658302027777,1050525.0095657108,15.63183794616224
Fajardo,2010-2014,1,75,5,0.044322594312327344,2.5,0.19950637163039112,58860.8356673312,11743.111755121958,264946.3989488511,0.7652335996985303,735362.4450483174,12.493238274842511
Fajardo,2010-2014,1,80,5,0.06479585557638155,2.5,0.27881425705067814,47117.72391220924,13137.093186501595,202745.88659479225,0.5690072898747952,470416.0460994663,9.983844868566987
Fajardo,2010-2014,1,85,NA,0.1570088459661557,7.877139234563157,1,33980.63072570765,33980.63072570765,267670.159504674,0,267670.159504674,7.877139234563157
Fajardo,2010-2014,2,0,1,0.005676293535671837,0.13736368418493974,0.0056486345619159795,100000,564.8634561915969,99512.72826921233,0.9940895561839924,8133223.246029903,81.33223246029902
Fajardo,2010-2014,2,1,4,2.1104091380304488e-4,1.5148096715677628,8.437211430150326e-4,99435.1365438084,83.89552706059476,397532.0498227839,0.9991311142583134,8033710.51776069,80.79347800987085
Fajardo,2010-2014,2,5,5,1.1542359173463847e-4,2.5,5.769514741446863e-4,99351.24101674781,57.32084496271273,496612.90297133225,0.9994064560005567,7636178.467937906,76.86042358193254
Fajardo,2010-2014,2,10,5,1.2206645985744004e-4,2.5,6.101461033501208e-4,99293.9201717851,60.58379847918695,496318.1413627275,0.998760356052205,7139565.564966574,71.90335070480297
Fajardo,2010-2014,2,15,5,3.7425506228343653e-4,2.5,0.001869526112388102,99233.33637330591,185.51931356928253,495702.88358260633,0.9973068030310619,6643247.423603847,66.94572274192831
Fajardo,2010-2014,2,20,5,7.049222196772267e-4,2.5,0.0035184105838898046,99047.81705973663,348.4908878541464,494367.85807904776,0.9959720688538025,6147544.540021241,62.06643137136078
Fajardo,2010-2014,2,25,5,9.09915315039645e-4,2.5,0.004539250740778627,98699.32617188248,448.0209894400905,492376.57838581223,0.9949295568227788,5653176.681942193,57.276750523071684
Fajardo,2010-2014,2,30,5,0.0011239609359077114,2.5,0.005604057824345725,98251.30518244239,550.6059955598321,489880.0109233124,0.9939000248438324,5160800.103556381,52.52652973895171
Fajardo,2010-2014,2,35,5,0.0013241061411243115,2.5,0.006598687299679396,97700.69918688256,644.6963628942758,486891.7550271771,0.9925555515680703,4670920.092633069,47.80846126493426
Fajardo,2010-2014,2,40,5,0.001666076250377185,2.5,0.00829582754874545,97056.00282398828,805.1598619983706,483267.1144649455,0.9876389653460358,4184028.337605891,43.109423589117455
Fajardo,2010-2014,2,45,5,0.003319368439518657,2.5,0.016460248127242748,96250.84296198991,1584.3127576106199,477293.432915923,0.9819799526772451,3700761.2231409457,38.44913051413379
Fajardo,2010-2014,2,50,5,0.003960010058231219,2.5,0.01960595088439759,94666.53020437929,1856.027341583409,468692.58266793797,0.9755594268786477,3223467.7902250225,34.05076517820766
Fajardo,2010-2014,2,55,5,0.005961932230944634,2.5,0.02937187828514421,92810.50286279588,2726.0187936690636,457237.46732980676,0.9654588613633562,2754775.2075570845,29.681718367904313
Fajardo,2010-2014,2,60,5,0.008135533825461255,2.5,0.03986682438163009,90084.48406912682,3591.3823058936396,441443.96458090004,0.9521256629919653,2297537.740227278,25.504255965591696
Fajardo,2010-2014,2,65,5,0.01156801187685821,2.5,0.056214339030407345,86493.10176323318,4862.152546309895,420310.1274503911,0.9309507591410495,1856093.7756463778,21.45944286663764
Fajardo,2010-2014,2,70,5,0.017242248646461494,2.5,0.08264862296373648,81630.94921692328,6746.685544001419,391288.0322246129,0.8831317014285701,1435783.6481959866,17.588716803728257
Fajardo,2010-2014,2,75,5,0.033409593081510265,2.5,0.15417099028182796,74884.26367292186,11544.981086979882,345558.8656471596,0.81495898812021506,1044495.6159713737,13.948132287625914
Fajardo,2010-2014,2,80,5,0.049826816149445056,2.5,0.2215377756976196,63339.28258594198,14032.043778372557,281616.3034837785,0.5970789869710731,698936.7503242141,11.0348068653266
Fajardo,2010-2014,2,85,NA,0.11615532486559595,8.463675049197247,1,49307.238807569425,49307.238807569425,417320.4468404356,0,417320.4468404356,8.463675049197247
Fajardo,2015-2019,1,0,1,0.011017989224304872,0.12730415340236084,0.010913056330641602,100000,1091.3056330641703,99047.62210665629,0.9886582517600697,7644938.501673636,76.44938501673636
Fajardo,2015-2019,1,1,4,3.75534255001346e-4,1.620118961275777,0.0015007957185710261,98908.69436693583,148.44174503533577,395281.5037733786,0.9985056910417387,7545890.87956698,76.29148203668427
Fajardo,2015-2019,1,5,5,1.7084420701224393e-4,2.5,8.538563440362214e-4,98760.2526219005,84.3270682398288,493590.4454389029,0.9990551405515891,7150609.375793601,72.40371694035059
Fajardo,2015-2019,1,10,5,2.072954374047862e-4,2.5,0.0010359403227680974,98675.92555366067,102.22237016751023,493124.0718428846,0.9975305796149594,6657018.930354699,67.46345568083437
Fajardo,2015-2019,1,15,5,7.8240480298124e-4,2.5,0.0039043869870777318,98573.70318349315,384.86988397769164,491906.34120752156,0.9931517574098181,6163894.858511814,62.530823733362595
Fajardo,2015-2019,1,20,5,0.001970385913825719,2.5,0.009803637197532902,98188.83329951546,962.6076985174732,488537.64725128363,0.9892389671047613,5671988.517304292,57.76612601152357
Fajardo,2015-2019,1,25,5,0.0023594170083097317,2.5,0.011727907480594666,97226.22560099799,1140.2601785359439,483280.4775586501,0.9876365735656432,5183450.870053008,53.313299349139825
Fajardo,2015-2019,1,30,5,0.002618325034376768,2.5,0.013006487144633606,96085.96542246205,1249.7408740469546,477305.47492719284,0.98672683496736735,4700170.392494358,48.916305017377674
Fajardo,2015-2019,1,35,5,0.0027271387412558723,2.5,0.01354335717120869,94836.22454841509,1284.4008618281368,470970.1205875051,0.9825664162525541,4222864.917567166,44.52797375343996
Fajardo,2015-2019,1,40,5,0.004321636367256995,2.5,0.021377220403468733,93551.82368658695,1999.877954094627,462759.4235476982,0.977934785989129,3751894.7969796606,40.10498832763632
Fajardo,2015-2019,1,45,5,0.004606083454261703,2.5,0.022768236280275272,91551.94573249233,2084.4763323563093,452548.5378315709,0.9752357379234536,3289135.3734319624,35.926438778729626
Fajardo,2015-2019,1,50,5,0.00543419521073044,2.5,0.02680679269249076,89467.46940013602,2398.335904931213,441341.50723835203,0.9619259772321069,2836586.8356003915,31.705231573209993
Fajardo,2015-2019,1,55,5,0.010183126486107206,2.5,0.04965161084680603,87069.1334952048,4323.122733072509,424537.8606433428,0.9398084536625833,2395245.3283620393,27.50969525261158
Fajardo,2015-2019,1,60,5,0.01478332312793558,2.5,0.07128214806927431,82746.0107621323,5898.313391288088,398984.27033244126,0.9186368026138597,1970707.4677186967,23.816344130278807
Fajardo,2015-2019,1,65,5,0.019335123278298026,2.5,0.09221800037706826,76847.69737084421,7086.740985121331,366521.63439141767,0.8944929000397884,1571723.1973862553,20.452443614563816
Fajardo,2015-2019,1,70,5,0.025565006390514053,2.5,0.12014618686506694,69760.95638572288,8381.512901804854,327850.99967410223,0.8535213717860056,1205201.5629948378,17.27616170184117
Fajardo,2015-2019,1,75,5,0.038694338521337024,2.5,0.1764068287352882,61379.443483918025,10827.75297453483,279827.83498325304,0.798231006361233,877350.5633207355,14.293882666932445
Fajardo,2015-2019,1,80,5,0.05263295787730527,2.5,0.23256352398259267,50551.690509383196,11756.479288139548,223367.2543265671,0.62617781092938,597522.7283374824,11.820034549122996
Fajardo,2015-2019,1,85,NA,0.13733119522303966,9.644372648911721,1,38795.21122124365,38795.21122124365,374155.4740109153,0,374155.4740109153,9.644372648911721
Fajardo,2015-2019,2,0,1,0.0066934486209537045,0.13527315585281247,0.006654929855654643,100000,665.4929855654627,99424.5303507899,0.9931306633585666,8366213.217084375,83.66213217084375
Fajardo,2015-2019,2,1,4,1.9969886251915687e-4,1.5131724291248498,7.983989518740157e-4,99334.50701443454,79.30856628525362,397140.8013284934,0.9991817463666692,8266788.686733585,83.22172158696391
Fajardo,2015-2019,2,5,5,9.430601455613103e-5,2.5,4.714189286797799e-4,99255.19844814928,46.79077931831125,496159.0152924506,0.9994764446200042,7869647.885405092,79.28700973295801
Fajardo,2015-2019,2,10,5,1.1517643868631855e-4,2.5,5.757164210139288e-4,99208.40766883097,57.11590939760208,495899.2485706608,0.9988136837132985,7373488.870112641,74.32322565569433
Fajardo,2015-2019,2,15,5,3.597768851727366e-4,2.5,0.0017972678872579364,99151.29175943337,178.20143265937804,495310.9552155184,0.9975545701860336,6877589.62154198,69.36459928559265
Fajardo,2015-2019,2,20,5,6.199109892288746e-4,2.5,0.003094758758735492,98973.09032677399,306.2978381678986,494099.7070384502,0.9958415905090254,6382278.666326461,64.48498925571026
Fajardo,2015-2019,2,25,5,0.0010478100303359108,2.5,0.005225362184407154,98666.7924886061,515.5697263267066,492045.0381272137,0.9951982328996194,5888178.959288011,59.67741335027152
Fajardo,2015-2019,2,30,5,8.771084804613066e-4,2.5,0.004375946951852735,98151.22276227939,429.5045440672111,489682.35245122894,0.994734339992659,5396133.921160798,54.97775543999226
Fajardo,2015-2019,2,35,5,0.0012356620989721658,2.5,0.006159283511879695,97721.71821821218,601.8957677739963,487103.85167162586,0.9929699981419392,4906451.568709569,50.20840462253727
Fajardo,2015-2019,2,40,5,0.0015874987635093338,2.5,0.007906116442355669,97119.82245043818,767.8406251540582,483679.5106893058,0.9892664317407959,4419347.717037943,45.50407533223414
Fajardo,2015-2019,2,45,5,0.0027352879399847097,2.5,0.0135835523823893,96351.98182528412,1308.8021922707703,478487.9036457437,0.9856428548408616,3935668.206348637,40.846780022493135
Fajardo,2015-2019,2,50,5,0.003051379218039658,2.5,0.015141390777322936,95043.17963301335,1439.0859235427488,471618.1833562099,0.9792484177376799,3457180.3027028935,36.37483842661802
Fajardo,2015-2019,2,55,5,0.005360492385594526,2.5,0.026448025825345695,93604.0937094706,2475.643487786161,461831.35982788756,0.9683536170736385,2985562.119346684,31.895636195285473
Fajardo,2015-2019,2,60,5,0.0075365658332591495,2.5,0.03698596133502624,91128.45022168444,3370.47333642008,447216.067767372,0.9551469923219631,2523730.759518796,27.694213534625245
Fajardo,2015-2019,2,65,5,0.010893231430967433,2.5,0.05302219943137497,87757.97688526436,4653.120952104495,427157.0820460606,0.9396981158779145,2076514.691751424,23.661834119834822
Fajardo,2015-2019,2,70,5,0.014076352814125746,2.5,0.06798916537233153,83104.85593315987,5650.22979328339,401398.7051825909,0.9047600133801692,1649357.6097053634,19.846705600836607
Fajardo,2015-2019,2,75,5,0.026548080682820614,2.5,0.12447872530722583,77454.62613987648,9641.453131039554,363169.4978717835,0.8508219216105266,1247958.9045227726,16.11212869672968
Fajardo,2015-2019,2,80,5,0.03893076780423056,2.5,0.1773891039763895,67813.17300883692,12029.317997833467,308992.5700496009,0.6507727514288776,884789.4066509891,13.047456230011383
Fajardo,2015-2019,2,85,NA,0.11081836589795468,10.321926236324314,1,55783.855011003456,55783.855011003456,575796.8366013882,0,575796.8366013882,10.321926236324314
Fajardo,2020-2024,1,0,1,0.01193915381862362,0.1254660155126275,0.011815782916133775,100000,1181.5782916133758,98966.66962865157,0.987769074275416,7486513.298810453,74.86513298810453
Fajardo,2020-2024,1,1,4,3.781563838106422e-4,1.617399046073689,0.0015112638928816316,98818.42170838662,149.34071267943364,394917.86750905646,0.9984627115216849,7387546.629181802,74.75880004421107
Fajardo,2020-2024,1,5,5,1.7854354826914653e-4,2.5,8.923194466452486e-4,98669.08099570719,88.04433975506981,493125.29412914824,0.9990131713962628,6992628.761672745,70.86950330445435
Fajardo,2020-2024,1,10,5,2.164014443609978e-4,2.5,0.0010814221685069166,98581.03665595212,106.60771843415569,492638.66398367524,0.9974637926290265,6499503.467543597,65.93056522855271
Fajardo,2020-2024,1,15,5,8.001107508121645e-4,2.5,0.0039925675135834195,98474.42893751797,393.165805894605,491389.23017285333,0.9939836491594329,6006864.803559922,60.99923470864988
Fajardo,2020-2024,1,20,5,0.0016161529284441803,2.5,0.008048246648745375,98081.26313162336,789.3821973038139,488432.8601648573,0.9906067280348967,5515475.573387069,56.23373310338995
Fajardo,2020-2024,1,25,5,0.0021614590301083383,2.5,0.010749210206871257,97291.88093431955,1045.810879584882,483844.87747263553,0.9875864042649435,5027042.713222211,51.66970424403554
Fajardo,2020-2024,1,30,5,0.0028392242459041495,2.5,0.014096066495108773,96246.07005473466,1356.6910033844324,477838.62276521226,0.9859446092646994,4543197.835749576,47.203982803307
Fajardo,2020-2024,1,35,5,0.002822604862449136,2.5,0.014014133409484127,94889.37905135023,1329.7924171687337,471122.4142138293,0.9818561380926558,4065359.2129843635,42.84314275873128
Fajardo,2020-2024,1,40,5,0.0045168937978060895,2.5,0.022332287561091655,93559.5866341815,2089.399592811402,462574.434188879,0.9760521718661475,3594236.7987705343,38.41655278816077
Fajardo,2020-2024,1,45,5,0.005186441464554327,2.5,0.0256002715481191,91470.1870413701,2341.6616268163198,451496.78113980964,0.9678328941681783,3131662.3645816552,34.23697344321892
Fajardo,2020-2024,1,50,5,0.007935668351896092,2.5,0.038906469659576684,89128.52541455378,3467.6762698441307,436973.43639815855,0.9556943868206829,2680165.5834418456,30.070794630292426
Fajardo,2020-2024,1,55,5,0.010240278748929204,2.5,0.049923321913479625,85660.84914470965,4276.47414723337,417613.0603554648,0.9403041150606027,2243192.1470436873,26.18690066046614
Fajardo,2020-2024,1,60,5,0.014503898269073022,2.5,0.06998196315952568,81384.37499747628,5695.438332834397,392683.2791552954,0.9158975184343451,1825579.0866882224,22.431567321673644
Fajardo,2020-2024,1,65,5,0.020894362056906066,2.5,0.09928554022342115,75688.93666464188,7514.81696568527,359657.6409089962,0.8887960325710259,1432895.807532927,18.93137716918548
Fajardo,2020-2024,1,70,5,0.026538400319421583,2.5,0.12443616002473769,68174.11969895661,8483.325668404992,319662.28432377055,0.8444893724715054,1073238.1666239307,15.742603958263599
Fajardo,2020-2024,1,75,5,0.042233628811213585,2.5,0.1910014348060483,59690.79403055162,11401.027304547657,269951.40189138893,0.7704822567842188,753575.8823001602,12.62465836715887
Fajardo,2020-2024,1,80,5,0.06434083074411728,2.5,0.2771276031918604,48289.76672600396,13382.427311471532,207992.76535134096,0.5699292037997324,483624.48040877125,10.01505108013579
Fajardo,2020-2024,1,85,NA,0.12088936177333574,7.896096341925185,1,34907.33941453243,34907.33941453243,275631.7150574303,0,275631.7150574303,7.896096341925185
Fajardo,2020-2024,2,0,1,0.007046620917511512,0.1345472914268661,0.007003907467637635,100000,700.3907467637619,99393.84493115374,0.9927813785514716,8338605.12543021,83.38605125430209
Fajardo,2020-2024,2,1,4,2.04146932831482e-4,1.5126046425501536,8.161732833211765e-4,99299.60925323624,81.0456881167338,396996.84434458206,0.9991603297706249,8239211.280499056,82.97324976865943
Fajardo,2020-2024,2,5,5,9.591878720423512e-5,2.5,4.7947895842072145e-4,99218.5635651195,47.57321351420251,495973.884791812,0.9994814899207771,7842214.436154474,79.03979007927727
Fajardo,2020-2024,2,10,5,1.1154308069656273e-4,2.5,5.575599236039343e-4,99170.9903516053,55.293769804164185,495716.7173335161,0.9987976068393122,7346240.551362662,74.076506903046635
Fajardo,2020-2024,2,15,5,3.6985889938961913e-4,2.5,0.0018475861315152711,99115.69658180114,183.12478642001224,495120.67094295565,0.9975402289015826,6850523.834029146,69.11643735838896
Fajardo,2020-2024,2,20,5,6.155636857407747e-4,2.5,0.003073089223381486,98932.57179538113,304.0286202257994,493902.7874263411,0.9962096792712624,6355403.16308619,64.23974478527511
Fajardo,2020-2024,2,25,5,9.03991021662297e-4,2.5,0.004509763144829612,98628.54317515533,444.7913690395508,492030.73745317775,0.9955559496813912,5861500.375659849,59.430061389534636
Fajardo,2020-2024,2,30,5,8.775288883169957e-4,2.5,0.004378039800586937,98183.75180611578,429.852373178117,489844.1280976336,0.9945214224353122,5369469.638206671,54.68796556898543
Fajardo,2020-2024,2,35,5,0.0013211401061032637,2.5,0.006583954713942924,97753.89943293766,643.607246977801,487160.47904724383,0.9923738416105977,4879625.510109038,49.91745125683318
Fajardo,2020-2024,2,40,5,0.0017426126900433297,2.5,0.008675269364008484,97110.29218595986,842.4579427307617,483445.31607297243,0.9900925370030838,4392465.031061794,45.23171470486888
Fajardo,2020-2024,2,45,5,0.002242590895032901,2.5,0.011150439788302356,96267.8342432291,1073.4286892794044,478655.599492947,0.9861473078419294,3909019.714988821,40.60566798576087
Fajardo,2020-2024,2,50,5,0.003344820740233714,2.5,0.016585415595991398,95194.40555394969,1578.8387785256054,472024.93082343444,0.9784586020435694,3430364.1154958745,36.03535413172761
Fajardo,2020-2024,2,55,5,0.005387799168332923,2.5,0.026580963607618083,93615.56677542409,2488.391973564081,461856.8539432102,0.971217943857589,2958339.18467244,31.600932265562715
Fajardo,2020-2024,2,60,5,0.006306538431841019,2.5,0.03104325348138082,91127.17480186,2828.8839864162437,448563.6640432594,0.9594692239276538,2496482.33072923,27.395585742204684
Fajardo,2020-2024,2,65,5,0.010324220673329708,2.5,0.05032225812255476,88298.29081544376,4443.36938219516,430383.0306217309,0.9422636014349085,2047918.6666859703,23.193185822434746
Fajardo,2020-2024,2,70,5,0.013552830368550596,2.5,0.0655434052112402,83854.9214332486,5496.137094456135,405534.26443010266,0.9086739735163734,1617535.6360642395,19.289692345032527
Fajardo,2020-2024,2,75,5,0.025286935572702392,2.5,0.1189170579089167,78358.78433879247,9318.196094888495,368498.43145674106,0.8495360716505018,1212001.371634137,15.467332499620223
Fajardo,2020-2024,2,80,5,0.041079639737127256,2.5,0.18626858297793897,69040.58824390397,12860.092540155347,313052.7098691315,0.6288658936941063,843502.9401773957,12.21749353000152
Fajardo,2020-2024,2,85,NA,0.10145522121962931,9.441893021119608,1,56180.495703748624,56180.495703748624,530450.2303082643,0,530450.2303082643,9.441893021119608
Florida,1980-1984,1,0,1,0.017035721399110016,0.11529606973414593,0.016782778582337572,100000,1678.2778582337633,98515.22098274242,0.9827096902771714,7134471.04988578,71.3447104988578
Florida,1980-1984,1,1,4,4.748739999485476e-4,1.6024334881314168,0.0018973358032947304,98321.72214176624,186.54932366116554,392839.6241558432,0.9980548604197113,7035955.828903037,71.56054303807015
Florida,1980-1984,1,5,5,2.2575303588412868e-4,2.5,0.0011281284833456868,98135.17281810507,110.70908367415541,490399.09138133994,0.9987473227231244,6643116.2047471935,67.69352938380517
Florida,1980-1984,1,10,5,2.75663191882701e-4,2.5,0.001377366736136314,98024.46373443092,135.01563567540143,489784.77958296606,0.9970243409282109,6152717.113365853,62.767159125041175
Florida,1980-1984,1,15,5,9.173300984622791e-4,2.5,0.004576155878504876,97889.44809875551,447.95737336071033,488327.3470603758,0.9935996857323429,5662932.333782888,57.85028359818572
Florida,1980-1984,1,20,5,0.0016533777457767096,2.5,0.008232858665628857,97441.4907253948,802.2220213103719,485201.8985736981,0.9900954740866693,5174604.986722512,53.104739553968336
Florida,1980-1984,1,25,5,0.0023315252720299733,2.5,0.01159007000733313,96639.26870408443,1120.0558897378069,480396.2037960777,0.9880208713788577,4689403.088148814,48.524819682856496
Florida,1980-1984,1,30,5,0.00248995365147865,2.5,0.012372749326482487,95519.21281434663,1181.835276014841,474641.47588169604,0.9848895709365136,4209006.884352736,44.064505562178994
Florida,1980-1984,1,35,5,0.0036087477000454516,2.5,0.01788240577346161,94337.37753833178,1686.979264744703,467469.4395297972,0.9805127852190889,3734365.40847104,39.58521538245716
Florida,1980-1984,1,40,5,0.004269335673561439,2.5,0.02112124416484971,92650.39827358708,1956.8916839070007,458359.7621581679,0.9736101458639583,3266895.968941243,35.26046330955249
Florida,1980-1984,1,45,5,0.006457005411829042,2.5,0.031772144782136046,90693.50658968008,2881.5272221669293,446263.7148929831,0.9630166033171088,2808536.206783075,30.967335065007347
Florida,1980-1984,1,50,5,0.008656500036045962,2.5,0.04236565445689672,87811.97936751315,3720.2119750601996,429759.3668999152,0.9499721313196445,2362272.491890092,26.90148324755832
Florida,1980-1984,1,55,5,0.011952611094309831,2.5,0.05802905854903526,84091.76739245295,4879.7660935085005,408259.42172849353,0.926476399418353,1932513.1249901766,22.981002598877655
Florida,1980-1984,1,60,5,0.018842173582951986,2.5,0.08997266641879977,79212.00129894445,7126.9149692354695,378242.7190716336,0.8950285392730274,1524253.703261683,19.242711688462222
Florida,1980-1984,1,65,5,0.025861086761140975,2.5,0.12145315721530606,72085.08632970898,8754.961322881049,338538.0283413423,0.8498994381953288,1146010.9841900493,15.898031653153962
Florida,1980-1984,1,70,5,0.04021550835861626,2.5,0.18270827626479338,63330.12500682793,11570.937975631416,287723.2800950611,0.7853046447648222,807472.9558487071,12.7502188849564
Florida,1980-1984,1,75,5,0.05814639457420961,2.5,0.2538332518288155,51759.18703119652,13138.20275614447,225950.4282656214,0.6901425924036405,519749.67575364606,10.041689322523174
Florida,1980-1984,1,80,5,0.09533764353707946,2.5,0.3849400294162896,38620.98427505205,14866.762822924593,155938.01431794875,0.4692361683999724,293799.24748802464,7.6072439116423505
Florida,1980-1984,1,85,NA,0.23729229424581674,5.80365192973853,1,23754.221452127455,23754.221452127455,137861.2331700759,0,137861.2331700759,5.80365192973853
Florida,1980-1984,2,0,1,0.011936835391846212,0.12449658032420023,0.011813376859337619,100000,1181.3376859337586,98965.73481617309,0.9879237109353652,7837297.60809915,78.37297608099149
Florida,1980-1984,2,1,4,2.825973383649412e-4,1.5047796358498577,0.0011295928293972124,98818.66231406624,111.62485236059001,394996.12065150955,0.9988030287588325,7738331.873282976,78.30840543751695
Florida,1980-1984,2,5,5,1.334412524492222e-4,2.5,6.669837543772426e-4,98707.03746170565,65.83599042966671,493370.5973324541,0.9992382785520089,7343335.752631467,74.39526037320677
Florida,1980-1984,2,10,5,1.7137786894572246e-4,2.5,8.565223722814474e-4,98641.20147127598,84.48839588885312,492994.78636665776,0.9982472450624704,6849965.155299013,69.4432453490918
Florida,1980-1984,2,15,5,5.306542128578362e-4,2.5,0.0026497558040879713,98556.71307538713,261.15122250335116,492130.6873206773,0.9962692034265079,6356970.368932355,64.50063289011919
Florida,1980-1984,2,20,5,9.652656262298199e-4,2.5,0.004814709447324634,98295.56185288378,473.2645702831651,490294.647838711,0.9946183948449322,5864839.681611678,59.66535590273566
Florida,1980-1984,2,25,5,0.0011938010014206839,2.5,0.005951243505960634,97822.29728260062,582.1643114412291,487656.0756344,0.9933391400650267,5374545.033772967,54.94192206758696
Florida,1980-1984,2,30,5,0.001480403734491298,2.5,0.007374724747314565,97240.13297115939,717.1192150545685,484407.8668181605,0.9915547266054561,4886888.9581385665,50.25588518670555
Florida,1980-1984,2,35,5,0.0019138687683159512,2.5,0.009523775699410885,96523.01375610482,919.2635328442993,480316.9099484133,0.9895906240029116,4402481.091320406,45.6106882701014
Florida,1980-1984,2,40,5,0.0022735478448841773,2.5,0.011303491651709859,95603.75022326052,1080.6561925207789,475317.11063500063,0.986320220512439,3922164.181371993,41.02521263248233
Florida,1980-1984,2,45,5,0.003242723695230074,2.5,0.01608323476001971,94523.09403073974,1520.2371115397982,468814.87737484917,0.9817851642596168,3446847.070736992,36.46566065236975
Florida,1980-1984,2,50,5,0.0041182233630228954,2.5,0.020381280154859335,93002.85691919994,1895.517282072513,460275.4913908184,0.974017347793436,2978032.193362143,32.0208678745152
Florida,1980-1984,2,55,5,0.006442223574167253,2.5,0.03170056259172926,91107.33963712743,2888.153922732701,448316.3133788054,0.9577565182105623,2517756.7019713246,27.635058953530304
Florida,1980-1984,2,60,5,0.010916312176232233,2.5,0.053131559165509525,88219.18571439473,4687.222885317431,429377.87135868,0.9369725946972075,2069440.3885925193,23.45794026360922
Florida,1980-1984,2,65,5,0.015256209227233869,2.5,0.07347853632640307,83531.9628290773,6137.806365152108,402315.2982325062,0.9017811797764866,1640062.5172338393,19.63395162387992
Florida,1980-1984,2,70,5,0.026648725213058666,2.5,0.12492115240588567,77394.15646392519,9668.167214954956,362800.36428223853,0.8476389069129243,1237747.219001333,15.992773557500678
Florida,1980-1984,2,75,5,0.04046028531969537,2.5,0.18371819965710845,67725.98924897023,12442.496814817496,307523.70420780743,0.782961114539374,874946.8547190945,12.918923214287313
Florida,1980-1984,2,80,5,0.059205071623290535,2.5,0.25785896228889865,55283.49243415274,14255.343990776804,240779.1021938217,0.5756621809017428,567423.150511287,10.263880328963216
Florida,1980-1984,2,85,NA,0.1420437971447536,7.9614620866519425,1,41028.14844337593,41028.14844337593,326644.0483174654,0,326644.0483174654,7.9614620866519425
Florida,1985-1989,1,0,1,0.016275604878959824,0.11681284424427962,0.016044968007696954,100000,1604.496800769688,98582.92903410907,0.9833673695559182,7086746.3967196075,70.86746396719607
Florida,1985-1989,1,1,4,5.110994683866844e-4,1.604656511392809,0.002041898061909167,98395.50319923031,200.91358728308114,393100.75574385,0.997975852341213,6988163.467685498,71.02116702971607
Florida,1985-1989,1,5,5,2.3192203886755687e-4,2.5,0.0011589382360412237,98194.58961194723,113.8014644736686,490688.444398552,0.9986806087105734,6595062.711941648,67.16319848175458
Florida,1985-1989,1,10,5,2.9622531400204507e-4,2.5,0.001480030513751054,98080.78814747356,145.16255927100428,490041.0343391903,0.9969293748506275,6104374.267543096,62.23822608730064
Florida,1985-1989,1,15,5,9.348954592562588e-4,2.5,0.004663577402936556,97935.62558820256,456.7303704356018,488536.30201492383,0.9936681534144542,5614333.233203906,57.32677153471121
Florida,1985-1989,1,20,5,0.0016080249422017335,2.5,0.008007932323728621,97478.89521776696,780.6043958957162,485442.9650990955,0.9905791889742088,5125796.931188982,52.58365843948066
Florida,1985-1989,1,25,5,0.0021808447948031768,2.5,0.010845095299930886,96698.29082187124,1048.7021793036256,480869.69866109715,0.9882677620354167,4640353.966089887,47.98796262736353
Florida,1985-1989,1,30,5,0.002541872241037517,2.5,0.01262910726224015,95649.58864256761,1207.9689145561424,475228.0209264477,0.985412486549616,4159484.2674287893,43.4866926921384
Florida,1985-1989,1,35,5,0.0033418829008823553,2.5,0.016570968910280974,94441.61972801147,1564.9891443494416,468295.62577918376,0.9816892906591973,3684256.2465023417,39.01093879068222
Florida,1985-1989,1,40,5,0.004056681552229789,2.5,0.020079764733232894,92876.63058366203,1864.9408913353254,459720.80068997183,0.9729764332656228,3215960.620723158,34.626155153488945
Florida,1985-1989,1,45,5,0.006940296712898499,2.5,0.03410965573554377,91011.6896923267,3104.377403315404,447297.50495334505,0.95547609010889,2756239.820033186,30.284459384842823
Florida,1985-1989,1,50,5,0.011375760582671049,2.5,0.055305935218732706,87907.3122890113,4861.796118708982,427382.071148284,0.9380463476420862,2308942.3150798413,26.265645655150653
Florida,1985-1989,1,55,5,0.01429108529039284,2.5,0.06899055180188422,83045.51617030232,5729.355985261442,400904.19088835805,0.9248490822356098,1881560.243931557,22.656975724890692
Florida,1985-1989,1,60,5,0.017050654121042806,2.5,0.08176778505228818,77316.16018504088,6321.971167078707,370775.87300750765,0.9021398760907687,1480656.053043199,19.150667202038264
Florida,1985-1989,1,65,5,0.024489988779108938,2.5,0.11538547163171259,70994.18901796217,8191.697982948521,334491.70013243955,0.8358055564731175,1109880.1800356915,15.633394724107374
Florida,1985-1989,1,70,5,0.049279151487632865,2.5,0.219369856466573,62802.49103501365,13776.973444094183,279570.0215648328,0.7736894592663073,775388.4799032519,12.346460580217387
Florida,1985-1989,1,75,5,0.05330958605143344,2.5,0.23520167096305272,49025.517590919466,11530.883657212791,216300.37881156534,0.6969137069772301,495818.45833841915,10.113477280865158
Florida,1985-1989,1,80,5,0.0974653396505714,2.5,0.3918477605657223,37494.633933706675,14692.188340154495,150742.69881814712,0.46070501388206264,279518.0795268538,7.454882211173544
Florida,1985-1989,1,85,NA,0.1970606366051679,5.6474372531830666,1,22802.44559355218,22802.44559355218,128775.38070870665,0,128775.38070870665,5.6474372531830666
Florida,1985-1989,2,0,1,0.010069544240488934,0.1283343678088503,0.0099819300886194,100000,998.193008861941,99129.90945988157,0.9897049377449879,7714461.252694663,77.14461252694663
Florida,1985-1989,2,1,4,2.8864146238447475e-4,1.5077593997458163,0.0011537358935035194,99001.80699113806,114.22193824738497,395722.5594126124,0.9988057311672757,7615331.343234781,76.92113482248311
Florida,1985-1989,2,5,5,1.42793463588886e-4,2.5,7.137125342325054e-4,98887.58505289067,70.57730893221742,494261.48199212283,0.9992460444812229,7219608.7838221695,73.00824243974321
Florida,1985-1989,2,10,5,1.589085539032138e-4,2.5,7.94227245758334e-4,98817.00774395846,78.48315989456023,493888.8308200559,0.9981309971677477,6725347.301830046,68.05860099767314
Florida,1985-1989,2,15,5,5.897949073499759e-4,2.5,0.002944632713304072,98738.5245840639,290.7486895536131,492965.7511964354,0.9961956935848447,6231458.47100999,63.110710811813455
Florida,1985-1989,2,20,5,9.354865361428644e-4,2.5,0.004666519016437991,98447.77589451028,459.4084183377563,491090.358426707,0.994764002640046,5738492.719813555,58.28971419285815
Florida,1985-1989,2,25,5,0.0011650124097404623,2.5,0.005808145644319281,97988.36747617253,569.1307097506942,488519.0106064859,0.9933801832723445,5247402.361386848,53.551278550107895
Florida,1985-1989,2,30,5,0.001492796319367664,2.5,0.007436229656186499,97419.23676642183,724.4318175255321,485285.1042882953,0.9917354035169338,4758883.350780362,48.84952406464182
Florida,1985-1989,2,35,5,0.0018281512058854915,2.5,0.00909916938571483,96694.8049488963,879.8424089486507,481274.41872210987,0.9901022279681729,4273598.246492066,44.19677198532729
Florida,1985-1989,2,40,5,0.0021522601875347603,2.5,0.01070370802606506,95814.96253994765,1025.575383555959,476510.87424084835,0.9873390857299379,3792323.827769957,39.57966195716919
Florida,1985-1989,2,45,5,0.0029494482316955823,2.5,0.014639296540243193,94789.38715639169,1387.6499474503362,470477.8109133326,0.9816813544611266,3315812.953529109,34.98084598920758
Florida,1985-1989,2,50,5,0.004459705752745979,2.5,0.022052657851025996,93401.73720894135,2059.756553360232,461859.2946613062,0.9698356020325736,2845335.142615776,30.463407080434816
Florida,1985-1989,2,55,5,0.007842621386845256,2.5,0.03845905736961418,91341.98065558112,3512.9264742871746,447927.58709218766,0.9547896057095447,2383475.8479544697,26.093980345595188
Florida,1985-1989,2,60,5,0.01072648494295868,2.5,0.05223176657063332,87829.05418129395,4587.466656116856,427676.60426617763,0.9332190179762987,1935548.260862282,22.03767624397941
Florida,1985-1989,2,65,5,0.01712985650591167,2.5,0.08213200871977813,83241.58752517709,6836.7987924660265,399115.9406447204,0.8906959320774086,1507871.6565961044,18.114402925581356
Florida,1985-1989,2,70,5,0.029855048962785503,2.5,0.13890751794040315,76404.78873271107,10613.199561621761,355490.9447595009,0.8384522490682522,1108755.715951384,14.51159978768051
Florida,1985-1989,2,75,5,0.04146217205397923,2.5,0.1878402032095719,65791.5891710893,12358.305479378083,298062.18215700134,0.7532663917974521,753264.7711918831,11.449256366692069
Florida,1985-1989,2,80,5,0.07597746540964612,2.5,0.3192481616509166,53433.28369171122,17058.47758955072,224520.22448467932,0.5067685687800987,455202.5890348818,8.519083192813294
Florida,1985-1989,2,85,NA,0.15895008233180047,6.341817023087883,1,36374.8061021605,36374.8061021605,230682.3645502025,0,230682.3645502025,6.341817023087883
Florida,1990-1994,1,0,1,0.015520857891766361,0.11831890411987481,0.015311330797051019,100000,1531.133079705105,98650.02890834729,0.9839596343885166,7040938.972088943,70.40938972088944
Florida,1990-1994,1,1,4,5.797141141907284e-4,1.6068669603084853,0.002315643887580856,98468.8669202949,228.0188298009889,393329.788285911,0.9978238160539781,6942288.943180596,70.50237461145964
Florida,1990-1994,1,5,5,2.4042071406285757e-4,2.5,0.001201381477832382,98240.8480904939,118.02473526247195,490909.17861431336,0.9986326298312606,6548959.154894685,66.66228236203901
Florida,1990-1994,1,10,5,3.069470636911596e-4,2.5,0.0015335585152476635,98122.82335523143,150.47709129654686,490237.9240479158,0.9968351115357903,6058049.976280372,61.73945845757592
Florida,1990-1994,1,15,5,9.620531127913849e-4,2.5,0.004798723995563528,97972.34626393489,470.1422489184042,488686.3756973784,0.9928202946216489,5567812.052232455,56.83044516697516
Florida,1990-1994,1,20,5,0.0019236402085000314,2.5,0.009572167526658211,97502.20401501648,933.3074310501543,485177.75149745704,0.9892711077041711,5079125.676535077,52.092419118575336
Florida,1990-1994,1,25,5,0.002393597358085975,2.5,0.011896796439113998,96568.89658396633,1148.8605050092883,479972.3316573084,0.9862594320305154,4593947.925037621,47.571713952879215
Florida,1990-1994,1,30,5,0.0031458556734106223,2.5,0.015606538572278353,95420.03607895704,1489.176473634434,473377.2392106991,0.9828724430174475,4113975.593380312,43.11437893375064
Florida,1990-1994,1,35,5,0.003769733443981227,2.5,0.01867268956405935,93930.8596053226,1753.941781895439,465269.44357187446,0.978756037487196,3640598.3541696128,38.75827783825921
Florida,1990-1994,1,40,5,0.004830469882237806,2.5,0.023864161626188634,92176.91782342717,2199.7248651421833,455385.2769542804,0.9744810407698791,3175328.9105977383,34.44820010884237
Florida,1990-1994,1,45,5,0.005517925526352352,2.5,0.027214212635311843,89977.19295828498,2448.6584614952444,443764.3186376868,0.9654526032182508,2719943.633643458,30.229256372828523
Florida,1990-1994,1,50,5,0.008598074269701727,2.5,0.04208573075176283,87528.53449678974,3683.7023359282757,428433.41664412804,0.948531014683681,2276179.3150057714,26.004997434171074
Florida,1990-1994,1,55,5,0.01264009259710303,2.5,0.06126449089107137,83844.83216086146,5136.7109561825055,406382.383413851,0.9275019140519244,1847745.8983616433,22.037683787315945
Florida,1990-1994,1,60,5,0.017637852315215134,2.5,0.08446481667041444,78708.12120467896,6648.067028025966,376920.43845332984,0.8912042865036534,1441363.5149477923,18.312767385204815
Florida,1990-1994,1,65,5,0.02903984358609509,2.5,0.1353713135049085,72060.054176653,9754.864185128383,335913.110420444,0.8268827044057011,1064443.0764944623,14.771610827338723
Florida,1990-1994,1,70,5,0.048624882873227075,2.5,0.21677300894149265,62305.18999152461,13506.083507134164,277760.74118978763,0.7573206945287004,728529.9660740184,11.692925840898976
Florida,1990-1994,1,75,5,0.06397136598180825,2.5,0.2757556636989382,48799.106484390446,13456.629996518248,210353.9574306566,0.6581841910667259,450769.22488423076,9.237243411996078
Florida,1990-1994,1,80,5,0.11053890169192111,2.5,0.43302832095887783,35342.4764878722,15304.293252071919,138451.6493091812,0.4241145715260485,240415.26745357414,6.802445423881737
Florida,1990-1994,1,85,NA,0.18851795397095,5.088466201977056,1,20038.18323580028,20038.18323580028,101963.61814439295,0,101963.61814439295,5.088466201977056
Florida,1990-1994,2,0,1,0.009454577201171413,0.12959829111574842,0.00937740788458325,100000,937.7407884583372,99183.7888152354,0.9903362191166906,7723154.0080620805,77.2315400806208
Florida,1990-1994,2,1,4,2.683390212182946e-4,1.508742957371783,0.0010726390241018984,99062.25921154166,106.25804504599364,395984.3207431099,0.99888486547131,7623970.219246846,76.96140063761622
Florida,1990-1994,2,5,5,1.326890789314567e-4,2.5,6.632253877427247e-4,98956.00116649567,65.63013224312454,494615.9305018706,0.9992627554270872,7227985.898503736,73.04242100832762
Florida,1990-1994,2,10,5,1.623284259847044e-4,2.5,8.113128820657049e-4,98890.37103425254,80.2310319323442,494251.27759143186,0.9983445011626254,6733369.968001865,68.08923758279393
Florida,1990-1994,2,15,5,5.007000172615417e-4,2.5,0.0025003702477421966,98810.1400023202,247.06193423704826,493433.04517600837,0.9962831543980925,6239118.690410433,63.142494183936286
Florida,1990-1994,2,20,5,9.89716848215895e-4,2.5,0.004936370219142183,98563.07806808315,486.54384328227025,491599.0307322101,0.9943333192068763,5745685.645234425,58.29450295033959
Florida,1990-1994,2,25,5,0.001284232806411586,2.5,0.006400614334783138,98076.53422480088,627.750070865106,488813.29594684165,0.9935098289614995,5254086.614502215,53.57129160436421
Florida,1990-1994,2,30,5,0.0013204052649985795,2.5,0.006580304652721029,97448.78415393578,641.242687770151,485640.8140502535,0.9921714506847689,4765273.318555373,48.90028500538159
Florida,1990-1994,2,35,5,0.0018253039430271088,2.5,0.009085062215424392,96807.54146616563,879.5025371423981,481838.9509879721,0.9901350715199483,4279632.504505119,44.207635476424706
Florida,1990-1994,2,40,5,0.002141796114481847,2.5,0.010651944837248998,95928.03892902323,1021.8201790174207,477085.6441975726,0.9866156349094168,3797793.5535171474,39.59002598111194
Florida,1990-1994,2,45,5,0.0032555230305531756,2.5,0.01614620430285597,94906.2187500058,1532.3751975491323,470700.15575615625,0.9816775042617829,3320707.9093195745,34.9893605820153
Florida,1990-1994,2,50,5,0.004149504544057828,2.5,0.020534502689736566,93373.84355245667,1917.3854415789538,462075.75415833597,0.9720786851853814,2850007.7535634185,30.522549411413134
Florida,1990-1994,2,55,5,0.007220630890030337,2.5,0.035462991520094495,91456.45811087772,3243.319598443937,449173.9915582788,0.9608774423933802,2387931.9994050823,26.110042404113884
Florida,1990-1994,2,60,5,0.008771557933157257,2.5,0.04291667442572701,88213.13851243378,3785.8145456096827,431601.1561981447,0.9365122167390723,1938758.0078468036,21.978109389833495
Florida,1990-1994,2,65,5,0.01775049494719556,2.5,0.08498132335876349,84427.3239668241,7174.745718339764,404199.7555382711,0.8923769109013976,1507156.851648659,17.851529348968818
Florida,1990-1994,2,70,5,0.028349837813139826,2.5,0.1323676831903317,77252.57824848434,10225.74480323169,360698.52923434245,0.8381785169404109,1102957.096110388,14.277285252056005
Florida,1990-1994,2,75,5,0.04340215679052308,2.5,0.19576881224340822,67026.83344525265,13121.763572013857,302329.7582962286,0.7439066198965313,742258.5668760454,11.074050924430443
Florida,1990-1994,2,80,5,0.0793583410496811,2.5,0.33110236853667824,53905.06987323879,17848.096311164503,224905.10858828272,0.4887693094836777,439928.8085798168,8.161176854316995
Florida,1990-1994,2,85,NA,0.13108361683107625,5.9634428170006455,1,36056.97356207429,36056.97356207429,215023.6999915341,0,215023.6999915341,5.9634428170006455
Florida,1995-1999,1,0,1,0.01700558918762085,0.11535619705556198,0.016753550630074165,100000,1675.355063007417,98517.9075257789,0.9826239343845006,7151923.755904713,71.51923755904713
Florida,1995-1999,1,1,4,5.35745872960231e-4,1.6025215519515865,0.0021402344907978815,98324.64493699258,210.43779638961132,392794.05966647144,0.9978824121298177,7053405.848378934,71.73588933780363
Florida,1995-1999,1,5,5,2.4432562744619156e-4,2.5,0.0012208824050818088,98114.20714060297,119.7859091865248,490271.5709300486,0.998678328572558,6660611.788712462,67.88631313268877
Florida,1995-1999,1,10,5,2.847192488266007e-4,2.5,0.0014225836517611974,97994.42123141645,139.40526160760783,489623.59300306323,0.9964141008498965,6170340.2177824145,62.96623971288111
Florida,1995-1999,1,15,5,0.0011537777418386874,2.5,0.0057522965299416804,97855.01596980884,562.8910688005126,487867.8521770429,0.9927644316409234,5680716.624779351,58.05238053951184
Florida,1995-1999,1,20,5,0.0017531345265010857,2.5,0.0087274217714184,97292.12490100833,849.1094090486149,484337.8509824201,0.9900399271579085,5192848.772602308,53.373783108199845
Florida,1995-1999,1,25,5,0.0022533380211641656,2.5,0.01120357649360567,96443.01549195971,1080.5067013381777,479513.8107064531,0.9872796930739969,4708510.921619887,48.82168913530527
Florida,1995-1999,1,30,5,0.0028713086768863837,2.5,0.014254222701121913,95362.50879062153,1359.3184376392164,473414.24785900966,0.9830085877603779,4228997.110913435,44.34653790619797
Florida,1995-1999,1,35,5,0.003993104707157696,2.5,0.01976818247951126,94003.19035298232,1858.2722205539903,465370.2712135266,0.9788926040204537,3755582.863054425,39.95165322530222
Florida,1995-1999,1,40,5,0.004545803764769095,2.5,0.022473617189772355,92144.91813242833,2070.8296160910977,455547.5166219139,0.9734304491499555,3290212.5918408986,35.70693488611373
Florida,1995-1999,1,45,5,0.0062480237602592446,2.5,0.030759651222064355,90074.08851633723,2770.647546907887,443443.8237144164,0.9651912009062876,2834665.075218985,31.4703720227471
Florida,1995-1999,1,50,5,0.007952306102685831,2.5,0.038986450051757535,87303.44096942934,3403.6512407012196,428008.0767453937,0.9495072053904541,2391221.2515045684,27.389770952348737
Florida,1995-1999,1,55,5,0.012895965055996836,2.5,0.06246592918023739,83899.78972872812,5240.878323431534,406396.75283506175,0.9254578404245815,1963213.1747591745,23.39950053637561
Florida,1995-1999,1,60,5,0.018283813735272603,2.5,0.08742300387862599,78658.91140529659,6876.598316873744,376103.0612342986,0.8945641244898216,1556816.4219241128,19.791990431986616
Florida,1995-1999,1,65,5,0.026706343139373874,2.5,0.12517434328671723,71782.31308842284,8985.303900444851,336448.3056910021,0.8438391775249794,1180713.3606898142,16.44852763709897
Florida,1995-1999,1,70,5,0.04237535635109313,2.5,0.19158099899878572,62797.009187977994,12030.713754368764,283908.26155396807,0.7964066489365327,844265.054998812,13.44435134596251
Florida,1995-1999,1,75,5,0.049047787492048814,2.5,0.21845241801984064,50766.29543360923,11090.019991381523,226106.42718959236,0.7248564117294234,560356.793444844,11.037968964618726
Florida,1995-1999,1,80,5,0.08416790805591393,2.5,0.34768065646430174,39676.27544222771,13794.673491812184,163894.69348160806,0.5096648798988923,334250.36625525163,8.424439101950252
Florida,1995-1999,1,85,NA,0.20166330285402334,6.582114704492183,1,25881.601950415523,25881.601950415523,170355.67277364357,0,170355.67277364357,6.582114704492183
Florida,1995-1999,2,0,1,0.0087639381589903,0.131017740819972,0.008697699033484389,100000,869.7699033484387,99244.18538442148,0.9909929377941401,7806429.825274317,78.06429825274317
Florida,1995-1999,2,1,4,2.722501557034051e-4,1.5098488436725208,0.0010882628415062297,99130.23009665156,107.87974588414363,396252.28351264854,0.9989171913309088,7707185.639889895,77.7480858500522
Florida,1995-1999,2,5,5,1.226852649759434e-4,2.5,6.132382366408278e-4,99022.35035076742,60.72429151713732,494959.94102504425,0.9992995509891812,7310933.356377247,73.8311434790195
Florida,1995-1999,2,10,5,1.5760473343114792e-4,2.5,7.877132987945479e-4,98961.62605925028,77.95338891720166,494613.24682395835,0.9982771554101821,6815973.415352202,68.87491330499505
Florida,1995-1999,2,15,5,5.3245043184191e-4,2.5,0.002658713076894709,98883.67267033308,262.9033136199869,493761.10506761546,0.9964939445344441,6321360.168528244,63.927238924498084
Florida,1995-1999,2,20,5,8.730326552931444e-4,2.5,0.0043556567001295735,98620.76935671309,429.55821482051397,492029.9512465142,0.9947780478072293,5827599.0634606285,59.09099169954858
Florida,1995-1999,2,25,5,0.0012221301269111854,2.5,0.006092037478214931,98191.21114189258,598.1845383077307,489460.5943636936,0.9936762691937278,5335569.1122141145,54.33856095841283
Florida,1995-1999,2,30,5,0.0013156822157567138,2.5,0.006556844270288806,97593.02660358485,639.9022773058532,486365.3773246596,0.9927212831571445,4846108.51785042,49.65629908717689
Florida,1995-1999,2,35,5,0.001607505095801266,2.5,0.008005353861192431,96953.124326279,776.144068180045,482825.26146094484,0.9906888870194985,4359743.140525761,44.96753633079217
Florida,1995-1999,2,40,5,0.0021368364217430333,2.5,0.010627409519390634,96176.98025809895,1022.1121555411664,478329.62090164184,0.987431853987261,3876917.8790648165,40.310247511002984
Florida,1995-1999,2,45,5,0.0029272116062298496,2.5,0.014529729052355674,95154.86810255778,1382.5744515428087,472317.9043839319,0.9816869366598308,3398588.2581631746,35.71638872432865
Florida,1995-1999,2,50,5,0.004480057302995223,2.5,0.022152178937411594,93772.29365101497,2077.2606283287896,463668.31668425293,0.975252954551756,2926270.353779243,31.206129655628505
Florida,1995-1999,2,55,5,0.0055562619431314035,2.5,0.027400696103222898,91695.03302268618,2512.507734029612,452193.89577835693,0.9637962898948443,2462602.03709499,26.856438739552225
Florida,1995-1999,2,60,5,0.009260486051367277,2.5,0.0452547283062405,89182.52528865657,4035.930951602597,435822.79906427633,0.9437263613677908,2010408.1413166327,22.54262407135878
Florida,1995-1999,2,65,5,0.014038994716979152,2.5,0.06781484302740934,85146.59433705398,5774.202929285821,411297.4643620553,0.9002666817827261,1574585.3422523565,18.492640304782345
Florida,1995-1999,2,70,5,0.02871852651342508,2.5,0.1339738067630524,79372.39140776815,10633.821428785683,370277.40346687654,0.8342554421294132,1163287.8778903012,14.656076971575919
Florida,1995-1999,2,75,5,0.04504531194772871,2.5,0.20243022783720213,68738.56997898247,13914.764382048874,308905.9389397902,0.7540418619008776,793010.4744234246,11.536615828142711
Florida,1995-1999,2,80,5,0.07073605059201842,2.5,0.3005338150883394,54823.8055969336,16476.407453707914,232928.0093503982,0.518847702763833,484104.53548363445,8.83018845942193
Florida,1995-1999,2,85,NA,0.11980484805575611,6.550027858346581,1,38347.398143225684,38347.398143225684,251176.5261332362,0,251176.5261332362,6.550027858346581
Florida,2000-2004,1,0,1,0.013107047558876744,0.1231355419486394,0.012958118552705847,100000,1295.8118552705855,98863.74863979164,0.9865466190708743,7385455.4702488305,73.8545547024883
Florida,2000-2004,1,1,4,4.326863884924484e-4,1.6139571888006974,0.001728960560828461,98704.18814472941,170.65564849083603,394409.5608956455,0.9982820619836146,7286591.721609039,73.82251815824421
Florida,2000-2004,1,5,5,1.963876541519004e-4,2.5,9.814564059564565e-4,98533.53249623858,96.70636666995415,492425.896564518,0.9989098953724912,6892182.160713393,69.94758013954788
Florida,2000-2004,1,10,5,2.3991573009921242e-4,2.5,0.0011988595873131205,98436.82612956862,118.01193275010155,491889.10081596783,0.9971500308132821,6399756.264148875,65.01384203230121
Florida,2000-2004,1,15,5,9.026444534668969e-4,2.5,0.0045030606106249696,98318.81419681852,442.7355794930627,490487.23203535995,0.9937372284253807,5907867.1633329075,60.08887730792098
Florida,2000-2004,1,20,5,0.0016125632919278283,2.5,0.008030442467785419,97876.07861732546,785.988218308863,487415.4225408552,0.991008973118631,5417379.931297547,55.34937655684332
Florida,2000-2004,1,25,5,0.0020018461128325916,2.5,0.009959387660477161,97090.0903990166,966.9578482745856,483033.05737439654,0.9897938425779305,4929964.5087566925,50.777216176189974
Florida,2000-2004,1,30,5,0.0021020709227450715,2.5,0.01045540958255317,96123.13255074201,1005.0067211760615,478103.1459507699,0.9884678443725081,4446931.451382296,46.26286444664946
Florida,2000-2004,1,35,5,0.0025400839719227626,2.5,0.012620278442133648,95118.12582956595,1200.417232863023,472589.58606567216,0.9840884060869399,3968828.305431526,41.72525762905517
Florida,2000-2004,1,40,5,0.003886392289193786,2.5,0.019244977614452638,93917.70859670293,1807.4441995442467,465069.932484654,0.9786582949373991,3496238.719365854,37.22661861757339
Florida,2000-2004,1,45,5,0.004751699096510495,2.5,0.023479575784943068,92110.26439715868,2162.709933484235,455144.5471520828,0.9721634397167115,3031168.7868811996,32.90804566374366
Florida,2000-2004,1,50,5,0.0065656912778626255,2.5,0.032298304646544214,89947.55446367445,2905.153516279388,442474.8885276738,0.964733765722029,2576024.239729117,28.639180410062746
Florida,2000-2004,1,55,5,0.007816459526201039,2.5,0.03833322242698178,87042.40094739506,3336.6157160950243,426870.4654467377,0.9393424787034896,2133549.351201443,24.51160960611455
Florida,2000-2004,1,60,5,0.017508575801983596,2.5,0.0838716942201809,83705.78523130003,7020.54602337972,400977.5610980509,0.9016153820229499,1706678.8857547054,20.389019481015854
Florida,2000-2004,1,65,5,0.024229035822151027,2.5,0.11422620224565928,76685.23920792031,8759.463643020674,361527.5369320499,0.8649392903297081,1305701.3246566546,17.026762101066737
Florida,2000-2004,1,70,5,0.03444779116764133,2.5,0.1585819602169361,67925.77556489964,10771.802638337438,312699.3712286546,0.8006117754410061,944173.7877246047,13.900081079272985
Florida,2000-2004,1,75,5,0.05659109701577806,2.5,0.24788524080145385,57153.9729265622,14167.626341660645,250350.7987786594,0.7185032998994849,631474.4164959501,11.048653036024964
Florida,2000-2004,1,80,5,0.07795034905513046,2.5,0.32618596977377273,42986.346584901556,14021.543147827619,179877.87505493872,0.5280327256224561,381123.6177172907,8.866155139854474
Florida,2000-2004,1,85,NA,0.17569578069280564,6.947940906954835,1,28964.803437073937,28964.803437073937,201245.74266235202,0,201245.74266235202,6.947940906954835
Florida,2000-2004,2,0,1,0.007119053731440598,0.13439842243738206,0.007075452921622557,100000,707.5452921622636,99387.54767890734,0.9926715468139398,8065338.0671408735,80.65338067140874
Florida,2000-2004,2,1,4,2.2441776432727644e-4,1.51248823809652,8.971702193655113e-4,99292.45470783774,89.08223337156232,396948.22572806256,0.9990930950004091,7965950.519461966,80.22714860762896
Florida,2000-2004,2,5,5,1.0584566125184388e-4,2.5,5.290883020062533e-4,99203.37247446617,52.48734389581659,495885.64401259134,0.9994111830663635,7569002.293733903,76.29783247219825
Florida,2000-2004,2,10,5,1.2975751562520243e-4,2.5,6.485771837158868e-4,99150.88513057036,64.30700184093439,495593.65814824944,0.9986245465216199,7073116.649721312,71.33689871156297
Florida,2000-2004,2,15,5,4.210029456929209e-4,2.5,0.0021028015143851955,99086.57812872942,208.35940654433216,494911.9921272863,0.9968910029856766,6577522.991573063,66.38157372866183
Florida,2000-2004,2,20,5,8.25161284004733e-4,2.5,0.004117312802227327,98878.21872218509,407.1125558062922,493373.31222140975,0.9954044522032428,6082610.999445776,61.516187063764676
Florida,2000-2004,2,25,5,0.0010177348840019519,2.5,0.005075759975036221,98471.1061663788,499.8156993768498,491105.99158345186,0.9946118363718793,5589237.687224367,56.760179760555104
Florida,2000-2004,2,30,5,0.0011436929721203837,2.5,0.005702161056785559,97971.29046700195,558.6480771839706,488459.8321420498,0.9933740423291216,5098131.695640915,52.03699646436763
Florida,2000-2004,2,35,5,0.0015167399509436596,2.5,0.007555052131221084,97412.64238981798,735.9575914950547,485223.31797035225,0.9919718683814236,4609671.863498865,47.32108431113341
Florida,2000-2004,2,40,5,0.0017082265641785222,2.5,0.00850481245449729,96676.68479832292,822.217072932297,481327.8813092839,0.9896771673420185,4124448.545528513,42.662287749445674
Florida,2000-2004,2,45,5,0.002446157776394772,2.5,0.01215644741105415,95854.46772539063,1165.2497960182955,476359.21413690737,0.9850508123037238,3643120.664219229,38.00679040497361
Florida,2000-2004,2,50,5,0.0035871421636127798,2.5,0.017776295569686733,94689.21792937233,1683.2235251750099,469238.03083392413,0.9797432661143919,3166761.4500823217,33.443738572689185
Florida,2000-2004,2,55,5,0.004608912913011282,2.5,0.022782063201866105,93005.99440419732,2118.868442668827,459732.8009143146,0.9700441384832952,2697523.4192483975,29.003758698876503
Florida,2000-2004,2,60,5,0.007601130094141157,2.5,0.037296903923625384,90887.1259615285,3389.8084048815654,445961.10879543854,0.9515645425050107,2237790.618334083,24.621645746409836
Florida,2000-2004,2,65,5,0.012372311470183407,2.5,0.0600055392956614,87497.31755664693,5250.323726910341,424360.7784659588,0.91933663292977,1791829.5095386442,20.47867934212486
Florida,2000-2004,2,70,5,0.02163846696124013,2.5,0.10263990910122195,82246.99382973659,8441.823970532932,390130.4092223506,0.8800216393400554,1367468.7310726854,16.62636732843449
Florida,2000-2004,2,75,5,0.029945715110483197,2.5,0.13929998163971952,73805.16985920366,10281.058806303452,343323.20228025963,0.8091970569136998,977338.3218503349,13.242139049537853
Florida,2000-2004,2,80,5,0.05731046810886117,2.5,0.25064140056036777,63524.1110529002,15921.772163651243,277816.12485537294,0.5618146692719889,634015.1195700753,9.980700383860457
Florida,2000-2004,2,85,NA,0.12470959571033356,7.482804480330908,1,47602.33888924896,47602.33888924896,356198.99471470236,0,356198.99471470236,7.482804480330908
Florida,2005-2009,1,0,1,0.013418261449483899,0.12251453019062736,0.013262109008785782,100000,1326.2109008785774,98836.26920457625,0.9863242592697329,7473772.9520347435,74.73772952034743
Florida,2005-2009,1,1,4,3.9235066518284416e-4,1.6130412655565285,0.001567934251346179,98673.78909912142,154.7140136386297,394325.86043029017,0.9983874643195785,7374936.682830167,74.74058460876347
Florida,2005-2009,1,5,5,1.8562363013157333e-4,2.5,9.276876487853773e-4,98519.0750854828,91.39492912654532,492366.8881045976,0.9989707720283545,6980610.822399877,70.85542384906636
Florida,2005-2009,1,10,5,2.2630047330374589e-4,2.5,0.0011308625796761739,98427.68015635625,111.30818029317015,491860.1303310483,0.9976486729428791,6488243.93429528,65.91889521309909
Florida,2005-2009,1,15,5,7.15913696790475e-4,2.5,0.00357317327473141,98316.37197606308,351.3014328134159,490703.60629828187,0.9949207966816866,5996383.803964231,60.99069446362566
Florida,2005-2009,1,20,5,0.0013224847997179668,2.5,0.006590633965490171,97965.07054324966,645.6519213539868,488211.2229128633,0.9921281969706247,5505680.197665949,56.20044131173569
Florida,2005-2009,1,25,5,0.001840726246475437,2.5,0.009161471828250669,97319.41862189567,891.5891120462184,484368.1203293628,0.9902499045777473,5017468.974753086,51.5567092960851
Florida,2005-2009,1,30,5,0.0020795881048873135,2.5,0.010344161536222167,96427.82950984946,997.4650450371846,479645.48493665433,0.9886486470149365,4533100.854423723,47.01029648251802
Florida,2005-2009,1,35,5,0.00248920897891128,2.5,0.012369071882579113,95430.36446481227,1180.3850378459756,474200.8597294464,0.9862146503993892,4053455.369487069,42.47553063660033
Florida,2005-2009,1,40,5,0.003067213471335111,2.5,0.015219364755170006,94249.9794269663,1434.4248150662752,467663.8350971658,0.9814600178713192,3579254.5097576226,37.97618345934138
Florida,2005-2009,1,45,5,0.004430928719408435,2.5,0.02191191822761204,92815.55461190002,2033.7668429064215,458993.355952234,0.973451819188362,3111590.674660457,33.52445274578486
Florida,2005-2009,1,50,5,0.006357113401263662,2.5,0.03128830869012612,90781.7877689936,2840.4085991577886,446807.91734707355,0.9649830627882826,2652597.318708223,29.219487563497996
Florida,2005-2009,1,55,5,0.007927249480752362,2.5,0.03886599628165513,87941.37916983581,3417.929315818459,431162.0725596329,0.9449149370098607,2205789.4013611493,25.082497251961936
Florida,2005-2009,1,60,5,0.01492914881835146,2.5,0.07195999057124411,84523.44985401735,6082.306654544111,407411.4826337265,0.910832773362312,1774627.3288015164,20.995680274131278
Florida,2005-2009,1,65,5,0.022767891585818708,2.5,0.10770870749155273,78441.14319947324,8448.79414817506,371083.73062692856,0.8694326861427901,1367215.8461677898,17.42983070365261
Florida,2005-2009,1,70,5,0.033883053198470466,2.5,0.15618518837596262,69992.34905129818,10931.768221453138,322632.32470285805,0.82061593306613545,996132.1155408613,14.232014342178813
Florida,2005-2009,1,75,5,0.04614896207727337,2.5,0.20687692228355034,59060.58082984504,12218.271190357198,264757.22617333225,0.7407226069853609,673499.7908380033,11.403541607190968
Florida,2005-2009,1,80,5,0.07771059582324844,2.5,0.3253459165557263,46842.309639487845,15239.954163246304,196111.66278932348,0.5202073878696439,408742.564664671,8.725926791622225
Florida,2005-2009,1,85,NA,0.18281028142322206,6.728324476800539,1,31602.35547624154,31602.35547624154,212630.9018753475,0,212630.9018753475,6.728324476800539
Florida,2005-2009,2,0,1,0.0062085622861475405,0.13626972819014954,0.006175446312084443,100000,617.5446312084387,99466.60800783162,0.9935789591960921,8092874.790179414,80.92874790179414
Florida,2005-2009,2,1,4,2.0951359550709054e-4,1.5139525488502386,8.376180996450668e-4,99382.45536879156,83.24454340407101,397322.87159021443,0.9991630293571744,7993408.182171582,80.43077777168405
Florida,2005-2009,2,5,5,9.861339838761112e-5,2.5,4.929454643694026e-4,99299.21082538749,48.949095591844525,496373.6813879579,0.9994518304309435,7596085.310581368,76.49693534764027
Florida,2005-2009,2,10,5,1.2072060459669661e-4,2.5,6.034209096408877e-4,99250.26172979565,59.8896832150931,496101.58444094047,0.9986286487611643,7099711.62919341,71.5334297910675
Florida,2005-2009,2,15,5,4.2840738793982627e-4,2.5,0.00213974523303378,99190.37204658055,212.24212574951525,495421.254918529,0.9970778664145328,6603610.04475247,66.57511115747569
Florida,2005-2009,2,20,5,7.4261606960516e-4,2.5,0.003706199639502152,98978.12992083104,366.8327094311826,493973.56783057726,0.9957563370379083,6108188.789833941,61.7125095687265
Florida,2005-2009,2,25,5,0.00095891844190710695,2.5,0.004783125641067589,98611.29721139985,471.67022419077693,491877.31049652235,0.9948228551019204,5614215.222003363,56.932779313994644
Florida,2005-2009,2,30,5,0.0011177261475469314,2.5,0.005573057856514611,98139.62698720908,546.9378192164877,489330.79038800416,0.9939458597521189,5122337.911506841,52.19438945059833
Florida,2005-2009,2,35,5,0.0013118722099518165,2.5,0.0065379187649125545,97592.68916799259,638.0530738296948,486368.3131553887,0.9917349364420344,4633007.121118837,47.472891264874804
Florida,2005-2009,2,40,5,0.002010772374712031,2.5,0.010003574594950411,96954.6360941629,969.8929344942298,482348.4481345789,0.9894712439527377,4146638.807963448,42.76885536382405
Florida,2005-2009,2,45,5,0.0022241475511723613,2.5,0.011059244278164067,95984.74315966867,1061.5187215796177,477269.9189943943,0.9861178204122398,3664290.3598288693,38.17575834665096
Florida,2005-2009,2,50,5,0.0033755847577525396,2.5,0.016736683554012068,94923.22443808905,1588.699969346766,470644.3722670784,0.9767233531822285,3187020.440834475,33.5747174592991
Florida,2005-2009,2,55,5,0.00607651485962651,2.5,0.029927930511948243,93334.52446874228,2793.3091626662354,459689.3494370458,0.9644406598970819,2716376.0685673966,29.103657880392486
Florida,2005-2009,2,60,5,0.008447612715135975,2.5,0.041364485687556705,90541.21530607605,3745.1908046621684,443343.0995187248,0.9581691149425635,2256686.7191303507,24.924413831884017
Florida,2005-2009,2,65,5,0.0086464290892274,2.5,0.042317409250330014,86796.02450141388,3672.982890127998,424797.6652817494,0.9340608502406278,1813343.6196116263,20.892012393748374
Florida,2005-2009,2,70,5,0.018980809237379086,2.5,0.09060467123507446,83123.04161128588,7531.335857249986,396786.86841330444,0.873872882344006,1388545.9543298767,16.704705788116268
Florida,2005-2009,2,75,5,0.036012146000692725,2.5,0.16518872848388727,75591.7057540359,12486.897757437328,346741.28437658615,0.80079804223265,991759.0859165724,13.119945846222972
Florida,2005-2009,2,80,5,0.054531398434114184,2.5,0.23994557305382144,63104.80799659857,15141.719317195224,277669.74169000477,0.5695161574966372,645017.8015399862,10.22137333140691
Florida,2005-2009,2,85,NA,0.11793049040383556,7.658974222978486,1,47963.08867940334,47963.08867940334,367348.05984998145,0,367348.05984998145,7.658974222978486
Florida,2010-2014,1,0,1,0.009828152898918713,0.12967841229785265,0.009744799261293385,100000,974.4799261293374,99151.88908350724,0.9898023462323962,7722503.305534655,77.22503305534656
Florida,2010-2014,1,1,4,3.751383010282169e-4,1.623638919825723,0.0014992167063036755,99025.52007387066,148.46071404515533,395749.28403269086,0.99853539868589,7623351.416451148,76.98370491530174
Florida,2010-2014,1,5,5,1.6913524540016725e-4,2.5,8.453187939966762e-4,98877.059359825507,83.58263657198404,494176.34020769753,0.9990625542269588,7227602.1324184565,73.0968556226611
Florida,2010-2014,1,10,5,2.0603621159201137e-4,2.5,0.0010296506946390904,98793.47672325352,101.72277193391346,493713.0766864328,0.9977786110424111,6733425.79221076,68.15658296015691
Florida,2010-2014,1,15,5,6.840388878756174e-4,2.5,0.0034143555594288778,98691.75395131961,336.9687387734739,492616.3479096643,0.994998280303882,6239712.715524326,63.22425598598752
Florida,2010-2014,1,20,5,0.0013232676042107955,2.5,0.006594522226983439,98354.78521254614,648.6028172143124,490152.41901969485,0.9914319069932976,5747096.367614662,58.432300525033966
Florida,2010-2014,1,25,5,0.0021221523975870848,2.5,0.010554764938634196,97706.18239533182,1031.2657882340573,485952.74750607397,0.9897161540236757,5256943.948594967,53.80359583925502
Florida,2010-2014,1,30,5,0.002012077892077092,2.5,0.010010037024893805,96674.91660709777,967.7194946155505,480955.28429894993,0.9888287618454944,4770991.201088893,49.35086957953075
Florida,2010-2014,1,35,5,0.00248416860887085,2.5,0.012344180480226214,95707.19711248222,1181.4269144130812,475582.4182763784,0.9875039013450638,4290035.916789943,44.82459048244798
Florida,2010-2014,1,40,5,0.0025460870075337348,2.5,0.012649915573448784,94525.77019806913,1195.7430125207902,469639.4934590437,0.9843470189739641,3814453.498513565,40.353582843289885
Florida,2010-2014,1,45,5,0.0037741826116902437,2.5,0.018694521711507626,93330.02718554834,1744.7602195558284,462288.2353788522,0.9748759329688859,3344814.0050545214,35.83856242112451
Florida,2010-2014,1,50,5,0.006437172145222803,2.5,0.03167609946327821,91585.26696599252,2901.064025785672,450673.67476549844,0.962992732602991,2882525.7696756693,31.473684197983612
Florida,2010-2014,1,55,5,0.008687225282550145,2.5,0.04251283008194905,88684.20294020684,3770.2164505500987,433995.473574659,0.9457150365981828,2431852.094910171,27.421479973719645
Florida,2010-2014,1,60,5,0.013774508783359347,2.5,0.06657978435578925,84913.98648965675,5653.554909271756,410436.0451751043,0.9268825882830821,1997856.6213355118,23.52800408892436
Florida,2010-2014,1,65,5,0.01669300524035993,2.5,0.08012136047607014,79260.43158038499,6350.453610140918,380426.02387657267,0.9060654778671258,1587420.5761604074,20.02790729887036
Florida,2010-2014,1,70,5,0.023045579070006213,2.5,0.108950809133465,72909.97797024407,7943.601093761194,344690.8871168174,0.8606871871548396,1206994.552283835,16.554586709331225
Florida,2010-2014,1,75,5,0.0379691327531971,2.5,0.17338725455153636,64966.37687648288,11264.341724773782,296671.0300704799,0.7893576037295891,862303.6651670174,13.273076114533362
Florida,2010-2014,1,80,5,0.058639868085471905,2.5,0.2557120397328555,53702.0351517091,13732.256946449037,234179.5333924229,0.5859865240051875,565632.6350965375,10.532797006642605
Florida,2010-2014,1,85,NA,0.16156606101122103,8.29259296866689,1,39969.77820526006,39969.77820526006,331453.10170411464,0,331453.10170411464,8.29259296866689
Florida,2010-2014,2,0,1,0.00624689644875792,0.1361909411357613,0.006213368331955934,100000,621.3368331956008,99463.28361487962,0.9935787302472159,8312533.700740517,83.12533700740516
Florida,2010-2014,2,1,4,1.9090091190440814e-4,1.5138908497239076,7.632414128585066e-4,99378.6631668044,75.84991128341062,397326.08150872827,0.9992216358843505,8213070.417125638,82.64420304527765
Florida,2010-2014,2,5,5,8.975307576689252e-5,2.5,4.486647062410296e-4,99302.81325552099,44.55366753821727,496402.6821087594,0.9995010867057277,7815744.33561691,78.7061723569284
Florida,2010-2014,2,10,5,1.0986705607686541e-4,2.5,5.491844371909336e-4,99258.25958798277,54.51109142837231,496155.0202113429,0.9988359942924033,7319341.65350815,73.74037872405235
Florida,2010-2014,2,15,5,3.561497873470462e-4,2.5,0.0017791648138099964,99203.7484965544,176.49981872312492,495577.49293596414,0.9974920240954169,6823186.633296807,68.77952432950448
Florida,2010-2014,2,20,5,6.48667416737456e-4,2.5,0.003238085981515272,99027.24867783127,320.65874573172187,494334.59652482707,0.9963487260261169,6327609.140360843,63.89765670403174
Florida,2010-2014,2,25,5,8.148172939947763e-4,2.5,0.004065804250929744,98706.58993209955,401.32167294071405,492529.645478146,0.99549504286153,5833274.543836016,59.097113453607676
Florida,2010-2014,2,30,5,9.916328247659032e-4,2.5,0.004945902824856441,98305.26825915884,486.20830398124235,490310.8205358411,0.9946561729941961,5340744.89835787,54.32816565108439
Florida,2010-2014,2,35,5,0.0011520543567393694,2.5,0.005743729063468099,97819.0599551776,561.8461776256736,487690.6843318238,0.993349972288115,4850434.077822029,49.58577684190159
Florida,2010-2014,2,40,5,0.0015180518146501616,2.5,0.007561561966090276,97257.21377755192,735.4164486282534,484447.52776618896,0.9913429797332775,4362743.3934902055,44.85778714028076
Florida,2010-2014,2,45,5,0.0019617391072483292,2.5,0.009760825055664878,96521.79732892367,942.1323777859652,480253.65570015344,0.9879327356693388,3878295.865724016,40.18051852585891
Florida,2010-2014,2,50,5,0.0029001636665830144,2.5,0.014396438264954506,95579.6649511377,1376.006745854087,474458.3078910533,0.982457245243584,3398042.210023863,35.55193682422942
Florida,2010-2014,2,55,5,0.004190450277520905,2.5,0.020735028621501093,94203.65820528362,1953.3155491366633,466135.00215357647,0.9745498873335696,2923583.902132809,31.034717311740593
Florida,2010-2014,2,60,5,0.006146011473500966,2.5,0.030265034248166997,92250.34265614695,2791.9597798934265,454271.81383100117,0.964422533477788,2457448.899979233,26.63891351752594
Florida,2010-2014,2,65,5,0.008383229191284853,2.5,0.04105569764892665,89458.38287625353,3672.776319529381,438109.9735824442,0.9466812541459336,2003177.0861482318,22.392279200029776
Florida,2010-2014,2,70,5,0.013673313054053875,2.5,0.0661068172520339,85785.60655672415,5671.013415500245,414750.4992448701,0.8973637677652474,1565067.1125657875,18.243935962974348
Florida,2010-2014,2,75,5,0.030512909951820308,2.5,0.14175142833804952,80114.5931412239,11356.358008490191,372182.07068489405,0.8305114600604294,1150316.6133209174,14.358390503128057
Florida,2010-2014,2,80,5,0.04489101935004622,2.5,0.20180681289376787,68758.23513273371,13875.880292337293,309101.4749328253,0.6027660282427416,778134.5426360234,11.316965031663198
Florida,2010-2014,2,85,NA,0.12616578060183872,8.546154206888442,1,54882.354840396416,54882.354840396416,469033.0677031981,0,469033.0677031981,8.546154206888442
Florida,2015-2019,1,0,1,0.00953584334716704,0.13026170139289553,0.009457406566223596,100000,945.7406566223653,99177.4531303857,0.9901715069636058,7708882.167668973,77.08882167668973
Florida,2015-2019,1,1,4,3.282766197863375e-4,1.6245048340159682,0.0013120832909787072,99054.25934337763,129.96743858471746,395908.3003514172,0.9986759863574188,7609704.714538587,76.8235991564894
Florida,2015-2019,1,5,5,1.5468821560614976e-4,2.5,7.731420881057011e-4,98924.29190479292,76.48253360766103,494430.2531899454,0.9991410595769867,7213796.414187171,72.92239626167756
Florida,2015-2019,1,10,5,1.8905033657526843e-4,2.5,9.448051435503764e-4,98847.80937118526,93.39191872256924,494005.5670591199,0.9979519885537574,6719366.160997225,67.97688490763824
Florida,2015-2019,1,15,5,6.314474535342732e-4,2.5,0.0031522610496396903,98754.41745246269,311.2997036152665,492993.8380032753,0.995335376345592,6225360.593938105,63.03880630894107
Florida,2015-2019,1,20,5,0.0012401870139098954,2.5,0.006181768696398806,98443.11774884742,608.5525836757297,490694.2072850478,0.9925704029692901,5732366.75593483,58.23024389129473
Florida,2015-2019,1,25,5,0.0017446135742046453,2.5,0.008685187132608088,97834.56516517169,849.7115064968675,487048.54705961625,0.9908788637691742,5241672.548649781,53.576898305832856
Florida,2015-2019,1,30,5,0.0019213659587850665,2.5,0.009560904801373971,96984.85365867482,927.2629530057602,482606.1109108597,0.9893049585023511,4754624.001590165,49.024397338613575
Florida,2015-2019,1,35,5,0.002382127593742261,2.5,0.011840126240136254,96057.59070566906,1137.334000278468,477444.61852764915,0.9867352429174968,4272017.890679305,44.473506563049604
Florida,2015-2019,1,40,5,0.0029630797726593787,2.5,0.014706457843885181,94920.2567053906,1395.940753768591,471111.4316425315,0.9841899463028394,3794573.2721516564,39.97643289070624
Florida,2015-2019,1,45,5,0.0034149319639267535,2.5,0.016930121784545723,93524.315951622,1583.3780588772788,463663.13461091684,0.9756627976783425,3323461.840509125,35.53580485131028
Florida,2015-2019,1,50,5,0.006477595517401074,2.5,0.031871845281685504,91940.93789274473,2930.327347570623,452378.87109479704,0.9633612915997913,2859798.7058982085,31.104737143690613
Florida,2015-2019,1,55,5,0.008488910561376125,2.5,0.04156250190346675,89010.6105451741,3699.5036702125362,435804.2935503392,0.9537369364972716,2407419.8348034113,27.046436599618794
Florida,2015-2019,1,60,5,0.01050217775616564,2.5,0.05116746426813761,85311.10687496157,4365.15301269987,415642.6518430582,0.9351851765910333,1971615.5412530722,23.110889232076445
Florida,2015-2019,1,65,5,0.016492724642668304,2.5,0.07919814040842278,80945.9538622617,6410.769019477113,388702.8467626157,0.9094619297320001,1555972.889410014,19.222367705465185
Florida,2015-2019,1,70,5,0.021685903301464797,2.5,0.10285334715569786,74535.18484278458,7666.193241949019,353510.4411090504,0.8593639677197327,1167270.0426473983,15.66065805175764
Florida,2015-2019,1,75,5,0.04022569121948109,2.5,0.18275031204131142,66868.99160083556,12220.329080940537,303794.13530182646,0.7715587574490761,813759.6015383478,12.169461241407136
Florida,2015-2019,1,80,5,0.06629541212130495,2.5,0.28434940768432204,54648.66251989503,15539.314818272564,234395.02555379373,0.5403707876856869,509965.4662365213,9.33170992155328
Florida,2015-2019,1,85,NA,0.15533998031062965,7.046152822213792,1,39109.347701622464,39109.347701622464,275570.4406827276,0,275570.4406827276,7.046152822213792
Florida,2015-2019,2,0,1,0.005996116697935485,0.13670636123423413,0.005965238182916538,100000,596.523818291651,99485.02478229655,0.9938589661547326,8385934.874490606,83.85934874490606
Florida,2015-2019,2,1,4,1.7151666308544135e-4,1.5142945574763949,6.857742794020635e-4,99403.47618170835,68.16834724857472,397444.45829506975,0.9992898546725605,8286449.849708309,83.36177131834685
Florida,2015-2019,2,5,5,8.050983250765153e-5,2.5,4.0246815592869894e-4,99335.30783445977,39.979298162739724,496576.590926892,0.9995523700706118,7889005.39141324,79.4179387309103
Florida,2015-2019,2,10,5,9.85862694124899e-5,2.5,4.928098863418894e-4,99295.32853629703,48.93371957025374,496354.30838255957,0.9987858809768684,7392428.800486348,74.44890821610075
Florida,2015-2019,2,15,5,3.8753184963080054e-4,2.5,0.0019357838034594027,99246.39481672678,192.11956363795616,495751.675174539,0.997569349317665,6896074.492103788,69.4843828316224
Florida,2015-2019,2,20,5,5.861531568739273e-4,2.5,0.0029264773744906917,99054.27525308882,289.88009537474136,494546.6760270073,0.9967079373282854,6400322.816929249,64.61430160965887
Florida,2015-2019,2,25,5,7.330852744791877e-4,2.5,0.003658720986199911,98764.39515771408,361.35136525287817,492918.59737543826,0.9957739513742184,5905776.140902242,59.796611232939505
Florida,2015-2019,2,30,5,9.613970866703483e-4,2.5,0.004795459581175273,98403.0437924612,471.8878191713593,490835.4994143776,0.9948540333908683,5412857.543526803,55.00701334953513
Florida,2015-2019,2,35,5,0.0011026638282235495,2.5,0.005498162578624892,97931.15597328985,538.4414170538221,488309.6763238147,0.9935127642166962,4922022.044112426,50.26002190206842
Florida,2015-2019,2,40,5,0.0015019741455203491,2.5,0.007481777138042035,97392.71455623602,728.6705851786828,485141.8963182334,0.9918253589778551,4433712.367788611,45.52406602475916
Florida,2015-2019,2,45,5,0.001782453178208297,2.5,0.008872727836213892,96664.04397105734,857.6737537030131,481176.0354710292,0.9888592808627253,3948570.471470378,40.84838901062984
Florida,2015-2019,2,50,5,0.002703958519121943,2.5,0.01342901385457103,95806.37021735433,1286.5850730050006,475815.3884042591,0.9840876683650054,3467394.4359993488,36.19168984414009
Florida,2015-2019,2,55,5,0.00372017072519402,2.5,0.018429451857763537,94519.78514434933,1741.9478299239563,468244.0561469368,0.9773907681205439,2991579.0475950893,31.650294623780518
Florida,2015-2019,2,60,5,0.005446666983385916,2.5,0.026867489250363506,92777.83731442537,2492.707546717298,457657.4177053336,0.96546593453958,2523334.991448153,27.197605209275743
Florida,2015-2019,2,65,5,0.008666239689515444,2.5,0.04241231032981647,90285.12976770807,3829.2009418757953,441852.64648385084,0.9470565171079456,2065677.573742819,22.879488339414692
Florida,2015-2019,2,70,5,0.013210566889410141,2.5,0.06394108935237254,86455.92882583228,5528.086270094893,418459.42845392413,0.9071791334755288,1623824.9272589684,18.782111872630576
Florida,2015-2019,2,75,5,0.026365002057251955,2.5,0.12367338749680812,80927.84255573738,10008.62043167639,379617.6616994959,0.8445738596791659,1205365.4988050442,14.894323890753341
Florida,2015-2019,2,80,5,0.04239469841593657,2.5,0.19166006540194727,70919.222124061,13592.382750552752,320615.1537439231,0.6117275282636415,825747.8371055482,11.643498227617956
Florida,2015-2019,2,85,NA,0.09576746671676704,8.811451823996004,1,57326.83937350824,57326.83937350824,505132.6833616251,0,505132.6833616251,8.811451823996004
Florida,2020-2024,1,0,1,0.01184340895270942,0.125657069605316,0.011722025028704562,100000,1172.202502870452,98975.09302862427,0.9879289780315961,7708856.388902154,77.08856388902154
Florida,2020-2024,1,1,4,3.419736873469861e-4,1.6176815385885133,0.0013667812460620295,98827.79749712955,135.07598020869773,394989.3959871738,0.9985849429640926,7609881.295873529,77.00142559682723
Florida,2020-2024,1,5,5,1.6064897629258134e-4,2.5,8.029224098049627e-4,98692.72151692085,79.24259779058048,493265.5010901278,0.9991076577660066,7214891.899886356,73.1045997008945
Florida,2020-2024,1,10,5,1.9646322974209998e-4,2.5,9.818339130564264e-4,98613.47891913027,96.82205788727151,492825.33945093316,0.9979298018719184,6721626.398796228,68.16133527048991
Florida,2020-2024,1,15,5,6.329263043410402e-4,2.5,0.003159631986214919,98516.656861243,311.2763801937399,491805.09335573064,0.9948010946208058,6228801.059345295,63.225867155828546
Florida,2020-2024,1,20,5,0.0014541960751340648,2.5,0.0072446425487698975,98205.38048104926,711.4628779511404,489248.2452103684,0.9923967784817674,5736995.965989564,58.418346712649154
Florida,2020-2024,1,25,5,0.0015992519993736519,2.5,0.007964417221455114,97493.91760309812,776.4822363452549,485528.38242462743,0.9913102845338515,5247747.720779195,53.82641142951091
Florida,2020-2024,1,30,5,0.0018930845532064901,2.5,0.009420836665109948,96717.43536675286,911.1591612585034,481309.2789306181,0.9887294874901351,4762219.338354568,49.23847825675087
Florida,2020-2024,1,35,5,0.0026449301693001995,2.5,0.01313777957262785,95806.27620549436,1258.6817384620954,475884.6766813165,0.9849693048649129,4280910.0594239505,44.68298141806336
Florida,2020-2024,1,40,5,0.0034187338306918276,2.5,0.01694881047406496,94547.59446703226,1602.4692594004737,468731.79918666015,0.981167747930012,3805025.3827426336,40.244549892481984
Florida,2020-2024,1,45,5,0.004193133137512054,2.5,0.02074816613020238,92945.12520763179,1928.4408988003997,459904.523791158,0.974510568481058,3336293.5835559736,35.89530463381449
Florida,2020-2024,1,50,5,0.006159645327829383,2.5,0.030331153765203143,91016.68430883139,2760.6410469701223,448181.81892673165,0.9652681925498503,2876389.0597648155,31.602876786907057
Florida,2020-2024,1,55,5,0.008011325465726537,2.5,0.03927011318414739,88256.04326186127,3465.824808078294,432615.65428911056,0.9542663083852658,2428207.240838084,27.513212139291575
Florida,2020-2024,1,60,5,0.010774928434354758,2.5,0.052461470691129,84790.21845378297,4448.219560307567,412830.54336814594,0.9341978342712776,1995591.5865489733,23.53563445100357
Florida,2020-2024,1,65,5,0.016640948294705468,2.5,0.07988148242661311,80341.99889347541,6417.837972728128,385665.3995355567,0.9025631013521711,1582761.0431808273,19.700294553031885
Florida,2020-2024,1,70,5,0.024744875046372735,2.5,0.1165164149122277,73924.16092074728,8613.378205880079,348087.3590890362,0.8532076455131075,1197095.6436452707,16.193564170835227
Florida,2020-2024,1,75,5,0.03981688036556906,2.5,0.18106117406168623,65310.7827148672,11825.246997241535,296990.79608123214,0.7849456232934273,849008.2845562345,12.999511707933767
Florida,2020-2024,1,80,5,0.05886378488639308,2.5,0.2565632190867569,53485.535717625666,13722.421218293748,233121.62554239394,0.5776915941804428,552017.4884750023,10.320874252608263
Florida,2020-2024,1,85,NA,0.15110951312778945,8.019891473490244,1,39763.11449933192,39763.11449933192,318895.86293260835,0,318895.86293260835,8.019891473490244
Florida,2020-2024,2,0,1,0.006318733900064768,0.13604329577721389,0.00628442650866073,100000,628.442650866069,99457.05275856472,0.9935427139185462,8597131.687504042,85.97131687504042
Florida,2020-2024,2,1,4,1.740463577257583e-4,1.513775238070409,6.95884308983107e-4,99371.55734913393,69.1511075184826,397314.3042007084,0.9992742919167149,8497674.634745477,85.51415376222377
Florida,2020-2024,2,5,5,8.153346278832091e-5,2.5,4.0758423455655127e-4,99302.40624161545,40.47409523760143,496410.84596998326,0.9995463924298075,8100360.330544769,81.5726490135149
Florida,2020-2024,2,10,5,9.995490559058632e-5,2.5,4.996496718634829e-4,99261.93214637785,49.596191825476126,496185.6702523256,0.9989333775030125,7603949.484574786,76.60489091993018
Florida,2020-2024,2,15,5,3.270429245452068e-4,2.5,0.0016338787515129166,99212.33595455237,162.10092760410043,495656.4274537516,0.9976261864890266,7107763.81432246,71.64193591388087
Florida,2020-2024,2,20,5,6.239636531944872e-4,2.5,0.0031149592126477467,99050.23502694827,308.53744211212324,494479.8315294611,0.996508059435089,6612107.386868709,66.75509033441237
Florida,2020-2024,2,25,5,7.755206447682984e-4,2.5,0.003870099867979159,98741.69758483615,382.14023078710306,492753.137347213,0.9956557724809146,6117627.555339248,61.9558677334178
Florida,2020-2024,2,30,5,9.663684874425972e-4,2.5,0.004820197220470185,98359.55735404904,474.1124649646663,490612.50560783356,0.9944918891679244,5624874.417992035,57.18686184958195
Florida,2020-2024,2,35,5,0.0012437264284000144,2.5,0.00619935638356679,97885.44488908438,606.8267576314247,487910.1575513433,0.9932457747375292,5134261.912384201,52.451740074348315
Florida,2020-2024,2,40,5,0.0014678780556339351,2.5,0.007312555429057376,97278.61813145295,711.3552871483553,484614.7024393939,0.9916623387419818,4646351.754832858,47.763340434731774
Florida,2020-2024,2,45,5,0.0018828853074545422,2.5,0.009370318449933834,96567.2628443046,904.8660046896111,480574.14920979895,0.9892709903511746,4161737.052393464,43.096769337901115
Florida,2020-2024,2,50,5,0.0024348419953369536,2.5,0.012100552642333917,95662.39683961499,1157.5678688495827,475418.064525951,0.98251219042727,3681162.903183665,38.48077222396387
Florida,2020-2024,2,55,5,0.004641450638665187,2.5,0.02294105377162602,94504.8289707654,2168.040363096661,467104.0439460853,0.9732617029863311,3205744.838657714,33.92149241018568
Florida,2020-2024,2,60,5,0.006220185329625943,2.5,0.03062469839886758,92336.78860766874,2827.786302229855,454614.47728276905,0.9660674172514004,2738640.7947116285,29.659259716599884
Florida,2020-2024,2,65,5,0.007611112473634361,2.5,0.03734497044227012,89509.00230543889,3342.7110454137,439188.23391366017,0.9493252830118546,2284026.3174288594,25.517280481296055
Florida,2020-2024,2,70,5,0.01333449613968169,2.5,0.06452157399984079,86166.29126002519,5559.584737825557,416932.49445556203,0.9281731173800101,1844838.0835151994,21.410206433836247
Florida,2020-2024,2,75,5,0.01658769966509464,2.5,0.07963605108086441,80606.70652219963,6419.199798062138,386985.5331158428,0.8859176359764878,1427905.5890596374,17.71447625969413
Florida,2020-2024,2,80,5,0.03278549242593606,2.5,0.15150920259438566,74187.50672413749,11240.089986239691,342837.30865508824,0.6706401162150343,1040920.0559437945,14.030934612945051
Florida,2020-2024,2,85,NA,0.09869763496799697,11.089934797410395,1,62947.4167378978,62947.4167378978,698082.7472887064,0,698082.7472887064,11.089934797410395
Guanica,1980-1984,1,0,1,0.018426146930007967,0.11252154510851561,0.018129675814924633,100000,1812.9675814924703,98391.03033200871,0.9812784008531104,6987352.639034021,69.8735263903402
Guanica,1980-1984,1,1,4,5.307241180266388e-4,1.5983752867696321,0.0021201940724073828,98187.03241850753,208.1755641209893,392248.17009454645,0.9977708781219179,6888961.608702011,70.16162357712211
Guanica,1980-1984,1,5,5,2.8498141000151545e-4,2.5,0.0014238925927106737,97978.85685438654,139.51136851721094,489545.50585063966,0.9984631573026589,6496713.4386074655,66.30729983166368
Guanica,1980-1984,1,10,5,3.3026323157060196e-4,2.5,0.001649953860118547,97839.34548586933,161.43040575589112,488793.15141495696,0.9966347214715966,6007167.932756825,61.398284125116355
Guanica,1980-1984,1,15,5,0.0010192783352868996,2.5,0.0050834380806734905,97677.91508011344,496.5396331590455,487148.22631766956,0.9914385176610236,5518374.781341868,56.49562418296715
Guanica,1980-1984,1,20,5,0.0024260854883651245,2.5,0.012057297356462084,97181.3754469544,1171.744741273913,482977.51538158715,0.9875989338606708,5031226.555024199,51.77151004381956
Guanica,1980-1984,1,25,5,0.002566164138573431,2.5,0.012749030431132274,96009.63070568048,1224.0297035484837,476988.0792695312,0.9871392404791348,4548249.039642612,47.37284172652809
Guanica,1980-1984,1,30,5,0.0026117284817097283,2.5,0.01297393144287587,94785.601002132,1229.7418891734415,470853.65028772637,0.9827108078061318,4071260.960373081,42.95231466941384
Guanica,1980-1984,1,35,5,0.004379669340816504,2.5,0.02166117474677126,93555.85911295855,2026.5298128301074,462712.9710327175,0.9780944436036211,3600407.3100853544,38.484038778781915
Guanica,1980-1984,1,40,5,0.0044807055662112825,2.5,0.022155348843841526,91529.32930012845,2027.8642200871982,452576.9859504243,0.974413798795562,3137694.339052637,34.2807530989767
Guanica,1980-1984,1,45,5,0.005904857795195382,2.5,0.029094787518777396,89501.46508004125,2604.026109123064,440997.2601273986,0.9649345041391552,2685117.353102213,30.00082010613915
Guanica,1980-1984,1,50,5,0.008416468179244775,2.5,0.04121512639667104,86897.43897091819,3581.488930733409,425533.4725277574,0.9409720667746739,2244120.092974814,25.82492786382174
Guanica,1980-1984,1,55,5,0.016147881161837133,2.5,0.07760645622779143,83315.95004018478,6465.85562987045,400415.1111262478,0.9115313103397529,1818586.6204470568,21.82759267067014
Guanica,1980-1984,1,60,5,0.021106893953089303,2.5,0.10024482741163852,76850.09441031433,7703.824450730084,364990.9109247464,0.8840183360959649,1418171.509320809,18.453738023391043
Guanica,1980-1984,1,65,5,0.02860322074335325,2.5,0.13347179563300948,69146.26995958424,9229.076812830528,322658.6577658449,0.8331035707119137,1053180.5983960626,15.231199007721502
Guanica,1980-1984,1,70,5,0.04579904865763128,2.5,0.2054694768664903,59917.193146753714,12311.154331171943,268808.0799058387,0.7531471609391713,730521.9406302177,12.192192295139195
Guanica,1980-1984,1,75,5,0.07029447857266255,2.5,0.29893814099627686,47606.03881558177,14231.260743726612,202452.04221859234,0.6660480012808226,461713.8607243789,9.698640597109645
Guanica,1980-1984,1,80,5,0.09501765757619214,2.5,0.3838960332907608,33374.77807185516,12812.44491374466,134842.77807491415,0.4798972758423951,259261.8185057866,7.768196029576635
Guanica,1980-1984,1,85,NA,0.19586680592322578,6.050823098437993,1,20562.333158110498,20562.333158110498,124419.04043087244,0,124419.04043087244,6.050823098437993
Guanica,1980-1984,2,0,1,0.011627350928287861,0.1251326544576178,0.011510264037611285,100000,1151.0264037611196,98993.00458549231,0.9881043565378005,7661692.20555821,76.6169220555821
Guanica,1980-1984,2,1,4,3.416525011714005e-4,1.5052728004108065,0.001365446194221066,98848.97359623888,134.9729547996394,395059.17368340795,0.9985734826936637,7562699.200972718,76.50761485762632
Guanica,1980-1984,2,5,5,1.8048046378326817e-4,2.5,9.019953375742015e-4,98714.00064143924,89.0395683318784,493347.40428636654,0.9990706103302874,7167640.02728931,72.61016654896265
Guanica,1980-1984,2,10,5,1.9145333885708083e-4,2.5,0.00095680873371860905,98624.96107310736,94.36522411741316,492888.8923052433,0.997695847951166,6674292.623002944,67.67346268512608
Guanica,1980-1984,2,15,5,7.318938754491198e-4,2.5,0.00365278574845155,98530.59584898995,359.91115630362765,491753.20135419065,0.9954247763707477,6181403.7306977,62.735880945766816
Guanica,1980-1984,2,20,5,0.001103243160428302,2.5,0.005501043331065964,98170.68469268632,540.0411903348722,489503.32048759446,0.9940690427254691,5689650.529343509,57.956716377749636
Guanica,1980-1984,2,25,5,0.0012767118729544182,2.5,0.006363249275022118,97630.64350235145,621.2481214862783,486600.0972080416,0.9928520547349943,5200147.208855915,53.263473662658676
Guanica,1980-1984,2,30,5,0.001593859050299558,2.5,0.007937666447732845,97009.39538086517,770.02822282954,483121.906347252,0.991069520169611,4713547.111647873,48.588562923644474
Guanica,1980-1984,2,35,5,0.001996159544405538,2.5,0.009931236888769518,96239.36715803563,955.7759532717319,478807.39590699883,0.9883948269270942,4230425.205300622,43.95732567893758
Guanica,1980-1984,2,40,5,0.002676976459885794,2.5,0.013295900269343913,95283.5912047639,1266.8811259634676,473250.7532089108,0.9851705646330012,3751617.8093936224,39.373178130234585
Guanica,1980-1984,2,45,5,0.0033037910426467042,2.5,0.01638363494727155,94016.71007880043,1540.3354568745417,466232.7117518158,0.9797101117411394,3278367.056184712,34.87004654211935
Guanica,1980-1984,2,50,5,0.004911824633865771,2.5,0.024261206193754405,92476.37462192589,2243.588392753416,456772.9021277459,0.969579854920847,2812134.344432896,30.40921917549033
Guanica,1980-1984,2,55,5,0.007483894555944329,2.5,0.036732222578268546,90232.78622917247,3314.4507876272837,442877.80417679413,0.9542844081306135,2355361.44230515,26.10316649563522
Guanica,1980-1984,2,60,5,0.011319835155822577,2.5,0.05504152335145336,86918.33544154519,4784.11758987527,422631.3832330378,0.9258007228012936,1912483.6381283558,22.003224387730597
Guanica,1980-1984,2,65,5,0.019831347363940908,2.5,0.09447292341774387,82134.21785166992,7759.459673077101,391272.44007565686,0.8856118266805884,1489852.254895318,18.139239574739882
Guanica,1980-1984,2,70,5,0.029272330362830282,2.5,0.13638116548573573,74374.75817859282,10143.316203116243,346515.50038517354,0.8279198784536093,1098579.8148196612,14.770869065304254
Guanica,1980-1984,2,75,5,0.04778206114535591,2.5,0.2134165938811257,64231.44197547658,13708.055566479372,286887.07096118445,0.7494844058531428,752064.3144344876,11.708663098698985
Guanica,1980-1984,2,80,5,0.06994698769444334,2.5,0.2976803321481122,50523.386408997205,15039.818447477708,215017.38592629175,0.5377732059271904,465177.24347330316,9.207166750613224
Guanica,1980-1984,2,85,NA,0.12851052585944084,7.050019823775887,1,35483.5679615195,35483.5679615195,250159.8575470114,0,250159.8575470114,7.050019823775887
Guanica,1985-1989,1,0,1,0.01903909600501936,0.11129843587678412,0.018722313074868355,100000,1872.2313074868434,98336.14510863599,0.9806093642417206,6948342.209069325,69.48342209069325
Guanica,1985-1989,1,1,4,5.759049838776328e-4,1.5965896707054217,0.002300435819507097,98127.76869251316,225.73663398856297,391968.5370122243,0.9977397704635167,6850006.063960688,69.80700932297182
Guanica,1985-1989,1,5,5,2.5648532510232216e-4,2.5,0.0012816048434243148,97902.0320585246,125.4717184672918,489196.4809964547,0.9985891972526785,6458037.526948464,65.96428481778531
Guanica,1985-1989,1,10,5,3.0827068295275915e-4,2.5,0.0015401664443596367,97776.5603400573,150.59217728066142,488506.3212570849,0.9967812247392728,5968841.045952009,61.04572532714349
Guanica,1985-1989,1,15,5,9.824015511469867e-4,2.5,0.004899973402058032,97625.96816277664,478.3646473477711,486933.9291955137,0.9923705177698061,5480334.724694924,56.136034580033964
Guanica,1985-1989,1,20,5,0.002085301108683923,2.5,0.010372431436483994,97147.60351542887,1007.6568566825154,483218.87543543807,0.9870045956167223,4993400.7954994105,51.4001438512723
Guanica,1985-1989,1,25,5,0.003153846150718446,2.5,0.015645869093553855,96139.94665874635,1504.1930200839852,476939.25074352184,0.9841351856229038,4510181.9200639725,46.91267341839801
Guanica,1985-1989,1,30,5,0.003243537724037001,2.5,0.01608723969809402,94635.75363866237,1522.4280527949304,469372.69806132454,0.9826200861274434,4033242.669320451,42.61859301845001
Guanica,1985-1989,1,35,5,0.003774019966964785,2.5,0.018693723619333212,93113.32558586744,1740.6347737791948,461215.0409948892,0.975757319924748,3563869.9712591264,38.2745428630684
Guanica,1985-1989,1,40,5,0.006070210227675,2.5,0.029897343241561902,91372.69081208824,2731.800700114123,450033.9523101559,0.9672513990709657,3102654.9302642373,33.95604203716597
Guanica,1985-1989,1,45,5,0.007267221480051789,2.5,0.03568773079081564,88640.89011197412,3163.392223374409,435295.97000143456,0.9595363656533703,2652620.9779540813,29.925477672925016
Guanica,1985-1989,1,50,5,0.009294313981031345,2.5,0.04541628683100683,85477.49788859971,3882.070561705419,417682.313038735,0.9445446526166069,2217325.007952647,25.940452899573884
Guanica,1985-1989,1,55,5,0.013644484606020165,2.5,0.06597203692449082,81595.42732689429,5383.016544479469,394519.59527327283,0.9236393215704521,1799642.6949139116,22.05568073936344
Guanica,1985-1989,1,60,5,0.01829695463491575,2.5,0.08748308794590721,76212.41078241482,6667.29703504761,364393.8113244551,0.8939804243810765,1405123.0996406388,18.43693284617701
Guanica,1985-1989,1,65,5,0.0269702500805274,2.5,0.1263331582256176,69545.11374736721,8785.85385886472,325760.93408967427,0.8426050654419248,1040729.2883161838,14.964808197694305
Guanica,1985-1989,1,70,5,0.042710072866495315,2.5,0.19294827691609837,60759.25988850249,11723.394502183968,274487.81318705255,0.7492894327936285,714968.3542265096,11.76723277305429
Guanica,1985-1989,1,75,5,0.07683833709144348,2.5,0.32228254783427013,49035.865386318525,15803.403631961031,205670.81785169005,0.6396387513005657,440480.54103945696,8.982823848814041
Guanica,1985-1989,1,80,5,0.10522527325225034,2.5,0.41654793939697926,33232.46175435749,13842.913464866535,131555.0251096211,0.4397377445719214,234809.7231877669,7.065673464800671
Guanica,1985-1989,1,85,NA,0.20407620548995958,5.325276099088361,1,19389.54828949096,19389.54828949096,103254.69807814581,0,103254.69807814581,5.325276099088361
Guanica,1985-1989,2,0,1,0.010506652379588434,0.12743599256380328,0.010411205294775525,100000,1041.1205294775573,99091.55569857497,0.9892203209420206,7672214.942205075,76.72214942205075
Guanica,1985-1989,2,1,4,3.21411662059617e-4,1.5070609689854002,0.0012846173361661455,98958.87947052244,127.12429213539872,395518.6047724353,0.9986861831604035,7573123.3865065,76.52798240063296
Guanica,1985-1989,2,5,5,1.6069515335875073e-4,2.5,8.031531097633936e-4,98831.75517838704,79.37703151491587,493960.33331314794,0.9991118928092078,7177604.781734064,72.62447953877574
Guanica,1985-1989,2,10,5,1.9472065577269014e-4,2.5,9.731295577993346e-4,98752.37814687213,96.09885807769024,493521.6435891664,0.9978873432401115,6683644.448420917,67.6808455030874
Guanica,1985-1989,2,15,5,6.517189065361291e-4,2.5,0.0032532939497417297,98656.27928879444,320.95787651427963,492479.00175268645,0.9959087755827767,6190122.80483175,62.74433669560489
Guanica,1985-1989,2,20,5,9.88816329866158e-4,2.5,0.004931889816361991,98335.32141228016,484.9789702618873,490464.1596357461,0.9942795300580392,5697643.803079064,57.940968934154924
Guanica,1985-1989,2,25,5,0.0013068474283508085,2.5,0.006512958533976336,97850.34244201827,637.2952228602662,487658.47415294073,0.9923243800922934,5207179.643443317,53.21575288843632
Guanica,1985-1989,2,30,5,0.0017770404215683843,2.5,0.008845903288569242,97213.047219158,859.9372140877822,483915.3930605706,0.990205498744232,4719521.169290377,48.54822787985078
Guanica,1985-1989,2,35,5,0.002161935157352366,2.5,0.010751565319111934,96353.11000507022,1035.9467559190816,479175.6831355534,0.9884722794830202,4235605.776229806,43.959201483033844
Guanica,1985-1989,2,40,5,0.0024777154607921767,2.5,0.012312311293833839,95317.16324915114,1173.5745855687273,473651.87978183385,0.9859675890739551,3756430.093094253,39.40979740736993
Guanica,1985-1989,2,45,5,0.003179870154322707,2.5,0.015773952965982985,94143.58866358241,1485.0165396281955,467005.40196884156,0.9788850491632926,3282778.213312419,34.86990733955627
Guanica,1985-1989,2,50,5,0.005379702330586753,2.5,0.02654154758937393,92658.57212395422,2459.301901591374,457144.60586579266,0.9694650109081608,2815772.811343577,30.388692020601944
Guanica,1985-1989,2,55,5,0.007049551277510027,2.5,0.03463731260916648,90199.27022236284,3124.2603198106517,443185.70031228755,0.9507318928256525,2358628.205477785,26.14908302099563
Guanica,1985-1989,2,60,5,0.013313628887119091,2.5,0.06442385615479039,87075.00990255219,5609.707912638973,421350.7797311635,0.916862779472017,1915442.5051654973,21.997614554498664
Guanica,1985-1989,2,65,5,0.021749447976890806,2.5,0.10313918882986914,81465.30198991322,8402.26516501997,386320.8470370162,0.879296292460804,1494091.7254343338,18.340222020159302
Guanica,1985-1989,2,70,5,0.030174169123964874,2.5,0.14028814972974107,73063.03682489325,10249.878249800211,339690.4884999657,0.8281262977711051,1107770.8783973176,15.161851006169647
Guanica,1985-1989,2,75,5,0.04658143555085522,2.5,0.2086133987786453,62813.15857509304,13103.666498372164,281306.62662953476,0.7579262071522003,768080.3898973519,12.228017302761696
Guanica,1985-1989,2,80,5,0.06629679923203177,2.5,0.28435451129503525,49709.492076720875,14135.11832620039,213209.6645681034,0.5619943377046843,486773.76326781703,9.79237048965493
Guanica,1985-1989,2,85,NA,0.16047409224628983,7.689920295384291,1,35574.373750520484,35574.373750520484,273564.09869971365,0,273564.09869971365,7.689920295384291
Guanica,1990-1994,1,0,1,0.018300048095898018,0.11277316902704031,0.018007670272877016,100000,1800.7670272877003,98402.31117705893,0.98131221161765,6906388.029135045,69.06388029135044
Guanica,1990-1994,1,1,4,5.76638690622715e-4,1.5987428894678215,0.0023033653897389047,98199.2329727123,226.1887145282526,392253.7946317661,0.9977225822395928,6807985.717957986,69.32829831623833
Guanica,1990-1994,1,5,5,2.668180694512682e-4,2.5,0.0013332010419358415,97973.04425818405,130.6177646866272,489538.6768792037,0.9984615703158543,6415731.923326219,65.48466439829228
Guanica,1990-1994,1,10,5,3.4909085594227055e-4,2.5,0.0017439323026607497,97842.42649349742,170.63056813272124,488785.5560471553,0.9962184263493261,5926193.246447016,60.568747718464124
Guanica,1990-1994,1,15,5,0.0011679553133654727,2.5,0.005822774715159611,97671.7959253647,568.7208636984433,486937.1774675774,0.9915833145775294,5437407.690399861,55.670192596384965
Guanica,1990-1994,1,20,5,0.0022173818612101124,2.5,0.011025788348327752,97103.07506166626,1070.6379536017193,482838.780424327,0.9870096149456516,4950470.512932283,50.98160392745995
Guanica,1990-1994,1,25,5,0.003017976841789175,2.5,0.014976884482619137,96032.43710806454,1438.2667171518697,476566.51874744304,0.9833696722435578,4467631.732507956,46.522111351610974
Guanica,1990-1994,1,30,5,0.0036956135249690777,2.5,0.018308910977257866,94594.17039091267,1731.9162446547707,468641.0613429264,0.9769011995542654,3991065.213760513,42.19145003616333
Guanica,1990-1994,1,35,5,0.005674992164872301,2.5,0.02797802316868426,92862.2541462579,2598.1022980002454,457816.01498628885,0.9716437642662423,3522424.1524175867,37.93171062668557
Guanica,1990-1994,1,40,5,0.0058329012515308835,2.5,0.02874533451350567,90264.15184825765,2594.673239456053,444834.0761426481,0.9690055043907871,3064608.137431298,33.9515530216601
Guanica,1990-1994,1,45,5,0.006774881011931487,2.5,0.0333102230652869,87669.4786088016,2920.28988847656,431046.66832281655,0.9579249273913446,2619774.0612886497,29.882395821909643
Guanica,1990-1994,1,50,5,0.010496801726324447,2.5,0.05114194157996191,84749.18872032504,4334.238058484043,412910.34845541505,0.9418352584756412,2188727.392965833,25.825939174340675
Guanica,1990-1994,1,55,5,0.013557673455637912,2.5,0.06556605922628218,80414.950661841,5272.491417772821,388893.5247647729,0.9144295507415761,1775817.044510418,22.08317023009864
Guanica,1990-1994,1,60,5,0.022604809994349467,2.5,0.10697847946714903,75142.45924406817,8038.62603335263,355615.7311369593,0.8765116219146591,1386923.519745645,18.457254842309812
Guanica,1990-1994,1,65,5,0.030564958375868884,2.5,0.14197606089990578,67103.83321071554,9527.13791054167,311701.3212772235,0.828525678162789,1031307.788608686,15.368835717182257
Guanica,1990-1994,1,70,5,0.04589449833749687,2.5,0.20585362012140995,57576.69530017387,11852.371162168158,258252.54859544898,0.7638620605957481,719606.4673314624,12.49822456081965
Guanica,1990-1994,1,75,5,0.06357257406701232,2.5,0.27427236908895525,45724.324138005715,12540.918706322132,197269.32392422325,0.6823537223286866,461353.9187360134,10.089901325682789
Guanica,1990-1994,1,80,5,0.09303962874981148,2.5,0.3774123754949669,33183.40543168358,12523.827870984293,134607.45748095718,0.4902865970773863,264084.59481179016,7.958333129957833
Guanica,1990-1994,1,85,NA,0.2003422902851402,6.267172547474413,1,20659.57756069929,20659.57756069929,129477.13733083298,0,129477.13733083298,6.267172547474413
Guanica,1990-1994,2,0,1,0.01108270225346069,0.12625205453952984,0.010976412293179057,100000,1097.641229317902,99040.93823103078,0.9885878578578298,7710141.724547038,77.10141724547037
Guanica,1990-1994,2,1,4,3.616136230032688e-4,1.5061413771989978,0.0014451512354779952,98902.3587706821,142.9288659691374,395252.9906978841,0.9986024990756213,7611100.786316007,76.95570541409764
Guanica,1990-1994,2,5,5,1.5720873432778032e-4,2.5,7.857348606814891e-4,98759.42990471296,77.59872689715121,493603.1527063219,0.9991729952337064,7215847.795618123,73.06489924638348
Guanica,1990-1994,2,10,5,1.7373685339555834e-4,2.5,8.683071246087655e-4,98681.83117781581,85.68613708113844,493194.9405463762,0.9981660905487997,6722244.642911801,68.1203881472256
Guanica,1990-1994,2,15,5,5.608554852597579e-4,2.5,0.002800350945827241,98596.14504073467,276.10380801973224,492290.46568362403,0.9959066462504941,6229049.7023654245,63.17741631573844
Guanica,1990-1994,2,20,5,0.0010809105638520458,2.5,0.005389987582966579,98320.04123271494,529.9438014010957,490275.3466600719,0.9941244569272477,5736759.236681801,58.34781154234256
Guanica,1990-1994,2,25,5,0.00127680860922808,2.5,0.006363729883385628,97790.09743131384,622.3097653228469,487394.7127432621,0.9929232204233879,5246483.890021729,53.65046183440786
Guanica,1990-1994,2,30,5,0.0015649782273740832,2.5,0.007794395986833102,97167.787665991,757.3642142332537,483945.5277943719,0.9910194586466455,4759089.1772784665,48.978054266683294
Guanica,1990-1994,2,35,5,0.0020456089900960034,2.5,0.01017600463407322,96410.42345175774,981.0729158180475,479599.4349692436,0.9883901386159877,4275143.649484095,44.3431684710244
Guanica,1990-1994,2,40,5,0.0026288562198195403,2.5,0.013058459070724369,95429.3505359397,1246.1602681193617,474031.3520094,0.9857868683318577,3795544.214514851,39.77334219712005
Guanica,1990-1994,2,45,5,0.003100463746904469,2.5,0.01538308201427009,94183.19026782033,1448.8277402554959,467293.88198846293,0.9804997459400416,3321512.8625054513,35.26651468335657
Guanica,1990-1994,2,50,5,0.004793104635201202,2.5,0.02368175040689361,92734.36252756484,2196.112027520183,458181.5325690237,0.9748497300811665,2854218.9805169883,30.778439649796326
Guanica,1990-1994,2,55,5,0.005402887409009887,2.5,0.02665441010319657,90538.25050004465,2413.243658854117,446658.14335308794,0.9565935056298713,2396037.4479479645,26.464366549106035
Guanica,1990-1994,2,60,5,0.01250239549887672,2.5,0.060617323124906634,88125.00684119054,5341.902015077067,427270.27916826,0.9309120901820616,1949379.3045948767,22.120614505118162
Guanica,1990-1994,2,65,5,0.016255851210761577,2.5,0.07810509408325794,82783.10482611347,6465.782190947793,397751.06865319784,0.8897485868761753,1522109.0254266167,18.386711015778136
Guanica,1990-1994,2,70,5,0.031295035979240535,2.5,0.1451212435505372,76317.32263516568,11075.264765262807,353898.4512626714,0.8273939811641008,1124357.956773419,14.732670355174836
Guanica,1990-1994,2,75,5,0.04562200404456716,2.5,0.20475651395349165,65242.05786990287,13358.736332593282,292813.44851803116,0.7543404603691951,770459.5055107474,11.809245916906796
Guanica,1990-1994,2,80,5,0.06978521579233649,2.5,0.29709413343132657,51883.32153730959,15414.230451665877,220881.03155738325,0.53756337287057,477646.0569927163,9.206158026124799
Guanica,1990-1994,2,85,NA,0.16389058443015886,7.040620366225969,1,36469.09108564371,36469.09108564371,256765.02543533305,0,256765.02543533305,7.040620366225969
Guanica,1995-1999,1,0,1,0.018041098544205436,0.11328988990996527,0.017757035265037455,100000,1775.7035265037412,98425.4657305266,0.9813813553732494,6928904.848026326,69.28904848026326
Guanica,1995-1999,1,1,4,6.711464721163239e-4,1.5994980527464422,0.0026802677401648214,98224.29647349626,263.2674131383101,392265.2119560981,0.9974824627351304,6830479.382295799,69.53961115047395
Guanica,1995-1999,1,5,5,2.858685147852771e-4,2.5,0.001428321793352133,97961.02906035795,139.91987270610116,489455.3456200245,0.9983860821763874,6438214.170339702,65.72219822612158
Guanica,1995-1999,1,10,5,3.602800770977216e-4,2.5,0.0017997793239046696,97821.10918765185,176.0564097573515,488665.40491386584,0.9963294202897116,5948758.824719677,60.8126290339652
Guanica,1995-1999,1,15,5,0.0011120336150421703,2.5,0.00554475319535997,97645.0527778945,541.4177184013242,486871.71959346917,0.9920233032423997,5460093.419805811,55.91776812518556
Guanica,1995-1999,1,20,5,0.0020953591323953085,2.5,0.010422200031935128,97103.63505949317,1012.0335084180842,482988.09152642067,0.9862933148665015,4973221.700212342,51.215607913806345
Guanica,1995-1999,1,25,5,0.003434389009787108,2.5,0.017025762321435576,96091.60155107509,1636.0327690947015,476367.9258326387,0.9832448447544803,4490233.608685921,46.72867905421734
Guanica,1995-1999,1,30,5,0.0033233564415348525,2.5,0.016479861076513686,94455.56878198039,1556.6146514301072,468386.3072813266,0.9804221442448046,4013865.682853283,42.49474895564889
Guanica,1995-1999,1,35,5,0.004597800944220421,2.5,0.022727760425244097,92898.95413055028,2111.385173234885,459216.3077196642,0.9739218606508572,3545479.375571956,38.16490087272153
Guanica,1995-1999,1,40,5,0.0059896538224723135,2.5,0.029506435772825967,90787.5689573154,2678.8175724100292,447240.8008555519,0.9677911859347217,3086263.0678522917,33.99433538421242
Guanica,1995-1999,1,45,5,0.0071233050102442064,2.5,0.034993354212748726,88108.75138490536,3083.2207464550156,432835.7050583893,0.9599193219710298,2639022.26699674,29.951874535914175
Guanica,1995-1999,1,50,5,0.009280953094110842,2.5,0.045352479874511825,85025.53063845035,3856.118667100018,415487.3565245017,0.9444909837013485,2206186.5619383506,25.94734246728319
Guanica,1995-1999,1,55,5,0.013682135296524818,2.5,0.06614805972570001,81169.41197135033,5369.19911098083,392424.06207929953,0.9153333449387486,1790699.205413849,22.061256351664795
Guanica,1995-1999,1,60,5,0.02205155841812634,2.5,0.1044969884758955,75800.2128603695,7920.893969740457,359198.8293774964,0.8878543680817812,1398275.1433345494,18.446849824950917
Guanica,1995-1999,1,65,5,0.025687427092841015,2.5,0.12068680190189723,67879.31889062905,8192.137912189057,318916.2496726726,0.8486488510208834,1039076.3139570531,15.307700945427444
Guanica,1995-1999,1,70,5,0.04106885015737555,2.5,0.18622421484864315,59687.18097843999,11115.198414238854,270647.9088566028,0.7645937548625897,720160.0642843805,12.06557341926593
Guanica,1995-1999,1,75,5,0.06944033685853268,2.5,0.29584307698491935,48571.982564201135,14369.684777051116,206935.7008783779,0.6539502610303061,449512.1554277777,9.254556468507841
Guanica,1995-1999,1,80,5,0.10548135361344889,2.5,0.41735012719821296,34202.29778715002,14274.333331938218,135325.65560590455,0.4421319420416132,242576.4545493998,7.092402272473548
Guanica,1995-1999,1,85,NA,0.18752769640390757,5.381924440127437,1,19927.9644552118,19927.9644552118,107250.79894349525,0,107250.79894349525,5.381924440127437
Guanica,1995-1999,2,0,1,0.012408603231716142,0.12352697003595076,0.012275101607121473,100000,1227.510160712147,98924.12045012896,0.9874491259514667,7707152.563410993,77.07152563410993
Guanica,1995-1999,2,1,4,2.938032182508034e-4,1.5040284096852135,0.0011743516921523037,98772.48983928785,115.99364058085484,394800.4425256044,0.9987387473335192,7608228.442960864,77.0278086068314
Guanica,1995-1999,2,5,5,1.4652505464541035e-4,2.5,7.323570016028522e-4,98656.496198707,72.25177574473491,493101.85155417316,0.9991884206978127,7213428.000435259,73.11660436335058
Guanica,1995-1999,2,10,5,1.7825133132060546e-4,2.5,8.908596643000741e-4,98584.24442296226,87.82472689192218,492701.6602975815,0.9981227940953303,6720326.148881086,68.16835883073205
Guanica,1995-1999,2,15,5,5.737079985897899e-4,2.5,0.0028644316246128148,98496.41969607034,282.13625948854315,491776.75783163036,0.9957700570244126,6227624.488583505,63.226912285746415
Guanica,1995-1999,2,20,5,0.0011230195000910487,2.5,0.0055993769766224735,98214.2834365818,549.9387974502752,489696.5701892833,0.9942487197205085,5735847.730751875,58.4013600675057
Guanica,1995-1999,2,25,5,0.001184303875228034,2.5,0.005904038935662663,97664.34463913152,576.6140933754214,486880.18796221906,0.9926660733766124,5246151.160562592,53.716135401789174
Guanica,1995-1999,2,30,5,0.0017621905503194093,2.5,0.008772306562275676,97087.7305457561,851.6833357829892,483309.444389323,0.9904343992991985,4759270.9726003725,49.02031333771258
Guanica,1995-1999,2,35,5,0.0020839842916014427,2.5,0.010365915445615385,96236.04720997311,997.5747281988297,478686.2992293685,0.9889282510716372,4275961.528211049,44.43201536407164
Guanica,1995-1999,2,40,5,0.0023709660202373833,2.5,0.011784975659094324,95238.47248177428,1122.3830800070427,473386.4047088538,0.9867714568032449,3797275.2289816807,39.871231972020155
Guanica,1995-1999,2,45,5,0.002959602487820026,2.5,0.014689326024483975,94116.08940176724,1382.501921372037,467124.19220540614,0.9792336029041936,3323888.824272827,35.31690325639915
Guanica,1995-1999,2,50,5,0.005460348107586015,2.5,0.026934067082372996,92733.5874803952,2497.692665986062,457423.70573701087,0.968747693824601,2856764.632067421,30.806148124824453
Guanica,1995-1999,2,55,5,0.007267706965863898,2.5,0.035690072360552064,90235.89481440914,3220.5256154454255,443128.1600334322,0.9545723397207321,2399340.92633041,26.589650728961086
Guanica,1995-1999,2,60,5,0.011422242916689878,2.5,0.055525646040497624,87015.36919896372,4831.584590224884,422997.88451925636,0.9295305327327138,1956212.7662969776,22.481232732852376
Guanica,1995-1999,2,65,5,0.018036571580855754,2.5,0.0862918357245553,82183.78460873883,7091.7896406795335,393189.44894199533,0.896306660732445,1533214.8817777215,18.65592937922076
Guanica,1995-1999,2,70,5,0.026152616234058644,2.5,0.12273826435783124,75091.9949680593,9216.661129546585,352418.32201643003,0.8530652809798729,1140025.432835726,15.18171721660399
Guanica,1995-1999,2,75,5,0.03824006450775,2.5,0.1745165155116654,65875.33383851271,11496.333719664952,300635.8348934012,0.7675017213485102,787607.110819296,11.956024583496486
Guanica,1995-1999,2,80,5,0.07134739301513644,2.5,0.302738040232866,54379.00011884776,16462.59192580275,230738.52077973192,0.5261763225335601,486971.2759258948,8.955134792136617
Guanica,1995-1999,2,85,NA,0.14658043849814784,6.757833016291968,1,37916.40819304501,37916.40819304501,256232.75514616288,0,256232.75514616288,6.757833016291968
Guanica,2000-2004,1,0,1,0.015762347685387416,0.1178370233111937,0.015546178699357554,100000,1554.6178699357552,98628.57367224386,0.9839091278371972,7199773.925200474,71.99773925200475
Guanica,2000-2004,1,1,4,4.8381239673314446e-4,1.6061593635788358,0.0019330108322106027,98445.38213006424,190.29599003854673,393325.9902463547,0.9980123942554416,7101145.35152823,72.13284359185407
Guanica,2000-2004,1,5,5,2.4333412732652083e-4,2.5,0.001215930942895407,98255.0861400257,119.47139953450824,490976.75220129226,0.9987175149777923,6707819.3612818755,68.26943647194406
Guanica,2000-2004,1,10,5,2.7000616041318945e-4,2.5,0.0013491201252035913,98135.61474049119,132.39673284562014,490347.0818703419,0.9968798066353233,6216842.609080583,63.34950492255373
Guanica,2000-2004,1,15,5,9.811325086007117e-4,2.5,0.004893659222630218,98003.21800764557,479.5943516505358,488817.1041591015,0.9935626289905402,5726495.527210241,58.43170911758732
Guanica,2000-2004,1,20,5,0.0016041423546722892,2.5,0.007988674346170507,97523.62365599503,779.0844704462361,485670.4071038596,0.9899941834633529,5237678.42305114,53.706765875789586
Guanica,2000-2004,1,25,5,0.002422422575854736,2.5,0.012039202787703117,96744.5391855488,1164.7271258577093,480810.87811309966,0.987425241322802,4752008.01594728,49.11913432998305
Guanica,2000-2004,1,30,5,0.0026406868954771574,2.5,0.013116840803337205,95579.81205969109,1253.7051787998644,474764.7973514558,0.9830933244938326,4271197.137834181,44.687230972653005
Guanica,2000-2004,1,35,5,0.004192870813269034,2.5,0.020746881580729692,94326.10688089122,1956.9725694290973,466738.1029808834,0.9805196842056687,3796432.340482725,40.24794901454598
Guanica,2000-2004,1,40,5,0.003670763129430973,2.5,0.018186915995469295,92369.13431146213,1679.9096862967854,457645.89734156866,0.9766236664913301,3329694.2375018415,36.04769344567364
Guanica,2000-2004,1,45,5,0.0058157204959433575,2.5,0.028661878789890266,90689.22462516534,2599.323563755621,446947.8142164377,0.9683312325861004,2872048.340160273,31.669124441530496
Guanica,2000-2004,1,50,5,0.007075870568914215,2.5,0.0347643821729116,88089.90106140972,3062.3909860728163,432793.52784186654,0.948213338637703,2425100.5259438353,27.529835959893244
Guanica,2000-2004,1,55,5,0.014383676563334868,2.5,0.0694220230035362,85027.5100753369,5902.781760383441,410380.5959757259,0.923037567491177,1992306.9981019686,23.431322360689208
Guanica,2000-2004,1,60,5,0.017768828721428053,2.5,0.08506536390380846,79124.72831495346,6730.773807901496,378796.70705501357,0.9100535430353888,1581926.4021262426,19.992819385482562
Guanica,2000-2004,1,65,5,0.020009541420694506,2.5,0.09528136600426575,72393.95450705197,6897.794875882573,344725.28534555336,0.8611398639305886,1203129.695071229,16.619201192470165
Guanica,2000-2004,1,70,5,0.04126450823548724,2.5,0.18702844876645203,65496.159631169394,12249.645135977531,296856.68531590316,0.7961414023611174,858404.4097256757,13.106179271573108
Guanica,2000-2004,1,75,5,0.05059268454147784,2.5,0.22456061217665282,53246.51449519186,11957.069891313295,236339.89774767606,0.7137386340407946,561547.7244097725,10.546187477876698
Guanica,2000-2004,1,80,5,0.08954519034561803,2.5,0.3658301301352763,41289.44460387857,15104.922892650182,168684.9157877674,0.48130118048162,325207.8266620965,7.876294529559929
Guanica,2000-2004,1,85,NA,0.1779003972411696,5.977688368743787,1,26184.521711228386,26184.521711228386,156522.9108743291,0,156522.9108743291,5.977688368743787
Guanica,2000-2004,2,0,1,0.010053874666479692,0.12836657301422427,0.009966534997806566,100000,996.6534997806593,99131.28349446882,0.9897618001996028,7862388.606691791,78.6238860669179
Guanica,2000-2004,2,1,4,2.674350341219529e-4,1.5077844475585687,0.0010690276234284909,99003.34650021934,105.83731222059578,395749.6166053326,0.9988878267071541,7763257.323197322,78.41409000432246
Guanica,2000-2004,2,5,5,1.2707219827146274e-4,2.5,6.351592136634822e-4,98897.50918799874,62.815664169131196,494330.5067795709,0.9992950602683457,7367507.706591989,74.49639295350462
Guanica,2000-2004,2,10,5,1.550129691911876e-4,2.5,7.747645995534354e-4,98834.69352382961,76.57362174996524,493982.03356477316,0.998348762841387,6873177.199812418,69.54215118960485
Guanica,2000-2004,2,15,5,5.063179452593721e-4,2.5,0.0025283893041036865,98758.11990207965,249.69897405381198,493166.35207526374,0.9967152074243908,6379195.166247644,64.59413334896132
Guanica,2000-2004,2,20,5,8.102606230632653e-4,2.5,0.004043113176811929,98508.42092802584,398.2806946810306,491546.4029034266,0.9949356764780757,5886028.814172382,59.751529450187284
Guanica,2000-2004,2,25,5,0.001221655645125712,2.5,0.00608967949729138,98110.1402333448,597.4593094553857,489057.0528930855,0.9937457778709025,5394482.411268954,54.98394353976803
Guanica,2000-2004,2,30,5,0.0012880892025078604,2.5,0.00641977291211269,97512.68092388942,626.0092675826745,485998.3814504904,0.9929296013413506,4905425.358375869,50.30551218466294
Guanica,2000-2004,2,35,5,0.001551036708817461,2.5,0.007725228262539323,96886.67165630675,748.4716541426751,482562.179146177,0.9904296974830197,4419426.976925379,45.61439567872389
Guanica,2000-2004,2,40,5,0.0022990872585519828,2.5,0.011429741360931263,96138.20000216407,1098.8347609302,477943.91310849483,0.9868301254775547,3936864.7977792015,40.950057289304176
Guanica,2000-2004,2,45,5,0.0030084839059705856,2.5,0.014930126913519375,95039.36524123387,1418.9497848319588,471649.4517440894,0.9818498281609503,3458920.884670707,36.39461265225303
Guanica,2000-2004,2,50,5,0.0043301783100707595,2.5,0.02141902109889039,93620.41545640191,2005.2576539475558,463088.93314714066,0.9731872126931871,2987271.4329266176,31.908333437355445
Guanica,2000-2004,2,55,5,0.006571126838953358,2.5,0.03232461139108997,91615.15780245436,2961.424373497721,450672.2280785275,0.959400423874947,2524182.499779477,27.552018250323357
Guanica,2000-2004,2,60,5,0.010077860474583374,2.5,0.04915096105368994,88653.73342895664,4357.416199030864,432375.126647206,0.9421082103882487,2073510.2717009492,23.388865775884927
Guanica,2000-2004,2,65,5,0.013882540483037775,2.5,0.06708444606933946,84296.31722992577,5654.9717470548785,407344.15678199165,0.904377875019242,1641135.1450537432,19.468645831553943
Guanica,2000-2004,2,70,5,0.026942620095330133,2.5,0.12621190214888472,78641.3454828709,9925.473800940745,368393.0429120026,0.8473318725018453,1233790.9882717514,15.68883366244652
Guanica,2000-2004,2,75,5,0.04027304060116938,2.5,0.18294574905689748,68715.87168193015,12571.276616948366,312151.1668672798,0.7795164955859732,865397.9453597489,12.593858219036724
Guanica,2000-2004,2,80,5,0.06147446710337913,2.5,0.2664262986823393,56144.59506498178,14958.39665418183,243326.98368945433,0.5601836411004668,553246.7784924691,9.853963286263637
Guanica,2000-2004,2,85,NA,0.13822858472810934,7.524845864913495,1,41186.19841079995,41186.19841079995,309919.7948030148,0,309919.7948030148,7.524845864913495
Guanica,2005-2009,1,0,1,0.018977421617754883,0.11142150403285102,0.018662713607748273,100000,1866.27136077483,98341.67140117614,0.980881684390371,7217213.839502572,72.17213839502573
Guanica,2005-2009,1,1,4,4.624233783426464e-4,1.5967692438998544,0.0018476402121690315,98133.72863922517,181.31582320391317,392099.1707940094,0.9980897659934359,7118872.168101396,72.54256275406519
Guanica,2005-2009,1,5,5,2.108899355893521e-4,2.5,0.0010538940388318426,97952.41281602126,103.23146395599179,489503.98542021634,0.9988020672542518,6726772.997307386,68.6738876962829
Guanica,2005-2009,1,10,5,2.686049333552409e-4,2.5,0.0013421234143505393,97849.18135206526,131.3256773676403,488917.59256690723,0.9972296092222093,6237269.01188717,63.74370153844443
Guanica,2005-2009,1,15,5,8.418837246678396e-4,2.5,0.004200577628490124,97717.85567469762,410.47143845117535,487563.0997773602,0.9929264820240841,5748351.419320263,58.826008610509255
Guanica,2005-2009,1,20,5,0.0020016824021521985,2.5,0.009958577238737854,97307.38423624645,969.0431018162053,484114.31342669175,0.9891880909815955,5260788.3195429025,54.063608438703554
Guanica,2005-2009,1,25,5,0.002348472678137816,2.5,0.011673824247452768,96338.34113443024,1124.636862694475,478880.113515415,0.9884644066274644,4776674.006116211,49.58227378496018
Guanica,2005-2009,1,30,5,0.002292206634538329,2.5,0.011395729754320997,95213.70427173577,1085.0296427885332,473355.9472517075,0.9870852685528574,4297793.892600796,45.138396047853355
Guanica,2005-2009,1,35,5,0.0029112844005176925,2.5,0.01445124280819945,94128.67462894724,1360.2763322769315,467242.68231404386,0.982666102768393,3824437.9453490884,40.62989264881209
Guanica,2005-2009,1,40,5,0.004093226051853643,2.5,0.020258820430354835,92768.3982966703,1879.3783227038803,459143.5456765918,0.9761055862227686,3357195.2630350445,36.18899673462987
Guanica,2005-2009,1,45,5,0.005598307740646168,2.5,0.027605182930032942,90889.01997396642,2509.008022712762,448172.57981305016,0.9650697075744314,2898051.7173584527,31.885608604741794
Guanica,2005-2009,1,50,5,0.008676895734949265,2.5,0.042463353448670305,88380.01195125366,3752.911685283776,432517.7805430589,0.9488342201031804,2449879.1375454026,27.719832612114185
Guanica,2005-2009,1,55,5,0.012425159183757677,2.5,0.06025412808640804,84627.10026596989,5099.132139007052,410387.6709823318,0.9311144509123501,2017361.3570023437,23.838242722036902
Guanica,2005-2009,1,60,5,0.01624833599830616,2.5,0.07807039496908537,79527.96812696283,6208.779882760835,382117.8909279121,0.9086018053036051,1606973.686020012,20.20639686725745
Guanica,2005-2009,1,65,5,0.022354062870769926,2.5,0.10585461268599054,73319.188244202,7761.1742740412155,347193.005535907,0.8645469196322298,1224855.7950921,16.705801365564906
Guanica,2005-2009,1,70,5,0.03681369808116039,2.5,0.16855560273350387,65558.01397016078,11050.170558751925,300164.6434539241,0.8081477592104889,877662.7895561929,13.38757440022005
Guanica,2005-2009,1,75,5,0.04940581444369836,2.5,0.21987171885996115,54507.84341140886,11984.73322221607,242577.3840015041,0.716834733387047,577498.1461022688,10.594771503680414
Guanica,2005-2009,1,80,5,0.08908649264209446,2.5,0.3642974974051737,42523.11018919279,15491.062623807382,173887.8943864455,0.4808088537248422,334920.7621007648,7.876205682290017
Guanica,2005-2009,1,85,NA,0.1537367899620713,5.957109513247609,1,27032.04756538541,27032.04756538541,161032.8677143193,0,161032.8677143193,5.957109513247609
Guanica,2005-2009,2,0,1,0.007705235563963206,0.13319366050245335,0.007654114141021866,100000,765.4114141021855,99336.53653393245,0.9920550391189029,7985577.299292498,79.85577299292498
Guanica,2005-2009,2,1,4,2.5059218862946795e-4,1.5115467562925575,0.0010017440799877184,99234.58858589781,99.4076616459497,396690.983025519,0.9990085840617381,7886240.762758565,79.47068532392016
Guanica,2005-2009,2,5,5,1.1313383587269535e-4,2.5,5.655092337913762e-4,99135.18092425186,56.06186020624591,495535.74997074367,0.9993721960105051,7489549.779733046,75.54885873921722
Guanica,2005-2009,2,10,5,1.38074443611855e-4,2.5,6.901339933913873e-4,99079.11906404562,68.37786810136458,495224.6506499747,0.9985146717320407,6994014.0297623025,70.59019191764624
Guanica,2005-2009,2,15,5,4.567352653724606e-4,2.5,0.0022810717121278723,99010.74119594425,225.85060093888023,494489.07947737403,0.9969219807420314,6498789.379112328,65.63721572643409
Guanica,2005-2009,2,20,5,7.768636390568491e-4,2.5,0.003876788854540762,98784.89059500537,382.9681628557446,492967.0325678875,0.9955980537390907,6004300.299634954,60.78156551543051
Guanica,2005-2009,2,25,5,9.882651554124625e-4,2.5,0.004929147515224353,98401.92243214963,485.03759144974174,490797.0181821238,0.9945180878853151,5511333.267067066,56.00839019041784
Guanica,2005-2009,2,30,5,0.0012111390482828525,2.5,0.006037414869167432,97916.88484069989,591.1648564797943,488106.5120623,0.9928639051360604,5020536.248884942,51.27344744527778
Guanica,2005-2009,2,35,5,0.0016551099186830314,2.5,0.008241448336201256,97325.7199842201,802.1048930335237,484623.3376885167,0.9906028114715005,4532429.736822642,46.569701591290645
Guanica,2005-2009,2,40,5,0.0021237225135588974,2.5,0.010562532845782504,96523.61509118657,1019.5338547943393,480069.24081894703,0.9880971206700998,4047806.399134126,41.935917913042665
Guanica,2005-2009,2,45,5,0.0026692003885331658,2.5,0.013257534402719005,95504.08123639223,1266.1486425915355,474355.0345754823,0.9848986338877312,3567737.158315179,37.356907810926906
Guanica,2005-2009,2,50,5,0.0034230386157268365,2.5,0.01696997091426595,94237.9325938007,1599.2149751373654,467191.62553116004,0.9777699304409534,3093382.1237396966,32.82523330677556
Guanica,2005-2009,2,55,5,0.005593329307463362,2.5,0.02758097287750654,92638.71761866333,2555.0659580473293,456805.9231981983,0.9676022951860993,2626190.4982085368,28.348735450105746
Guanica,2005-2009,2,60,5,0.007612376132985807,2.5,0.03735105496650684,90083.651660616,3364.7194247593143,442006.4597411817,0.9488291265995649,2169384.5750103383,24.081889832611875
Guanica,2005-2009,2,65,5,0.013549302890038573,2.5,0.06552690475041757,86718.93223585669,5682.423212676906,419388.6031475912,0.9155289286260624,1727378.1152691566,19.919273343576958
Guanica,2005-2009,2,70,5,0.02210648405169386,2.5,0.10474363643741874,81036.50902317978,8488.058639281546,383962.398517695,0.8611287410413022,1307989.5121215654,16.14074357210312
Guanica,2005-2009,2,75,5,0.038835098560693906,2.5,0.17699176154353452,72548.45038389823,12840.478030699865,330641.0568427415,0.7877944734416412,924027.1136038704,12.736689877099753
Guanica,2005-2009,2,80,5,0.05845066653169495,2.5,0.2549921760345133,59707.97235319837,15225.065796950614,260477.1972736153,0.5610324942662548,593386.056761129,9.938137795921035
Guanica,2005-2009,2,85,NA,0.13861696157187162,7.483972727064427,1,44482.906556247755,44482.906556247755,332908.8594875136,0,332908.8594875136,7.483972727064427
Guanica,2010-2014,1,0,1,0.012449921868910899,0.12444680340668175,0.012315674015878198,100000,1231.5674015878176,98921.69722471965,0.98718635183253,7452650.04425747,74.5265004425747
Guanica,2010-2014,1,1,4,4.2750025867045104e-4,1.615892874190159,0.0017082599651702627,98768.43259841218,168.72215923048498,394671.4786915453,0.9983111644258245,7353728.347032751,74.45423758958154
Guanica,2010-2014,1,5,5,1.9398830981494133e-4,2.5,9.694713837868198e-4,98599.7104391817,95.58959772044909,492759.57820160734,0.9988679244552712,6959056.868341206,70.57887733487507
Guanica,2010-2014,1,10,5,2.5913526877721215e-4,2.5,0.0012948374987279214,98504.12084146125,127.54682944474916,492201.7371336944,0.9973755548703029,6466297.290139598,65.64494190600274
Guanica,2010-2014,1,15,5,7.927232417526076e-4,2.5,0.003955776618601171,98376.5740120165,389.1557512948202,490909.98068184545,0.9938679767116941,5974095.553005904,60.72681035097014
Guanica,2010-2014,1,20,5,0.001670328567243158,2.5,0.00831691289322373,97987.41826072168,814.9528223063098,487899.7092478426,0.99062635724538,5483185.572324058,55.95805736747323
Guanica,2010-2014,1,25,5,0.0020988019543375317,2.5,0.010439235054352998,97172.46543841537,1014.4062075225957,483326.31167327036,0.9893702396435532,4995285.863076216,51.40639213525007
Guanica,2010-2014,1,30,5,0.0021762350452515034,2.5,0.010822295578984873,96158.05923089277,1040.6509392982698,478188.6688062182,0.9882811204613433,4511959.551402945,46.92232338600886
Guanica,2010-2014,1,35,5,0.0025410955630102714,2.5,0.012625272753611364,95117.4082915945,1200.8832232979912,472584.83339972753,0.9860330575157821,4033770.882596727,42.40833465763375
Guanica,2010-2014,1,40,5,0.003088822841650198,2.5,0.015325767754486283,93916.52506829651,1439.342851505091,465984.2682127198,0.9804723418176293,3561186.0491969995,37.91863089703638
Guanica,2010-2014,1,45,5,0.004816291321939651,2.5,0.023794948104543457,92477.18221679142,2200.4897517029603,456884.6867046997,0.9697353450528488,3095201.7809842797,33.46989718748451
Guanica,2010-2014,1,50,5,0.007517072254929122,2.5,0.03689206056244285,90276.69246508846,3330.4932057990663,443057.2293109447,0.954141120622936,2638317.09427958,29.22478684406678
Guanica,2010-2014,1,55,5,0.011346832519730517,2.5,0.05516917415031394,86946.1992592894,4796.750008643634,422739.1212748379,0.9400138841471953,2195259.864968635,25.24848565745779
Guanica,2010-2014,1,60,5,0.013454709589598905,2.5,0.06508432134177038,82149.44925064576,5346.641153078497,397380.6433705326,0.9210748468125767,1772520.7436937974,21.576781827053622
Guanica,2010-2014,1,65,5,0.019667621744377653,2.5,0.0937295170050423,76802.80809756726,7198.6901076159265,366017.3152187965,0.8827400959973075,1375140.100323265,17.904815388733457
Guanica,2010-2014,1,70,5,0.03085431372178491,2.5,0.14322388212971884,69604.11798995134,9968.971990735823,323098.1599729172,0.8182298539532474,1009122.7851044683,14.498032792401078
Guanica,2010-2014,1,75,5,0.051151573723081954,2.5,0.22676003676972178,59635.145999215514,13522.867899549841,264368.560247203,0.7392639210362576,686024.6251315512,11.503696580881611
Guanica,2010-2014,1,80,5,0.07188617806198683,2.5,0.30467592145724554,46112.27809966567,14049.3008205084,195438.13844705737,0.5364986899911848,421656.0648843482,9.144116974073448
Guanica,2010-2014,1,85,NA,0.16863320131863865,7.055424843043042,1,32062.977279157272,32062.977279157272,226217.92643729082,0,226217.92643729082,7.055424843043042
Guanica,2010-2014,2,0,1,0.00866793998036413,0.131215042996557,0.008603153281912388,100000,860.3153281912382,99252.57098458798,0.991189302768792,8109473.327528247,81.094733275282465
Guanica,2010-2014,2,1,4,2.1953624912221607e-4,1.5100026696103286,8.776652254675984e-4,99139.68467180876,87.01145370026643,396342.08039980807,0.9990727542592411,8010220.756543659,80.7973192880392
Guanica,2010-2014,2,5,5,1.0361029329269138e-4,2.5,5.179173125518197e-4,99052.6732181085,51.30109431419987,495135.11335475696,0.9994090500901986,7613878.676143851,76.86696813702859
Guanica,2010-2014,2,10,5,1.3284817724620857e-4,2.5,6.640203514976657e-4,99001.3721237943,65.7389259164047,494842.51330418047,0.9985651799885745,7118743.562789094,71.90550403571784
Guanica,2010-2014,2,15,5,4.417136068464129e-4,2.5,0.0022061318381035957,98935.63319787789,218.26505032076966,494132.50336358754,0.9970816827992415,6623901.049484913,66.95162132572263
Guanica,2010-2014,2,20,5,7.27737040981322e-4,2.5,0.003632077212099238,98717.36814755712,358.54910328716505,492690.4679795677,0.995833440282012,6129768.546121325,62.094124480293026
Guanica,2010-2014,2,25,5,9.42815141805238e-4,2.5,0.004702990582194539,98358.81904426996,462.5805996409763,490637.6437222474,0.994327499413356,5637078.078141758,57.31136397240177
Guanica,2010-2014,2,30,5,0.0013337507950195338,2.5,0.006646591732578925,97896.23844462898,650.6763290966483,487854.5014004033,0.9929534312199745,5146440.434419511,52.57035935380076
Guanica,2010-2014,2,35,5,0.0014954142564030755,2.5,0.007449222099697874,97245.56211553233,724.4037904085562,484416.8011016403,0.9909329865859587,4658585.933019107,47.90538335810622
Guanica,2010-2014,2,40,5,0.0021508932875033858,2.5,0.010696946461663989,96521.15832512378,1032.481663021652,480024.58746806474,0.9886098815045221,4174169.131917467,43.246156639118574
Guanica,2010-2014,2,45,5,0.0024328647282257335,2.5,0.01209078552701562,95488.67666210212,1154.5331097800226,474557.0505360606,0.9860560674149228,3694144.5444494025,38.68672887280202
Guanica,2010-2014,2,50,5,0.003189177988681109,2.5,0.015819759868508376,94334.1435523221,1492.343498399132,467939.8590156127,0.9789522463811123,3219587.493913342,34.129609626737206
Guanica,2010-2014,2,55,5,0.0053423683108215075,2.5,0.026359782388822056,92841.80005392297,2447.2896460079355,458090.776154595,0.9632210579441035,2751647.634897729,29.63802547235791
Guanica,2010-2014,2,60,5,0.009726955649759894,2.5,0.04748018413547888,90394.51040791503,4291.94799900426,441242.6820420645,0.9504110900886257,2293556.858743134,25.372744964193178
Guanica,2010-2014,2,65,5,0.010636037836897715,2.5,0.05180274918355943,86102.56240891077,4460.349444530584,419361.93843322736,0.9300875420506515,1852314.1767010696,21.512880974485064
Guanica,2010-2014,2,70,5,0.018631520754094754,2.5,0.08901155230993205,81642.21296438019,7267.100109977546,390043.3145469571,0.8791635401678465,1432952.2382678422,17.551609470618185
Guanica,2010-2014,2,75,5,0.0337855948542814,2.5,0.15577093963035243,74375.11285440264,11585.48121444379,342911.8612359037,0.8137382175078791,1042908.9237208851,14.022283579757284
Guanica,2010-2014,2,80,5,0.05003957939602702,2.5,0.22237857151667564,62789.631639958854,13963.06859015231,279040.48672441347,0.6013690604160209,699997.0624849814,11.148290636562812
Guanica,2010-2014,2,85,NA,0.12281412561736689,8.621466461425156,1,48826.563049806544,48826.563049806544,420956.5757605679,0,420956.5757605679,8.621466461425156
Guanica,2015-2019,1,0,1,0.011584066452205685,0.12617457459794618,0.011467982353639505,100000,1146.7982353639527,98997.89854413277,0.9881100434432405,7466792.533120834,74.66792533120834
Guanica,2015-2019,1,1,4,3.780454633758626e-4,1.6184469691684842,0.001510821607449412,98853.20176463605,149.3495531915687,395057.12317748746,0.9984700138742144,7367794.634576702,74.53268587211782
Guanica,2015-2019,1,5,5,1.785015649332976e-4,2.5,8.921097172149502e-4,98703.85221144448,88.05466568437987,493299.12439301144,0.9990096529814055,6972737.511399214,70.64301296429788
Guanica,2015-2019,1,10,5,2.1785299256611487e-4,2.5,0.001088672036677791,98615.7975457601,107.36026116275752,492810.5870758936,0.9975087361549635,6479438.387006203,65.70385828902907
Guanica,2015-2019,1,15,5,7.805972190778747e-4,2.5,0.0038953842800487594,98508.43728459734,383.7282180505863,491582.8658778602,0.9947744090073777,5986627.799930309,60.77274155344225
Guanica,2015-2019,1,20,5,0.0013165187665793337,2.5,0.006560999635029079,98124.70906654675,643.7961803729559,489014.0548818014,0.9925856988667627,5495044.934052449,56.000623964406245
Guanica,2015-2019,1,25,5,0.0016615207015358608,2.5,0.008273238116680305,97480.9128861738,806.4828041386936,485388.3574205223,0.9905737751128919,5006030.879170647,51.3539597748338
Guanica,2015-2019,1,30,5,0.0021290380447099595,2.5,0.010588830167858937,96674.4300820351,1023.6691217132175,480812.97760589246,0.9863156457741727,4520642.521750125,46.7615119935441
Guanica,2015-2019,1,35,5,0.0033911087793762865,2.5,0.01681300705728227,95650.76096032189,1608.1769190603081,474233.3625039587,0.9827933630839782,4039829.5441442328,42.235205486969896
Guanica,2015-2019,1,40,5,0.0035526755859197454,2.5,0.01760699804932083,94042.58404126158,1655.8075937675894,466073.40122188895,0.9784707686914841,3565596.181640274,37.914698091195085
Guanica,2015-2019,1,45,5,0.0051703301716944025,2.5,0.025521761030741965,92386.77644749399,2357.8732308935287,456039.19916023617,0.9691372114448206,3099522.780418385,33.54942016166059
Guanica,2015-2019,1,50,5,0.007403270832703734,2.5,0.03634369855485926,90028.90321660046,3271.983319728737,441964.55778368044,0.9567351162338565,2643483.581258149,29.362610081988826
Guanica,2015-2019,1,55,5,0.010350495665649983,2.5,0.05044709717657305,86756.91989687172,4376.634768777643,422843.0125624145,0.9428719860554519,2201519.0234744684,25.37571672774255
Guanica,2015-2019,1,60,5,0.013258119974978288,2.5,0.0641638691855881,82380.28512809408,5285.8378384304815,398686.8310443942,0.9200449497626809,1778676.0109120538,21.59103975115368
Guanica,2015-2019,1,65,5,0.020351071026235283,2.5,0.09682892433960336,77094.4472896636,7464.972403614374,366809.8054392821,0.8815427639805642,1379989.1798676597,17.899981495200123
Guanica,2015-2019,1,70,5,0.03066422241330428,2.5,0.1424043178765666,69629.47488604923,9915.537875251357,323358.52974211774,0.8154853744477151,1013179.3744283775,14.55101271532604
Guanica,2015-2019,1,75,5,0.052903006184295144,2.5,0.2336173770627076,59713.93701079787,13950.21333855034,263694.1517076135,0.7379314482202246,689820.8446862597,11.552091173648822
Guanica,2015-2019,1,80,5,0.07036482135684638,2.5,0.29919253380330285,45763.72367224753,13692.164441773926,194588.20725680282,0.5433559773112973,426126.6929786463,9.311451490060065
Guanica,2015-2019,1,85,NA,0.18730784810609621,7.219433394489949,1,32071.559230473602,32071.559230473602,231538.4857218435,0,231538.4857218435,7.219433394489949
Guanica,2015-2019,2,0,1,0.006877081340471591,0.13489574103336896,0.006836408861840302,100000,683.6408861840318,99408.57935775847,0.9929566315558853,8168919.113097424,81.68919113097424
Guanica,2015-2019,2,1,4,1.9816496761233734e-4,1.5128771627817859,7.92269392068352e-4,99316.35911381597,78.68531145753514,397069.7364201842,0.9991833545874829,8069510.5337396655,81.25056743665013
Guanica,2015-2019,2,5,5,9.313145713251916e-5,2.5,4.655488925457728e-4,99237.67380235843,46.19998913751624,496072.8690389484,0.9994820684684961,7672440.797319481,77.31379125834711
Guanica,2015-2019,2,10,5,1.1410025158702245e-4,2.5,5.703385684997233e-4,99191.47381322092,56.57272318202013,495815.9372581495,0.9987471340380154,7176367.928280532,72.34863695839165
Guanica,2015-2019,2,15,5,3.875316584309031e-4,2.5,0.0019357828493096279,99134.9010900389,191.90364129809313,495194.74634694925,0.9973607959087148,6680551.991022383,67.3884970637616
Guanica,2015-2019,2,20,5,6.699180284847647e-4,2.5,0.0033439896450481134,98942.9974487408,330.86435891862493,493887.82634640747,0.996139607911842,6185357.244675434,62.51435072886153
Guanica,2015-2019,2,25,5,8.77626790296001e-4,2.5,0.004378527169614772,98612.13308982218,431.7759039874509,491981.22568914224,0.9952256179622222,5691469.418329027,57.71571144440082
Guanica,2015-2019,2,30,5,0.001037077428662329,2.5,0.00517197778974343,98180.35718583473,507.7866267542122,489632.3193622881,0.9944622574015927,5199488.192639885,52.95853816052379
Guanica,2015-2019,2,35,5,0.0011845795070983282,2.5,0.005905408969376247,97672.57055908052,576.7964742416079,486920.86160979857,0.9927159377748647,4709855.873277596,48.22086534958842
Guanica,2015-2019,2,40,5,0.0017417322691841148,2.5,0.008670905356763285,97095.77408483891,841.9082676313119,483374.0997551163,0.989577536879693,4222935.011667797,43.49246969263506
Guanica,2015-2019,2,45,5,0.002452817377597521,2.5,0.012189341317475177,96253.8658172076,1173.271223572403,478336.151027107,0.986095660283989,3739560.9119126815,38.851020477601935
Guanica,2015-2019,2,50,5,0.003152755492212162,2.5,0.015640500774268252,95080.594593635193,1487.1081133596308,471685.2026847769,0.9773171581252725,3261224.7608855744,34.299583157043955
Guanica,2015-2019,2,55,5,0.006057789130639533,2.5,0.029837078823726652,93593.48648027556,2792.5562334993883,460986.04181762936,0.9688447707034932,2789539.5582007975,29.804847143809322
Guanica,2015-2019,2,60,5,0.00661024632801897,2.5,0.03251391910417515,90800.93024677617,2952.2941006275214,446623.91598231206,0.9590833011689438,2328553.5163831683,25.64459978608911
Guanica,2015-2019,2,65,5,0.010172665077696824,2.5,0.04960186742707425,87848.63614614865,4357.456403770557,428349.53972131683,0.9275159292143703,1881929.600400856,21.42241112622397
Guanica,2015-2019,2,70,5,0.020291795152776446,2.5,0.09656051051579706,83491.1797423781,8061.950939490198,397301.021363165,0.8829072933607289,1453580.0606795393,17.409983487653815
Guanica,2015-2019,2,75,5,0.030065769874761242,2.5,0.13981940429026307,75429.2288028879,10546.469837293742,350779.96942120517,0.8229383989742812,1056279.0393163743,14.003577341041746
Guanica,2015-2019,2,80,5,0.04952845873558517,2.5,0.2203573890511704,64882.758965594156,14297.395360094743,288670.3064277339,0.5908282253715406,705499.0698951691,10.873444365540607
Guanica,2015-2019,2,85,NA,0.13588119662490744,8.240106104962729,1,50585.36360549941,50585.36360549941,416828.76346743514,0,416828.76346743514,8.240106104962729
Guanica,2020-2024,1,0,1,0.013420327370010178,0.12251040774951319,0.013264126396680545,100000,1326.4126396680513,98836.08671366179,0.9863137924816164,7449086.055600909,74.49086055600908
Guanica,2020-2024,1,1,4,3.968636305000782e-4,1.6130351871668016,0.0015859521502872287,98673.58736033195,156.49158805067418,394320.80952714646,0.9983764579630953,7350249.968887246,74.49055178308173
Guanica,2020-2024,1,5,5,1.8624203859227376e-4,2.5,9.307768185309748e-4,98517.09577228127,91.69742897382821,492356.2352889718,0.9989666811590594,6955929.1593601005,70.60631563316159
Guanica,2020-2024,1,10,5,2.2732039222818844e-4,2.5,0.001135956396007206,98425.39834330745,111.8069607776415,491847.4743145931,0.9973727882253084,6463572.9240711285,65.66976647151793
Guanica,2020-2024,1,15,5,8.257336949345782e-4,2.5,0.004120163080961452,98313.5913825298,405.068029571019,490555.2868387215,0.9947492573038637,5971725.449756535,60.74160617855023
Guanica,2020-2024,1,20,5,0.0012812911134757218,2.5,0.006385999755535047,97908.52335295879,625.2438061967841,487979.507249302,0.9908216062488322,5481170.162917813,55.98256387912496
Guanica,2020-2024,1,25,5,0.0024122065686879154,2.5,0.011988734582663188,97283.279546762,1166.3034178171656,483500.63918926707,0.9885861185696379,4993190.655668512,51.326298608882645
Guanica,2020-2024,1,30,5,0.0021782078091209336,2.5,0.010832052890119495,96116.97612894484,1041.1441690670763,477982.0202220565,0.987329357622811,4509690.016479244,46.91876709093835
Guanica,2020-2024,1,35,5,0.0029271378587516455,2.5,0.014529365653091205,95075.83195987776,1381.3915273169114,471925.6809810965,0.982581946801529,4031707.9962571883,42.40518240175462
Guanica,2020-2024,1,40,5,0.004111701251776373,2.5,0.02034933034128914,93694.44043256085,1906.619119504423,463705.65436404315,0.977340121346803,3559782.3152760915,37.99352767188297
Guanica,2020-2024,1,45,5,0.00506706938693778,2.5,0.02501842173745056,91787.82131305643,2296.386423971795,453198.14050535264,0.9680514529350213,3096076.6609120485,33.730800193550785
Guanica,2020-2024,1,50,5,0.007966879669123737,2.5,0.03905650221206767,89491.43488908463,3495.222424706648,438719.11838365655,0.9570785823584033,2642878.520406696,29.532195161271805
Guanica,2020-2024,1,55,5,0.009614348870748309,2.5,0.04694341835071831,85996.21246437798,4036.9561782925593,419888.6718761585,0.9419264872527947,2204159.4020230393,25.630889301503405
Guanica,2020-2024,1,60,5,0.014454478573846283,2.5,0.06975182714195632,81959.25628608542,5716.807877150335,395504.2617375513,0.912610302690951,1784270.7301468807,21.770216214734052
Guanica,2020-2024,1,65,5,0.022464572544625236,2.5,0.10635008947289794,76242.44840893509,8108.391209923051,360941.2640198678,0.8794585437853738,1388766.4684093294,18.215134710266934
Guanica,2020-2024,1,70,5,0.02928166440953916,2.5,0.13642168691185538,68134.05719901204,9294.963019238057,317432.87844696507,0.8429755212502654,1027825.2043894617,15.085336858588915
Guanica,2020-2024,1,75,5,0.03977354768336234,2.5,0.18088194659674872,58839.09417977398,10642.929891226951,267588.14617080253,0.7632426440233605,710392.3259424965,12.073474886815896
Guanica,2020-2024,1,80,5,0.07196845608329532,2.5,0.30497146644306233,48196.16428854703,14698.454900008932,204234.6841927128,0.5387697462611702,442804.179771694,9.187539844885928
Guanica,2020-2024,1,85,NA,0.15912671150805416,7.121964454698281,1,33497.7093885381,33497.7093885381,238569.4955789812,0,238569.4955789812,7.121964454698281
Guanica,2020-2024,2,0,1,0.006619228045046975,0.1354256991758563,0.0065815629812547545,100000,658.1562981254829,99430.97497871515,0.9931982840193186,8203860.141658916,82.03860141658916
Guanica,2020-2024,2,1,4,2.0170052498293443e-4,1.5132917970294986,8.063976347878032e-4,99341.84370187452,80.10902779665776,397168.16703094414,0.9991788990098953,8104429.166680201,81.58122362819883
Guanica,2020-2024,2,5,5,9.45517489502871e-5,2.5,4.726470207453165e-4,99261.73467407786,46.915763167708064,496191.38396247005,0.9994741975842287,7707260.9996492565,77.64584232741605
Guanica,2020-2024,2,10,5,1.1583012111575297e-4,2.5,5.789829464167463e-4,99214.81891091015,57.44368818124349,495930.4853340977,0.9987649454297928,7211069.615686786,72.68137658107263
Guanica,2020-2024,2,15,5,3.7865937195491283e-4,2.5,0.0018915062683355225,99157.37522272891,187.55679678550223,495317.9841216807,0.9973280563141813,6715139.130352689,67.72203394118728
Guanica,2020-2024,2,20,5,6.919669992269687e-4,2.5,0.0034538601031066023,98969.8184259434,341.82790727306565,493994.52236153436,0.9961273129059902,6219821.146231008,62.845635620571954
Guanica,2020-2024,2,25,5,8.604400534671807e-4,2.5,0.004292965668312963,98627.99051867034,423.4065772313479,492081.4361502733,0.9949305494110645,5725826.623869473,58.054783370909
Guanica,2020-2024,2,30,5,0.001173288108198107,2.5,0.005849283304633514,98204.58394143899,574.4264332871389,489586.8536239771,0.9935463525811469,5233745.1877192,53.29430641282659
Guanica,2020-2024,2,35,5,0.001417317728241728,2.5,0.007061567429441335,97630.15750815185,689.4219403907773,486427.2326897823,0.9923296287513059,4744158.334095223,48.59316480872315
Guanica,2020-2024,2,40,5,0.0016635911328307749,2.5,0.008283504751520397,96940.73556776108,803.009043691447,482696.15522957675,0.989979569447183,4257731.101405441,43.9209696158052
Guanica,2020-2024,2,45,5,0.0023683126002340587,2.5,0.011771864364414074,96137.72652406963,1131.7202769444702,477859.331927987,0.9855027560691055,3775034.946175864,39.266946314054174
Guanica,2020-2024,2,50,5,0.003481050611981418,2.5,0.017255088469218176,95006.00624712516,1639.337042901243,470931.6886283727,0.9791652267561523,3297175.614247877,34.704917557227056
Guanica,2020-2024,2,55,5,0.004956118286220791,2.5,0.024477310317943306,93366.66920422392,2285.364935464546,461119.93368245824,0.9694098107581249,2826243.9256195044,30.27037324676936
Guanica,2020-2024,2,60,5,0.007509679941072557,2.5,0.03685644935923233,91081.30426875937,3356.93347835436,447014.18764791096,0.9611144718852327,2365123.9919370464,25.967173076025848
Guanica,2020-2024,2,65,5,0.008370003303617849,2.5,0.0409922532796556,87724.37079040501,3596.019626238718,429631.80488642823,0.9358707360884309,1918109.8042891352,21.865187370473922
Guanica,2020-2024,2,70,5,0.018465907303866054,2.5,0.08825525320731643,84128.35116416629,7424.768933907515,402079.8334860627,0.8879559127026593,1488477.999402707,17.69294154473707
Guanica,2020-2024,2,75,5,0.029676842327524832,2.5,0.1381356377819562,76703.58223025878,10595.49825153753,357029.16552245006,0.8261942312804446,1086398.1659166443,14.163590986602857
Guanica,2020-2024,2,80,5,0.04822772134168059,2.5,0.21519294343205944,66108.08397872125,14225.99317603479,294975.43695351924,0.5955744804151301,729369.0003941943,11.032977458989166
Guanica,2020-2024,2,85,NA,0.12496222242544112,8.372707358551212,1,51882.090802686456,51882.090802686456,434393.56344067503,0,434393.56344067503,8.372707358551212
Guayama,1980-1984,1,0,1,0.019973561023636427,0.10943375765538471,0.01962448501748561,100000,1962.4485017485567,98252.30961200297,0.979906534756868,7020723.523174194,70.20723523174193
Guayama,1980-1984,1,1,4,4.766646083986058e-4,1.593871426642316,0.0019044741610710744,98037.55149825144,186.7099836431007,391700.957766431,0.9979737206218087,6922471.2135621905,70.61040497003495
Guayama,1980-1984,1,5,5,2.4028313573698103e-4,2.5,0.0012006944121388786,97850.84151460834,117.48895862967765,488960.48517646757,0.9983773293594997,6530770.255795759,66.742095976975
Guayama,1980-1984,1,10,5,4.0944952218147584e-4,2.5,0.002045154142441354,97733.35255597866,199.87977083453734,488167.06335280696,0.9968123004952801,6041809.770619292,61.81932382968986
Guayama,1980-1984,1,15,5,8.683984730891003e-4,2.5,0.004332586337046457,97533.47278514413,422.572191593601,486610.93344673666,0.9930712808134409,5553642.707266484,56.94088961130882
Guayama,1980-1984,1,20,5,0.0019163671715243364,2.5,0.00953614895064224,97110.90059355053,926.0640127911174,483239.3429357748,0.9896271933053804,5067031.773819748,52.177785839175584
Guayama,1980-1984,1,25,5,0.0022561581991962032,2.5,0.01121751974809524,96184.83658075941,1078.955303811992,478226.79464426707,0.9882851479517415,4583792.430883973,47.65608170509596
Guayama,1980-1984,1,30,5,0.0024585845746472853,2.5,0.012217826473974847,95105.88127694742,1161.9871540961904,472624.43849949655,0.9858618653622397,4105565.636239706,43.16836751961046
Guayama,1980-1984,1,35,5,0.003242512356720784,2.5,0.01608219499362883,93943.89412285123,1510.8240237445134,465942.4105548948,0.9803471550404648,3632941.1977402098,38.67139244823492
Guayama,1980-1984,1,40,5,0.0047112143931326645,2.5,0.023281857411325574,92433.07009910671,2152.0135581384675,456785.3166001874,0.9735969978032681,3166998.787185315,34.262616007340874
Guayama,1980-1984,1,45,5,0.006008632420559444,2.5,0.029598545157707244,90281.05654096825,2672.187928913365,444724.8128825578,0.9605703681592055,2710213.4705851274,30.01973586070375
Guayama,1980-1984,1,50,5,0.010163982399819579,2.5,0.04956057984590141,87608.86861205488,4341.946328056831,427189.47724013234,0.9420831769465137,2265488.65770257,25.859124693579723
Guayama,1980-1984,1,55,5,0.013802121871785825,2.5,0.06670880182708358,83266.92228399805,5554.636617394412,402448.01987650426,0.9151030325746375,1838299.1804624374,22.077184193172894
Guayama,1980-1984,1,60,5,0.022026661895817822,2.5,0.10438516750041427,77712.28566660364,8112.009956148453,368281.4034426471,0.8743396039063919,1435851.1605859331,18.476501472957978
Guayama,1980-1984,1,65,5,0.03229579949880504,2.5,0.14941528248133862,69600.27571045519,10399.344856056712,322003.01641213417,0.8172989340278597,1067569.757143286,15.338585174353243
Guayama,1980-1984,1,70,5,0.04990172529536276,2.5,0.22183389166868397,59200.93085439847,13132.772881839883,263172.72206739266,0.7655380537215177,745566.7407311519,12.593834758524887
Guayama,1980-1984,1,75,5,0.05732315069473163,2.5,0.2506899141565457,46068.15797255859,11548.822567490897,201468.7334440657,0.6981306938887228,482394.0186637592,10.471311202655569
Guayama,1980-1984,1,80,5,0.09084913799806178,2.5,0.370171325424312,34519.33540506769,12778.068139660289,140651.50667618774,0.49932770712969715,280925.2852196935,8.138200864042464
Guayama,1980-1984,1,85,NA,0.1769374834198331,6.451959622735323,1,21741.267265407405,21741.267265407405,140273.7785435058,0,140273.7785435058,6.451959622735323
Guayama,1980-1984,2,0,1,0.01683316022808076,0.11443331077803245,0.016585915871438657,100000,1658.5915871438629,98531.2065394016,0.9831965656693633,7682867.671768824,76.82867671768824
Guayama,1980-1984,2,1,4,3.034609488327847e-4,1.4970147148771693,0.0012129225099841133,98341.40841285614,119.280507927484,393067.0762952801,0.9986192742153428,7584336.465229422,77.12251215061838
Guayama,1980-1984,2,5,5,1.5572337771787683e-4,2.5,7.783138844218669e-4,98222.12790492865,76.44764590586419,490919.52040987863,0.9990777281729116,7191269.388934142,73.21435141269521
Guayama,1980-1984,2,10,5,2.1338214946228478e-4,2.5,0.0010663419014939174,98145.68025902279,104.65685131083592,490466.75916683686,0.9981875718380565,6700349.868524263,68.26943224440366
Guayama,1980-1984,2,15,5,5.125180174033871e-4,2.5,0.002559310854704006,98041.02340771195,250.91745541362616,489577.8234000257,0.9966151335272959,6209883.109357426,63.339639811113535
Guayama,1980-1984,2,20,5,8.442863682996405e-4,2.5,0.004212540365481981,97790.10595229833,411.94476866883633,487920.6678398195,0.9948354079972118,5720305.285957401,58.495746888215315
Guayama,1980-1984,2,25,5,0.0012278919939880902,2.5,0.006120671162145869,97378.16118362949,596.0197029794217,485400.7566606989,0.993550518722353,5232384.618117581,53.73262910819076
Guayama,1980-1984,2,30,5,0.0013606761725706692,2.5,0.006780316325686214,96782.14148065007,656.2135339161177,482270.17356846004,0.9919552250582259,4746983.861456882,49.0481383118182
Guayama,1980-1984,2,35,5,0.0018722960041165186,2.5,0.009317865514657622,96125.92794673395,895.6884690793377,478390.41856097145,0.9897266281009417,4264713.687888422,44.36590396559416
Guayama,1980-1984,2,40,5,0.002260273384580094,2.5,0.011237865303289168,95230.23947765461,1070.184604049864,473475.7358781484,0.9871647138337754,3786323.2693274505,39.75967392391044
Guayama,1980-1984,2,45,5,0.0029112072601833877,2.5,0.01445086266018632,94160.05487360475,1360.6940210540633,467398.5393153886,0.978121182215094,3312847.533449302,35.18315211154332
Guayama,1980-1984,2,50,5,0.005970957341454132,2.5,0.02941568717405604,92799.36085255069,2729.7569687909854,457172.411840776,0.9681300227009506,2845448.9941339134,30.66237706803886
Guayama,1980-1984,2,55,5,0.007000127482110843,2.5,0.03439865007127559,90069.6038837597,3098.272786055866,442602.3374536588,0.9534955956289148,2388276.5822931374,26.51589969658747
Guayama,1980-1984,2,60,5,0.012167475465548432,2.5,0.05904141490934049,86971.33109770383,5134.910444557143,422019.37937712634,0.9271131259364603,1945674.2448394785,22.37144378822606
Guayama,1980-1984,2,65,5,0.018322763085366584,2.5,0.08760108080289898,81836.42065314669,7168.958898256344,391259.7060200926,0.8937894923205361,1523654.8654623523,18.618297981532827
Guayama,1980-1984,2,70,5,0.02703258451124649,2.5,0.12660665949970173,74667.46175489035,9453.397906108403,349703.81400918076,0.8431067176573313,1132395.1594422597,15.165845106126076
Guayama,1980-1984,2,75,5,0.04237272420872925,2.5,0.19157023880494084,65214.063848781945,12493.073784951812,294837.63478153024,0.7622638324304115,782691.3454330789,12.001879644365973
Guayama,1980-1984,2,80,5,0.06916469150977217,2.5,0.2948418445011289,52720.99006383013,15544.353954345373,224744.06543328724,0.5393207830004362,487853.7106515487,9.253500551884487
Guayama,1980-1984,2,85,NA,0.15298292507994907,7.077284895906306,1,37176.63610948476,37176.63610948476,263109.64521826146,0,263109.64521826146,7.077284895906306
Guayama,1985-1989,1,0,1,0.02164003549817859,0.10610839116515954,0.021229377682497955,100000,2122.9377682498016,98102.32374288295,0.9782487056697263,6945456.87265763,69.4545687265763
Guayama,1985-1989,1,1,4,5.157517381318687e-4,1.5890358850426336,0.0020604448739432986,97877.0622317502,201.67029115202604,391022.02909198025,0.9979042731504089,6847354.548914746,69.9587256992021
Guayama,1985-1989,1,5,5,2.2755854598345682e-4,2.5,0.001137145811798524,97675.39194059817,111.07116286104429,488099.28179583827,0.9985989377622436,6456332.519822766,66.09988853435286
Guayama,1985-1989,1,10,5,3.3333336991629763e-4,2.5,0.001665279116831826,97564.32077773713,162.47182593903563,487415.4243238381,0.9965095903232928,5968233.238026928,61.17229321591095
Guayama,1985-1989,1,15,5,0.0010665532084058902,2.5,0.005318584658200995,97401.84895179809,518.0399795154517,485714.14481020183,0.9930403578391898,5480817.81370309,56.270161939281245
Guayama,1985-1989,1,20,5,0.0017293392381906418,2.5,0.00860947443604707,96883.80897228264,834.1186766137398,482333.74816987885,0.9902610510467708,4995103.668892887,51.55767224554445
Guayama,1985-1989,1,25,5,0.002187544729555084,2.5,0.010878232099534885,96049.6902956689,1044.8508241247328,477636.32441803266,0.985929176967224,4512769.920723009,46.98370090347392
Guayama,1985-1989,1,30,5,0.00348989010969261,2.5,0.017298525664391988,95004.83947154417,1643.443653839946,470915.58822312095,0.9806411807185118,4035133.5963049764,42.47292683983303
Guayama,1985-1989,1,35,5,0.004337608583586222,2.5,0.021455380313402304,93361.39581770422,2003.1042538589245,461799.2184538738,0.9773868293349427,3564218.0080818553,38.17657155684865
Guayama,1985-1989,1,40,5,0.0048165777777463776,2.5,0.02379634650432122,91358.2915638453,2173.993562096075,451356.4739139863,0.9737360613621608,3102418.7896279814,33.958809173438524
Guayama,1985-1989,1,45,5,0.005842443248359288,2.5,0.028791681824091264,89184.29800174922,2567.765931771297,439502.0751793179,0.9583082673588742,2651062.315713995,29.72566219741953
Guayama,1985-1989,1,50,5,0.011305599854575509,2.5,0.05497420827031194,86616.53206997793,4761.675273667119,421178.4721657218,0.9397018367216345,2211560.240534677,25.532772874674162
Guayama,1985-1989,1,55,5,0.013635884230549233,2.5,0.06593182434311703,81854.8567963108,5396.840039925373,395782.1838817406,0.9146885997529224,1790381.7683689555,21.87263943084252
Guayama,1985-1989,1,60,5,0.022399618705006594,2.5,0.10605889642457245,76458.01675638543,8109.052879993702,362017.45158194297,0.8751020677019242,1394599.584487215,18.240070088801303
Guayama,1985-1989,1,65,5,0.03149295977164912,2.5,0.14597206771723714,68348.96387639173,9977.039583367652,316802.2204235395,0.8221355131066308,1032582.132905272,15.10750235764633
Guayama,1985-1989,1,70,5,0.04823150728018187,2.5,0.21520801861004912,58371.92429302408,12562.106169557504,260454.35604122662,0.76752090766566206,715779.9124817324,12.26240048021295
Guayama,1985-1989,1,75,5,0.0583177985205469,2.5,0.25448629186471555,45809.818123466575,11657.970745238046,199904.16375423776,0.6830797332601678,455325.55644050584,9.93947531538573
Guayama,1985-1989,1,80,5,0.10020837223304797,2.5,0.4006665133799908,34151.84737822853,13683.501614520406,136550.48285484163,0.4653913620204654,255421.39268626808,7.478991981238964
Guayama,1985-1989,1,85,NA,0.15699530246688184,5.807548455732719,1,20468.345763708123,20468.345763708123,118870.90983142644,0,118870.90983142644,5.807548455732719
Guayama,1985-1989,2,0,1,0.014642853824161965,0.11893498182081463,0.01445634805040667,100000,1445.6348050406668,98726.30174421638,0.9852746288334653,7690917.082360291,76.9091708236029
Guayama,1985-1989,2,1,4,3.11244812301963e-4,1.5004795217219884,0.0012440114545956625,98554.36519495933,122.6027592029277,393911.0126725162,0.998696614891307,7592190.780616075,77.03556068366198
Guayama,1985-1989,2,5,5,1.3300446473404892e-4,2.5,6.648012698276248e-4,98431.7624357564,65.43756065865455,491995.21827713534,0.999208584275406,7198279.767943558,73.12964423086166
Guayama,1985-1989,2,10,5,1.8370721388133172e-4,2.5,9.181144088064933e-4,98366.32487509775,90.31154020917893,491605.8455249658,0.9981337341467595,6706284.549666423,68.17663014432874
Guayama,1985-1989,2,15,5,5.638514240739216e-4,2.5,0.002815288609141,98276.01333488857,276.67534089350374,490688.3783222091,0.9964434447255105,6214678.704141458,63.23698421672961
Guayama,1985-1989,2,20,5,8.618358525690676e-4,2.5,0.0042999147111926015,97999.33799399507,421.3887951275101,488943.21798215655,0.9950636731767681,5723990.325819248,58.40845910785629
Guayama,1985-1989,2,25,5,0.0011182147501892171,2.5,0.005575487270682163,97577.94919886756,544.0446136575483,486529.6344601939,0.9939449982109457,5235047.107837092,53.64989888410001
Guayama,1985-1989,2,30,5,0.001311728483748313,2.5,0.0065372048243112005,97033.90458521001,634.3305091762013,483583.6966531095,0.9920702042790637,4748517.473376898,48.936683457966005
Guayama,1985-1989,2,35,5,0.0018750586365790876,2.5,0.009331550173531558,96399.57407603381,899.5574621975829,479748.9767246751,0.9898155635539925,4264933.776723788,44.24224710121521
Guayama,1985-1989,2,40,5,0.002221339027979453,2.5,0.011045356436571016,95500.01661383623,1054.8317231982655,474863.0037611855,0.9863723066024781,3785184.799999113,39.63543603667508
Guayama,1985-1989,2,45,5,0.0032743603093987198,2.5,0.01623887175414066,94445.18489063796,1533.683245235181,468391.7163401018,0.9807801813137558,3310321.796237928,35.050191283664574
Guayama,1985-1989,2,50,5,0.004500057453431649,2.5,0.022249971887579875,92911.50164540278,2067.2782996430324,459389.3124779063,0.9730320417932351,2841930.079897826,30.587494869516444
Guayama,1985-1989,2,55,5,0.006461375945737149,2.5,0.031793308432827565,90844.22334575975,2888.238412172417,447000.5206983677,0.956367053768443,2382540.76741992,26.226662298072554
Guayama,1985-1989,2,60,5,0.01149328858995487,2.5,0.05586136595004207,87955.98493358733,4913.341461871518,427496.57101325784,0.926737164211648,1935540.246721552,22.005782189614667
Guayama,1985-1989,2,65,5,0.019219954063823545,2.5,0.09169388946069791,83042.64347171581,7614.502971019654,396176.95993102994,0.8872662137442544,1508043.6757082941,18.159870792431256
Guayama,1985-1989,2,70,5,0.029160989157119538,2.5,0.13589766961061525,75428.14050069616,10250.508517106668,351514.4312107141,0.8324505901494118,1111866.7157772642,14.740741431468834
Guayama,1985-1989,2,75,5,0.04547870495991934,2.5,0.2041790301245091,65177.63198358949,13307.905684221485,292618.39570739376,0.7516613889404666,760352.2845665502,11.665847031048822
Guayama,1985-1989,2,80,5,0.07165026733621353,2.5,0.30382795176129096,51869.726299368005,15759.472699955746,219949.94974695068,0.5297540867021039,467733.88885915646,9.017473625359298
Guayama,1985-1989,2,85,NA,0.14588565311036866,6.861872028399125,1,36110.25359941226,36110.25359941226,247783.9391122058,0,247783.9391122058,6.861872028399125
Guayama,1990-1994,1,0,1,0.02146720672179242,0.10645326234699934,0.021063173919479275,100000,2106.3173919479304,98117.90696596315,0.9781988235555323,6951602.599824135,69.51602599824135
Guayama,1990-1994,1,1,4,6.294527772228259e-4,1.5895366569806089,0.002513996689979525,97893.68260805207,246.10439404656063,390981.50481180305,0.9975675374472232,6853484.692858172,70.00946854045974
Guayama,1990-1994,1,5,5,2.690623275893844e-4,2.5,0.001344407314543724,97647.57821400551,131.27811839838978,487909.69577403157,0.9984948610856887,6462503.188046369,66.18190953884259
Guayama,1990-1994,1,10,5,3.3349519473037685e-4,2.5,0.0016660868937192377,97516.30009560712,162.4706295132928,487175.3239042523,0.9961548103124157,5974593.492272337,61.26763921944038
Guayama,1990-1994,1,15,5,0.001209230400569529,2.5,0.0060279291150018,97353.82946609383,586.8419830955827,485302.04237273015,0.99156828100897,5487418.168368085,56.36571461504995
Guayama,1990-1994,1,20,5,0.002181853975442878,2.5,0.010850086615673623,96766.98748299824,1049.930195728346,481210.11192567035,0.9882057582925245,5002116.125995355,51.69238245506212
Guayama,1990-1994,1,25,5,0.0025661080056129633,2.5,0.012748753333090744,95717.0572872699,1220.2731531247118,475534.6035535377,0.9852377905943148,4520906.014069685,47.231978731871784
Guayama,1990-1994,1,30,5,0.003388801960841524,2.5,0.016801666007429168,94496.78413414519,1587.7034057980345,468514.6621562309,0.9783092801398308,4045371.410516147,42.80961989958772
Guayama,1990-1994,1,35,5,0.005404718211883249,2.5,0.026663321708350188,92909.08072834715,2477.2647090870014,458352.24186901824,0.9739523679678838,3576856.748359916,38.498462371166205
Guayama,1990-1994,1,40,5,0.005148439252142756,2.5,0.025415076319416068,90431.81601926015,2298.331505832888,446413.2513317185,0.9674516757474897,3118504.506490898,34.484594512917
Guayama,1990-1994,1,45,5,0.00813569364359212,2.5,0.03986759193228849,88133.48451342726,3513.669796151982,431883.24807675637,0.9595895024758148,2672091.255159179,30.318683868128264
Guayama,1990-1994,1,50,5,0.008366603996154387,2.5,0.040975946192863384,84619.81471727528,3467.3769747051556,414430.63114961353,0.943665677720777,2240208.0070824227,26.473799482629694
Guayama,1990-1994,1,55,5,0.015012864460380077,2.5,0.07234891130375215,81152.43774257012,5871.290520320472,391083.9624120494,0.9178129240896951,1825777.3759328094,22.498121149786012
Guayama,1990-1994,1,60,5,0.01946144517572341,2.5,0.09279253385288128,75281.14722224965,6985.5284021043335,358941.91510598746,0.8822210934572694,1434693.41352076,19.057804861623183
Guayama,1990-1994,1,65,5,0.031341483043681145,2.5,0.14532097781333614,68295.61882014532,9924.7861073104,316666.1288324506,0.8278917144493464,1075751.4984147726,15.751398361990617
Guayama,1990-1994,1,70,5,0.04529799069377545,2.5,0.20345023620340644,58370.83271283492,11875.559702815786,262165.26430713513,0.7740992991258355,759085.3695823218,13.004532131942838
Guayama,1990-1994,1,75,5,0.05821254418751923,2.5,0.25408533627440927,46495.27301001913,11813.767077921177,202941.94735529274,0.7042420928281898,496920.1052751867,10.68754032626299
Guayama,1990-1994,1,80,5,0.08532665015788089,2.5,0.35162565307354704,34681.505932097956,12194.907172948042,142920.2617281197,0.5138405426464916,293978.157919894,8.476510751738012
Guayama,1990-1994,1,85,NA,0.20169512751693852,6.717685400523637,1,22486.598759149914,22486.598759149914,151057.89619177431,0,151057.89619177431,6.717685400523637
Guayama,1990-1994,2,0,1,0.013490118540550955,0.12130416406716182,0.013332083871473104,100000,1333.208387147315,98828.51534178291,0.9864377067771356,7784994.0059522195,77.8499400595222
Guayama,1990-1994,2,1,4,2.8102543053569484e-4,1.5023086995411132,0.0011233132519764468,98666.79161285268,110.83371454871667,394390.33804678486,0.9987695747334351,7686165.490610437,77.90022726967044
Guayama,1990-1994,2,5,5,1.362573769252122e-4,2.5,6.810548877446956e-4,98555.95789830397,67.12201684300089,492611.9844494123,0.9992470512181165,7291775.152563651,73.98614257382337
Guayama,1990-1994,2,10,5,1.650464073195106e-4,2.5,8.248916730798792e-4,98488.83588146097,81.24262060994806,492241.07285577996,0.9983013744081439,6799163.168114239,69.03486174105626
Guayama,1990-1994,2,15,5,5.152790956818068e-4,2.5,0.0025730808414862407,98407.59326085102,253.21069287625141,491404.93957206444,0.9964447282867881,6306922.095258459,64.08979110525112
Guayama,1990-1994,2,20,5,9.100651183755283e-4,2.5,0.004539996361063253,98154.38256797477,445.62053968102555,489657.8614906713,0.9949174588886299,5815517.155686394,59.24867543901037
Guayama,1990-1994,2,25,5,0.001128687928973372,2.5,0.005627560246567183,97708.76202829374,549.8619449317193,487169.1552791394,0.9933561779078252,5325859.294195724,54.5074892326801
Guayama,1990-1994,2,30,5,0.0015390661898500157,2.5,0.007665835379127649,97158.90008336202,744.8041336561728,483932.4900826697,0.9915856506420575,4838690.138916584,49.80182088069135
Guayama,1990-1994,2,35,5,0.001842174251053492,2.5,0.009168645647943273,96414.09594970585,883.9866812296532,479860.5130454551,0.9899508729953771,4354757.648833914,45.16723001899599
Guayama,1990-1994,2,40,5,0.002199580413730155,2.5,0.01093775588461587,95530.1092684762,1044.8850148092752,475038.3338053578,0.9881000625358385,3874897.135788459,40.56205070276339
Guayama,1990-1994,2,45,5,0.0025912300474544097,2.5,0.012872759534026487,94485.22425366692,1216.2855713360186,469385.40733999456,0.984391548767843,3399858.8019831013,35.98296801260071
Guayama,1990-1994,2,50,5,0.0037100587159447154,2.5,0.018379818069161155,93268.9386823309,1714.2661244849878,462059.0281004421,0.9754357088860311,2930473.3946431065,31.419606956439644
Guayama,1990-1994,2,55,5,0.0062696676715136975,2.5,0.030864561991287964,91554.67255784592,2825.7948667536984,450708.8756223453,0.9619041134544768,2468414.366542665,26.961096551168108
Guayama,1990-1994,2,60,5,0.009323888754864017,2.5,0.04555751086615866,88728.87769109222,4042.2668095539993,433538.7214315761,0.9407135308365913,2017705.4909203192,22.740121856887672
Guayama,1990-1994,2,65,5,0.015297642096953319,2.5,0.0736707389895655,84686.61088153822,6238.9252061646985,407835.74139227933,0.8993479996216001,1584166.7694887433,18.70622466761264
Guayama,1990-1994,2,70,5,0.02775695066304687,2.5,0.12977907486960558,78447.68567537352,10180.868072611585,366786.2581953386,0.8438971809608214,1176331.0280964638,14.995101741615054
Guayama,1990-1994,2,75,5,0.04110000333587421,2.5,0.1863523147814567,68266.81760276193,12721.679483038184,309529.88930621423,0.7649731432859623,809544.7699011252,11.85853974637852
Guayama,1990-1994,2,80,5,0.06916679338893042,2.5,0.294849483653002,55545.13811972375,16377.45529403523,236782.05236353067,0.5264499886847156,500014.880594911,9.001955842060616
Guayama,1990-1994,2,85,NA,0.1399047091204471,6.720663803444007,1,39167.68282568852,39167.68282568852,263232.8282313803,0,263232.8282313803,6.720663803444007
Guayama,1995-1999,1,0,1,0.013872629740871629,0.12160786098357772,0.013705618434730725,100000,1370.5618434730713,98796.10925065739,0.9854187596977931,7010860.347601477,70.10860347601476
Guayama,1995-1999,1,1,4,6.425320663458114e-4,1.6117049716561564,0.0025661903022994566,98629.43815652693,253.10190771851921,393913.2705982392,0.9976598028490353,6912064.238350819,70.0811478554834
Guayama,1995-1999,1,5,5,2.6474155967013443e-4,2.5,0.001322832276650416,98376.33624880841,130.13539284854778,491556.34276192065,0.9985487218054135,6518150.96775258,66.25730552993156
Guayama,1995-1999,1,10,5,3.1622865391440293e-4,2.5,0.0015798942499920094,98246.20085595986,155.21860781588475,490842.9577602596,0.9963386897875783,6026594.62499066,61.34175746730741
Guayama,1995-1999,1,15,5,0.001152515146530272,2.5,0.005746019795534819,98090.98224814398,563.6327257612866,489045.8294263167,0.9915431079095155,5535751.667230399,56.43486832690111
Guayama,1995-1999,1,20,5,0.0022492634680962263,2.5,0.011183431132744002,97527.34952238269,1090.6903969426348,484910.0216195569,0.9877021599891642,5046705.837804083,51.74657019307036
Guayama,1995-1999,1,25,5,0.0027031150121888336,2.5,0.013424852758375197,96436.65912544006,1294.6479492686485,478946.67575402866,0.9851516214490835,4561795.816184526,47.303544705450314
Guayama,1995-1999,1,30,5,0.003285013532655548,2.5,0.016291275016047914,95142.0111761714,1549.9846696509048,471835.0942067298,0.9808873249886275,4082849.1404304975,42.91321036792481
Guayama,1995-1999,1,35,5,0.00444501255222559,2.5,0.02198080042661725,93592.0265065205,2057.227656162504,462817.06339219626,0.9733084797143047,3611014.0462237676,38.582496618685674
Guayama,1995-1999,1,40,5,0.006402487692166896,2.5,0.03150811270139919,91534.798850358,2884.088758276979,450463.7723560975,0.9670742289776045,3148196.9828315713,34.3934440493858
Guayama,1995-1999,1,45,5,0.006998243272335241,2.5,0.03438955026472926,88650.71009208102,3048.6580507155595,435631.9053336162,0.9589732492952553,2697733.2104754737,30.431038935540986
Guayama,1995-1999,1,50,5,0.009815140324800319,2.5,0.04790033046129675,85602.05204136546,4100.3665809465165,417759.343754461,0.9439676030665782,2262101.305141858,26.425783625475976
Guayama,1995-1999,1,55,5,0.013345604666561721,2.5,0.06457358934457463,81501.68546041894,5262.8563678117935,394351.2863825652,0.922059821944083,1844341.9613873968,22.629494727235993
Guayama,1995-1999,1,60,5,0.019337646139066147,2.5,0.09222947816449158,76238.82909260715,7031.467423083013,363615.47690532816,0.8936846731291747,1449990.6750048315,19.01905750996688
Guayama,1995-1999,1,65,5,0.025947054152860412,2.5,0.12183229769936965,69207.36166952414,8431.691889909409,324957.57862284716,0.8441000403440901,1086375.1980995033,15.69739362825465
Guayama,1995-1999,1,70,5,0.04313816842688469,2.5,0.19469398711477615,60775.66977961473,11832.6574689642,274296.70522566314,0.7821503274631558,761417.6194766562,12.528329547625152
Guayama,1995-1999,1,75,5,0.056257344710919026,2.5,0.24660356863542973,48943.01231065053,12069.52149557419,214541.25781431716,0.6886780796972384,487120.91425099305,9.952818415816843
Guayama,1995-1999,1,80,5,0.09913401547527062,2.5,0.3972240416469159,36873.49081507634,14647.037051195053,147749.86144739407,0.4579571220432643,272579.65643667587,7.392293227774007
Guayama,1995-1999,1,85,NA,0.1844158760905236,5.616271327643563,1,22226.453763881284,22226.453763881284,124829.79498928181,0,124829.79498928181,5.616271327643563
Guayama,1995-1999,2,0,1,0.007889995586095083,0.13281392877176634,0.00783637834667792,100000,783.6378346677957,99320.44018488863,0.9917793080744843,7866780.524220976,78.66780524220977
Guayama,1995-1999,2,1,4,3.00148278275045e-4,1.511250212429955,0.0011996969467225932,99216.3621653322,119.0295667546743,396569.21385235357,0.9988389671363287,7767460.084036087,78.28809598050515
Guayama,1995-1999,2,5,5,1.3951002570379952e-4,2.5,6.973069252513345e-4,99097.33259857753,69.10125629493268,495313.90985215036,0.9992298707347125,7370890.870183733,74.38031556350425
Guayama,1995-1999,2,10,5,1.6867157933057663e-4,2.5,8.430024202788633e-4,99028.2313422826,83.48103869748593,494932.45411466924,0.9983638477428076,6875576.960331583,69.43047318058969
Guayama,1995-1999,2,15,5,4.8658545143107654e-4,2.5,0.0024299712854681226,98944.75030358511,240.43290208550752,494122.6692627118,0.9966412990474062,6380644.506216914,64.486943335949
Guayama,1995-1999,2,20,5,8.597826825213565e-4,2.5,0.004289692903427528,98704.3174014996,423.4112098948681,492463.0589827609,0.9951106219322052,5886521.8369542025,59.63793673796045
Guayama,1995-1999,2,25,5,0.0011013534781374383,2.5,0.005491646779982602,98280.90619160474,539.724022020906,490055.22090297146,0.9939085134449913,5394058.777971441,54.88409689116407
Guayama,1995-1999,2,30,5,0.0013434245967346387,2.5,0.006694638628174844,97741.18216958383,654.3418937159731,487070.0561136292,0.9926078245745821,4904003.55706847,50.17336038109176
Guayama,1995-1999,2,35,5,0.0016254612682749074,2.5,0.008094413452483499,97086.84027586786,785.8610259880952,483469.5488143691,0.9905210799854334,4416933.50095484,45.494667334978914
Guayama,1995-1999,2,40,5,0.0021868355770718146,2.5,0.010874724797663087,96300.97924987976,1047.2466470879153,478886.77963167906,0.9867047225633606,3933463.9521404714,40.84552392695823
Guayama,1995-1999,2,45,5,0.003173467528815671,2.5,0.015742442320259363,95253.73260279185,1499.5263912888477,472519.8470357371,0.9810670575498386,3454577.1725087925,36.267105530807726
Guayama,1995-1999,2,50,5,0.004484616436145468,2.5,0.022174472174782637,93754.206211503,2078.950036905808,463573.65596525045,0.9725498175688477,2982057.3254730552,31.807184402433535
Guayama,1995-1999,2,55,5,0.006678790555482894,2.5,0.03284553170997843,91675.25617459719,3011.1225337031356,450848.47453872813,0.9608316957784416,2518483.669507805,27.47179309443441
Guayama,1995-1999,2,60,5,0.009354948606122116,2.5,0.04570580440264016,88664.13364089406,4052.465549720233,433189.5043301697,0.9424198680771734,2067635.194969077,23.319860129050348
Guayama,1995-1999,2,65,5,0.014512750236170232,2.5,0.07002317891501064,84611.66809117382,5924.77797304577,408246.39552325464,0.906518374017096,1634445.690638907,19.317024797072904
Guayama,1995-1999,2,70,5,0.025239312089839545,2.5,0.11870639130611366,78686.89011812805,9340.63676902368,370082.85866808105,0.8624859986751466,1226199.2951156525,15.58327306206702
Guayama,1995-1999,2,75,5,0.03451219902215857,2.5,0.15885491408446542,69346.25334910437,11015.993117851547,319191.28395089303,0.7835790281775713,856116.4364475714,12.345532672654887
Guayama,1995-1999,2,80,5,0.0664338730809117,2.5,0.2848586987994652,58330.260231252825,16615.88203010887,250111.59608099196,0.5341779111707022,536925.1524966784,9.204916116746531
Guayama,1995-1999,2,85,NA,0.14462535253989134,6.875652203964075,1,41714.378201143954,41714.378201143954,286813.5564156864,0,286813.5564156864,6.875652203964075
Guayama,2000-2004,1,0,1,0.012217802261622678,0.12490998647704504,0.012088555335643682,100000,1208.8555335643614,98942.14259478587,0.987381309792134,7192259.317506206,71.92259317506206
Guayama,2000-2004,1,1,4,4.422218309977289e-4,1.6165771827737057,0.0017670248769393606,98791.14446643564,174.56640989350853,394748.5123012811,0.998223937073354,7093317.174911421,71.80114384970386
Guayama,2000-2004,1,5,5,2.1838758580159336e-4,2.5,0.0010913420900971168,98616.57805654213,107.6244224144466,492813.8292266745,0.9987723308278024,6698568.66261014,67.92538125556835
Guayama,2000-2004,1,10,5,2.7301525549022434e-4,2.5,0.0013641451963278687,98508.95363412768,134.38051589528914,492208.81688090024,0.9967872432717106,6205754.833383465,62.996860736459276
Guayama,2000-2004,1,15,5,0.0010153495067849292,2.5,0.005063893479557445,98374.5731182324,498.15835936766234,490627.4696927428,0.9918148589633435,5713546.016502565,58.07949997033976
Guayama,2000-2004,1,20,5,0.002277347316855611,2.5,0.011322274704480677,97876.41475886473,1108.1836549895525,486611.6146568498,0.9891675583469397,5222918.546809822,53.36238111783492
Guayama,2000-2004,1,25,5,0.0020781406820536844,2.5,0.010336999064552429,96768.23110387518,1000.2931143991591,481340.422733378,0.9891314327327585,4736306.932152973,48.94485388566024
Guayama,2000-2004,1,30,5,0.002294221121427054,2.5,0.011405687683167463,95767.93798947602,1092.2991907688993,476108.94197045785,0.9861662839640227,4254966.509419594,44.42996893059527
Guayama,2000-2004,1,35,5,0.0032847049687637483,2.5,0.016289757227555476,94675.63879870712,1542.2431713946717,469522.58606504893,0.9798681547093062,3778857.567449136,39.91372665024722
Guayama,2000-2004,1,40,5,0.004865994597944937,2.5,0.024037556440259435,93133.39562731245,2238.699253864528,460070.2300019009,0.9736923023460977,3309334.9813840874,35.53327954053021
Guayama,2000-2004,1,45,5,0.005809930354779775,2.5,0.028633751518601015,90894.69637344792,2602.65615031599,447966.8414914496,0.966251651540416,2849264.7513821865,31.346875726123347
Guayama,2000-2004,1,50,5,0.007957977631184604,2.5,0.03901371252692616,88292.04022313193,3444.6002756810776,432848.700426457,0.9488779154703789,2401297.909890737,27.19721850148857
Guayama,2000-2004,1,55,5,0.013163817997041022,2.5,0.06372202706837847,84847.43994745085,5406.6508650140895,410720.57257471903,0.9258822423679839,1968449.20946428,23.19986567282894
Guayama,2000-2004,1,60,5,0.017802787764466425,2.5,0.08522100993975476,79440.78908243676,6770.024276016295,380278.8847221431,0.8992819169224089,1557728.6368895608,19.608675277294704
Guayama,2000-2004,1,65,5,0.02500266606440609,2.5,0.11765886692398826,72670.76480642047,8550.359845623083,341977.9244180446,0.8509266802569324,1177449.7521674177,16.202523192151542
Guayama,2000-2004,1,70,5,0.04069288534044505,2.5,0.18467684273599694,64120.40496079739,11841.55394311362,290998.13994620286,0.7943158517353919,835471.827749373,13.0297341113203
Guayama,2000-2004,1,75,5,0.05234790905224167,2.5,0.23144976689257124,52278.851017683766,12099.927881454365,231144.4353847829,0.7068985597998859,544473.6878031702,10.414798282751036
Guayama,2000-2004,1,80,5,0.09179912185161947,2.5,0.3733195842481238,40178.9231362294,14999.578880754485,163395.6684792608,0.4785176704118285,313329.25241838733,7.7983486853548305
Guayama,2000-2004,1,85,NA,0.17412257736483883,5.954626237199382,1,25179.344255474916,25179.344255474916,149933.5839391265,0,149933.5839391265,5.954626237199382
Guayama,2000-2004,2,0,1,0.009162911567656884,0.13019774274234183,0.009090461307684787,100000,909.0461307684745,99209.30962350624,0.9906897608098196,8004673.977363118,80.04673977363117
Guayama,2000-2004,2,1,4,2.3132347451804212e-4,1.5092098194523969,9.247610708669902e-4,99090.95386923153,91.63545661335229,396135.57078140357,0.9989925328855048,7905464.667739612,79.77988261342509
Guayama,2000-2004,2,5,5,1.2186044568503974e-4,2.5,6.091166603559358e-4,98999.31841261817,60.302134208992356,494845.83672756836,0.9993429769779618,7509329.096958208,75.85233128232416
Guayama,2000-2004,2,10,5,1.4104143059722938e-4,2.5,7.049585820688299e-4,98939.01627840918,69.74790862691589,494520.7116204786,0.9984715759515375,7014483.26023064,70.89703864138141
Guayama,2000-2004,2,15,5,4.710481501083473e-4,2.5,0.0023524704334271103,98869.26836978226,232.58703061449341,493764.8742723751,0.9970468728803152,6519962.548610161,65.94528973578284
Guayama,2000-2004,2,20,5,7.123062286067731e-4,2.5,0.003555200164980217,98636.68133916777,350.67314577010984,492306.7238314136,0.9960028104899502,6026197.674337786,61.094894845624076
Guayama,2000-2004,2,25,5,8.901275840547246e-4,2.5,0.004440755822145265,98286.00819339766,436.46416312025394,490338.8805591877,0.994631489814374,5533890.950506372,56.30395467498608
Guayama,2000-2004,2,30,5,0.001264062623263979,2.5,0.006300402856912573,97849.54403027741,616.4915467559476,487706.4912844972,0.9934371627608253,5043552.069947185,51.543950663546966
Guayama,2000-2004,2,35,5,0.001370063777988108,2.5,0.006826935547170944,97233.05248352146,663.8037823596969,484505.75296170806,0.9915967273918032,4555845.578662688,46.85490645719251
Guayama,2000-2004,2,40,5,0.0020081200454626106,2.5,0.009990445194169285,96569.24870116176,964.769786591045,480434.31903933117,0.9885040114482414,4071339.8257009797,42.159796006075794
Guayama,2000-2004,2,45,5,0.00262039945740425,2.5,0.01301672474090066,95604.47891457072,1244.4571860282158,474911.2516077831,0.983781679872572,3590905.5066616484,37.5600133741681
Guayama,2000-2004,2,50,5,0.003930677580891518,2.5,0.019462139416753538,94360.0217285425,1836.4478982487926,467208.98889709054,0.9761934450971178,3115994.2550538653,33.022398659657405
Guayama,2000-2004,2,55,5,0.005728315845949003,2.5,0.028237200225995504,92523.57383029371,2612.606679870689,456086.35245179187,0.9672893694755414,2648785.266156775,28.62822042537142
Guayama,2000-2004,2,60,5,0.007604690587908238,2.5,0.037314048456800725,89910.96715042302,3354.942185048698,441167.48028949334,0.9452488484101959,2192698.913704983,24.387446639702468
Guayama,2000-2004,2,65,5,0.015123816413061347,2.5,0.07286412301631315,86556.02496537432,6306.828850880105,417013.05269967136,0.9216401729278574,1751531.4334154895,20.23581182380046
Guayama,2000-2004,2,70,5,0.017599183382238825,2.5,0.08428744155914623,80249.19611449422,6763.999427668896,384335.9820032988,0.8806566068478171,1334518.3807158181,16.62967911618474
Guayama,2000-2004,2,75,5,0.034222390026130145,2.5,0.1576260958080524,73485.19668682532,11583.184653431104,338468.0218005488,0.7977211768232332,950182.3987125193,12.930255909390132
Guayama,2000-2004,2,80,5,0.05852814316714873,2.5,0.2552870267150136,61902.01203339422,15802.780599682206,270003.10866776557,0.558612452382134,611714.3769119706,9.881978902106923
Guayama,2000-2004,2,85,NA,0.11998508220252259,7.412515515265492,1,46099.23143371201,46099.23143371201,341711.2682442049,0,341711.2682442049,7.412515515265492
Guayama,2005-2009,1,0,1,0.014629478120949235,0.12009760788355185,0.014443553296350584,100000,1444.3553296350583,98729.10829038797,0.985133221432723,7368707.858445204,73.68707858445204
Guayama,2005-2009,1,1,4,4.0901343704823176e-4,1.6094815739180957,0.0016344556523831043,98555.64467036494,161.08483050572977,393837.50242597354,0.9983192128983587,7269978.750154817,73.7652193790667
Guayama,2005-2009,1,5,5,1.9041664496763505e-4,2.5,9.516302092589331e-4,98394.55983985921,93.63523557034205,491738.71111037023,0.9989301442893279,6876141.247728842,69.88334780825298
Guayama,2005-2009,1,10,5,2.3778002962374905e-4,2.5,0.0011881938262107575,98300.92460428887,116.8005517256388,491212.62164213025,0.9971376261187554,6384402.536618472,64.94753291811784
Guayama,2005-2009,1,15,5,9.097736351652126e-4,2.5,0.004538545553110522,98184.12405256323,445.61311960480816,489806.5874638042,0.9934424540038477,5893189.914976343,60.021820959785735
Guayama,2005-2009,1,20,5,0.001724553602869366,2.5,0.008585751542457117,97738.51093295842,839.1585710001091,486594.65823729185,0.9909636666852082,5403383.327512538,55.284076623787215
Guayama,2005-2009,1,25,5,0.0019072139439474793,2.5,0.009490817172609753,96899.35236195831,919.6540374116303,482197.6267162625,0.9892983527938816,4916788.669275247,50.741192272462776
Guayama,2005-2009,1,30,5,0.0023991194686588135,2.5,0.011924079117403091,95979.69832454668,1144.4695164863806,477037.31783151743,0.9871096116951429,4434591.042558984,46.203427599488954
Guayama,2005-2009,1,35,5,0.002793039213294097,2.5,0.013868358890954308,94835.2288080603,1315.208988615952,470888.12156876165,0.9825983613672492,3957553.7247274662,41.73083963067428
Guayama,2005-2009,1,40,5,0.004241423966967665,2.5,0.020984608283560024,93520.01981944435,1962.4809825818083,462693.8966407672,0.9776818026678782,3486665.6031587045,37.28255842856194
Guayama,2005-2009,1,45,5,0.004792822115635543,2.5,0.02368037106283667,91557.53883686254,2168.1164932569955,452367.4029511702,0.968411431212993,3023971.7065179376,33.02810172634782
Guayama,2005-2009,1,50,5,0.008098422990880958,2.5,0.03968857772852467,89389.42234360555,3547.7390367921034,438077.7641260475,0.9570608214369589,2571604.3035667674,28.76855265583587
Guayama,2005-2009,1,55,5,0.009484505301038863,2.5,0.0463241230291055,85841.68330681344,3976.5406985303416,419267.06478774134,0.9370587130128134,2133526.53944072,24.854202029276575
Guayama,2005-2009,1,60,5,0.016746025916970705,2.5,0.08036561778903228,81865.1426082831,6579.142761101903,392877.85613866075,0.9055718356412539,1714259.4746529784,20.940041390455356
Guayama,2005-2009,1,65,5,0.023217638843239203,2.5,0.10971961805135948,75285.9998471812,8260.351147847425,355779.12136628747,0.8636138860560201,1321381.6185143176,17.551491926739573
Guayama,2005-2009,1,70,5,0.03628566798232336,2.5,0.16633903263489055,67025.64869933377,11148.981566373186,307255.7895807359,0.8210779883780618,965602.4971480301,14.406462539132844
Guayama,2005-2009,1,75,5,0.0429717239602896,2.5,0.194015652178024,55876.66713296059,10840.948015335707,252280.96562646367,0.7506641834038846,658346.7075672942,11.782139868878255
Guayama,2005-2009,1,80,5,0.07561650593314134,2.5,0.31797258921779703,45035.71911762488,14320.12421511663,189378.28505033284,0.5336265400149716,406065.74194083054,9.016526212899203
Guayama,2005-2009,1,85,NA,0.16515822797932098,7.054639754765189,1,30715.594902508252,30715.594902508252,216687.4568904977,0,216687.4568904977,7.054639754765189
Guayama,2005-2009,2,0,1,0.007915183298898577,0.1327621612212727,0.007861221153321779,100000,786.1221153321821,99318.24515568315,0.9919183943598592,8054248.61954258,80.5424861954258
Guayama,2005-2009,2,1,4,2.1735114712400074e-4,1.5112097931835455,8.689345458207149e-4,99213.87788466782,86.2103659188142,396640.95202424645,0.9990688133807142,7954930.374386897,80.17961341692728
Guayama,2005-2009,2,5,5,1.1380159931429223e-4,2.5,5.688461575652243e-4,99127.667518749,56.388392776454566,495497.3666118039,0.9993861360069439,7558289.422362651,76.2480305605201
Guayama,2005-2009,2,10,5,1.3182492048020899e-4,2.5,6.589074513451015e-4,99071.27912597255,65.27880403040035,495193.19861978677,0.9985550207578895,7062792.055750847,71.29000572174165
Guayama,2005-2009,2,15,5,4.4681241102304377e-4,2.5,0.002231569322941348,99006.00032194215,220.9387531055545,494477.65472694684,0.997052951234252,6567598.85713106,66.33536185458368
Guayama,2005-2009,2,20,5,7.341707322264576e-4,2.5,0.0036641284215167963,98785.0615688366,361.96115171565907,493020.4049648938,0.9960013783818501,6073121.2024041135,61.478133494629326
Guayama,2005-2009,2,25,5,8.687517244597595e-4,2.5,0.004334344948178463,98423.10041712094,426.599668077004,491049.0029154122,0.9951191236400262,5580100.797439219,56.695031692667015
Guayama,2005-2009,2,30,5,0.001088913672532063,2.5,0.00542978693956674,97996.50074904393,532.1001198904123,488652.25344549364,0.9934897277527454,5089051.794523807,51.93095422413291
Guayama,2005-2009,2,35,5,0.001525124200123418,2.5,0.007596656389368469,97464.40062915352,740.4035617754271,485470.994241329,0.9904676972081083,4600399.541078313,47.2008190824727
Guayama,2005-2009,2,40,5,0.0023098147704180487,2.5,0.011482766194685887,96723.99706737809,1110.6590437401755,480843.33772754,0.9882230234328849,4114928.546836985,42.54299524005939
Guayama,2005-2009,2,45,5,0.002429589069972813,2.5,0.012074604531876835,95613.33802363792,1154.493244608093,475180.45700666937,0.9848941270876095,3634085.2091094446,38.00814074926462
Guayama,2005-2009,2,50,5,0.0036681710202359275,2.5,0.0181741900084168,94458.84477902982,1716.7129929896473,468002.44141267496,0.9793040755811104,3158904.752102775,33.44212772760971
Guayama,2005-2009,2,55,5,0.004707627449200908,2.5,0.02326433765961978,92742.13178604018,2157.584269143379,458316.69825734245,0.9673251209012133,2690902.3106901003,29.014885240055943
Guayama,2005-2009,2,60,5,0.008644791714416596,2.5,0.04230956512695775,90584.5475168968,3832.592812662144,443341.25555282866,0.9474733635458105,2232585.612432758,24.646428928910996
Guayama,2005-2009,2,65,5,0.013051409509795003,2.5,0.06319508520880865,86751.95470423465,5482.297169564816,420054.03059726127,0.9147186126242675,1789244.356879929,20.62483044883587
Guayama,2005-2009,2,70,5,0.023024726019376548,2.5,0.1088575896545674,81269.65753466984,8846.819031276304,384231.2400951584,0.8840300021748265,1369190.326282668,16.847497181818046
Guayama,2005-2009,2,75,5,0.026428145032653,2.5,0.12395122292234866,72422.83850339353,8976.8994000034,339671.94401695917,0.8177027956018487,984959.0861875095,13.600117125226417
Guayama,2005-2009,2,80,5,0.056855298742606475,2.5,0.24889849761658955,63445.939103390134,15791.598922707431,277750.69821018213,0.5695703818366612,645287.1421705503,10.170661058685006
Guayama,2005-2009,2,85,NA,0.12298248174536819,7.712549215178386,1,47654.3401806827,47654.3401806827,367536.4439603682,0,367536.4439603682,7.712549215178386
Guayama,2010-2014,1,0,1,0.009422675310243687,0.13048752255217425,0.009346101450984825,100000,934.6101450984861,99187.34481728755,0.9901795900662386,7547875.666745081,75.47875666745081
Guayama,2010-2014,1,1,4,3.818963535294616e-4,1.6248401963281827,0.0015262010507630847,99065.38985490151,151.19370209079352,395902.4502158317,0.9984924756548511,7448688.321927793,75.18961297015731
Guayama,2010-2014,1,5,5,1.8411948764245997e-4,2.5,9.201738833524378e-4,98914.19615281072,91.01825999261928,494343.43511407205,0.9990133612911996,7052785.871711962,71.30205921924738
Guayama,2010-2014,1,10,5,2.107439239907761e-4,2.5,0.00105316474977394,98823.1778928181,104.07708741734677,493855.6967455471,0.9971210677036416,6558442.436597889,66.3654273869948
Guayama,2010-2014,1,15,5,9.435453978716363e-4,2.5,0.004706624704160382,98719.10080540075,464.6337586232112,492433.9196304458,0.9932140697864521,6064586.739852343,61.43275911525077
Guayama,2010-2014,1,20,5,0.0017829254955361608,2.5,0.00887506851286526,98254.46704677754,872.0151267352048,489092.2974170497,0.9899925251649297,5572152.820221896,56.71144516583734
Guayama,2010-2014,1,25,5,0.0022425062634912987,2.5,0.011150021335747802,97382.45192004234,1085.8164166359056,484197.7185586219,0.9892465407867296,5083060.522804847,52.196883756617545
Guayama,2010-2014,1,30,5,0.00208125814640658,2.5,0.010352425556969126,96296.63550340643,996.9037504356093,478990.91814094316,0.9889626424092218,4598862.804246225,47.75725320209701
Guayama,2010-2014,1,35,5,0.0023597300745552235,2.5,0.011729454506384013,95299.73175297082,1117.8138680670672,473704.1240946864,0.9870807650097806,4119871.8861052818,43.230676627553585
Guayama,2010-2014,1,40,5,0.0028447154691589246,2.5,0.014123136583017736,94181.91788490376,1330.1440899390582,467584.2291996711,0.9823267218559537,3646167.7620105953,38.71409548557338
Guayama,2010-2014,1,45,5,0.004300601515224865,2.5,0.02127427710523906,92851.7737949647,1975.3543654270616,459320.4830612558,0.9737277317848345,3178583.5328109246,34.23287895210137
Guayama,2010-2014,1,50,5,0.0063758128357518885,2.5,0.03137889920790562,90876.41942953764,2851.602005654815,447253.09213355114,0.958493481453792,2719263.0497496687,29.922647336013156
Guayama,2010-2014,1,55,5,0.010669654807896927,2.5,0.05196222649023327,88024.81742388282,4573.965499741229,428689.17337006103,0.9393209706249925,2272009.9576161173,25.811015848806264
Guayama,2010-2014,1,60,5,0.014480627354732408,2.5,0.06987360276474004,83450.85192414159,5831.011677726623,402676.7304263914,0.9179255534708488,1843320.7842460563,22.08869941701338
Guayama,2010-2014,1,65,5,0.01998980329891295,2.5,0.09519185057302884,77619.84024641497,7388.776234239092,369627.2606464771,0.8864029567389485,1440644.053819665,18.560255332220994
Guayama,2010-2014,1,70,5,0.028710434472301292,2.5,0.1339385849455281,70231.06401217588,9406.64933300965,327638.6967283553,0.836074880997668,1071016.7931731879,15.24990128282133
Guayama,2010-2014,1,75,5,0.04408649747334565,2.5,0.19854914627748507,60824.41467916623,12076.635607376185,273930.4843773907,0.7612581543638156,743378.0964448325,12.22170571416048
Guayama,2010-2014,1,80,5,0.06753325463435156,2.5,0.28889176957976165,48747.77907179004,14082.832159132697,208531.81496111848,0.5557932139802633,469447.6120674418,9.63013333132765
Guayama,2010-2014,1,85,NA,0.15338743301316402,7.526790615422929,1,34664.946912657346,34664.946912657346,260915.79710632333,0,260915.79710632333,7.526790615422929
Guayama,2010-2014,2,0,1,0.006796425500031549,0.13506151056255014,0.006756706269754217,100000,675.6706269754213,99415.58646854662,0.9930304954024465,8191760.315818036,81.91760315818036
Guayama,2010-2014,2,1,4,2.0014118398983601e-4,1.5130068388991098,8.001664533025835e-4,99324.32937302458,79.47599636108498,397099.6612326766,0.9991760434099427,8092344.729349489,81.47394279358994
Guayama,2010-2014,2,5,5,9.524267717154442e-5,2.5,4.761000232556813e-4,99244.8533766635,47.25047700063442,496106.14069081587,0.999458987089421,7695245.068116812,77.53797608941078
Guayama,2010-2014,2,10,5,1.2122807301269922e-4,2.5,6.059567176504715e-4,99197.60289966286,60.10945385186642,495837.7408636846,0.9987768214838134,7199138.927425996,72.57371868862433
Guayama,2010-2014,2,15,5,3.684940674886519e-4,2.5,0.0018407745511890164,99137.493445811,182.48977500371984,495231.2427915457,0.9974869665485361,6703301.186562312,67.61620607471146
Guayama,2010-2014,2,20,5,6.383234412576532e-4,2.5,0.0031865321109314465,98955.00367080727,315.3232967343647,493986.71011220047,0.9962418535735953,6208069.943770766,62.73629137969715
Guayama,2010-2014,2,25,5,8.68197944306019e-4,2.5,0.004331588031967758,98639.68037407291,427.2664589854685,492130.2357229009,0.9950100054110601,5714083.233658566,57.92884985017138
Guayama,2010-2014,2,30,5,0.0011334558297270516,2.5,0.005651265499072111,98212.41391508744,555.0244263389322,489674.5085095899,0.9937674739844227,5221952.997935665,53.16998930960464
Guayama,2010-2014,2,35,5,0.0013680811780373916,2.5,0.0068170900586912555,97657.38948874851,665.739219041483,486622.5993961388,0.9927873541952694,4732278.4894260755,48.45796630649542
Guayama,2010-2014,2,40,5,0.001527998052598606,2.5,0.007610916598639999,96991.65026970702,738.1953609671909,483112.76294611715,0.9900214880814637,4245655.890029936,43.7734163530978
Guayama,2010-2014,2,45,5,0.002488235603440928,2.5,0.012364265006207579,96253.45490873983,1190.103224254708,478292.01648306235,0.9860330022261278,3762543.127083819,39.089954024519685
Guayama,2010-2014,2,50,5,0.0031424541563137135,2.5,0.015589795239452822,95063.35168448513,1482.0181875372218,471611.7129535826,0.9805071214916132,3284251.110600757,34.54802563138288
Guayama,2010-2014,2,55,5,0.004747234512646819,2.5,0.02345777368121084,93581.3334969479,2195.209741957311,462418.6431298462,0.9728400159119209,2812639.397647174,30.055560147995823
Guayama,2010-2014,2,60,5,0.00628752829091962,2.5,0.03095112624976996,91386.123754990593,2828.503453817815,449859.36014040845,0.9574316837218566,2350220.754517328,25.717479393461883
Guayama,2010-2014,2,65,5,0.01121729978538893,2.5,0.054556555822156065,88557.62030117278,4831.398755438233,430709.6046172683,0.9334766326302947,1900361.3943769196,21.459038622696063
Guayama,2010-2014,2,70,5,0.01648894747276363,2.5,0.0791807205104377,83726.22154573454,6629.502547607786,402057.3513596532,0.8910516318722536,1469651.7897596513,17.55306477023891
Guayama,2010-2014,2,75,5,0.030402727304828996,2.5,0.1412757186517386,77096.71899812676,10891.894382151499,358253.85903525504,0.8211556844085088,1067594.438399998,13.847469156578994
Guayama,2010-2014,2,80,5,0.05009403175647215,2.5,0.22259362809581104,66204.82461597526,14736.772108716803,294182.1928080843,0.585273701567247,709340.579364743,10.714333637756948
Guayama,2010-2014,2,85,NA,0.1180378529865892,8.066331759844799,1,51468.05250725846,51468.05250725846,415158.3865566586,0,415158.3865566586,8.066331759844799
Guayama,2015-2019,1,0,1,0.010671704888223325,0.12799514648079477,0.010573311989285251,100000,1057.3311989285285,99078.00206275705,0.9890526024366998,7645203.097732709,76.45203097732708
Guayama,2015-2019,1,1,4,3.426925386936772e-4,1.6211426109762836,0.0013696535903250195,98942.66880107147,135.51718155972776,395448.29915559286,0.9985813479028608,7546125.095669951,76.26765264278208
Guayama,2015-2019,1,5,5,1.7092513698929986e-4,2.5,8.542606484006182e-4,98807.15161951174,84.40706140910333,493824.74044403597,0.9990571223988812,7150676.796514358,72.37003272850437
Guayama,2015-2019,1,10,5,2.0642053275495752e-4,2.5,0.0010315703205369389,98722.74455810264,101.83945324808883,493359.124157393,0.9975513691611111,6656852.056070323,67.42977098000426
Guayama,2015-2019,1,15,5,7.749293186281089e-4,2.5,0.003867154664317921,98620.90510485455,381.3822931754985,492151.069791334,0.9949369305358717,6163492.93191293,62.496819770208496
Guayama,2015-2019,1,20,5,0.0012566610291064812,2.5,0.006263627005635305,98239.52281167905,615.3357281039498,489659.2747381354,0.9918467501663182,5671341.862121596,57.72973748043661
Guayama,2015-2019,1,25,5,0.0020211175809469427,2.5,0.01005478315720562,97624.1870835751,981.5900320238288,485666.9603378159,0.9893662993543589,5181682.58738346,53.077856442968105
Guayama,2015-2019,1,30,5,0.002256356092547525,2.5,0.011218498146134466,96642.59705155127,1084.184795860463,480502.5232681052,0.9873603312321408,4696015.627045644,48.59157111165677
Guayama,2015-2019,1,35,5,0.002835349290468853,2.5,0.014076963679889936,95558.41225569081,1345.1722986313107,474429.13053187577,0.984551548191041,4215513.103777539,44.11451597267923
Guayama,2015-2019,1,40,5,0.0033965021326297774,2.5,0.01683952198233522,94213.2399570595,1586.5059252839128,467099.93497208774,0.9833826891778131,3741083.9732456636,39.70868611408306
Guayama,2015-2019,1,45,5,0.0033053481945696976,2.5,0.016391293640743255,92626.73403177559,1518.2719964978605,459337.9901676333,0.9747589896107508,3273984.0382735757,35.3459945716151
Guayama,2015-2019,1,50,5,0.006966907752081284,2.5,0.03423820275984419,91108.46203527773,3119.3899963013973,447743.8351856352,0.9614965877229552,2814646.0481059426,30.89335485672116
Guayama,2015-2019,1,55,5,0.00877221746435038,2.5,0.042919832070609926,87989.07203897633,3776.4761959616735,430504.1697049775,0.947736885362756,2366902.212920307,26.89995652950909
Guayama,2015-2019,1,60,5,0.012802106341891637,2.5,0.062025392531736036,84212.59584301466,5223.319313279426,408004.6809318747,0.9252614577027384,1936398.0432153298,22.994161667039407
Guayama,2015-2019,1,65,5,0.018474032863589392,2.5,0.08829237378086682,78989.27652973523,6974.150728043634,377511.0058285671,0.8933369114479365,1528393.3622834552,19.34937790838098
Guayama,2015-2019,1,70,5,0.027079595891796843,2.5,0.1268128758773932,72015.1258016916,9132.445209584774,337244.51598449604,0.8476728898277031,1150882.3564548881,15.981119850072588
Guayama,2015-2019,1,75,5,0.0399343291301937,2.5,0.18154677407943573,62882.68059210682,11416.147806964538,285873.03344312275,0.7807790382766934,813637.840470392,12.93898149393653
Guayama,2015-2019,1,80,5,0.06116206150273961,2.5,0.26525192164957073,51466.532785142284,13651.596721899623,223203.67212096238,0.5770773853258662,527764.8070272693,10.254524221216396
Guayama,2015-2019,1,85,NA,0.14850999470684337,8.053990476063507,1,37814.93606324266,37814.93606324266,304561.13490630686,0,304561.13490630686,8.053990476063507
Guayama,2015-2019,2,0,1,0.006751688248695363,0.13515345769310388,0.00671249283347863,100000,671.2492833478609,99419.47237827061,0.9931091539709139,8339820.125774091,83.39820125774091
Guayama,2015-2019,2,1,4,1.8214894254412123e-4,1.5130787741599303,7.282658729666353e-4,99328.75071665214,72.33773935135105,397135.1046071864,0.9992259823837815,8240400.65339582,82.96088085213725
Guayama,2015-2019,2,5,5,9.015445358078166e-5,2.5,4.506706929787324e-4,99256.41297730079,44.73195641906932,496170.2349954563,0.9995125728801951,7843265.548788634,79.02023973586806
Guayama,2015-2019,2,10,5,1.0486750960928873e-4,2.5,5.242001191438649e-4,99211.68102088172,52.00677501161408,495928.38816687954,0.9988497215639546,7347095.313793178,74.05474071391642
Guayama,2015-2019,2,15,5,3.556529647449681e-4,2.5,0.001776685115403062,99159.6742458701,176.175517280848,495357.9324361484,0.9973064479841097,6851166.9256262975,69.09226939006047
Guayama,2015-2019,2,20,5,7.237172115653394e-4,2.5,0.00361205079949509,98983.49872858926,357.53342571941903,494023.6600786478,0.9964256067458305,6355808.99319015,64.2107934638444
Guayama,2015-2019,2,25,5,7.085728079673527e-4,2.5,0.00353659919478151,98625.96530286984,348.8005094746768,492257.8252406625,0.9959421169582436,5861785.333111501,59.434504038673616
Guayama,2015-2019,2,30,5,9.183067902866159e-4,2.5,0.004581017003880376,98277.16479339516,450.2093630117015,490260.30055944656,0.9946499427664375,5369527.507870839,54.63657319743624
Guayama,2015-2019,2,35,5,0.0012282875116247777,2.5,0.006122636662746221,97826.95543038346,598.9589039229177,487637.37989210995,0.9931759833619306,4879267.207311393,49.87651088440162
Guayama,2015-2019,2,40,5,0.0015116345630116982,2.5,0.00752971736252125,97227.99652646054,732.099333568447,484309.7342983816,0.9918277576400326,4391629.827419283,45.16836697570029
Guayama,2015-2019,2,45,5,0.0017717414817633788,2.5,0.008819642094434355,96495.8971928921,851.0592768226343,480351.83777240384,0.9878687356504128,3907320.093120901,40.4920852262796
Guayama,2015-2019,2,50,5,0.0031185967800096176,2.5,0.015472353818057678,95644.83791606946,1479.8507731082063,474524.5626475768,0.9821214557859782,3426968.255348497,35.83014337225121
Guayama,2015-2019,2,55,5,0.004106234398852079,2.5,0.02032254911860248,94164.98714296125,1913.6725764653966,466040.7542736427,0.9759584059285014,2952443.6927009206,31.35394356522899
Guayama,2015-2019,2,60,5,0.005646145569600342,2.5,0.027837787348735363,92251.31456649586,2568.0724775434064,454836.39163862076,0.9607976922410704,2486402.938427278,26.952493307128417
Guayama,2015-2019,2,65,5,0.010444214859181513,2.5,0.05089225030380705,89683.24208895245,4564.182004447895,437005.7554336425,0.935849459464801,2031566.546788657,22.652688500864464
Guayama,2015-2019,2,70,5,0.01625902670670974,2.5,0.07811975555386873,85119.06008450456,6649.480166776557,408971.60000558133,0.9028785219104891,1594560.7913550145,18.73329886128871
Guayama,2015-2019,2,75,5,0.0250194948499774,2.5,0.117733398835311,78469.579917728,9238.490348893174,369251.67371640704,0.8465083180306434,1185589.1913494333,15.108901979499226
Guayama,2015-2019,2,80,5,0.04297320789758432,2.5,0.19402170213201586,69231.08956883482,13432.333838599385,312574.61324767565,0.6171012522443082,816337.5176330261,11.791487360911187
Guayama,2015-2019,2,85,NA,0.11002423938494833,9.02821035689114,1,55798.75573023544,55798.75573023544,503762.90438535047,0,503762.90438535047,9.02821035689114
Guayama,2020-2024,1,0,1,0.011137808110168346,0.12706506080656457,0.011030562562850251,100000,1103.0562562850246,99037.10365399289,0.9884274979061084,7513596.502745159,75.13596502745159
Guayama,2020-2024,1,1,4,4.3708681223484215e-4,1.6197649149981321,0.0017465302124101546,98896.94374371498,172.72650016342232,395176.6452990613,0.9983505688619335,7414559.399091166,74.97258376664821
Guayama,2020-2024,1,5,5,1.803886928550433e-4,2.5,9.01536896619362e-4,98724.21724355155,89.00352443492739,493398.57740667043,0.9990283442962126,7019382.753792105,71.1009208254887
Guayama,2020-2024,1,10,5,2.0847615570575902e-4,2.5,0.001041837782689285,98635.21371911663,102.76189235621132,492919.1638646926,0.9974426489697809,6525984.176385434,66.16282289375346
Guayama,2020-2024,1,15,5,8.165524676763485e-4,2.5,0.004074444843403512,98532.45182676041,401.4650402534462,491658.59653316846,0.993560527110651,6033065.012520742,61.229218401345236
Guayama,2020-2024,1,20,5,0.0017706386677611597,2.5,0.008814176534315469,98130.98678650697,864.9438410228468,488492.57432997774,0.9894428921388704,5541406.415987574,56.469486320803185
Guayama,2020-2024,1,25,5,0.0024783688843221237,2.5,0.012315538304293027,97266.04294548412,1197.8836776021199,483335.5055334153,0.9876210251611435,5052913.841657596,51.94941305970125
Guayama,2020-2024,1,30,5,0.0025042207367111623,2.5,0.012443202370040438,96068.159267882,1195.3955470875226,477352.30747169117,0.9841785622826147,4569578.33612418,47.566002835363
Guayama,2020-2024,1,35,5,0.003885833828134909,2.5,0.019242238784678165,94872.76372079448,1825.5643736778875,469799.90766977763,0.9822963047593715,4092226.028652489,43.13383386506683
Guayama,2020-2024,1,40,5,0.003253238613067325,2.5,0.016134965830684366,93047.19934711659,1501.3133821066003,461482.71328031644,0.9805519672075906,3622426.1209827117,38.93106021890132
Guayama,2020-2024,1,45,5,0.004615741597852742,2.5,0.022815432635541522,91545.88596500999,2088.6589942956634,452507.7823393108,0.9725174652540785,3160943.407702395,34.52851402749599
Guayama,2020-2024,1,50,5,0.006557488711886244,2.5,0.03225860496463917,89457.22697071433,2885.7653460803267,440071.7214883708,0.9600139050064822,2708435.6253630845,30.276319947294443
Guayama,2020-2024,1,55,5,0.009830013124088198,2.5,0.047971172482733075,86571.461624634,4152.934517677626,422474.9718289759,0.9441881841139849,2268363.9038747135,26.202213308008282
Guayama,2020-2024,1,60,5,0.013233287008397413,2.5,0.06404753646154597,82418.52710695638,5278.7036199896975,398895.87648480764,0.9223849378797597,1845888.9320457375,22.396528994631097
Guayama,2020-2024,1,65,5,0.019311609619996555,2.5,0.09211101804454119,77139.82348696668,7105.42767316071,367935.5482519316,0.8894722916541364,1446993.05556093,18.75805505058499
Guayama,2020-2024,1,70,5,0.02799353498920546,2.5,0.13081288711480882,70034.39581380597,9161.401513745259,327268.4752846667,0.8438328433204711,1079057.5073089984,15.40753646505054
Guayama,2020-2024,1,75,5,0.04085326608875992,2.5,0.1853372504244288,60872.99430006071,11282.033388675176,276159.8880286156,0.7691724111158547,751789.0320243316,12.350124068458744
Guayama,2020-2024,1,80,5,0.06692617769560702,2.5,0.28666706170086165,49590.96091138553,14216.095051389173,212414.56692845473,0.5534029619295828,475629.143995716,9.591045127067035
Guayama,2020-2024,1,85,NA,0.1494361334540784,7.440722972886726,1,35374.86585999636,35374.86585999636,263214.57706726127,0,263214.57706726127,7.440722972886726
Guayama,2020-2024,2,0,1,0.005893208292150518,0.1369178657933918,0.005863385222267286,100000,586.3385222267243,99493.941696869,0.9938912048762722,8258684.5282122,82.586845282122
Guayama,2020-2024,2,1,4,2.0547513962876048e-4,1.514460272243371,8.214810145057722e-4,99413.66147777328,81.66643548649154,397451.66074126714,0.9992051198071908,8159190.586515331,82.07313225596813
Guayama,2020-2024,2,5,5,8.811588726990626e-5,2.5,4.404824026052005e-4,99331.99504228678,43.75399583179387,496550.59022185445,0.9994845259456651,7761738.925774064,78.13936408374563
Guayama,2020-2024,2,10,5,1.1813462980064331e-4,2.5,5.904987531242215e-4,99288.24104645499,58.6295825378329,496294.6312759304,0.9988596061114612,7265188.335552209,73.17269657494458
Guayama,2020-2024,2,15,5,3.3840884499352226e-4,2.5,0.0016906139282006805,99229.61146391716,167.75896323083725,495728.6599115087,0.9975568579987293,6768893.704276279,68.2144533714883
Guayama,2020-2024,2,20,5,6.404125743733781e-4,2.5,0.0031969444632822426,99061.85250068632,316.6952408745565,494517.52440124523,0.9964355201206062,6273165.04436477,63.32573928315451
Guayama,2020-2024,2,25,5,7.881888607192902e-4,2.5,0.003933194054244944,98745.15725981176,388.38386541977525,492754.8266355094,0.9949124121765621,5778647.519963525,58.520819454053104
Guayama,2020-2024,2,30,5,0.0012532221463878847,2.5,0.006246539976347783,98356.77339439199,614.3895169526513,490247.8931795783,0.9940563394268335,5285892.6933280155,53.742030273122005
Guayama,2020-2024,2,35,5,0.0011309641499061942,2.5,0.005638877329268169,97742.38387743934,551.1573125551076,487334.0261058089,0.9936144818339242,4795644.800148438,49.06412765788248
Guayama,2020-2024,2,40,5,0.0014323896667620963,2.5,0.007136393094494217,97191.22656488423,693.5947981030768,484222.14582916343,0.9895399241674981,4308310.774042629,44.328186054596486
Guayama,2020-2024,2,45,5,0.0027807272845040434,2.5,0.013807648162568999,96497.63176678115,1332.4053479568393,479157.1454640136,0.9848763520486105,3824088.628213465,39.628833974450856
Guayama,2020-2024,2,50,5,0.0033189261669778537,2.5,0.01645807301194582,95165.22641882431,1566.2362445993786,471910.54148262314,0.9809077788957357,3344931.4827494514,35.14867361349336
Guayama,2020-2024,2,55,5,0.004402006353327961,2.5,0.021770447644524824,93598.99017422493,2037.6919151683542,462900.7210832038,0.9739195569507271,2873020.941266828,30.694999336200038
Guayama,2020-2024,2,60,5,0.006191651890902824,2.5,0.030486357176861982,91561.29825905658,2791.3704423027957,450828.06518952595,0.9625919634720634,2410120.2201836244,26.32247757523723
Guayama,2020-2024,2,65,5,0.00911244125562069,2.5,0.044547368091047986,88769.92781675379,3954.4666498686856,433963.4724590972,0.9407348098238184,1959292.1549940985,22.07157539925718
Guayama,2020-2024,2,70,5,0.01551301669977014,2.5,0.07466922130614793,84815.4611668851,6333.104440053139,408244.54473429266,0.8928309459404942,1525328.6825350013,17.984087589097996
Guayama,2020-2024,2,75,5,0.03063805645224055,2.5,0.1422914486687427,78482.35672683196,11167.368233597968,364493.3630501649,0.8275770537857943,1117084.1378007086,14.233570249283735
Guayama,2020-2024,2,80,5,0.046317284726653585,2.5,0.20755317489001368,67314.98849323399,13971.439579455444,301646.34351753135,0.5991894218773595,752590.7747505438,11.180136721351273
Guayama,2020-2024,2,85,NA,0.1225967493550632,8.45358886717292,1,53343.54891377855,53343.54891377855,450944.4312330124,0,450944.4312330124,8.45358886717292
Guayanilla,1980-1984,1,0,1,0.020157533893003832,0.10906664899320552,0.019801910992902887,100000,1980.191099290285,98235.78170827548,0.9796390001016442,7158592.872567622,71.58592872567623
Guayanilla,1980-1984,1,1,4,5.257979047692699e-4,1.5933368421783836,0.0021005335651575643,98019.80890070972,205.89389864627447,391583.7183425466,0.997880684105357,7060357.090859346,72.02990058888214
Guayanilla,1980-1984,1,5,5,2.3581683015410536e-4,2.5,0.0011783894406140953,97813.91500206344,115.26288458355702,488781.4177988583,0.9986973164321433,6668773.3725168,68.17816639254362
Guayanilla,1980-1984,1,10,5,2.856286807775071e-4,2.5,0.0014271243347849102,97698.65211747988,139.4281239125412,488144.69027761807,0.9966689910997455,6179991.954717942,63.25565215870814
Guayanilla,1980-1984,1,15,5,0.0010502733491981517,2.5,0.005237614428870712,97559.22399356734,510.97759925812716,486518.67596969137,0.9932180388600476,5691847.264440323,58.34248194528095
Guayanilla,1980-1984,1,20,5,0.001673863181835669,2.5,0.008334439132166882,97048.24639430922,808.84270245691,483219.1252154038,0.9895753938408205,5205328.588470632,53.63650330497745
Guayanilla,1980-1984,1,25,5,0.0025222729843236195,2.5,0.012532339965305972,96239.4036918523,1206.1049251246295,478181.75614644994,0.9876510582056255,4722109.4632552285,49.06627932125275
Guayanilla,1980-1984,1,30,5,0.0024475281156666425,2.5,0.012163216045214238,95033.29876672768,1155.9105443890876,472276.71747266565,0.9864631581586877,4243927.707108778,44.657270264037486
Guayanilla,1980-1984,1,35,5,0.0030079264454202586,2.5,0.014927381066424881,93877.38822233859,1401.3435475155566,465883.58224290406,0.983985212543302,3771650.9896361125,40.17635195286174
Guayanilla,1980-1984,1,40,5,0.0034532922791351145,2.5,0.017118671951477857,92476.04467482303,1583.0670721585047,458422.55569371884,0.9778701796061314,3305767.4073932087,35.747283731883236
Guayanilla,1980-1984,1,45,5,0.005520810421468078,2.5,0.027228247131041976,90892.97760266453,2474.856456641617,448277.7468717186,0.9696194594145637,2847344.8516994896,31.32634584980325
Guayanilla,1980-1984,1,50,5,0.006839183917276425,2.5,0.03362106791890062,88418.12114602291,2972.7116563120217,434658.82658933447,0.9533860187268598,2399067.104827771,27.133206109024883
Guayanilla,1980-1984,1,55,5,0.012383660301360242,2.5,0.06005892809773576,85445.40948971089,5131.75970482413,414397.64818649413,0.9292682398410707,1964408.2782384367,22.990214336499676
Guayanilla,1980-1984,1,60,5,0.017119969326544884,2.5,0.0820865486453966,80313.64978488676,6592.670319956451,385086.57312454266,0.9020374342952144,1550010.6300519425,19.299466954913807
Guayanilla,1980-1984,1,65,5,0.02446135394880733,2.5,0.11525833257252212,73720.97946493031,8496.95716874102,347362.50440279895,0.8540191078603545,1164924.0569273997,15.801798421324067
Guayanilla,1980-1984,1,70,5,0.03973096455893246,2.5,0.1807057849509606,65224.02229618929,11786.358146691833,296654.21611421683,0.7802566011391816,817561.5525246009,12.534669340261877
Guayanilla,1980-1984,1,75,5,0.061731480278502754,2.5,0.2673912562395276,53437.664149497454,14288.764147440088,231466.41037888706,0.6792566424385851,520907.336410384,9.747943603094088
Guayanilla,1980-1984,1,80,5,0.09799810349603132,2.5,0.3935681795093916,39148.900002057366,15407.761303604933,157225.09675127448,0.45679728534946273,289440.92603149696,7.3933348323014485
Guayanilla,1980-1984,1,85,NA,0.16727146946587748,5.56906014322055,1,23741.138698452432,23741.138698452432,132215.82928022245,0,132215.82928022245,5.56906014322055
Guayanilla,1980-1984,2,0,1,0.012174171516775913,0.12400879050671595,0.01204571043258674,100000,1204.5710432586784,98944.80635489525,0.9875866875044529,7745041.026893809,77.4504102689381
Guayanilla,1980-1984,2,1,4,3.381206146799278e-4,1.5044016291261815,0.001351342178277432,98795.42895674132,133.5064301702514,394848.5373973312,0.9986489910499471,7646096.220538913,77.39321850494562
Guayanilla,1980-1984,2,5,5,1.4875550996398836e-4,2.5,7.435010501252664e-4,98661.92252657107,73.35524300587713,493126.22452534066,0.9991547516010862,7251247.683141583,73.49590903409285
Guayanilla,1980-1984,2,10,5,1.89504027577441e-4,2.5,9.470714532502188e-4,98588.5672835652,93.37041769111238,492709.4103735982,0.9981562060747006,6758121.458616242,68.54873384231466
Guayanilla,1980-1984,2,15,5,5.490258330380671e-4,2.5,0.0027413664626757526,98495.19686587408,270.0114294227533,491800.9557558135,0.9962088881858039,6265412.0482426435,63.6113460108575
Guayanilla,1980-1984,2,20,5,9.71100443002613e-4,2.5,0.004843742813034244,98225.18543645133,475.7775360167725,489936.4833422147,0.9946973479732732,5773611.09248683,58.77933512502432
Guayanilla,1980-1984,2,25,5,0.0011560907144581938,2.5,0.005763794897887247,97749.40790043455,563.4075385280157,487338.52065585274,0.993524292948607,5283674.609144615,54.05326459395491
Guayanilla,1980-1984,2,30,5,0.001443540048570504,2.5,0.007191746308314493,97186.00036190654,698.9370593225904,484182.6591612262,0.9916380537584106,4796336.088488762,49.352129634185005
Guayanilla,1980-1984,2,35,5,0.001917270561430551,2.5,0.009540622918504358,96487.06330258395,920.5466874838166,480133.9497942102,0.989144489412644,4312153.429327536,44.69151906722044
Guayanilla,1980-1984,2,40,5,0.0024515464620864015,2.5,0.01218306394217001,95566.51661510013,1164.2929826522159,474921.8506188701,0.9868080407872446,3832019.4795333263,40.097929853057366
Guayanilla,1980-1984,2,45,5,0.002863005879808066,2.5,0.014213297513161223,94402.22363244792,1341.7668903919694,468656.70093625964,0.9825884181306853,3357097.6289144563,35.561637212966616
Guayanilla,1980-1984,2,50,5,0.004174308176480336,2.5,0.02065597981877487,93060.45674205595,1922.2549163898802,460496.646419305,0.9716891553892008,2888440.9279781966,31.038327438950237
Guayanilla,1980-1984,2,55,5,0.0073583507937531115,2.5,0.036127163120211414,91138.20182566607,3292.5646838385874,447459.5974187339,0.9586735429189673,2427944.2815588913,26.64024780961984
Guayanilla,1980-1984,2,60,5,0.009567628215474081,2.5,0.04672062710210358,87845.63714182748,4104.203255450018,428967.6775705124,0.937414311115149,1980484.6841401577,22.545054581853044
Guayanilla,1980-1984,2,65,5,0.01649926521824393,2.5,0.07922830408643522,83741.43388637746,6634.691788584023,402120.43996042723,0.9021686539745234,1551517.0065696451,18.527471223800436
Guayanilla,1980-1984,2,70,5,0.025087629782120313,2.5,0.11803509688098446,77106.74209779344,9101.301773690138,362780.4560547418,0.8358564111689393,1149396.566609218,14.906563749658284
Guayanilla,1980-1984,2,75,5,0.048536812313932566,2.5,0.21642287090568374,68005.4403241033,14717.932632147575,303232.37004014757,0.7495179050594037,786616.1105544762,11.566958566926216
Guayanilla,1980-1984,2,80,5,0.06891900155235381,2.5,0.29394842744353644,53287.507691955725,15663.779088435738,227278.0907386893,0.5298185030037181,483383.74051432865,9.071239422730596
Guayanilla,1980-1984,2,85,NA,0.14600276057908498,6.807024696422,1,37623.72860351999,37623.72860351999,256105.64977563935,0,256105.64977563935,6.807024696422
Guayanilla,1985-1989,1,0,1,0.01974173672287796,0.10989635145633317,0.01940082176016951,100000,1940.0821760169492,98273.12577665277,0.9800408863528616,7041002.23451991,70.4100223451991
Guayanilla,1985-1989,1,1,4,5.224854123001426e-4,1.5945453240366092,0.002087318276326738,98059.91782398305,204.68225864910346,391747.317399778,0.9979032141213338,6942729.108743258,70.80088646622582
Guayanilla,1985-1989,1,5,5,2.316618929876208e-4,2.5,0.0011576390128253356,97855.23556533395,113.28103829963948,488992.97523092065,0.9986573113607239,6550981.791343479,66.9456442825653
Guayanilla,1985-1989,1,10,5,3.058241893875668e-4,2.5,0.001527952734671575,97741.95452703431,149.3450867117208,488336.40991839225,0.9967403860414663,6061988.816112559,62.02033554010711
Guayanilla,1985-1989,1,15,5,0.0010012851972312983,2.5,0.004993925127889898,97592.60944032259,487.37018458037346,486744.621740162,0.9926075116509777,5573652.406194167,57.111418970741106
Guayanilla,1985-1989,1,20,5,0.001970275380169845,2.5,0.009803089933982932,97105.23925574221,951.9313934849633,483146.36779499863,0.9903193218660206,5086907.784454005,52.385513113837426
Guayanilla,1985-1989,1,25,5,0.0019205884722496378,2.5,0.009557054439783911,96153.30786225725,918.9423978049017,478469.183316774,0.9879432533812993,4603761.416659006,47.87938677319395
Guayanilla,1985-1989,1,30,5,0.002937527196322205,2.5,0.014580559010037115,95234.36546445235,1388.570285437876,472700.40160866705,0.984825017687385,4125292.233342232,43.31726486781769
Guayanilla,1985-1989,1,35,5,0.0031807333002969486,2.5,0.015778200879097443,93845.79517901447,1480.7178079931327,465527.1813750895,0.9824406971028287,3652591.831733565,38.921209253606996
Guayanilla,1985-1989,1,40,5,0.0039116741294455875,2.5,0.01936895801725193,92365.07737102134,1789.0153058595315,457352.84859045787,0.9759341587806142,3187064.6503584757,34.50508288491281
Guayanilla,1985-1989,1,45,5,0.005855581861638014,2.5,0.028855495024997662,90576.06206516181,2613.6171083051595,446346.2675550461,0.963266008196929,2729711.8017680175,30.13723206253128
Guayanilla,1985-1989,1,50,5,0.009175051111928746,2.5,0.04484658136900402,87962.44495685665,3944.8149451742065,429950.1874213477,0.9495814256835479,2283365.5342129716,25.958413676801555
Guayanilla,1985-1989,1,55,5,0.011576025306875971,2.5,0.056252184748831036,84017.63001168244,4726.175245576087,408272.711944472,0.9185549634702236,1853415.3467916239,22.05983847121028
Guayanilla,1985-1989,1,60,5,0.022864161797886206,2.5,0.10813951080968856,79291.45476610636,8574.539129795288,375020.92600604356,0.8741287685135514,1445142.6348471518,18.22570463753034
Guayanilla,1985-1989,1,65,5,0.0314419703214094,2.5,0.1457529516564474,70716.91563631107,10307.199186032318,327816.58021647454,0.8389866562016325,1070121.7088411083,15.1324714774697
Guayanilla,1985-1989,1,70,5,0.03928950115508816,2.5,0.1788774876330007,60409.71645027875,10805.938307247816,275033.7364832742,0.7614635118331045,742305.1286246338,12.287843284872901
Guayanilla,1985-1989,1,75,5,0.07370687267280558,2.5,0.3111919075901426,49603.77814303093,15436.29434400802,209428.1548551346,0.6539380467590188,467271.3921413595,9.420076648072998
Guayanilla,1985-1989,1,80,5,0.09896642188711177,2.5,0.39668569886052313,34167.48379902291,13553.752189121009,136953.03852231204,0.46885153954887665,257843.2372862249,7.546450853767536
Guayanilla,1985-1989,1,85,NA,0.18539279224823516,5.864547043284617,1,20613.731609901904,20613.731609901904,120890.19876391286,0,120890.19876391286,5.864547043284617
Guayanilla,1985-1989,2,0,1,0.009077363644954236,0.13037356682143492,0.009006268920304856,100000,900.6268920304865,99216.79104825883,0.9906823627372761,7688476.864222151,76.88476864222152
Guayanilla,1985-1989,2,1,4,2.768090047769516e-4,1.509346800466664,0.0011064731775144079,99099.37310796951,109.65079825246357,396124.39032037917,0.9988765677617609,7589260.073173892,76.58232171565137
Guayanilla,1985-1989,2,5,5,1.3251212684373814e-4,2.5,6.62341213611411e-4,98989.72230971705,65.56497280967596,494784.69911656104,0.999246788926193,7193135.682853513,72.66547996111935
Guayanilla,1985-1989,2,10,5,1.6889951966763826e-4,2.5,8.441411607467367e-4,98924.15733690737,83.5059530002618,494412.0218020362,0.9982865356785564,6698350.983736952,67.71198425197886
Guayanilla,1985-1989,2,15,5,5.173727085868804e-4,2.5,0.002583521933583223,98840.65138390711,255.35699077998288,493564.8644425856,0.9963228605643105,6203938.961934916,62.76707887970292
Guayanilla,1985-1989,2,20,5,9.570020958355373e-4,2.5,0.004773589640950066,98585.29439312713,470.6057400650461,491749.9576154731,0.994314700024917,5710374.09749233,57.92318349957099
Guayanilla,1985-1989,2,25,5,0.0013246489206732936,2.5,0.006601383315158032,98114.68865306208,647.6926686462539,488954.21159369475,0.9929051060318512,5218624.139876857,53.189020028694635
Guayanilla,1985-1989,2,30,5,0.001524122151646659,2.5,0.007591684123381419,97466.99598441583,739.9386459685629,485485.1333071577,0.9914385799861507,4729669.928283162,48.52586129810955
Guayanilla,1985-1989,2,35,5,0.0019168568706693296,2.5,0.009538574149857789,96727.05733844727,922.6382087203237,481328.6911704355,0.9899095655587221,4244184.794976004,43.877948029842706
Guayanilla,1985-1989,2,40,5,0.0021409197158788855,2.5,0.01064760938723416,95804.41912972694,1020.0880324642058,476471.87556747417,0.9867438437393147,3762856.103805569,39.276435659093735
Guayanilla,1985-1989,2,45,5,0.003204015721460636,2.5,0.01589277684016926,94784.33109726274,1506.3862220735173,470155.6899311299,0.9819204018010239,3286384.228238095,34.67223105542391
Guayanilla,1985-1989,2,50,5,0.004101985813454929,2.5,0.020301735489854898,93277.94487518922,1893.7041638933442,461655.4639662127,0.9718780451095168,2816228.538306965,30.19179444910827
Guayanilla,1985-1989,2,55,5,0.0073535935693794015,2.5,0.03610422829436489,91384.24071129588,3299.3574891478347,448672.8098336098,0.9575379104703738,2354573.0743407523,25.765635912863768
Guayanilla,1985-1989,2,60,5,0.010058340392747372,2.5,0.04905809443170283,88084.88322214804,4321.276519117644,429621.2248129461,0.93155612176215,1905900.2645071424,21.637086805241097
Guayanilla,1985-1989,2,65,5,0.018591698876532853,2.5,0.08882975427573699,83763.6067030304,7440.700600679673,400216.28201345284,0.8759675890987617,1476279.0396941963,17.62434901983259
Guayanilla,1985-1989,2,70,5,0.035413713783495754,2.5,0.16266696552008372,76322.90610235072,12415.215535343676,350576.4916733944,0.8197042736323731,1076062.7576807435,14.098817938584771
Guayanilla,1985-1989,2,75,5,0.0447778277413454,2.5,0.20134919030804455,63907.69056700705,12867.761750123922,287369.04845972545,0.7465041766630487,725486.2660073491,11.352096431127935
Guayanilla,1985-1989,2,80,5,0.07584753490132447,2.5,0.3187892311643595,51039.928816883126,16270.979666217805,214522.1949188711,0.510354338230151,438117.2175476236,8.58381325568585
Guayanilla,1985-1989,2,85,NA,0.1402809967437547,6.430882384734769,1,34768.94915066532,34768.94915066532,223595.02262875251,0,223595.02262875251,6.430882384734769
Guayanilla,1990-1994,1,0,1,0.016516229497449315,0.11633268984931477,0.016278645080215415,100000,1627.8645080215356,98561.50934890684,0.9831197986728861,7124663.442536333,71.24663442536333
Guayanilla,1990-1994,1,1,4,5.205285523028724e-4,1.603952442373311,0.00207952060788853,98372.13549197846,204.5668829975766,392998.3899875362,0.9979321593883009,7026101.933187425,71.42370040101805
Guayanilla,1990-1994,1,5,5,2.4006945138663833e-4,2.5,0.0011996272722803797,98167.56860898089,117.76449255678745,490543.43181351246,0.9986437574195011,6633103.543199889,67.56919456384558
Guayanilla,1990-1994,1,10,5,3.0283830301447147e-4,2.5,0.0015130459943690634,98049.8041164241,148.35386336702504,489878.1359237029,0.9969537017829541,6142560.111386376,62.64734709814122
Guayanilla,1990-1994,1,15,5,9.184789445751852e-4,2.5,0.004581873836262658,97901.45025305708,448.5720934466517,488385.82103166875,0.992387734869011,5652681.975462674,57.73849070520958
Guayanilla,1990-1994,1,20,5,0.0021427381990983137,2.5,0.010656605207862577,97452.87815961042,1038.516848916901,484668.0986757599,0.9892412627064833,5164296.154431005,52.992751491370115
Guayanilla,1990-1994,1,25,5,0.0021842565608279022,2.5,0.010861969483867884,96414.36131069352,1047.2498503633688,479453.6819275592,0.9868431803549094,4679628.0557552455,48.536628694507755
Guayanilla,1990-1994,1,30,5,0.003119514182690302,2.5,0.015476870123814273,95367.11146033015,1475.9843981548474,473145.59630626364,0.9819524348288996,4200174.373827686,44.04216830636452
Guayanilla,1990-1994,1,35,5,0.0041748579058864446,2.5,0.0206586719793371,93891.1270621753,1939.6659957477386,464606.4703215072,0.9775364378236606,3727028.7775214226,39.695218218579484
Guayanilla,1990-1994,1,40,5,0.00492111268543533,2.5,0.02430652554912995,91951.46106642757,2235.0205376909435,454169.75398791046,0.9746030741616083,3262422.3071999154,35.47983109091737
Guayanilla,1990-1994,1,45,5,0.0053741443966068055,2.5,0.026514490235217826,89716.44052873662,2378.7856863376946,442635.2384278389,0.9669408459257534,2808252.5532120047,31.301426323445227
Guayanilla,1990-1994,1,50,5,0.00811788773446284,2.5,0.03978207267280894,87337.65484239893,3474.4729320130136,428002.0918819621,0.9525722397269858,2365617.314784166,27.085880872951417
Guayanilla,1990-1994,1,55,5,0.011393588771654124,2.5,0.05539021065288496,83863.18191038592,4645.199312037497,407702.9112718358,0.9224610461105023,1937615.2229022037,23.10448016356797
Guayanilla,1990-1994,1,60,5,0.021271351095940458,2.5,0.10098645939536541,79217.98259834842,7999.943583050874,376090.05403411493,0.8923877675350362,1529912.311630368,19.312689637494813
Guayanilla,1990-1994,1,65,5,0.02439919358171857,2.5,0.11498228060143793,71218.03901529755,8188.812545941095,335618.163711635,0.8507084878984771,1153822.257596253,16.201264083505773
Guayanilla,1990-1994,1,70,5,0.04151529197285422,2.5,0.1880582291378787,63029.22646935645,11853.164713757484,285513.22056238854,0.782088746465879,818204.093884618,12.981344365417725
Guayanilla,1990-1994,1,75,5,0.05836832411548549,2.5,0.2546786985253355,51176.06175559897,13033.452803568143,223296.6767690745,0.6988252707404108,532690.8733222295,10.408985276479386
Guayanilla,1990-1994,1,80,5,0.08886565811014961,2.5,0.3635586040291122,38142.60895203082,13867.073664628646,156045.36059858248,0.4956422507693245,309394.196553155,8.111511117193308
Guayanilla,1990-1994,1,85,NA,0.16041345481100525,6.317011515464014,1,24275.535287402177,24275.535287402177,153348.83595457257,0,153348.83595457257,6.317011515464014
Guayanilla,1990-1994,2,0,1,0.009073466810925997,0.13038157586750812,0.009002433524130186,100000,900.2433524130174,99217.13179453884,0.9906477869501205,7796678.632650421,77.9667863265042
Guayanilla,1990-1994,2,1,4,2.962458312212245e-4,1.50935304065624,0.001184109636955913,99099.75664758698,117.34497686639952,396106.76168052136,0.9988306703321834,7697461.500855882,77.67386884943788
Guayanilla,1990-1994,2,5,5,1.3531164944516937e-4,2.5,6.763294590891526e-4,98982.41167072058,66.94472094459343,494744.69655124145,0.999250648056132,7301354.739175361,73.7641629046621
Guayanilla,1990-1994,2,10,5,1.6455243578961896e-4,2.5,8.224238493289483e-4,98915.46694977599,81.35043908700754,494373.9586511624,0.9982692142414227,6806610.042624119,68.81239357723655
Guayanilla,1990-1994,2,15,5,5.286768940804954e-4,2.5,0.0026398953412282316,98834.11651068898,260.9117237309838,493518.3032441175,0.9963508157007359,6312236.083972957,63.866975360580916
Guayanilla,1990-1994,2,20,5,9.344066476930663e-4,2.5,0.004661144726918601,98573.204786958,459.4639737081743,491717.36400051956,0.9949156399850323,5818717.780728839,59.02940655429214
Guayanilla,1990-1994,2,25,5,0.0011049553490892732,2.5,0.0055095572086742714,98113.74081324982,540.5632679676492,489217.29589633,0.9935406201738212,5327000.41672832,54.294132224229
Guayanilla,1990-1994,2,30,5,0.0014884107920253345,2.5,0.007414464537539764,97573.17754528217,723.4528647245752,486057.2555645995,0.9919919371881813,4837783.12083199,49.58107589134166
Guayanilla,1990-1994,2,35,5,0.0017286575307887083,2.5,0.008606095175852486,96849.7246805576,833.4979483560019,482164.87853189796,0.9900976754819619,4351725.86526739,44.932764441208484
Guayanilla,1990-1994,2,40,5,0.0022545980378551244,2.5,0.011209806171776564,96016.2267322016,1076.323291013323,477390.3254334747,0.9882426869756827,3869560.986735492,40.30111490975443
Guayanilla,1990-1994,2,45,5,0.0024774553904005456,2.5,0.012311026902102777,94939.90344118827,1168.807705347499,471777.49794257263,0.9835409578644145,3392170.6613020175,35.72966201090925
Guayanilla,1990-1994,2,50,5,0.004174875922553813,2.5,0.020658760211279353,93771.09573584078,1937.1945815556683,464012.4922253147,0.9766014997125363,2920393.163359445,31.143852382682837
Guayanilla,1990-1994,2,55,5,0.0053087407647415315,2.5,0.026196033940570514,91833.90115428511,2405.6839915326273,453155.29579259397,0.961173211965876,2456380.67113413,26.748081484715534
Guayanilla,1990-1994,2,60,5,0.01063489319266528,2.5,0.051797318586248385,89428.21716275248,4632.141854979302,435560.7311763142,0.9364680198524171,2003225.3753415362,22.40037248753176
Guayanilla,1990-1994,2,65,5,0.01578046292354623,2.5,0.07590766921844495,84796.07530777318,6436.6724354847975,407888.6954501539,0.889255841308603,1567664.644165222,18.487467002161075
Guayanilla,1990-1994,2,70,5,0.03206861201051827,2.5,0.14844222014320999,78359.40287228838,11631.843731458706,362717.40503279516,0.8392833405070629,1159775.9487150682,14.800724689100715
Guayanilla,1990-1994,2,75,5,0.038387574531375375,2.5,0.1751307599099298,66727.55914082968,11686.048139268278,304422.67535597767,0.7678078845721868,797058.543682273,11.944967775609282
Guayanilla,1990-1994,2,80,5,0.0709673249449772,2.5,0.30136835906086806,55041.5110015614,16587.769850771278,233738.1303808788,0.5255357041398713,492635.86832629534,8.950260618977564
Guayanilla,1990-1994,2,85,NA,0.13086078187371694,6.732706108625191,1,38453.74115079012,38453.74115079012,258897.7379454165,0,258897.7379454165,6.732706108625191
Guayanilla,1995-1999,1,0,1,0.016192582011024387,0.1169785122261014,0.015964317842969637,100000,1596.4317842969613,98590.31643070056,0.9834477221208797,7123920.346509153,71.23920346509153
Guayanilla,1995-1999,1,1,4,5.105470689162142e-4,1.6048995103391326,0.0020396941141746696,98403.56821570304,200.71317890335922,393133.5446297393,0.9979688281044824,7025330.030078452,71.3930415071815
Guayanilla,1995-1999,1,5,5,2.3572449758078501e-4,2.5,0.001177928321499496,98202.85503679968,115.67592419995344,490725.0853734985,0.9986337281362068,6632196.485448713,67.53567890631511
Guayanilla,1995-1999,1,10,5,3.112094446444943e-4,2.5,0.0015548375229174224,98087.17911259973,152.50962660140067,490054.62149649515,0.9968165689655247,6141471.400075215,62.61237661881456
Guayanilla,1995-1999,1,15,5,9.652357305257968e-4,2.5,0.004814560687622788,97934.66948599833,471.51240966260957,488494.56640583515,0.9933953743836192,5651416.778578719,57.705987146734586
Guayanilla,1995-1999,1,20,5,0.0016877615491885437,2.5,0.008403350615808441,97463.15707633572,819.0170810360578,485268.2426790884,0.9907699638223981,5162922.2121728845,52.97306558753425
Guayanilla,1995-1999,1,25,5,0.0020229245889932263,2.5,0.010063727540221029,96644.13999529966,972.6002932716656,480789.1992433191,0.9870557902026897,4677653.969493796,48.400802880767486
Guayanilla,1995-1999,1,30,5,0.0031961307164644803,2.5,0.01585397514001474,95671.53970202799,1516.7742120428884,474565.76298003277,0.9841868251183586,4196864.770250477,43.86743208400057
Guayanilla,1995-1999,1,35,5,0.003179415895773414,2.5,0.01577171735669824,94154.7654899851,1484.9823490942508,467061.37157718994,0.9801688247148167,3722299.007270444,39.53383546652635
Guayanilla,1995-1999,1,40,5,0.004849219949106993,2.5,0.02395568379613813,92669.78314089085,2219.9680223798787,457798.9956485046,0.9723936780018165,3255237.635693254,35.12728232830912
Guayanilla,1995-1999,1,45,5,0.006369137305471873,2.5,0.03134656016302796,90449.81511851097,2835.2905713471555,445160.849164187,0.9633717081358194,2797438.6400447492,30.92807471612223
Guayanilla,1995-1999,1,50,5,0.008597075635765618,2.5,0.04208094550059522,87614.52454716382,3686.902032529775,428855.36765449465,0.9511198756598684,2352277.7908805623,26.8480346499433
Guayanilla,1995-1999,1,55,5,0.011517974106772421,2.5,0.055977987993224176,83927.62251463404,4698.099445424028,407892.8639596101,0.9287715534382798,1923422.4232260678,22.917632664867757
Guayanilla,1995-1999,1,60,5,0.018275112383751194,2.5,0.08738321665662233,79229.52306921002,6923.330579957634,378839.288896156,0.9026250356125821,1515529.5592664578,19.128343836458345
Guayanilla,1995-1999,1,65,5,0.02290527356931168,2.5,0.10832342371137467,72306.19248925238,7832.454325969506,341949.8266313381,0.8515924929757233,1136690.2703703018,15.72051066773098
Guayanilla,1995-1999,1,70,5,0.0428112384046561,2.5,0.1933611195546655,64473.73816328288,12466.714193126732,291201.90533359756,0.7753745934429318,794740.4437389636,12.326576159214543
Guayanilla,1995-1999,1,75,5,0.06066606336596872,2.5,0.26338412221077173,52007.023970156144,13697.824357174155,225790.55895784532,0.677669558108788,503538.53840536607,9.682125604693667
Guayanilla,1995-1999,1,80,5,0.10073657961120498,2.5,0.40235358754665584,38309.19961298199,15413.84390032426,153011.38831409928,0.44909990481853307,277747.97944752075,7.250163988114207
Guayanilla,1995-1999,1,85,NA,0.16369869924135177,5.44811763131772,1,22895.35571265773,22895.35571265773,124736.59113342145,0,124736.59113342145,5.44811763131772
Guayanilla,1995-1999,2,0,1,0.009756203551313923,0.12897836752709102,0.009673995251997912,100000,967.399525199784,99157.37408630697,0.990003024871358,7868766.012221185,78.68766012221185
Guayanilla,1995-1999,2,1,4,2.902279148086173e-4,1.5082604097249994,0.0011600727266733307,99032.60047480022,114.88501886234735,395844.1383493721,0.9988037231717913,7769608.638134878,78.4550602618168
Guayanilla,1995-1999,2,5,5,1.4500023671611286e-4,2.5,7.247384654579426e-4,98917.71545593787,71.68947330614901,494409.353596424,0.9992363771372571,7373764.499785506,74.54442781859527
Guayanilla,1995-1999,2,10,5,1.6057152446825767e-4,2.5,8.025354614850621e-4,98846.02598263172,79.32744107792678,494031.8113104638,0.9984105431458202,6879355.1461890815,69.59667905513831
Guayanilla,1995-1999,2,15,5,4.7596774740207214e-4,2.5,0.0023770102864314,98766.6985415538,234.7694583901466,493246.56906179356,0.9966410602987499,6385323.334878618,64.65056976863656
Guayanilla,1995-1999,2,20,5,8.705321982599901e-4,2.5,0.004343208733683861,98531.92908316365,427.9447349407128,491589.7835784665,0.9949426152249761,5892076.7658168245,59.79865431076408
Guayanilla,1995-1999,2,25,5,0.001158279577248765,2.5,0.005774676162582962,98103.98434822293,566.5187398700946,489103.62489143945,0.9936298689319133,5400486.982238358,55.04859989242815
Guayanilla,1995-1999,2,30,5,0.0013986826417363965,2.5,0.0069690445047363245,97537.46560835284,679.7429387038137,485987.9706950047,0.9924627707160637,4911383.357346918,50.35381354963483
Guayanilla,1995-1999,2,35,5,0.0016284833240364318,2.5,0.008109401557172732,96857.72266964903,785.4581670414482,482324.9679306415,0.9903666146803086,4425395.386651914,45.689649360697175
Guayanilla,1995-1999,2,40,5,0.00224651232266981,2.5,0.011169828718702361,96072.26450260758,1073.1107391120022,477678.54566525784,0.9883353144129551,3943070.4187212726,41.04275504627301
Guayanilla,1995-1999,2,45,5,0.0024479160836069513,2.5,0.012165132360125858,94999.15376349557,1155.6772796328587,472106.57561839576,0.9855949686639632,3465391.8730560145,36.47813412826029
Guayanilla,1995-1999,2,50,5,0.003362533856377296,2.5,0.016672514545312586,93843.47648386272,1564.606726659913,465305.8656026638,0.9763691335441818,2993285.297437619,31.89657299143583
Guayanilla,1995-1999,2,55,5,0.006237203242839272,2.5,0.030707198617211908,92278.8697572028,2833.6255818062637,454310.28483149834,0.9546951157870545,2527979.4318349552,27.394997776699952
Guayanilla,1995-1999,2,60,5,0.012448739127088847,2.5,0.060365024528553524,89445.24417539654,5399.36435861027,433727.809980457,0.9353008634733535,2073669.1470034567,23.183671374825934
Guayanilla,1995-1999,2,65,5,0.014359994744036092,2.5,0.06931168513459769,84045.87981678627,5825.361558721328,405665.995187128,0.8970308315636709,1639941.3370229998,19.51245368122684
Guayanilla,1995-1999,2,70,5,0.029907191243059673,2.5,0.13913324481306866,78220.51825806494,10883.074516204448,363894.9049998136,0.8508518641807515,1234275.3418358716,15.779431910227869
Guayanilla,1995-1999,2,75,5,0.034967383086463195,2.5,0.16078163304264284,67337.4437418605,10826.624169733426,309620.6582849689,0.7894160767705705,870380.436836058,12.925653076060916
Guayanilla,1995-1999,2,80,5,0.062408389764308,2.5,0.26992758412587575,56510.81957212707,15253.82900407751,244419.52535044155,0.564127930177194,560759.7785510892,9.923051599621001
Guayanilla,1995-1999,2,85,NA,0.11802648860343061,7.6675552153731115,1,41256.99056804956,41256.99056804956,316340.25320064765,0,316340.25320064765,7.6675552153731115
Guayanilla,2000-2004,1,0,1,0.012861863666332565,0.12362479414701669,0.012718503009853716,100000,1271.8503009853594,98885.38193065977,0.9868066269511819,7336567.78173274,73.3656778173274
Guayanilla,2000-2004,1,1,4,4.1938948647294005e-4,1.6146791504313107,0.0016758814301636462,98728.14969901464,165.45667271499406,394517.9315449312,0.9983021695499691,7237682.39980208,73.3092073726397
Guayanilla,2000-2004,1,5,5,2.0128634766602822e-4,2.5,0.001005925540634895,98562.69302629965,99.14673026892706,492565.59830582596,0.9988592456852777,6843164.468257149,69.42956059886853
Guayanilla,2000-2004,1,10,5,2.5530662035161026e-4,2.5,0.0012757188530858007,98463.54629603072,125.61180235151551,492003.7019742748,0.9971628145915616,6350598.869951324,64.49695454659172
Guayanilla,2000-2004,1,15,5,8.820701395529391e-4,2.5,0.0044006465005824655,98337.9344936792,432.750487304118,490607.79625013575,0.9935873442979175,5858595.167977048,59.576146256698294
Guayanilla,2000-2004,1,20,5,0.0016938542453651061,2.5,0.00843355818100446,97905.18400637509,825.6890655397146,487461.6973680262,0.9907284513141199,5367987.371726912,54.828428404540624
Guayanilla,2000-2004,1,25,5,0.0020336200361606854,2.5,0.010116666541359266,97079.49494083537,982.1208783200127,482942.17250837677,0.9887066988621303,4880525.674358887,50.27349675988013
Guayanilla,2000-2004,1,30,5,0.0025120699817707667,2.5,0.012481961009937093,96097.37406251536,1199.4836762056511,477488.16112206265,0.9867314108179577,4397583.50185051,45.761744738099694
Guayanilla,2000-2004,1,35,5,0.002832955007208039,2.5,0.014065160121556331,94897.89038630971,1334.7540234813496,471152.5668728452,0.9832171054281845,3920095.340728447,41.308561494576416
Guayanilla,2000-2004,1,40,5,0.003946435431296035,2.5,0.019539399708193503,93563.13636282836,1828.1675193455303,463245.263015778,0.978551139016946,3448942.773855602,36.862197099517395
Guayanilla,2000-2004,1,45,5,0.004734662070476949,2.5,0.023396375522946912,91734.96884348283,2146.265779647947,453309.17976829427,0.9671865084565716,2985697.510839824,32.54699433030808
Guayanilla,2000-2004,1,50,5,0.008675404871273808,2.5,0.042456212279309645,89588.70306383488,3803.5969951062143,438434.5228314089,0.9529374578161188,2532388.3310715295,28.266826558111017
Guayanilla,2000-2004,1,55,5,0.010650868972596464,2.5,0.05187311060241402,85785.10606872867,4449.94029514298,417800.6796057859,0.9325173103063135,2093953.8082401208,24.40929322349386
Guayanilla,2000-2004,1,60,5,0.017524829538563845,2.5,0.08394628677739607,81335.16577358569,6827.785151116477,389606.3659901373,0.9070402541865771,1676153.1286343348,20.60797580840095
Guayanilla,2000-2004,1,65,5,0.021673865846709602,2.5,0.10279918962105498,74507.38062246921,7659.298348777331,353388.6572404027,0.8691190048205715,1286546.7626441976,17.267373405101473
Guayanilla,2000-2004,1,70,5,0.0352984252500558,2.5,0.1621803489400575,66848.08227369188,10841.445309121023,307136.79809565685,0.8148840407850243,933158.1054037949,13.95938482697566
Guayanilla,2000-2004,1,75,5,0.04755027279538617,2.5,0.21249131409702215,56006.636964570855,11900.923886756515,250280.875105963,0.7326866126635648,626021.307308138,11.177627174867718
Guayanilla,2000-2004,1,80,5,0.0810374873963362,2.5,0.33692795060509634,44105.71307781434,14860.447517284385,183377.44659586076,0.5119571095367488,375740.432202175,8.51908757351384
Guayanilla,2000-2004,1,85,NA,0.16009818747376559,6.577576982782865,1,29245.265560529955,29245.265560529955,192362.98560631427,0,192362.98560631427,6.577576982782865
Guayanilla,2000-2004,2,0,1,0.007346643985333797,0.133930663016263,0.007300195012006635,100000,730.0195012006589,99367.75249460994,0.992416765094253,7982560.368452626,79.82560368452626
Guayanilla,2000-2004,2,1,4,2.4237229047132638e-4,1.5121225827154652,9.689049194391253e-4,99269.98049879934,96.18317245790968,396840.6300525165,0.9990419613743051,7883192.615958016,79.41164666646996
Guayanilla,2000-2004,2,5,5,1.0972913453021734e-4,2.5,5.484952078899473e-4,99173.79732634143,54.39635258175258,495732.9957502528,0.9993594509799628,7486351.985905499,75.48719709976315
Guayanilla,2000-2004,2,10,5,1.465843679578727e-4,2.5,7.326533509684036e-4,99119.40097375968,72.62016126939852,495415.4544656249,0.9985363389202048,6990618.990155247,70.52725219763893
Guayanilla,2000-2004,2,15,5,4.3952337722114135e-4,2.5,0.0021952047765629898,99046.78081249028,217.4279663427733,494690.33414659445,0.9969906826668036,6495203.535689622,65.57712913442357
Guayanilla,2000-2004,2,20,5,7.665102285743608e-4,2.5,0.0038252209653805006,98829.3528461475,378.0441125020734,493201.65394948237,0.9958188189176173,6000513.201543028,60.715900982214464
Guayanilla,2000-2004,2,25,5,9.097661011904075e-4,2.5,0.004538508054008246,98451.30873364543,446.8220576152962,491139.4885241889,0.9944919454093005,5507311.547593545,55.939444771559835
Guayanilla,2000-2004,2,30,5,0.0013006196189523582,2.5,0.006482021483980452,98004.48667603014,635.2671881605056,488434.26540974947,0.9928596201074639,5016172.059069356,51.183085889232125
Guayanilla,2000-2004,2,35,5,0.0015667193091141243,2.5,0.00780303363689913,97369.21948786963,759.7752948624693,484946.65920219204,0.9914296100606024,4527737.793659607,46.50070954120853
Guayanilla,2000-2004,2,40,5,0.001877527812116805,2.5,0.009343781038658001,96609.44419300716,902.6974928059062,480790.47723302105,0.9891665839693885,4042791.1344574145,41.84674871310399
Guayanilla,2000-2004,2,45,5,0.002482735102385765,2.5,0.012337101126855508,95706.74670020126,1180.7438125627232,475581.8739695995,0.9845634009973083,3562000.6572243934,37.21786373516866
Guayanilla,2000-2004,2,50,5,0.0037497884797984193,2.5,0.01857481334624174,94526.00288763853,1755.802860004187,468240.50728818215,0.9776344668455155,3086418.783254794,32.65153173697155
Guayanilla,2000-2004,2,55,5,0.005315304398751893,2.5,0.026227997517323756,92770.20002763435,2433.17657600643,457768.0586981557,0.9642184397631149,2618178.2759666117,28.222190694713497
Guayanilla,2000-2004,2,60,5,0.009331204761249472,2.5,0.04559244275887583,90337.02345162792,4118.68557072556,441388.4033313257,0.9514589000436998,2160410.2172684562,23.91500333664718
Guayanilla,2000-2004,2,65,5,0.010599759191707971,2.5,0.051630615724540495,86218.33788090236,4451.505871537476,419962.92472566804,0.9172900958240725,1719021.8139371304,19.93800688099207
Guayanilla,2000-2004,2,70,5,0.024511550469171674,2.5,0.11548119452618624,81766.83200936488,9442.531433063457,385227.83146416576,0.8616577214973422,1299058.8892114623,15.887357468645467
Guayanilla,2000-2004,2,75,5,0.0357744846507321,2.5,0.16418806474823744,72324.30057630142,11874.786945892767,331934.5355167752,0.78962898936096515,913831.0577472966,12.63518693531248
Guayanilla,2000-2004,2,80,5,0.061261580130220546,2.5,0.2656261989690342,60449.513630408655,16056.974535172274,262105.1318141126,0.5495674543483897,581896.5222305214,9.626157222509114
Guayanilla,2000-2004,2,85,NA,0.13787890033205358,7.203719294594812,1,44392.53909523638,44392.53909523638,319791.39041640883,0,319791.39041640883,7.203719294594812
Guayanilla,2005-2009,1,0,1,0.0122625962269075,0.12482060235901743,0.01213239174352608,100000,1213.2391743526096,98938.19807019563,0.9874161159072652,7368468.60055958,73.68468600559581
Guayanilla,2005-2009,1,1,4,4.008514388421229e-4,1.616445103676756,0.0016018752414108414,98786.76082564739,158.2440663457819,394769.859883437,0.9983542451632864,7269530.402489385,73.58810372697272
Guayanilla,2005-2009,1,5,5,2.0048732388031702e-4,2.5,0.0010019344315193878,98628.51675930161,98.81930687083513,492895.53552933095,0.9988328252565409,6874760.542605948,69.70357832089766
Guayanilla,2005-2009,1,10,5,2.666938518314077e-4,2.5,0.001332580781403366,98529.69745243077,131.29878122259106,492320.2403090974,0.9968251467401187,6381865.007076616,64.77097943143205
Guayanilla,2005-2009,1,15,5,0.0010064427601991772,2.5,0.0050195839910783056,98398.39867120818,493.91902671774733,490757.1957892465,0.9930003056599036,5889544.7667675195,59.85407126844664
Guayanilla,2005-2009,1,20,5,0.0018060769625317774,2.5,0.008989794162322703,97904.47964449044,880.1411195732799,487322.045423519,0.990111129758919,5398787.570978273,55.1434172428298
Guayanilla,2005-2009,1,25,5,0.002170939270649332,2.5,0.010796102147939402,97024.33852491716,1047.4846695512533,482502.9809507076,0.9886062131288068,4911465.525554754,50.62096377285194
Guayanilla,2005-2009,1,30,5,0.0024140810022575086,2.5,0.011997994683709717,95976.8538553659,1151.5297823158762,477005.44482103986,0.9865587951408215,4428962.544604046,46.146152605485
Guayanilla,2005-2009,1,35,5,0.0030027616762475723,2.5,0.014901940938359337,94825.32407305003,1413.0813787973602,470593.91691825667,0.9843597116101036,3951957.099783006,41.67617815614909
Guayanilla,2005-2009,1,40,5,0.003305045545179418,2.5,0.01638980509510723,93412.24269425267,1531.0084512556496,463233.6923431242,0.9791391313610358,3481363.18286475,37.26881062324549
Guayanilla,2005-2009,1,45,5,0.00514666583021909,2.5,0.025406433098357783,91881.23424299702,2334.3744307892484,453570.2351380119,0.9698918247461974,3018129.4905216256,32.84816007738447
Guayanilla,2005-2009,1,50,5,0.0071106943015080155,2.5,0.03493248593583642,89546.85981220777,3128.0944209882728,439914.0630085682,0.9564691243692415,2564559.2553836135,28.639298583577933
Guayanilla,2005-2009,1,55,5,0.010770505485568023,2.5,0.05244050067731279,86418.7653912195,4531.843325030772,420764.21864352055,0.935449061862369,2124645.1923750453,24.585461071524612
Guayanilla,2005-2009,1,60,5,0.016088390467271264,2.5,0.07733159989974171,81886.92206618872,6332.446694243845,393603.493595334,0.9070909782172426,1703880.9737315248,20.807730108042012
Guayanilla,2005-2009,1,65,5,0.023233852779852425,2.5,0.10979203401263675,75554.47537194488,8295.27952984348,357034.1780351157,0.8707662451810364,1310277.4801361908,17.342155758290488
Guayanilla,2005-2009,1,70,5,0.032683454721899666,2.5,0.15107328170385634,67259.1958421014,10161.067440628642,310893.31060893537,0.8212219447528092,953243.3021010751,14.17268360357626
Guayanilla,2005-2009,1,75,5,0.04728047956471008,2.5,0.2114131142531553,57098.12840147276,12071.293143381881,255312.40914890906,0.735330770515909,642349.9914921398,11.24993076788085
Guayanilla,2005-2009,1,80,5,0.07967463701787093,2.5,0.3322028344596529,45026.835258090876,14958.042299485627,187739.0705417403,0.5149332284345179,387037.58234323066,8.595709205960324
Guayanilla,2005-2009,1,85,NA,0.2001353635632359,6.628084874436372,1,30068.79295860525,30068.79295860525,199298.51180149033,0,199298.51180149033,6.628084874436372
Guayanilla,2005-2009,2,0,1,0.006653664501882447,0.13535492295921606,0.0066156045435458695,100000,661.5604543545778,99427.98500997745,0.9931346600904316,7982066.385603681,79.82066385603682
Guayanilla,2005-2009,2,1,4,2.1710708525901124e-4,1.5132364114076509,8.679597347878109e-4,99338.43954564542,86.22176564227266,397139.34503523837,0.9991267742110299,7882638.400593705,79.35134109864569
Guayanilla,2005-2009,2,5,5,1.0269348733627915e-4,2.5,5.133356461122125e-4,99252.21778000315,50.94970134217874,496133.71464666026,0.9994303778941921,7485499.055558465,75.41896012994287
Guayanilla,2005-2009,2,10,5,1.2522668687600476e-4,2.5,6.25937474189813e-4,99201.26807866097,62.093791177583626,495851.1059153609,0.9986493000633648,6989365.340911806,70.45641125645325
Guayanilla,2005-2009,2,15,5,4.156146584709258e-4,2.5,0.002075916339203798,99139.17428748339,205.80463175855402,495181.35985802056,0.9969812364346993,6493514.234996445,65.49897436271334
Guayanilla,2005-2009,2,20,5,7.942885369450806e-4,2.5,0.003963572134945049,98933.36965572483,392.12954718364927,493686.5244106651,0.9955966517503622,5998332.875138424,60.630027017292925
Guayanilla,2005-2009,2,25,5,9.713278577321776e-4,2.5,0.004844874385017437,98541.24010854118,477.4199300697219,491512.6507175316,0.9947161174910917,5504646.350727759,55.86134642373592
Guayanilla,2005-2009,2,30,5,0.001148292588957075,2.5,0.005725027926935195,98063.82017847146,561.4181091436913,488915.5556194981,0.9935461379829844,5013133.700010227,51.121134082749
Guayanilla,2005-2009,2,35,5,0.001442562315987489,2.5,0.007186892728389896,97502.40206932777,700.7393044326163,485760.1620855573,0.9915943695687323,4524218.144390729,46.40109421277483
Guayanilla,2005-2009,2,40,5,0.0019359628447209519,2.5,0.00963319047650816,96801.66276489515,932.5088558569405,481677.0416848334,0.9892769390426358,4038457.982305172,41.718890636346664
Guayanilla,2005-2009,2,45,5,0.0023787692256347433,2.5,0.011823532490109303,95869.15390903821,1133.5120560427895,476511.9894050841,0.9851577298614279,3556780.9406203385,37.100368529329614
Guayanilla,2005-2009,2,50,5,0.0036117453296484327,2.5,0.017897126986225597,94735.64185299542,1695.4958123646502,469439.46973406547,0.9783057728689784,3080268.9512152546,32.51436197577058
Guayanilla,2005-2009,2,55,5,0.005178284400697972,2.5,0.02556052286147175,93040.14604063077,2378.15477990621,459255.3432533883,0.9652279463464841,2610829.481481189,28.061321833491487
Guayanilla,2005-2009,2,60,5,0.009045052097543065,2.5,0.04422521211862079,90661.99126072456,4009.545794602076,443286.09181711765,0.9483316748880974,2151574.138227801,23.731820891075866
Guayanilla,2005-2009,2,65,5,0.012255499056898373,2.5,0.05945584272343158,86652.44546612249,5151.994169234516,420382.2419075261,0.9213257061779161,1708288.046410683,19.714250846833316
Guayanilla,2005-2009,2,70,5,0.02085496838207699,2.5,0.09910762589901809,81500.45129688797,8077.316237733117,387308.96589010704,0.8677173059679765,1287905.8045031568,15.802437704444152
Guayanilla,2005-2009,2,75,5,0.036945338084470106,2.5,0.16910736819591768,73423.13505915485,12416.393134547092,336074.69245940656,0.7814514694355681,900596.8386130498,12.26584560693936
Guayanilla,2005-2009,2,80,5,0.06459015833415654,2.5,0.2780522022496226,61006.74192460776,16963.058944211567,262626.0622625099,0.5347816484226428,564522.1461536433,9.253438691272526
Guayanilla,2005-2009,2,85,NA,0.13058911672911785,6.854469550730057,1,44043.682980396195,44043.682980396195,301896.08389113337,0,301896.08389113337,6.854469550730057
Guayanilla,2010-2014,1,0,1,0.012960044436122252,0.12342887932993986,0.012814466957049705,100000,1281.4466957049735,98876.72083386694,0.9867741231418418,7598804.012765576,75.98804012765576
Guayanilla,2010-2014,1,1,4,3.86626283792412e-4,1.6143900110584093,0.0015450800467738336,98718.55330429503,152.52806695683103,394510.34073705395,0.9984335657263725,7499927.291931708,75.97282416420302
Guayanilla,2010-2014,1,5,5,1.7532829365510394e-4,2.5,8.762573864945776e-4,98566.0252373382,86.36920767163974,492614.20316751185,0.9990288241213147,7105416.951194655,72.0878916856538
Guayanilla,2010-2014,1,10,5,2.1334925747166993e-4,2.5,0.0010661776168511294,98479.65602966656,104.99680497401278,492135.7881358978,0.9975254356497673,6612802.748027143,67.14892206807735
Guayanilla,2010-2014,1,15,5,7.784026901686448e-4,2.5,0.00388445427669618,98374.65922469254,382.1318657438824,490917.966459103,0.9947336592388277,6120666.959891245,62.2179228688492
Guayanilla,2010-2014,1,20,5,0.0013351650484176413,2.5,0.006653616053089019,97992.52735894866,652.0046531182743,488332.6251619476,0.9928929160877648,5629748.993432142,57.450799006441116
Guayanilla,2010-2014,1,25,5,0.0015184603415411694,2.5,0.007563589182173746,97340.52270583039,736.2437245249457,484862.00421783957,0.9914933165282432,5141416.368270194,52.818869524749736
Guayanilla,2010-2014,1,30,5,0.0019003789695317332,2.5,0.009456965302716482,96604.27898130544,913.583314420146,480737.43662047683,0.9898572428884049,4656554.364052355,48.20236135661731
Guayanilla,2010-2014,1,35,5,0.002178823149096682,2.5,0.010835096348615769,95690.6956668853,1036.817907216784,475861.4335663845,0.9865159270315632,4175816.927431878,43.63869337901533
Guayanilla,2010-2014,1,40,5,0.0032587472236271066,2.5,0.01616206589968881,94653.87775966851,1529.8022100128437,469444.88327331044,0.9793962294401204,3699955.4938654937,39.089317642747694
Guayanilla,2010-2014,1,45,5,0.00508758442246933,2.5,0.025118441631444544,93124.07554965567,2339.131656176265,459772.5486078377,0.9743490138594704,3230510.610592183,34.69039119609417
Guayanilla,2010-2014,1,50,5,0.005308990885363119,2.5,0.026197251996636337,90784.9438934794,2378.3160526779684,447978.9293357021,0.9640795562334049,2770738.0619843453,30.519797040744248
Guayanilla,2010-2014,1,55,5,0.009396721009901474,2.5,0.04590520894608831,88406.62784080143,4058.3247232510475,431887.32739587955,0.9421137151831284,2322759.1326486436,26.27358592198948
Guayanilla,2010-2014,1,60,5,0.014603112867508728,2.5,0.07044381681801469,84348.30311755039,5941.816413723107,406886.9745534442,0.9093693744385107,1890871.805252764,22.417425548177146
Guayanilla,2010-2014,1,65,5,0.023806758799694783,2.5,0.11234723517444728,78406.48670382728,8808.752000917055,370010.55351684376,0.8842956166946951,1483984.8306993197,18.92681196525136
Guayanilla,2010-2014,1,70,5,0.02541570273347479,2.5,0.11948643442246352,69597.73470291022,8315.985163531295,327198.71060572285,0.8584788464237987,1113974.277182476,16.005898495657434
Guayanilla,2010-2014,1,75,5,0.03633491824166283,2.5,0.16654600272691833,61281.74953937893,10206.230425895723,280893.1716321553,0.7812266861728733,786775.566576753,12.8386603269409
Guayanilla,2010-2014,1,80,5,0.06550519611648774,2.5,0.2814370136486973,51075.519113483206,14374.541569855675,219441.24164277682,0.5662208374205053,505882.3949445978,9.904596247384044
Guayanilla,2010-2014,1,85,NA,0.17567680487320594,7.8047281700145446,1,36700.97754362753,36700.97754362753,286441.153301821,0,286441.153301821,7.8047281700145446
Guayanilla,2010-2014,2,0,1,0.007184304277208043,0.1342643149481826,0.007139896203494804,100000,713.9896203494718,99381.87370690686,0.9926409612590272,8098121.953234466,80.98121953234465
Guayanilla,2010-2014,2,1,4,2.080495558464654e-4,1.512383388876914,8.317677440435162e-4,99286.01037965053,82.58290086855413,396938.60692260676,0.9991547844504267,7998740.079527559,80.56260946473648
Guayanilla,2010-2014,2,5,5,9.369172977262824e-5,2.5,4.683489478054985e-4,99203.42747878197,46.461820878394064,495900.9828417139,0.999465845721959,7601801.472604952,76.62841562839002
Guayanilla,2010-2014,2,10,5,1.2003409817080032e-4,2.5,5.999904425747877e-4,99156.96565790358,59.4932317094499,495636.09521024424,0.998700863130575,7105900.4897632385,71.66314986159364
Guayanilla,2010-2014,2,15,5,4.001404868586998e-4,2.5,0.001998703029285438,99097.47242619413,198.0664183327608,494992.19608513877,0.9973638907908104,6610264.3945529945,66.70467200337718
Guayanilla,2010-2014,2,20,5,6.560325703172371e-4,2.5,0.003274791926174729,98899.40600786137,323.87497629802965,493687.3425985618,0.9961758995071357,6115272.198467855,61.833255075179736
Guayanilla,2010-2014,2,25,5,8.769612146416275e-4,2.5,0.0043752138410971236,98575.53103156334,431.28902776278846,491799.43258840975,0.9950346665693073,5621584.855869293,57.02819753584988
Guayanilla,2010-2014,2,30,5,0.0011147070498153547,2.5,0.005558046265687868,98144.24200380055,545.4902377679828,489357.4844245828,0.9938756931607989,5129785.423280884,52.26781845319297
Guayanilla,2010-2014,2,35,5,0.0013432421127227178,2.5,0.006693732305802473,97598.75176603257,653.2999177023012,486360.5090359071,0.992359624308669,4640427.938856301,47.545976304907164
Guayanilla,2010-2014,2,40,5,0.001726096187158929,2.5,0.008593398355454428,96945.45184833027,833.0908864822268,482644.5320254458,0.9895856902436673,4154067.4298203937,42.849533945330116
Guayanilla,2010-2014,2,45,5,0.0024653021354557295,2.5,0.012251004607726382,96112.36096184804,1177.472977003068,477618.1223667325,0.9848492888619029,3671422.897794948,38.19927906309913
Guayanilla,2010-2014,2,50,5,0.003650286760055941,2.5,0.018086382592988476,94934.88798484497,1717.028705516408,470381.86816043383,0.9778259969171357,3193804.7754282155,33.64205555220186
Guayanilla,2010-2014,2,55,5,0.0053376720291188175,2.5,0.02633691560124896,93217.85927932856,2455.070892368778,459951.6191657209,0.9692339219041152,2723422.907267782,29.21567742836712
Guayanilla,2010-2014,2,60,5,0.007189966273100061,2.5,0.035315046384408154,90762.78838695979,3205.2920818637213,445800.7117301396,0.9531202008969811,2263471.288102061,24.938318096309853
Guayanilla,2010-2014,2,65,5,0.012130635104813102,2.5,0.058867912606050454,87557.49630509607,5154.327040492979,424901.66392424784,0.9250300246327926,1817670.5763719212,20.759736779569476
Guayanilla,2010-2014,2,70,5,0.01930462208419527,2.5,0.09207922387423124,82403.16926460309,7587.619870661554,393046.79664636153,0.8815399284341464,1392768.9124476735,16.901885265788533
Guayanilla,2010-2014,2,75,5,0.03185267693095058,2.5,0.14751640377601985,74815.54939394153,11036.520793121432,346486.44498690404,0.809519395119328,999722.1158013119,13.36249113853688
Guayanilla,2010-2014,2,80,5,0.05477270253022457,2.5,0.24087946451264555,63779.0286008201,15363.058256502256,280487.4973628449,0.5706182165264292,653235.6708144079,10.242170273600063
Guayanilla,2010-2014,2,85,NA,0.10330877677022166,7.698868179253772,1,48415.970344317844,48415.970344317844,372748.17345156294,0,372748.17345156294,7.698868179253772
Guayanilla,2015-2019,1,0,1,0.01299794424460738,0.1233532521570982,0.012851506398464854,100000,1285.1506398464844,98873.37687109035,0.9868235298974299,7598040.771487964,75.98040771487965
Guayanilla,2015-2019,1,1,4,3.4104263357572715e-4,1.6142784112214255,0.0013630615027917837,98714.84936015352,134.55441091670946,394538.38807762467,0.9985642524725417,7499167.394616874,75.96797688721318
Guayanilla,2015-2019,1,5,5,1.6084690223571946e-4,2.5,8.039112445951833e-4,98580.2949492368,79.2498076052143,492703.35022717103,0.9991079287075977,7104629.006539249,72.06946388421464
Guayanilla,2015-2019,1,10,5,1.9615660039717998e-4,2.5,9.803022700842464e-4,98501.04514163159,96.56079815801058,492263.8237127629,0.9978543833890884,6611925.656312078,67.12543655557153
Guayanilla,2015-2019,1,15,5,6.635136899622077e-4,2.5,0.0033120744329898817,98404.48434347358,325.9229766855715,491207.61427565396,0.9946043581522408,6119661.832599315,62.188851183235585
Guayanilla,2015-2019,1,20,5,0.001502851899742742,2.5,0.00748613312524122,98078.56136678801,734.2291671239218,488557.23391613027,0.991286583179248,5628454.218323661,57.38720205402201
Guayanilla,2015-2019,1,25,5,0.0019999411494098047,2.5,0.009949957423832033,97344.33219966409,968.5719608380168,484300.2310962254,0.9892346853818451,5139896.984407531,52.80119415545457
Guayanilla,2015-2019,1,30,5,0.002331281678585673,2.5,0.011588866114805793,96375.76023882607,1116.8857821203856,479086.5867388294,0.9872651917716185,4655596.753311305,48.306718844804976
Guayanilla,2015-2019,1,35,5,0.0027982771354568095,2.5,0.013894186218258218,95258.87445670569,1323.544540643139,472985.51093192055,0.9867911277975758,4176510.166572476,43.8437908320097
Guayanilla,2015-2019,1,40,5,0.002518538802694549,2.5,0.012513902143171,93935.32991606255,1175.4975263560918,466737.9057644225,0.9827115717879769,3703524.6556405555,39.42632297081301
Guayanilla,2015-2019,1,45,5,0.0044741840926070826,2.5,0.022123459387868805,92759.83238970645,2052.16838469918,458668.7409867843,0.9756277324913099,3236786.749876133,34.894271221595254
Guayanilla,2015-2019,1,50,5,0.00540649136469279,2.5,0.0266719526196696,90707.66400500727,2419.350516582461,447489.94373358024,0.9652507019607109,2778118.0088893487,30.62715856882821
Guayanilla,2015-2019,1,55,5,0.008798986453747727,2.5,0.043047985661986275,88288.31348842481,3800.634053170681,431939.98230919737,0.9427507978381626,2330628.0651557683,26.39792259098175
Guayanilla,2015-2019,1,60,5,0.014956968950142202,2.5,0.07208925295547601,84487.67943525413,6090.6536944291875,407211.76294019766,0.9209015827648458,1898688.082846571,22.472958134701784
Guayanilla,2015-2019,1,65,5,0.018115288599932257,2.5,0.08665212248321115,78397.02574082495,6793.26867681343,375001.9570120912,0.8966194078963166,1491476.3199063735,19.02465438978628
Guayanilla,2015-2019,1,70,5,0.025916178076114342,2.5,0.12169614309171854,71603.75706401152,8713.901065566592,336234.03265614115,0.8329370442183889,1116474.3628942822,15.592399179503795
Guayanilla,2015-2019,1,75,5,0.04911416117279091,2.5,0.2187157093623457,62889.855998444924,13754.99946639566,280061.78132623545,0.7582064715426589,780240.3302381411,12.406457573339555
Guayanilla,2015-2019,1,80,5,0.06278401991648952,2.5,0.2713318404028689,49134.85653204926,13331.851050771846,212344.6550333167,0.5754622914252245,500178.5489119057,10.179709155874985
Guayanilla,2015-2019,1,85,NA,0.1530745707002408,8.03937797984884,1,35803.00548127742,35803.00548127742,287833.893878589,0,287833.893878589,8.03937797984884
Guayanilla,2015-2019,2,0,1,0.00558201443452622,0.1375574531931513,0.005555270436330903,100000,555.5270436330902,99520.88984166899,0.9942444197918974,8429998.269487852,84.29998269487852
Guayanilla,2015-2019,2,1,4,1.7870649928052726e-4,1.5149615750000895,7.145086891595579e-4,99444.47295636691,71.0539400162088,397601.3200542797,0.9992769853500445,8330477.379646183,83.77013957629735
Guayanilla,2015-2019,2,5,5,8.399326994207934e-5,2.5,4.1987818235661304e-4,99373.4190163507,41.724730551140965,496762.7832553757,0.9995333844344835,7932876.059591903,79.82895363886638
Guayanilla,2015-2019,2,10,5,1.0270087809280759e-4,2.5,5.133725809269131e-4,99331.69428579956,50.99416826335073,496530.98600833945,0.9989146746050227,7436113.276336527,74.86143601800612
Guayanilla,2015-2019,2,15,5,3.3178937933723565e-4,2.5,0.0016575719847361221,99280.70011753621,164.56490713982203,495992.08831983147,0.9975387807968646,6939582.290328189,69.89860347592807
Guayanilla,2015-2019,2,20,5,6.543086990517334e-4,2.5,0.003266200736372023,99116.13521039639,323.733193810549,494771.3430674555,0.9964951806286538,6443590.202008357,65.01050700100828
Guayanilla,2015-2019,2,25,5,7.502485350858985e-4,2.5,0.003744219936623265,98792.40201658584,369.9004812173953,493037.2588798857,0.9959430979412867,5948818.858940901,60.21534791655515
Guayanilla,2015-2019,2,30,5,8.760664039974017e-4,2.5,0.00437075933146138,98422.50153536844,430.1810670114792,491037.0550093135,0.9950823523335303,5455781.600061015,55.43225903581065
Guayanilla,2015-2019,2,35,5,0.0010963842942567504,2.5,0.005466936812137448,97992.32046835696,535.7178240752255,488622.3077815968,0.9935515231156764,4964744.545051702,50.664628833387866
Guayanilla,2015-2019,2,40,5,0.0014926316602304522,2.5,0.0074354124709995455,97456.60264428174,724.630038682546,485471.4381247023,0.9915938110717961,4476122.237270106,45.92938924423652
Guayanilla,2015-2019,2,45,5,0.0018856954230382081,2.5,0.00938423758055515,96731.97260559919,907.7558125666983,481390.4734965792,0.9879505908436339,3990650.799145403,41.254723662219725
Guayanilla,2015-2019,2,50,5,0.002969853216042705,2.5,0.014739828264277078,95824.2167930325,1412.4324990881578,475590.0027174421,0.9817321146695553,3509260.3256488238,36.62185241991967
Guayanilla,2015-2019,2,55,5,0.004418008590454458,2.5,0.021848723333824045,94411.78429394434,2062.77695449107,466901.979083494,0.9702333064221369,3033670.322931382,32.13232697187743
Guayanilla,2015-2019,2,60,5,0.007718420704712999,2.5,0.03786152556645463,92349.00733945327,3496.4743024194177,453003.8509412178,0.9622296381786666,2566768.3438478876,27.794216936334248
Guayanilla,2015-2019,2,65,5,0.007679792567819743,2.5,0.03767561065240764,88852.53303703385,3347.5734401834634,435893.7315847106,0.9408478235773385,2113764.49290667,23.78958056294974
Guayanilla,2015-2019,2,70,5,0.0169858266137884,2.5,0.08146956337449161,85504.95959685039,6966.051724708959,410109.6686724796,0.9043259644875404,1677870.7613219593,19.623081154976237
Guayanilla,2015-2019,2,75,5,0.02353552637765567,2.5,0.11113838113627168,78538.90787214143,8728.687077120572,370872.8216679057,0.857896236258588,1267761.0926494799,16.141822276334047
Guayanilla,2015-2019,2,80,5,0.03882285259131265,2.5,0.17694088793260457,69810.22079502085,12352.282454242173,318170.3978394988,0.6452507986404079,896888.2709815741,12.847520904067157
Guayanilla,2015-2019,2,85,NA,0.11307310385710159,10.072026422349918,1,57457.93834077868,57457.93834077868,578717.8731420753,0,578717.8731420753,10.072026422349918
Guayanilla,2020-2024,1,0,1,0.012535087490228827,0.12427685966762289,0.012398980580025315,100000,1239.8980580025382,98914.192578954,0.9872349007208258,7517271.313427638,75.17271313427638
Guayanilla,2020-2024,1,1,4,3.582456693035701e-4,1.6156418715123837,0.0014317596881710795,98760.10194199746,141.40073276021576,394703.2577814589,0.9985184631510913,7418357.120848684,75.11491963835294
Guayanilla,2020-2024,1,5,5,1.6828886981678986e-4,2.5,8.410904836666744e-4,98618.70120923725,82.94725109865249,492886.1379184396,0.99906672416891,7023653.863067225,71.22030382620112
Guayanilla,2020-2024,1,10,5,2.0521298293643534e-4,2.5,0.001025538780001774,98535.7539581386,101.05223690078128,492426.139198441,0.9977336620998012,6530767.725148786,66.27815247573264
Guayanilla,2020-2024,1,15,5,7.029152205480232e-4,2.5,0.003508410814336784,98434.70172123781,345.34937202480796,491310.135176127,0.994807875799224,6038341.585950345,61.34362659065731
Guayanilla,2020-2024,1,20,5,0.0013811053301709308,2.5,0.006881765543172998,98089.352349213,675.0279251489847,488759.19193319255,0.9922454712994261,5547031.450774217,56.55080105969037
Guayanilla,2020-2024,1,25,5,0.0017341536946550262,2.5,0.008633339628739157,97414.32442406402,841.0109474571218,484969.0947516773,0.9894703268117403,5058272.258841025,51.92534351335595
Guayanilla,2020-2024,1,30,5,0.0025040827536814618,2.5,0.012442521012706714,96573.3134766069,1201.6154821993841,479862.528677536,0.9865619084775281,4573303.164089347,47.35576526735976
Guayanilla,2020-2024,1,35,5,0.002910262225447296,2.5,0.014446205511731878,95371.69799440751,1377.7591492300417,473414.09209896246,0.98350401940355,4093440.6354118115,42.920915968716905
Guayanilla,2020-2024,1,40,5,0.003749989771642611,2.5,0.018575801196991096,93993.93884517747,1746.0127217101544,465604.662421612,0.9799927677916267,3620026.543312849,38.51340403210032
Guayanilla,2020-2024,1,45,5,0.004339729079113967,2.5,0.0214657564766031,92247.92612346732,1980.171517638024,456289.20182324154,0.9739489835836669,3154421.880891237,34.195043871981106
Guayanilla,2020-2024,1,50,5,0.006243322381266049,2.5,0.03073686156695316,90267.7546058293,2774.5474772790767,444402.40433594876,0.9622120049105943,2698132.6790679954,29.89032673793523
Guayanilla,2020-2024,1,55,5,0.009220292003445284,2.5,0.04506273116763065,87493.20712855022,3942.682871827681,427609.32846318185,0.9448838276479885,2253730.2747320468,25.75891716280022
Guayanilla,2020-2024,1,60,5,0.01357434275204643,2.5,0.0656440274399941,83550.52425672254,5484.59290693418,404041.1390162772,0.9300069222607424,1826120.946268865,21.856486988134414
Guayanilla,2020-2024,1,65,5,0.0155083666566655,2.5,0.07464767451712982,78065.93134978836,5827.4402342756075,375761.05616325274,0.8907185609595305,1422079.8072525878,18.21639456116529
Guayanilla,2020-2024,1,70,5,0.03166455735371585,2.5,0.14670909072467206,72238.49111551275,10598.043346879182,334697.3472103658,0.822967451161648,1046318.751089335,14.484227659409745
Guayanilla,2020-2024,1,75,5,0.047569879132358675,2.5,0.2125696180653433,61640.44776863357,13102.886439555186,275445.0227442799,0.7461533510248924,711621.4038789691,11.544715031111206
Guayanilla,2020-2024,1,80,5,0.07232934139283095,2.5,0.30626656044505807,48537.56132907838,14865.431960647897,205524.22674377216,0.5288047779911603,436176.38113468926,8.986367860088189
Guayanilla,2020-2024,1,85,NA,0.15127682904382753,6.8499426296207595,1,33672.129368430484,33672.129368430484,230652.1543909171,0,230652.1543909171,6.8499426296207595
Guayanilla,2020-2024,2,0,1,0.005987805515792633,0.13672344295755687,0.0059570129288637344,100000,595.7012928863696,99485.74503885132,0.9938096518710242,8447032.879298244,84.47032879298244
Guayanilla,2020-2024,2,1,4,2.0054829653829657e-4,1.5143079399647388,8.017934910488647e-4,99404.29870711363,79.70171968564682,397419.08089666074,0.9992193101528277,8347547.134259392,83.97571576712929
Guayanilla,2020-2024,2,5,5,8.546541300468272e-5,2.5,4.2723578031737564e-4,99324.59698742798,42.435021698634955,496516.8973828933,0.9994850570661464,7950128.053362731,80.04188584192312
Guayanilla,2020-2024,2,10,5,1.2057384918837435e-4,2.5,6.026875750399204e-4,99282.16196572935,59.83612543984782,496261.2195150471,0.9988522410121186,7453611.155979837,75.07502866983
Guayanilla,2020-2024,2,15,5,3.3891874299768894e-4,2.5,0.0016931591065981863,99222.3258402895,167.99918457432068,495691.6312400117,0.9975515896952084,6957349.93646479,70.11879511536041
Guayanilla,2020-2024,2,20,5,6.420173006937682e-4,2.5,0.0032049424322457675,99054.32665571518,317.4634145964519,494477.97474208474,0.9964831876284701,6461658.305224779,65.23347867159478
Guayanilla,2020-2024,2,25,5,7.674064724946329e-4,2.5,0.0038296850497362062,98736.86324111873,378.1310890123568,492738.9884830627,0.9957297219559982,5967180.330482694,60.43518230785436
Guayanilla,2020-2024,2,30,5,9.447390435008936e-4,2.5,0.004712564857464776,98358.73215210637,463.52190456481185,490634.8559991198,0.9947031409403841,5474441.341999631,55.65790878163932
Guayanilla,2020-2024,2,35,5,0.0011802562312566592,2.5,0.005883919823692975,97895.21024754156,576.0075682200986,488036.03231715754,0.99296251137826,4983806.486000512,50.90960500925703
Guayanilla,2020-2024,2,40,5,0.001646325212389226,2.5,0.008197885099626667,97319.20267932146,797.8116415523546,484601.4842927264,0.9908804783704493,4495770.453683354,46.196129128774935
Guayanilla,2020-2024,2,45,5,0.002019903997627024,2.5,0.01004877608069349,96521.3910377691,969.9218455356167,480182.1505750065,0.9873383429692639,4011168.9693906275,41.55730586001444
Guayanilla,2020-2024,2,50,5,0.0030838048945924174,2.5,0.015301060757818546,95551.46919223349,1462.0388356091862,474102.2488721445,0.9824992092139037,3530986.818815621,36.953767939578924
Guayanilla,2020-2024,2,55,5,0.003986274373675828,2.5,0.01973470202598337,94089.4303566243,1856.8268718824838,465805.08460341534,0.9679339745242607,3056884.5699434765,32.489138879436936
Guayanilla,2020-2024,2,60,5,0.00913299465592665,2.5,0.04464560314235879,92232.60348474182,4117.780211966325,450868.5668937933,0.9522863101862242,2591079.485340061,28.092880255393716
Guayanilla,2020-2024,2,65,5,0.010451143908219522,2.5,0.05092515425200759,88114.8232727755,4487.260967054477,429355.96394624125,0.9290927543820734,2140210.918446268,24.288886239048054
Guayanilla,2020-2024,2,70,5,0.019278757965198075,2.5,0.09196152964562203,83627.56230572102,7690.518550168665,398911.5151531835,0.9035598053766268,1710854.9545000268,20.458027321728903
Guayanilla,2020-2024,2,75,5,0.021356992386472373,2.5,0.10137243606904973,75937.04375555235,7697.923113382378,360440.4109943058,0.8660957246438087,1311943.4393468432,17.27672522478091
Guayanilla,2020-2024,2,80,5,0.03718378562513826,2.5,0.17010596846343867,68239.12064216998,11607.88170392975,312175.8989510255,0.6719128687466852,951503.0283525374,13.943658994991997
Guayanilla,2020-2024,2,85,NA,0.10052755333492742,11.289301477206541,1,56631.238938240225,56631.238938240225,639327.129401512,0,639327.129401512,11.289301477206541
Guaynabo,1980-1984,1,0,1,0.015020653058640468,0.11931703785413589,0.01482454752160012,100000,1482.454752160018,98694.4273576205,0.9846847966177965,7320109.140132387,73.20109140132386
Guaynabo,1980-1984,1,1,4,4.484561085210259e-4,1.608333638317419,0.0017919025157996252,98517.54524783998,176.5338371800026,393647.97095127776,0.9981472444277077,7221414.712774767,73.3007982954498
Guaynabo,1980-1984,1,5,5,2.2371344843300612e-4,2.5,0.0011179419955176172,98341.01141065998,109.93954653765832,491430.2081869557,0.9988362689292773,6827766.741823489,69.42949481484966
Guaynabo,1980-1984,1,10,5,2.4206067338270194e-4,2.5,0.0012095713927489267,98231.07186412232,118.8174944058992,490858.3155845968,0.9971656395076326,6336336.533636533,64.50440184956183
Guaynabo,1980-1984,1,15,5,8.942180599048622e-4,2.5,0.004461117270447841,98112.25436971642,437.690272411317,489467.0461675538,0.993762457583708,5845478.2180519365,59.57949142646769
Guaynabo,1980-1984,1,20,5,0.0016108466307976734,2.5,0.008021927915102006,97674.5640973051,783.5383123275969,486413.9747057065,0.9899891722607116,5356011.171884382,54.83527079320907
Guaynabo,1980-1984,1,25,5,0.0024176875181897385,2.5,0.012015811397854903,96891.02578497751,1164.2242919769778,481544.5681949451,0.9884787665454059,4869597.197178676,50.25849564215971
Guaynabo,1980-1984,1,30,5,0.002216340843925727,2.5,0.01102064048057036,95726.80149300053,1054.9706636092887,475996.58080597944,0.9883422533532888,4388052.62898373,45.839331937822884
Guaynabo,1980-1984,1,35,5,0.0024756179415149292,2.5,0.012301952372551769,94671.83082939124,1164.6483538854518,470447.53326224256,0.9854816491425828,3912056.0481777512,41.32228154779952
Guaynabo,1980-1984,1,40,5,0.003380806131043319,2.5,0.016762354974049123,93507.18247550579,1567.4005852776172,463617.4109143349,0.9815277099487028,3441608.5149155087,36.805819871826834
Guaynabo,1980-1984,1,45,5,0.004083542266662169,2.5,0.020211376309740244,91939.78189022817,1858.2295296188386,455053.3356270938,0.9703395238093407,2977991.1040011737,32.39066966198328
Guaynabo,1980-1984,1,50,5,0.008018480149150678,2.5,0.03930449496414737,90081.55236060933,3540.6099211201363,441556.2370002463,0.9550594639455915,2522937.76837408,28.007263443622723
Guaynabo,1980-1984,1,55,5,0.010426297679387264,2.5,0.05080716191111114,86540.9424394892,4396.899674463275,421712.4630112878,0.9294363903878291,2081381.5313738338,24.050830424329718
Guaynabo,1980-1984,1,60,5,0.019150472640794752,2.5,0.09137755479620514,82144.04276502592,7506.121768942976,391954.9094027722,0.8992611562313096,1659669.068362546,20.20437529608873
Guaynabo,1980-1984,1,65,5,0.023513819895543634,2.5,0.11104157073950094,74637.92099608295,8287.911984135833,352469.82502007514,0.8657145472324951,1267714.1589597738,16.984853570965683
Guaynabo,1980-1984,1,70,5,0.0348848951516438,2.5,0.1604327744677335,66350.00901194711,10644.716031745796,305138.2549803711,0.8059661152839342,915244.3339396986,13.794185525655285
Guaynabo,1980-1984,1,75,5,0.05301545303766227,2.5,0.2340558260526037,55705.29298020132,13038.148363983324,245931.09399104828,0.7198694785198925,610106.0789593275,10.952389733883464
Guaynabo,1980-1984,1,80,5,0.08201036065005132,2.5,0.3402846384440786,42667.14461621799,14518.973879170946,177038.28838316258,0.5138647746533629,364174.9849682792,8.535255598750672
Guaynabo,1980-1984,1,85,NA,0.15536517225238375,6.648272043441096,1,28148.170737047047,28148.170737047047,187136.69658511662,0,187136.69658511662,6.648272043441096
Guaynabo,1980-1984,2,0,1,0.011785826180692044,0.12480694502560906,0.011665498047280622,100000,1166.5498047280707,98979.04371262026,0.9880181562763296,7938562.833660615,79.38562833660615
Guaynabo,1980-1984,2,1,4,3.0820701998228347e-4,1.5050202346770745,0.00123188080020726,98833.45019527193,121.75102971379238,395030.03442554455,0.9987606463207345,7839583.789947994,79.32115872165545
Guaynabo,1980-1984,2,5,5,1.3106663815581172e-4,2.5,6.551185303206519e-4,98711.69916555814,64.66786328279704,493396.8261695837,0.9993140296754267,7444553.7555224495,75.41713716260247
Guaynabo,1980-1984,2,10,5,1.4341987345062933e-4,2.5,7.168423436576182e-4,98647.03130227534,70.7143691136007,493058.3705885927,0.998665854931262,6951156.9293528665,70.46493784544873
Guaynabo,1980-1984,2,15,5,3.907594838829982e-4,2.5,0.0019518906199868357,98576.31693316174,192.4101883746771,492400.559194872,0.9971311519539465,6458098.558764273,65.51369294049701
Guaynabo,1980-1984,2,20,5,7.589570670372909e-4,2.5,0.0037875987730466906,98383.90674478706,372.63876447408984,490987.9368127501,0.9956657581078999,5965697.999569401,60.636929320612666
Guaynabo,1980-1984,2,25,5,9.789828382317934e-4,2.5,0.004882963347865778,98011.26798031297,478.58542922572815,488859.8763285005,0.9944735727047226,5474710.062756651,55.85796588057945
Guaynabo,1980-1984,2,30,5,0.0012384321853114548,2.5,0.006173048671167604,97532.68255108724,602.073996417399,486158.22776439274,0.9935888780709321,4985850.186428151,51.11978934667958
Guaynabo,1980-1984,2,35,5,0.0013345726945839132,2.5,0.00665067395327302,96930.60855466985,644.6538735894428,483041.40808937565,0.9930158640888451,4499691.958663758,46.421785912196
Guaynabo,1980-1984,2,40,5,0.0014693437664430873,2.5,0.007319830464055984,96285.9546810804,704.7968643352797,479667.7812445638,0.9905804551435489,4016650.5505743823,41.71585112157204
Guaynabo,1980-1984,2,45,5,0.002320330634632112,2.5,0.011534742134318456,95581.15781674512,1102.504008315751,475149.52906293626,0.9863722334011238,3536982.769329819,37.00502117908186
Guaynabo,1980-1984,2,50,5,0.0031740309579914474,2.5,0.01574521528804599,94478.65380842937,1487.5867443384923,468674.3021813006,0.978269960811138,3061833.2402668823,32.40767217614299
Guaynabo,1980-1984,2,55,5,0.005640554180952338,2.5,0.02781060287397271,92991.06706409088,2586.137636946398,458489.9912280884,0.9657058363637436,2593158.9380855816,27.88610798818274
Guaynabo,1980-1984,2,60,5,0.00836394579944107,2.5,0.04096319415793301,90404.92942714448,3703.2746769583464,442766.46044332656,0.9473956966888636,2134668.9468574934,23.61230698794782
Guaynabo,1980-1984,2,65,5,0.013381711115347195,2.5,0.06474263740039168,86701.65475018614,5613.2937955052475,419475.0392621675,0.9133221959114791,1691902.4864141669,19.514073765824342
Guaynabo,1980-1984,2,70,5,0.023309857808519328,2.5,0.11013141970846022,81088.36095468089,8930.376313771078,383115.86398897675,0.8635624104275651,1272427.4471519995,15.691862952602294
Guaynabo,1980-1984,2,75,5,0.036204885301775375,2.5,0.16599944898245741,72157.98464090981,11978.185690075661,330844.45897935994,0.7831063284148798,889311.5831630226,12.324506949419835
Guaynabo,1980-1984,2,80,5,0.06455392007187367,2.5,0.27791787899189907,60179.79895083415,16725.042082574735,259086.38954773388,0.5360758434501359,558467.1241836627,9.27997656888021
Guaynabo,1980-1984,2,85,NA,0.1345821139505863,6.889481295305669,1,43454.756868259414,43454.756868259414,299380.73463592876,0,299380.73463592876,6.889481295305669
Guaynabo,1985-1989,1,0,1,0.01320996287565423,0.12293017957977578,0.013058664409329138,100000,1305.8664409329067,98854.66395515818,0.9864323626828061,7326022.64047528,73.2602264047528
Guaynabo,1985-1989,1,1,4,4.409992311432486e-4,1.6136542441346913,0.0017621424869770422,98694.1335590671,173.91312595983618,394361.51738624484,0.9982250406237629,7227167.976520121,73.22793884395124
Guaynabo,1985-1989,1,5,5,2.1152790103256432e-4,2.5,0.0010570805001142926,98520.22043310726,104.14380388679274,492340.7426558193,0.9987776374766052,6832806.4591338765,69.35435618288308
Guaynabo,1985-1989,1,10,5,2.7775662761761916e-4,2.5,0.0013878194479640742,98416.07662922046,136.58374513835588,491738.92378325644,0.9964460166896476,6340465.716478057,64.42510140254387
Guaynabo,1985-1989,1,15,5,0.001147916372151671,2.5,0.0057231575949990956,98279.49288408211,562.4690261321812,489991.2918550801,0.9927656951421686,5848726.7926948005,59.51116169874023
Guaynabo,1985-1989,1,20,5,0.0017585272935230019,2.5,0.008754150436429837,97717.02385794993,855.4295270527073,486446.54547211784,0.9886109046539615,5358735.5008397205,54.83932368457773
Guaynabo,1985-1989,1,25,5,0.002829334404187569,2.5,0.014047310672507751,96861.59433089722,1360.6449078005244,480906.3593849848,0.9860893477453325,4872288.955367602,50.301556453045336
Guaynabo,1985-1989,1,30,5,0.002773507800213773,2.5,0.013772046802986385,95500.9494230967,1315.243545184523,474216.63825252216,0.9849320719522854,4391382.595982618,45.98260669145318
Guaynabo,1985-1989,1,35,5,0.0033034394061539694,2.5,0.01638190545073523,94185.70587791217,1542.9413285027113,467071.17606830405,0.9809273706349938,3917165.957730096,41.58981366883533
Guaynabo,1985-1989,1,40,5,0.004409717242417645,2.5,0.02180816659147833,92642.76454940946,2020.3688427886373,458162.90064007574,0.9774288870239669,3450094.7816617917,37.240844424733694
Guaynabo,1985-1989,1,45,5,0.004725385150073091,2.5,0.023351068766397774,90622.39570662082,2116.1297939210053,447821.65404830157,0.970966638508199,2991931.8810217157,33.01536951977895
Guaynabo,1985-1989,1,50,5,0.007093919784133936,2.5,0.03485151430360624,88506.26591269982,3084.5773924152454,434819.886082461,0.9585047028298869,2544110.2269734144,28.744973033692958
Guaynabo,1985-1989,1,55,5,0.009915652010732018,2.5,0.048378987053036046,85421.68852028457,4132.614762971323,416776.90569399454,0.9354978176909956,2109290.3408909533,24.692679077516395
Guaynabo,1985-1989,1,60,5,0.016980500234706944,2.5,0.08144505666403624,81289.07375731325,6620.593218331385,389893.8857407378,0.9048465815577439,1692513.4351969587,20.820921643785983
Guaynabo,1985-1989,1,65,5,0.023297725351300532,2.5,0.11007725275143132,74668.48053898186,8219.30120485484,352794.1496827722,0.8735991457223731,1302619.549456221,17.445373738068337
Guaynabo,1985-1989,1,70,5,0.031207237888502125,2.5,0.14474357175132307,66449.17933412702,9618.091556765743,308200.6677787208,0.8185190186692366,949825.3997734488,14.294012496338487
Guaynabo,1985-1989,1,75,5,0.050561017764850474,2.5,0.2244358289834939,56831.08777736128,12754.93229734579,252268.10814344193,0.731938910863917,641624.7319947281,11.290030810395995
Guaynabo,1985-1989,1,80,5,0.07741550155149168,2.5,0.32431079971181886,44076.15548001549,14294.37323194629,184644.84432021173,0.5257693512599997,389356.62385128613,8.833724711489952
Guaynabo,1985-1989,1,85,NA,0.16427492749915779,6.8737249445286706,1,29781.7822480692,29781.7822480692,204711.77953107443,0,204711.77953107443,6.8737249445286706
Guaynabo,1985-1989,2,0,1,0.01008053343947136,0.1283117820378577,0.009992726529752912,100000,999.2726529752981,99128.94580186966,0.9896698664006077,8043934.595228412,80.43934595228413
Guaynabo,1985-1989,2,1,4,3.0107639884093614e-4,1.507741833936092,0.0012034026100445404,99000.7273470247,119.13773368572583,395705.9873984342,0.9988567028931031,7944805.649426542,80.2499725237151
Guaynabo,1985-1989,2,5,5,1.1229363817056848e-4,2.5,5.613106118259781e-4,98881.58961333898,55.50328556417662,494269.18985278445,0.999323160277932,7549099.662028108,76.34484529979427
Guaynabo,1985-1989,2,10,5,1.5854956329898744e-4,2.5,7.924337164457225e-4,98826.0863277748,78.31312287051696,493934.6488316977,0.998560299779612,7054830.472175323,71.38631847442271
Guaynabo,1985-1989,2,15,5,4.179322219683089e-4,2.5,0.00208748004690575,98747.77320490428,206.1340062415984,493223.53100891743,0.9971383306427292,6560895.823343626,66.44094960733536
Guaynabo,1985-1989,2,20,5,7.288211661381082e-4,2.5,0.0036374781530173314,98541.63919866268,358.4430597476603,491812.0883439443,0.995761136804977,6067672.292334708,61.57470427401875
Guaynabo,1985-1989,2,25,5,9.70839367132706e-4,2.5,0.004842443748104067,98183.19613891502,475.44660431175726,489727.36418379575,0.9947585199051304,5575860.203990764,56.79037170578281
Guaynabo,1985-1989,2,30,5,0.0011316843719242525,2.5,0.005642458155337183,97707.74953460327,551.3118882011622,487160.4679525134,0.9936430947424061,5086132.839806968,52.054549040715656
Guaynabo,1985-1989,2,35,5,0.001420105205359603,2.5,0.007075406472892541,97156.4376464021,687.42128780653,484063.63501249417,0.9925439526985397,4598972.371854455,47.33574514734963
Guaynabo,1985-1989,2,40,5,0.0015740499057768664,2.5,0.007839400509799838,96469.01635859557,756.2592560214543,480454.4336529242,0.9902516861825086,4114908.736841961,42.65523680210423
Guaynabo,1985-1989,2,45,5,0.0023481662830424576,2.5,0.01167231010264169,95712.75710257412,1117.1889816800685,475770.8130586704,0.9849446365640449,3634454.303189037,37.972517073079814
Guaynabo,1985-1989,2,50,5,0.0037301376696219093,2.5,0.01847837117710709,94595.56812089405,1747.972019447203,468607.9105558522,0.9797001054086865,3158683.4901303663,33.39145324539452
Guaynabo,1985-1989,2,55,5,0.004480779518822544,2.5,0.022155710459977645,92847.59610144685,2057.104456128596,459095.21936691273,0.9715430144381314,2690075.579574514,28.97302345485921
Guaynabo,1985-1989,2,60,5,0.007104178202461322,2.5,0.03490103311554944,90790.49164531825,3168.681955490276,446030.7533378656,0.9563669149099618,2230980.3602076015,24.572841492291282
Guaynabo,1985-1989,2,65,5,0.010821219003093852,2.5,0.052680915700278656,87621.80968982798,4615.997169775685,426569.05552470067,0.9281589797862565,1784949.6068697358,20.371065299704153
Guaynabo,1985-1989,2,70,5,0.019301853963131627,2.5,0.09206662828077455,83005.81252005229,7642.065286427314,395923.8993841932,0.8777866515811246,1358380.5513450352,16.36488470029592
Guaynabo,1985-1989,2,75,5,0.03370236418055677,2.5,0.15541701850869308,75363.74723362498,11712.808898692761,347536.713921393,0.7984408541614513,962456.651960842,12.770817366302927
Guaynabo,1985-1989,2,80,5,0.0587661489392862,2.5,0.2561921757965774,63650.938334932216,16306.872383520058,277487.51071586093,0.548742049899089,614919.938039449,9.660814971866257
Guaynabo,1985-1989,2,85,NA,0.1484612794835332,7.127238029574502,1,47344.06595141216,47344.06595141216,337432.42732358805,0,337432.42732358805,7.127238029574502
Guaynabo,1990-1994,1,0,1,0.01332343240186577,0.12270375681369695,0.013169499427826995,100000,1316.9499427826959,98844.64476273232,0.9862940480629777,7200718.700205055,72.00718700205056
Guaynabo,1990-1994,1,1,4,4.567347470529508e-4,1.6133202982239574,0.0018249496479210306,98683.0500572173,180.09159745769284,394302.37926875654,0.9981472352884558,7101874.055442323,71.96650337950229
Guaynabo,1990-1994,1,5,5,2.2871565085155274e-4,2.5,0.0011429247423169803,98502.95845975961,112.58146841508278,492233.3386277603,0.9987824471675115,6707571.676173566,68.09512913171781
Guaynabo,1990-1994,1,10,5,2.5862036610316155e-4,2.5,0.00129226631454738,98390.37699134453,127.14656986153568,491634.0185320688,0.9962663710026206,6215338.337545806,63.170185211228265
Guaynabo,1990-1994,1,15,5,0.0012394589125856144,2.5,0.006178150653202053,98263.230421483,607.0850412142318,489798.43950437935,0.9903608384098552,5723704.319013737,58.248688695282105
Guaynabo,1990-1994,1,20,5,0.002641669199756461,2.5,0.013121688100522404,97656.14538026876,1281.413480779156,485077.1931993959,0.985183841654945,5233905.879509358,53.59525362309517
Guaynabo,1990-1994,1,25,5,0.0033341940857938564,2.5,0.016533158530489655,96374.7318994896,1593.3787208276917,477890.2126953788,0.9814020648131129,4748828.686309962,49.274624091951544
Guaynabo,1990-1994,1,30,5,0.0041827708908914,2.5,0.020697423008268375,94781.35317866191,1961.7297600348538,469002.44149322243,0.9773430054720937,4270938.473614583,45.060956932783036
Guaynabo,1990-1994,1,35,5,0.004993156847645175,2.5,0.024657981317563627,92819.62341862706,2288.7445401597943,458376.2557427358,0.9753612722185611,3801936.032121361,40.96047680536471
Guaynabo,1990-1994,1,40,5,0.00498516232233674,2.5,0.024618987489566042,90530.87887846727,2228.778574528391,447082.4479560153,0.9718200482191709,3343559.776378625,36.93281030516859
Guaynabo,1990-1994,1,45,5,0.006469117818175592,2.5,0.031830796164295065,88302.10030393887,2810.7261556538288,434483.68613055977,0.966002103737972,2896477.3284226097,32.80190752488146
Guaynabo,1990-1994,1,50,5,0.007380978425456569,2.5,0.036236244775022824,85491.37414828505,3097.886359790311,419712.15484194946,0.956693409992213,2461993.6422920497,28.798152641946242
Guaynabo,1990-1994,1,55,5,0.010391686065590381,2.5,0.050642770886589264,82393.48778849473,4172.634524619731,401535.8526309243,0.9408831542271967,2042281.4874501002,24.786928460810714
Guaynabo,1990-1994,1,60,5,0.014087883478388017,2.5,0.06804296402033357,78220.853263875,5322.378704273651,377798.3195586909,0.9123089274005372,1640745.634819176,20.975808449496
Guaynabo,1990-1994,1,65,5,0.023005963145839404,2.5,0.10877370604776869,72898.47455960135,7929.43724307682,344668.77969031467,0.8730426497094801,1262947.315260485,17.324742704017858
Guaynabo,1990-1994,1,70,5,0.03181628867686123,2.5,0.14736029886390017,64969.03731652453,9573.856755862937,300910.54469296534,0.8179992324286995,918278.5355701705,14.134094847309846
Guaynabo,1990-1994,1,75,5,0.05010275893532851,2.5,0.2226280907668347,55395.180560661596,12332.523285904172,246144.59458854754,0.7312971960400991,617367.9908772052,11.144796074834417
Guaynabo,1990-1994,1,80,5,0.0784610729527337,2.5,0.3279726497644866,43062.657274757425,14123.37381230214,180004.85184303176,0.5151036986282438,371223.39628865756,8.62054085329895
Guaynabo,1990-1994,1,85,NA,0.15640839761888625,6.607577022206006,1,28939.283462455285,28939.283462455285,191218.5444456258,0,191218.5444456258,6.607577022206006
Guaynabo,1990-1994,2,0,1,0.010175014734419306,0.12811759746679002,0.01008554169550357,100000,1008.5541695503634,99120.65936756754,0.9896937687680265,8039924.688735334,80.39924688735334
Guaynabo,1990-1994,2,1,4,2.4288296644409224e-4,1.5075908236614157,9.709440914353409e-4,98991.44583044964,96.1151594317198,395726.2250164457,0.9989381066921001,7940804.029367766,80.21707292737798
Guaynabo,1990-1994,2,5,5,1.2562155954773318e-4,2.5,6.27910599966605e-4,98895.33067101792,62.09742641552293,494321.40978905075,0.9993261381021418,7545077.8043513205,76.29356970806376
Guaynabo,1990-1994,2,10,5,1.440202493541358e-4,2.5,7.198420671856498e-4,98833.2332446024,71.14431892544962,493988.30542569835,0.9985219243184055,7050756.39456227,71.33993458569094
Guaynabo,1990-1994,2,15,5,4.4787201201310284e-4,2.5,0.0022368554976347436,98762.08892567694,220.91652157128556,493258.15332445654,0.9968579489623279,6556768.089136572,66.389524163172
Guaynabo,1990-1994,2,20,5,8.114981717282434e-4,2.5,0.004049275908649486,98541.17240410566,399.0203954260214,491708.3110319632,0.9957730197579933,6063509.935812115,61.53275618587507
Guaynabo,1990-1994,2,25,5,8.830264604761107e-4,2.5,0.0044054070748399225,98142.15200867964,432.3561307990458,489629.8697164006,0.9940710672651163,5571801.624780152,56.77276797728447
Guaynabo,1990-1994,2,30,5,0.0014974247641797423,2.5,0.007459199844478493,97709.79587788059,728.8368942163215,486726.88715386216,0.9927349573940593,5082171.755063752,52.01291957886739
Guaynabo,1990-1994,2,35,5,0.0014189006518860595,2.5,0.007069426225729925,96980.95898366427,685.5997348355595,483190.79558123247,0.9914638914378098,4595444.867909889,47.38502192666457
Guaynabo,1990-1994,2,40,5,0.002012723600146556,2.5,0.01001323332317446,96295.35924882871,964.2279000974231,479066.2264939,0.988757442197296,4112254.072328657,42.704592458111385
Guaynabo,1990-1994,2,45,5,0.002512546975539537,2.5,0.012484316299795857,95331.13134873129,1190.143996974948,473680.296751219,0.9845317610132646,3633187.8458347567,38.111242302833624
Guaynabo,1990-1994,2,50,5,0.003732483566982845,2.5,0.01848988485645888,94140.98735175634,1740.6560164073162,466353.2967177634,0.9810989843875884,3159507.549083538,33.56144478576677
Guaynabo,1990-1994,2,55,5,0.0039016681689577545,2.5,0.019319891332192425,92400.33133534902,1785.1643604575365,457538.7457756013,0.9724152543331904,2693154.2523657745,29.146586526746265
Guaynabo,1990-1994,2,60,5,0.007334551844990139,2.5,0.03601242178827628,90615.16697489149,3263.2716135148657,444917.6558406703,0.9509471251820197,2235615.506590173,24.671537682092875
Guaynabo,1990-1994,2,65,5,0.012920379857976018,2.5,0.06258049003258198,87351.89536137662,5466.524416989778,423093.16576440865,0.9180465906210998,1790697.8507495027,20.499816785215113
Guaynabo,1990-1994,2,70,5,0.021633960734113965,2.5,0.10261963100148154,81885.37094438684,8403.046550732397,388419.2383451032,0.871303730282356,1367604.684985094,16.70145313152351
Guaynabo,1990-1994,2,75,5,0.03425274805523005,2.5,0.15775489370477694,73482.32439365445,11592.196273900896,338431.13128351996,0.804241810657348,979185.4466399908,13.325455539407898
Guaynabo,1990-1994,2,80,5,0.0547727401113678,2.5,0.2408796098814308,61890.12811975355,14908.069916998007,272180.46580627275,0.5752186769825334,640754.3153564709,10.353094020368662
Guaynabo,1990-1994,2,85,NA,0.1343648356895224,7.844991548892613,1,46982.05820275554,46982.05820275554,368573.8495501981,0,368573.8495501981,7.844991548892613
Guaynabo,1995-1999,1,0,1,0.014662031603049972,0.12003264903769395,0.014475270088973115,100000,1447.5270088973048,98726.22349253425,0.9849940968138454,7217106.797640144,72.17106797640145
Guaynabo,1995-1999,1,1,4,4.664207410177178e-4,1.609386011221924,0.001863604984973925,98552.4729911027,183.66287994773302,393770.8249143885,0.9981954823459476,7118380.57414761,72.2293450189754
Guaynabo,1995-1999,1,5,5,1.9179639844752713e-4,2.5,9.585223893823485e-4,98368.81011115496,94.28870690843905,491608.3287885037,0.9988076948897201,6724609.749233222,68.361198449331
Guaynabo,1995-1999,1,10,5,2.8546600824488184e-4,2.5,0.001426312132147221,98274.52140424652,140.1701421598409,491022.181665833,0.9952312885525968,6233001.420444718,63.42438845166825
Guaynabo,1995-1999,1,15,5,0.001629790571672432,2.5,0.008115884876729975,98134.35126208668,796.4470972956769,488680.6385671942,0.989577220460623,5741979.2387788845,58.51140976561636
Guaynabo,1995-1999,1,20,5,0.002566066792540329,2.5,0.012748549886410243,97337.904164791,1240.9171270834631,483587.2280062464,0.9858238918566721,5253298.60021169,53.96971144270753
Guaynabo,1995-1999,1,25,5,0.0031490172742153163,2.5,0.015622100708599306,96096.98703770754,1501.2368092960241,476731.84316529764,0.9840851576554102,4769711.372205444,49.634348789040125
Guaynabo,1995-1999,1,30,5,0.0032689443983536883,2.5,0.01621222979731654,94595.75022841152,1533.6080405525572,469144.7310406762,0.9818288343324962,4292979.529040147,45.382372027012735
Guaynabo,1995-1999,1,35,5,0.004073542891380817,2.5,0.020162383620725335,93062.14218785896,1876.354611358096,460619.82441089954,0.9769740922915574,3823834.79799947,41.08904768472366
Guaynabo,1995-1999,1,40,5,0.0052578878319562185,2.5,0.025948355305727932,91185.78757650086,2366.1212148676714,450013.63484533515,0.9719577080988963,3363214.9735885705,36.88310495500169
Guaynabo,1995-1999,1,45,5,0.006130954957022622,2.5,0.030192010149393357,88819.6663616332,2681.644268256161,437394.2211375256,0.9656171873520887,2913201.3387432355,32.79905743939645
Guaynabo,1995-1999,1,50,5,0.00789357335596253,2.5,0.0387040829842834,86138.02209337703,3333.893155204103,422355.37757887493,0.9566559825074931,2475807.11760571,28.742326065042878
Guaynabo,1995-1999,1,55,5,0.009871922419056421,2.5,0.048170766910758465,82804.12893817293,3988.7383943291206,404048.7987050418,0.9388707412048568,2053451.740026835,24.798905155563904
Guaynabo,1995-1999,1,60,5,0.015529061093426496,2.5,0.0747435621112189,78815.39054384381,5890.943038433776,379349.5951231346,0.9126538255248741,1649402.941321793,20.927422042072546
Guaynabo,1995-1999,1,65,5,0.021266999769010236,2.5,0.10096684421362885,72924.44750541003,7362.951330643686,346214.85920044093,0.8713115388980015,1270053.3461986585,17.416016022671098
Guaynabo,1995-1999,1,70,5,0.03467001562953652,2.5,0.15952338271745578,65561.49617476635,10458.591645816268,301661.0017592911,0.8117983756731849,923838.4869982175,14.09117455976835
Guaynabo,1995-1999,1,75,5,0.050025517811011944,2.5,0.22232302761115932,55102.90452895008,12250.644565044844,244887.91123213829,0.7337027488435419,622177.4852389264,11.291192189552286
Guaynabo,1995-1999,1,80,5,0.07699764344704423,2.5,0.322842867275475,42852.259963905235,13834.54647598121,179674.93362957315,0.5237744533424598,377289.5740067881,8.804426518568258
Guaynabo,1995-1999,1,85,NA,0.14043753996170488,6.81013824398859,1,29017.713487924026,29017.713487924026,197614.64037721494,0,197614.64037721494,6.81013824398859
Guaynabo,1995-1999,2,0,1,0.008463163241959453,0.131635914483698,0.008401420305108123,100000,840.1420305108186,99270.45083397167,0.9913307601796376,8134744.706464868,81.34744706464868
Guaynabo,1995-1999,2,1,4,2.477500778396976e-4,1.5103308891635892,9.903894235973505e-4,99159.85796948918,98.20687457839085,396394.9292558471,0.9989728442777648,8035474.255630896,81.03555632465063
Guaynabo,1995-1999,2,5,5,1.2279026251535283e-4,2.5,6.137629023070229e-4,99061.65109491079,60.80036648333771,495156.25455834565,0.9993391757713553,7639079.32637505,77.11439534816618
Guaynabo,1995-1999,2,10,5,1.4163302347603083e-4,2.5,7.079144572178088e-4,99000.85072842745,70.08413350750925,494829.04330836853,0.9986486791898452,7143923.071816703,72.1602190208793
Guaynabo,1995-1999,2,15,5,3.994350655021719e-4,2.5,0.001995182962417654,98930.76659491994,197.38497996909427,494160.370524677,0.9972156076651209,6649094.028508335,67.20956743147045
Guaynabo,1995-1999,2,20,5,7.163163742713831e-4,2.5,0.003575179472364382,98733.38161495085,352.989559186899,492784.43417678704,0.9959237142558593,6154933.657983658,62.33893296582519
Guaynabo,1995-1999,2,25,5,9.179397079303045e-4,2.5,0.004579189988849219,98380.39205576395,450.50250640080776,490775.70401281776,0.9943902436910351,5662149.223806871,57.5536354906723
Guaynabo,1995-1999,2,30,5,0.0013334431065351463,2.5,0.006645063497393014,97929.88954936314,650.7503343482094,488022.5719109452,0.9927950303576926,5171373.519794053,52.80689627641558
Guaynabo,1995-1999,2,35,5,0.0015597829391127186,2.5,0.007768621288199192,97279.13921501493,755.72479180347,484506.384095566,0.9919565843440166,4683350.947883108,48.14342505160898
Guaynabo,1995-1999,2,40,5,0.0016710240644018243,2.5,0.008320361511234631,96523.41442321146,803.1097022998292,480609.2978603078,0.9889892740810113,4198844.563787542,43.50078775060226
Guaynabo,1995-1999,2,45,5,0.00276369660907942,2.5,0.013723662943544046,95720.30472091163,1313.6331988431193,475317.4406074504,0.9850517512975642,3718235.265927234,38.844791361335126
Guaynabo,1995-1999,2,50,5,0.003264399933972133,2.5,0.016189874109922047,94406.67152206851,1528.4321270790388,468212.27729264495,0.9797336938505445,3242917.8253197838,34.35051541417514
Guaynabo,1995-1999,2,55,5,0.004942284374011489,2.5,0.02440982117563555,92878.23939498948,2267.1412147395604,458723.34393809846,0.9684140910743134,2774705.5480271387,29.87465703593889
Guaynabo,1995-1999,2,60,5,0.007942964964222997,2.5,0.03894154647289776,90611.09818024992,3528.5362907465023,444234.1501743833,0.9562728674732554,2315982.2040890404,25.55958652528333
Guaynabo,1995-1999,2,65,5,0.009984480759872582,2.5,0.048706627828288364,87082.56188950341,4241.4979322859435,424809.06461680226,0.9311913311249714,1871748.053914657,21.493947965031907
Guaynabo,1995-1999,2,70,5,0.01883499792566794,2.5,0.089939943027448,82841.06395721747,7450.720572645296,395578.5183544741,0.8869744816140642,1446938.989297855,17.46644623064129
Guaynabo,1995-1999,2,75,5,0.02973615360467906,2.5,0.13839260837259604,75390.34338457217,10433.466267096643,350868.05125511927,0.8213864806532413,1051360.4709433808,13.945558857323503
Guaynabo,1995-1999,2,80,5,0.05077908526185311,2.5,0.22529477041888948,64956.87711747553,14634.44471730967,288198.2737941035,0.5885775981382358,700492.4196882615,10.783960848693663
Guaynabo,1995-1999,2,85,NA,0.12855770258428825,8.193048829905113,1,50322.43240016586,50322.43240016586,412294.14589415805,0,412294.14589415805,8.193048829905113
Guaynabo,2000-2004,1,0,1,0.011807267629866978,0.12572918780798195,0.011686629481689427,100000,1168.6629481689451,98978.27209512562,0.9878829902821991,7487685.4479955975,74.87685447995598
Guaynabo,2000-2004,1,1,4,3.848767435034115e-4,1.6177881853716698,0.001538096757810985,98831.33705183105,152.01215908954327,394963.2230459739,0.9984463450992579,7388707.175900471,74.76077321533697
Guaynabo,2000-2004,1,5,5,1.8049930521955978e-4,2.5,9.020894597959512e-4,98679.32489274151,89.01757888552675,493174.0805164937,0.998970549381953,6993743.952854497,70.87344750743154
Guaynabo,2000-2004,1,10,5,2.3151927966479224e-4,2.5,0.0011569267711922326,98590.30731385598,114.0617659114796,492666.3821545012,0.99642329881869,6500569.872338004,65.93518216394085
Guaynabo,2000-2004,1,15,5,0.001203465629798994,2.5,0.005999278335793157,98476.2455479445,590.7864065060276,490904.2617234575,0.9908719202016362,6007903.490183502,61.0086570294607
Guaynabo,2000-2004,1,20,5,0.0024703155268022943,2.5,0.012275765101179418,97885.45914143848,1201.6189032413968,486423.2484490889,0.9872835192544376,5516999.2284600455,56.36178526259268
Guaynabo,2000-2004,1,25,5,0.00264997512912846,2.5,0.0131626737504634,96683.84023819708,1272.6178459973162,480237.6565759921,0.9877839386959992,5030575.9800109565,52.03119743296581
Guaynabo,2000-2004,1,30,5,0.0022641078730478467,2.5,0.0112568227129147,95411.22239219976,1074.0272152914695,474371.0439227701,0.9876336919776222,4550338.323434965,47.691856464538624
Guaynabo,2000-2004,1,35,5,0.002716002256395349,2.5,0.013488424801486602,94337.1951769083,1272.4601631269034,468504.82547672425,0.9837061124729954,4075967.279512194,43.206364911195735
Guaynabo,2000-2004,1,40,5,0.003864520822026312,2.5,0.019137708923578935,93064.73501378139,1781.0458097437368,460871.0605445476,0.9801833437658353,3607462.45403547,38.76293693310643
Guaynabo,2000-2004,1,45,5,0.004144267189884048,2.5,0.02050885055824333,91283.68920403766,1872.1235402907478,451738.1371694614,0.9733920419292388,3146591.393490922,34.470466968722626
Guaynabo,2000-2004,1,50,5,0.006676565821865297,2.5,0.03283477034567958,89411.56566374691,2935.8082248167775,439718.3077566926,0.9616622425586743,2694853.256321461,30.13987325147718
Guaynabo,2000-2004,1,55,5,0.009003719571673566,2.5,0.04402756816540764,86475.75743893013,3807.3173052977654,422860.4939314063,0.9472000419745993,2255134.9485647683,26.078232967862267
Guaynabo,2000-2004,1,60,5,0.012791662902831277,2.5,0.061976362666231265,82668.44013363236,5123.489226773614,400533.4776012278,0.9225852334991637,1832274.4546333621,22.16413484603697
Guaynabo,2000-2004,1,65,5,0.01969925708497665,2.5,0.09387320445500877,77544.95090685875,7279.393030933177,369526.2719569608,0.8868618955103684,1431740.9770321343,18.463368153418983
Guaynabo,2000-2004,1,70,5,0.028816194314188085,2.5,0.13439881560571304,70265.55787592557,9443.60775639907,327718.76998863014,0.8353489774273847,1062214.7050751734,15.11714611233607
Guaynabo,2000-2004,1,75,5,0.04434579524948096,2.5,0.1996003820609249,60821.950119526504,12140.084481548016,273759.5393937625,0.7597427575452692,734495.9350865433,12.076165490306073
Guaynabo,2000-2004,1,80,5,0.06812450822122826,2.5,0.29105294435485396,48681.86563797849,14169.000330621027,207986.82736333986,0.5485773876174836,460736.39569278085,9.464230461483048
Guaynabo,2000-2004,1,85,NA,0.1458633059379423,7.323343514905433,1,34512.86530735746,34512.86530735746,252749.56832944098,0,252749.56832944098,7.323343514905433
Guaynabo,2000-2004,2,0,1,0.008915735694276158,0.13070575589962502,0.008847166634157876,100000,884.7166634157911,99230.92089683296,0.9910016643035771,8241404.781584239,82.41404781584238
Guaynabo,2000-2004,2,1,4,1.937665672584083e-4,1.509605659886225,7.746924371987878e-4,99115.28333658421,76.78386041165504,396269.9112549556,0.9991310584091548,8142173.860687405,82.14852025431345
Guaynabo,2000-2004,2,5,5,9.875487794042028e-5,2.5,4.936525132178818e-4,99038.49947617255,48.89060417174187,495070.2708704334,0.9994277366903912,7745903.949432449,78.21103904442755
Guaynabo,2000-2004,2,10,5,1.3022496887475453e-4,2.5,6.509129315831336e-4,98989.60887200081,64.4336165071436,494786.9603187362,0.9986713101457241,7250833.678562016,73.24843244847807
Guaynabo,2000-2004,2,15,5,4.0178482024985857e-4,2.5,0.0020069082380850503,98925.17525549367,198.5337491742539,494129.5419045327,0.9973174919475337,6756046.71824328,68.29451351280869
Guaynabo,2000-2004,2,20,5,6.730237924795131e-4,2.5,0.003359466460253097,98726.64150631941,331.6688408739137,492804.0354294123,0.9965087568152565,6261917.176338747,63.42682259618775
Guaynabo,2000-2004,2,25,5,7.260081524321234e-4,2.5,0.003623464100967249,98394.9726654455,356.53065116889775,491083.5366993053,0.9958321167045698,5769113.140909335,58.63219415208335
Guaynabo,2000-2004,2,30,5,9.450841662492202e-4,2.5,0.004714282347242084,98038.4420142766,462.1808965390228,489036.75783003547,0.9949965428704061,5278029.604210029,53.83632680985923
Guaynabo,2000-2004,2,35,5,0.001061610407751913,2.5,0.005294001620711558,97576.26111773758,516.5688845002733,486589.88337743725,0.993040884400759,4788992.846379994,49.07948707525793
Guaynabo,2000-2004,2,40,5,0.0017341036597738962,2.5,0.008633091609481568,97059.6922332373,837.9252146376239,483203.6481295925,0.9895345096776074,4302402.963002557,44.32739136101684
Guaynabo,2000-2004,2,45,5,0.002478026228698231,2.5,0.012313846059710866,96221.76701859968,1184.8600266604044,478146.6850263474,0.9851833224339865,3819199.3148729648,39.6916356164475
Guaynabo,2000-2004,2,50,5,0.00350051073660784,2.5,0.01735071279199872,95036.90699193928,1648.958077857038,471062.1397650538,0.981325443966254,3341052.629846617,35.15531739821872
Guaynabo,2000-2004,2,55,5,0.004044847406429927,2.5,0.02002177447574874,93387.94891408224,1869.7924519104854,462265.263440635,0.9750185071107087,2869990.490081563,30.731914807573087
Guaynabo,2000-2004,2,60,5,0.006100140362372833,2.5,0.030042542496683367,91518.15646217176,2749.4381047329225,450717.1870490264,0.9624871315225013,2407725.2266409285,26.30871643088813
Guaynabo,2000-2004,2,65,5,0.009252079053296442,2.5,0.0452145732512775,88768.71835743883,4013.639718594437,433809.49249070813,0.9383742646574462,1957008.039591902,22.046145036270026
Guaynabo,2000-2004,2,70,5,0.016409460130863827,2.5,0.07881406020750285,84755.0786388444,6679.891870733525,407075.66351738817,0.8963179075318753,1523198.5471011938,17.971767256470827
Guaynabo,2000-2004,2,75,5,0.02796259747325726,2.5,0.13067776314262883,78075.18676811087,10202.690763799692,364869.2069310551,0.8323840735436179,1116122.8835838055,14.295487846846576
Guaynabo,2000-2004,2,80,5,0.04695401359964588,2.5,0.21010668735913585,67872.49600431118,14260.465298262003,303711.3167759009,0.5957273472136572,751253.6766527505,11.068602466086288
Guaynabo,2000-2004,2,85,NA,0.11505125191652418,8.347797201167243,1,53612.030706049176,53612.030706049176,447542.3598768496,0,447542.3598768496,8.347797201167243
Guaynabo,2005-2009,1,0,1,0.010228432544861691,0.12887967427835575,0.010138100091151315,100000,1013.8100091151282,99116.84949463977,0.9894109005100467,7573403.685373882,75.73403685373881
Guaynabo,2005-2009,1,1,4,3.7867920504289443e-4,1.6224539044253612,0.0015133543060276125,98986.18999088487,149.80117685998266,395588.60076038353,0.9984890424102609,7474286.835879242,75.5083798716519
Guaynabo,2005-2009,1,5,5,1.8136990016353366e-4,2.5,9.064384991674223e-4,98836.38881402489,89.58910793969699,493957.9713002752,0.9990322080577216,7078698.2351188585,71.6203649289379
Guaynabo,2005-2009,1,10,5,2.059461898108928e-4,2.5,0.001029201048968003,98746.79970608519,101.6303098397475,493479.9227558266,0.9965826788643949,6584740.263818583,66.68307513172809
Guaynabo,2005-2009,1,15,5,0.0011649633182005828,2.5,0.005807901610173988,98645.16939624544,572.9214381723286,491793.54338579637,0.9914188756255322,6091260.341062756,61.7492004762536
Guaynabo,2005-2009,1,20,5,0.0022871124277878646,2.5,0.011370547835774432,98072.24795807312,1115.1351867691992,487573.4018234426,0.9883196160115224,5599466.79767696,57.095324255958616
Guaynabo,2005-2009,1,25,5,0.0024132286043539847,2.5,0.011993783667219505,96957.11277130392,1162.8826355772326,481878.3572675765,0.9875653402999679,5111893.395853518,52.723242779631
Guaynabo,2005-2009,1,30,5,0.0025928768165163394,2.5,0.01288088769488118,95794.23013572668,1233.914720195884,475886.3638781437,0.9879489093412641,4630015.038585941,48.332921847441895
Guaynabo,2005-2009,1,35,5,0.0022547314197283266,2.5,0.011210465625950097,94560.3154155308,1060.0651655448019,470151.41416379204,0.9867474396449772,4154128.6747077974,43.93099427019798
Guaynabo,2005-2009,1,40,5,0.003087206107549391,2.5,0.01531780746583994,93500.250249986,1432.218831337159,463920.7041715871,0.981861990917868,3683977.2605440053,39.400720861114024
Guaynabo,2005-2009,1,45,5,0.004244993251451821,2.5,0.021002082016196126,92068.03141864884,1933.6203469241736,455506.10622593376,0.9753301444561479,3220056.5563724185,34.97475189547911
Guaynabo,2005-2009,1,50,5,0.0057651750005372785,2.5,0.028416312467079735,90134.41107172467,2561.287589050349,444268.8363859974,0.9625037839048718,2764550.4501464847,30.67142079562252
Guaynabo,2005-2009,1,55,5,0.009593013130872664,2.5,0.04684168344349915,87573.12348267432,4102.072528333883,427610.4360925369,0.9465506753919767,2320281.613760487,26.495362064133037
Guaynabo,2005-2009,1,60,5,0.012452282818831222,2.5,0.060381689410121946,83471.05095434043,5040.123073461451,404754.9470880485,0.9301922751250671,1892671.1776679503,22.674581858365027
Guaynabo,2005-2009,1,65,5,0.016631837895086713,2.5,0.07983949560414931,78430.92788087898,6261.885721774786,376499.92509995797,0.9000124754204105,1487916.2305799017,18.971039496558696
Guaynabo,2005-2009,1,70,5,0.025958720100891643,2.5,0.12188373603312133,72169.0421591042,8796.232484283457,338854.6295848123,0.8445710327137015,1111416.3054799438,15.400180911778078
Guaynabo,2005-2009,1,75,5,0.04287723046488087,2.5,0.19363032242535186,63372.80967482074,12270.89757033599,286186.8044482637,0.7657613797461741,772561.6758951315,12.190743630577664
Guaynabo,2005-2009,1,80,5,0.06636299372200535,2.5,0.2845980260670671,51101.91210448475,14543.503313189125,219150.80223945095,0.5494199739646886,486374.87144686776,9.517743102301315
Guaynabo,2005-2009,1,85,NA,0.14586950770486432,7.309510398358519,1,36558.408791295624,36558.408791295624,267224.06920741685,0,267224.06920741685,7.309510398358519
Guaynabo,2005-2009,2,0,1,0.007793119509946965,0.1330130352647913,0.007740818414651096,100000,774.0818414651148,99328.88113381152,0.9920682780151437,8352148.426296475,83.52148426296475
Guaynabo,2005-2009,2,1,4,2.00979571611012e-4,1.5114056884393627,8.035164023971943e-4,99225.91815853489,79.72965278329502,396705.2578737603,0.9991564161064769,8252819.545162664,83.17201491627418
Guaynabo,2005-2009,2,5,5,9.301556283380341e-5,2.5,4.6496969062533164e-4,99146.18850575159,46.09997259620286,495615.69259726745,0.9995105023420361,7856114.287288903,79.23768332085868
Guaynabo,2005-2009,2,10,5,1.0283383727425615e-4,2.5,5.140370353691604e-4,99100.08853315539,50.941115714405896,495373.08987649094,0.9989207257114399,7360498.594691636,74.27338061589191
Guaynabo,2005-2009,2,15,5,3.292312089285273e-4,2.5,0.0016448022440644823,99049.14741744098,162.91625994489004,494838.4464373427,0.9976241472804298,6865125.5048151445,69.31029376640858
Guaynabo,2005-2009,2,20,5,6.225890588080799e-4,2.5,0.0031081076095621205,98886.23115749609,307.34904754153104,493662.7831686266,0.9966089284488099,6370287.058377802,64.42036453216471
Guaynabo,2005-2009,2,25,5,7.36336531532177e-4,2.5,0.0036749177172469257,98578.88210995456,362.26928041226347,491988.73734874214,0.9958173117532821,5876624.275209175,59.61341972466687
Guaynabo,2005-2009,2,30,5,9.406733103541756e-4,2.5,0.00469233167384858,98216.6128295423,460.86492327818996,489930.901839516,0.9948035846141658,5384635.537860434,54.824081005579174
Guaynabo,2005-2009,2,35,5,0.0011438366945780794,2.5,0.0057028755770163865,97755.7479062641,557.4888672475936,487385.01736320154,0.9935723851364445,4894704.636020917,50.070760449956815
Guaynabo,2005-2009,2,40,5,0.0014364421477436134,2.5,0.007156510953805977,97198.25903901651,695.6004055036028,484252.29418132355,0.9909772428156777,4407319.618657716,45.34360658546946
Guaynabo,2005-2009,2,45,5,0.002192442603234883,2.5,0.010902455496398969,96502.65863351291,1052.115941036056,479883.0033149744,0.9868664494496743,3923067.3244763925,40.65242740487578
Guaynabo,2005-2009,2,50,5,0.003101714136297097,2.5,0.015389238137788431,95450.54269247685,1468.9111318756622,473580.4356326951,0.9810088281073294,3443184.3211614178,36.07296746603831
Guaynabo,2005-2009,2,55,5,0.004581767759871138,2.5,0.022649403037808293,93981.63156060119,2128.627851366866,464586.58817458875,0.9745554476733419,2969603.885528723,31.59770517086484
Guaynabo,2005-2009,2,60,5,0.005742159857761033,2.5,0.02830447720677601,91853.00370923433,2599.8512498619384,452765.39042151684,0.9611910646893365,2505017.2973541343,27.27202373570605
Guaynabo,2005-2009,2,65,5,0.010176347477455747,2.5,0.049619377324115754,89253.15245937239,4428.685849248432,435194.0476737409,0.9411517674658487,2052251.9069326173,22.99360695261484
Guaynabo,2005-2009,2,70,5,0.014198502301266323,2.5,0.06855892632339397,84824.46661012396,5815.474356744686,409583.6471587581,0.9124711131092854,1617057.8592588764,19.063578279735125
Guaynabo,2005-2009,2,75,5,0.02280954668701577,2.5,0.10789513560298349,79008.99225337927,8524.685933033426,373733.2464343128,0.8527205087639386,1207474.2121001182,15.282744123957277
Guaynabo,2005-2009,2,80,5,0.04233772899368965,2.5,0.1914271662514849,70484.30632034584,13492.611024105427,318690.00404146564,0.6177589717125541,833740.9656658055,11.828746130755913
Guaynabo,2005-2009,2,85,NA,0.1164430036060474,9.037298486158848,1,56991.69529624042,56991.69529624042,515050.96162433986,0,515050.96162433986,9.037298486158848
Guaynabo,2010-2014,1,0,1,0.00944241000024922,0.1304481429650027,0.009365512909783344,100000,936.5512909783429,99185.62008572125,0.9903054902772002,7747029.3758368725,77.47029375836873
Guaynabo,2010-2014,1,1,4,3.0480301511811225e-4,1.6247817096028228,0.0012183300215831948,99063.44870902166,120.69197360376711,395967.1250528788,0.9987408971418056,7647843.755751151,77.2014689112541
Guaynabo,2010-2014,1,5,5,1.492221199366699e-4,2.5,7.45832362967551e-4,98942.75673541789,73.79471005449886,494529.29690195323,0.9992025495713578,7251876.630698272,73.29365857563948
Guaynabo,2010-2014,1,10,5,1.6989353319107333e-4,2.5,8.491070214755271e-4,98868.96202536339,83.95032986173464,494134.9343021626,0.9975290747319224,6757347.333796319,68.3464981867901
Guaynabo,2010-2014,1,15,5,8.205039780518623e-4,2.5,0.0040941217822369255,98785.01169550166,404.437868141089,492913.96380715555,0.9924048371202114,6263212.399494156,63.40245642527329
Guaynabo,2010-2014,1,20,5,0.0022345328145503126,2.5,0.011110596591071612,98380.57382736057,1093.0668681939278,489170.201966318,0.988893620074198,5770298.435687001,58.652823532141525
Guaynabo,2010-2014,1,25,5,0.0022328176771984976,2.5,0.0111021158844895,97287.50695916664,1080.0971763737616,483737.2918548988,0.9883143758608665,5281128.233720683,54.28372458898828
Guaynabo,2010-2014,1,30,5,0.0024702989636554906,2.5,0.012275683298948566,96207.40978279288,1181.0116935057158,478084.5196802001,0.9883471625574306,4797390.941865784,49.86508786274193
Guaynabo,2010-2014,1,35,5,0.0022166664673811073,2.5,0.01102225070308405,95026.39808928716,1047.4047831511998,472513.47848855786,0.9872753430890345,4319306.422185584,45.45375294691426
Guaynabo,2010-2014,1,40,5,0.0029102279491912213,2.5,0.014446036597304817,93978.99330613596,1357.6239766782965,466500.9065889841,0.9841721656440918,3846792.943697026,40.93247659257344
Guaynabo,2010-2014,1,45,5,0.0034759221126043835,2.5,0.017229886206861698,92621.36932945767,1595.8556538702833,459117.20751261263,0.9775189856674169,3380292.037108042,36.49581151282936
Guaynabo,2010-2014,1,50,5,0.005643351895270175,2.5,0.027824205025932178,91025.51367558738,2532.7125551003264,448795.7869901861,0.9683113045108347,2921174.8295954294,32.091824716380316
Guaynabo,2010-2014,1,55,5,0.007262257775611079,2.5,0.03566378979125711,88492.80112048706,3155.988657200578,434574.0339594338,0.9595846541637806,2472379.042605243,27.938758987174385
Guaynabo,2010-2014,1,60,5,0.009278890111718067,2.5,0.045342627415673804,85336.81246328648,3869.395292364032,417010.5740855223,0.9398204658103672,2037805.0086458095,23.87955385048524
Guaynabo,2010-2014,1,65,5,0.01574015900087868,2.5,0.07572113812005066,81467.41717092245,6168.805547883196,391915.07198490424,0.9053168856833542,1620794.434560287,19.895002086046066
Guaynabo,2010-2014,1,70,5,0.024447888994220086,2.5,0.11519854205024921,75298.61162303925,8674.290277382068,354807.3324217411,0.8670496671408874,1228879.362575383,16.320079960138077
Guaynabo,2010-2014,1,75,5,0.03313794496244951,2.5,0.15301335451144726,66624.32134565718,10194.41090114764,307635.5794754168,0.798293292980525,874072.0301536418,13.119413639034644
Guaynabo,2010-2014,1,80,5,0.059557982339832095,2.5,0.25919681358419056,56429.91044450954,14626.452978058107,245583.41977740248,0.5664413554541694,566436.450678225,10.037876123075392
Guaynabo,2010-2014,1,85,NA,0.1497129550307752,7.6752749735668875,1,41803.45746645144,41803.45746645144,320853.03090082254,0,320853.03090082254,7.6752749735668875
Guaynabo,2010-2014,2,0,1,0.006651691380231127,0.13535897825695237,0.0066136541045086275,100000,661.3654104508605,99428.15633576225,0.9932116001766547,8444550.594881317,84.44550594881316
Guaynabo,2010-2014,2,1,4,1.7910010843123943e-4,1.5132395847719644,7.160815060169174e-4,99338.63458954914,71.13455906255695,397177.6437525651,0.9992546673890097,8345122.438545554,84.00681641162296
Guaynabo,2010-2014,2,5,5,8.208725747882377e-5,2.5,4.103520757028808e-4,99267.50003048658,40.73462468733487,496235.66359071457,0.9995471261672394,7947944.794792989,80.06593086712219
Guaynabo,2010-2014,2,10,5,9.910715866429513e-5,2.5,4.954130458731214e-4,99226.76540579925,49.158234081813134,496010.9314437917,0.9990063800758419,7451709.131202274,75.09777327445528
Guaynabo,2010-2014,2,15,5,2.986375432119923e-4,2.5,0.001492073742967734,99177.60717171743,147.98030355130322,495518.08509970893,0.9979350692068409,6955698.199758482,70.13375698523653
Guaynabo,2010-2014,2,20,5,5.28425937040932e-4,2.5,0.0026386438655617186,99029.62686816613,261.3039174445439,494494.8745472193,0.996892738723008,6460180.114658774,65.23482233512738
Guaynabo,2010-2014,2,25,5,7.167055652056088e-4,2.5,0.0035771184742333364,98768.32295072159,353.30599269607046,492958.34977186774,0.9963425515183656,5965685.240111554,60.400795132342274
Guaynabo,2010-2014,2,30,5,7.490133050233482e-4,2.5,0.0037380668705639425,98415.01695802552,367.88191445679695,491155.3800039856,0.9956369436118044,5472726.890339687,55.608656681671164
Guaynabo,2010-2014,2,35,5,0.0010005748145915485,2.5,0.004990390924273257,98047.13504356872,489.29353287241247,489012.4413856626,0.9945175478381045,4981571.510335701,50.807925271065436
Guaynabo,2010-2014,2,40,5,0.0011989793973557347,2.5,0.005976981293206336,97557.84151069631,583.1013937150274,486331.454069194,0.9925419915439129,4492559.068950038,46.05020979740999
Guaynabo,2010-2014,2,45,5,0.0017976307302663703,2.5,0.00894794091741746,96974.74011698128,867.7242450486519,482704.3899722848,0.989126979670505,4006227.6148808445,41.31207374258601
Guaynabo,2010-2014,2,50,5,0.002579625724476377,2.5,0.01281548076276399,96107.01587193263,1231.657613073403,477455.93532697967,0.9827244135836142,3523523.2249085596,36.662497456000814
Guaynabo,2010-2014,2,55,5,0.004406737822138619,2.5,0.021793592489928983,94875.35825885923,2067.6748952295893,469207.60405622213,0.9765611031252073,3046067.28958158,32.10598985324143
Guaynabo,2010-2014,2,60,5,0.005088079908033581,2.5,0.025120857217959706,92807.68336362964,2331.408562507364,458209.89541187976,0.9675231257594086,2576859.6855253577,27.765585694332742
Guaynabo,2010-2014,2,65,5,0.00816793891308819,2.5,0.0400224424036764,90476.27480112227,3621.0814971271175,443328.6702627936,0.9473129135469575,2118649.790113478,23.416633750345323
Guaynabo,2010-2014,2,70,5,0.01362474371831631,2.5,0.06587973241559712,86855.19330399515,5721.996893772157,419970.9742855454,0.9123615536763005,1675321.1198506844,19.28866952131489
Guaynabo,2010-2014,2,75,5,0.023489191017322206,2.5,0.1109317145067885,81133.196410223,9000.24458120206,383165.37059810985,0.8563295256668474,1255350.1455651391,15.47270662452246
Guaynabo,2010-2014,2,80,5,0.03967981681990763,2.5,0.1804941473406792,72132.95182902094,13019.575635545407,328115.8200562412,0.6238001058105551,872184.7749670292,12.091350109092955
Guaynabo,2010-2014,2,85,NA,0.11649762161669136,9.203821367435921,1,59113.37619347553,59113.37619347553,544068.954910788,0,544068.954910788,9.203821367435921
Guaynabo,2015-2019,1,0,1,0.007685640825925413,0.13395368801390714,0.0076348225242111566,100000,763.4822524211049,99338.78901102387,0.9919812338232332,7935334.197024589,79.35334197024589
Guaynabo,2015-2019,1,1,4,3.130024842816483e-4,1.6299962797345517,0.0012510818632667242,99236.5177475789,124.15300752774056,396651.8279005927,0.9987898810819538,7835995.4080135655,78.9628212060549
Guaynabo,2015-2019,1,5,5,1.3840753807524143e-4,2.5,6.917983151221055e-4,99112.36474005115,68.56576693494571,495390.40928291844,0.9992579778062357,7439343.580112972,75.05969209416658
Guaynabo,2015-2019,1,10,5,1.5851896401986073e-4,2.5,7.922808412538827e-4,99043.79897311621,78.4705043714057,495022.81860465254,0.9980127194493018,6943953.170830054,70.10992351691674
Guaynabo,2015-2019,1,15,5,6.376604665024212e-4,2.5,0.003183227786224238,98965.3284687448,315.02918345452053,494039.0693850877,0.9946310891786533,6448930.352225401,65.16353203700123
Guaynabo,2015-2019,1,20,5,0.001518054159440331,2.5,0.00756157360155726,98650.29928529028,745.9514988613664,491386.61767929804,0.9923859316453165,5954891.282840314,60.36364132681599
Guaynabo,2015-2019,1,25,5,0.0015392934681172147,2.5,0.00766696307513146,97904.34778642892,750.6290193733876,487645.16638371116,0.991558832712715,5463504.6651610155,55.80451520987859
Guaynabo,2015-2019,1,30,5,0.001852813354272295,2.5,0.009221353155683199,97153.71876705553,895.8887511389476,483528.8719574303,0.9903947677180106,4975859.498777305,51.216356531939574
Guaynabo,2015-2019,1,35,5,0.0020085723626215896,2.5,0.009992684239627648,96257.83001591658,961.8741009407968,478884.4648272309,0.9889199178564184,4492330.626819874,46.669768330296364
Guaynabo,2015-2019,1,40,5,0.002450613493622584,2.5,0.012178455748143208,95295.95591497578,1160.5575820875383,473578.3856196601,0.984845333035308,4013446.1619926435,42.115597912397135
Guaynabo,2015-2019,1,45,5,0.003666822770154395,2.5,0.018167570696005716,94135.39833288825,1710.2115042094229,466401.46290391765,0.9783344433509822,3539867.7763729836,37.604002735029106
Guaynabo,2015-2019,1,50,5,0.0051101133394923625,2.5,0.025228268419998492,92425.18682867882,2331.7274220824183,456296.61558818805,0.9691881355108993,3073466.313469066,33.25355802813907
Guaynabo,2015-2019,1,55,5,0.007443995847457197,2.5,0.03653997076076268,90093.4594065964,3292.012372452984,442237.26610184956,0.9587460283096461,2617169.6978808776,29.049497212327662
Guaynabo,2015-2019,1,60,5,0.00944733282979412,2.5,0.04614675477063783,86801.44703414342,4005.605090021112,423993.22244566435,0.9399955492411891,2174932.431779028,25.056407538039274
Guaynabo,2015-2019,1,65,5,0.015483528071467235,2.5,0.07453257241429757,82795.84194412231,6170.987085303044,398551.7420073539,0.9148881327914978,1750939.2093333637,21.147670803505406
Guaynabo,2015-2019,1,70,5,0.020287965431686,2.5,0.09654316611634518,76624.85485881926,7397.606091275811,364630.2590659068,0.8769568241072054,1352387.4673260099,17.64946204228085
Guaynabo,2015-2019,1,75,5,0.03298828873916756,2.5,0.15237496993383914,69227.24876754345,10548.49994955684,319764.99396382517,0.814963127442796,987757.208260103,14.268329680078283
Guaynabo,2015-2019,1,80,5,0.050341492642062835,2.5,0.223570305932591,58678.74881798661,13118.825824978929,260596.67952748574,0.6098806633517109,667992.2142962778,11.38388646234257
Guaynabo,2015-2019,1,85,NA,0.14111028302111203,8.94197154001593,1,45559.92299300768,45559.92299300768,407395.5347687921,0,407395.5347687921,8.94197154001593
Guaynabo,2015-2019,2,0,1,0.004897873789575179,0.13896354693649982,0.0048773049854878014,100000,487.7304985487717,99580.04626147867,0.9949641263168245,8632078.892933069,86.32078892933069
Guaynabo,2015-2019,2,1,4,1.4879262416707758e-4,1.5160646247886114,5.949506081217872e-4,99512.26950145123,59.204885255458066,397902.01689693355,0.999379306560633,8532498.84667159,85.74318412612585
Guaynabo,2015-2019,2,5,5,7.405367842804048e-5,2.5,3.701998554875714e-4,99453.06461619577,36.817510148728616,497173.279305607,0.9995908290178348,8134596.829774656,81.79332493339729
Guaynabo,2015-2019,2,10,5,8.965139718825288e-5,2.5,4.4815654129104986e-4,99416.24710604704,44.55404145117791,496969.85042660724,0.9991084859244094,7637423.550469049,76.82269018183949
Guaynabo,2015-2019,2,15,5,2.6719243886822743e-4,2.5,0.0013350703925555179,99371.69306459586,132.66820526865195,496526.79480980773,0.9980440856048992,7140453.700042442,71.8560133155912
Guaynabo,2015-2019,2,20,5,5.161829287929807e-4,2.5,0.002577588376171815,99239.02485932721,255.79735694003466,495555.630904286,0.9971848436059576,6643926.905232634,66.9487322618345
Guaynabo,2015-2019,2,25,5,6.11601382366153e-4,2.5,0.003053338346946205,98983.22750238718,302.22928423753183,494160.56430134206,0.9967012747084086,6148371.274328348,62.1152838664517
Guaynabo,2015-2019,2,30,5,7.102315931897113e-4,2.5,0.0035448637803227085,98680.99821814965,349.81069638961344,492530.4643497742,0.9952767746866691,5654210.710027006,57.297866986788044
Guaynabo,2015-2019,2,35,5,0.0011846539195228545,2.5,0.0059057788374950885,98331.18752176003,580.7222463317739,490204.1319929707,0.9939559459388332,5161680.245677232,52.49280900360312
Guaynabo,2015-2019,2,40,5,0.0012404651433311402,2.5,0.006183150759173909,97750.46527542826,604.405863577369,487241.31171819783,0.9931970284364562,4671476.113684261,47.78980949626784
Guaynabo,2015-2019,2,45,5,0.0014908657997269844,2.5,0.007426648657410119,97146.05941185089,721.4696517037082,483926.6229299951,0.9907188693198606,4184234.8019660637,43.07158547962293
Guaynabo,2015-2019,2,50,5,0.0022423984655242893,2.5,0.011149488338765874,96424.58976014718,1075.0848391010368,479435.2367029833,0.9867177827749989,3700308.1790360683,38.37515086390781
Guaynabo,2015-2019,2,55,5,0.00311182029763451,2.5,0.015438993058238388,95349.50492104614,1472.1003445825045,473067.27374377445,0.9819727159287766,3220872.942333085,33.77965040301068
Guaynabo,2015-2019,2,60,5,0.004174345441948333,2.5,0.0206561623171993,93877.40457646364,1939.1469068488077,464539.1556151962,0.9702432441516938,2747805.6685893107,29.270149520923415
Guaynabo,2015-2019,2,65,5,0.00796538078874357,2.5,0.03904929763081186,91938.25766961483,3590.1243873990607,450715.97737957654,0.9526454062123297,2283266.5129741146,24.834781198259794
Guaynabo,2015-2019,2,70,5,0.011522080151487214,2.5,0.05599738486569552,88348.13328221577,4947.264421569998,429372.5053571539,0.925914681309211,1832550.5355945379,20.742379804910094
Guaynabo,2015-2019,2,75,5,0.019561248666257854,2.5,0.09324621245856742,83400.86886064577,7776.815137008904,397562.30646070663,0.8777956103727252,1403178.0302373841,16.824501344008173
Guaynabo,2015-2019,2,80,5,0.03340243085996077,2.5,0.15414048690813012,75624.05372363687,11656.728462927975,348978.44746086444,0.6529703750551498,1005615.7237766774,13.297564389389041
Guaynabo,2015-2019,2,85,NA,0.10430607367911116,10.26519826551422,1,63967.325260708894,63967.325260708894,656637.276315813,0,656637.276315813,10.26519826551422
Guaynabo,2020-2024,1,0,1,0.009217641727986153,0.13089665681389004,0.009144385296180755,100000,914.4385296180844,99205.25841677074,0.9904670869635396,7772606.973734451,77.72606973734452
Guaynabo,2020-2024,1,1,4,3.338624331628327e-4,1.6254479671026074,0.0013343918618519068,99085.56147038192,132.21896685309184,396028.2850649991,0.9986933883646382,7673401.715317681,77.44217826944818
Guaynabo,2020-2024,1,5,5,1.4577588232279204e-4,2.5,7.286138757874213e-4,98953.34250352882,72.09877840362606,494586.46557163505,0.999181283777747,7277373.430252682,73.54348267713301
Guaynabo,2020-2024,1,10,5,1.818594978995663e-4,2.5,9.088842664069875e-4,98881.2437251252,89.87160666451382,494181.53960896475,0.9978386862186305,6782786.964681047,68.59528368733065
Guaynabo,2020-2024,1,15,5,6.841446659431914e-4,2.5,0.0034148826453493627,98791.37211846068,337.36094215758203,493113.4582369095,0.994843555688905,6288605.425072082,63.65541129979872
Guaynabo,2020-2024,1,20,5,0.0013855777128095458,2.5,0.0069039735842274,98454.0111763031,679.7238924224366,490570.7461504594,0.9917573515805067,5795491.966835173,58.864965455364704
Guaynabo,2020-2024,1,25,5,0.001927368274045609,2.5,0.009590629681786058,97774.28728388067,937.716981740261,486527.1439650527,0.9895923804042959,5304921.220684714,54.256812992993275
Guaynabo,2020-2024,1,30,5,0.0022591923791113466,2.5,0.011232520831902624,96836.5703021404,1087.7187932087982,481463.55452768004,0.986835897942862,4818394.07671966,49.75800012005545
Guaynabo,2020-2024,1,35,5,0.0030465535860733943,2.5,0.015117626283946287,95748.8515089316,1447.4953542291041,475125.51915908523,0.9854288263787409,4336930.522191981,45.29485684522728
Guaynabo,2020-2024,1,40,5,0.0028230510291172425,2.5,0.014016333086723898,94301.3561547025,1321.759218394087,468202.3827275273,0.981481307175543,3861805.0030328953,40.95174407351637
Guaynabo,2020-2024,1,45,5,0.00467092553587026,2.5,0.023085056232715322,92979.59693630842,2146.4392237698776,459531.88662211737,0.9761109258397438,3393602.620305368,36.49835804977738
Guaynabo,2020-2024,1,50,5,0.005004251052747931,2.5,0.024712091489114643,90833.15771253854,2244.677303637436,448554.09530359914,0.9686878861165648,2934070.733683251,32.3017586041516
Guaynabo,2020-2024,1,55,5,0.007763692112199215,2.5,0.03807936931306271,88588.4804089011,3373.393462373555,434508.9183885716,0.9558226862875031,2485516.6383796516,28.056883094812793
Guaynabo,2020-2024,1,60,5,0.010365137294742525,2.5,0.050516656278712206,85215.08694652755,4304.78125703831,415313.48159004195,0.9402119173643385,2051007.71999108,24.06859857196516
Guaynabo,2020-2024,1,65,5,0.014411746447020781,2.5,0.06955278932405073,80910.30568948924,5627.537445765585,390482.68483303225,0.9093376265192032,1635694.238401038,20.21614211517588
Guaynabo,2020-2024,1,70,5,0.02403200121493746,2.5,0.1133499412595319,75282.76824372365,8533.297358281037,355080.59782291565,0.8622339391051489,1245211.5535680058,16.540459159746952
Guaynabo,2020-2024,1,75,5,0.03603943400239254,2.5,0.1653035537248899,66749.47088544261,11033.924746619734,306162.5425606637,0.7970102058103629,890130.9557450901,13.33540092434229
Guaynabo,2020-2024,1,80,5,0.05665734684984281,2.5,0.24813942988405602,55715.54613882288,13825.223854566328,244014.67105769858,0.5821440585680532,583968.4131844265,10.48124722190445
Guaynabo,2020-2024,1,85,NA,0.13224407962698145,8.115328877631747,1,41890.32228425655,41890.32228425655,339953.7421267279,0,339953.7421267279,8.115328877631747
Guaynabo,2020-2024,2,0,1,0.005589704580636428,0.13754164786655537,0.005562886531042791,100000,556.288653104275,99520.22420493315,0.9942270348008108,8666587.480866008,86.66587480866008
Guaynabo,2020-2024,2,1,4,1.8374992614834807e-4,1.5149491836139934,7.346642364029902e-4,99443.711346895725,73.05773826174845,397593.2931954722,0.9992959980723404,8567067.256661074,86.14991476711923
Guaynabo,2020-2024,2,5,5,7.224323728766145e-5,2.5,3.611509596521202e-4,99370.65360863398,35.88780691202555,496763.5485258898,0.9996003296030704,8169473.963465601,82.21213876322722
Guaynabo,2020-2024,2,10,5,8.765995657383179e-5,2.5,4.382037505647964e-4,99334.76580172195,43.5288669357833,496565.0068412703,0.9990311166842585,7672710.414939712,77.24093727924918
Guaynabo,2020-2024,2,15,5,3.0018421319855104e-4,2.5,0.0014997955286409456,99291.23693478617,148.91655318802805,496083.89329096075,0.9980556300061101,7176145.408098442,72.27370339652116
Guaynabo,2020-2024,2,20,5,4.7849415403276115e-4,2.5,0.002389612231455914,99142.32038159814,236.91170143878844,495119.32265439373,0.9968418556843025,6680061.51480748,67.3785068686709
Guaynabo,2020-2024,2,25,5,7.87249820792806e-4,2.5,0.003928517292627523,98905.40868015935,388.5516083343973,493555.66437996074,0.9963593407998496,6184942.192153087,62.533912701922844
Guaynabo,2020-2024,2,30,5,6.71458410507099e-4,2.5,0.0033516657920722556,98516.85707182495,330.19557979011734,491758.7964096495,0.9960723619638573,5691386.527773126,57.770687138585316
Guaynabo,2020-2024,2,35,5,9.031440267816553e-4,2.5,0.004505547238718199,98186.66149203484,442.38464156439295,489827.3458562632,0.9946381823290043,5199627.731363477,52.95655899029916
Guaynabo,2020-2024,2,40,5,0.0012482760703087362,2.5,0.006221963531078234,97744.27685047044,608.1613259352453,487200.9809375141,0.993279984108401,4709800.385507214,48.18492230202167
Guaynabo,2020-2024,2,45,5,0.0014494707528242216,2.5,0.0072211865174766805,97136.1155245352,701.4380077858368,483926.9826032114,0.9909719151674764,4222599.404569699,43.470951888158744
Guaynabo,2020-2024,2,50,5,0.002181457564132789,2.5,0.010848126004341853,96434.67751674936,1046.1355328897625,479558.04875152244,0.9861476240791218,3738672.421966488,38.76896276567247
Guaynabo,2020-2024,2,55,5,0.003406683464208097,2.5,0.016889573742078827,95388.5419838596,1611.0718139857781,472915.0303843335,0.9791276820968475,3259114.3732149657,34.166728051744734
Guaynabo,2020-2024,2,60,5,0.0050475987835099006,2.5,0.024923484541913035,93777.47016987382,2337.2613281585654,463044.1975289727,0.9687475550063022,2786199.3428306323,29.71075395597208
Guaynabo,2020-2024,2,65,5,0.0076938302197013106,2.5,0.03774317710697362,91440.20884171526,3451.2439970115083,448572.9342160475,0.9515580931371262,2323155.1453016596,25.40627558411514
Guaynabo,2020-2024,2,70,5,0.01227768710046019,2.5,0.05956027931954742,87988.96484470375,5240.647323188401,426843.20591554773,0.9237922092225015,1874582.211085612,21.30474218436549
Guaynabo,2020-2024,2,75,5,0.019707277273816316,2.5,0.0939096286431999,82748.31752151535,7770.8637692951015,394314.42818433896,0.8806147098960505,1447739.0051700643,17.49569113346188
Guaynabo,2020-2024,2,80,5,0.03184915997039639,2.5,0.1475013172311354,74977.45375222024,11059.273191089022,347239.0857833787,0.6703711937526933,1053424.5769857252,14.049884655552617
Guaynabo,2020-2024,2,85,NA,0.10775601531032217,11.048272729336407,1,63918.18056113122,63918.18056113122,706185.4912023465,0,706185.4912023465,11.048272729336407
Gurabo,1980-1984,1,0,1,0.015999329331884474,0.11736413828469112,0.01577653963638793,100000,1577.6539636387897,98607.5060343151,0.983719909093784,7203781.253809434,72.03781253809434
Gurabo,1980-1984,1,1,4,4.6400738298102195e-4,1.6054652860755632,0.0018539696200473347,98422.34603636121,182.47203948520473,393252.4485125769,0.9980922510165317,7105173.747775119,72.1906562270948
Gurabo,1980-1984,1,5,5,2.2631781577159683e-4,2.5,0.0011309491939796587,98239.873996876,111.10430631344207,490921.6092185964,0.9988091007878735,6711921.299262542,68.32176209301713
Gurabo,1980-1984,1,10,5,2.5033999878626434e-4,2.5,0.0012509171074634115,98128.76969056256,122.75095674025943,490336.9710609621,0.9970806181900443,6220999.690043946,63.396287446190655
Gurabo,1980-1984,1,15,5,9.200988450275826e-4,2.5,0.004589936237560588,98006.0187338223,449.84137688540795,488905.490226898,0.9943470486601218,5730662.718982983,58.472559063408895
Gurabo,1980-1984,1,20,5,0.001348705859519396,2.5,0.006720868112087407,97556.1773569369,655.6622015353787,486141.73128084606,0.9906316263025068,5241757.228756086,53.73065418069461
Gurabo,1980-1984,1,25,5,0.0024213275205342793,2.5,0.012033793215945927,96900.51515540152,1166.080761898731,481587.37387226074,0.9886186464024774,4755615.497475239,49.07729840082432
Gurabo,1980-1984,1,30,5,0.002155749263105824,2.5,0.010720967023626706,95734.43439350279,1026.3657141582953,476106.2576821182,0.985684412798392,4274028.123602979,44.64462709452268
Gurabo,1980-1984,1,35,5,0.0036223415640718667,2.5,0.017949162824015024,94708.06867934449,1699.930545473544,469290.5170330386,0.9803503354769245,3797921.865920861,40.101354814652396
Gurabo,1980-1984,1,40,5,0.004322459116716559,2.5,0.021381246672071644,93008.13813387095,1988.6299439504073,460069.11580947874,0.9758196881630181,3328631.348887822,35.78860318757019
Gurabo,1980-1984,1,45,5,0.005482227590782552,2.5,0.027040532076366523,91019.50818992054,2461.2159307846596,448944.501122641,0.968692547698161,2868562.2330783433,31.51590565720071
Gurabo,1980-1984,1,50,5,0.007268305456342649,2.5,0.035692958960793865,88558.29225913588,3160.907491243328,434889.19256757107,0.9529045422290072,2419617.7319557024,27.32231697598131
Gurabo,1980-1984,1,55,5,0.012141696402234118,2.5,0.05892000983265861,85397.38476789255,5031.614750207547,414407.8869639439,0.9265039222598712,1984728.5393881314,23.241092742858132
Gurabo,1980-1984,1,60,5,0.0186256466693912,2.5,0.08898473764126912,80365.770017685,7151.326960362276,383950.5326875194,0.9004642932926031,1570320.6524241874,19.539670335749015
Gurabo,1980-1984,1,65,5,0.023530789806323,2.5,0.11111725698659798,73214.44305732273,8135.388084331185,345733.7450757857,0.862826362681107,1186370.119736668,16.20404486049027
Gurabo,1980-1984,1,70,5,0.036320940662793295,2.5,0.16648726787038906,65079.054972991544,10834.834058040207,298308.18971985724,0.7896243257392733,840636.3746608824,12.917157063970196
Gurabo,1980-1984,1,75,5,0.06057225883551381,2.5,0.2630304264901297,54244.22091495134,14267.88056188447,235551.4031700455,0.6878089938622292,542328.1849410251,9.997897947346924
Gurabo,1980-1984,1,80,5,0.09349128056396844,2.5,0.37889739594638977,39976.340353066866,15146.93125924361,162014.3736172253,0.4718818918369933,306776.78177097964,7.673958623064521
Gurabo,1980-1984,1,85,NA,0.1690982207399154,5.830280036336687,1,24829.409093823255,24829.409093823255,144762.4081537543,0,144762.4081537543,5.830280036336687
Gurabo,1980-1984,2,0,1,0.012051804753024486,0.12426028724525136,0.01192593551923752,100000,1192.5935519237537,98955.59846540513,0.9876988652596764,7776164.172422739,77.76164172422739
Gurabo,1980-1984,2,1,4,3.407600958680203e-4,1.5045965029102006,0.0013618823287126392,98807.40644807625,134.5640607875539,394893.8341644331,0.9986914319574697,7677208.573957334,77.6987156118883
Gurabo,1980-1984,2,5,5,1.3058706263971033e-4,2.5,6.527222205048131e-4,98672.84238728869,64.4059567865479,493203.1970444771,0.9992768436142969,7282314.739792901,73.80262454799852
Gurabo,1980-1984,2,10,5,1.587903218767628e-4,2.5,7.9363655487381e-4,98608.43643050214,78.25925977020233,492846.5340030852,0.9982886638889897,6789111.542748423,68.84919575348195
Gurabo,1980-1984,2,15,5,5.266453898005722e-4,2.5,0.002629764565541103,98530.17717073194,259.1111685600772,492003.1079322595,0.9964958790111367,6296265.008745339,63.90189472444817
Gurabo,1980-1984,2,20,5,8.78079903966151e-4,2.5,0.0043807828264219514,98271.06600217186,430.504198276496,490279.0695151681,0.9953422347283308,5804261.9008130785,59.06379300581516
Gurabo,1980-1984,2,25,5,9.896356954754745e-4,2.5,0.004935966455886336,97840.56180389537,482.93773108909954,487995.4646917541,0.9942272736726037,5313982.831297911,54.3126770055642
Gurabo,1980-1984,2,30,5,0.0013271159124503607,2.5,0.006613636905311284,97357.62407280627,643.8879755813396,485178.400425078,0.9923066965015973,4825987.366606156,49.56969125496707
Gurabo,1980-1984,2,35,5,0.0017637747412983303,2.5,0.008780158153552051,96713.73609722493,849.161898554521,481445.7757397383,0.9902601557088647,4340808.966181079,44.88306564661431
Gurabo,1980-1984,2,40,5,0.00215313416667723,2.5,0.01070803126345815,95864.57419867041,1026.5208575774595,476756.5688494084,0.9883578471549728,3859363.1904413407,40.25849196850517
Gurabo,1980-1984,2,45,5,0.0025332190952302666,2.5,0.01258638529721426,94838.05334109295,1193.6682801887655,471206.09600499284,0.9828391489626025,3382606.621591932,35.6671874044705
Gurabo,1980-1984,2,50,5,0.004406744810989988,2.5,0.021793626676773627,93644.38506090418,2040.8507683933713,463119.7983835375,0.9750721118675939,2911400.5255869394,31.08996362882228
Gurabo,1980-1984,2,55,5,0.005706665562729198,2.5,0.028131978333724713,91603.53429251081,2576.988642009528,451575.19985753024,0.9634876644384064,2448280.7272034017,26.72692430605884
Gurabo,1980-1984,2,60,5,0.009235477516045615,2.5,0.04513527308092932,89026.54565050128,4018.2374493871903,435087.1346290384,0.9382142196007319,1996705.5273458716,22.428204000911144
Gurabo,1980-1984,2,65,5,0.016498188068657608,2.5,0.07922333657757936,85008.3082011141,6734.641812507471,408204.93647430185,0.8911050029441364,1561618.3927168332,18.370185523776453
Gurabo,1980-1984,2,70,5,0.030366579319254614,2.5,0.14111959793573134,78273.66638860662,11045.948329715742,363753.46111874375,0.836762703123005,1153413.4562425313,14.735651330246364
Gurabo,1980-1984,2,75,5,0.04174222787557592,2.5,0.1889890766220037,67227.71805889088,12705.30435935418,304375.32939606893,0.7610084271150616,789659.9951237874,11.746047879121114
Gurabo,1980-1984,2,80,5,0.0707671549480187,2.5,0.30064610159913424,54522.4136995367,16391.95112854094,231632.19067633117,0.5226880076068705,485284.6657277185,8.900645308955612
Gurabo,1980-1984,2,85,NA,0.13155540773023955,6.6522265387970965,1,38130.46257099576,38130.46257099576,253652.47505138736,0,253652.47505138736,6.6522265387970965
Gurabo,1985-1989,1,0,1,0.016508985756167296,0.11634714437285597,0.016271612023761265,100000,1627.1612023761263,98562.15435695463,0.9831330218093336,7204691.692285182,72.04691692285182
Gurabo,1985-1989,1,1,4,5.171765125699603e-4,1.6039736329724072,0.0020661457474281655,98372.83879762387,203.2526225441543,393004.3565477122,0.9979855762053012,7106129.537928227,72.23670298411548
Gurabo,1985-1989,1,5,5,2.2148909666097236e-4,2.5,0.001106832604920315,98169.58617507972,108.65729879010178,490576.28762842336,0.9987498438220295,6713125.181380515,68.38294264995727
Gurabo,1985-1989,1,10,5,2.7892207067708243e-4,2.5,0.0013936385620016898,98060.92887628962,136.66149190771102,489962.9906516788,0.9973046453984985,6222548.893752092,63.45594484019472
Gurabo,1985-1989,1,15,5,8.013797725810802e-4,2.5,0.003998887294428934,97924.2673843819,391.5881086596637,488642.3666502604,0.9932770180429186,5732585.903100413,58.541013951100666
Gurabo,1985-1989,1,20,5,0.0019005906468782165,2.5,0.009458013703434102,97532.67927572224,922.4654171224247,485357.23283580516,0.9889896320652073,5243943.536450152,53.766015405212706
Gurabo,1985-1989,1,25,5,0.00253142848607115,2.5,0.012577544543996993,96610.21385859982,1215.1192682116089,480013.2711224701,0.9869598392416039,4758586.303614347,49.2555198209072
Gurabo,1985-1989,1,30,5,0.002720106442578508,2.5,0.013508669664430335,95395.09459038821,1288.6608204286313,473753.8209008695,0.9845506124845621,4278573.032491877,44.851080140581736
Gurabo,1985-1989,1,35,5,0.0035139367339034537,2.5,0.017416680882676488,94106.43376995958,1639.0217259781202,466434.6145348526,0.9815243267148367,3804819.2115910077,40.43102112329298
Gurabo,1985-1989,1,40,5,0.003949298529498426,2.5,0.019553436749983756,92467.41204398146,1808.0556928366714,457816.9209878156,0.9764876566064864,3338384.597056155,36.1033635879014
Gurabo,1985-1989,1,45,5,0.005587002345597018,2.5,0.02755020409079275,90659.35635114479,2497.68377021396,447052.572330189,0.9660961094577512,2880567.6760683395,31.77352886679705
Gurabo,1985-1989,1,50,5,0.008254410501433914,2.5,0.040437581513427016,88161.67258093083,3565.044821351461,431895.75085127546,0.9553041112747612,2433515.1037381506,27.60286905292351
Gurabo,1985-1989,1,55,5,0.010074221261143136,2.5,0.04913364819744511,84596.62775957937,4156.540947029382,412591.7864303234,0.9312971937103611,2001619.352886875,23.66074636657393
Gurabo,1985-1989,1,60,5,0.018691027281379332,2.5,0.08928315183987985,80440.08681254998,7181.944484898035,384245.57285050483,0.8844035954330258,1589027.5664565517,19.754175180833307
Gurabo,1985-1989,1,65,5,0.031148148523663943,2.5,0.14448930665861065,73258.14232765195,10585.018192020238,339828.16615820915,0.8405389161057958,1204781.9936060468,16.44570767598199
Gurabo,1985-1989,1,70,5,0.03882780964529419,2.5,0.1769614814370075,62673.12413563171,11090.728893326857,285638.7984448414,0.799751306084544,864953.8274478377,13.801032569813817
Gurabo,1985-1989,1,75,5,0.051605627408034815,2.5,0.2285428890876423,51582.395242304854,11788.789634737004,228440.00212468175,0.7251057243613561,579315.0290029963,11.23086716469258
Gurabo,1985-1989,1,80,5,0.08047389627052931,2.5,0.3349771835480475,39793.60560756785,13329.949929644867,165643.15321372708,0.5279140989672854,350875.0268783145,8.817372075768525
Gurabo,1985-1989,1,85,NA,0.185786359895909,6.999481701204082,1,26463.655677922983,26463.655677922983,185231.87366458742,0,185231.87366458742,6.999481701204082
Gurabo,1985-1989,2,0,1,0.00892359725023526,0.13068959827950896,0.008854906412541816,100000,885.4906412541895,99230.23377493159,0.9908049782036603,7815875.763085736,78.15875763085737
Gurabo,1985-1989,2,1,4,2.896547541382323e-4,1.5095930672667945,0.0011577838396773141,99114.50935874581,114.75317721308966,396172.2553268986,0.99885366339214,7716645.529310805,77.85586166179101
Gurabo,1985-1989,2,5,5,1.3272298878952668e-4,2.5,6.633948245879664e-4,98999.75618153272,65.67592588631669,494834.59109294775,0.9993002998515492,7320473.273983906,73.94435659579389
Gurabo,1985-1989,2,10,5,1.4726010851054305e-4,2.5,7.360295730657236e-4,98934.0802556464,72.81840885221027,494488.35525610147,0.998405389507308,6825638.682890958,68.99178387521728
Gurabo,1985-1989,2,15,5,4.913676285425179e-4,2.5,0.002453823818735906,98861.2618467942,242.58811906995834,493699.83893629606,0.9967487931781657,6331150.327634857,64.04075984227546
Gurabo,1985-1989,2,20,5,8.117542812480285e-4,2.5,0.004050551275392106,98618.67372772424,399.45999464530905,492094.71865200787,0.9953545524211513,5837450.488698561,59.192141488488744
Gurabo,1985-1989,2,25,5,0.0010513085490452205,2.5,0.005242763340425078,98219.21373307893,514.9400930851552,489808.7184326817,0.9943317513163176,5345355.770046553,54.422709843443876
Gurabo,1985-1989,2,30,5,0.0012229227547225136,2.5,0.006095976502669148,97704.27363999377,595.6029563197517,487032.3608091695,0.992442408796811,4855547.051613871,49.69636302199913
Gurabo,1985-1989,2,35,5,0.0018138218506154069,2.5,0.009028170520673336,97108.67068367402,876.7136379681178,483351.56932344974,0.9898038292115922,4368514.690804701,44.985835559781165
Gurabo,1985-1989,2,40,5,0.002287975049108052,2.5,0.011374812030256459,96231.9570457059,1094.6204226986301,478423.2341717829,0.9878962014492859,3885163.121481252,40.372899406337254
Gurabo,1985-1989,2,45,5,0.0025848306405383678,2.5,0.012841172561945446,95137.33662300727,1221.674956659932,472632.4957233865,0.982686453778727,3406739.887309469,35.808653134878796
Gurabo,1985-1989,2,50,5,0.0044170628701351855,2.5,0.02184409747099902,93915.66166634734,2051.502867493051,464449.5511630041,0.9727809457396799,2934107.3915860825,31.24193919870403
Gurabo,1985-1989,2,55,5,0.006651609349803614,2.5,0.03271404414426831,91864.15879885429,3005.2481462217984,451807.67362871696,0.9546698899012319,2469657.8404230783,26.883801829945885
Gurabo,1985-1989,2,60,5,0.01202555439440052,2.5,0.05837285705288743,88858.91065263249,5186.948489401402,431327.18203965895,0.9304796124290986,2017850.1667943613,22.70847292605856
Gurabo,1985-1989,2,65,5,0.01696179091206335,2.5,0.08135896996682157,83671.96216323109,6807.464656703349,401341.1491743971,0.906626985000189,1586522.9847547025,18.96122600375549
Gurabo,1985-1989,2,70,5,0.022487103765013977,2.5,0.1064510777470795,76864.49750652774,8182.308600057586,363866.71603249473,0.8483696346503734,1185181.8355803054,15.419106011584262
Gurabo,1985-1989,2,75,5,0.04498633710595399,2.5,0.20219199267344004,68682.18890647015,13886.988636172835,308693.4729419187,0.7596841100061231,821315.1195478106,11.958196624546416
Gurabo,1985-1989,2,80,5,0.06731747869675006,2.5,0.28810169431061866,54795.20027029732,15786.590037962327,234509.52625658078,0.5425290215321832,512621.64660589193,9.355228999569281
Gurabo,1985-1989,2,85,NA,0.1093713066717048,7.129505990930655,1,39008.61023233499,39008.61023233499,278112.12034931115,0,278112.12034931115,7.129505990930655
Gurabo,1990-1994,1,0,1,0.014137004805772395,0.12108031376032148,0.013963504191250992,100000,1396.3504191250977,98772.72012774192,0.9853714853208768,7077609.014315378,70.77609014315378
Gurabo,1990-1994,1,1,4,5.329751772245961e-4,1.6109279618717607,0.0021291895775444117,98603.6495808749,209.94586299544608,393913.0225326965,0.9979973382002022,6978836.294187636,70.77665303314743
Gurabo,1990-1994,1,5,5,2.1920631308922474e-4,2.5,0.001095431251831232,98393.70371787946,107.78353803597565,491699.05974430736,0.99873160129562355,6584923.27165494,66.92423420237988
Gurabo,1990-1994,1,10,5,2.8851912594691327e-4,2.5,0.0014415558386581331,98285.92017984348,141.6846420931397,491075.38929398457,0.9961623595865196,6093224.211910632,61.99488391380227
Gurabo,1990-1994,1,15,5,0.0012513392294431333,2.5,0.006237184064462867,98144.23553775034,612.1436619149463,489190.81853396434,0.9917975117133982,5602148.822616648,57.0807729248839
Gurabo,1990-1994,1,20,5,0.0020464420017461344,2.5,0.010180127407953762,97532.0918758354,992.8891216602497,485178.23657502636,0.9879990177071164,5112958.0040826835,52.42333990530837
Gurabo,1990-1994,1,25,5,0.0027874024832519532,2.5,0.013840564357609742,96539.20275417514,1336.1570487514982,479355.621148997,0.9853478912375222,4627779.767507657,47.93679288290491
Gurabo,1990-1994,1,30,5,0.0031191430448784386,2.5,0.01547504304220646,95203.04570542365,1473.2712300405838,472332.05045201676,0.980977710148527,4148424.1463586604,43.57448982456585
Gurabo,1990-1994,1,35,5,0.004576834773372131,2.5,0.02262529329409526,93729.77447538306,2120.663637894948,463347.2132821779,0.9762676887095119,3676092.0959066437,39.22011032761124
Gurabo,1990-1994,1,40,5,0.005035596076442452,2.5,0.02486495569881756,91609.11083748812,2277.8564825822104,452350.9129809851,0.9734967890652317,3212744.8826244655,35.070145897647464
Gurabo,1990-1994,1,45,5,0.005717212794106032,2.5,0.028183240019483285,89331.2543549059,2517.6441827258095,440362.161317715,0.963851212733809,2760393.9696434806,30.90065162050291
Gurabo,1990-1994,1,50,5,0.009070178049135052,2.5,0.04434533992378001,86813.6101721801,3849.779053095859,424443.6032281609,0.9504195389341974,2320031.8083257657,26.72428670716925
Gurabo,1990-1994,1,55,5,0.011323427114360888,2.5,0.05505850806408173,82963.83111908424,4567.8647646972095,403399.4936836781,0.92453630935653,1895588.2050976048,22.8483687352471
Gurabo,1990-1994,1,60,5,0.020401631555341502,2.5,0.09705781340506449,78395.96635438703,7608.941074133807,372957.4790866006,0.8897966562385307,1492188.7114139267,19.03399856911674
Gurabo,1990-1994,1,65,5,0.02661249149816804,2.5,0.12476189529617802,70787.02528025322,8831.523436342854,331856.31781040895,0.8415666479674097,1119231.232327326,15.811248288738971
Gurabo,1990-1994,1,70,5,0.04368144745713797,2.5,0.19690454810535138,61955.501843910366,12199.320093215436,279279.20898651326,0.7734873566834732,787374.9145169171,12.708716596318048
Gurabo,1990-1994,1,75,5,0.06066499919361293,2.5,0.2633801104915984,49756.18175069493,13104.788647138084,216018.93713562944,0.6908737547371413,508095.70553040376,10.211710136365264
Gurabo,1990-1994,1,80,5,0.09116788484097908,2.5,0.37122901417097204,36651.393103556846,13606.060529826169,149241.8141932188,0.48903223281523767,292076.76839477435,7.969049568444089
Gurabo,1990-1994,1,85,NA,0.15740128177456778,6.197999258399628,1,23045.332573730677,23045.332573730677,142834.95420155552,0,142834.95420155552,6.197999258399628
Gurabo,1990-1994,2,0,1,0.008632394821658562,0.1312880978948898,0.008568141777038359,100000,856.81417770384,99255.67532593627,0.9911245564971605,7902251.122577683,79.02251122577682
Gurabo,1990-1994,2,1,4,2.6970593067507565e-4,1.5100596333287586,0.0010780997230158793,99143.18582229616,106.88624117392465,396306.60292264394,0.9989368443987187,7802995.447251747,78.70430410858296
Gurabo,1990-1994,2,5,5,1.1803556957279472e-4,2.5,5.90003744293954e-4,99036.29958112224,58.431787573877955,495035.4184366765,0.999293113772759,7406688.844329103,74.78761702179881
Gurabo,1990-1994,2,10,5,1.6483544122677517e-4,2.5,8.238377120019831e-4,98977.86779354836,81.5417001418682,494685.4847173871,0.9983930390740932,6911653.425892427,69.83029216500204
Gurabo,1990-1994,2,15,5,4.787182105949034e-4,2.5,0.00239072983819912,98896.32609340649,236.4343976797827,493890.544472833,0.9966879179958751,6416967.94117504,64.88580713417285
Gurabo,1990-1994,2,20,5,8.489263045913157e-4,2.5,0.004235642152855591,98659.8916957267,417.88799606257817,492254.7384884771,0.9952725499698002,5923077.396702207,60.035312170920974
Gurabo,1990-1994,2,25,5,0.00104700336357138,2.5,0.005221349890612265,98242.00369966413,512.9558752707817,489927.62881014374,0.9935775234433359,5430822.65821373,55.28004777687873
Gurabo,1990-1994,2,30,5,0.0015318253716324374,2.5,0.0076299076428857256,97729.04782439335,745.6636089272797,486781.08009964856,0.9919829469366429,4940895.029403586,50.55707734185383
Gurabo,1990-1994,2,35,5,0.00168853291166244,2.5,0.008407175078775649,96983.38421546607,815.3562908315798,482878.5303502514,0.9905619496189043,4454113.949303937,45.92656757995081
Gurabo,1990-1994,2,40,5,0.002106569146511865,2.5,0.010477665913208763,96168.02792463449,1007.6164681264636,478321.0984528563,0.9875051300170006,3971235.418953686,41.29475777610711
Gurabo,1990-1994,2,45,5,0.0029279633682896336,2.5,0.014533433439631378,95160.41145650802,1383.0075059911032,472344.5385175624,0.9832880519722674,3492914.3205008297,36.70554032962779
Gurabo,1990-1994,2,50,5,0.003820666624869486,2.5,0.018922590846093105,93777.40395051692,1774.5114455644216,464450.74113867356,0.9778285918522476,3020569.781983267,32.20999574244044
Gurabo,1990-1994,2,55,5,0.005162353275710127,2.5,0.02548288721285604,92002.8925049525,2344.4993329602294,454153.2141923619,0.964742793546438,2556119.0408445937,27.78302911190535
Gurabo,1990-1994,2,60,5,0.009267267260788598,2.5,0.04528711676755432,89658.39317199227,4060.3701207713166,438141.04055803304,0.9454297128386636,2101965.8266522316,23.444161246789434
Gurabo,1990-1994,2,65,5,0.01328586084525723,2.5,0.06429380776823493,85598.02305122095,5503.422839396138,414231.55815761443,0.906990613354348,1663824.7860941987,19.437654361463274
Gurabo,1990-1994,2,70,5,0.026370607877128208,2.5,0.12369805699518437,80094.60021182481,9907.546422008803,375704.135004102,0.8530028874887311,1249593.2279365843,15.601466573674212
Gurabo,1990-1994,2,75,5,0.03801656196364029,2.5,0.17358504342032638,70187.05378981601,12183.422779649998,320476.71199995506,0.7814569588208695,873889.0929324821,12.450858751664564
Gurabo,1990-1994,2,80,5,0.06321609136676183,2.5,0.2729442804123532,58003.63101016601,15831.759327373416,250438.75673239655,0.5474644851450651,553412.3809325271,9.54099547380979
Gurabo,1990-1994,2,85,NA,0.13046591443095912,7.184258419427778,1,42171.8716827926,42171.8716827926,302973.6242001306,0,302973.6242001306,7.184258419427778
Gurabo,1995-1999,1,0,1,0.013015412316435188,0.1233183954931694,0.01286857705797808,100000,1286.857705797811,98871.8355217092,0.9865598555923057,7241039.467586343,72.41039467586343
Gurabo,1995-1999,1,1,4,4.723612431902954e-4,1.614226977324312,0.0018873180658743073,98713.14229420219,186.30309679105994,394408.0922744437,0.9980863919409622,7142167.632064634,72.35275330186832
Gurabo,1995-1999,1,5,5,2.422838436998882e-4,2.5,0.001210685894419408,98526.83919741113,119.28505443803442,492335.98335096054,0.998596709456654,6747759.53979019,68.48651184546975
Gurabo,1995-1999,1,10,5,3.194806978806518e-4,2.5,0.00159612865865882,98407.5541429731,157.0711173961172,491645.0929213752,0.9963954282924135,6255423.556439229,63.56649762223468
Gurabo,1995-1999,1,15,5,0.0011264082042984093,2.5,0.005616225614967323,98250.48302557698,551.7968794511544,489872.92292925704,0.9922008363073246,5763778.463517854,58.66412343252708
Gurabo,1995-1999,1,20,5,0.0020089252093255555,2.5,0.009994430886227269,97698.68614612582,976.4427663626702,486052.3238147224,0.9897061366165457,5273905.540588598,53.98133535491491
Gurabo,1995-1999,1,25,5,0.0021305517527301656,2.5,0.010596318749937909,96722.24337976315,1024.8997210610542,481048.96759616316,0.9868897321924807,4787853.216773875,49.501056318298964
Gurabo,1995-1999,1,30,5,0.003154917179410107,2.5,0.015651140764859482,95697.3436587021,1497.7725964254787,474742.28680244676,0.9819932410530217,4306804.249177712,45.00442838348397
Gurabo,1995-1999,1,35,5,0.0041220104478934165,2.5,0.020399831443602596,94199.57106227662,1921.6553717300994,466193.71688205784,0.9814083067561958,3832061.962375265,40.68024853151228
Gurabo,1995-1999,1,40,5,0.0033774595413647063,2.5,0.016745901197378937,92277.91569054652,1545.276858853962,457526.3863055977,0.9795247636087443,3365868.245493207,36.47533887501997
Gurabo,1995-1999,1,45,5,0.004913234656168284,2.5,0.024268086274534112,90732.63883169256,2201.907507083655,448158.42539075366,0.9691189624351003,2908341.8591876095,32.05397634893583
Gurabo,1995-1999,1,50,5,0.007676230326872573,2.5,0.037658464025326244,88530.7313246089,3333.931360723611,434318.8282212355,0.9523973834312768,2460183.4337968556,27.78903322029825
Gurabo,1995-1999,1,55,5,0.011932851242904316,2.5,0.05793590487818547,85196.79996388529,4935.953698633457,413644.1155728428,0.9261184782816254,2025864.6055756202,23.778646691359054
Gurabo,1995-1999,1,60,5,0.01902538158739496,2.5,0.09080777644218617,80260.84626525184,7288.308984715666,383083.45886447,0.9010353970139486,1612220.4900027774,20.0872600405258
Gurabo,1995-1999,1,65,5,0.022818703543904483,2.5,0.10793611234624603,72972.53728053617,7876.371982102573,345171.7564474244,0.8654966019558229,1229137.0311383074,16.84383025374332
Gurabo,1995-1999,1,70,5,0.035797547447040994,2.5,0.16428521755915199,65096.165298433596,10694.337678319687,298744.98229636875,0.7891739146126423,883965.274690883,13.579375538303081
Gurabo,1995-1999,1,75,5,0.06149834125184425,2.5,0.26651597960255285,54401.82762011391,14498.95638034388,235761.74714970984,0.7057622812554523,585220.2923945143,10.757364559166788
Gurabo,1995-1999,1,80,5,0.0796256016204333,2.5,0.33203232417708806,39902.87123977003,13249.043079079922,166391.74850115034,0.5238584067687091,349458.54524480447,8.757729315892169
Gurabo,1995-1999,1,85,NA,0.15781947053171422,6.868311585112066,1,26653.828160690107,26653.828160690107,183066.7967436541,0,183066.7967436541,6.868311585112066
Gurabo,1995-1999,2,0,1,0.01161871501183316,0.12515040359762966,0.011501803456769346,100000,1150.1803456769267,98993.7651887946,0.9882954445588372,7882654.897151078,78.82654897151077
Gurabo,1995-1999,2,1,4,2.488563102324251e-4,1.5052865657758363,9.948076392976414e-4,98849.81965432307,98.33655573532451,395153.957090624,0.9989111308943037,7783661.1319622835,78.74228965901685
Gurabo,1995-1999,2,5,5,1.1973461129843483e-4,2.5,5.984939054043541e-4,98751.48309858775,59.102160784139414,493609.6600909784,0.9993358150523626,7388507.17487166,74.81920213284698
Gurabo,1995-1999,2,10,5,1.4603636291061234e-4,2.5,7.299153291033243e-4,98692.38093780361,72.03708171220205,493281.8119847375,0.9983827993996001,6894897.514780681,69.86251065445343
Gurabo,1995-1999,2,15,5,5.016551542661069e-4,2.5,0.002505133987887657,98620.34385609141,247.05717529104732,492484.07634222944,0.9967754015095189,6401615.702795943,64.91171549895726
Gurabo,1995-1999,2,20,5,7.907340417236431e-4,2.5,0.003945869874533202,98373.28668080036,388.16818837258324,490896.0129330703,0.9952324075945513,5909131.626453714,60.06845786933545
Gurabo,1995-1999,2,25,5,0.0011216504928270097,2.5,0.005592570191356787,97985.11849242778,547.988652877335,488555.62082994555,0.9939346350195604,5418235.613520644,55.29651539829858
Gurabo,1995-1999,2,30,5,0.0013124560241561099,2.5,0.006540818778259449,97437.12983955044,637.3186085542256,485592.35267636663,0.9931817557383227,4929679.992690698,50.59344421175371
Gurabo,1995-1999,2,35,5,0.0014245546420282643,2.5,0.007097496281953234,96799.81123099622,687.0363003057719,482281.4654042166,0.9915715028470896,4444087.640014332,45.91008581007741
Gurabo,1995-1999,2,40,5,0.001963392668653783,2.5,0.00976901232532011,96112.77493069044,938.926882918633,478216.5574461557,0.9880067795197959,3961806.174610115,41.220391123522155
Gurabo,1995-1999,2,45,5,0.002868295625264017,2.5,0.014239371310230972,95173.84804777181,1355.21576137573,472481.20083541976,0.983385342195937,3483589.6171639594,36.60238278287747
Gurabo,1995-1999,2,50,5,0.0038413908915152844,2.5,0.01902425545353376,93818.63228639608,1784.8296269175626,464631.0873646865,0.9786060135000613,3011108.4163285396,32.09499374427735
Gurabo,1995-1999,2,55,5,0.004819307916975015,2.5,0.02380967420636673,92033.80265947852,2191.2948572952155,454690.7761541545,0.9637782163638396,2546477.328963853,27.668935275723854
Gurabo,1995-1999,2,60,5,0.0100328118786188,2.5,0.04893662940120408,89842.5078021833,4396.589508790246,438221.0652389409,0.93995966081678,2091786.5528096985,23.282815718094472
Gurabo,1995-1999,2,65,5,0.014876514788430805,2.5,0.07171538642536654,85445.91829339306,6127.787048880971,411910.12384476286,0.907719103630555,1653565.4875707577,19.35218815125797
Gurabo,1995-1999,2,70,5,0.02427606037067164,2.5,0.11443521159059834,79318.13124451209,9076.78713193658,373898.688392719,0.8471320447900786,1241655.363725995,15.654117718663517
Gurabo,1995-1999,2,75,5,0.043524645230996584,2.5,0.1962670877435822,70241.3441125755,13786.064048170017,316741.5604424525,0.7710601511061347,867756.6753332758,12.353930385251823
Gurabo,1995-1999,2,80,5,0.06231847704438739,2.5,0.26959111581605316,56455.28006440549,15219.841946270848,244226.79545635032,0.5567693356202384,551015.1148908234,9.760205144004468
Gurabo,1995-1999,2,85,NA,0.10948677646505758,7.439918997721351,1,41235.43811813464,41235.43811813464,306788.31943447306,0,306788.31943447306,7.439918997721351
Gurabo,2000-2004,1,0,1,0.011910099855164332,0.12552399124401234,0.011787333636854174,100000,1178.7333636854164,98969.22595273686,0.9877834463119077,7396799.029200331,73.96799029200331
Gurabo,2000-2004,1,1,4,3.8533948915140596e-4,1.6174847637521583,0.001539944168968613,98821.26663631458,152.1792333266785,394922.497203217,0.9984456392619165,7297829.803247594,73.84877822002947
Gurabo,2000-2004,1,5,5,1.795895114398836e-4,2.5,8.975445832164296e-4,98669.0874029879,88.55990492946876,493124.03725261585,0.998956646341519,6902907.306044377,69.96018193470535
Gurabo,2000-2004,1,10,5,2.380002704053209e-4,2.5,0.0011892937214583582,98580.52749805844,117.24120241148921,492609.53448426345,0.9970530982644185,6409783.268791761,65.02078484940145
Gurabo,2000-2004,1,15,5,9.435409462794755e-4,2.5,0.004706602550835935,98463.28629564695,463.4275544427801,491157.86259212776,0.9922518203668105,5917173.734307498,60.09522896219944
Gurabo,2000-2004,1,20,5,0.002172564325656276,2.5,0.010804139905958667,97999.85874120417,1058.8041846041451,487352.28324451053,0.9892287019594512,5426015.87171537,55.367588702798756
Gurabo,2000-2004,1,25,5,0.0021592124109746807,2.5,0.010738097471546358,96941.05455660002,1040.962492823266,482102.86655094195,0.9887620297223934,4938663.588470859,50.94501613439093
Gurabo,2000-2004,1,30,5,0.0023625256935925977,2.5,0.01174326903093212,95900.09206377676,1126.1805811960949,476685.0088658935,0.9868912071535866,4456560.7219199175,46.4708701109083
Gurabo,2000-2004,1,35,5,0.002919259411867883,2.5,0.01449054292479868,94773.91148258066,1373.3254324893933,470436.2438316798,0.9845989629980854,3979875.713054024,41.99336769787666
Gurabo,2000-2004,1,40,5,0.0032918533440546216,2.5,0.016324918625352392,93400.58605009127,1524.7569668279757,463191.0378333864,0.9790970567423678,3509439.469222344,37.57406262247874
Gurabo,2000-2004,1,45,5,0.005177549992709395,2.5,0.02555694407453008,91875.82908326329,2348.0654256820417,453508.98185211135,0.9703298688582654,3046248.431388958,33.156146309474586
Gurabo,2000-2004,1,50,5,0.00689508040379789,2.5,0.033891195720308506,89527.76365758125,3034.202960520619,440053.3108866047,0.9621686839182099,2592739.4495368465,28.960172170203563
Gurabo,2000-2004,1,55,5,0.008561332504995972,2.5,0.041909656268762446,86493.56069706063,3624.915398275145,423405.5149896153,0.9476558053803424,2152686.138650242,24.888397717720483
Gurabo,2000-2004,1,60,5,0.013059958344158266,2.5,0.06323517000540059,82868.64529878549,5240.212873585944,401242.69430996256,0.914166109766643,1729280.6236606264,20.867731304471686
Gurabo,2000-2004,1,65,5,0.02327104179634811,2.5,0.10995810957246964,77628.43242519954,8535.875678549142,366802.47292962484,0.8710454775051208,1328037.929350664,17.107622656561073
Gurabo,2000-2004,1,70,5,0.03250205406345979,2.5,0.1502978020940953,69092.5567466504,10384.459420083112,319501.63518304424,0.8144048014667036,961235.4564210391,13.912286672871454
Gurabo,2000-2004,1,75,5,0.0512472731922678,2.5,0.22713610136512594,58708.09732656729,13334.728345320858,260203.6657695343,0.7256938354427556,641733.8212379948,10.930925212382752
Gurabo,2000-2004,1,80,5,0.08057832349499494,2.5,0.3353389845342625,45373.36898124643,15215.459479069585,188828.1962085582,0.5050766145163385,381530.15546846046,8.40868033462874
Gurabo,2000-2004,1,85,NA,0.13803926039058073,6.389765154179296,1,30157.909502176844,30157.909502176844,192701.95925990227,0,192701.95925990227,6.389765154179296
Gurabo,2000-2004,2,0,1,0.007273113492926913,0.1340817880313921,0.007227594669561167,100000,722.7594669561076,99374.14941468998,0.9925399742569195,8161616.632892203,81.61616632892202
Gurabo,2000-2004,2,1,4,2.1584813915529564e-4,1.512240703472624,8.629291824492734e-4,99277.24053304389,85.66922800900647,396895.8377137698,0.9991241527097763,8062242.483477513,81.20937326812624
Gurabo,2000-2004,2,5,5,9.884420302232731e-5,2.5,4.940989180772077e-4,99191.57130503489,49.010448064189404,495835.330405014,0.9994374991212404,7665346.645763743,77.27820564704227
Gurabo,2000-2004,2,10,5,1.2622715136508653e-4,2.5,6.309366534842797e-4,99142.5608569707,62.552675564948004,495556.4225959411,0.9987599732376147,7169511.315358729,72.31517174245597
Gurabo,2000-2004,2,15,5,3.7024266440147243e-4,2.5,0.0018495014111816366,99080.00818140575,183.24861495141522,494941.9193696502,0.9973485971677294,6673954.892762788,67.35924850292132
Gurabo,2000-2004,2,20,5,6.921536466458465e-4,2.5,0.0034547901192805925,98896.75956645433,341.6675477790559,493629.62896282406,0.9962846951567266,6179012.973393138,62.479428046791654
Gurabo,2000-2004,2,25,5,7.969291253025606e-4,2.5,0.003976722711133417,98555.09201867528,391.92627272849495,491795.6444115552,0.9952487069860838,5685383.344430313,57.68736275293605
Gurabo,2000-2004,2,30,5,0.0011088565827992096,2.5,0.005528955866225372,98163.16574594678,542.7398110983049,489458.97920198814,0.994258827603307,5193587.700018759,52.9077038271171
Gurabo,2000-2004,2,35,5,0.0011944700342673808,2.5,0.005954568786381113,97620.42593484848,581.28754118488,486648.91082128015,0.99206794334364,4704128.720816771,48.18795529489176
Gurabo,2000-2004,2,40,5,0.001994170501678397,2.5,0.009921390149462733,97039.1383936636,962.7631517712434,482788.7840888899,0.9901875626105575,4217479.80999549,43.461637024086365
Gurabo,2000-2004,2,45,5,0.00194993809961432,2.5,0.009702392834458264,96076.37524189235,932.170734707659,478051.4493726926,0.9867474023268507,3734691.0259066005,38.872105827303905
Gurabo,2000-2004,2,50,5,0.0033961082256138762,2.5,0.016837585471769,95144.2045071847,1601.9986755332066,471716.0258470904,0.9804591620868889,3256639.576533908,34.22845977221857
Gurabo,2000-2004,2,55,5,0.004508323355581884,2.5,0.02229038610717958,93542.20583165149,2085.091885304777,462498.2994449955,0.9705346099038604,2784923.5506868176,29.771839630325402
Gurabo,2000-2004,2,60,5,0.0074987873782212874,2.5,0.036803973952743395,91457.11394634671,3365.985239474423,448870.6066330475,0.9524317163776013,2322425.251241822,25.393598715615187
Gurabo,2000-2004,2,65,5,0.012104307188115074,2.5,0.0587439004008748,88091.12870687229,5174.81649095715,427518.60230696853,0.9290177939180744,1873554.6446087745,21.268369154890987
Gurabo,2000-2004,2,70,5,0.01753311438305085,2.5,0.08398430581467951,82916.31221591514,6963.6689221668785,397172.3887741585,0.8922541569889029,1446036.042301806,17.439705211880497
Gurabo,2000-2004,2,75,5,0.028652399791179572,2.5,0.13368594136012185,75952.64329374826,10153.80061751428,354378.71492495557,0.8207375933365213,1048863.6535276475,13.809442410992173
Gurabo,2000-2004,2,80,5,0.05245594112387562,2.5,0.23187204037404371,65798.84267623398,15256.911905589077,290851.9336171972,0.5811976366220509,694484.9386026919,10.554667990437684
Gurabo,2000-2004,2,85,NA,0.11834180198560486,7.986101813505063,1,50541.9307706449,50541.9307706449,403633.0049854946,0,403633.0049854946,7.986101813505063
Gurabo,2005-2009,1,0,1,0.012039672297269006,0.12526543591441458,0.011914197715544953,100000,1191.419771554487,98957.82394548634,0.987725433105685,7547926.837096734,75.47926837096733
Gurabo,2005-2009,1,1,4,3.500765671319763e-4,1.617102522283063,0.001399139111481796,98808.58022844551,138.24694914760767,394904.89260735613,0.9984594170822625,7448969.013151248,75.38787619384092
Gurabo,2005-2009,1,5,5,2.0262450301848303e-4,2.5,0.0010126095663170983,98670.3332792979,99.91452339032548,493101.8800880137,0.998981985862589,7054064.120543892,71.49123638385348
Gurabo,2005-2009,1,10,5,2.0478963068513398e-4,2.5,0.0010234241867725616,98570.41875590758,100.87935065508645,492599.8954029002,0.9975113934620905,6560962.240455878,66.56116838361979
Gurabo,2005-2009,1,15,5,7.926255175236988e-4,2.5,0.003955289928302552,98469.5394052525,389.47557745418453,491374.00808262697,0.9933323884780325,6068362.345052978,61.62679729899583
Gurabo,2005-2009,1,20,5,0.0018870008800732985,2.5,0.009390703734836133,98080.06382779831,921.040821700677,488097.7170847399,0.9885711336447631,5576988.336970351,56.861589596454714
Gurabo,2005-2009,1,25,5,0.002715581682143363,2.5,0.01348635019683309,97159.02300609763,1310.3206090423919,482519.3135078822,0.9872860619381766,5088890.619885611,52.376922517697984
Gurabo,2005-2009,1,30,5,0.0024005135228318698,2.5,0.011930966498111421,95848.70239705524,1143.5676571867225,476384.5928423094,0.9862802847475111,4606371.3063777285,48.05877587466693
Gurabo,2005-2009,1,35,5,0.003130319672722704,2.5,0.015530063207669535,94705.13473986852,1470.7767286010203,469848.73187784,0.9851754044198744,4129986.713535419,43.608899611192854
Gurabo,2005-2009,1,40,5,0.002841644794183708,2.5,0.014107999164959898,93234.3580112675,1315.3502449685184,462883.4144439162,0.9811909906012002,3660137.9816575795,39.25739458854049
Gurabo,2005-2009,1,45,5,0.004771710105560095,2.5,0.023577290538983983,91919.00776629898,2167.2011521611566,454177.035951092,0.9753626530532943,3197254.5672136634,34.7833886038302
Gurabo,2005-2009,1,50,5,0.005211629394676467,2.5,0.025723000114591162,89751.80661413782,2308.6857318202237,442987.31874113856,0.9647477251063291,2743077.531262571,30.5629227393232
Gurabo,2005-2009,1,55,5,0.009214098495865497,2.5,0.045033142942696495,87443.1208823176,3937.8385620489134,427371.00800646574,0.9449145705156116,2300090.2125214324,26.303844022412374
Gurabo,2005-2009,1,60,5,0.013567441648078658,2.5,0.06561174929057276,83505.282320268685,5478.927648035955,403829.09248125355,0.9257817005202785,1872719.2045149668,22.42635618346283
Gurabo,2005-2009,1,65,5,0.017412180576426087,2.5,0.08342919247052497,78026.35467223273,6509.675761723149,373857.58395685576,0.8920984265737387,1468890.1120337134,18.82556372400219
Gurabo,2005-2009,1,70,5,0.028862789157660426,2.5,0.13460150839549645,71516.67891050958,9626.25285679099,333517.76241057046,0.8316729257145556,1095032.5280768576,15.311568500644391
Gurabo,2005-2009,1,75,5,0.046253808879814555,2.5,0.2072982144216126,61890.42605371859,12829.774810728704,277377.6932417712,0.7614129604889828,761514.765666287,12.304241774088299
Gurabo,2005-2009,1,80,5,0.06459176488538901,2.5,0.27805815671882717,49060.65124298989,13641.714252051002,211198.97058482192,0.5637620363853649,484137.07242451585,9.86813383350048
Gurabo,2005-2009,1,85,NA,0.1479097187757593,7.705993601940083,1,35418.936990938884,35418.936990938884,272938.10183969396,0,272938.10183969396,7.705993601940083
Gurabo,2005-2009,2,0,1,0.006257733907912429,0.1361686672310848,0.006224088807756863,100000,622.408880775678,99462.34370699234,0.9935466081158852,8232788.061937768,82.32788061937768
Gurabo,2005-2009,2,1,4,2.0187398470183923e-4,1.5138734075097795,8.070908725845038e-4,99377.59111922432,80.20674673176836,397310.9603509503,0.9991939650889735,8133325.718230776,81.84265312361154
Gurabo,2005-2009,2,5,5,9.189416532942577e-5,2.5,4.593652941714058e-4,99297.38437249255,45.61377218272537,496372.88743200595,0.9994780080572545,7736014.757879825,77.90753811661189
Gurabo,2005-2009,2,10,5,1.1696366585997031e-4,2.5,5.846473730498833e-4,99251.77060030983,58.02728695201222,496113.7847841691,0.998778334086244,7239641.870447819,72.94219364208722
Gurabo,2005-2009,2,15,5,3.7215735159349425e-4,2.5,0.0018590571035471783,99193.74331335782,184.40683313412592,495507.69948395377,0.9973806303209957,6743528.08566365,67.98340157766322
Gurabo,2005-2009,2,20,5,6.773647887976112e-4,2.5,0.0033810983515610332,99009.33648022369,334.7603043624549,494209.7816402123,0.9959280752889669,6248020.386179696,63.10536569879637
Gurabo,2005-2009,2,25,5,9.55294984870882e-4,2.5,0.004765094746569828,98674.57617586124,470.1937045555969,492197.3966179172,0.995398134340926,5753810.604539484,58.31097358132904
Gurabo,2005-2009,2,30,5,8.895448446314037e-4,2.5,0.004437855045464732,98204.38247130564,435.81681423702685,489932.3703209356,0.9951917965981375,5261613.207921566,53.5781914769329
Gurabo,2005-2009,2,35,5,0.001038730945780722,2.5,0.005180202636942592,97768.56565706861,506.46098162683484,487576.67583127593,0.9929318125537916,4771680.837600631,48.805879533281676
Gurabo,2005-2009,2,40,5,0.0018012757876118958,2.5,0.008966003326301195,97262.10467544178,872.0523540430586,484130.3924921013,0.9907905550810389,4284104.161769355,44.04700243805305
Gurabo,2005-2009,2,45,5,0.0019000001264833932,2.5,0.009455088956881998,96390.05232139872,911.3765192573337,479671.82030885026,0.9882370332711075,3799973.7692772537,39.4228831478044
Gurabo,2005-2009,2,50,5,0.002838576647738373,2.5,0.014092873981235229,95478.67580214138,1345.5689459747955,474029.45664576994,0.9819699131830819,3320301.9489684035,34.77532465834572
Gurabo,2005-2009,2,55,5,0.004453759754056191,2.5,0.02202357944089565,94133.10685616659,2073.1479568650975,465482.6643886702,0.9700667231617791,2846272.4923226335,30.23667854362523
Gurabo,2005-2009,2,60,5,0.007751581207448689,2.5,0.03802109698505363,92059.95889930149,3500.2206257504004,451549.24293213146,0.9562086006683693,2380789.8279339634,25.86129579460444
Gurabo,2005-2009,2,65,5,0.01021218436895258,2.5,0.04978976616534407,88559.73827355109,4409.368660304186,431775.26971699495,0.9357199237524262,1929240.585001832,21.78462383258885
Gurabo,2005-2009,2,70,5,0.016564621246835717,2.5,0.07952965951479753,84150.3696132469,6692.450243385887,404020.7224577698,0.8954187358343749,1497465.315284837,17.79511275074788
Gurabo,2005-2009,2,75,5,0.028219070484234485,2.5,0.1317973552757661,77457.91936986102,10208.748918111218,361767.7245540271,0.8266718739544372,1093444.5928270672,14.11662747621553
Gurabo,2005-2009,2,80,5,0.0497321624568257,2.5,0.22116346843039045,67249.1704517498,14873.059786175509,299063.2027933102,0.5912632806074871,731676.8682730402,10.88008764060527
Gurabo,2005-2009,2,85,NA,0.10279467198850248,8.259751630700555,1,52376.11066557429,52376.11066557429,432613.66547972994,0,432613.66547972994,8.259751630700555
Gurabo,2010-2014,1,0,1,0.010517487440813359,0.128302879686229,0.010421938447179228,100000,1042.1938447179273,99091.52262675065,0.9891812620372842,7620189.276535444,76.20189276535444
Gurabo,2010-2014,1,1,4,3.5306889305632665e-4,1.621598699458649,0.0014110906236701748,98957.80615528207,139.63843240468123,395499.10839189147,0.9986009830543544,7521097.753908694,76.00307692863339
Gurabo,2010-2014,1,5,5,1.556175575710718e-4,2.5,7.777851952743502e-4,98818.16772287739,76.85930787899997,493898.6903446895,0.9991197520424817,7125598.645516803,72.1081842510945
Gurabo,2010-2014,1,10,5,1.9665473036097267e-4,2.5,9.827904758148065e-4,98741.30841499839,97.0420174797473,493463.9370312926,0.9975450955925583,6631699.955172113,67.16236660851038
Gurabo,2010-2014,1,15,5,7.872396306546588e-4,2.5,0.003928466541899584,98644.26639751864,387.5207000928931,492252.530237361,0.9927821113976745,6138236.01814082,62.225978683898695
Gurabo,2010-2014,1,20,5,0.002115182965292536,2.5,0.010520284012628802,98256.74569742575,1033.6888708935585,488699.50630989484,0.9887284387497435,5645983.487903459,57.46153557018711
Gurabo,2010-2014,1,25,5,0.0024207269064057896,2.5,0.012030826170485981,97223.05682653219,1169.673696443293,483191.09989155276,0.9882939725943402,5157283.981593564,53.045894152405836
Gurabo,2010-2014,1,30,5,0.0022884729833179676,2.5,0.011377273459251543,96053.3831300889,1092.8256065572787,477534.8516340513,0.9895768786836905,4674092.881702011,48.66140816062358
Gurabo,2010-2014,1,35,5,0.001900585577249508,2.5,0.009457988594466456,94960.55752353162,898.1358699817501,472557.44794270373,0.9871532046746684,4196558.030067961,44.192643130049404
Gurabo,2010-2014,1,40,5,0.003280273555866509,2.5,0.016267959386870888,94062.42165354987,1530.2036552906502,466486.59912952274,0.9831100420587858,3724000.582125257,39.59073683900541
Gurabo,2010-2014,1,45,5,0.003535422762380202,2.5,0.017522242474668784,92532.21799825922,1621.3719604844227,458607.66009008506,0.976928224600055,3257513.9829957336,35.2041056992389
Gurabo,2010-2014,1,50,5,0.005827743793489567,2.5,0.028720282842244944,90910.8460377748,2610.98521163268,448026.7671597923,0.9680515613596635,2798906.322905649,30.78737515810448
Gurabo,2010-2014,1,55,5,0.007181055162889487,2.5,0.03527204948185403,88299.86082614212,3114.51706030051,433713.01147995936,0.9532917029863965,2350879.5557458564,26.623819491342317
Gurabo,2010-2014,1,60,5,0.012065838406563792,2.5,0.05856267267008464,85185.34376584161,4988.68140324761,413455.015321089,0.9296646703298931,1917166.544265897,22.505826231514956
Gurabo,2010-2014,1,65,5,0.01728396697679939,2.5,0.08284031184816819,80196.662362594,6643.516519299548,384374.5205147211,0.8974715752330524,1503711.528944808,18.750300631540767
Gurabo,2010-2014,1,70,5,0.026438055070232374,2.5,0.1239948206117681,73553.14584329445,9120.209124270514,344965.206405796,0.8421448259091013,1119337.008430087,15.218071172847498
Gurabo,2010-2014,1,75,5,0.04358396968894852,2.5,0.19650831710402258,64432.936719023935,12661.60796072537,290510.66369330627,0.7616484683247392,774371.802024291,12.018260247878107
Gurabo,2010-2014,1,80,5,0.06795345245687363,2.5,0.2904282556314132,51771.328758298565,15035.856702993078,221267.00203401013,0.5427055729310241,483861.1383309847,9.346121684261876
Gurabo,2010-2014,1,85,NA,0.1450371832009064,7.14824450606317,1,36735.47205530549,36735.47205530549,262594.13629697455,0,262594.13629697455,7.14824450606317
Gurabo,2010-2014,2,0,1,0.005772102802059688,0.13716677027401078,0.005743498101774889,100000,574.3498101774894,99504.43189829205,0.9940471134750346,8341766.47896825,83.41766478968249
Gurabo,2010-2014,2,1,4,1.8570962828620534e-4,1.5146553285884123,7.424958123945657e-4,99425.65018982251,73.82312891056063,397519.12483922526,0.9992576046611523,8242262.0470699575,82.89874927982778
Gurabo,2010-2014,2,5,5,8.421671353733032e-5,2.5,4.2099493066296076e-4,99351.82706091195,41.826615544749075,496654.5687656979,0.9995216188248193,7844742.922230732,78.959221529174
Gurabo,2010-2014,2,10,5,1.071870327936697e-4,2.5,5.357915891917454e-4,99310.0004453672,53.209462961240206,496416.97856943286,0.9988781406090896,7348088.353465034,73.99142403093022
Gurabo,2010-2014,2,15,5,3.4194033254372416e-4,2.5,0.0017082413711623204,99256.79098240596,169.55455672496464,495860.0685202174,0.9976066584478599,6851671.3748956015,69.02974906885831
Gurabo,2010-2014,2,20,5,6.168726753185955e-4,2.5,0.003079614052194662,99087.236425681,305.15044568965095,494673.3060141809,0.99654910917889306,6355811.306375383,64.14359241053687
Gurabo,2010-2014,2,25,5,7.661274753968312e-4,2.5,0.003823314511248778,98782.08597999135,377.674982778728,492966.2424430099,0.9958663524374003,5861138.000361203,59.334017319176645
Gurabo,2010-2014,2,30,5,8.910146903460304e-4,2.5,0.004445171668585602,98404.41099721262,437.42449982865946,490928.4937364914,0.9947038750295488,5368171.757918193,54.552145615405905
Gurabo,2010-2014,2,35,5,0.0012339705601307714,2.5,0.0061508777953577735,97966.98649738396,602.5829619248689,488328.4750821076,0.9935185545013828,4877243.2641817015,49.78455945781225
Gurabo,2010-2014,2,40,5,0.0013674708269519231,2.5,0.006814059067290498,97364.40353545909,663.4467967421369,485163.40068544005,0.9921260336764853,4388914.789099594,45.07720100705179
Gurabo,2010-2014,2,45,5,0.0017962593883864234,2.5,0.008941145401008392,96700.95673871695,864.6173146174842,481343.24040704104,0.9887466485179728,3903751.388414154,40.36931505199035
Gurabo,2010-2014,2,50,5,0.002735868898750918,2.5,0.013586417848660628,95836.33942409947,1302.0725525018788,475926.51573924266,0.9837753522136016,3422408.148007113,35.71096484457855
Gurabo,2010-2014,2,55,5,0.0038159018797955793,2.5,0.01889921551891468,94534.26687159759,1786.623483528936,468204.7756491656,0.9774656626913507,2946481.63226787,31.168397764907485
Gurabo,2010-2014,2,60,5,0.005317663056677037,2.5,0.026239483453912294,92747.64338806865,2433.650254070584,457654.09130516683,0.9656953598761688,2478276.8566187047,26.72064503298763
Gurabo,2010-2014,2,65,5,0.008702737262746158,2.5,0.04258712491642236,90313.99313399807,3846.213307298487,441954.4324017441,0.9440919418591526,2020622.7653135378,22.373307780949933
Gurabo,2010-2014,2,70,5,0.014469444540212857,2.5,0.06982152595718787,86467.77982669958,6037.312333630296,417245.6182994222,0.9077862782988727,1578668.3329117936,18.257301576099117
Gurabo,2010-2014,2,75,5,0.024693085449852922,2.5,0.11628673174039063,80430.46749306929,9352.996197120767,378769.8469725445,0.8417034977464315,1161422.7146123715,14.440084097639389
Gurabo,2010-2014,2,80,5,0.04588969340746473,2.5,0.20583428630869754,71077.47129594852,14630.180576828498,318811.9050376713,0.5926522239686126,782652.867639827,11.011264939083995
Gurabo,2010-2014,2,85,NA,0.10651323825251022,8.217240485645519,1,56447.29071912002,56447.29071912002,463840.96260215563,0,463840.96260215563,8.217240485645519
Gurabo,2015-2019,1,0,1,0.009209999999523669,0.1309119055009505,0.009136865772486893,100000,913.6865772486781,99205.9258736096,0.9905086304401691,7789455.4203565,77.894554203565
Gurabo,2015-2019,1,1,4,3.156692225585508e-4,1.625470623427497,0.0012617311396698094,99086.31342275132,125.02028716057248,396048.38934647496,0.9987205389750333,7690249.49448289,77.61162191666648
Gurabo,2015-2019,1,5,5,1.5026388336236886e-4,2.5,7.510372823653488e-4,98961.29313559075,74.32362065592315,494620.6566263139,0.9991476465564669,7294201.105136415,73.70761713008685
Gurabo,2015-2019,1,10,5,1.908401573161148e-4,2.5,9.537457541061911e-4,98886.96951493483,94.31302731129108,494199.0650063959,0.9979088833071011,6799580.448510101,68.76113690068301
Gurabo,2015-2019,1,15,5,6.469593874181157e-4,2.5,0.003229573429970889,98792.65648762354,319.0581384686666,493165.63709194603,0.9949736288601464,6305381.383503705,63.824393509386255
Gurabo,2015-2019,1,20,5,0.0013704775975675934,2.5,0.0068289905414602855,98473.59834915487,672.4752717099327,490686.80356649956,0.9918301795046426,5812215.746411759,59.023086835961465
Gurabo,2015-2019,1,25,5,0.0019130801217633873,2.5,0.009519869924033333,97801.12307744494,931.0539701216476,486677.98046192055,0.9904243938247906,5321528.94284526,54.411736546535835
Gurabo,2015-2019,1,30,5,0.0019356978283993171,2.5,0.009631878128056869,96870.06910732329,933.0406998981925,482017.74378687097,0.9893362552306614,4834850.962383339,49.91067939702573
Gurabo,2015-2019,1,35,5,0.002354912262659262,2.5,0.011705646884817771,95937.0284074251,1123.0049777160457,476877.6295928353,0.9872155017889253,4352833.218596468,45.37177449473282
Gurabo,2015-2019,1,40,5,0.002794614769289368,2.5,0.013876127767448197,94814.02342970905,1315.651503256464,470780.98839040415,0.9842415619886957,3875955.589003633,40.87956030973726
Gurabo,2015-2019,1,45,5,0.003564938294358034,2.5,0.01766723496557963,93498.37192645259,1651.8577057237999,463362.2153679534,0.9800696424880134,3405174.6006132285,36.419613844097704
Gurabo,2015-2019,1,50,5,0.004496828102183053,2.5,0.022234182271743674,91846.51422072879,2042.1321382079768,454127.240758124,0.968900837790725,2941812.385245275,32.02965741492821
Gurabo,2015-2019,1,55,5,0.008197780899475841,2.5,0.04016572986463469,89804.38208252081,3607.0585513869737,440004.2640341366,0.9540454773505227,2487685.1444871514,27.701155409111657
Gurabo,2015-2019,1,60,5,0.010674573070245164,2.5,0.05198555630284565,86197.32353113384,4481.015815582359,419784.07811671327,0.9341786730878241,2047680.8804530147,23.755736217417557
Gurabo,2015-2019,1,65,5,0.016756920432450875,2.5,0.08041579928685015,81716.30771555148,6571.282199716283,392153.3330784667,0.9007556254974106,1627896.8023363014,19.921321066082573
Gurabo,2015-2019,1,70,5,0.025468427528183967,2.5,0.11971947096590092,75145.0255158352,8996.322700474906,353234.3208279887,0.8591688435614269,1235743.4692578346,16.444780752618527
Gurabo,2015-2019,1,75,5,0.03592313114999347,2.5,0.16481406276939664,66148.70281536029,10902.236457924955,303487.9229319891,0.7955088897695072,882509.148429846,13.341291829912045
Gurabo,2015-2019,1,80,5,0.05766536808343538,2.5,0.25199795354811555,55246.46635743533,13921.99646283852,241427.34063008038,0.5830423307496282,579021.225497857,10.480692498081002
Gurabo,2015-2019,1,85,NA,0.13297139506758265,8.169345807190066,1,41324.46989459681,41324.46989459681,337593.8848677766,0,337593.8848677766,8.169345807190066
Gurabo,2015-2019,2,0,1,0.005601167554851056,0.13751808835954127,0.00557423893221953,100000,557.4238932219596,99519.23197497986,0.9942613118278877,8586948.43890229,85.8694843890229
Gurabo,2015-2019,2,1,4,1.6079524798052813e-4,1.514930713257279,6.42924087601134e-4,99442.57610677804,63.93402751215035,397611.42393896397,0.9993237842668825,8487429.20692731,85.35005366125873
Gurabo,2015-2019,2,5,5,7.948723719450119e-5,2.5,3.9735722390273764e-4,99378.64207926589,39.48882133184816,496794.48834299983,0.9995704081146165,8089817.782988348,81.40398795684679
Gurabo,2015-2019,2,10,5,9.238920661235255e-5,2.5,4.6183936063148504e-4,99339.15325793404,45.8787310263142,496581.0694621044,0.9989886517767643,7593023.294645348,76.43535348977727
Gurabo,2015-2019,2,15,5,3.1246609471161037e-4,2.5,0.0015611109879235321,99293.27452690773,155.0078218908602,496078.85307981144,0.9979677361222217,7096442.225183243,71.46951552353288
Gurabo,2015-2019,2,20,5,5.014585525022465e-4,2.5,0.0025041534396135524,99138.26670501687,248.25743156668614,495070.68994616764,0.9972016610298647,6600363.372103432,66.57735293822141
Gurabo,2015-2019,2,25,5,6.196109169269985e-4,2.5,0.003093263035770267,98890.00927345018,305.89281029255653,493685.31434151955,0.996235042851198,6105292.682157264,61.73821528598443
Gurabo,2015-2019,2,30,5,8.897217066937978e-4,2.5,0.004438735435301343,98584.11646315762,437.58881110289076,491826.6102880309,0.9953275183415009,5611607.367815745,56.92202323396475
Gurabo,2015-2019,2,35,5,9.838680621807963e-4,2.5,0.004907270045228987,98146.52765205473,481.6315151901654,489528.55947229825,0.9941601416906722,5119780.757527714,52.16466522053803
Gurabo,2015-2019,2,40,5,0.0013600175714658484,2.5,0.0067770456045671505,97664.89613686457,661.8794550848543,486669.7820466107,0.9916794387788419,4630252.198055415,47.40958503213604
Gurabo,2015-2019,2,45,5,0.0019847209088261226,2.5,0.009874608688305225,97003.01668177971,957.8668313177186,482620.41633060423,0.9887514386102373,4143582.416008805,42.71601603486114
Gurabo,2015-2019,2,50,5,0.002543312251068477,2.5,0.012636216643848746,96045.149850462,1213.6473211013508,477191.6309495566,0.9848004493007395,3660961.9996782006,38.11709394361043
Gurabo,2015-2019,2,55,5,0.003591090998330553,2.5,0.017795690135020387,94831.50252936064,1687.5920340509037,469938.532561676,0.9780513576180165,3183770.368728644,33.572919165157394
Gurabo,2015-2019,2,60,5,0.005304799092655764,2.5,0.02617683829321274,93143.91049530974,2438.2130830332026,459624.01976896566,0.9640331317662274,2713831.836166968,29.135901872013662
Gurabo,2015-2019,2,65,5,0.009420784308744762,2.5,0.046020058921290796,90705.69741227654,4174.2815394097415,443092.78321285837,0.94464460944427,2254207.816398002,24.851887816397596
Gurabo,2015-2019,2,70,5,0.013466833755639743,2.5,0.06514105923958431,86531.4158728668,5636.74808745952,418565.2091456852,0.9246215614711982,1811115.033185144,20.93014444425664
Gurabo,2015-2019,2,75,5,0.01804472483783916,2.5,0.08632915937326449,80894.66778540728,6983.568667693704,387014.4172578021,0.8796065449030849,1392549.8240394588,17.214358648873308
Gurabo,2015-2019,2,80,5,0.03423423503999133,2.5,0.1576763519662999,73911.09911771357,11654.03247870069,340420.4143918161,0.6614535777697031,1005535.4067816568,13.604660447278745
Gurabo,2015-2019,2,85,NA,0.09914237213239284,10.683365412096878,1,62257.06663901288,62257.06663901288,665114.9923898407,0,665114.9923898407,10.683365412096878
Gurabo,2020-2024,1,0,1,0.009301719693314135,0.1307288834379763,0.009227111884680693,100000,922.711188468078,99197.91381493608,0.9904156964926341,7776429.876486199,77.76429876486199
Gurabo,2020-2024,1,1,4,3.1816942596624343e-4,1.625198711891457,0.001271716808426603,99077.28881153192,125.9982535149611,396009.93443138094,0.9987129165326029,7677231.962671263,77.48730364710671
Gurabo,2020-2024,1,5,5,1.504160784301672e-4,2.5,7.517976860015829e-4,98951.29055801696,74.39135126837937,494570.47441191383,0.9991686136056089,7281222.028239882,73.58390160632385
Gurabo,2020-2024,1,10,5,1.822900327793752e-4,2.5,9.110349824048618e-4,98876.89920674858,90.08031412906712,494159.2952484202,0.9978929134532404,6786651.553827968,68.63738252589502
Gurabo,2020-2024,1,15,5,6.619393494224489e-4,2.5,0.0033042287495402105,98786.81889261951,326.4142470606166,493118.05884544604,0.9949376410325691,6292492.2585795475,63.69769093809404
Gurabo,2020-2024,1,20,5,0.0013699393623657697,2.5,0.006826317708506604,98460.4046455589,672.1220038187021,490621.7182182477,0.9922889467406589,5799374.199734102,58.90057247490385
Gurabo,2020-2024,1,25,5,0.0017278051388178758,2.5,0.0086018698069496545,97788.2826417402,841.1620759294456,486838.50801887736,0.9904700648076182,5308752.481515855,54.28822695419598
Gurabo,2020-2024,1,30,5,0.002104222037785319,2.5,0.010466052940809895,96947.12056581075,1014.6536963008548,482198.9685883016,0.9880333568094817,4821913.973496977,49.73756771067492
Gurabo,2020-2024,1,35,5,0.0027149237623758423,2.5,0.013483104807795987,95932.4668695099,1293.4675052720268,476428.66558436945,0.9866384817138761,4339715.004908675,45.237187643800304
Gurabo,2020-2024,1,40,5,0.002665295952683413,2.5,0.013238269994822735,94638.99936423787,1252.8566256236227,470062.8552571303,0.9834069457316508,3863286.3393243058,40.82129318015763
Gurabo,2020-2024,1,45,5,0.00403894417453117,2.5,0.01999284590144104,93386.14273861425,1867.0547611030925,462263.0767903135,0.9751851116836239,3393223.4840671755,36.33540678047634
Gurabo,2020-2024,1,50,5,0.006036814017654115,2.5,0.029735303840659335,91519.08797751115,2721.3478882313357,450792.0701669775,0.9671442807490863,2930960.407276862,32.0256732453134
Gurabo,2020-2024,1,55,5,0.007346860054022033,2.5,0.036071764751286886,88797.74008927982,3203.0911909464194,435980.9724690331,0.9544644543526617,2480168.3371098842,27.93053443270348
Gurabo,2020-2024,1,60,5,0.011385817623018532,2.5,0.055353476640520205,85594.6488983334,4737.961398347412,416128.34099579847,0.939148867232831,2044187.3646408513,23.882186456175223
Gurabo,2020-2024,1,65,5,0.013794017046540723,2.5,0.06667093519135762,80856.68749998599,5390.790972099436,390806.46006968134,0.9094768167594458,1628059.023645053,20.135118986235184
Gurabo,2020-2024,1,70,5,0.024646319550561648,2.5,0.1160792801720118,75465.89652788655,8760.026946492595,355429.41527320124,0.8569734373020419,1237252.5635753716,16.394856756497628
Gurabo,2020-2024,1,75,5,0.0379992005716558,2.5,0.17351264806904235,66705.86958139396,11574.312072815846,304593.5677249301,0.7916982829011102,881823.1483021703,13.219573537320834
Gurabo,2020-2024,1,80,5,0.057245906991011127,2.5,0.25039439879397984,55131.55750857811,13804.633196936134,241146.2045505502,0.5822351926084599,577229.5805772402,10.470039423200172
Gurabo,2020-2024,1,85,NA,0.12255679206244896,8.132310391461042,1,41326.924311641975,41326.924311641975,336083.37602669,0,336083.37602669,8.132310391461042
Gurabo,2020-2024,2,0,1,0.005899470100978045,0.13690499608556284,0.005869583337931989,100000,586.9583337931981,99493.39919459715,0.9939670715903055,8481792.871084671,84.81792871084672
Gurabo,2020-2024,2,1,4,1.640011059321636e-4,1.5144501879091847,6.557371236914619e-4,99413.0416662068,65.18882199961809,397490.1366005556,0.9993155523444188,8382299.471890074,84.31790569324714
Gurabo,2020-2024,2,5,5,7.722856789596689e-5,2.5,3.860683007248969e-4,99347.85284420718,38.35505672823638,496643.37657921534,0.9995604700099231,7984809.335289518,80.37223862110977
Gurabo,2020-2024,2,10,5,9.862677756135523e-5,2.5,4.930123272639359e-4,99309.49778747895,48.96080662361055,496425.0869208357,0.9990161339574305,7488165.9587103035,75.4023142351891
Gurabo,2020-2024,2,15,5,0.00029521008664613034,2.5,0.001474961874173965,99260.53698085534,146.40550765678927,495936.6711351347,0.9979457039668317,6991740.8717894675,70.43827370325414
Gurabo,2020-2024,2,20,5,5.275921570966417e-4,2.5,0.002634485950169981,99114.13147319855,261.11478682945017,494917.8703989191,0.9970646028924696,6495804.200654333,65.53862808565158
Gurabo,2020-2024,2,25,5,6.484702034751512e-4,2.5,0.003237103105102666,98853.0166863691,319.99740726420714,493465.089913685,0.996473263581008,6000886.330255414,60.70514114196861
Gurabo,2020-2024,2,30,5,7.649220425467914e-4,2.5,0.0038173103506578066,98533.01927910489,376.13111437569023,491724.76860958524,0.9952250144119992,5507421.240341729,55.8941690880434
Gurabo,2020-2024,2,35,5,0.0011505661293391796,2.5,0.005736330577522921,98156.8881647292,563.0603589738312,489376.7899262114,0.9938829470874784,5015696.471732143,51.098772236082745
Gurabo,2020-2024,2,40,5,0.0013042330985434851,2.5,0.00649997179682488,97593.82780575537,634.3571282815974,486383.2462080728,0.9927495664617363,4526319.681805932,46.37915925190305
Gurabo,2020-2024,2,45,5,0.0016075960853351016,2.5,0.008005805174031187,96959.47067747377,776.2386320210499,482856.7568073162,0.9900661695574493,4039936.4355978593,41.666238556894704
Gurabo,2020-2024,2,50,5,0.0023896747151180087,2.5,0.01187741567578661,96183.23204545272,1142.408228044471,478060.1396571524,0.9845769624396159,3557079.678790543,36.98232636962746
Gurabo,2020-2024,2,55,5,0.0038387454238931157,2.5,0.0190112784738559,95040.82381740825,1806.8475679774274,470687.00016709766,0.9773740108599482,3079019.539133391,32.39681029121529
Gurabo,2020-2024,2,60,5,0.005332298766100945,2.5,0.026310751856357617,93233.97624943082,2453.0560136803106,460037.24121295335,0.9661555412825328,2608332.538966293,27.97620185143843
Gurabo,2020-2024,2,65,5,0.008492923106349446,2.5,0.04158173924662263,90780.92023575051,3774.8285538114287,444467.529794224,0.9465935405636405,2148295.2977533396,23.66461247775849
Gurabo,2020-2024,2,70,5,0.013595762190106612,2.5,0.06574420452527464,87006.09168193908,5720.146286482195,420730.0926934899,0.9043725764793444,1703827.7679591158,19.58285603940994
Gurabo,2020-2024,2,75,5,0.027262223401484063,2.5,0.12761354460240526,81285.94539545689,10373.187618271826,380496.75793160487,0.8518947253192601,1283097.6752656258,15.784988032351023
Gurabo,2020-2024,2,80,5,0.03753971649352204,2.5,0.17159455509259047,70912.75777718506,12168.243121164698,324143.18108301354,0.6408787373710817,902600.9173340211,12.728329085297782
Gurabo,2020-2024,2,85,NA,0.09945756775581524,9.84700851880687,1,58744.514656020365,58744.514656020365,578457.7362510075,0,578457.7362510075,9.84700851880687
Hatillo,1980-1984,1,0,1,0.013369003340739124,0.12261282228372213,0.013214005799767378,100000,1321.4005799767328,98840.62007450157,0.9861239106674471,7235636.921248347,72.35636921248347
Hatillo,1980-1984,1,1,4,5.24014421002398e-4,1.6131862005253008,0.0020934393673684025,98678.59942002327,206.57766474266828,394221.335259222,0.9980569177903417,7136796.301173844,72.3236481174224
Hatillo,1980-1984,1,5,5,2.0825956366716196e-4,2.5,0.0010407559498857917,98472.0217552806,102.4853425390902,492103.89542005525,0.9988007231601554,6742574.965914623,68.47198671995429
Hatillo,1980-1984,1,10,5,2.717771082622379e-4,2.5,0.0013579628832473484,98369.53641274151,133.5821792907518,491513.7266154807,0.9970409199075665,6250471.070494567,63.540718991179084
Hatillo,1980-1984,1,15,5,9.145611885174261e-4,2.5,0.004562374515937737,98235.95423345076,448.1892141435237,490059.298131895,0.9938973532379336,5758957.343879087,58.62372273794312
Hatillo,1980-1984,1,20,5,0.0015358703907763019,2.5,0.007649978515152764,97787.76501930723,748.0743014425097,487068.6393429299,0.9914379828644999,5268898.045747192,53.88095376458291
Hatillo,1980-1984,1,25,5,0.0019052492400646042,2.5,0.009481086617639908,97039.69071786472,920.041713045066,482898.349306711,0.9883804400760678,4781829.4064042615,49.277047062186696
Hatillo,1980-1984,1,30,5,0.002774816880529488,2.5,0.013778502350371874,96119.64900481966,1324.3848097298178,477287.28299977374,0.9861230035525091,4298931.0570975505,44.724789380805916
Hatillo,1980-1984,1,35,5,0.0028150460829595965,2.5,0.013976866605821068,94795.26419508984,1324.9407625183521,470663.9690691533,0.9811269888199783,3821643.774097777,40.31471199059888
Hatillo,1980-1984,1,40,5,0.004825224912773981,2.5,0.023838558547401054,93470.32343257149,2228.1977775918494,461781.1227188778,0.9730431937838223,3350979.805028624,35.85073509931723
Hatillo,1980-1984,1,45,5,0.006122541745069401,2.5,0.030151203716796558,91242.12565497964,2751.0599181768484,449332.97847945604,0.9656863255987491,2889198.6823097463,31.66518383443717
Hatillo,1980-1984,1,50,5,0.007873082401489912,2.5,0.03860555031057452,88491.06573680279,3416.246290338502,433914.7129581677,0.9480036203180886,2439865.70383029,27.571887438751546
Hatillo,1980-1984,1,55,5,0.013634409399130399,2.5,0.06592492833918988,85074.81944646429,5608.551375477677,411352.7187936272,0.9275095999920645,2005950.9908721223,23.578668799108332
Hatillo,1980-1984,1,60,5,0.016562362916971655,2.5,0.07951924797523215,79466.26807098661,6319.097876403059,381533.5956639254,0.9053781870549299,1594598.272078495,20.0663540743357
Hatillo,1980-1984,1,65,5,0.023511017346572075,2.5,0.11102907071403192,73147.17019458355,8121.462332065741,345432.1951427534,0.85697681878809,1213064.6764145696,16.58389071221234
Hatillo,1980-1984,1,70,5,0.039322248162846435,2.5,0.17901323380404174,65025.70786251781,11640.462244866212,296027.3837004235,0.7996042951901898,867632.4812718163,13.342914822338104
Hatillo,1980-1984,1,75,5,0.05107030315709421,2.5,0.22644054729228302,53385.2456176516,12088.584234993985,236704.76750077304,0.7171233787740633,571605.0975713928,10.70717369486812
Hatillo,1980-1984,1,80,5,0.0865685698873854,2.5,0.3558329709106422,41296.661382657614,14694.71370848185,169746.52264208347,0.4931431611121752,334900.3300706197,8.109622397011975
Hatillo,1980-1984,1,85,NA,0.19372186806026448,6.208335173475353,1,26601.947674175764,26601.947674175764,165153.80742853627,0,165153.80742853627,6.208335173475353
Hatillo,1980-1984,2,0,1,0.009686580596682681,0.12912146149705597,0.009605549762332457,100000,960.5549762332375,99163.47328614627,0.9900549450062974,7891080.3613032615,78.91080361303261
Hatillo,1980-1984,2,1,4,2.9784771595312806e-4,1.508371770536685,0.0011905073576145397,99039.44502376676,117.90718799484603,395863.9992170025,0.9988387957129511,7791916.888017115,78.67488439729512
Hatillo,1980-1984,2,5,5,1.254273392766444e-4,2.5,6.269401078092012e-4,98921.53783577192,62.01787959541252,494452.6444798711,0.9992506784116445,7396052.8888001125,74.76686119739597
Hatillo,1980-1984,2,10,5,1.744320017300867e-4,2.5,8.717798428927742e-4,98859.5199561765,86.18373677585623,494082.1404389429,0.9984275207778555,6901600.244320242,69.81219661373692
Hatillo,1980-1984,2,15,5,4.552755985468061e-4,2.5,0.0022737899899873773,98773.33621940065,224.58982317332993,493305.20653906994,0.9968473679371784,6407518.103881299,64.87092923183818
Hatillo,1980-1984,2,20,5,8.083255797215977e-4,2.5,0.00403347699203828,98548.74639622732,397.49410118340165,491749.99672817806,0.9954468273293899,5914212.897342228,60.013070826526906
Hatillo,1980-1984,2,25,5,0.001017576690901734,2.5,0.005074973018881248,98151.25229504392,498.11495716674835,489510.9740823027,0.9940873644718775,5422462.900614051,55.2459879402665
Hatillo,1980-1984,2,30,5,0.0013554920508049258,2.5,0.006754570836336497,97653.13733787717,659.6050335391919,486616.6741055378,0.9924466112762873,4932951.926531748,50.51503782683264
Hatillo,1980-1984,2,35,5,0.001678542119800116,2.5,0.008357638976390693,96993.53230433798,810.6369260445499,482941.0692065785,0.9914472222286735,4446335.25242621,45.84156434755754
Hatillo,1980-1984,2,40,5,0.0017576013625953903,2.5,0.008749561211209617,96182.89537829343,841.5581305837404,478810.5815650078,0.9883591872016168,3963394.1832196317,41.206850424198095
Hatillo,1980-1984,2,45,5,0.002932864685525068,2.5,0.01455758486126003,95341.33724770969,1387.939607769542,473236.83721912454,0.9808060203880515,3484583.601654624,36.54850773281273
Hatillo,1980-1984,2,50,5,0.004837579562753001,2.5,0.02389886614764299,93953.39763994014,2245.3796743132116,464153.5390139177,0.9711612357406961,3011346.7644354994,32.05149403937424
Hatillo,1980-1984,2,55,5,0.006896821963718604,2.5,0.03389961086662686,91708.01796562693,3108.866122384381,450767.9245221737,0.9596484196141621,2547193.225421582,27.7750330006728
Hatillo,1980-1984,2,60,5,0.009632496653652737,2.5,0.04702994382692779,88599.15184324255,4166.813134301148,432578.7263804599,0.9488603278269423,2096425.300899408,23.661911624262373
Hatillo,1980-1984,2,65,5,0.011406707497570024,2.5,0.05545221937169022,84432.3387089414,4681.960568153067,410456.79212432436,0.9145477763814674,1663846.574518948,19.706271316901784
Hatillo,1980-1984,2,70,5,0.02490212380150563,2.5,0.11721345884888416,79750.37814078834,9347.817666388248,375382.34653797105,0.8617052714002098,1253389.7823946236,15.71641177903804
Hatillo,1980-1984,2,75,5,0.03529718181831122,2.5,0.16217509918565892,70402.56047440009,11417.542227860191,323468.94680234994,0.7864550326663132,878007.4358566527,12.471242948271966
Hatillo,1980-1984,2,80,5,0.0637300329114041,2.5,0.2748583373446497,58985.0182465399,16212.524043487778,254393.78112398006,0.5412513537918399,554538.4890543027,9.40134470648964
Hatillo,1980-1984,2,85,NA,0.14584707726216425,7.017236509647016,1,42772.49420305212,42772.49420305212,300144.7079303227,0,300144.7079303227,7.017236509647016
Hatillo,1985-1989,1,0,1,0.014638012428611676,0.12008057809932685,0.014451868440371824,100000,1445.1868440371763,98728.35202765635,0.9850724131458284,7242067.598253884,72.42067598253884
Hatillo,1985-1989,1,1,4,4.369997997407116e-4,1.6094565203891598,0.0017461750274972224,98554.81315596282,172.09395357260655,393807.85454525787,0.9982267501772109,7143339.246226228,72.48087655467324
Hatillo,1985-1989,1,5,5,2.0402533726303235e-4,2.5,0.001019606622352659,98382.71920239022,100.31167202381766,491662.81683189154,0.998851689230485,6749531.39168097,68.60484693247825
Hatillo,1985-1989,1,10,5,2.555924701290413e-4,2.5,0.0012771462782152935,98282.4075303664,125.52101099144784,491098.2351243534,0.9971068235957615,6257868.574849078,63.672316664766065
Hatillo,1985-1989,1,15,5,9.042943747137511e-4,2.5,0.004511273076404281,98156.88651937495,442.8125194185268,489677.4012983284,0.9939712398545978,5766770.339724725,58.750542567244494
Hatillo,1985-1989,1,20,5,0.0015163514023480262,2.5,0.007553124036179209,97714.07399995642,738.046521002063,486725.25369727693,0.990593307717608,5277092.938426397,54.00545410100033
Hatillo,1985-1989,1,25,5,0.002267656659002138,2.5,0.011274367309745736,96976.02747895436,1093.34335403773,482146.77900967747,0.9883727534981409,4790367.68472912,49.39744191695954
Hatillo,1985-1989,1,30,5,0.0024112784709073823,2.5,0.011984149550031598,95882.68412491663,1149.072425811435,476540.73956005456,0.9848649523385232,4308220.905719442,44.93221007566561
Hatillo,1985-1989,1,35,5,0.0036987209109572003,2.5,0.018324164627576404,94733.6116991052,1735.9142965392966,469328.27275417774,0.9788490628421246,3831680.1661593877,40.44689205273465
Hatillo,1985-1989,1,40,5,0.004864543608354998,2.5,0.024030474810166163,92997.6974025659,2234.7788248358265,459401.53995073994,0.9754400575083706,3362351.89340521,36.155216605528985
Hatillo,1985-1989,1,45,5,0.005084303592129433,2.5,0.025102446809436036,90762.91857773007,2278.3713358666428,448118.6645489838,0.9707388202627403,2902950.35345447,31.983880630373964
Hatillo,1985-1989,1,50,5,0.006819721396309948,2.5,0.03352699506751005,88484.54724186343,2966.6209789288114,435006.18376199517,0.9548462176062235,2454831.6889054864,27.743055317845
Hatillo,1985-1989,1,55,5,0.011773405344143823,2.5,0.05718390353210927,85517.92626293462,4890.248845685681,415364.0092004589,0.9276094101483351,2019825.505143491,23.61873812203195
Hatillo,1985-1989,1,60,5,0.01852377779756942,2.5,0.08851959568485475,80627.67741724894,7137.129405983767,385295.5635712853,0.8827110092914404,1604461.4959430322,19.899636791469632
Hatillo,1985-1989,1,65,5,0.0321643416554244,2.5,0.1488523626554541,73490.54801126517,10939.241704320906,340104.6357955236,0.8359710064841029,1219165.932371747,16.589424971832628
Hatillo,1985-1989,1,70,5,0.04001006672660293,2.5,0.18185977891029886,62551.306306944265,11375.566735531269,284317.61469589313,0.7983405393610419,879061.2965762235,14.053444260022314
Hatillo,1985-1989,1,75,5,0.05092277734200724,2.5,0.22586030203297677,51175.739571412996,11558.567996360303,226982.27786616422,0.7333027253931226,594743.6818803303,11.62159427223123
Hatillo,1985-1989,1,80,5,0.07603426329944815,2.5,0.31944870006812515,39617.17157505269,12655.653960026466,166446.72297519728,0.5474056789037444,367761.4040141661,9.282878847558843
Hatillo,1985-1989,1,85,NA,0.17649701665207784,7.466741446585776,1,26961.517615026227,26961.517615026227,201314.68103896882,0,201314.68103896882,7.466741446585776
Hatillo,1985-1989,2,0,1,0.008913232511373716,0.13071090061634894,0.008844702203252279,100000,884.4702203252236,99231.13967874182,0.9908628862835938,7929355.81898605,79.2935581898605
Hatillo,1985-1989,2,1,4,2.6534651432993863e-4,1.5096096695153085,0.001060685139191419,99115.52977967478,105.13036950038804,396200.30346305505,0.998929440193804,7830124.679307308,78.99997807319394
Hatillo,1985-1989,2,5,5,1.2199844600206026e-4,2.5,6.098062414757452e-4,99010.39941017439,60.37715953133011,494901.0541520436,0.9993412328843136,7433924.375844252,75.0822582287284
Hatillo,1985-1989,2,10,5,1.416016828047078e-4,2.5,7.077578647618676e-4,98950.02225064306,70.03265646625368,494575.0296120497,0.9983431055623432,6939023.321692209,70.12654634998945
Hatillo,1985-1989,2,15,5,5.22021025992282e-4,2.5,0.002606703245205112,98879.9895941768,257.7507897609903,493755.5709964815,0.9966065289021664,6444448.292080159,65.17444346959846
Hatillo,1985-1989,2,20,5,8.382118608648375e-4,2.5,0.004182295180758813,98622.23880441581,412.46731406736944,492080.02573691064,0.9952155891300525,5950692.721083677,60.338244124480724
Hatillo,1985-1989,2,25,5,0.0010807231105114897,2.5,0.005389055360876634,98209.77149034844,529.2578955405188,489725.71271289093,0.9940419028441604,5458612.695346767,55.58115666609826
Hatillo,1985-1989,2,30,5,0.0013103227822666048,2.5,0.006530222164145669,97680.51359480793,637.8754548819561,486807.8793368347,0.992703232190451,4968886.982633877,50.86876388923892
Hatillo,1985-1989,2,35,5,0.0016202066130116607,2.5,0.008068352071602013,97042.63813992597,782.9741704699991,483255.7552734549,0.9910641181921961,4482079.103297042,46.18669884916281
Hatillo,1985-1989,2,40,5,0.0019717655742339,2.5,0.009810468013429493,96259.66396945597,944.3523543558113,478937.4389613903,0.9884789410370663,3998823.3480235864,41.54204557884648
Hatillo,1985-1989,2,45,5,0.0026673891587142597,2.5,0.013248597877703421,95315.31161510016,1262.7942351764505,473419.5724875597,0.9838670709388505,3519885.9090621965,36.928861160063235
Hatillo,1985-1989,2,50,5,0.003847859713541386,2.5,0.019055986659286803,94052.51737992371,1792.2635164641542,465781.9281084582,0.9758511043118294,3046466.336574637,32.39111957278594
Hatillo,1985-1989,2,55,5,0.005955517738359586,2.5,0.029340740441409382,92260.25386345955,2706.9841616663034,454533.80891313206,0.9615723425552115,2580684.4084661785,27.97178958867227
Hatillo,1985-1989,2,60,5,0.009791822021976607,2.5,0.047789250520726516,89553.26970179325,4279.683640729185,437067.1394071433,0.9348772338477027,2126150.5995530463,23.741741721245845
Hatillo,1985-1989,2,65,5,0.017389753274910436,2.5,0.0833262107584937,85273.58606106407,7105.524804256769,408604.1182946784,0.8981534245625339,1689083.460145903,19.807815504983658
Hatillo,1985-1989,2,70,5,0.02599653495887815,2.5,0.12205045264693348,78168.0612568073,9540.44725892655,366989.1881367201,0.8668296226879264,1280479.3418512247,16.38110657042442
Hatillo,1985-1989,2,75,5,0.03146133363715182,2.5,0.14583616738926605,68627.61399788075,10008.38820252088,318117.0994831015,0.8020915009943685,913490.1537145047,13.310824907051463
Hatillo,1985-1989,2,80,5,0.0594721000109882,2.5,0.2588714309729185,58619.22579535987,15174.842864169426,255159.02181637575,0.5714300134967086,595373.0542314032,10.156617494571742
Hatillo,1985-1989,2,85,NA,0.14409579740325681,7.831024621845285,1,43444.38293119044,43444.38293119044,340214.0324150274,0,340214.0324150274,7.831024621845285
Hatillo,1990-1994,1,0,1,0.016035030046583285,0.11729289929354539,0.015811234125001187,100000,1581.123412500121,98604.33113669293,0.9836706704571424,7203623.602081734,72.03623602081734
Hatillo,1990-1994,1,1,4,4.720479576678692e-4,1.6053607515813715,0.0018860598577166916,98418.87658749988,185.62389237325988,393231.00409187825,0.9980641127761266,7105019.270945041,72.19163149691393
Hatillo,1990-1994,1,5,5,2.3065852751090628e-4,2.5,0.0011526279788735944,98233.25269512662,113.2263955121598,490883.1974868527,0.9987907702021279,6711788.266853163,68.32501299416035
Hatillo,1990-1994,1,10,5,2.5333973759758056e-4,2.5,0.0012658969329958259,98120.02629961446,124.20984035816218,490289.6068971769,0.9971233756623821,6220905.06936631,63.40097229866676
Hatillo,1990-1994,1,15,5,8.998986678589626e-4,2.5,0.004489393341575865,97995.8164592563,439.9417659144674,488879.2278814953,0.9934800262683261,5730615.462469134,58.47816436992237
Hatillo,1990-1994,1,20,5,0.0017193006196878238,2.5,0.008559711306056988,97555.87469334183,835.0501235848787,485691.748157747,0.9907157785938414,5241736.234587638,53.73060567663984
Hatillo,1990-1994,1,25,5,0.002013077802804668,2.5,0.010014986645743513,96720.82456975695,968.6577664314245,481182.4784327062,0.9880028795867102,4756044.486429891,49.172910876082724
Hatillo,1990-1994,1,30,5,0.00281959741218224,2.5,0.013999306043181942,95752.16680332553,1340.4638873775402,475409.6742981838,0.9842849425438309,4274862.007997185,44.64506810355248
Hatillo,1990-1994,1,35,5,0.0035217703943805027,2.5,0.017455169226376625,94411.70291594799,1647.9722513482702,467938.5839513692,0.9818308737535525,3799452.333699001,40.24344669517871
Hatillo,1990-1994,1,40,5,0.003815198935309477,2.5,0.01889576690213023,92763.73066459972,1752.8418316102761,459436.5487439729,0.9771337551446819,3331513.7497476316,35.913969025169834
Hatillo,1990-1994,1,45,5,0.005456058578212141,2.5,0.026913192997261245,91010.88883298944,2449.393616014524,448930.9601249109,0.9641386152827067,2872077.201003659,31.557511829975606
Hatillo,1990-1994,1,50,5,0.009219105186549167,2.5,0.045057061460248723,88561.49521697492,3990.3207330027653,432831.67425236764,0.9497791287186241,2423146.240878748,27.361171296194357
Hatillo,1990-1994,1,55,5,0.011443969442311538,2.5,0.055628325080681947,84571.17448397215,4704.552786649467,411094.4904532371,0.9313838960233318,1990314.5666263802,23.53419564964872
Hatillo,1990-1994,1,60,5,0.01718139235247728,2.5,0.08236892952291935,79866.62169732268,6578.528133820422,382886.78815206233,0.8971084009658641,1579220.0761731432,19.773217429404333
Hatillo,1990-1994,1,65,5,0.026725028140818174,2.5,0.12525643624539867,73288.09356350226,9179.805418983655,343490.9542700522,0.8523360329363254,1196333.288021081,16.323705937097255
Hatillo,1990-1994,1,70,5,0.03794343713621643,2.5,0.17328008102751696,64108.28814451861,11108.689364217593,292769.71731204906,0.7878500229671902,852842.3337510286,13.303152500788597
Hatillo,1990-1994,1,75,5,0.05955010764639065,2.5,0.2591669837762831,52999.598780301014,13735.746157243782,230658.62850839563,0.7032601676891936,560072.6164389796,10.56748785515615
Hatillo,1990-1994,1,80,5,0.08410233935511538,2.5,0.34745685991581926,39263.85262305723,13642.494940604971,162213.02576377374,0.5075709238007337,329413.987930584,8.389752047335762
Hatillo,1990-1994,1,85,NA,0.1674736077491602,6.525843175021285,1,25621.35768245226,25621.35768245226,167200.96216681023,0,167200.96216681023,6.525843175021285
Hatillo,1990-1994,2,0,1,0.008194786666989938,0.1321875008069356,0.008136920644202253,100000,813.6920644202182,99293.86785600193,0.9915437145972534,7847028.253016677,78.47028253016677
Hatillo,1990-1994,2,1,4,2.707818564865188e-4,1.510761230111883,0.0010823978457494825,99186.30793557978,107.35904603732342,396477.9894426248,0.9989281227943161,7747734.385160674,78.1129426673763
Hatillo,1990-1994,2,5,5,1.2462124360902352e-4,2.5,6.229121478288136e-4,99078.94888954246,61.71748085740546,495240.4507455688,0.9993434791840919,7351256.395718049,74.19594654676395
Hatillo,1990-1994,2,10,5,1.3807773366055655e-4,2.5,6.901504322838462e-4,99017.23140868505,68.33678506025171,494915.31508077466,0.9984782159594947,6856015.944972481,69.24063465958635
Hatillo,1990-1994,2,15,5,4.713531802887877e-4,2.5,0.002353991997408057,98948.8946236248,232.92490609637753,494162.16085288307,0.9968016088302849,6361100.629891707,64.28672754847476
Hatillo,1990-1994,2,20,5,8.10595890335107e-4,2.5,0.0040447827410076366,98715.96971752842,399.28465057529684,492581.6369612039,0.9955632258265155,5866938.469038823,59.432516195979424
Hatillo,1990-1994,2,25,5,9.684103972987158e-4,2.5,0.00483035756527138,98316.68506695313,474.9047435055545,490396.1634760017,0.9946597983379889,5374356.83207762,54.663731068818194
Hatillo,1990-1994,2,30,5,0.001173939340322042,2.5,0.005852520441643997,97841.78032344757,572.621019389815,487777.3490687633,0.9932356204851276,4883960.668601617,49.916923552046065
Hatillo,1990-1994,2,35,5,0.00154224479472323,2.5,0.007681606678827319,97269.15930405776,747.1834237539733,484477.8379609038,0.9912627173472183,4396183.3195328545,45.196065751844735
Hatillo,1990-1994,2,40,5,0.001969879661786407,2.5,0.009801130688915522,96521.97588030378,946.0244999552233,480244.8181516308,0.9897771809581247,3911705.4815719505,40.526579008523704
Hatillo,1990-1994,2,45,5,0.0021411364049757683,2.5,0.010648681326744644,95575.95138034856,1017.7578487497667,475335.3622798684,0.9859854928271229,3431460.6634203196,35.90297155154309
Hatillo,1990-1994,2,50,5,0.0035139122120760842,2.5,0.017416560399678444,94558.1935315988,1646.8784889275703,468673.77143567504,0.977679337620382,2956125.3011404513,31.26249762959562
Hatillo,1990-1994,2,55,5,0.005537963759108734,2.5,0.027311690909403035,92911.31504267122,2537.5651184316084,458212.66241727705,0.9652289179031331,2487451.529704776,26.7723207723663
Hatillo,1990-1994,2,60,5,0.00867200404420335,2.5,0.042439922276963,90373.74992423962,3835.454922662422,442280.112314542,0.9423644963053415,2029238.8672874991,22.45385268386685
Hatillo,1990-1994,2,65,5,0.015261820123792114,2.5,0.07350456692234539,86538.2950015772,6360.959896289103,416789.0752671632,0.9023861277491926,1586958.754972957,18.338225348026953
Hatillo,1990-1994,2,70,5,0.02635648758902604,2.5,0.12363591668590539,80177.33510528809,9912.798323175302,376104.6797185022,0.8423297396395025,1170169.679705794,14.594768935250075
Hatillo,1990-1994,2,75,5,0.04358342680727934,2.5,0.19650610989221984,70264.53678211279,13807.410786431785,316804.15694448445,0.7506689067792134,794064.9999872916,11.301077845992952
Hatillo,1990-1994,2,80,5,0.0747986362215877,2.5,0.31507519405207096,56457.125995681,17788.23992871141,237815.03015662648,0.5017084815916985,477260.84304280725,8.453509359993244
Hatillo,1990-1994,2,85,NA,0.12226446114470702,6.192208704214831,1,38668.88606696959,38668.88606696959,239445.81288618073,0,239445.81288618073,6.192208704214831
Hatillo,1995-1999,1,0,1,0.012709115319676032,0.12392959583535247,0.012569169186995148,100000,1256.9169186995132,98898.85228703353,0.9869131491637179,7223281.449453011,72.23281449453012
Hatillo,1995-1999,1,1,4,4.406201774331363e-4,1.6151290932395836,0.0017606305999380227,98743.08308130049,173.85009360517142,394557.7222948254,0.9981769377337919,7124382.597165978,72.15070033108132
Hatillo,1995-1999,1,5,5,2.348499230618223e-4,2.5,0.0011735605887741565,98569.23298769532,115.67696710005112,492556.97252072644,0.9987100004282402,6729824.874871152,68.27510644940553
Hatillo,1995-1999,1,10,5,2.815130573655884e-4,2.5,0.0014065753635004567,98453.55602059526,138.48234634757682,491921.5742371074,0.997249756496533,6237267.902350426,63.35238821689352
Hatillo,1995-1999,1,15,5,8.208418590112984e-4,2.5,0.004095804276066211,98315.07367424769,402.67929915674904,490568.67012334656,0.994294214915531,5745346.328113318,58.43810225021715
Hatillo,1995-1999,1,20,5,0.0014698588736136167,2.5,0.00732238717864168,97912.39437509094,716.9524612022651,487769.590722449,0.9907972480757409,5254777.657989971,53.668156023838335
Hatillo,1995-1999,1,25,5,0.0022317804176228816,2.5,0.011096986992453475,97195.44191388867,1078.5765546441835,483280.7681828329,0.9872812136770988,4767008.067267523,49.045592811758645
Hatillo,1995-1999,1,30,5,0.002892523499866398,2.5,0.014358784693940129,96116.86535924449,1380.121375149829,477134.0233583479,0.9848510600824859,4283727.2990846895,44.567904738402724
Hatillo,1995-1999,1,35,5,0.003215767942488672,2.5,0.015950606093099725,94736.74398409466,1511.1084858331305,469905.9487058905,0.9823397349964899,3806593.275726342,40.18074841547679
Hatillo,1995-1999,1,40,5,0.003917522545221255,2.5,0.019397636034879682,93225.63549826153,1808.3569465156324,461607.2851250186,0.975614420978538,3336687.3270204514,35.791521389872145
Hatillo,1995-1999,1,45,5,0.0059825981841364435,2.5,0.029472190241134382,91417.2785517459,2694.267424803824,450350.72419671994,0.9635397503056731,2875080.041895433,31.450072540367962
Hatillo,1995-1999,1,50,5,0.00892698167446188,2.5,0.043660516789124276,88723.01112694207,3873.692516889525,433930.82434248657,0.9503544112330445,2424729.317698713,27.329204531048738
Hatillo,1995-1999,1,55,5,0.011502291885126772,2.5,0.05590390193179144,84849.31861005255,4743.4079865557,412388.0730838735,0.9328594715635202,1990798.4933562262,23.462751686969536
Hatillo,1995-1999,1,60,5,0.016458984399580746,2.5,0.07904252287081798,80105.91062349685,6331.773272545455,384700.1199361206,0.9026663131083108,1578410.4202723529,19.704044408046087
Hatillo,1995-1999,1,65,5,0.024897894194926364,2.5,0.11719471682532835,73774.1373509514,8645.93913587762,347255.83891506295,0.8591350622490499,1193710.3003362322,16.180606689545222
Hatillo,1995-1999,1,70,5,0.036604350453499926,2.5,0.16767744258837125,65128.198215073775,10920.529717092097,298339.66678263864,0.7851832951428658,846454.4614211693,12.996743110041379
Hatillo,1995-1999,1,75,5,0.06281632810384666,2.5,0.27145251491538536,54207.66849798168,14714.80794147664,234251.3226362168,0.6894154410051351,548114.7946385307,10.111388477424347
Hatillo,1995-1999,1,80,5,0.08908633581597114,2.5,0.364296972915194,39492.86055650504,14387.129552496648,161496.47890128358,0.48545627858187657,313863.4720023139,7.947347130078074
Hatillo,1995-1999,1,85,NA,0.16884745001136972,6.069012413010532,1,25105.73100400839,25105.73100400839,152366.9931010303,0,152366.9931010303,6.069012413010532
Hatillo,1995-1999,2,0,1,0.007076160613169129,0.13448657937657188,0.00703308639132886,100000,703.3086391328834,99391.27693399008,0.9926343027161731,7855206.669014621,78.5520666901462
Hatillo,1995-1999,2,1,4,2.642388139005294e-4,1.512557168441308,0.0010562609974896734,99296.69136086712,104.88322226425225,396925.8744240965,0.9989748945244636,7755815.39208063,78.10749065036019
Hatillo,1995-1999,2,5,5,1.2155241606243928e-4,2.5,6.075774490450053e-4,99191.80813860286,60.26670575501339,495808.37392862677,0.9993109763376794,7358889.517656534,74.18848043755587
Hatillo,1995-1999,2,10,5,1.541632710073473e-4,2.5,7.705193905626773e-4,99131.54143284785,76.38277489038592,495466.75022701325,0.9985554105752491,6863081.143727907,69.23206322154275
Hatillo,1995-1999,2,15,5,4.242854171196415e-4,2.5,0.002119179243475035,99055.15865795747,209.91563618707005,494751.00419931964,0.9969771379234695,6367614.393500893,64.28352121961252
Hatillo,1995-1999,2,20,5,7.872391288001291e-4,2.5,0.003928464042474844,98845.2430217704,388.30998298070335,493255.44015140017,0.99560556871873,5872863.389301574,59.41472962950874
Hatillo,1995-1999,2,25,5,9.748171506884154e-4,2.5,0.004862236275162757,98456.93303878969,478.7208713624859,491087.8630155422,0.9944893540791455,5379607.949150174,54.63919891787342
Hatillo,1995-1999,2,30,5,0.001236253774472838,2.5,0.006162223691619414,97978.2121674272,603.7636602806306,488381.65168643446,0.9928542181633028,4888520.086134632,49.89395068549554
Hatillo,1995-1999,2,35,5,0.0016337332616733547,2.5,0.008135438467310916,97374.44850714658,792.1838341182302,484891.78295043734,0.99136219302106,4400138.4344481975,45.18781366063664
Hatillo,1995-1999,2,40,5,0.00183725942216149,2.5,0.009144296000841002,96582.26467302834,883.1768166017428,480703.3813236374,0.9889206503291494,3915246.65149776,40.53794622390062
Hatillo,1995-1999,2,45,5,0.0026235476479484566,2.5,0.01303226134325591,95699.0878564266,1247.1755232561554,475377.5004739926,0.983882990532892,3434543.2701741224,35.888986479440916
Hatillo,1995-1999,2,50,5,0.0038858849839695153,2.5,0.019242489665731936,94451.91233317045,1817.489946979651,467715.8367984031,0.977154209754629,2959165.76970013,31.32986613613438
Hatillo,1995-1999,2,55,5,0.005375232549525462,2.5,0.026519787682730514,92634.4223861908,2456.645213794167,457030.4988964686,0.9606437312591904,2491449.932901727,26.895508912604097
Hatillo,1995-1999,2,60,5,0.010792008118565585,2.5,0.052542444377110295,90177.77717239663,4738.160841132092,439043.48375915294,0.9417160157337011,2034419.4340052584,22.560097374278516
Hatillo,1995-1999,2,65,5,0.01329656221063441,2.5,0.06434392843489412,85439.61633126454,5497.5205587237,413454.2802595134,0.8939158581730265,1595375.9502461054,18.672555176986634
Hatillo,1995-1999,2,70,5,0.03259489610096524,2.5,0.15069477885544805,79942.09577254084,12046.856443684082,369593.337753494,0.8382107137732142,1181921.669986592,14.784722098723961
Hatillo,1995-1999,2,75,5,0.03832069652886789,2.5,0.17485232539706955,67895.23932885675,11871.640480041176,309797.0954441808,0.7693465978543683,812328.332233098,11.96443727517495
Hatillo,1995-1999,2,80,5,0.07011230631268145,2.5,0.2982789659883879,56023.59884881558,16710.661135572947,238341.34140514553,0.5257183554835253,502531.2367889171,8.969992058972151
Hatillo,1995-1999,2,85,NA,0.12493852072492434,6.720176887080579,1,39312.93771324263,39312.93771324263,264189.89538377157,0,264189.89538377157,6.720176887080579
Hatillo,2000-2004,1,0,1,0.009864010222912507,0.12960686080068926,0.009780043010117187,100000,978.0043010117079,99148.75176629199,0.9897941126267866,7408187.148879303,74.08187148879303
Hatillo,2000-2004,1,1,4,3.61174298298983e-4,1.623532730410517,0.0014434582457044129,99021.99569898829,142.93411619782273,395748.3045471013,0.9985295709915963,7309038.397113011,73.81227115772711
Hatillo,2000-2004,1,5,5,1.8290295865035564e-4,2.5,9.140968157215573e-4,98879.06158279047,90.38503533435869,494169.3453256165,0.9990161928112486,6913290.09256591,69.91662321529498
Hatillo,2000-2004,1,10,5,2.1082733029330772e-4,2.5,0.0010535813421125276,98788.67654745611,104.0819064223906,493683.1779712246,0.9974796691520535,6419120.747240294,64.97830491895168
Hatillo,2000-2004,1,15,5,7.993195586262164e-4,2.5,0.003988627323551618,98684.59464103372,393.6160705988441,492438.9330286715,0.9947174446684887,5925437.569269069,60.04420032146772
Hatillo,2000-2004,1,20,5,0.0013206791345818907,2.5,0.006581665003806118,98290.97857043488,646.9182938468875,489837.59711755713,0.9927046622642078,5432998.636240398,55.27464183650522
Hatillo,2000-2004,1,25,5,0.0016091955850105948,2.5,0.008013738742543153,97644.06027658799,782.4939888177178,486264.06641089567,0.9902776227731136,4943161.03912284,50.62428810437389
Hatillo,2000-2004,1,30,5,0.002302137555486513,2.5,0.011444818908867947,96861.56628777027,1108.563085392845,481536.4237253692,0.9872567354634696,4456896.972711944,46.01305908548653
Hatillo,2000-2004,1,35,5,0.0028312475962126164,2.5,0.014056742683728368,95753.00320237743,1345.9753272100352,475400.077693862,0.9850462984236068,3975360.548986575,41.51682366123293
Hatillo,2000-2004,1,40,5,0.0031980558064997376,2.5,0.015863448548147405,94407.02787516739,1497.6210292812175,468291.0868026339,0.9785967300567192,3499960.471292713,37.073092438845165
Hatillo,2000-2004,1,45,5,0.005480553946365378,2.5,0.027032388572154873,92909.40684588617,2511.563187866428,458268.1262597648,0.9705296703762633,3031669.3844900792,32.6303814372518
Hatillo,2000-2004,1,50,5,0.006499108781170931,2.5,0.03197600506755143,90397.84365801974,2890.5619069045642,444762.8135228373,0.9588694838168934,2573401.2582303146,28.467507122909257
Hatillo,2000-2004,1,55,5,0.010380033841990925,2.5,0.05058742134607631,87507.28175111518,4426.767732793465,426469.4894235922,0.9422918781880781,2128638.4447074775,24.325272161483298
Hatillo,2000-2004,1,60,5,0.013481188978519807,2.5,0.0652082335925572,83080.51401832172,5417.533565096455,401858.73617886746,0.9177377321578176,1702168.9552838851,20.488185170694855
Hatillo,2000-2004,1,65,5,0.021164781045542636,2.5,0.10050593970844861,77662.98045322526,7805.590831010282,368800.92518860055,0.8703741864980217,1300310.2191050176,16.742986317505114
Hatillo,2000-2004,1,70,5,0.035255577234790274,2.5,0.16199942782478044,69857.38962221498,11316.857148131581,320994.80524074595,0.8049725218108168,931509.293916417,13.334441767062431
Hatillo,2000-2004,1,75,5,0.05311412859746199,2.5,0.23444039920744816,58540.5324740834,13724.265803040696,258391.99786281527,0.7108176547282765,610514.488675671,10.428919295292594
Hatillo,2000-2004,1,80,5,0.08800964508280483,2.5,0.36068813790707543,44816.2666710427,16164.69577352532,183669.5939214002,0.47839289249201655,352122.4908128558,7.857024178240486
Hatillo,2000-2004,1,85,NA,0.16617307771643533,5.8793598959717706,1,28651.57089751738,28651.57089751738,168452.8968914556,0,168452.8968914556,5.8793598959717706
Hatillo,2000-2004,2,0,1,0.005499405540569879,0.13772723677463294,0.005473450506077551,100000,547.3450506077497,99528.03927077472,0.9942606640151119,8047965.213742383,80.47965213742383
Hatillo,2000-2004,2,1,4,2.1085648546825535e-4,1.5150946960266118,8.429842531932372e-4,99452.65494939225,83.83702206060116,397602.2927367813,0.9991838450419667,7948437.174471608,79.92181987013089
Hatillo,2000-2004,2,5,5,9.62247613035467e-5,2.5,4.8100809429508693e-4,99368.81792733165,47.79720574358362,496724.5966222993,0.9994395120885604,7550834.881734827,75.987971269385
Hatillo,2000-2004,2,10,5,1.2804216936035992e-4,2.5,6.400059774174192e-4,99321.02072158807,63.566046945008566,496446.1884905778,0.9986650046193873,7054110.285112527,71.02333658940408
Hatillo,2000-2004,2,15,5,4.064986567136103e-4,2.5,0.0020304298660353153,99257.45467464306,201.53530039805628,495783.43512222014,0.9971910562252599,6557664.09662195,66.06722002007183
Hatillo,2000-2004,2,20,5,7.190987611710282e-4,2.5,0.0035890416174029767,99055.919374245,355.5158170842624,494390.80732851435,0.9962011175571225,6061880.661499729,61.196551400398654
Hatillo,2000-2004,2,25,5,8.035066432597839e-4,2.5,0.004009479108549593,98700.40355716074,395.7372060678463,492512.67477063404,0.995519524988532,5567489.854171216,56.407974572737125
Hatillo,2000-2004,2,30,5,9.931330692271767e-4,2.5,0.004953366964793997,98304.66635109289,486.93908678861044,490305.98403849296,0.9942598813459811,5074977.179400581,51.62498757968838
Hatillo,2000-2004,2,35,5,0.0013104364531097785,2.5,0.006530786812781499,97817.72726430428,638.8267232739745,487491.5695133365,0.9925981336359068,4584671.195362088,46.86953299348563
Hatillo,2000-2004,2,40,5,0.0016626165581053122,2.5,0.008278672147049535,97178.9005410303,804.5122571899265,483883.22206217673,0.9901826468642436,4097179.625848752,42.16120580741562
Hatillo,2000-2004,2,45,5,0.0022867747716727063,2.5,0.011368878695903532,96374.38828384038,1095.6687297908793,479132.7695947247,0.9838936592509702,3613296.403786575,37.49228885525841
Hatillo,2000-2004,2,50,5,0.004223791350686224,2.5,0.02089828179866758,95278.7195540495,1991.1615306567546,471415.69394360564,0.9749908100012976,3134163.63419185,32.89468675546074
Hatillo,2000-2004,2,55,5,0.005928142695813694,2.5,0.02920784282875409,93287.55802339275,2724.7283326255274,459625.9692853999,0.9660070060786221,2662747.940248245,28.543441340596946
Hatillo,2000-2004,2,60,5,0.007938922621140184,2.5,0.03892211397789662,90562.82969076722,3524.8967793848715,444001.9065053739,0.9517322698420578,2203121.970962845,24.327000144380985
Hatillo,2000-2004,2,65,5,0.011944713657679504,2.5,0.05799182881421995,87037.93291138235,5047.488905740451,422570.94229256065,0.927165896274286,1759120.064457471,20.210958666131454
Hatillo,2000-2004,2,70,5,0.018539214936267444,2.5,0.08859009753287028,81990.4440056419,7263.541431223159,391793.3664501516,0.8795176914886201,1336549.1221649102,16.301279232893776
Hatillo,2000-2004,2,75,5,0.033715874911048556,2.5,0.15547447931419803,74726.90257441874,11618.126268520551,344589.1972007923,0.7945946752671612,944755.7557147586,12.642779550161322
Hatillo,2000-2004,2,80,5,0.06096977048807711,2.5,0.26452828099127634,63108.77630589819,16694.05611166224,273808.74125033536,0.5437787438068934,600166.5585139664,9.510033210038243
Hatillo,2000-2004,2,85,NA,0.1181370791429357,7.031342985541903,1,46414.720194235946,46414.720194235946,326357.81726363103,0,326357.81726363103,7.031342985541903
Hatillo,2005-2009,1,0,1,0.009727552448121925,0.12987915546739512,0.009645908072433923,100000,964.5908072433958,99160.68943217299,0.9899291327401043,7522520.212038758,75.22520212038758
Hatillo,2005-2009,1,1,4,3.591451317598309e-4,1.6239368789777566,0.0014353556641264766,99035.4091927566,142.1510355338978,395803.8769378792,0.9985794233959618,7423359.522606585,74.95661989095437
Hatillo,2005-2009,1,5,5,1.6579039828459375e-4,2.5,8.28608553067881e-4,98893.2581572227,81.94379954983015,494261.43128723896,0.9989909763762055,7027555.645668706,71.0620296734095
Hatillo,2005-2009,1,10,5,2.3805925864905637e-4,2.5,0.001189588311966171,98811.31435767288,117.54478464990098,493762.7098267396,0.9977228236198078,6533294.214381467,66.11888787080125
Hatillo,2005-2009,1,15,5,6.743469002612118e-4,2.5,0.003366059771373759,98693.76957302298,332.20912744497764,492638.32504650246,0.9949219721796303,6039531.504554727,61.1946582918399
Hatillo,2005-2009,1,20,5,0.001363789589362574,2.5,0.006795777918869434,98361.560445578,668.443320541599,490136.693926536,0.993014269835934,5546893.179508225,56.39289529752062
Hatillo,2005-2009,1,25,5,0.0014405658807905464,2.5,0.007176982115047778,97693.1171250364,701.1417543696589,486712.73123925785,0.991845626811272,5056756.485581689,51.76164538909736
Hatillo,2005-2009,1,30,5,0.0018361560967462625,2.5,0.009138829689104377,96991.97537066674,886.3931441223394,482743.89399302786,0.9894734578526949,4570043.754342431,47.11775110134058
Hatillo,2005-2009,1,35,5,0.002399721532024449,2.5,0.011927053641529272,96105.5822265444,1146.2564344663842,477662.2700465561,0.9865662537562666,4087299.860349403,42.52926589336545
Hatillo,2005-2009,1,40,5,0.0030142699024484926,2.5,0.01495862617062225,94959.32579207802,1420.4610559380235,471245.476320545,0.9822804062496951,3609637.5903028473,38.012460179071546
Hatillo,2005-2009,1,45,5,0.004147051668500818,2.5,0.020522488789067855,93538.86473613999,1919.6503028895677,462895.19792347605,0.9710520292772932,3138392.113982302,33.55174475160957
Hatillo,2005-2009,1,50,5,0.007653695576037568,2.5,0.037549987448157275,91619.21443325042,3440.3003519785852,449495.32128630567,0.9567913113293334,2675496.9160588263,29.20235599714808
Hatillo,2005-2009,1,55,5,0.010064660682223165,2.5,0.04908816412259775,88178.91408127184,4328.5410065739125,430073.2178899244,0.9409171156762691,2226001.5947725205,25.24414842216
Hatillo,2005-2009,1,60,5,0.014420497641300793,2.5,0.06959355400312447,83850.37307469793,5835.445466756137,404663.2517065993,0.91551013890203,1795928.376882596,21.418251476146647
Hatillo,2005-2009,1,65,5,0.02116355240054921,2.5,0.10050039838405359,78014.92760794179,7840.531304501244,370473.3097784559,0.881456562551403,1391265.1251759967,17.83331944070622
Hatillo,2005-2009,1,70,5,0.029784590295518398,2.5,0.13860241138491547,70174.39630344055,9726.340545137558,326556.1301543588,0.8207277801543778,1020791.8153975408,14.54649942385743
Hatillo,2005-2009,1,75,5,0.05108185522225721,2.5,0.22648596759489756,60448.05575830299,13690.63639764957,268013.687797391,0.7378874249828964,694235.685243182,11.484830678740623
Hatillo,2005-2009,1,80,5,0.07286094458898047,2.5,0.30817070186379025,46757.41936065342,14409.266741712137,197763.92994898674,0.5360072189278797,426221.997445791,9.115601401313837
Hatillo,2005-2009,1,85,NA,0.16730749802384362,7.062476494037312,1,32348.15261894128,32348.15261894128,228458.0674968043,0,228458.0674968043,7.062476494037312
Hatillo,2005-2009,2,0,1,0.006652864668390659,0.13535656683299674,0.0066148139056036205,100000,661.481390560366,99428.0544594898,0.9931914345953546,8182726.215672344,81.82726215672344
Hatillo,2005-2009,2,1,4,1.8874035897483004e-4,1.513237697775583,7.546072591639247e-4,99338.51860943963,74.96156725726905,397167.6628381875,0.9992056685520105,8083298.161212855,81.37123720349842
Hatillo,2005-2009,2,5,5,9.393729425859508e-5,2.5,4.695761945000764e-4,99263.55704218236,46.61180336838879,496201.25570249086,0.9994802553722055,7686130.498374667,77.43154413767806
Hatillo,2005-2009,2,10,5,1.1401981804710994e-4,2.5,5.699366300584056e-4,99216.94523881398,56.547371414111694,495943.3577655346,0.9988398263020448,7189929.242672176,72.466746737325
Hatillo,2005-2009,2,15,5,3.504562512599696e-4,2.5,0.0017507473554121457,99160.39786739986,173.60480432795885,495367.97732617945,0.9976095444108135,6693985.884906641,67.50664608927882
Hatillo,2005-2009,2,20,5,6.071774150600899e-4,2.5,0.0030312857546783644,98986.7930630719,300.0572557134001,494183.82217607606,0.9963918632886614,6198617.907580462,62.620655905387885
Hatillo,2005-2009,2,25,5,8.391048745779201e-4,2.5,0.004186741584708782,98686.7358073585,413.1758606638323,492400.7393851329,0.9955519139269446,5704434.085404386,57.80345290313107
Hatillo,2005-2009,2,30,5,9.443300158360861e-4,2.5,0.004710529343556438,98273.55994669467,462.9204878246528,490210.49851391173,0.9945404464379628,5212033.346019253,53.03596764833138
Hatillo,2005-2009,2,35,5,0.0012462956267069647,2.5,0.006212122779901927,97810.63945887002,607.6117014992196,487534.16804060206,0.9934153180049521,4721822.847505341,48.27514546094852
Hatillo,2005-2009,2,40,5,0.0013967744871287188,2.5,0.006959570060887513,97203.0277573708,676.4912818078155,484323.91058233444,0.9916099466592482,4234288.67946474,43.561283811384754
Hatillo,2005-2009,2,45,5,0.001975824118921674,2.5,0.009830561941143706,96526.53647556299,948.9100957870978,480260.40713834716,0.9874517199422687,3749964.768882405,38.84905545980882
Hatillo,2005-2009,2,50,5,0.0030821637581924834,2.5,0.01529298011827416,95577.62637977589,1461.6667399777507,474233.9650489351,0.9795293393222169,3269704.361744058,34.20993474719648
Hatillo,2005-2009,2,55,5,0.005212810181320272,2.5,0.02572875314078891,94115.95963979814,2421.486292180809,464526.08246853866,0.9699177700039072,2795470.3966951226,29.70240549417957
Hatillo,2005-2009,2,60,5,0.007031608274471946,2.5,0.034550674353183645,91694.47334761733,3168.105888620208,450552.1020165361,0.956232307608654,2330944.314226584,25.420772148282953
Hatillo,2005-2009,2,65,5,0.010954941177697112,2.5,0.053314561184264676,88526.36745899712,4719.744434313412,430832.476209202,0.9332304476851477,1880392.212210048,21.24104112914146
Hatillo,2005-2009,2,70,5,0.01687994619905341,2.5,0.08098228927996219,83806.62302468371,6786.852189361671,402065.9846500144,0.8903588062662985,1449559.736000846,17.29648187320356
Hatillo,2005-2009,2,75,5,0.030298494387395056,2.5,0.14082547246896712,77019.77083532204,10846.345617335799,357982.9901332707,0.8168792803375182,1047493.7513508316,13.600322878011479
Hatillo,2005-2009,2,80,5,0.05257789554884006,2.5,0.23234849101535984,66173.42521798624,15375.295494716855,292428.88735313906,0.5758893061556306,689510.7612175609,10.419753230941243
Hatillo,2005-2009,2,85,NA,0.1252529554853149,7.816860109369898,1,50798.12972326938,50798.12972326938,397081.8738644218,0,397081.8738644218,7.816860109369898
Hatillo,2010-2014,1,0,1,0.009585676386472954,0.13016226205461257,0.00950641208351468,100000,950.6412083514588,99173.0964017299,0.9901450598372327,7704635.007791339,77.04635007791339
Hatillo,2010-2014,1,1,4,3.168492207545555e-4,1.6243571803923702,0.0012664436048582686,99049.35879164854,125.44042700700811,395899.43351688643,0.9987055052791916,7605461.91138961,76.78456482881212
Hatillo,2010-2014,1,5,5,1.5203774010271443e-4,2.5,7.59899866867415e-4,98923.91836464153,75.17227239528438,494431.66114221944,0.9991401028095883,7209562.477872723,72.87987169389808
Hatillo,2010-2014,1,10,5,1.920863105407311e-4,2.5,9.599705596960561e-4,98848.74609224625,94.89188611143618,494006.50074595265,0.997833884280522,6715130.816730504,67.93339402063738
Hatillo,2010-2014,1,15,5,6.758238900022264e-4,2.5,0.003373419855687429,98753.85420613481,333.1382126046228,492936.4254991625,0.99533305303938,6221124.315984551,62.9962685101771
Hatillo,2010-2014,1,20,5,0.0011965390786621776,2.5,0.005964852445686594,98420.71599353019,587.0650485002407,490635.9173464003,0.9935628201661548,5728187.890485388,58.20103859904797
Hatillo,2010-2014,1,25,5,0.0013872629157413406,2.5,0.006912341491177576,97833.65094502995,676.2596046607214,487477.60571349796,0.99259085864424,5237551.973138988,53.53528078065721
Hatillo,2010-2014,1,30,5,0.001588160532443119,2.5,0.00790939917321002,97157.39134036923,768.4565907387587,483865.8152249992,0.9904825136277163,4750074.36742549,48.89050953194766
Hatillo,2010-2014,1,35,5,0.002240154657898722,2.5,0.011138393976623003,96388.93474963047,1073.6179302283854,479260.6289225814,0.9875997894021865,4266208.552200491,44.26035585186137
Hatillo,2010-2014,1,40,5,0.0027540807626873906,2.5,0.013676240138756846,95315.31681940208,1303.555161723838,473317.6961927008,0.9818836193302791,3786947.9232779094,39.730738454693466
Hatillo,2010-2014,1,45,5,0.00457536047730909,2.5,0.022618087626054047,94011.76165767825,2126.36626305306,464742.8926307586,0.974922246380419,3313630.227085209,35.24697515137537
Hatillo,2010-2014,1,50,5,0.005596078036765212,2.5,0.02759433998401709,91885.39539462519,2535.51684008514,453088.18487291306,0.9648507387976082,2848887.3344544503,31.004789414239113
Hatillo,2010-2014,1,55,5,0.008771954151933197,2.5,0.04291857140802189,89349.87855454005,3834.769143041107,437162.46991509746,0.9523780073277412,2395799.149581537,26.8136810966018
Hatillo,2010-2014,1,60,5,0.010790718431020762,2.5,0.052536330286307185,85515.10941149894,4492.650032512203,416343.92197621416,0.9363510237938514,1958636.6796664398,22.903983788893665
Hatillo,2010-2014,1,65,5,0.015665996702822253,2.5,0.07537781212362463,81022.45937898674,6107.295720863258,389844.0575927755,0.9061001292494836,1542292.7576902255,19.035373271947616
Hatillo,2010-2014,1,70,5,0.02416283906229989,2.5,0.11393189990767162,74915.16365812348,8535.226927464173,353237.750971957,0.8495415126058941,1152448.70009745,15.383383601171422
Hatillo,2010-2014,1,75,5,0.042399995010076026,2.5,0.19168171558912578,66379.9367306593,12723.820153230394,300090.1332702205,0.7658950662117068,799210.9491254931,12.039947437255641
Hatillo,2010-2014,1,80,5,0.06690469852312275,2.5,0.2865882426745782,53656.11657742891,15377.212158667659,229837.5524904754,0.5395151931368852,499120.8158552725,9.302216554099886
Hatillo,2010-2014,1,85,NA,0.1617253600478929,7.03476934498721,1,38278.90441876125,38278.90441876125,269283.2633647971,0,269283.2633647971,7.03476934498721
Hatillo,2010-2014,2,0,1,0.005425990003972014,0.13787812552453643,0.0054007261379621025,100000,540.0726137962047,99534.39158584115,0.9944061743728658,8353680.516313923,83.53680516313922
Hatillo,2010-2014,2,1,4,1.7306966610698086e-4,1.5152130185735357,6.919810840153471e-4,99459.9273862038,68.82438836879737,397668.6956005918,0.9992973369631628,8254146.124728082,82.9896657040293
Hatillo,2010-2014,2,5,5,8.195090797634747e-5,2.5,4.096706076860596e-4,99391.102997835,40.7176135637128,496853.7209552657,0.9995458660687107,7856477.42912749,79.04608352418249
Hatillo,2010-2014,2,10,5,9.974796347423034e-5,2.5,4.986154776750146e-4,99350.38538427129,49.537639865564415,496628.0828216925,0.9989418473501388,7359623.708172224,74.07745505673064
Hatillo,2010-2014,2,15,5,3.238557853276553e-4,2.5,0.0016179689551217846,99300.84774440572,160.66568886773894,496102.57449985924,0.9976739023212104,6862995.625350532,69.11316248795238
Hatillo,2010-2014,2,20,5,6.079975478729962e-4,2.5,0.0030353739895087333,99140.18205553798,300.9275299265282,494948.5914528736,0.9965686542708169,6366893.050850673,64.2211151809663
Hatillo,2010-2014,2,25,5,7.67173180215752e-4,2.5,0.003828523050568176,98839.25452561145,378.4083642522746,493250.2517174266,0.9958933384323748,5871944.459397799,59.409032247164994
Hatillo,2010-2014,2,30,5,8.791016196698447e-4,2.5,0.004385869036914196,98460.84616135918,431.8363765274844,491224.63986547716,0.9951392072728373,5378694.2076803725,54.62774714393257
Hatillo,2010-2014,2,35,5,0.0010704185539171284,2.5,0.00533780854632254,98029.0097848317,523.2600862169929,488836.898708616,0.9937475920710136,4887469.567814895,49.857379754652456
Hatillo,2010-2014,2,40,5,0.0014395452417611857,2.5,0.007171915466844405,97505.7496986147,699.302994369762,485780.4910071491,0.9918544448393642,4398632.6691062795,45.11152093801882
Hatillo,2010-2014,2,45,5,0.0018336126151933946,2.5,0.009126228158266646,96806.44670424494,883.4777198140218,481823.5392216896,0.9886560827898825,3912852.1780991303,40.41933477894663
Hatillo,2010-2014,2,50,5,0.0027349796515926525,2.5,0.013582031806418666,95922.96898443092,1302.8288157126517,476357.77288287296,0.983831189972469,3431028.6388774407,35.76858259500209
Hatillo,2010-2014,2,55,5,0.003793886997548978,2.5,0.018791205710214268,94620.14016871827,1778.026518239698,468655.634547992,0.9765562044168834,2954670.8659945675,31.226659152333315
Hatillo,2010-2014,2,60,5,0.0057176752453606036,2.5,0.02818548756547419,92842.11365047857,2616.800239847915,457668.5676527731,0.959968468003703,2486015.2314465754,26.776805629454355
Hatillo,2010-2014,2,65,5,0.010724245531279819,2.5,0.052221146659641664,90225.31341063065,4711.669324028655,439347.39374308166,0.9357509383193279,2028346.6637938025,22.480904605589497
Hatillo,2010-2014,2,70,5,0.01600359511034618,2.5,0.07693969618748694,85513.644086602,6579.39379590805,411119.7359432399,0.9046779326913799,1588999.2700507208,18.581821497882817
Hatillo,2010-2014,2,75,5,0.02445647341842441,2.5,0.11523666123624172,78934.25029069395,9096.119460685426,371930.9528017562,0.84520867377321,1177879.534107481,14.922286963766203
Hatillo,2010-2014,2,80,5,0.04432048349085332,2.5,0.1994978180733173,69838.13083000852,13932.554718905572,314359.2673527787,0.6099512119700212,805948.5813057247,11.540236998430938
Hatillo,2010-2014,2,85,NA,0.10881448756708584,8.793207192355815,1,55905.57611110295,55905.57611110295,491589.31395294593,0,491589.31395294593,8.793207192355815
Hatillo,2015-2019,1,0,1,0.009895068412941287,0.12954488573539633,0.009810567902864723,100000,981.0567902864714,99146.03409951112,0.9898899063205018,7899349.60784388,78.9934960784388
Hatillo,2015-2019,1,1,4,2.9432503626376506e-4,1.6234407589086686,0.0011764772217270395,99018.94320971353,116.4935312057205,395798.9190607398,0.9987611724571691,7800203.573744369,78.7748618688468
Hatillo,2015-2019,1,5,5,1.460125946340531e-4,2.5,7.297965744417923e-4,98902.44967850781,72.17866897927888,494331.80172009085,0.9991912686188245,7404404.654683629,74.86573566936288
Hatillo,2015-2019,1,10,5,1.7762360762166443e-4,2.5,8.877238363323693e-4,98830.27100952853,87.73398732634087,493932.02007932676,0.9981890134964205,6910072.852963538,69.91858650572067
Hatillo,2015-2019,1,15,5,5.477629851834638e-4,2.5,0.0027350695013304864,98742.53702220219,270.06770149343356,493037.5158572774,0.9960661748552866,6416140.832884211,64.97848876864028
Hatillo,2015-2019,1,20,5,0.0010298181974213803,2.5,0.005135868460107449,98472.46932070875,505.7416493731289,491097.99248011096,0.9938089284881444,5923103.317026934,60.14984043648132
Hatillo,2015-2019,1,25,5,0.0014556222688817432,2.5,0.007251721924605731,97966.72767133563,710.4274669361039,488057.56968933786,0.9923725821514092,5432005.324546823,55.44745092201533
Hatillo,2015-2019,1,30,5,0.0016076067590419967,2.5,0.008005858116161302,97256.30020439952,778.6201403392042,484334.9506711496,0.9910184915386187,4943947.754857485,50.83421582423962
Hatillo,2015-2019,1,35,5,0.0020029864653975434,2.5,0.009965032762610836,96477.68006406032,961.4032426990598,479984.89221355395,0.9873917677347576,4459612.804186336,46.22429562179763
Hatillo,2015-2019,1,40,5,0.003079128811934813,2.5,0.015278036454085158,95516.27682136126,1459.301159235256,473933.1312087181,0.9851847292735896,3979627.9119727816,41.66439526757996
Hatillo,2015-2019,1,45,5,0.0028897925374143027,2.5,0.014345325153135729,94056.975662126,1349.2778987937636,466911.6835636456,0.9782963972316536,3505694.780764064,37.27203385060258
Hatillo,2015-2019,1,50,5,0.005920136868860279,2.5,0.029168973554878772,92707.69776333224,2704.188384392328,456778.0178556804,0.9687881389198788,3038783.097200418,32.778109806565794
Hatillo,2015-2019,1,55,5,0.0067761023277051885,2.5,0.033316127908842856,90003.50937893991,2998.568430713509,442521.1258179158,0.9586610109406332,2582005.079344738,28.687826698776547
Hatillo,2015-2019,1,60,5,0.010180338184887283,2.5,0.0496383528763806,87004.9409482264,4318.781960776716,424227.7498391903,0.9361788787497659,2139483.953526822,24.590373031802343
Hatillo,2015-2019,1,65,5,0.01639442062151968,2.5,0.07874467000325795,82686.15898744969,6511.094303303646,397153.0591789893,0.907625305855261,1715256.2036876315,20.744175623733803
Hatillo,2015-2019,1,70,5,0.022647514237173462,2.5,0.10716975008382304,76175.06468414604,8163.662644818978,360466.1668086828,0.8696744637102485,1318103.1445086424,17.303603875809678
Hatillo,2015-2019,1,75,5,0.03390084624647543,2.5,0.15626079801290918,68011.40203932706,10627.51595664204,313488.2203050302,0.8094996292701067,957636.9776999595,14.080535748200184
Hatillo,2015-2019,1,80,5,0.05225363979921959,2.5,0.23108112439921044,57383.88608268502,13260.332918383065,253768.59811746745,0.6060403824362558,644148.7573949293,11.225255056215065
Hatillo,2015-2019,1,85,NA,0.13300166406375563,8.847432522576126,1,44123.55316430196,44123.55316430196,390380.1592774619,0,390380.1592774619,8.847432522576126
Hatillo,2015-2019,2,0,1,0.0050885020058170916,0.1385717544825043,0.005066294515032619,100000,506.62945150326414,99563.57508046406,0.9947658908146563,8451407.142916668,84.51407142916668
Hatillo,2015-2019,2,1,4,1.5593948872612986e-4,1.5157571388240418,6.235164099087747e-4,99493.37054849674,62.03574921411928,397819.37032686407,0.9993613301797906,8351843.567836205,83.94371928293663
Hatillo,2015-2019,2,5,5,7.354532189289918e-5,2.5,3.676590104638174e-4,99431.33479928262,36.55682616139529,497065.2819310096,0.9995809785606334,7954024.197509341,79.99514653570483
Hatillo,2015-2019,2,10,5,9.410268489617476e-5,2.5,4.704027590743452e-4,99394.77797312122,46.755577796153375,496857.00092111574,0.999029803378958,7456958.915578331,75.02364880371155
Hatillo,2015-2019,2,15,5,2.942614549899261e-4,2.5,0.0014702256980669386,99348.02239532507,146.06401557775098,496374.951937681,0.9979672025660722,6960101.914657216,70.05778018370229
Hatillo,2015-2019,2,20,5,5.199143992377676e-4,2.5,0.002596197495036502,99201.95837974732,257.5478758482059,495365.92220911605,0.997186827321185,6463726.9627195345,65.15725161368532
Hatillo,2015-2019,2,25,5,6.070624437694086e-4,2.5,0.003030712639294111,98944.41050389911,299.8720755016693,493972.3723307414,0.9964157295020757,5968361.040510419,60.32034563766715
Hatillo,2015-2019,2,30,5,8.296193355090742e-4,2.5,0.004139511131360043,98644.53842839744,408.34016487222107,492201.8417298066,0.9954894397324453,5474388.668179677,55.49611519702473
Hatillo,2015-2019,2,35,5,9.790207033987099e-4,2.5,0.004883151750339998,98236.19826352522,479.7022634972818,489981.7356588829,0.9948452439052354,4982186.82644987,50.7164050983001
Hatillo,2015-2019,2,40,5,0.0010884926486217138,2.5,0.00542769323265178,97756.49600002794,530.5922717870999,487455.99932067195,0.992793127434932,4492205.090790988,45.953008491524734
Hatillo,2015-2019,2,45,5,0.0018072812228679337,2.5,0.008995761437511136,97225.90372824084,874.6210354856739,483942.96605249,0.9889310751272989,4004749.0914703156,41.19014519694376
Hatillo,2015-2019,2,50,5,0.0026496171392684314,2.5,0.013160907282581532,96351.28269275517,1268.0702980771748,478586.23771858285,0.9836261578420649,3520806.1254178258,36.54135188469641
Hatillo,2015-2019,2,55,5,0.0039648393780635565,2.5,0.01962962610393393,95083.21239467799,1866.4479080684687,470749.94220321876,0.9767160431511699,3042219.8876992427,31.99534188087152
Hatillo,2015-2019,2,60,5,0.0054762521809428935,2.5,0.02701145702855677,93216.76448660952,2517.9206282711384,459789.02086236974,0.9680822802517468,2571469.945496024,27.58591718623116
Hatillo,2015-2019,2,65,5,0.007531214925721474,2.5,0.0369601868514251,90698.84385833838,3352.246216212414,445113.6037511609,0.9505938193857707,2111680.9246336543,23.28233563739652
Hatillo,2015-2019,2,70,5,0.012866964912388631,2.5,0.062329835060158094,87346.59764212597,5444.299024099717,423122.24065038055,0.9124792662084071,1666567.3208824934,19.07993403143997
Hatillo,2015-2019,2,75,5,0.024265021052206036,2.5,0.11438614944982803,81902.29861802625,9368.488570005982,386090.2716651163,0.8522103851793318,1243445.080232113,15.182053510259324
Hatillo,2015-2019,2,80,5,0.040894625883639665,2.5,0.18550748175566342,72533.81004802027,13455.564444151889,329030.1391297216,0.6162264026025928,857354.8085669965,11.820071329486117
Hatillo,2015-2019,2,85,NA,0.1046674765615501,8.942795508515927,1,59078.24560386838,59078.24560386838,528324.6694372749,0,528324.6694372749,8.942795508515927
Hatillo,2020-2024,1,0,1,0.010260152827735281,0.12881637803989565,0.010169255173221682,100000,1016.9255173221609,99114.07114455562,0.9895095154357566,7816690.05299115,78.1669005299115
Hatillo,2020-2024,1,1,4,3.09996931778404e-4,1.622360034163083,0.0012390744535409907,98983.07448267784,122.6473989244405,395640.6865733227,0.9987203409786105,7717575.981846594,77.96864284304667
Hatillo,2020-2024,1,5,5,1.461138920025268e-4,2.5,7.303026915911131e-4,98860.4270837534,72.19803599111037,494121.64032878925,0.9991929411902271,7321935.295273271,74.06335893198411
Hatillo,2020-2024,1,10,5,1.7685236216355405e-4,2.5,8.838710241216108e-4,98788.22904776229,87.31605317960202,493722.8551058624,0.9981680574684041,6827813.654944482,69.11566004127233
Hatillo,2020-2024,1,15,5,5.569449416011196e-4,2.5,0.0027808527533198504,98700.91299458269,274.4727056561678,492818.38320877304,0.9950932282201053,6334090.799838619,64.17459178099267
Hatillo,2020-2024,1,20,5,0.001412695544990421,2.5,0.007038619160126119,98426.44028892652,692.7862284806615,490400.2358734309,0.9920958911219232,5841272.416629846,59.34657800772888
Hatillo,2020-2024,1,25,5,0.0017628820176470484,2.5,0.008775733630712136,97733.65406044586,857.6845147906279,486524.05901525274,0.9912638632428282,5350872.180756415,54.74953568652035
Hatillo,2020-2024,1,30,5,0.0017468332594683807,2.5,0.008696189315524426,96875.96954565523,842.4517712939996,482273.71830004116,0.9900096091626382,4864348.121741163,50.212123239176634
Hatillo,2020-2024,1,35,5,0.002272021457830892,2.5,0.011295945711546644,96033.51777436123,1084.7894032680342,477455.61536363605,0.9869564468931701,4382074.403441122,45.63067671578138
Hatillo,2020-2024,1,40,5,0.002984325999564464,2.5,0.014811126919947199,94948.7283710932,1406.2976667918556,471227.8976884863,0.9847212813436576,3904618.7880774857,41.12344477976424
Hatillo,2020-2024,1,45,5,0.003175681811918856,2.5,0.015753340070745185,93542.43070430134,1473.6057219289796,464028.1392166842,0.9803291097750064,3433390.890388999,36.70410170591304
Hatillo,2020-2024,1,50,5,0.004786835595604863,2.5,0.023651142649248932,92068.82498237236,2177.5329132068146,454900.2926288448,0.9690811629812949,2969362.7511723153,32.251554766131036
Hatillo,2020-2024,1,55,5,0.007822563786665545,2.5,0.03836258452221185,89891.29206916555,3448.462289814197,440835.3046212923,0.951582185037302,2514462.45854347,27.97225849872926
Hatillo,2020-2024,1,60,5,0.012131965457046775,2.5,0.05887417853450241,86442.82977935135,5089.250593457124,419491.0224131139,0.9314626213890311,2073627.153922178,23.988422859538392
Hatillo,2020-2024,1,65,5,0.016407513985424567,2.5,0.07880508124547855,81353.57918589422,6411.075417354878,390740.2073860839,0.9005373108302683,1654136.1315090642,20.33267802181557
Hatillo,2020-2024,1,70,5,0.025959570360182753,2.5,0.12188748494713651,74942.50376853935,9134.553299988562,351876.13559272536,0.861115217823297,1263395.9241229803,16.85820276334763
Hatillo,2020-2024,1,75,5,0.03436745965923838,2.5,0.15824141010102222,65807.95046855079,10413.54287800171,303005.8951477497,0.8033959060123618,911519.7885302549,13.851210712995302
Hatillo,2020-2024,1,80,5,0.05510879207185749,2.5,0.2421785429412505,55394.407590549075,13415.336917372922,243433.69565931306,0.5999537589747466,608513.8933825052,10.985114199259433
Hatillo,2020-2024,1,85,NA,0.12860465535192753,8.696719385845565,1,41979.07067317615,41979.07067317615,365080.1977231921,0,365080.1977231921,8.696719385845565
Hatillo,2020-2024,2,0,1,0.004810758447947286,0.13914259248468738,0.004790917452382231,100000,479.0917452382273,99587.57032223223,0.9949965864314919,8520989.99980764,85.20989999807641
Hatillo,2020-2024,2,1,4,1.7495206218356713e-4,1.516205177304974,6.995042826273974e-4,99520.90825476177,69.61530153517378,397910.7228935137,0.9993272197846952,8421402.429485409,84.61942899403222
Hatillo,2020-2024,2,5,5,7.472675939047245e-5,2.5,3.735640088828404e-4,99451.2929532266,37.15142368420493,497163.5862069225,0.9995851006810176,8023491.706591896,80.67760074638207
Hatillo,2020-2024,2,10,5,9.12708364103579e-5,2.5,4.562500762366135e-4,99414.1415295424,45.357709651842015,496957.3133735824,0.9990504935400257,7526328.1203849735,75.70681599808829
Hatillo,2020-2024,2,15,5,2.888059707142561e-4,2.5,0.0014429879946999346,99368.78381989055,143.3879621000233,496485.4491942027,0.9979090956378779,7029370.807011391,70.74023185945775
Hatillo,2020-2024,2,20,5,5.487030597557765e-4,2.5,0.0027397570161345314,99225.39585779053,271.8534744801,495447.3456027524,0.9969526446749291,6532885.357817188,65.83884399090829
Hatillo,2020-2024,2,25,5,6.722877699884637e-4,2.5,0.003355798693891203,98953.54238331043,332.0681682858267,493937.5414958376,0.9965168451915549,6037438.012214435,61.012853777660354
Hatillo,2020-2024,2,30,5,7.234941956760376e-4,2.5,0.003610939743516763,98621.4742150246,356.116200807257,492217.08057310485,0.9958611973125084,5543500.470718598,56.209872290411035
Hatillo,2020-2024,2,35,5,9.359003863548455e-4,2.5,0.004668578620437738,98265.35801421735,458.7595495548303,490179.89119719964,0.9945365419750939,5051283.390145493,51.40451825774305
Hatillo,2020-2024,2,40,5,0.0012563468217328924,2.5,0.00626206579252466,97806.59846466251,612.4713545287668,487501.8139369907,0.993446492857031,4561103.498948294,46.63390375033049
Hatillo,2020-2024,2,45,5,0.0013740609537298035,2.5,0.0068467850187668424,97194.12711013375,665.4672934097762,484306.96731714427,0.9909863734606666,4073601.685011303,41.91201470841315
Hatillo,2020-2024,2,50,5,0.002251685514313609,2.5,0.011195406236444399,96528.65981672397,1080.6775601077825,479941.6051833504,0.9846566503419026,3589294.7176941587,37.18372061218962
Hatillo,2020-2024,2,55,5,0.003946202310801553,2.5,0.019538256768980803,95447.98225661619,1864.8871854108875,472577.69331955374,0.9774547889320645,3109353.1125108083,32.57641533113998
Hatillo,2020-2024,2,60,5,0.005188866200056233,2.5,0.02561208677187247,93583.0950712053,2396.858351344097,461923.3294776663,0.9677204600806955,2636775.4191912543,28.175766330286365
Hatillo,2020-2024,2,65,5,0.007980558525156764,2.5,0.03912224912876416,91186.2367198612,3567.4106700688717,447012.6569241339,0.9524889101988696,2174852.0897135884,23.850661765931672
Hatillo,2020-2024,2,70,5,0.011573759313369543,2.5,0.0562414830949286,87618.82604979233,4927.812724076881,425774.59843876946,0.920552662635596,1727839.4327894542,19.719956437302088
Hatillo,2020-2024,2,75,5,0.021948962240295408,2.5,0.10403610011864757,82691.01332571545,8602.8505412665545,391947.9402754109,0.8623612068630577,1302064.834350685,15.746146793750388
Hatillo,2020-2024,2,80,5,0.038390589408480634,2.5,0.17514330980635767,74088.1627844489,12976.0460475406,338000.698803393,0.6286183664936587,910116.8940752739,12.28424163686115
Hatillo,2020-2024,2,85,NA,0.10884115842419334,9.3617473231189,1,61112.1167369083,61112.1167369083,572116.195271881,0,572116.195271881,9.3617473231189
Hormigueros,1980-1984,1,0,1,0.016428088945417516,0.11650856991386663,0.01619306162167177,100000,1619.3061621671804,98569.35688303963,0.9833765208604035,7360940.802760088,73.60940802760088
Hormigueros,1980-1984,1,1,4,4.288159335884098e-4,1.604210305333903,0.0017135033618862494,98380.69383783282,168.57564963582263,393118.90354716213,0.9982144954700523,7262371.445877048,73.81907122802039
Hormigueros,1980-1984,1,5,5,2.0394201361742458e-4,2.5,0.0010191904287163926,98212.118188197,100.09685084136436,490810.3488138815,0.9987805524141742,6869252.542329887,69.94302402852996
Hormigueros,1980-1984,1,10,5,2.841835676785188e-4,2.5,0.00141990905134262,98112.02133735563,139.3101471424452,490211.8313189221,0.9972927428487862,6378442.193516005,65.0118314409597
Hormigueros,1980-1984,1,15,5,8.008875012219494e-4,2.5,0.003996435767470738,97972.71119021319,391.5416472366487,488884.70183297433,0.9944103584515236,5888230.3621970825,60.10071876815916
Hormigueros,1980-1984,1,20,5,0.001443035167496765,2.5,0.007189240022035395,97581.16954297654,701.5344494753808,486152.01159119426,0.9918258380254081,5399345.660364108,55.331840002041965
Hormigueros,1980-1984,1,25,5,0.0018416838443899837,2.5,0.009166216041953286,96879.63509350116,888.019665332642,482178.1263041742,0.9901207015277281,4913193.648772914,50.71441117662198
Hormigueros,1980-1984,1,30,5,0.0021310892109043175,2.5,0.010598977637297932,95991.61542816852,1017.4129852912447,477414.54467761447,0.9883575546531775,4431015.52246874,46.160443312723636
Hormigueros,1980-1984,1,35,5,0.0025556428601500297,2.5,0.012697091224419248,94974.20244287727,1205.8961123836634,471856.2719334272,0.9853646450899102,3953600.9777911254,41.62815665832034
Hormigueros,1980-1984,1,40,5,0.0033474908200962876,2.5,0.016598545404559652,93768.30633049361,1556.4174901353545,464950.4879271296,0.9804134955849724,3481744.7058576983,37.13135964710743
Hormigueros,1980-1984,1,45,5,0.004576753549518947,2.5,0.022624896311343637,92211.88884035825,2086.2844236862584,455843.73314257566,0.9718578256701221,3016794.217930569,32.715892233304004
Hormigueros,1980-1984,1,50,5,0.006873552906595215,2.5,0.03378716978526818,90125.604416672,3045.0890984260186,443015.29933729494,0.9531256224562191,2560950.484787993,28.415348794201847
Hormigueros,1980-1984,1,55,5,0.012460265290436711,2.5,0.06041922744564367,87080.51531824598,5261.337461096962,422249.2329384875,0.9309370553711807,2117935.1854506982,24.321573864261772
Hormigueros,1980-1984,1,60,5,0.016289944066137225,2.5,0.0782624913156643,81819.17785714901,6403.372696499922,393087.4575444953,0.9102345985477943,1695685.9525122107,20.724798230957155
Hormigueros,1980-1984,1,65,5,0.021550726094175188,2.5,0.1022449957273266,75415.80516064909,7710.888676423463,357801.80411218683,0.8669441395089776,1302598.4949677153,17.27222154816154
Hormigueros,1980-1984,1,70,5,0.03653247845953717,2.5,0.1673757636016236,67704.91648422563,11332.162096131411,310194.1771807996,0.8151610165677704,944796.6908555286,13.954624566676099
Hormigueros,1980-1984,1,75,5,0.0458843273330713,2.5,0.2058126941016976,56372.75438809422,11602.22845454696,252858.2008041037,0.7369977905798738,634602.513674729,11.257255753477171
Hormigueros,1980-1984,1,80,5,0.08048403562825959,2.5,0.3350123194957861,44770.52593354726,14998.677738043916,186355.9353226265,0.5118304869527074,381744.31287062535,8.526688148297547
Hormigueros,1980-1984,1,85,NA,0.16391518802100818,6.562856839284494,1,29771.848195503342,29771.848195503342,195388.37754799885,0,195388.37754799885,6.562856839284494
Hormigueros,1980-1984,2,0,1,0.01127962182629418,0.12584733164907236,0.011169489415068689,100000,1116.9489415068674,99023.61610237003,0.988605605540037,8011489.986360648,80.11489986360648
Hormigueros,1980-1984,2,1,4,2.5663754678726037e-4,1.5058272407216833,0.0010258935143742797,98883.05105849313,101.44348076244933,395279.18666764844,0.9989125000500159,7912466.370258277,80.01842869490089
Hormigueros,1980-1984,2,5,5,1.156739097043418e-4,2.5,5.782023412081896e-4,98781.60757773068,57.1157567697519,493765.24849672907,0.99933995857709,7517187.183590629,76.0990569795637
Hormigueros,1980-1984,2,10,5,1.4844063642850276e-4,2.5,7.419278515363487e-4,98724.49182096093,73.24645011074608,493439.3429795278,0.9983979643045494,7023421.9350939,71.14163674634084
Hormigueros,1980-1984,2,15,5,4.931637076150049e-4,2.5,0.0024627821511332723,98651.24537085019,242.95652628640528,492648.8355385349,0.9966474356853388,6529982.592114372,66.19260170073711
Hormigueros,1980-1984,2,20,5,8.507140919561711e-4,2.5,0.004244543227936049,98408.28884456378,417.6982359879621,490997.19863284903,0.9949218841673984,6037333.756575838,61.34984997159972
Hormigueros,1980-1984,2,25,5,0.001186557718621662,2.5,0.005915241654003135,97990.59060857582,579.6380232682277,488503.8579847085,0.9940269185888686,5546336.557942988,56.60070547077191
Hormigueros,1980-1984,2,30,5,0.0012099016871073912,2.5,0.006031265340260523,97410.95258530759,587.5113020895369,485585.9846713141,0.9928865630769768,5057832.69995828,51.92262846961573
Hormigueros,1980-1984,2,35,5,0.0016471902661605003,2.5,0.008202174973856797,96823.44128321805,794.1628069758881,482131.79939865053,0.991661342048029,4572246.7152869655,47.22251817008544
Hormigueros,1980-1984,2,40,5,0.0017024692231535452,2.5,0.00847626964527216,96029.27847624217,813.9700582055666,478111.4672356969,0.9888519890112851,4090114.915888315,42.592373709235126
Hormigueros,1980-1984,2,45,5,0.0027878137506592462,2.5,0.013842592330189054,95215.3084180366,1318.0266980240995,472781.47534512274,0.9833302394997679,3612003.4486526186,37.93511262699852
Hormigueros,1980-1984,2,50,5,0.003945867109108211,2.5,0.019536613345482793,93897.2817200125,1834.434887155745,464900.32138217316,0.9759435077362636,3139221.9733074955,33.43251173839282
Hormigueros,1980-1984,2,55,5,0.005816658189113511,2.5,0.0286664338278736,92062.84683285675,2639.1135067397554,453716.45039743435,0.9583714017866324,2674321.6519253226,29.048869809344968
Hormigueros,1980-1984,2,60,5,0.011305409443598697,2.5,0.05497330783415811,89423.733326117,4915.918419816298,434828.87058104423,0.9406188910770138,2220605.201527888,24.832392016441798
Hormigueros,1980-1984,2,65,5,0.013232813250586437,2.5,0.06404531695580522,84507.8149063007,5412.329790916541,409008.25005421217,0.9084569530293358,1785776.3309468438,21.131493376403707
Hormigueros,1980-1984,2,70,5,0.025740796478800423,2.5,0.12092238607009875,79095.48511538416,9564.414787524234,371566.38860811025,0.8560283703981955,1376768.0808926318,17.406405421045314
Hormigueros,1980-1984,2,75,5,0.037204205448362435,2.5,0.1701914345046554,69531.07032785992,11833.592601742559,318071.3701349432,0.8083321650537506,1005201.6922845214,14.45687068449677
Hormigueros,1980-1984,2,80,5,0.04882018832878339,2.5,0.21754898553279933,57697.477726117366,12552.027747118118,257107.31926279154,0.6258245183264913,687130.3221495782,11.909191687915701
Hormigueros,1980-1984,2,85,NA,0.11951648630424015,9.52527891707414,1,45145.44997899925,45145.44997899925,430023.00288678665,0,430023.00288678665,9.52527891707414
Hormigueros,1985-1989,1,0,1,0.013162098999448698,0.1230256895515501,0.01301190488840935,100000,1301.1904888409335,98858.88936828665,0.9864378453233887,7299047.446610521,72.99047446610521
Hormigueros,1985-1989,1,1,4,4.624800526230347e-4,1.6137951305712226,0.0018478809405430192,98698.80951115907,182.38364894995175,394360.0332934077,0.998208991590024,7200188.557242234,72.95111858900555
Hormigueros,1985-1989,1,5,5,2.003234428836957e-4,2.5,0.0010011158469854947,98516.42586220911,98.626355119035,492335.56342324795,0.9988019404865127,6805828.523948827,69.08318551332607
Hormigueros,1985-1989,1,10,5,2.7923490254270914e-4,2.5,0.0013952005409958146,98417.79950709008,137.31256711590686,491745.71611766063,0.9971843589100582,6313492.960525579,64.14990979422123
Hormigueros,1985-1989,1,15,5,8.494131760749826e-4,2.5,0.004238066207181268,98280.48693997417,416.51921052561374,490361.1366735569,0.9941193457384617,5821747.244407918,59.23604395614778
Hormigueros,1985-1989,1,20,5,0.0015117385402292297,2.5,0.007530233341248935,97863.96772944856,736.9385127032001,487477.49236548477,0.9920908729064088,5331386.107734361,54.477518451666825
Hormigueros,1985-1989,1,25,5,0.0016650816395153423,2.5,0.008290895652262412,97127.02921674536,805.270064250275,483621.97092310106,0.9885521458717227,4843908.615368877,49.87189101150593
Hormigueros,1985-1989,1,30,5,0.002947806065633449,2.5,0.014631205437824377,96321.75915249508,1409.3034462928044,478085.53714674345,0.9852100018954723,4360286.644445775,45.26792993411425
Hormigueros,1985-1989,1,35,5,0.003012751769132445,2.5,0.014951148597195318,94912.45570620228,1419.0502289881551,471014.652958541,0.9832148691463936,3882201.1072990317,40.90296767071574
Hormigueros,1985-1989,1,40,5,0.00376448799591839,2.5,0.01864694943630825,93493.40547721412,1743.3668045618833,463108.6103746659,0.9786353100479236,3411186.454340491,36.48585092102408
Hormigueros,1985-1989,1,45,5,0.004885770966794572,2.5,0.024134070975763002,91750.03867265224,2214.3019453547895,453214.4384998742,0.9694858747503139,2948077.8439658247,32.131625082841005
Hormigueros,1985-1989,1,50,5,0.007550268986606027,2.5,0.03705196419268791,89535.73672729745,3317.4749111857527,439384.99635852285,0.9587013967229436,2494863.4054659507,27.864442698055363
Hormigueros,1985-1989,1,55,5,0.009355543190898848,2.5,0.04570864299514803,86218.2618161117,3940.919749014851,421239.00970802136,0.941823075452374,2055478.4091074278,23.84040649638008
Hormigueros,1985-1989,1,60,5,0.014774777759047574,2.5,0.07124241179212007,82277.34206709685,5861.636284705237,396732.6196237211,0.9015601340421247,1634239.3993994065,19.86256918784142
Hormigueros,1985-1989,1,65,5,0.027287329702350312,2.5,0.12772356119877812,76415.70578239161,9760.086074045117,357678.31372684526,0.8480819950349684,1237506.7797756854,16.19440358634812
Hormigueros,1985-1989,1,70,5,0.039477164330415815,2.5,0.1796551335747464,66655.6197083465,11975.024262210492,303340.53788620624,0.7896799461688979,879828.4660488401,13.199614224555317
Hormigueros,1985-1989,1,75,5,0.056542979745967926,2.5,0.24770057696399084,54680.595446136,13544.415040742453,239541.93962882386,0.7071682080336783,576487.9281626339,10.542824624697305
Hormigueros,1985-1989,1,80,5,0.08567938483693158,2.5,0.35282281897016776,41136.18040539355,14513.783132296332,169396.44419622692,0.49725935324726606,336945.98853381,8.190988692028187
Hormigueros,1985-1989,1,85,NA,0.11886491759727551,6.293555858957047,1,26622.397273097216,26622.397273097216,167549.5443375831,0,167549.5443375831,6.293555858957047
Hormigueros,1985-1989,2,0,1,0.009008154684634524,0.1305158099213112,0.00893814711145202,100000,893.8147111451981,99222.8422397995,0.9907777548495972,7918227.547860399,79.18227547860398
Hormigueros,1985-1989,2,1,4,2.6220156450129086e-4,1.5094576346496675,0.0010481218091991454,99106.1852888548,103.87535422778456,396166.0351849991,0.9989571258575638,7819004.7056206,78.89522417628461
Hormigueros,1985-1989,2,5,5,1.1259511866817231e-4,2.5,5.628171671765447e-4,99002.30993462702,55.720199621326174,494872.2491740818,0.9993585278387723,7422838.670435601,74.97641898797143
Hormigueros,1985-1989,2,10,5,1.4408617309178223e-4,2.5,7.201714485889183e-4,98946.58973500569,71.25850886240369,494554.8024028725,0.9983329325838078,6927966.421261519,70.01723293158145
Hormigueros,1985-1989,2,15,5,5.236136927108451e-4,2.5,0.002614645802694526,98875.33122614329,258.5239697804791,493730.34620626527,0.9965409846708412,6433411.618858647,65.06589195786795
Hormigueros,1985-1989,2,20,5,8.629774913238344e-4,2.5,0.004305598370418293,98616.80725636281,424.6043646188482,492022.5253702669,0.9950618481355947,5939681.272652381,60.22990844969938
Hormigueros,1985-1989,2,25,5,0.0011178031360786942,2.5,0.005573440656781225,98192.20289174396,547.2684157757612,489592.84341928037,0.994139661239311,5447658.747282114,55.47954508453293
Hormigueros,1985-1989,2,30,5,0.0012335614562125339,2.5,0.006148844836087597,97644.9344759682,600.4035511226539,486723.6635020344,0.993365749363038,4958065.903862834,50.77647837515918
Hormigueros,1985-1989,2,35,5,0.0014296232777130998,2.5,0.007122659588697428,97044.53092484555,691.2151587224944,483494.6167274215,0.9909596322479257,4471342.240360799,46.07515949377459
Hormigueros,1985-1989,2,40,5,0.0022064711335986666,2.5,0.010971833085528628,96353.31576612305,1057.172497823136,479123.6475860574,0.9880464437314374,3987847.6236333777,41.38775704733421
Hormigueros,1985-1989,2,45,5,0.0026061035796069456,2.5,0.01294617024648084,95296.14326829991,1233.720094584438,473396.4161050385,0.9837721344311419,3508723.9760473203,36.8191603113333
Hormigueros,1985-1989,2,50,5,0.003949128575574854,2.5,0.01955260351470723,94062.42317371548,1839.1652659482643,465714.2027037067,0.9761865063870341,3035327.559942282,32.26928945192712
Hormigueros,1985-1989,2,55,5,0.0057122986572001565,2.5,0.02815935664807967,92223.25790776721,2596.9476106726506,454623.92051215447,0.9660476663010137,2569613.3572385754,27.862964457495682
Hormigueros,1985-1989,2,60,5,0.008145182786397333,2.5,0.039913163893251745,89626.31029709456,3577.2696120353794,439188.37745538435,0.9487607550780707,2114989.4367264207,23.597863503647798
Hormigueros,1985-1989,2,65,5,0.013017523244158837,2.5,0.06303617891032395,86049.04068505918,5424.202723685128,416684.69661608315,0.9112396732658471,1675801.0592710364,19.474953421090355
Hormigueros,1985-1989,2,70,5,0.024676940775538437,2.5,0.11621511980600495,80624.83796137405,9369.825203020824,379699.62679931824,0.8467472231950394,1259116.3626549533,15.616978520417911
Hormigueros,1985-1989,2,75,5,0.04325277833005638,2.5,0.19516077707627744,71255.01275835323,13906.183660500283,321509.60464051546,0.7742041812340119,879416.735855635,12.34182272674621
Hormigueros,1985-1989,2,80,5,0.06079216609411825,2.5,0.26385937334577536,57348.82909785295,15132.026107873447,248914.08021958114,0.5538431644036396,557907.1312151195,9.728309016792231
Hormigueros,1985-1989,2,85,NA,0.1070268023501543,7.31919589147668,1,42216.8029899795,42216.8029899795,308993.05099553836,0,308993.05099553836,7.31919589147668
Hormigueros,1990-1994,1,0,1,0.014644097324526663,0.12006843599377329,0.0144577969939656,100000,1445.7796993965603,98727.81280790153,0.9850655411260513,7328318.3101180885,73.28318310118088
Hormigueros,1990-1994,1,1,4,4.3755781175761706e-4,1.6094386576571817,0.0017484024027490366,98554.22030060344,172.3124355746404,393804.9577551241,0.998215945421922,7229590.497310187,73.35647804080817
Hormigueros,1990-1994,1,5,5,2.078486678888999e-4,2.5,0.0010387036065421214,98381.9078650288,102.18964251790021,491654.0652188492,0.9988198324414518,6835785.539555063,69.48214044530576
Hormigueros,1990-1994,1,10,5,2.645305458989634e-4,2.5,0.0013217786024566534,98279.7182225109,129.90402860197355,491073.83104104956,0.9974091359233059,6344131.474336213,64.5517873786811
Hormigueros,1990-1994,1,15,5,7.738199470814243e-4,2.5,0.0038616292211083067,98149.81419390893,379.01819053755025,489801.52549320075,0.9940840528813083,5853057.643295164,59.63391465756232
Hormigueros,1990-1994,1,20,5,0.0016020364633949108,2.5,0.007978228783413715,97770.79600337138,780.0377788513724,486903.88556972845,0.9910686231611062,5363256.117801963,54.855399945982086
Hormigueros,1990-1994,1,25,5,0.001988272281163994,2.5,0.009892190485464364,96990.75822452,959.4510556865716,482555.1634833836,0.9890592393921621,4876352.232232234,50.276462639297684
Hormigueros,1990-1994,1,30,5,0.002414447857985458,2.5,0.011999807019043865,96031.30716883343,1152.3571538125252,477275.6429596358,0.9868779340781734,4393797.068748851,45.753798404764815
Hormigueros,1990-1994,1,35,5,0.002872065949465941,2.5,0.014257955277674659,94878.9500150209,1352.7798261068965,471012.8005098373,0.9839032324365573,3916521.425789215,41.27913963180627
Hormigueros,1990-1994,1,40,5,0.003624991725129953,2.5,0.017962176770256015,93526.17018891401,1679.9336015783338,463431.0169406242,0.9784342544190893,3445508.6252793777,36.840048280815694
Hormigueros,1990-1994,1,45,5,0.005111540693353657,2.5,0.02523522625203512,91846.23658733568,2317.760560679366,453436.78153498,0.9699218107836216,2982077.6083387537,32.46815241583824
Hormigueros,1990-1994,1,50,5,0.0071343224951370245,2.5,0.03504652936855865,89528.47602665631,3137.662364390504,439798.22422230523,0.9569743484689393,2528640.8268037736,28.243983802995746
Hormigueros,1990-1994,1,55,5,0.010528953188147405,2.5,0.05129457060886975,86390.8136622658,4431.379691356808,420875.619082937,0.9386316881988774,2088842.6025814684,24.17898980263735
Hormigueros,1990-1994,1,60,5,0.01493490120624538,2.5,0.07198671966531885,81959.433970909,5899.9907971920475,395047.19286156486,0.9103669040681767,1667966.9834985314,20.351128633838126
Hormigueros,1990-1994,1,65,5,0.022977919202692515,2.5,0.10864831547710847,76059.44317371695,8263.730376951207,359637.8899262067,0.8612630416455092,1272919.7906369665,16.735854714708662
Hormigueros,1990-1994,1,70,5,0.037754858349637134,2.5,0.17249315515069455,67795.71279676574,11694.29640600444,309742.8229688176,0.8028320965605394,913281.9007107598,13.47108634211939
Hormigueros,1990-1994,1,75,5,0.051209092414564394,2.5,0.22698608372685106,56101.416390761304,12734.240798068276,248671.47995863584,0.719629555729202,603539.0777419423,10.758000716740053
Hormigueros,1990-1994,1,80,5,0.08468118743678488,2.5,0.349430469478783,43367.17559269303,15153.812527323542,178951.34664515627,0.49572362266100783,354867.5977833064,8.182861644397665
Hormigueros,1990-1994,1,85,NA,0.1449500685196565,6.235210270060949,1,28213.363065369485,28213.363065369485,175916.25113815008,0,175916.25113815008,6.235210270060949
Hormigueros,1990-1994,2,0,1,0.0077795504949896115,0.1330409232541627,0.007727432425826798,100000,772.7432425826846,99330.06323184894,0.9920189058794551,8070642.789610811,80.70642789610811
Hormigueros,1990-1994,2,1,4,2.326229363462968e-4,1.5114274674431798,9.299533962477094e-4,99227.25675741732,92.27672442189942,396679.3897078786,0.9990516045152402,7971312.7263789615,80.33390206348821
Hormigueros,1990-1994,2,5,5,1.0966671838144118e-4,2.5,5.481832982487298e-4,99134.98003299542,54.34414032629866,495539.0398141613,0.9993585417527797,7574633.336671082,76.40727152161621
Hormigueros,1990-1994,2,10,5,1.4701088184928936e-4,2.5,7.34784356006083e-4,99080.63589266912,72.802901237068,495221.1722102529,0.9985655793646646,7079094.296856921,71.44780847516438
Hormigueros,1990-1994,2,15,5,4.27370401207241e-4,2.5,0.0021345713744744185,99007.83299143205,211.33928615225886,494510.81674177956,0.9969286478189944,6583873.124646668,66.49850749906247
Hormigueros,1990-1994,2,20,5,8.036387287573653e-4,2.5,0.004010136890504756,98796.49370527979,396.1874640600581,492991.9998662488,0.9955087515820127,6089362.307904889,61.635409107433404
Hormigueros,1990-1994,2,25,5,9.973399398646894e-4,2.5,0.004974297036555179,98400.30624121973,489.4723517318198,490777.8503267691,0.9946328277350647,5596370.30803864,56.87350499011282
Hormigueros,1990-1994,2,30,5,0.001155731978731429,2.5,0.0057620115411573065,97910.83388948791,564.1633548755635,488143.7610602507,0.9933456365045543,5105592.457711871,52.14532707866179
Hormigueros,1990-1994,2,35,5,0.001516102114009645,2.5,0.007551886990470687,97346.67053461235,735.1510547759826,484895.4750361218,0.9919355979377291,4617448.696651621,47.43304184204073
Hormigueros,1990-1994,2,40,5,0.0017235581770158495,2.5,0.00858081704163528,96611.51947983637,829.0057727708627,480985.0829672547,0.9895024537502409,4132553.2216154984,42.77495317189372
Hormigueros,1990-1994,2,45,5,0.0025017222681012474,2.5,0.012430864911603445,95782.5137070655,1190.6594887863175,475935.9198133617,0.9858296501353466,3651568.138648244,38.12353630450693
Hormigueros,1990-1994,2,50,5,0.003211931876187153,2.5,0.01593173029995268,94591.85421827919,1507.0119099780713,469191.74131645076,0.9771309759680711,3175632.218834882,33.571941739368235
Hormigueros,1990-1994,2,55,5,0.006074597861053099,2.5,0.02991863018790281,93084.84230830111,2784.970973121308,458461.78410870227,0.9638865119632509,2706440.4775184314,29.074985898934877
Hormigueros,1990-1994,2,60,5,0.008684422128282368,2.5,0.042499403735806726,90299.8713351798,3837.6906891652034,441905.129952986,0.9418948778801506,2247978.6934097293,24.894594645274342
Hormigueros,1990-1994,2,65,5,0.015455680948622517,2.5,0.074403512371438,86462.1806460146,6433.089927357258,416228.17841167987,0.9152792435600042,1806073.563456743,20.88859603080104
Hormigueros,1990-1994,2,70,5,0.020138795626656613,2.5,0.09586734591657341,80029.09071865735,7672.176523314367,380965.0122850008,0.8793994572800082,1389845.3850450632,17.366752171795522
Hormigueros,1990-1994,2,75,5,0.03195524085068012,2.5,0.14795625948535035,72356.91419534298,10705.658372245387,335020.4250461014,0.8135568591104805,1008880.3727600625,13.943109431620783
Hormigueros,1990-1994,2,80,5,0.052389719326722185,2.5,0.2316132179338302,61651.25582309759,14279.245750849419,272558.1647383644,0.5955269850018458,673859.947713961,10.930190126986837
Hormigueros,1990-1994,2,85,NA,0.10928110648136859,8.471284675561831,1,47372.01007224817,47372.01007224817,401301.78297559667,0,401301.78297559667,8.471284675561831
Hormigueros,1995-1999,1,0,1,0.013708037045278613,0.12193629747799879,0.013545002222892536,100000,1354.5002222892508,98810.66251974982,0.9859069568332888,7361052.7776616085,73.61052777661608
Hormigueros,1995-1999,1,1,4,4.666509478797344e-4,1.6121889083024248,0.0018645261978776286,98645.49977771075,183.927118638283,394142.81589689455,0.9981604365025426,7262242.115141859,73.6195987805496
Hormigueros,1995-1999,1,5,5,2.1234092229129465e-4,2.5,0.0010611413021495238,98461.57265907247,104.4816414231318,492046.6591918045,0.9988522034010713,6868099.2992449645,69.75410928104978
Hormigueros,1995-1999,1,10,5,2.4706129339254585e-4,2.5,0.0012345439469020503,98357.09101764933,121.42615135072265,491481.88970986987,0.9973973296717324,6376052.64005316,64.82555120412245
Hormigueros,1995-1999,1,15,5,7.960787685042282e-4,2.5,0.003972487809512903,98235.66486629861,390.23998114076676,490202.7243786411,0.9938229814870806,5884570.75034329,59.90258994380859
Hormigueros,1995-1999,1,20,5,0.0016851377638275064,2.5,0.008390341615368854,97845.42488515784,820.9565402873995,487174.7330750707,0.9914038418172435,5394368.025964648,55.1315304961481
Hormigueros,1995-1999,1,25,5,0.0017685280561967988,2.5,0.00880371623309145,97024.46834487045,854.1758869747864,482986.90200691525,0.9898667085551227,4907193.292889578,50.5768635128936
Hormigueros,1995-1999,1,30,5,0.0023081779617471756,2.5,0.011474675824097443,96170.29245789566,1103.5229298630002,478092.6549648208,0.9873345552625596,4424206.3908826625,46.003877890042034
Hormigueros,1995-1999,1,35,5,0.0027933793246965955,2.5,0.013870035944383378,95066.76952803266,1318.5795104702265,472037.3988639877,0.9847584077316223,3946113.735917842,41.50886535335818
Hormigueros,1995-1999,1,40,5,0.003354383731806399,2.5,0.01663243969618913,93748.19001756243,1559.261117093978,464842.79729507724,0.980054361123228,3474076.3370538545,37.057529712339345
Hormigueros,1995-1999,1,45,5,0.004717974841316998,2.5,0.02331487670231022,92188.92890046845,2149.373510632475,455571.2107257611,0.9708830419607497,3009233.5397587772,32.6420273632606
Hormigueros,1995-1999,1,50,5,0.007136604590796092,2.5,0.03505754339121108,90039.55538983598,3156.5656200045196,442306.3628991686,0.9605533835363668,2553662.329033016,28.361560849302947
Hormigueros,1995-1999,1,55,5,0.00899694087052268,2.5,0.043995149945979015,86882.98976983146,3822.430162678691,424858.87344246055,0.944171438596654,2111355.9661338474,24.301143085973514
Hormigueros,1995-1999,1,60,5,0.014122947534438428,2.5,0.06820654406389284,83060.55960715277,5665.2737188168685,401139.6137387217,0.9184489031675043,1686497.092691387,20.304427283754467
Hormigueros,1995-1999,1,65,5,0.020139924098952593,2.5,0.09587246031019504,77395.2858883359,7420.076474525675,368426.2382553653,0.874454061800199,1285357.4789526653,16.60769728026005
Hormigueros,1995-1999,1,70,5,0.03439683397324116,2.5,0.15836595151317337,69975.20941381023,11081.690621151618,322171.82051617204,0.7986860583396662,916931.2406973,13.103658401004163
Hormigueros,1995-1999,1,75,5,0.05775578803364399,2.5,0.25234323428980465,58893.51879265861,14861.381010846868,257314.14143617585,0.6971341660152053,594759.420181128,10.09889428198452
Hormigueros,1995-1999,1,80,5,0.09093019486135942,2.5,0.37044042437454255,44032.13778181174,16311.28380601267,179382.47939402703,0.46841016694262927,337445.2787449521,7.663613345712683
Hormigueros,1995-1999,1,85,NA,0.12180256387636637,5.701945527685311,1,27720.85397579907,27720.85397579907,158062.79935092508,0,158062.79935092508,5.701945527685311
Hormigueros,1995-1999,2,0,1,0.008198791527940794,0.13217926973636912,0.008140868586493714,100000,814.0868586493743,99293.51854782888,0.991627811853158,8039516.336045708,80.39516336045708
Hormigueros,1995-1999,2,1,4,2.261975051848645e-4,1.5107548068097747,9.042808554092619e-4,99185.91314135063,89.69192238000687,396520.3873787501,0.9990621293333327,7940222.817497878,80.05393675392396
Hormigueros,1995-1999,2,5,5,1.0676069951797694e-4,2.5,5.336610625190346e-4,99096.22121897062,52.88379470734799,495348.8966080847,0.9994069126164561,7543702.430119128,76.12502613444748
Hormigueros,1995-1999,2,10,5,1.3055168245536437e-4,2.5,6.525454350157722e-4,99043.33742426327,64.63027770492772,495055.11142705404,0.9985830869876727,7048353.5335110435,71.1643379232934
Hormigueros,1995-1999,2,15,5,4.3683247609514937e-4,2.5,0.0021817796999042383,98978.70714655834,215.94973397512513,494353.6613978539,0.9967913875299713,6553298.42208399,66.2091737809879
Hormigueros,1995-1999,2,20,5,8.493377074757657e-4,2.5,0.0042376904616246575,98762.75741258322,418.5259950510663,492767.4720752884,0.9954971266945029,6058944.760686136,61.348477092177404
Hormigueros,1995-1999,2,25,5,9.561168879346838e-4,2.5,0.004769184694602946,98344.23141753215,469.0218032789853,490548.6025794633,0.9944556801214433,5566177.288610848,56.59892002184631
Hormigueros,1995-1999,2,30,5,0.0012686448362726108,2.5,0.006323169540397302,97875.20961425317,618.8815441928455,487828.8442107837,0.9932693091914506,5075628.686031384,51.85816414631966
Hormigueros,1995-1999,2,35,5,0.0014332784411772677,2.5,0.00714080530016292,97256.32807006032,694.4885029570723,484545.4190929089,0.9920258056498553,4587799.8418206,47.17225020582411
Hormigueros,1995-1999,2,40,5,0.0017705177515317443,2.5,0.008813577270130565,96561.83956710325,851.0552343706076,480681.55974958977,0.990279373105034,4103254.4227276915,42.49354031699279
Hormigueros,1995-1999,2,45,5,0.0021385207689567825,2.5,0.010635741957112536,95710.78433273264,1017.9552046758035,476009.0336519737,0.9856420516802088,3622572.8629781017,37.84916076316385
Hormigueros,1995-1999,2,50,5,0.0036571679879271197,2.5,0.01812016868748631,94692.82912805684,1715.850037295706,469174.52054704493,0.9779162802067557,3146563.8293261277,33.2291669633284
Hormigueros,1995-1999,2,55,5,0.005293213779277913,2.5,0.026120416524716788,92976.97909076113,2428.5974210605636,458813.40190115426,0.968033117995325,2677389.3087790827,28.796260482559898
Hormigueros,1995-1999,2,60,5,0.007740994479724288,2.5,0.03797015548854372,90548.38166970057,3438.1361312345252,444146.56802041654,0.9546594533739172,2218575.906877929,24.50155227479137
Hormigueros,1995-1999,2,65,5,0.0108889344089879,2.5,0.053001838195765795,87110.24553846604,4617.0031392232195,424008.7198442722,0.9213240740011933,1774429.3388575122,20.369926957374513
Hormigueros,1995-1999,2,70,5,0.022338975580169243,2.5,0.10578694779226604,82493.24239924282,8726.708326903448,390649.4411789555,0.8733509495881746,1350420.6190132399,16.370075653925745
Hormigueros,1995-1999,2,75,5,0.03242756488432902,2.5,0.14997917578636846,73766.53407233937,11063.443980786527,341174.06040973053,0.8026186319819509,959771.1778342845,13.010929548256692
Hormigueros,1995-1999,2,80,5,0.057966486783397844,2.5,0.2531472867830784,62703.09009155285,15873.117129591526,273832.6576337854,0.557332793961519,618597.117424554,9.865496525312224
Hormigueros,1995-1999,2,85,NA,0.09632550938275207,7.362046953791988,1,46829.97296196132,46829.97296196132,344764.4597907685,0,344764.4597907685,7.362046953791988
Hormigueros,2000-2004,1,0,1,0.011326988272540852,0.12668756125155836,0.011216039215404016,100000,1121.6039215404016,99020.48934396973,0.9883867194662105,7521332.583902486,75.21332583902486
Hormigueros,2000-2004,1,1,4,3.6214371778154345e-4,1.6192060738439877,0.0014473270008907595,98878.3960784596,143.10937244912202,395172.8703891355,0.9984830087794825,7422312.094558516,75.06505352968045
Hormigueros,2000-2004,1,5,5,1.8868275976096223e-4,2.5,9.429689938245015e-4,98735.28670601048,93.10431396015338,493443.672745152,0.9989792802985924,7027139.22416938,71.17150776189122
Hormigueros,2000-2004,1,10,5,2.1982950510885353e-4,2.5,0.0010985437946974459,98642.18239205032,108.3627573621925,492940.00506684615,0.9978061122934603,6533695.551424229,66.23632398415778
Hormigueros,2000-2004,1,15,5,6.591717262537673e-4,2.5,0.003290436224952512,98533.81963468813,324.21924950891116,491858.55004966835,0.9951259725726246,6040755.546357382,61.30641812885509
Hormigueros,2000-2004,1,20,5,0.0012967596869774508,2.5,0.00646284653775405,98209.60038517922,634.7135758235818,489461.21798633714,0.9921432707052292,5548896.996307714,56.50055569460495
Hormigueros,2000-2004,1,25,5,0.0018605498675798749,2.5,0.009259679101085981,97574.88680935564,903.5121401794167,485615.6536963297,0.9905825009036833,5059435.778321377,51.851823186909094
Hormigueros,2000-2004,1,30,5,0.0019245744490818239,2.5,0.009576794112277603,96671.37466917622,925.8018517575401,481042.36871648725,0.9892015562312079,4573820.124625047,47.313076288377374
Hormigueros,2000-2004,1,35,5,0.0024209455023090323,2.5,0.012031906039518717,95745.57281741868,1152.0017358390905,475847.8597474957,0.9856375018992544,4092777.7559085595,42.74639166568309
Hormigueros,2000-2004,1,40,5,0.0033724911355178843,2.5,0.016721473127848246,94593.57108157959,1581.7438569078222,469013.4957656284,0.9819683514540873,3616929.896161064,38.23652976418179
Hormigueros,2000-2004,1,45,5,0.003910684368962306,2.5,0.019364104591944854,93011.82722467177,1801.0907506664516,460556.4092466927,0.9725198622533252,3147916.4003954357,33.84425931974851
Hormigueros,2000-2004,1,50,5,0.007281466430207483,2.5,0.0357564339670499,91210.73647400532,3261.3706758187473,447900.2556804797,0.9593699342560603,2687359.991148743,29.463198029484495
Hormigueros,2000-2004,1,55,5,0.009350470081517218,2.5,0.045684423323882756,87949.36579818657,4017.9160581913748,429702.0388454544,0.9475898929584842,2239459.7354682633,25.463057239173846
Hormigueros,2000-2004,1,60,5,0.012255906084888921,2.5,0.05945775865908525,83931.4497399952,4990.375882547785,407181.30899360654,0.9193276264272805,1809757.6966228087,21.56233095257044
Hormigueros,2000-2004,1,65,5,0.02176921781625788,2.5,0.10322810151470825,78941.07385744741,8148.937185836665,374333.02632264537,0.8773272030812692,1402576.387629202,17.767384190415104
Hormigueros,2000-2004,1,70,5,0.03111712580591847,2.5,0.14435578613467964,70792.13667161074,10219.254541384042,328412.5470045936,0.8277160182654906,1028243.3613065568,14.524824502421126
Hormigueros,2000-2004,1,75,5,0.04566356824541015,2.5,0.20492394487253643,60572.8821302267,12412.833958425224,271832.3257550705,0.7472352822049438,699830.8143019632,11.553533358333267
Hormigueros,2000-2004,1,80,5,0.07419660205151575,2.5,0.31293603425464944,48160.04817180148,15071.01448439643,203122.7046480163,0.5254125655031102,427998.48854689277,8.887002916195028
Hormigueros,2000-2004,1,85,NA,0.12859870772046467,6.796081929236657,1,33089.03368740505,33089.03368740505,224875.78389887646,0,224875.78389887646,6.796081929236657
Hormigueros,2000-2004,2,0,1,0.0062427628247220795,0.13619943684923344,0.006209279273550105,100000,620.9279273550055,99463.64210667471,0.9935715237942927,8209294.175766371,82.09294175766371
Hormigueros,2000-2004,2,1,4,1.965698934051649e-4,1.513897502621934,7.858955120614911e-4,99379.072072645,78.1015667347383,397322.1197904716,0.9991800681115393,8109830.533659697,81.60501365651211
Hormigueros,2000-2004,2,5,5,1.0187478932861051e-4,2.5,5.092442487666528e-4,99300.97050591026,50.56844812707277,496378.4314092336,0.9994618576126698,7712508.413869225,77.66800641097649
Hormigueros,2000-2004,2,10,5,1.134432142055544e-4,2.5,5.670552496024043e-4,99250.40205778318,56.280461512025795,496111.30913513585,0.9988028345978489,7216129.982459991,72.70630478916135
Hormigueros,2000-2004,2,15,5,3.658609427174436e-4,2.5,0.0018276330646972386,99194.12159627116,181.29045645294536,495517.3818402234,0.9974483416840052,6720018.673324856,67.74613823060933
Hormigueros,2000-2004,2,20,5,6.564774899269441e-4,2.5,0.0032770092426295484,99012.83113981821,324.46596278408833,494252.9907921308,0.9962683809303811,6224501.2914846325,62.86560256715492
Hormigueros,2000-2004,2,25,5,8.393020936183439e-4,2.5,0.004187723555223235,98688.36517703412,413.2795914783492,492408.6269064747,0.9954331823652904,5730248.3006925015,58.064071589525064
Hormigueros,2000-2004,2,30,5,9.919550380259644e-4,2.5,0.004947505931543677,98275.08558555577,486.21656885750417,490159.8865056351,0.9941185817506888,5237839.673786026,53.29773708745435
Hormigueros,2000-2004,2,35,5,0.001368661934980076,2.5,0.006819974077606453,97788.86901669827,666.9175517723343,487277.05120406055,0.9926804006666624,4747679.787280392,48.550308793014935
Hormigueros,2000-2004,2,40,5,0.0015706745064250674,2.5,0.007822655418529258,97121.95146492594,759.7515598852333,483710.3784249166,0.9916628057095607,4260402.736076331,43.86652730731948
Hormigueros,2000-2004,2,45,5,0.0017790353733075064,2.5,0.008855789957554852,96362.1999050407,853.36340220696,479677.59101968614,0.9869026649085377,3776692.3576514143,39.192674735250165
Hormigueros,2000-2004,2,50,5,0.0035058155036981373,2.5,0.017376778073554214,95508.83650283374,1659.6358559731161,473395.09287423594,0.9792872020948924,3297014.766631728,34.52052069060548
Hormigueros,2000-2004,2,55,5,0.004880390194134067,2.5,0.02410781214567588,93849.20064686063,2262.498899216356,463589.75598626223,0.9709796780455627,2823619.673757492,30.08677382753974
Hormigueros,2000-2004,2,60,5,0.006928815030591395,2.5,0.03405418724191608,91586.70174764427,3118.9106901838095,450136.2320127619,0.9548813107445979,2360029.91777123,25.76825972261779
Hormigueros,2000-2004,2,65,5,0.011644023761339769,2.5,0.05657326762547956,88467.79105746046,5004.912019728712,429826.6752379805,0.9251307536459032,1909893.6857584682,21.588576621269752
Hormigueros,2000-2004,2,70,5,0.019784959810453757,2.5,0.09426235670466754,83462.87903773175,7867.407675453185,397645.8760000258,0.8912669128057309,1480067.0105204878,17.73323695018215
Hormigueros,2000-2004,2,75,5,0.02660064535843663,2.5,0.12470982239647736,75595.47136227856,9427.49780756775,354408.61229247344,0.8311564572200637,1082421.134520462,14.31859759605362
Hormigueros,2000-2004,2,80,5,0.04925278676226305,2.5,0.21926535889615656,66167.97355471081,14508.344468905067,294569.00660129136,0.5953792035062792,728012.5222279885,11.002490829283644
Hormigueros,2000-2004,2,85,NA,0.08626817209855074,8.390372197732102,1,51659.62908580575,51659.62908580575,433443.51562669716,0,433443.51562669716,8.390372197732102
Hormigueros,2005-2009,1,0,1,0.013499707244872827,0.12235200917821852,0.01334163566637095,100000,1334.1635666370858,98829.07402631333,0.9863392994698178,7617140.621742117,76.17140621742118
Hormigueros,2005-2009,1,1,4,3.428729501716108e-4,1.6128016517372243,0.0013703701448565238,98665.83643336291,135.20871656558302,394340.57570859557,0.9985483079613473,7518311.547715805,76.19974470893513
Hormigueros,2005-2009,1,5,5,1.6198013782439186e-4,2.5,8.095728523164666e-4,98530.62771679733,79.7677213212155,492453.7192806836,0.9991014739582693,7123970.9720072085,72.30209668899457
Hormigueros,2005-2009,1,10,5,1.9760783465334e-4,2.5,9.87551303579926e-4,98450.85999547612,97.22527512710076,492011.2367895628,0.9979478793378335,6631517.252726525,67.35865235744257
Hormigueros,2005-2009,1,15,5,6.245220247643081e-4,2.5,0.0031177423768668044,98353.63472034901,306.64129488651815,491001.5703645288,0.9954574454044062,6139506.015936962,62.42276692054697
Hormigueros,2005-2009,1,20,5,0.0011979415282677049,2.5,0.005971822904696036,98046.9934254625,585.519281074754,488771.1689246256,0.9930580617409962,5648504.445572433,57.61017496030158
Hormigueros,2005-2009,1,25,5,0.0015898705585913617,2.5,0.007917881775154994,97461.47414438774,771.6884299075755,485378.14964716975,0.9909146343073971,5159733.276647808,52.941260348717265
Hormigueros,2005-2009,1,30,5,0.002063019000500134,2.5,0.010262167386737787,96689.78571448017,992.2467655898072,480968.3116584263,0.9892005769195684,4674355.127000638,48.34383582981311
Hormigueros,2005-2009,1,35,5,0.002281387904867765,2.5,0.011342249348146686,95697.53894889036,1085.4253487622918,475774.1313725461,0.9862492265884346,4193386.8153422116,43.81917091495732
Hormigueros,2005-2009,1,40,5,0.003263801251224378,2.5,0.016186928958650083,94612.11360012807,1531.4795614729956,469231.86909695785,0.9827097904166224,3717612.683969666,39.29319980823929
Hormigueros,2005-2009,1,45,5,0.0037165423787812995,2.5,0.018411642767386563,93080.63403865507,1713.767382481572,461118.75173707143,0.9734949099072816,3248380.8148727077,34.898567767852775
Hormigueros,2005-2009,1,50,5,0.007072963184740108,2.5,0.0347503461266732,91366.8666561735,3175.0302408116113,448896.7576788385,0.9624556940780071,2787262.0631356365,30.50626737178697
Hormigueros,2005-2009,1,55,5,0.008254675236419892,2.5,0.04043885220243769,88191.83641536189,3566.376638262387,432043.2404811535,0.9530476585788012,2338365.305456798,26.514532415944622
Hormigueros,2005-2009,1,60,5,0.011044842550430818,2.5,0.05374032906920969,84625.4597770995,4547.80005605449,411757.7987453613,0.9342293245730956,1906322.0649756445,22.52657852609404
Hormigueros,2005-2009,1,65,5,0.016337988135092758,2.5,0.078484253662634465,80077.65972104501,6284.83535825662,384676.2102095835,0.8962247279657517,1494564.266230283,18.663935377690617
Hormigueros,2005-2009,1,70,5,0.028086840156421707,2.5,0.13122029234142704,73792.8243627884,9683.115985584678,344756.3318499803,0.8444399706101651,1109888.0560206997,15.040595960443877
Hormigueros,2005-2009,1,75,5,0.04042581212119292,2.5,0.18357603486722465,64109.708377203715,11769.00606038115,291126.0267350657,0.7650998346633158,765131.7241707193,11.93472476382043
Hormigueros,2005-2009,1,80,5,0.06997028569093687,2.5,0.2977647218188212,52340.702316822564,15585.214665170402,222740.4749211868,0.5300890345280631,474005.69743565365,9.056158523942958
Hormigueros,2005-2009,1,85,NA,0.1270741885767296,6.8361281149584325,1,36755.48765165216,36755.48765165216,251265.22251446685,0,251265.22251446685,6.8361281149584325
Hormigueros,2005-2009,2,0,1,0.0062469862348124156,0.13619075660117708,0.006213457149672727,100000,621.3457149672759,99463.27582806502,0.9935942182555757,8373417.940979701,83.73417940979701
Hormigueros,2005-2009,2,1,4,1.8301380207576525e-4,1.5138907052174826,7.317222802892438e-4,99378.65428503272,72.71757552551571,397333.8332997229,0.9992467102061534,8273954.665151636,83.25685958093885
Hormigueros,2005-2009,2,5,5,8.60609908438385e-5,2.5,4.302123929571645e-4,99305.93670950721,42.722644666660926,496422.8769358694,0.9995215741433311,7876620.831851913,79.31671653118632
Hormigueros,2005-2009,2,10,5,1.0535975865652603e-4,2.5,5.266600713376049e-4,99263.21406484055,52.27797140057373,496185.3753957013,0.9988841405281464,7380197.954916043,74.349778258189
Hormigueros,2005-2009,2,15,5,3.4136494539256716e-4,2.5,0.0017053693436806367,99210.93609343997,169.19128897161863,495631.70224477083,0.9975954060572549,6884012.579520342,69.3876386070661
Hormigueros,2005-2009,2,20,5,6.21968212702275e-4,2.5,0.003105013015022947,99041.74480446836,307.52590664845775,494439.9092557206,0.9964692487473858,6388380.877275571,64.50190159601625
Hormigueros,2005-2009,2,25,5,7.93132642414074e-4,2.5,0.003957815530345943,98734.2188978199,390.771824930358,492694.1649267736,0.9956950260549499,5893940.968019851,59.69501793617766
Hormigueros,2005-2009,2,30,5,9.328729292604896e-4,2.5,0.004653511808322503,98343.44707288954,457.64239222483593,490573.1293838856,0.9948736132059263,5401246.803093077,54.92228474653544
Hormigueros,2005-2009,2,35,5,0.0011234409813799238,2.5,0.005601472597220135,97885.8046806647,548.3046525755781,488058.26177188463,0.9934239405264987,4910673.673709191,50.167372988651465
Hormigueros,2005-2009,2,40,5,0.0015169584167881328,2.5,0.007556136222836589,97337.50002808913,735.4954098026064,484848.7616159391,0.9911640754474945,4422615.411937307,45.43588453228254
Hormigueros,2005-2009,2,45,5,0.0020353960097910795,2.5,0.01012545676322246,96602.00461828652,978.1394210030703,480564.67453892494,0.9884155600667262,3937766.6503213677,40.7627840217299
Hormigueros,2005-2009,2,50,5,0.0026288335276136885,2.5,0.01305834708647807,95623.86519728345,1248.6896214967128,474997.60193267546,0.9830603790933259,3457201.975782443,36.15417520145021
Hormigueros,2005-2009,2,55,5,0.00421847418861569,2.5,0.020872248340867632,94375.17557578674,1969.8221018308104,466951.32262435666,0.9696091844587332,2982204.3738497673,31.59945775629257
Hormigueros,2005-2009,2,60,5,0.008186651029220752,2.5,0.04011229180855646,92405.35347395593,3706.5905032201263,452760.2911117293,0.9554840673746138,2515253.051225411,27.219776308028784
Hormigueros,2005-2009,2,65,5,0.010067904164394766,2.5,0.0491035950980381,88698.7629707358,4355.428142611854,432605.2444971493,0.938830739437728,2062492.7601136814,23.252779306450478
Hormigueros,2005-2009,2,70,5,0.015338015102848329,2.5,0.07385798816922763,84343.33482812395,6229.429025888778,406143.1015758978,0.905666195543152,1629887.5156165322,19.32443765637131
Hormigueros,2005-2009,2,75,5,0.0247282130989329,2.5,0.11644252647361997,78113.90580223517,9095.78054433463,367830.0776503393,0.8494708719100478,1223744.4140406344,15.666153183260976
Hormigueros,2005-2009,2,80,5,0.0417712240765394,2.5,0.1891079445650009,69018.12525790054,13051.875805251351,312460.9367763743,0.6349390079220583,855914.3363902951,12.401297966179081
Hormigueros,2005-2009,2,85,NA,0.09871822843720364,9.710377324350011,1,55966.24945264919,55966.24945264919,543453.3996139208,0,543453.3996139208,9.710377324350011
Hormigueros,2010-2014,1,0,1,0.01254302098673943,0.12426102877201081,0.012406740236741865,100000,1240.6740236741753,98913.49340687829,0.9873080803110325,7702813.558696201,77.02813558696201
Hormigueros,2010-2014,1,1,4,3.152925564770363e-4,1.6156184916666967,0.0012602228184440609,98759.32597632582,124.45875612951932,394740.5467486379,0.9986391705018939,7603900.065289322,76.99424829116491
Hormigueros,2010-2014,1,5,5,1.558473318777117e-4,2.5,7.789331727468494e-4,98634.8672201963,76.8299700672942,492982.2611758133,0.9991581650167103,7209159.518540685,73.08936202495896
Hormigueros,2010-2014,1,10,5,1.8103906645755005e-4,2.5,9.047858283334864e-4,98558.03725012901,89.17391537228832,492567.2514622143,0.9981158546191695,6716177.257364871,68.14438928324012
Hormigueros,2010-2014,1,15,5,5.737000201175384e-4,2.5,0.0028643918464378777,98468.86333475672,282.0534092640737,491639.1831506234,0.995525435105,6223610.005902657,63.203837183991325
Hormigueros,2010-2014,1,20,5,0.0012215920306990647,2.5,0.0060893633591165034,98186.80992549265,597.8951627088245,489439.31172069116,0.9936402098321855,5731970.822752033,58.3782162502442
Hormigueros,2010-2014,1,25,5,0.0013307875661051237,2.5,0.006631873792567799,97588.91476278382,647.1973662604432,486326.580398268,0.991833775045397,5242531.511031343,53.72056369081191
Hormigueros,2010-2014,1,30,5,0.0019516399465701322,2.5,0.009710819673876965,96941.71739652338,941.3835365135747,482355.12814133294,0.9894195138265576,4756204.930633075,49.06251981464944
Hormigueros,2010-2014,1,35,5,0.0023049419290174056,2.5,0.011458680661318294,96000.3338600098,1100.0371690818138,477251.5763773445,0.98777307004250825,4273849.802491741,44.519113951457506
Hormigueros,2010-2014,1,40,5,0.0026178381780220497,2.5,0.013004084418458095,94900.296690928,1234.0914695055399,471416.25478087616,0.9831790995678997,3796598.226114397,40.00617867907396
Hormigueros,2010-2014,1,45,5,0.004180847616293458,2.5,0.02068800459472795,93666.20522142245,1937.7668839915277,463486.60889713344,0.9734875716782319,3325181.971333521,35.50033828607606
Hormigueros,2010-2014,1,50,5,0.0065990813846128656,2.5,0.03245989323016015,91728.43833743093,2977.4953146023327,451198.4534006488,0.9622650660685259,2861695.3624363877,31.197471736184976
Hormigueros,2010-2014,1,55,5,0.008828016819402887,2.5,0.043186946374580815,88750.9430228286,3832.8822170203784,434172.50957159203,0.9500270825625451,2410496.9090357386,27.16023995841609
Hormigueros,2010-2014,1,60,5,0.011748244192653572,2.5,0.05706518173836664,84918.06080580821,4845.864572753111,412475.64259715826,0.9327398075102956,1976324.3994641467,23.27331053853941
Hormigueros,2010-2014,1,65,5,0.016248725187019517,2.5,0.07807219195551411,80072.1962330551,6251.411874606667,384732.4514787589,0.9042319962059158,1563848.7568669885,19.530484118548586
Hormigueros,2010-2014,1,70,5,0.024394708905645587,2.5,0.11496236118753869,73820.78435844844,8486.611674563355,347887.39260583377,0.8470949836540732,1179116.3053882297,15.972687307992352
Hormigueros,2010-2014,1,75,5,0.04340398460881426,2.5,0.19577624972002314,65334.17268388508,12790.879306611401,294693.6651528969,0.7749458911690212,831228.9127823958,12.722728070717908
Hormigueros,2010-2014,1,80,5,0.06015601792952742,2.5,0.26145922506979047,52543.29337727368,13737.928769036633,228371.6449637768,0.5743585421968821,536535.247629499,10.21129840067399
Hormigueros,2010-2014,1,85,NA,0.11645215221655283,7.941262909827411,1,38805.36460823705,38805.36460823705,308163.60266572214,0,308163.60266572214,7.941262909827411
Hormigueros,2010-2014,2,0,1,0.006360010321699327,0.13595846158612102,0.006325251086525743,100000,632.5251086525677,99453.47203203443,0.9934989146020287,8351440.342997214,83.51440342997213
Hormigueros,2010-2014,2,1,4,1.760634135123477e-4,1.5137088164822226,7.039455054855073e-4,99367.47489134743,69.94928734120913,397295.9852689799,0.9992759263599265,8251986.870965179,83.04515013577881
Hormigueros,2010-2014,2,5,5,7.885247591501251e-5,2.5,3.941846734813832e-4,99297.52560400622,39.14156270772219,496389.77411326184,0.9995616589536638,7854690.8856962,79.10258425794345
Hormigueros,2010-2014,2,10,5,9.652625403859974e-5,2.5,4.825148318199146e-4,99258.3840412985,47.893642482405994,496172.18610028643,0.9989390455846343,7358301.111582938,74.13279172992948
Hormigueros,2010-2014,2,15,5,3.282037212949573e-4,2.5,0.0016396732393276488,99210.4903988161,162.6727861675172,495645.7700286617,0.9977444495885595,6862128.925482651,69.1673723000218
Hormigueros,2010-2014,2,20,5,5.753140932208906e-4,2.5,0.002872439079393719,99047.81761264858,284.50882203922083,494527.8160081448,0.9966960053005992,6366483.155453989,64.27686453781065
Hormigueros,2010-2014,2,25,5,7.487576779385147e-4,2.5,0.0037367935076183236,98763.30879060936,369.05809107965615,492893.89872534765,0.9959673462144483,5871955.339445844,59.45482600117346
Hormigueros,2010-2014,2,30,5,8.67803386895431e-4,2.5,0.0043296237790285946,98394.2506995297,426.0100875483913,490906.2282787775,0.9952430895547352,5379061.440720497,54.668452704078646
Hormigueros,2010-2014,2,35,5,0.0010399075382412457,2.5,0.005186055146604506,97968.24061198131,508.06869842956075,488571.0313138326,0.9940358470536761,4888155.212441719,49.89530466104857
Hormigueros,2010-2014,2,40,5,0.0013538280780085801,2.5,0.006746307040307811,97460.17191355175,657.4962439299998,485657.11895793374,0.9917726735543547,4399584.181127887,45.14238067454229
Hormigueros,2010-2014,2,45,5,0.0019531718829349145,2.5,0.009718405125578942,96802.67566962175,940.7676193974039,481661.45929961524,0.9877433981071456,3913927.0621699532,40.432013217566535
Hormigueros,2010-2014,2,50,5,0.0029860679199263987,2.5,0.014819707963302257,95861.90805022435,1420.645482109263,475757.92654584855,0.9810785423182564,3432265.6028703377,35.80426962784938
Hormigueros,2010-2014,2,55,5,0.004670895300535976,2.5,0.023084908525813568,94441.26256811508,2180.1679074472777,466755.8930719572,0.9726375235994639,2956507.6763244895,31.30525361403475
Hormigueros,2010-2014,2,60,5,0.006450599640100039,2.5,0.031741124977115814,92261.0946606678,2928.470936149766,453984.29596296465,0.9602481013197102,2489751.783252532,26.98593369620996
Hormigueros,2010-2014,2,65,5,0.009841373098294182,2.5,0.04802527877503416,89332.62372451804,4290.224158075216,435937.55822740216,0.9463036831994366,2035767.4872895675,22.78862304064215
Hormigueros,2010-2014,2,70,5,0.012297483174308475,2.5,0.0596534476981487,85042.39956644282,5073.0723346618615,412529.3169955595,0.906557060727269,1599829.9290621653,18.812144732725155
Hormigueros,2010-2014,2,75,5,0.02766476995354724,2.5,0.12937595938310362,79969.32723178096,10346.10843183301,373981.36507932225,0.8397497264619563,1187300.6120666058,14.846950114077682
Hormigueros,2010-2014,2,80,5,0.04338833144391724,2.5,0.19571255428676201,69623.21879994795,13626.137989003932,314050.7490272299,0.6138653423110985,813319.2469872836,11.68172430125985
Hormigueros,2010-2014,2,85,NA,0.10572627999136144,8.915973667371551,1,55997.08081094402,55997.08081094402,499268.4979600536,0,499268.4979600536,8.915973667371551
Hormigueros,2015-2019,1,0,1,0.010100870817641426,0.12913421732693742,0.010012793254043941,100000,1001.2793254043936,99128.02009660735,0.9897041166878843,7841355.024171263,78.41355024171263
Hormigueros,2015-2019,1,1,4,2.879171501221949e-4,1.6228314539255657,0.0011508809058403977,98998.7206745956,113.9357373270177,395724.03824733483,0.9987966968342442,7742227.0040746555,78.20532377911238
Hormigueros,2015-2019,1,5,5,1.3541418797300935e-4,2.5,6.768418049065527e-4,98884.78493726859,66.92935631473665,494256.6012955561,0.9992484117063672,7346502.965827321,74.29356265969392
Hormigueros,2015-2019,1,10,5,1.6534540114796943e-4,2.5,8.263854081728042e-4,98817.85558095385,81.66163391902228,493885.1238199717,0.9982768039729192,6852246.364531765,69.34218845619705
Hormigueros,2015-2019,1,15,5,5.248374074196817e-4,2.5,0.0026207483701481886,98736.19394703483,258.7627193613298,493034.0629367708,0.9961075786778657,6358361.240711793,64.39747155053006
Hormigueros,2015-2019,1,20,5,0.0010361643094855438,2.5,0.005167435766146619,98477.4312276735,508.8758002841205,491114.9666376572,0.9937545250914269,5865327.177775023,59.560115497070214
Hormigueros,2015-2019,1,25,5,0.0014712140845941331,2.5,0.007329113684769106,97968.55542738938,718.02268025995,488047.720436297,0.9923661718466432,5374212.211137366,54.85650153452074
Hormigueros,2015-2019,1,30,5,0.001594489233549897,2.5,0.007940792397789161,97250.53274712943,772.2462911193434,484322.0480078488,0.9911500143210394,4886164.490701068,50.2430614278079
Hormigueros,2015-2019,1,35,5,0.001962876466653858,2.5,0.009766456464377972,96478.28645601009,942.2509844304004,480035.80481897446,0.9881397597099089,4401842.4426932195,45.62521375937029
Hormigueros,2015-2019,1,40,5,0.0028146014994873065,2.5,0.013974674646896525,95536.03547157969,1335.085012769705,474342.46482597414,0.9832424706819154,3921806.637874245,41.05054829327636
Hormigueros,2015-2019,1,45,5,0.003954680909023197,2.5,0.019579824648269656,94200.95045880998,1844.4380916838272,466393.6570648404,0.9788869007583105,3447464.173048271,36.59691495953322
Hormigueros,2015-2019,1,50,5,0.004587413299916358,2.5,0.02267699463263212,92356.51236712615,2094.36813523795,456546.6414975359,0.9705868507699935,2981070.5159834307,32.277859347193456
Hormigueros,2015-2019,1,55,5,0.007395367438155435,2.5,0.03630560398690879,90262.1442318882,3277.021663492167,443118.1670007106,0.9557230397525902,2524523.8744858946,27.96880016499785
Hormigueros,2015-2019,1,60,5,0.010793311693604096,2.5,0.0525486242660856,86985.12256839604,4570.948522586055,423498.24153551506,0.9409511090823612,2081405.707485184,23.92829539153185
Hormigueros,2015-2019,1,65,5,0.013631148897799669,2.5,0.06590968274087919,82414.17404580998,5431.8920647109335,398491.1400672726,0.9150422420711053,1657907.465949669,20.116775847660865
Hormigueros,2015-2019,1,70,5,0.02224154616916224,2.5,0.105349870807131,76982.28198109905,8110.073461146909,364636.22625262797,0.8591584526322373,1259416.3258823964,16.35982064277612
Hormigueros,2015-2019,1,75,5,0.03968426624155814,2.5,0.18051255998210314,68872.20851995214,12432.298671557772,313280.29592086625,0.7870730937307852,894780.0996297684,12.991889164851631
Hormigueros,2015-2019,1,80,5,0.05779195938526932,2.5,0.2524813212659887,56439.90984839437,14250.023010655903,246574.49171533206,0.5759680568374416,581499.8037089021,10.302989591423753
Hormigueros,2015-2019,1,85,NA,0.10750612755517995,7.938521221488143,1,42189.886837738464,42189.886837738464,334925.31199357007,0,334925.31199357007,7.938521221488143
Hormigueros,2015-2019,2,0,1,0.005438452457013907,0.13785251181867303,0.0054130719261673895,100000,541.3071926167322,99533.313363551,0.9944396066743607,8627186.618438253,86.27186618438253
Hormigueros,2015-2019,2,1,4,1.5005578543943735e-4,1.5151929319761257,5.999994261659543e-4,99458.69280738327,59.675158611658844,397686.48997362936,0.9993722801453917,8527653.305074703,85.74065337445955
Hormigueros,2015-2019,2,5,5,7.035483760304649e-5,2.5,3.51712326356223e-4,99399.01764877161,34.959859734764905,496907.68859452114,0.9996085910010147,8129966.815101073,81.79121894170495
Hormigueros,2015-2019,2,10,5,8.624251808875817e-5,2.5,4.311196383357718e-4,99364.05778903684,42.83779665757902,496713.19445354026,0.9990822485490828,7633059.126506552,76.81911645267704
Hormigueros,2015-2019,2,15,5,2.811160569472798e-4,2.5,0.0014045931505161783,99321.21999237927,139.50590530221234,496257.3351986408,0.9979503726200378,7136345.932053012,71.85117070250014
Hormigueros,2015-2019,2,20,5,5.398413686877041e-4,2.5,0.002695568894435111,99181.71408707705,267.35114338988205,495240.1925769106,0.9969628673246009,6640088.596854371,66.94871789596895
Hormigueros,2015-2019,2,25,5,6.770680469607822e-4,2.5,0.0033796196536080643,98914.36294368717,334.2929250286106,493736.0824058643,0.9961312310312164,6144848.40427746,62.12291341122802
Hormigueros,2015-2019,2,30,5,8.738201488287476e-4,2.5,0.004359577028524,98580.07001865856,429.7674087236228,491825.9315714837,0.9954255420976185,5651112.321871595,57.325099493254484
Hormigueros,2015-2019,2,35,5,9.603561207696386e-4,2.5,0.004790279667850147,98150.30260993494,470.1673989857227,489576.0945522104,0.9945079359555254,5159286.390300112,52.565160301175474
Hormigueros,2015-2019,2,40,5,0.0012432977679883075,2.5,0.006197226345733116,97680.13521094921,605.345907384064,486887.3112862859,0.9926762913503115,4669710.295747901,47.806140784543686
Hormigueros,2015-2019,2,45,5,0.0016986259333275603,2.5,0.00845721555248482,97074.78930356515,820.9824178523122,483321.490473195,0.9892364357935944,4182822.984461616,43.088664054488945
Hormigueros,2015-2019,2,50,5,0.002635163500769534,2.5,0.01308958451545923,96253.80688571284,1259.922340165227,478119.2285781511,0.9850912902319628,3699501.493988421,38.43485898049759
Hormigueros,2015-2019,2,55,5,0.003378692350088316,2.5,0.01675196243214544,94993.88454554761,1591.3339851905766,470991.08776476164,0.9760286972198776,3221382.2654102696,33.91146999432035
Hormigueros,2015-2019,2,60,5,0.006362342397973247,2.5,0.031313641714085065,93402.55056035703,2924.774003428727,459700.81779321335,0.9639774895925726,2750391.177645508,29.44663888881917
Hormigueros,2015-2019,2,65,5,0.008347354426708324,2.5,0.04088359743839867,90477.77655692831,3699.0569938748376,443141.2402999544,0.9469888542593804,2290690.359852295,25.31771278012121
Hormigueros,2015-2019,2,70,5,0.013576827025693744,2.5,0.06565564673114664,86778.71956305347,5697.512955413098,419649.8154267346,0.9183841391007453,1847549.1195523404,21.290347781749766
Hormigueros,2015-2019,2,75,5,0.02076420587215318,2.5,0.09869758683067384,81081.20660764037,8002.51942949339,385399.7344644684,0.8762451592149607,1427899.3041256056,17.610730819970964
Hormigueros,2015-2019,2,80,5,0.032796449874381184,2.5,0.15155600229114782,73078.68717814698,11075.513681405311,337704.65168722166,0.676062550513098,1042499.5696611373,14.265439212390232
Hormigueros,2015-2019,2,85,NA,0.08524776281127237,11.367078138523881,1,62003.17349674167,62003.17349674167,704794.9179739156,0,704794.9179739156,11.367078138523881
Hormigueros,2020-2024,1,0,1,0.011085837377915287,0.12716876580423894,0.010979598071972218,100000,1097.9598071972287,99041.6663863867,0.9887355511916252,7882734.160964273,78.82734160964273
Hormigueros,2020-2024,1,1,4,2.997651744220015e-4,1.6199184710091477,0.0011982058191086589,98902.04019280277,118.50500008073868,395326.10920942586,0.998738319835932,7783692.494577886,78.70103062994563
Hormigueros,2020-2024,1,5,5,1.4066752762485218e-4,2.5,7.030903831595212e-4,98783.53519272203,69.45375360849721,493744.0415795889,0.9992189242798911,7388366.38536846,74.79350046497227
Hormigueros,2020-2024,1,10,5,1.7189702501134508e-4,2.5,8.591159263770152e-4,98714.08143911354,84.80683952201798,493358.3900967626,0.9981969814880304,6894622.343788872,69.84436509234447
Hormigueros,2020-2024,1,15,5,5.503025855254161e-4,2.5,0.002747732716581412,98629.27459959152,271.00688462999824,492468.8557863826,0.9960862460384954,6401263.953692108,64.90227145722736
Hormigueros,2020-2024,1,20,5,0.0010191878495601494,2.5,0.005082987948908277,98358.26771496152,499.95388947063475,490541.453851131,0.9940037471733237,5908795.097905726,60.07420865756997
Hormigueros,2020-2024,1,25,5,0.001387633884713916,2.5,0.0069141835351732355,97858.31382549088,676.6103422320302,487600.0432718743,0.9920493767115213,5418253.644054594,55.368352797462634
Hormigueros,2020-2024,1,30,5,0.001806982064360407,2.5,0.008994279069401383,97181.70348325885,874.0793615682487,483723.3190123737,0.9907045295012228,4930653.60078272,50.73643930960838
Hormigueros,2020-2024,1,35,5,0.0019291383840877672,2.5,0.009599395514560889,96307.6241216906,924.4949750117812,479226.88317092357,0.9883041280729443,4446930.281770347,46.174228907893905
Hormigueros,2020-2024,1,40,5,0.0027817453237750345,2.5,0.013812668305208003,95383.12914667882,1317.495524815895,473621.90692135436,0.9838613980944012,3967703.3985994235,41.59753862234846
Hormigueros,2020-2024,1,45,5,0.0037339562722757034,2.5,0.018497112835153984,94065.63362186293,1739.9426390138397,465978.3115117801,0.9774130175735375,3494081.491678069,37.14514384418038
Hormigueros,2020-2024,1,50,5,0.0054233334353053966,2.5,0.02675392848927288,92325.69098284909,2470.0749342778436,455453.26757855085,0.9704404108865057,3028103.1801662887,32.798055968287365
Hormigueros,2020-2024,1,55,5,0.0065954613372349626,2.5,0.032442375601259406,89855.61604857125,2915.129645730296,441990.2561285305,0.9547339011557273,2572649.912587738,28.63093066099617
Hormigueros,2020-2024,1,60,5,0.012056739774862713,2.5,0.058519803760279265,86940.48640284095,5087.740203117486,421983.081506411,0.9244710855247688,2130659.6564592076,24.50710531554588
Hormigueros,2020-2024,1,65,5,0.01963806797150855,2.5,0.09359526444508309,81852.74619972346,7661.029426119392,390111.1574333188,0.8998997984601632,1708676.5749527966,20.875006084506538
Hormigueros,2020-2024,1,70,5,0.02267142706258688,2.5,0.10727683780351596,74191.71677360407,7959.052766686305,351060.95195130457,0.8707010971220841,1318565.4175194777,17.77240741770511
Hormigueros,2020-2024,1,75,5,0.033361774993269075,2.5,0.1539673174625854,66232.66400691777,10197.665605545859,305669.15602072416,0.8131060158674656,967504.4655681732,14.607663455408057
Hormigueros,2020-2024,1,80,5,0.05091072732450689,2.5,0.22581289039889252,56034.99840137191,12653.424952511115,248541.42962558175,0.6244663498000282,661835.309547449,11.8111060663695
Hormigueros,2020-2024,1,85,NA,0.12326990528543917,9.526945361008348,1,43381.57344886079,43381.57344886079,413293.8799218673,0,413293.8799218673,9.526945361008348
Hormigueros,2020-2024,2,0,1,0.0050806539652124005,0.13858788432491792,0.005058515186932747,100000,505.8515186932782,99564.25337306497,0.9947808013509132,8610808.155658785,86.10808155658785
Hormigueros,2020-2024,2,1,4,1.5222896043039322e-4,1.5157697957908605,6.086856539834588e-4,99494.14848130672,60.56066083586484,397826.1473023916,0.999374633901202,8511243.90228572,85.54517056734085
Hormigueros,2020-2024,2,5,5,7.128803191876316e-5,2.5,3.563766461195067e-4,99433.58782047086,35.435808539099526,497079.34958100657,0.9996034826316856,8113417.754983328,81.59634920980878
Hormigueros,2020-2024,2,10,5,8.735355260772275e-5,2.5,4.366724008247693e-4,99398.15201193176,43.40442967659328,496882.2489854673,0.9990669313191284,7616338.405402321,76.62454735061931
Hormigueros,2020-2024,2,15,5,2.861409088613286e-4,2.5,0.001429681818169559,99354.74758225516,142.04567616718123,496418.6237208579,0.997981675183961,7119456.156416854,71.65692963512087
Hormigueros,2020-2024,2,20,5,5.222430737099025e-4,2.5,0.0026078105910027657,99212.70190608798,258.72793479269603,495416.68969345815,0.9969969532217129,6623037.532695997,66.75594359848381
Hormigueros,2020-2024,2,25,5,6.810207748488011e-4,2.5,0.0033993163615876933,98953.97397129529,336.3758627647476,493928.93019956455,0.9963595476206335,6127620.843002538,61.923949055144035
Hormigueros,2020-2024,2,30,5,7.779924212588968e-4,2.5,0.003882410890671595,98617.59810853054,382.87403690844076,492130.8054503816,0.9954909268600791,5633691.912802974,57.12663886422167
Hormigueros,2020-2024,2,35,5,0.0010302824536476765,2.5,0.005138177832078103,98234.7240716221,504.7474815651367,489911.75165419764,0.9939380141757638,5141561.107352592,52.339548524653296
Hormigueros,2020-2024,2,40,5,0.0014030169448778294,2.5,0.006990565021440767,97729.97659005696,683.1877558966662,486941.91356054315,0.9921521649137112,4651649.355698395,47.596955591327266
Hormigueros,2020-2024,2,45,5,0.0017498496208882286,2.5,0.008711140141256936,97046.7888341603,845.388177793342,483120.4737263181,0.9899639948310267,4164707.4421378514,42.91442810389911
Hormigueros,2020-2024,2,50,5,0.002287509907961488,2.5,0.01137251270110197,96201.40065636695,1094.0516508283326,478271.87415476394,0.9865487950566455,3681586.968411533,38.26957760794175
Hormigueros,2020-2024,2,55,5,0.0031351435274954913,2.5,0.015553809077831793,95107.34900553862,1479.281548330866,471838.54115686595,0.980608716016819,3203315.0942567694,33.681047024770116
Hormigueros,2020-2024,2,60,5,0.004712756464728008,2.5,0.02328938927398865,93628.06745720776,2180.54050998218,462688.9860110833,0.967389487236862,2731476.5530999033,29.173693607937718
Hormigueros,2020-2024,2,65,5,0.008612300164977191,2.5,0.04215389581517725,91447.52694722557,3854.86952348896,447600.4609274055,0.9497637517481841,2268787.56708882,24.80972031532508
Hormigueros,2020-2024,2,70,5,0.01208953185949077,2.5,0.05867429733018751,87592.65742373661,5139.437625621576,425114.69305462914,0.9202052013572555,1821187.1061614146,20.79154988244361
Hormigueros,2020-2024,2,75,5,0.02154778908917399,2.5,0.10223177370106325,82453.21979811504,8429.338907324927,391192.7517222629,0.8731010893395041,1396072.4131067854,16.931690678969712
Hormigueros,2020-2024,2,80,5,0.03345749482127311,2.5,0.15437497434468672,74023.88089079011,11427.434713409864,341550.8176704259,0.6601077414584773,1004879.6613845226,13.575074007090427
Hormigueros,2020-2024,2,85,NA,0.095436812930893275,10.596908997587727,1,62596.44617738025,62596.44617738025,663328.8437140966,0,663328.8437140966,10.596908997587727
Humacao,1980-1984,1,0,1,0.016496385135113242,0.11637228828213829,0.016259377665503963,100000,1625.9377665503998,98563.27633194742,0.9831350127957186,7078208.232296853,70.78208232296853
Humacao,1980-1984,1,1,4,5.225160331259533e-4,1.6040104950938365,0.0020874507632758442,98374.0622334496,205.35101129575924,393004.2300659119,0.9979550605848495,6979644.955964906,70.95005327117269
Humacao,1980-1984,1,5,5,2.2934945718984013e-4,2.5,0.001146090148065827,98168.71122215384,112.51019278004242,490562.2806288191,0.9985194690047474,6586640.725898994,67.09511252514619
Humacao,1980-1984,1,10,5,3.6340096730702294e-4,2.5,0.0018153555815992163,98056.2010293738,178.0068718490802,489835.9879672463,0.9963280442216534,6096078.445270175,62.169229291720455
Humacao,1980-1984,1,15,5,0.0011094552145173237,2.5,0.00553193249420648,97878.19415752472,541.4555627342634,488037.3318807879,0.9921827188614827,5606242.457302929,57.27774715868039
Humacao,1980-1984,1,20,5,0.0020333525292646148,2.5,0.010115342503165104,97336.73859479045,984.5944490273541,484222.2068513839,0.9884679129461312,5118205.1254221415,52.58245960684029
Humacao,1980-1984,1,25,5,0.0026095761516372593,2.5,0.012963308903782254,96352.1441457631,1249.0426081032783,478638.1142085573,0.9859220383758147,4633982.918570757,48.09423764934999
Humacao,1980-1984,1,30,5,0.003064753987054199,2.5,0.015207253706696637,95103.10153765982,1446.2569933769264,471899.8652048568,0.9833437784268487,4155344.8043621997,43.69305245756603
Humacao,1980-1984,1,35,5,0.0036586743325532655,2.5,0.018127564525166503,93656.8445442829,1697.7704926999868,464039.79648966447,0.9826850252562528,3683444.939157343,39.32915909221919
Humacao,1980-1984,1,40,5,0.0033248858799833814,2.5,0.016487382734784988,91959.07405158291,1516.1644498248788,456004.9591333523,0.9767953684206574,3219405.1426676787,35.00910786532938
Humacao,1980-1984,1,45,5,0.006098479727013143,2.5,0.030034486861968322,90442.90960175803,2716.4063801921875,445423.5320583097,0.9640693259246592,2763400.1835343265,30.55408318576044
Humacao,1980-1984,1,50,5,0.008582152424762193,2.5,0.0420094337152553,87726.50322156584,3685.3407221575035,429419.16430243547,0.946275442149159,2317976.6514760167,26.42276354754087
Humacao,1980-1984,1,55,5,0.013640500577990808,2.5,0.06595340910249638,84041.16249940834,5542.801171772866,406348.8095676095,0.9230235218755678,1888557.4871735813,22.471815370079835
Humacao,1980-1984,1,60,5,0.018580339791269305,2.5,0.08877789052650988,78498.36132763547,6968.918928455227,375069.50931703934,0.8935153977316916,1482208.6776059717,18.88203336397747
Humacao,1980-1984,1,65,5,0.02687530755151568,2.5,0.12591643075195838,71529.44239918025,9006.732080582573,335130.3817944448,0.8402815371639164,1107139.1682889324,15.47809029616622
Humacao,1980-1984,1,70,5,0.044047234106605944,2.5,0.19838985911138982,62522.710318597674,12403.87169136884,281603.87236456625,0.7702851588283914,772008.7864944875,12.347653877455947
Humacao,1980-1984,1,75,5,0.062105185091194594,2.5,0.2687924182410478,50118.83862722883,13471.563834045672,216915.28355102998,0.6783376080579314,490404.91412992124,9.784841938924966
Humacao,1980-1984,1,80,5,0.09812189519639386,2.5,0.393967404936928,36647.27479318316,14437.831748280863,147141.79459521364,0.4619840091057168,273489.63057889126,7.462754928499176
Humacao,1980-1984,1,85,NA,0.19425980504043322,5.688924108913126,1,22209.4430449023,22209.4430449023,126347.83598367762,0,126347.83598367762,5.688924108913126
Humacao,1980-1984,2,0,1,0.012318590870816368,0.12371196974093723,0.01218703627794472,100000,1218.7036277944717,98932.06459853041,0.9874443713741227,7628783.821577572,76.28783821577572
Humacao,1980-1984,2,1,4,3.400535434819282e-4,1.504171691975784,0.001359060718356687,98781.29637220553,134.24977960780961,394790.1210885309,0.9986728423097732,7529851.756979042,76.22750493784514
Humacao,1980-1984,2,5,5,1.365287009608042e-4,2.5,6.82410583227896e-4,98647.04659259772,67.31778859897167,493066.93849149114,0.9992283923542654,7135061.635890511,72.3291966900701
Humacao,1980-1984,2,10,5,1.722472646394087e-4,2.5,8.608656188268807e-4,98579.72880399875,84.86389924063405,492686.4842718922,0.9982648403810742,6641994.697399019,67.37688141346962
Humacao,1980-1984,2,15,5,5.227235917992702e-4,2.5,0.00261020691715866,98494.86490475811,257.0919776790106,491831.59457959305,0.9958496602216199,6149308.213127127,62.43277981114389
Humacao,1980-1984,2,20,5,0.001142152641092029,2.5,0.005694503225712758,98237.7729270791,559.4153148200858,489790.32634834526,0.9943630541458007,5657476.618547535,57.58962616901975
Humacao,1980-1984,2,25,5,0.0011189330656935367,2.5,0.005579058844925091,97678.35761225902,544.9533049944293,487029.40479880903,0.9934351159344049,5167686.292199189,52.90513086545411
Humacao,1980-1984,2,30,5,0.0015169793541342615,2.5,0.007556240120028896,97133.40430726459,733.9633266215387,483832.1132197691,0.9911568205120265,4680656.88740038,48.18792176370076
Humacao,1980-1984,2,35,5,0.002038317649886638,2.5,0.010139917318337296,96399.44098064305,977.4823610776511,479553.49900052114,0.9895457595604733,4196824.774180611,43.53577916518552
Humacao,1980-1984,2,40,5,0.002166022647478214,2.5,0.010771783420285896,95421.9586195654,1027.8646717894444,474540.13141835335,0.9853912348310495,3717271.2751800898,38.95614100733725
Humacao,1980-1984,2,45,5,0.0037320033811062913,2.5,0.018487528111975977,94394.09394777595,1745.1134654640045,467607.6860752197,0.9787697859597677,3242731.1437617363,34.35311477808977
Humacao,1980-1984,2,50,5,0.0048633318102673075,2.5,0.024024560527731022,92648.98048231195,2225.851039429879,457680.27481298504,0.9720627271122331,2775123.4576865165,29.953092233069185
Humacao,1980-1984,2,55,5,0.006492973312112992,2.5,0.03194630037123699,90423.12944288207,2888.6844536895514,444893.9360801865,0.9574947634169415,2317443.1828735317,25.62887611999096
Humacao,1980-1984,2,60,5,0.010975643651154034,2.5,0.05341262345206239,87534.44498919252,4675.444349293015,425983.61407273007,0.9309830259646774,1872549.246793345,21.392141653774583
Humacao,1980-1984,2,65,5,0.017864070019689014,2.5,0.08550182368561761,82859.0006398995,7084.59566347918,396583.5140407996,0.8897777283440162,1446565.632720615,17.45815930133296
Humacao,1980-1984,2,70,5,0.029473471640509716,2.5,0.13725397998589517,75774.40497642032,10400.338664076698,352871.1782219099,0.8320384346327121,1049982.1186798154,13.856685763570846
Humacao,1980-1984,2,75,5,0.04532381310372075,2.5,0.20355441038660263,65374.066312343624,13307.179522783772,293602.3827547587,0.7288760120343706,697110.9404579055,10.663417158835664
Humacao,1980-1984,2,80,5,0.08660702374652204,2.5,0.3559629003285264,52066.88678955985,18533.880032688758,213999.73386607738,0.46965255189578226,403508.55770314677,7.749811494088714
Humacao,1980-1984,2,85,NA,0.1771466583936219,5.651411613968617,1,33533.006756871095,33533.006756871095,189508.82383706942,0,189508.82383706942,5.651411613968617
Humacao,1985-1989,1,0,1,0.017488296656017272,0.11439297843775034,0.017221573094152755,100000,1722.15730941527,98474.84539454708,0.9821165643057046,7074761.265718661,70.74761265718661
Humacao,1985-1989,1,1,4,5.605799784013108e-4,1.6011114002673177,0.0022393085610513384,98277.84269058473,220.07441449868202,392583.4367583052,0.9977995911206144,6976286.420324114,70.98534348467602
Humacao,1985-1989,1,5,5,2.539611073554839e-4,2.5,0.0012689998452625774,98057.76827608605,124.43529276916524,489977.7531485073,0.9986478512673163,6583702.983565809,67.14106489787834
Humacao,1985-1989,1,10,5,2.872868402549368e-4,2.5,0.0014354032700997876,97933.33298331688,140.5738264160318,489315.2303505443,0.9966581483503429,6093725.230417302,62.22319862692081
Humacao,1985-1989,1,15,5,0.0010529726981562788,2.5,0.005251040485112052,97792.75915690085,513.5137374836922,487680.01144079503,0.9925377532247075,5604410.000066757,57.30904873105092
Humacao,1985-1989,1,20,5,0.0019464509089795116,2.5,0.009685125491605766,97279.24541941716,942.1616996157682,484040.8228480464,0.9891855179130126,5116729.988625962,52.59837251579515
Humacao,1985-1989,1,25,5,0.0024053545899412367,2.5,0.01195488361427168,96337.08371980139,1151.698623608565,478806.17203998554,0.9853224334483138,4632689.165777916,48.08832680935411
Humacao,1985-1989,1,30,5,0.0035172973973651525,2.5,0.017433192678734073,95185.38509619283,1659.3851585814264,471778.46258451056,0.9814512196888595,4153882.993737931,43.63992423353736
Humacao,1985-1989,1,35,5,0.00397596401003824,2.5,0.01968416125836359,93525.9999376114,1840.9808646216552,463027.54752650287,0.9801741840549131,3682104.53115342,39.369849385300874
Humacao,1985-1989,1,40,5,0.004034346580765473,2.5,0.01997031497399698,91685.01907298974,1830.9787092845218,453847.64859173744,0.9757393101123705,3219076.9836269175,35.11017411758659
Humacao,1985-1989,1,45,5,0.00581090596179151,2.5,0.028638490865687215,89854.04036370522,2573.284114201073,442836.9915330234,0.9627327432010507,2765229.3350351797,30.774679956986553
Humacao,1985-1989,1,50,5,0.009448101585850674,2.5,0.04615042321240145,87280.75624950415,4028.04383921306,426333.6716494881,0.9472313410940751,2322392.3435021564,26.608297674040262
Humacao,1985-1989,1,55,5,0.012308885349013497,2.5,0.0597071069113352,83252.71241029109,4970.778600539896,403836.6155501057,0.9237587676667509,1896058.6718526683,22.774737506549894
Humacao,1985-1989,1,60,5,0.019688698197934035,2.5,0.09382524848762273,78281.9338097512,7344.8218917915365,373047.6143192771,0.881984287721963,1492222.0563025626,19.062151171803116
Humacao,1985-1989,1,65,5,0.031199633708163543,2.5,0.14471085441264311,70937.11191795966,10265.370075213235,329022.1344017652,0.8347138300388641,1119174.4419832856,15.77699474539696
Humacao,1985-1989,1,70,5,0.04182850819024427,2.5,0.18934273101378776,60671.74184274642,11487.753295869108,274639.32597405935,0.7737437102258592,790152.3075815203,13.023399091285304
Humacao,1985-1989,1,75,5,0.06290714493201352,2.5,0.27179163519393335,49183.988546877314,13367.79667251547,212500.45105309787,0.6944281602904596,515512.981607461,10.481317128563598
Humacao,1985-1989,1,80,5,0.08542509411915286,2.5,0.35195994254958873,35816.191874361844,12605.864834445445,147566.29728569562,0.5130026569669502,303012.5305543631,8.460210723051976
Humacao,1985-1989,1,85,NA,0.13651699968456985,6.697287504882456,1,23210.3270399164,23210.3270399164,155446.2332686675,0,155446.2332686675,6.697287504882456
Humacao,1985-1989,2,0,1,0.013301208307279759,0.12169242560229712,0.013147610661980657,100000,1314.7610661980725,98845.23539703504,0.9865919628321775,7804539.338239489,78.04539338239489
Humacao,1985-1989,2,1,4,2.945999006822501e-4,1.5026088374529576,0.0011775332547880146,98685.23893380193,116.2051506012358,394450.74601905374,0.9987411023461825,7705694.102842454,78.08355318480238
Humacao,1985-1989,2,5,5,1.3818169230345154e-4,2.5,6.906698666897523e-4,98569.03378320069,68.07866142279818,492674.9722624465,0.9992222303136323,7311243.3568234,74.17383610459484
Humacao,1985-1989,2,10,5,1.7306078367505023e-4,2.5,8.649297048438908e-4,98500.9551217779,85.1964020403102,492291.7846037887,0.9984162983094161,6818568.384560954,69.2233732772548
Humacao,1985-1989,2,15,5,4.611502169366567e-4,2.5,0.002303095901746493,98415.75871973758,226.66093057469698,491512.14127225114,0.9966715377949553,6326276.599957164,64.28113426400289
Humacao,1985-1989,2,20,5,8.731408815050142e-4,2.5,0.004356195476628891,98189.09778916289,427.73090364341624,489876.1616867059,0.9946747738691719,5834764.458684914,59.42375060023105
Humacao,1985-1989,2,25,5,0.0012636789469756594,2.5,0.006298496541186555,97761.36688551947,615.7496311901195,487267.46034962207,0.9936155578113851,5344888.296998207,54.67280652138569
Humacao,1985-1989,2,30,5,0.0012983874078139107,2.5,0.006470932595572295,97145.61725432935,628.6227412080334,484156.5294186267,0.9921828400333126,4857620.836648585,50.00349963221941
Humacao,1985-1989,2,35,5,0.001842882687630071,2.5,0.009172155422061432,96516.99451312132,885.2688745445921,480371.8003792451,0.9903323339447256,4373464.307229959,45.31289364419024
Humacao,1985-1989,2,40,5,0.002043943901555683,2.5,0.010167763661457675,95631.72563857673,972.3607848304237,475727.7262308076,0.9881699697706436,3893092.506850714,40.70921528242596
Humacao,1985-1989,2,45,5,0.0027202488159104323,2.5,0.013509371946946227,94659.3648537463,1278.7885680709296,470099.8528485542,0.9833712131399467,3417364.7806199063,36.10170832965037
Humacao,1985-1989,2,50,5,0.003997743553584621,2.5,0.019790920208713376,93380.57628567537,1848.087534313483,462282.6625925932,0.9759102889188209,2947264.927771352,31.561862702098832
Humacao,1985-1989,2,55,5,0.005777314721349322,2.5,0.02847529672927454,91532.48875136189,2606.414777564016,451146.4068128994,0.9584132276305094,2484982.265178759,27.148636501395092
Humacao,1985-1989,2,60,5,0.011328510410159611,2.5,0.0550825441147432,88926.07397379787,4898.274392612642,432384.68388745777,0.9348724727488877,2033835.8583658596,22.871085694901257
Humacao,1985-1989,2,65,5,0.01574813776150175,2.5,0.07575806759493332,84027.79958118523,6365.783720524938,404224.5386046138,0.8999118303607794,1601451.174478402,19.058587544365317
Humacao,1985-1989,2,70,5,0.026988344051938576,2.5,0.126412556351448,77662.01586066029,9817.453956352765,363766.4444124195,0.849736235952353,1197226.635873788,15.415858352451593
Humacao,1985-1989,2,75,5,0.038973460429169236,2.5,0.1775663630829355,67844.56190430753,12046.912112302962,309105.5292407802,0.7738019434521174,833460.1914613685,12.28484889676104
Humacao,1985-1989,2,80,5,0.06656194472736025,2.5,0.2853295065299693,55797.649792004566,15920.715880684707,239186.45925831105,0.543846033054458,524354.6622205883,9.397432762405073
Humacao,1985-1989,2,85,NA,0.1362653266789946,7.1512068504676725,1,39876.93391131986,39876.93391131986,285168.2029622772,0,285168.2029622772,7.1512068504676725
Humacao,1990-1994,1,0,1,0.014771705082796937,0.11981380109253287,0.01458211065356894,100000,1458.2110653568961,98716.5027451787,0.9845346856432061,6988616.792069433,69.88616792069433
Humacao,1990-1994,1,1,4,6.549896353514234e-4,1.6090641006007969,0.0026158620014993654,98541.7889346431,257.7717212339048,393550.84007642436,0.9977209830183147,6889900.289324255,69.91856311735842
Humacao,1990-1994,1,5,5,2.2366398812687495e-4,2.5,0.0011176949703479312,98284.0172134092,109.85155170501093,491145.4571877835,0.9987288591931007,6496349.449247831,66.09771998983283
Humacao,1990-1994,1,10,5,2.85154806543696e-4,2.5,0.0014247583409957346,98174.16566170419,139.8744613968156,490521.1421550289,0.9964144014151666,6005203.992060047,61.168882379435985
Humacao,1990-1994,1,15,5,0.0011532196099912392,2.5,0.005749521896458522,98034.29120030737,563.6503038599622,488762.33024188696,0.9922612171267761,5514682.849905018,56.25259062298119
Humacao,1990-1994,1,20,5,0.001957441756035279,2.5,0.00973954728880642,97470.64089644741,949.3199162812234,484979.904691534,0.9872847628936262,5025920.519663131,51.56342949465837
Humacao,1990-1994,1,25,5,0.0031689469989838372,2.5,0.015720193842170216,96521.32098016619,1517.3338757105375,478813.2702115546,0.9823020758892436,4540940.614971597,47.04598495812856
Humacao,1990-1994,1,30,5,0.003980672281262322,2.5,0.01970724123401067,95003.98710445565,1872.2664920603565,470339.2692921274,0.9804838312663215,4062127.344760042,42.75744069871284
Humacao,1990-1994,1,35,5,0.0039019462536856956,2.5,0.01932125502180637,93131.7206123953,1799.421724571701,461160.0487505472,0.9742810335933566,3591788.075467915,38.566753108928054
Humacao,1990-1994,1,40,5,0.006554207758125007,2.5,0.03224272499486396,91332.29888782359,2944.8021961888153,449299.4889486459,0.965909587214362,3130628.0267173676,34.27733742432648
Humacao,1990-1994,1,45,5,0.007331905024935396,2.5,0.03599965990627012,88387.49669163478,3181.919820865427,433982.68390601035,0.9585024172593946,2681328.537768722,30.33606152602453
Humacao,1990-1994,1,50,5,0.009668340845507592,2.5,0.04720082018324026,85205.57687076935,4021.7731124864367,415973.45157263067,0.9474464745016653,2247345.8538627117,26.375572308738008
Humacao,1990-1994,1,55,5,0.011982808168448465,2.5,0.05817139905288971,81183.80375828291,4722.57544505455,394112.58017877815,0.9251876979330269,1831372.402290081,22.558346831626896
Humacao,1990-1994,1,60,5,0.019392943397783555,2.5,0.09248101906850559,76461.22831322836,7071.212313637036,364628.11078204925,0.8915322751832297,1437259.8221113028,18.79723689794094
Humacao,1990-1994,1,65,5,0.026913379578987304,2.5,0.1260835610517932,69390.01599959133,8748.940318669389,325077.72920128313,0.8364805081374989,1072631.7113292534,15.458012163242197
Humacao,1990-1994,1,70,5,0.0460195028952014,2.5,0.20635646018382447,60641.07568092194,12513.677719254447,271921.1841064736,0.7612840885798993,747553.9821279703,12.32751849689163
Humacao,1990-1994,1,75,5,0.06497818937095412,2.5,0.2794891926387338,48127.39796166749,13451.087600109488,207009.27080806374,0.6777732583679985,475632.7980214967,9.882786482666873
Humacao,1990-1994,1,80,5,0.09429777066705254,2.5,0.38154236681989534,34676.310361558004,13230.481527930104,140305.34798796475,0.4776877906286812,268623.52721343294,7.746600616172468
Humacao,1990-1994,1,85,NA,0.15188266360309138,5.983363022288991,1,21445.8288336279,21445.8288336279,128318.17922546821,0,128318.17922546821,5.983363022288991
Humacao,1990-1994,2,0,1,0.010448779564059263,0.12755493682537591,0.010354389096496368,100000,1035.4389096496307,99096.63643505727,0.9893609350988724,7869907.767490438,78.69907767490439
Humacao,1990-1994,2,1,4,2.7827294709765625e-4,1.5071534089400005,0.0011123201810381517,98964.56109035037,110.0802785083797,395583.83111437893,0.9988056292621933,7770811.131055381,78.52114984838832
Humacao,1990-1994,2,5,5,1.479637471284713e-4,2.5,7.39545170955693e-4,98854.48081184199,73.10735391172057,494089.63567443064,0.99920639766898,7375227.299941002,74.60690946300036
Humacao,1990-1994,2,10,5,1.6961178959111231e-4,2.5,8.476994983831709e-4,98781.37345793027,83.7369207298907,493697.5249878266,0.9983268790756835,6881137.664266571,69.66027524609343
Humacao,1990-1994,2,15,5,5.004739335457418e-4,2.5,0.0024992426532248475,98697.63653720038,246.6693430062587,492871.5093284862,0.9966472238930293,6387440.139278744,64.7172552796767
Humacao,1990-1994,2,20,5,8.434644567201381e-4,2.5,0.004208448092640455,98450.96719419412,414.3257851070084,491219.02150820306,0.9949893042382069,5894568.629950259,59.873140893814146
Humacao,1990-1994,2,25,5,0.0011666596244327314,2.5,0.005816333917304812,98036.64140908711,570.2138425663288,488757.6724390197,0.9937466929267831,5403349.608442055,55.115613211339706
Humacao,1990-1994,2,30,5,0.0013430617825988922,2.5,0.006692836680088952,97466.42756652078,652.3268814944458,485701.3206288678,0.9923064179982918,4914591.936003036,50.42343357305088
Humacao,1990-1994,2,35,5,0.001747817999185231,2.5,0.008701070277816796,96814.10068502634,842.3862939440296,481964.5376902716,0.9903360217951325,4428890.615374168,45.746338436619475
Humacao,1990-1994,2,40,5,0.002138439111729932,2.5,0.010635338001775995,95971.7143910823,1020.6916211590724,477306.8429025138,0.9871854444399428,3946926.0776838963,41.12593072579982
Humacao,1990-1994,2,45,5,0.003026162033808971,2.5,0.01501719897555987,94951.02276992323,1425.8984018688498,471190.36784494406,0.9834565489025574,3469619.2347813826,36.541146514963316
Humacao,1990-1994,2,50,5,0.003651628950130477,2.5,0.01809297269344909,93525.12436805438,1692.1475213426456,463395.25303691527,0.9772051994309583,2998428.8669364387,32.06014305991791
Humacao,1990-1994,2,55,5,0.005593800852338244,2.5,0.02758326601926907,91832.97684671174,2533.0534297042177,452832.25065929815,0.9585322581827384,2535033.6138995234,27.60482890727826
Humacao,1990-1994,2,60,5,0.011468884620960355,2.5,0.05574606027148486,89299.92341700752,4978.118913043494,434054.3198024289,0.9351178257093268,2082201.363240225,23.316944556792997
Humacao,1990-1994,2,65,5,0.015488941283225185,2.5,0.07455765843195755,84321.80450396403,6286.836298572845,405891.93177338806,0.9010225997162714,1648147.0434377962,19.545917608538794
Humacao,1990-1994,2,70,5,0.026749627409851724,2.5,0.12536450270482036,78034.96820539118,9782.814982655342,365717.80357031757,0.8492774825451777,1242255.1116644081,15.919210838847818
Humacao,1990-1994,2,75,5,0.039491662338160566,2.5,0.17971518334641023,68252.15322273584,12265.948230211252,310595.8955381511,0.7825508042057219,876537.3080940905,12.842632308369467
Humacao,1990-1994,2,80,5,0.060683620442701265,2.5,0.2634503062400455,55986.20499252459,14749.58285049857,243057.06783637652,0.5705260960871069,565941.4125559395,10.108586796184978
Humacao,1990-1994,2,85,NA,0.14097848287867257,7.830038639137167,1,41236.62214202602,41236.62214202602,322884.34471956297,0,322884.34471956297,7.830038639137167
Humacao,1995-1999,1,0,1,0.01317071068379323,0.12300850536602481,0.013020318180370062,100000,1302.0318180370086,98858.12916983874,0.9862917820881424,7136485.481063407,71.36485481063407
Humacao,1995-1999,1,1,4,5.357971625722693e-4,1.6137697813225451,0.0021404520066684784,98697.96818196299,211.25826404918917,394287.76187423244,0.9979847877751983,7037627.351893568,71.30468318171206
Humacao,1995-1999,1,5,5,2.2875218877938135e-4,2.5,0.001143107223198616,98486.7099179138,112.58086949623248,492152.09741582844,0.9987223371075277,6643339.590019336,67.45417321338475
Humacao,1995-1999,1,10,5,2.826741304567138e-4,2.5,0.0014123725493279135,98374.12904841757,138.9409194320324,491523.2929435078,0.9965773449940881,6151187.492603508,62.52850777033085
Humacao,1995-1999,1,15,5,0.0010901189730682377,2.5,0.005435780746029475,98235.18812898554,533.98494421411306,489840.9782843924,0.9923763892799232,5659664.199659999,57.61341030088631
Humacao,1995-1999,1,20,5,0.00197437719813568,2.5,0.009823398256862015,97701.20318477142,959.7578290586098,486106.6213512106,0.9885983854349614,5169823.221375607,52.91463209105516
Humacao,1995-1999,1,25,5,0.0026160963501289246,2.5,0.012995488127995142,96741.44535571281,1257.2023046052636,480564.2210170509,0.9847037918449086,4683716.600024397,48.41478833402412
Humacao,1995-1999,1,30,5,0.0035567923480275053,2.5,0.017627220829727116,95484.24305110755,1683.1218380212085,473213.41066048475,0.9826748292551322,4203152.379007346,44.019329731269124
Humacao,1995-1999,1,35,5,0.00343274891092567,2.5,0.0170177008197398,93801.12121308634,1596.2794173604489,465014.9075220306,0.9774587541675028,3729938.968346861,39.76433245263268
Humacao,1995-1999,1,40,5,0.005712516664530572,2.5,0.02816041620551752,92204.8417957259,2596.5267211315513,454532.8921758006,0.9708420176610721,3264924.0608248306,35.40946437561345
Humacao,1995-1999,1,45,5,0.006129397124134343,2.5,0.030184454351433614,89608.31507459434,2704.778095877962,441279.6301332768,0.9638189628007857,2810391.16864903,31.363062304090004
Humacao,1995-1999,1,50,5,0.008656208351936963,2.5,0.0423642571678842,86903.53697871638,3681.603789365079,425313.6754201692,0.9481777099646886,2369111.538515753,27.26139373471041
Humacao,1995-1999,1,55,5,0.012732536881337565,2.5,0.061698730987124605,83221.9331893513,5134.687668078244,403272.9467765609,0.9268818669665881,1943797.863095584,23.356797764754443
Humacao,1995-1999,1,60,5,0.017817498562222357,2.5,0.0852884267582629,78087.24552127306,6659.93832039558,373786.3818053763,0.9025680398014981,1540524.9163190231,19.728252751588514
Humacao,1995-1999,1,65,5,0.023438992501696763,2.5,0.11070776625089784,71427.30720087748,7907.5576295258215,337367.64193057286,0.8537331991400303,1166738.5345136467,16.33462859284878
Humacao,1995-1999,1,70,5,0.04107574576883619,2.5,0.18625257073357018,63519.749571351655,11830.716650016831,288021.9562317162,0.7865613146638144,829370.8925830739,13.056898022739253
Humacao,1995-1999,1,75,5,0.05632075661459681,2.5,0.24684722664134548,51689.03292133482,12759.29442440471,226546.92854566232,0.7047426155898843,541348.9363513577,10.473187555573595
Humacao,1995-1999,1,80,5,0.08766632779505823,2.5,0.35953406170745505,38929.73849693011,13996.567003010361,159657.27497712467,0.49283272972112174,314802.0078056954,8.086414652657371
Humacao,1995-1999,1,85,NA,0.1788375075082787,6.222422721730551,1,24933.171493919752,24933.171493919752,155144.73282857073,0,155144.73282857073,6.222422721730551
Humacao,1995-1999,2,0,1,0.010442065497713213,0.12756873604451496,0.010347797226401409,100000,1034.7797226401453,99097.22581866155,0.9894033822367719,7841033.273828399,78.410332738284
Humacao,1995-1999,2,1,4,2.600099269657265e-4,1.507164133912645,0.0010393660302237314,98965.22027735985,102.8610881298955,395604.4652997244,0.9988663209775988,7741936.048009738,78.22885682780469
Humacao,1995-1999,2,5,5,1.383716845093027e-4,2.5,6.916191712720939e-4,98862.35918922996,68.37510293246305,494140.8581888187,0.9992721127748827,7346331.582710014,74.30868171624941
Humacao,1995-1999,2,10,5,1.5289449548762718e-4,2.5,7.641803800039802e-4,98793.9840862975,75.4964243011782,493781.17937073455,0.9983808460888826,6852190.724521195,69.35838034971583
Humacao,1995-1999,2,15,5,4.95569472208503e-4,2.5,0.002474781295890925,98718.48766199632,244.30666682454466,492981.67164292024,0.9969042913964725,6358409.545150461,64.40951128547586
Humacao,1995-1999,2,20,5,7.450203350635415e-4,2.5,0.0037181763827813944,98474.18099517177,366.1443740899849,491455.5440406339,0.9954801852791064,5865427.87350754,59.56310389415804
Humacao,1995-1999,2,25,5,0.0010677315018539498,2.5,0.005324444815620945,98108.03662108179,522.3708269578783,489234.25603801425,0.9937413010352854,5373972.329466906,54.77606641158823
Humacao,1995-1999,2,30,5,0.001444790593423162,2.5,0.0071979541260826715,97585.66579412391,702.4171457493503,486172.2861062462,0.9920164035349958,4884738.073428892,50.05589738696054
Humacao,1995-1999,2,35,5,0.0017627208444813487,2.5,0.008774934821111397,96883.24864837456,850.1441921469959,482290.8827615053,0.9908739297071842,4398565.787322646,45.400684315269835
Humacao,1995-1999,2,40,5,0.0019050932879047537,2.5,0.009480314231997253,96033.10445622756,910.4240069192601,477889.46226383967,0.9860157535662375,3916274.9045611406,40.7804675974648
Humacao,1995-1999,2,45,5,0.0037409192218879057,2.5,0.01853128599943555,95122.6804493083,1762.7455964390538,471206.5382554439,0.979550174039657,3438385.442297301,36.14685189753085
Humacao,1995-1999,2,50,5,0.0045316832969798885,2.5,0.02240459021674716,93359.93485286925,2091.6910830407433,461570.4465567444,0.9740620872398116,2967178.904041857,31.782144114796008
Humacao,1995-1999,2,55,5,0.005999085565124617,2.5,0.02955221220153378,91268.2437698285,2697.178507147284,449598.27258127433,0.9601347726880817,2505608.4574851124,27.453234049337734
Humacao,1995-1999,2,60,5,0.010360009493036204,2.5,0.05049229580550545,88571.06526268122,4472.156427052032,431674.935245776,0.941583236483578,2056010.184903838,23.213113433898407
Humacao,1995-1999,2,65,5,0.013813644306272042,2.5,0.06676263335603444,84098.90883562919,5614.664616235677,406457.88263755676,0.9139637863356491,1624335.2496580621,19.31458174841264
Humacao,1995-1999,2,70,5,0.022540106585692186,2.5,0.10668860178895705,78484.24421939351,8373.374278230127,371487.78540139226,0.857373809716397,1217877.3670205052,15.517475884918655
Humacao,1995-1999,2,75,5,0.040251252297016614,2.5,0.18285582192897887,70110.86994116339,12820.180749247163,318503.897832699,0.770953744695084,846389.581619113,12.072159172028503
Humacao,1995-1999,2,80,5,0.06662818642286482,2.5,0.28557291805979956,57290.68919191622,16360.669290192534,245551.77273409977,0.5348391133231573,527885.683786414,9.214161868747412
Humacao,1995-1999,2,85,NA,0.13670071943783665,6.897966620349097,1,40930.01990172369,40930.01990172369,282333.9110523142,0,282333.9110523142,6.897966620349097
Humacao,2000-2004,1,0,1,0.01394799762223012,0.12145746814472091,0.01377914918007729,100000,1377.914918007722,98789.44313925234,0.9856705171550426,7331464.642439454,73.31464642439454
Humacao,2000-2004,1,1,4,4.701784532642553e-4,1.6114834235204272,0.001878604086133309,98622.08508199228,185.27185201802058,394045.815438269,0.9981859039771624,7232675.199300201,73.33727727706335
Humacao,2000-2004,1,5,5,1.9746916977337768e-4,2.5,9.868586634644934e-4,98436.81322997426,97.14322193984117,491941.2080950217,0.998891222840625,6838629.383861932,69.4722752542293
Humacao,2000-2004,1,10,5,2.4631480220328717e-4,2.5,0.0012308160904617592,98339.67000803442,121.0380481765751,491395.75491973065,0.997417928792847,6346688.17576691,64.53843271233656
Humacao,2000-2004,1,15,5,7.885497723204745e-4,2.5,0.003934991519934554,98218.63195985784,386.48948386161646,490126.9360896352,0.9933816711869652,5855292.420847179,59.614884711897126
Humacao,2000-2004,1,20,5,0.0018711657430445553,2.5,0.00931226672898933,97832.14247599622,911.039005404964,486883.1148664687,0.989863055657062,5365165.4847575445,54.84051916857411
Humacao,2000-2004,1,25,5,0.0022059738280475263,2.5,0.01096937376166686,96921.10347059126,1063.163809362115,481947.60782955104,0.9881885659545734,4878282.369891075,50.332509589836555
Humacao,2000-2004,1,30,5,0.002548703635009389,2.5,0.012662833649665889,95857.93966122915,1213.833143929849,476255.11544632114,0.9858325979772568,4396334.762061525,45.8630216505652
Humacao,2000-2004,1,35,5,0.0031630696534948495,2.5,0.01569126684253794,94644.1065172993,1485.0859304365295,469507.81776040513,0.982759865439335,3920079.6466152035,41.419162701891864
Humacao,2000-2004,1,40,5,0.003798470310040958,2.5,0.018813693410598856,93159.02058686277,1752.6652517529146,461413.4398049316,0.9772194158538283,3450571.8288547983,37.0395889428382
Humacao,2000-2004,1,45,5,0.005437635869918578,2.5,0.02682353777172872,91406.35533510985,2451.841824907373,450902.1721132808,0.9667904369309832,2989158.389049867,32.7018660583408
Humacao,2000-2004,1,50,5,0.008115708490658432,2.5,0.03977160556094692,88954.51351020248,3537.8638241937006,435927.90799052815,0.9537391081438693,2538256.216936586,28.534316211458627
Humacao,2000-2004,1,55,5,0.010892547199843663,2.5,0.05301895726303311,85416.64968600878,4528.7016992539575,415761.494181909,0.9347282427113842,2102328.308946058,24.61262899767443
Humacao,2000-2004,1,60,5,0.016278694726784757,2.5,0.07821055909416125,80887.94798675482,6326.2916360235395,388624.0108437152,0.9096133353141642,1686566.814764149,20.850656454288092
Humacao,2000-2004,1,65,5,0.021851011166942408,2.5,0.10359586957725762,74561.65635073128,7724.27962677466,353497.5826867197,0.8727476985451379,1297942.8039204339,17.407644457561783
Humacao,2000-2004,1,70,5,0.033285575503009986,2.5,0.15364266610707308,66837.37672395662,10269.072755471534,308514.20173110423,0.806055234752527,944445.221233714,14.130495054202136
Humacao,2000-2004,1,75,5,0.054949498106761537,2.5,0.24156306726539883,56568.30396848509,13664.813016628686,248679.4873008537,0.7262140350117874,635931.0195026099,11.241825808617047
Humacao,2000-2004,1,80,5,0.07513609660220609,2.5,0.31627189405107065,42903.4909518564,13569.168344746598,180594.5338974155,0.5336505633157143,387251.5322017561,9.026107750446354
Humacao,2000-2004,1,85,NA,0.1607921168092858,7.044887351659956,1,29334.322607109803,29334.322607109803,206656.99830434058,0,206656.99830434058,7.044887351659956
Humacao,2000-2004,2,0,1,0.010222348224165744,0.12802031436531885,0.010132034510878449,100000,1013.2034510878439,99116.50717323644,0.9896558434633284,7999501.297179459,79.99501297179458
Humacao,2000-2004,2,1,4,2.3904543765020632e-4,1.5075151798508009,9.55612380380049e-4,98986.79654891216,94.5930082762934,395711.4145584277,0.9989690515178221,7900384.790006222,79.81251101607698
Humacao,2000-2004,2,5,5,1.1590767903915384e-4,2.5,5.793705114675495e-4,98892.20354063586,57.295226545480546,494317.77963681566,0.9993594081754069,7504673.375447795,75.88741181567508
Humacao,2000-2004,2,10,5,1.4041900206280855e-4,2.5,7.018486281041489e-4,98834.90831409038,69.36714480906085,494001.1237084293,0.9985684249568307,7010355.59581098,70.9299549662409
Humacao,2000-2004,2,15,5,4.328306447538145e-4,2.5,0.0021618139754270176,98765.54116928132,213.51272719036206,493293.9240284307,0.9969448793969653,6516354.47210255,65.97801616794368
Humacao,2000-2004,2,20,5,7.916361403425588e-4,2.5,0.003950362577253767,98552.02844209096,389.3162450700911,491786.8515977796,0.9957592416270918,6023060.54807412,61.115541133821125
Humacao,2000-2004,2,25,5,9.085200227139787e-4,2.5,0.004532305886951494,98162.71219702087,444.90343836967077,489701.3023891802,0.9947659658862088,5531273.696476339,56.348012118640376
Humacao,2000-2004,2,30,5,0.0011913290798472105,2.5,0.005938957267992728,97717.8087586512,580.3418905395229,487138.1890669072,0.9930005292233782,5041572.394087159,51.59317895204866
Humacao,2000-2004,2,35,5,0.001619796952232656,2.5,0.008066320258736197,97137.46686811167,783.5419168805674,483728.47954835696,0.9909516784083762,4554434.205020253,46.88648316518314
Humacao,2000-2004,2,40,5,0.0020177892908243666,2.5,0.010038308475770828,96353.9249512311,967.2304215117329,479351.5487023762,0.9878579147910338,4070705.725471895,42.24743026848419
Humacao,2000-2004,2,45,5,0.0028739404222545934,2.5,0.014267194444209519,95386.69452971937,1360.9005182459223,473531.22135298204,0.9829879772021634,3591354.176769519,37.65047310293964
Humacao,2000-2004,2,50,5,0.00399889804152882,2.5,0.019796578955607727,94025.79401147345,1861.3890550118376,465475.4974198377,0.9769566007865762,3117822.955416537,33.159230275003964
Humacao,2000-2004,2,55,5,0.005341549091985447,2.5,0.026355793547200725,92164.40495646161,2429.066029433103,454749.35970872536,0.9673379799253781,2652347.4579966995,28.77843630900309
Humacao,2000-2004,2,60,5,0.007984033603703899,2.5,0.0391389512632703,89735.33892702851,3512.147056858026,439896.3269929975,0.9488457658679903,2197598.098287974,24.489773199330415
Humacao,2000-2004,2,65,5,0.0131503564625022,2.5,0.06365893799583705,86223.19187017049,5488.876825066327,417393.7672881866,0.9175022863622085,1757701.7712949766,20.385487166163074
Humacao,2000-2004,2,70,5,0.021633438180641885,2.5,0.10261727947380395,80734.31504510416,8284.73577010959,382959.7358002468,0.8749940075421312,1340308.00400679,16.601466219884255
Humacao,2000-2004,2,75,5,0.0324218892449268,2.5,0.14995489382621338,72449.57927499457,10864.168967935642,335087.47395513376,0.8042680570419615,957348.2682065432,13.213993480524804
Humacao,2000-2004,2,80,5,0.05703432771779893,2.5,0.249584437136702,61585.410307058926,15370.759967320148,269500.1516169943,0.5669016044290439,622260.7942514094,10.104029365865664
Humacao,2000-2004,2,85,NA,0.10601354266472918,7.6330912392749495,1,46214.65033973878,46214.65033973878,352760.6426344151,0,352760.6426344151,7.6330912392749495
Humacao,2005-2009,1,0,1,0.012155086668662779,0.12503513230701685,0.012027174376146033,100000,1202.7174376145995,98947.6644963255,0.9874507648900945,7395722.1751856,73.957221751856
Humacao,2005-2009,1,1,4,4.372776172544324e-4,1.616762123604672,0.001747289554657073,98797.2825623854,172.6274598497548,394777.7179487218,0.9982876185364287,7296774.510689274,73.85602439097185
Humacao,2005-2009,1,5,5,1.9748360014397803e-4,2.5,9.869307441287818e-4,98624.65510253565,97.33570424979553,492879.9362520537,0.9988910215393891,6901996.792740553,69.98246823337283
Humacao,2005-2009,1,10,5,2.4638101533954143e-4,2.5,0.0012311467487327453,98527.31939828585,121.30158893854241,492333.3430190829,0.9972730662067426,6409116.856488499,65.0491345510005
Humacao,2005-2009,1,15,5,8.46701400625504e-4,2.5,0.004224564641130824,98406.01780934731,415.72258331187186,490990.7825884568,0.9923234521596347,5916783.513469416,60.12623663862351
Humacao,2005-2009,1,20,5,0.0022411218143445276,2.5,0.01114317603449268,97990.29522603544,1091.9231093756243,487221.6683567381,0.9881760891513394,5425792.730880959,55.37071521588148
Humacao,2005-2009,1,25,5,0.002518217706782269,2.5,0.01251231669030536,96898.37211665981,1212.4231186987017,481460.80278655235,0.9870375945472804,4938571.062524221,50.96650185803409
Humacao,2005-2009,1,30,5,0.002701765858805717,2.5,0.013418197226147769,95685.94899796111,1283.9329354257497,475219.9126512412,0.9849850402265431,4457110.259737669,46.58061404431116
Humacao,2005-2009,1,35,5,0.0033545870400397662,2.5,0.016633439399595905,94402.01606253536,1570.2302133758785,468084.5047792371,0.9807610026331729,3981890.3470864277,42.180140988182686
Humacao,2005-2009,1,40,5,0.0044261669204181285,2.5,0.021888627801321756,92831.78584915948,2031.9604085842439,459079.0282243368,0.975853262056879,3513805.8423071904,37.85132226171651
Humacao,2005-2009,1,45,5,0.005362003141539279,2.5,0.026455381116059076,90799.82544057524,2402.143987302057,447993.76723462105,0.9686008965603461,3054726.8140828535,33.64243047011194
Humacao,2005-2009,1,50,5,0.007430963836480301,2.5,0.036477167893713004,88397.68145327318,3224.4970677859965,433927.1645969009,0.9550225262839976,2606733.0468482324,29.48870382110809
Humacao,2005-2009,1,55,5,0.011057357663603775,2.5,0.05379958517931584,85173.18438548718,4582.281988340605,414410.21695658437,0.9400035788878093,2172805.8822513316,25.51044554606978
Humacao,2005-2009,1,60,5,0.013767193095779808,2.5,0.06654560016116573,80590.90239714658,5362.9699675480515,389547.0870668628,0.918381011836519,1758395.6652947473,21.818786153175093
Humacao,2005-2009,1,65,5,0.020558354241075633,2.5,0.09776695211856863,75227.93242959853,7354.805667823472,357752.647978434,0.8828436468599439,1368848.5782278846,18.196014884616307
Humacao,2005-2009,1,70,5,0.029794842052162155,2.5,0.1386468106964676,67873.12676177506,9410.392557517174,315839.6524150824,0.8316412071872268,1011095.9302494505,14.896852089903744
Humacao,2005-2009,1,75,5,0.045150089664200324,2.5,0.20285333289839103,58462.73420425788,11859.360483686476,262665.2698120732,0.7540543961590007,695256.2778343682,11.892298355483554
Humacao,2005-2009,1,80,5,0.0705892733247532,2.5,0.30000374987739936,46603.373720571406,13981.186873109269,198063.90142008386,0.5421451261190431,432591.00802229496,9.282396819939734
Humacao,2005-2009,1,85,NA,0.17269730466378078,7.18919021887879,1,32622.186847462137,32622.186847462137,234527.1066022111,0,234527.1066022111,7.18919021887879
Humacao,2005-2009,2,0,1,0.007660161069486482,0.1332863007587165,0.0076096394061799105,100000,760.9639406179922,99340.46212803776,0.9921467985849207,8157867.842592834,81.57867842592833
Humacao,2005-2009,2,1,4,2.2609597906659e-4,1.5116191166861452,9.03875384304218e-4,99239.03605938201,89.69972185615916,396732.9371644226,0.9990819918700848,8058527.380464795,81.20320088198747
Humacao,2005-2009,2,5,5,1.0385563783844616e-4,2.5,5.191433992700788e-4,99149.33633752585,51.47272350163257,495617.9998788752,0.9994261920737375,7661794.443300373,77.2752973072655
Humacao,2005-2009,2,10,5,1.2573968309328537e-4,2.5,6.285008467231997e-4,99097.86361402422,62.283091189863626,495333.61034214636,0.9986560214593829,7166176.443421498,72.31413657243918
Humacao,2005-2009,2,15,5,4.124059979649523e-4,2.5,0.0020599061956489344,99035.58052283435,204.00400590867503,494667.89259940013,0.9969455941338382,6670842.833079351,67.35804241124505
Humacao,2005-2009,2,20,5,8.118360252175055e-4,2.5,0.004050958341292236,98831.57651692568,400.3625992742891,493156.97608644265,0.9960119519510442,6176174.940479951,62.49191966923884
Humacao,2005-2009,2,25,5,7.865198734115014e-4,2.5,0.003924881873072597,98431.21391765139,386.3308872499183,491190.2423701322,0.9955983909456803,5683017.964393509,57.73593292416349
Humacao,2005-2009,2,30,5,9.78430416496625e-4,2.5,0.00488021470621414,98044.88303040147,478.4800800340163,489028.2149519223,0.9935665704862671,5191827.722023376,52.95358168170296
Humacao,2005-2009,2,35,5,0.0016052687724949677,2.5,0.007994261516545665,97566.40295036745,779.9713404139184,485882.0864008025,0.9915597849602218,4702799.507071454,48.201013513471366
Humacao,2005-2009,2,40,5,0.0017858905436421257,2.5,0.008889762361867417,96786.43160995354,860.4083768656274,481781.1371076036,0.9894735122030263,4216917.420670652,43.569303574128085
Humacao,2005-2009,2,45,5,0.0024504997306586495,2.5,0.012177893839359896,95926.02323308791,1168.176927364504,476709.6738470283,0.9864058142718135,3735136.2835630476,38.937674654636176
Humacao,2005-2009,2,50,5,0.0030283424097831426,2.5,0.01502793769627271,94757.8463057234,1424.0150105154025,470229.19400232856,0.9819827053888279,3258426.6097160196,34.38687915302703
Humacao,2005-2009,2,55,5,0.004255243408824667,2.5,0.021052260809002424,93333.831295208,1964.8881587301585,461756.9360792146,0.9717873720448003,2788197.415713691,29.873384356148726
Humacao,2005-2009,2,60,5,0.007233894960441166,2.5,0.03552697872137519,91368.94313647784,3246.0624986041803,448729.55943587876,0.9564999035926679,2326440.4796344764,25.46204869809505
Humacao,2005-2009,2,65,5,0.010628483666654923,2.5,0.051766908967196955,88122.88063787366,4561.849139907979,429209.78033959836,0.9299594246510445,1877710.9201985977,21.307870403314876
Humacao,2005-2009,2,70,5,0.018697317336669583,2.5,0.08931185638161274,83561.03149796568,7462.990844245724,399147.6803792141,0.890945376794701,1448501.1398589993,17.334648865533254
Humacao,2005-2009,2,75,5,0.027975376038337475,2.5,0.13073357769925287,76098.04065371996,9948.569110564,355618.7804921898,0.8224834949882304,1049353.459479785,13.789493795967909
Humacao,2005-2009,2,80,5,0.0523186498313697,2.5,0.23133536435375715,66149.47154315596,15302.712101244477,292490.5774626686,0.5783826492723184,693734.6789875954,10.48738051573099
Humacao,2005-2009,2,85,NA,0.1261255512412167,7.8912423511141805,1,50846.75944191148,50846.75944191148,401244.1015249267,0,401244.1015249267,7.8912423511141805
Humacao,2010-2014,1,0,1,0.0102254226598743,0.12888568035335385,0.010135143744301668,100000,1013.5143744301749,99117.11311526617,0.9894768650000165,7578505.1237214785,75.78505123721479
Humacao,2010-2014,1,1,4,3.45121836341131e-4,1.622462811898419,0.0013793555289783252,98986.48562556983,136.53755624174664,395621.31938474206,0.9985939479632111,7479388.010606213,75.55968840936569
Humacao,2010-2014,1,5,5,1.6754485678857633e-4,2.5,8.373735398683423e-4,98849.94806932808,82.77433093060972,494042.80451931385,0.999079544874616,7083766.69122147,71.66181499916716
Humacao,2010-2014,1,10,5,2.008220410419806e-4,2.5,0.0010036063395261372,98767.17373839747,99.12336170094204,493588.06028773496,0.9973209655830638,6589723.886702157,66.71977780954045
Humacao,2010-2014,1,15,5,8.731308733927857e-4,2.5,0.0043561456538155725,98668.05037669653,429.8123988189036,492265.72088643536,0.992698399662884,6096135.826414421,61.784293934465026
Humacao,2010-2014,1,20,5,0.002062569318283332,2.5,0.010259941987539494,98238.23797787762,1007.9186226111342,488671.3933328603,0.9878199071915885,5603870.105527986,57.043674854896395
Humacao,2010-2014,1,25,5,0.002844109320562877,2.5,0.014120148488008195,97230.31935526649,1372.9065468328336,482719.33040925034,0.9874485559330634,5115198.712195126,52.60909093083279
Humacao,2010-2014,1,30,5,0.0022041333628314563,2.5,0.0109602720608696,95857.41280843366,1050.6233234315005,476660.5057335895,0.9870142345658538,4632479.381785875,48.326772505780625
Humacao,2010-2014,1,35,5,0.0030295133607088453,2.5,0.015033704779815716,94806.78948500215,1425.2972842396557,470470.7042144116,0.9851880874985596,4155818.876052286,43.83461246422347
Humacao,2010-2014,1,40,5,0.0029387806009901355,2.5,0.014586734970542638,93381.4922007625,1362.1310778863262,463502.1333090967,0.9841577354783398,3685348.171837874,39.46550954566757
Humacao,2010-2014,1,45,5,0.003452825787141037,2.5,0.017116379246592383,92019.36112287617,1575.0382830082817,456159.2099068602,0.9736030749343739,3221846.0385287777,35.01269731949727
Humacao,2010-2014,1,50,5,0.007298604967520572,2.5,0.03583908650068953,90444.32283986789,3241.4419097543287,444118.0094249536,0.9573401786686743,2765686.8286219174,30.578888113503588
Humacao,2010-2014,1,55,5,0.010200473961711157,2.5,0.04973409154404481,87202.88093011356,4336.956063082704,425172.01449286105,0.9444553910159382,2321568.819196964,26.62261606996131
Humacao,2010-2014,1,60,5,0.01272412624908267,2.5,0.06165923162632633,82865.92486703086,5109.449255306012,401556.00119688926,0.9279976190755178,1896396.804704103,22.885122054054403
Humacao,2010-2014,1,65,5,0.017324210526236207,2.5,0.08302518803972947,77756.47561172485,6455.746008970091,372643.01303619903,0.8993605850874663,1494840.8035072137,19.22464710169821
Humacao,2010-2014,1,70,5,0.02549762110883149,2.5,0.11984847784758754,71300.72960275476,8545.283912312589,335140.4382329923,0.853021444108162,1122197.7904710146,15.738938391279206
Humacao,2010-2014,1,75,5,0.039030438774857026,2.5,0.1778028825690264,62755.44569044217,11158.099140664599,285881.9806005494,0.7766461375107815,787057.3522380223,12.541658235054067
Humacao,2010-2014,1,80,5,0.06477996064215535,2.5,0.27875539449959597,51597.34654977757,14383.038692615613,222029.13601734882,0.5569831468535241,501175.3716374729,9.71320048704391
Humacao,2010-2014,1,85,NA,0.14702597189406882,7.501046014117979,1,37214.307857161955,37214.307857161955,279146.2356201241,0,279146.2356201241,7.501046014117979
Humacao,2010-2014,2,0,1,0.006060868839236908,0.13657327810078154,0.006029316724729982,100000,602.9316724730015,99479.41268250742,0.9937224058565082,8305225.56887834,83.05225568878339
Humacao,2010-2014,2,1,4,2.0902998855855067e-4,1.5141903016888643,8.356857246003993e-4,99397.068327527,83.06471106843674,397381.79024574667,0.9991756048743095,8205746.156195832,82.55521308894917
Humacao,2010-2014,2,5,5,9.541724474527202e-5,2.5,4.769724452350007e-4,99314.00361645856,47.3700431510224,496451.5929744153,0.9994853141077915,7808364.365950085,78.62299455880624
Humacao,2010-2014,2,10,5,1.1051399213074517e-4,2.5,5.524173360409056e-4,99266.63357330754,54.836609276317176,496196.0763433469,0.9988291042808574,7311912.77297567,73.65932045611163
Humacao,2010-2014,2,15,5,3.5826378505856497e-4,2.5,0.0017897159492674143,99211.79696403122,177.56093538200366,495615.0824817011,0.9974364755324217,6815716.696632324,68.69865182568289
Humacao,2010-2014,2,20,5,6.688606425954028e-4,2.5,0.0033387203663528013,99034.23602864922,330.6476207950618,494344.5610912584,0.9960427981978818,6320101.614150622,63.817341028634836
Humacao,2010-2014,2,25,5,9.176514100655229e-4,2.5,0.004577755091790325,98703.58840785416,451.84085441203206,492388.33990324073,0.9956225682397749,5825757.053059364,59.02274828131568
Humacao,2010-2014,2,30,5,8.369851393564209e-4,2.5,0.004176187180259484,98251.74755344212,410.3176885707653,490232.94354578375,0.9950137511709156,5333368.713156124,54.28268550903017
Humacao,2010-2014,2,35,5,0.0011633149701852268,2.5,0.005799707634142395,97841.42986487136,567.4516877227143,487788.52010505,0.993742405012827,4843135.76961034,49.49984660178399
Humacao,2010-2014,2,40,5,0.0013481592593069531,2.5,0.006718153444605292,97273.97817714865,653.5015115612623,484736.1371068401,0.9912972894843807,4355347.24950529,44.77402210870447
Humacao,2010-2014,2,45,5,0.002151650135198305,2.5,0.010700690321548835,96620.47666558738,1033.9057995188778,480517.6188291397,0.9870449011150803,3870611.1123984493,40.05994635893798
Humacao,2010-2014,2,50,5,0.0030701636930054233,2.5,0.015233892108887447,95586.5708660685,1456.1555076322256,474292.465561262,0.981842639828561,3390093.49356931,35.46621102580772
Humacao,2010-2014,2,55,5,0.004270318078976748,2.5,0.021126052979939598,94130.41535843628,1988.604141886055,465680.5664374663,0.9726509881871827,2915801.0280080475,30.976183594909887
Humacao,2010-2014,2,60,5,0.006856813725733483,2.5,0.03370627451433433,92141.81121655022,3105.7571831130044,452944.6631249686,0.9584074762050674,2450120.4615705814,26.59075645704801
Humacao,2010-2014,2,65,5,0.010204632199829592,2.5,0.04975386135990022,89036.05403343722,4429.88748841222,434105.5514461556,0.9315295928306707,1997175.798445613,22.431090642174905
Humacao,2010-2014,2,70,5,0.018446575181456013,2.5,0.08816693109965974,84606.166545025,7459.466056381556,404382.1675841711,0.8966425233370486,1563070.2469994572,18.474661018563413
Humacao,2010-2014,2,75,5,0.025535723421314625,2.5,0.1200168259247753,77146.70048864344,9258.902123216307,362586.24713517644,0.8423850072162623,1158688.0794152862,15.01928238118043
Humacao,2010-2014,2,80,5,0.04452865776438315,2.5,0.20034099933320837,67887.79836542714,13600.709367061034,305437.2184094831,0.6163339838891182,796101.8322801096,11.72672927165563
Humacao,2010-2014,2,85,NA,0.11431926139965427,9.038329793026742,1,54287.088998366104,54287.088998366104,490664.6138706266,0,490664.6138706266,9.038329793026742
Humacao,2015-2019,1,0,1,0.009274652354910514,0.13078289495839382,0.009200480962019643,100000,920.0480962019647,99200.27845732028,0.9903146331460168,7710343.776070747,77.10343776070746
Humacao,2015-2019,1,1,4,3.8580699467022844e-4,1.625278950861435,0.0015418153921013646,99079.95190379804,152.76299489394296,395957.0381156881,0.9985227992648705,7611143.497613426,76.81819935685363
Humacao,2015-2019,1,5,5,1.6995447558971097e-4,2.5,8.494114747441798e-4,98927.18890890409,84.02988942340016,494425.86982096196,0.9990860846660167,7215186.459497739,72.93431198314708
Humacao,2015-2019,1,10,5,1.957905940297548e-4,2.5,9.784740301197743e-4,98843.15901948069,96.71546415556804,493974.00643701456,0.997711318625702,6720760.589676777,67.99419055750943
Humacao,2015-2019,1,15,5,7.213328567633435e-4,2.5,0.003600171977972442,98746.44355532512,355.5041790123214,492843.45732909476,0.9942467438834786,6226786.583239762,63.05833768839535
Humacao,2015-2019,1,20,5,0.0015891121590944346,2.5,0.007914119735720766,98390.9393763128,778.6776751341822,490008.00269372854,0.9899418669815943,5733943.125910668,58.277145865842705
Humacao,2015-2019,1,25,5,0.0024588727171321262,2.5,0.012219249636771422,97612.26170117862,1192.7485933365679,485079.4370225517,0.9878304780400736,5243935.123216939,53.72209425154239
Humacao,2015-2019,1,30,5,0.0024386128190920656,2.5,0.012119179131492998,96419.51310784205,1168.5253511252668,479176.2521613971,0.9881985585095322,4758855.686194387,49.35573239072224
Humacao,2015-2019,1,35,5,0.002309215852871659,2.5,0.011479805889985683,95250.98775671679,1093.4628502764972,473521.2816578927,0.9864359120021082,4279679.43403299,44.93055174360857
Humacao,2015-2019,1,40,5,0.0031592719895607393,2.5,0.01567257512878208,94157.52490644029,1475.6908830363682,467098.39732461056,0.9809481884953305,3806158.1523750974,40.42330292939507
Humacao,2015-2019,1,45,5,0.0045481021980889515,2.5,0.022484852473053756,92681.83402340392,2083.9373649482877,458199.32670464885,0.973590998768352,3339059.755050487,36.02712214571964
Humacao,2015-2019,1,50,5,0.0061786708198619585,2.5,0.030423413456893044,90597.89665845563,2756.2972683650733,446098.74012136547,0.9622820264938637,2880860.428345838,31.79831469163543
Humacao,2015-2019,1,55,5,0.0092577002763434,2.5,0.04524142255645924,87841.59939009056,3974.0789160422864,429272.79966034705,0.9478590815409544,2434761.6882244726,27.717638398318357
Humacao,2015-2019,1,60,5,0.012236699877811726,2.5,0.059367348328951415,83867.52047404827,4978.992301468286,406890.1216165707,0.9267845763225467,2005488.8885641254,23.912581142597368
Humacao,2015-2019,1,65,5,0.01839636742857905,2.5,0.08793751026874938,78888.52817257999,6937.260756262782,377099.488972243,0.899386011176371,1598598.7669475547,20.26402068815874
Humacao,2015-2019,1,70,5,0.024293493371432762,2.5,0.11451268403103171,71951.2674163172,8239.332751276997,339158.0052033935,0.8585102168448497,1221499.2779753117,16.97675832320778
Humacao,2015-2019,1,75,5,0.03762613333751978,2.5,0.17195560535001495,63711.93466504021,10955.624293347602,291170.61259183206,0.7976102379629744,882341.2727719182,13.848916649772896
Humacao,2015-2019,1,80,5,0.05432449260926087,2.5,0.2391440192769107,52756.310371692605,12616.35610450674,232240.6615971962,0.6071512386517126,591170.6601800862,11.205686220568031
Humacao,2015-2019,1,85,NA,0.13779213796429388,8.941963316493181,1,40139.954267185865,40139.954267185865,358929.99858288997,0,358929.99858288997,8.941963316493181
Humacao,2015-2019,2,0,1,0.005497786561608638,0.13773056421352262,0.005471846870342828,100000,547.1846870342852,99528.17936863995,0.9943189999297759,8443179.509517197,84.43179509517196
Humacao,2015-2019,2,1,4,1.821123195092981e-4,1.5150973051419523,7.281197809780602e-4,99452.81531296571,72.4135621033347,397631.320596248,0.9992764291607802,8343651.330148556,83.89557705221434
Humacao,2015-2019,2,5,5,8.23179979096014e-5,2.5,4.115053038161587e-4,99380.40175086238,40.89556241585524,496799.76984827226,0.9995198446963213,7946020.009552308,79.95560361561283
Humacao,2015-2019,2,10,5,1.097968430984236e-4,2.5,5.488335650100567e-4,99339.50618844652,54.520855327747995,496561.2288039132,0.9988561304579787,7449220.239704036,74.98749012878022
Humacao,2015-2019,2,15,5,3.4814921098867105e-4,2.5,0.0017392322740834847,99284.98533311878,172.679650823251,495993.2275385358,0.9975555837748799,6952659.010900123,70.02729554295361
Humacao,2015-2019,2,20,5,6.311600970412407e-4,2.5,0.003150828791691393,99112.30568229553,312.285906354693,494780.81364559085,0.9966790058803722,6456665.783361587,65.14494581589523
Humacao,2015-2019,2,25,5,6.995607880734098e-4,2.5,0.0034916973040726718,98800.01977594083,344.9797626939835,493137.6494729692,0.9960789581811932,5961884.969715996,60.34295320219963
Humacao,2015-2019,2,30,5,8.722761707925454e-4,2.5,0.004351890727513968,98455.04001324685,428.4655757106666,491204.03612695757,0.9950887629967206,5468747.320243027,55.54563097538961
Humacao,2015-2019,2,35,5,0.001097609249681466,2.5,0.005473028132651916,98026.57443753618,536.502199644121,488791.61668857065,0.9937197012351988,4977543.28411607,50.777488784817486
Humacao,2015-2019,2,40,5,0.0014234499471840174,2.5,0.007092011925916651,97490.07223789206,691.4007549696253,485721.85930203623,0.992096215081507,4488751.667427499,46.0431669029252
Humacao,2015-2019,2,45,5,0.0017519107459455317,2.5,0.008721356135893433,96798.67148292244,844.2156874838984,481882.81819590245,0.9879320559152291,4003029.8081254624,41.35418127956117
Humacao,2015-2019,2,50,5,0.00311283237500965,2.5,0.015443975606878373,95954.45579543854,1481.9182746760634,476067.4832905025,0.9812680926710599,3521146.98992956,36.69602376189963
Humacao,2015-2019,2,55,5,0.004463541196620391,2.5,0.02207141431544034,94472.53752076247,2085.1425170517323,467149.83131118305,0.9737585678729745,3045079.506639058,32.23243057242781
Humacao,2015-2019,2,60,5,0.006195613423323187,2.5,0.030505565390566296,92387.39500371074,2818.3297195497726,454891.15071967925,0.9648166618030602,2577929.6753278747,27.903478339489194
Humacao,2015-2019,2,65,5,0.008164993586170895,2.5,0.0400082991656516,89569.06528416097,3583.5059598764783,438886.5615211137,0.9472959668264809,2123038.5246081953,23.702809869376015
Humacao,2015-2019,2,70,5,0.013635252482398377,2.5,0.06592887042662596,85985.55932428449,5668.930799251713,415755.46962329315,0.9154372664905953,1684151.9630870817,19.586451217180542
Humacao,2015-2019,2,75,5,0.02205486018584639,2.5,0.1045118171421356,80316.62852503278,8394.036793881067,380598.0506404612,0.8600601331635119,1268396.4934637884,15.792451908865416
Humacao,2015-2019,2,80,5,0.0394403661334455,2.5,0.17950270012959432,71922.59173115171,12910.299416060167,327337.2101156081,0.6312933270364516,887798.4428233273,12.343804936033703
Humacao,2015-2019,2,85,NA,0.1108594320176197,9.497364205328271,1,59012.292315091545,59012.292315091545,560461.2327077191,0,560461.2327077191,9.497364205328271
Humacao,2020-2024,1,0,1,0.011879187361842299,0.12558567557881178,0.011757062851459985,100000,1175.7062851459923,98971.94558295632,0.9878337806438525,7731459.274542991,77.3145927454299
Humacao,2020-2024,1,1,4,3.7434399520063725e-4,1.617575969628551,0.0014960417417651496,98824.29371485401,147.84526849786926,394944.94473896996,0.9984532391809784,7632487.328960035,77.23290541273877
Humacao,2020-2024,1,5,5,1.8600575586919527e-4,2.5,9.29596503595215e-4,98676.44844635614,91.72928146294726,493152.9190281233,0.9990237308655482,7237542.384221065,73.34619859323006
Humacao,2020-2024,1,10,5,2.047017419038977e-4,2.5,0.001022985192392427,98584.71916489319,100.85070790184545,492671.46905471134,0.9976195377564407,6744389.465192941,68.41211825041819
Humacao,2020-2024,1,15,5,7.492667567446545e-4,2.5,0.0037393293957014794,98483.86845699135,368.2636243236193,491498.6832241477,0.9944707686381931,6251717.99613823,63.47961441896855
Humacao,2020-2024,1,20,5,0.0014705568369603587,2.5,0.007325851482342007,98115.60483266773,718.7803491042723,488781.0732905779,0.9924672258325897,5760219.312914082,58.7084931366209
Humacao,2020-2024,1,25,5,0.0015542607250428452,2.5,0.007741223924440426,97396.82448356345,753.9706278566882,485099.19584817556,0.9889474630036548,5271438.239623505,54.12330707468912
Humacao,2020-2024,1,30,5,0.002898793091382533,2.5,0.01438968366790342,96642.85385570677,1390.6600957470364,479737.61903916625,0.9842056226829164,4786339.043775328,49.52605239619272
Humacao,2020-2024,1,35,5,0.0034738247340336086,2.5,0.017219579170091263,95252.19375995973,1640.2026915745082,472160.46207086236,0.9813618156500595,4306601.424736163,45.21262193277157
Humacao,2020-2024,1,40,5,0.004057065337624989,2.5,0.020081645320246814,93611.99106838522,1879.882802357417,463360.24833603256,0.9796832887040646,3834440.9626653004,40.96100209923078
Humacao,2020-2024,1,45,5,0.00415401510638452,2.5,0.0205565945214775,91732.1082660278,1885.6997542250174,453946.2919445765,0.9757275104690288,3371080.7143292674,36.74919042035926
Humacao,2020-2024,1,50,5,0.0056931680683408375,2.5,0.028066373882745778,89846.40851180279,2521.662893314162,442927.88532572857,0.9634755772276511,2917134.422384691,32.46801369919509
Humacao,2020-2024,1,55,5,0.009254620720387867,2.5,0.045226713404469224,87324.74561848863,3949.41124320557,426750.1999844292,0.952300840241751,2474206.5370589625,28.333395299752432
Humacao,2020-2024,1,60,5,0.010317163198572366,2.5,0.050288723572498424,83375.33437528306,4192.839143163248,406394.57401850715,0.9364648916360849,2047456.3370745333,24.557098959971427
Humacao,2020-2024,1,65,5,0.016121138423692657,2.5,0.07748291031193992,79182.4952321198,6135.290176345938,380574.2507197342,0.9085861120043365,1641061.7630560263,20.725057454243263
Humacao,2020-2024,1,70,5,0.02250135293117401,2.5,0.10651493906500939,73047.20505577387,7780.618595385007,345784.47879040684,0.8753161472057706,1260487.512336292,17.255793857874092
Humacao,2020-2024,1,75,5,0.031271202152384284,2.5,0.14501873529378387,65266.58646038886,9464.877825427982,302670.7377383744,0.8128434342708107,914703.0335458852,14.014874733812382
Humacao,2020-2024,1,80,5,0.05362831549275731,2.5,0.2364416579000503,55801.70863496088,13193.848503305715,246023.92191654013,0.598021340373978,612032.2958075108,10.967984866041547
Humacao,2020-2024,1,85,NA,0.10171058935500984,8.59016089425828,1,42607.860131655165,42607.860131655165,366008.37389097066,0,366008.37389097066,8.59016089425828
Humacao,2020-2024,2,0,1,0.006888037825613706,0.13487322249815092,0.006847234974595313,100000,684.723497459534,99407.62736716303,0.99298620327574,8423537.941945937,84.23537941945936
Humacao,2020-2024,2,1,4,1.7783559450268205e-4,1.5128595486963334,7.110278888817702e-4,99315.27650254047,70.61593138529861,397085.474270707,0.9992476033718503,8324130.314578774,83.81520555265075
Humacao,2020-2024,2,5,5,8.365802570878996e-5,2.5,4.182026635210089e-4,99244.66057115517,41.50438139110338,496119.54190229805,0.9995364116221896,7927044.840308067,79.87376645441431
Humacao,2020-2024,2,10,5,1.0182453008408351e-4,2.5,5.089930804673309e-4,99203.15618976406,50.49372006110207,495889.54664866754,0.9989214392187771,7430925.298405769,74.90613790746008
Humacao,2020-2024,2,15,5,3.299556596390943e-4,2.5,0.0016484185356322567,99152.66246970296,163.4450866723637,495354.6996318339,0.9978285768568211,6935035.751757102,69.94301089873575
Humacao,2020-2024,2,20,5,5.397857007955213e-4,2.5,0.0026952913047132,98989.2173830306,266.8047768728429,494279.0749729709,0.9968154212240967,6439681.052125268,65.0543687723831
Humacao,2020-2024,2,25,5,7.363909044107351e-4,2.5,0.003675188583441574,98722.41260615776,362.823483739965,492705.00432143884,0.9953982356554095,5945401.977152297,60.22342667891259
Humacao,2020-2024,2,30,5,0.001109420123392465,2.5,0.005531758007833255,98359.58912241779,544.1014447751077,490437.69200015115,0.9943563086578731,5452696.972830858,55.43635370461402
Humacao,2020-2024,2,35,5,0.0011545724640777398,2.5,0.005756247308790819,97815.48767764268,563.0501377025066,487669.81304395717,0.9939118547708556,4962259.2808307065,50.73081368447659
Humacao,2020-2024,2,40,5,0.0012885303877124873,2.5,0.006421964696910472,97252.43753994018,624.5517205699871,484700.80839827587,0.9912952336140968,4474589.46778675,46.0100495265129
Humacao,2020-2024,2,45,5,0.0022126366517996347,2.5,0.011002322901729918,96627.88581937019,1063.1312010961992,480481.60109411046,0.986313515431598,3989888.6593884737,41.29127555214143
Humacao,2020-2024,2,50,5,0.003307221410358324,2.5,0.016400506783850924,95564.75461827399,1567.3104064140498,473905.49707533483,0.9807274754837446,3509407.0582943633,36.72281765712074
Humacao,2020-2024,2,55,5,0.004488289057031503,2.5,0.022192430181328042,93997.44421185994,2086.031717894977,464772.1417645622,0.9754594650273167,3035501.5612190287,32.29344783436176
Humacao,2020-2024,2,60,5,0.0054619644619395835,2.5,0.026941932613520368,91911.41249396496,2476.2710818258784,453366.3847652601,0.9666279554213232,2570729.4194544666,27.96964326517411
Humacao,2020-2024,2,65,5,0.008159140572438271,2.5,0.03998019282868528,89435.14141213908,3575.634199318054,438236.6215624003,0.9433884728954917,2117363.034689206,23.674844152500164
Humacao,2020-2024,2,70,5,0.015354724681875242,2.5,0.07393547620596151,85859.50721282103,6348.063552589112,413427.37718263234,0.9130824962798723,1679126.413126806,19.556674241848775
Humacao,2020-2024,2,75,5,0.021260156541458602,2.5,0.10093599506777125,79511.44366023192,8025.566685120546,377493.30158835824,0.8632491019527005,1265699.0359441736,15.918451202480428
Humacao,2020-2024,2,80,5,0.038737604941398905,2.5,0.17658666366915593,71485.87697511137,12623.452514498655,325870.7535893102,0.6331134319621873,888205.7343558153,12.424912051719732
Humacao,2020-2024,2,85,NA,0.09968509090246258,9.553377828376517,1,58862.42446061272,58862.42446061272,562334.9807665051,0,562334.9807665051,9.553377828376517
Isabela,1980-1984,1,0,1,0.01766436888056902,0.11404163511726856,0.017392183035800857,100000,1739.2183035800845,98459.12499558607,0.982081141639866,7267678.3968344955,72.67678396834495
Isabela,1980-1984,1,1,4,4.90127490108212e-4,1.600597352513132,0.0019582070830599825,98260.78169641992,192.41495870493236,392581.44582434697,0.9979933525648718,7169219.271838909,72.96114632985986
Isabela,1980-1984,1,5,5,2.3393948738628943e-4,2.5,0.0011690137407433046,98068.36673771498,114.64326824864838,490055.2255179533,0.9988011934326975,6776637.8260145625,69.10115923658401
Isabela,1980-1984,1,10,5,2.458778995754819e-4,2.5,0.0012286342628476709,97953.72346946633,120.34930082809296,489467.74409526144,0.9970327073224559,6286582.600496609,64.1791080300917
Isabela,1980-1984,1,15,5,9.438398204301238e-4,2.5,0.004708089895347136,97833.37416863824,460.6083203510789,488015.3500423135,0.9927440028903887,5797114.856401348,59.25498231726825
Isabela,1980-1984,1,20,5,0.0019728741928553943,2.5,0.009815956844435548,97372.76584828716,955.8068673901143,484474.31207296054,0.9901593700824262,5309099.506359034,54.52345386420411
Isabela,1980-1984,1,25,5,0.0019828906673990117,2.5,0.009865547581425086,96416.95898089705,951.2060964823468,479706.77966327936,0.98892918809199,4824625.194286074,50.03917614993405
Isabela,1980-1984,1,30,5,0.0024728101114328553,2.5,0.012288085303194552,95465.7528844147,1173.0913149773842,474396.03613463003,0.9865323049302038,4344918.414622794,45.512849198218866
Isabela,1980-1984,1,35,5,0.0029540521906090034,2.5,0.014661980315371793,94292.66156943732,1382.5171478151024,468007.01497764885,0.9816407117691487,3870522.378488164,41.04797037294257
Isabela,1980-1984,1,40,5,0.004471761459261749,2.5,0.02211161265314757,92910.14442162222,2054.393124998911,459414.73929561384,0.9738079069778809,3402515.363510515,36.6215700631144
Isabela,1980-1984,1,45,5,0.006166591692833983,2.5,0.030364839545924574,90855.7512966233,2758.820309946401,447381.7057082505,0.9638629289563284,2943100.624214901,32.393113063435564
Isabela,1980-1984,1,50,5,0.0085989786261508,2.5,0.04209006422416179,88096.9309866769,3708.005483180794,431214.6412254325,0.947295199625851,2495718.9185066507,28.329237926393642
Isabela,1980-1984,1,55,5,0.01317745675100974,2.5,0.06378594250823698,84388.92550349611,5382.827150497891,408487.5596412358,0.9282620361831889,2064504.2772812182,24.464161203186414
Isabela,1980-1984,1,60,5,0.01671697017742989,2.5,0.0802317705962977,79006.09835299822,6338.799158766284,379183.49386807537,0.9103700511793718,1656016.7176399825,20.960618890973723
Isabela,1980-1984,1,65,5,0.021018935460401313,2.5,0.09984793409548791,72667.29919423193,7255.679700842775,345197.29671905277,0.863043422633063,1276833.223771907,17.570946463264967
Isabela,1980-1984,1,70,5,0.039121664798004725,2.5,0.17818143778444923,65411.61949338916,11655.136409141385,297920.2564440923,0.819461841755343,931635.9270528542,14.242667193815775
Isabela,1980-1984,1,75,5,0.040384550949888534,2.5,0.18340584774275562,53756.483084247775,9859.253351735562,244134.28204189998,0.754320231309695,633715.670608762,11.78863709546615
Isabela,1980-1984,1,80,5,0.07674108969041707,2.5,0.321940320857389,43897.22973251221,14132.288224835502,184155.42810047232,0.5272992152476333,389581.3885668619,8.874851350319286
Isabela,1980-1984,1,85,NA,0.1873249288786212,6.901608068452209,1,29764.94150767671,29764.94150767671,205425.96046638963,0,205425.96046638963,6.901608068452209
Isabela,1980-1984,2,0,1,0.010153935284279601,0.12816092142827867,0.01006483534722033,100000,1006.483534722036,99122.50832249034,0.9895823245169072,7784467.083270672,77.84467083270671
Isabela,1980-1984,2,1,4,3.0969976356410347e-4,1.5076245128900725,0.001237843577530407,98993.51646527796,122.5384885737003,395668.6539359633,0.9988044295076421,7685344.574948181,77.63482750553487
Isabela,1980-1984,2,5,5,1.256863316888869e-4,2.5,6.282342572963324e-4,98870.97797670426,62.11413541735965,494199.60454497795,0.9992127166037847,7289675.921012218,73.7291778658222
Isabela,1980-1984,2,10,5,1.8937611947170743e-4,2.5,9.46432518064505e-4,98808.8638412869,93.51592181238811,493810.52940190356,0.9981240894171929,6795476.31646724,68.77395460575852
Isabela,1980-1984,2,15,5,5.620424550405389e-4,2.5,0.002806269169169333,98715.34791947452,277.02183739026077,492884.18500389694,0.9963734244404198,6301665.7870653365,63.83673785160359
Isabela,1980-1984,2,20,5,8.918220287645722e-4,2.5,0.004449190428736572,98438.32608208426,437.9708582252497,491096.70326485817,0.9953499020078969,5808781.602061439,59.009349643122746
Isabela,1980-1984,2,25,5,9.727405067539485e-4,2.5,0.004851903426275751,98000.355223859,475.48825928688166,488813.0554710778,0.9941337087352151,5317684.898796582,54.26189411915465
Isabela,1980-1984,2,30,5,0.00138188252454271,2.5,0.006885624811220591,97524.86696457212,671.5196436822444,485945.535713655,0.9925943383990254,4828871.843325503,49.51426229660675
Isabela,1980-1984,2,35,5,0.0015921732118643445,2.5,0.00792930399579464,96853.34732088988,767.97963391761,482346.78751965537,0.9900251088433997,4342926.307611848,44.84022935441841
Isabela,1980-1984,2,40,5,0.002421941857188895,2.5,0.01203682804178899,96085.36768697227,1156.563048180149,477535.43081441097,0.9860146100300545,3860579.520092193,40.178641275217075
Isabela,1980-1984,2,45,5,0.0032172080398409435,2.5,0.01595769216041523,94928.80463879212,1514.8446415820508,470856.9115900055,0.9809234291270047,3383044.089277782,35.63769819024267
Isabela,1980-1984,2,50,5,0.004499250581959238,2.5,0.022246026787372773,93413.95999721007,2078.0894564125047,461874.5763450191,0.9721557255852568,2912187.1776877767,31.175074665229406
Isabela,1980-1984,2,55,5,0.00682859649871587,2.5,0.03356989433626219,91335.87054079756,3066.1355231650814,449014.01389607514,0.957299397260775,2450312.6013427577,26.827494902435525
Isabela,1980-1984,2,60,5,0.010708922022000985,2.5,0.0521484752231768,88269.73501763248,4603.132089523395,429840.84486435395,0.9388397764474767,2001298.5874466824,22.67253421625101
Isabela,1980-1984,2,65,5,0.01465124054613149,2.5,0.07066777625859524,83666.60292810909,5912.532776040345,403551.6827004446,0.9043093016535789,1571457.7425823286,18.782377765864485
Isabela,1980-1984,2,70,5,0.026124953872792442,2.5,0.12261639988627049,77754.07015206874,9533.924158551192,364935.54036396573,0.8517977335745699,1167906.059881884,15.020513493348108
Isabela,1980-1984,2,75,5,0.03892467823111088,2.5,0.17736381735462833,68220.14599351755,12099.785513900322,310851.26618283696,0.7650400865897764,802970.5195179182,11.770284390687443
Isabela,1980-1984,2,80,5,0.07196915311772675,2.5,0.3049739697703293,56120.36047961723,17115.249120410772,237813.6795970592,0.5167559936226815,492119.2533350812,8.768996655212463
Isabela,1980-1984,2,85,NA,0.1577286822796385,6.519801248509903,1,39005.11135920646,39005.11135920646,254305.57373802204,0,254305.57373802204,6.519801248509903
Isabela,1985-1989,1,0,1,0.014444385116308904,0.1204669517196614,0.014263181182897216,100000,1426.3181182897242,98745.50607760316,0.98515719645403,7155421.202896411,71.5542120289641
Isabela,1985-1989,1,1,4,4.90448630957862e-4,1.6100250350959306,0.001959497679130714,98573.68188171028,193.15490087059152,393833.09214941185,0.9980510183437432,7056675.696818808,71.58782711684557
Isabela,1985-1989,1,5,5,2.311249784421764e-4,2.5,0.001154957543367601,98380.52698083968,113.62533175699355,491618.5715748059,0.9987087513045559,6662842.604669396,67.7252176740935
Isabela,1985-1989,1,10,5,2.8574346561272614e-4,2.5,0.0014276974400277307,98266.90164908269,140.29540392385388,490983.7697356038,0.9970154144118825,6171224.0330945905,62.80063713754221
Isabela,1985-1989,1,15,5,9.108091575193544e-4,2.5,0.004543699679404225,98126.60624515884,445.8578293371538,489518.3866524513,0.9933369469573196,5680240.263358986,57.886851290541046
Isabela,1985-1989,1,20,5,0.0017661802119882254,2.5,0.008792080065357004,97680.74841582168,858.816960915894,486256.6996768187,0.9900856012352378,5190721.876706535,53.139661201303575
Isabela,1985-1989,1,25,5,0.002221605173504592,2.5,0.011046672505552097,96821.93145490579,1069.5601681373664,481435.7568541855,0.986545396099934,4704465.177029717,48.58883835859846
Isabela,1985-1989,1,30,5,0.003203336003609216,2.5,0.015889432043689946,95752.37128676842,1521.4507965832745,474958.2294423839,0.9816253317668391,4223029.420175531,44.10365365812191
Isabela,1985-1989,1,35,5,0.004224148619098645,2.5,0.020900031002744814,94230.92049018515,1969.4291596620606,466231.0295517706,0.9779401279789924,3748071.190733147,39.775385523518644
Isabela,1985-1989,1,40,5,0.004703560123675782,2.5,0.023244471198812254,92261.49133052309,2144.5695779918024,455946.03270763595,0.9754169520453065,3281840.1611813763,35.57107211094514
Isabela,1985-1989,1,45,5,0.005258939828188827,2.5,0.02595347967113755,90116.92175253129,2338.8476967298193,444737.4895208319,0.9667460346007104,2825894.1284737405,31.35808540191692
Isabela,1985-1989,1,50,5,0.008319295909859926,2.5,0.040748972645644865,87778.07405580147,3576.8663385872496,429948.20443253923,0.953602006812502,2381156.6389529086,27.12700938777925
Isabela,1985-1989,1,55,5,0.010738129001392384,2.5,0.0522869840572117,84201.20771721422,4402.627205507946,409999.47057230124,0.9268593398026488,1951208.4345203692,23.173164464260545
Isabela,1985-1989,1,60,5,0.019979444865378462,2.5,0.09514487011040616,79798.58051170627,7592.425577781076,380011.83861407865,0.8939341146816037,1541208.963948068,19.31373909241376
Isabela,1985-1989,1,65,5,0.025110250177637638,2.5,0.11813523746908011,72206.1549339252,8530.091259848443,339705.54652000486,0.8480196506101838,1161197.1253339893,16.081691739389584
Isabela,1985-1989,1,70,5,0.04207672493510533,2.5,0.19035937683116877,63676.06367407675,12121.335800059074,288076.9788702361,0.7782403136094155,821491.5788139845,12.901104927257354
Isabela,1985-1989,1,75,5,0.05991356243789981,2.5,0.2605427077223438,51554.72787401768,13432.20839618516,224193.1183796255,0.6959347476673694,533414.5999437484,10.346569983789525
Isabela,1985-1989,1,80,5,0.08867575401573226,2.5,0.36292266717565635,38122.51947783252,13835.526448350884,156023.78126828535,0.4954303288404273,309221.4815641229,8.111255126879245
Isabela,1985-1989,1,85,NA,0.17819134252375707,6.307808468091257,1,24286.993029481633,24286.993029481633,153197.70029583757,0,153197.70029583757,6.307808468091257
Isabela,1985-1989,2,0,1,0.009981469505928172,0.128515385168551,0.00989539248394726,100000,989.5392483947217,99137.63176925213,0.989810367674926,7832388.801464489,78.3238880146449
Isabela,1985-1989,2,1,4,2.7810310922910317e-4,1.5079001964286178,0.001111642001528368,99010.46075160528,110.0641867621598,395767.5520682109,0.9988498420187308,7733251.169695237,78.10539523794566
Isabela,1985-1989,2,5,5,1.343362779754439e-4,2.5,6.714558876652853e-4,98900.39656484312,66.40725356589246,494335.96469030087,0.9992766577123291,7337483.617627026,74.19063899118214
Isabela,1985-1989,2,10,5,1.5511283676716617e-4,2.5,7.752635505144247e-4,98833.98931127723,76.62238946495927,493978.3905827238,0.9984295923877833,6843147.652936725,69.23880843648091
Isabela,1985-1989,2,15,5,4.737942582292791e-4,2.5,0.0023661685984065766,98757.36692181227,233.6765804716997,493202.6431578821,0.9968572989027766,6349169.262354001,64.29058874545265
Isabela,1985-1989,2,20,5,7.857555755695669e-4,2.5,0.003921075360780431,98523.69034134057,386.31881465059996,491652.6546700763,0.9952452779402546,5855966.619196119,59.43714246703317
Isabela,1985-1989,2,25,5,0.0011214655051049619,2.5,0.00559165041787418,98137.37152668997,548.7498745062912,489314.9829471841,0.9940941011330172,5364313.964526043,54.66127613849058
Isabela,1985-1989,2,30,5,0.0012482661754796105,2.5,0.0062219143642789024,97588.62165218368,607.1880468479067,486425.1381437986,0.9927103297518964,4874998.981578859,49.95458383410597
Isabela,1985-1989,2,35,5,0.0016798474577962492,2.5,0.008364111211592449,96981.43360533577,811.1634961346863,482879.25928634213,0.9904960337249097,4388573.84343506,45.251690764794056
Isabela,1985-1989,2,40,5,0.002142097474394479,2.5,0.010653435628090999,96170.27010920108,1024.5437819444924,478289.99109114415,0.9877099282317483,3905694.584148718,40.61228672555263
Isabela,1985-1989,2,45,5,0.002808447251180591,2.5,0.013944331457524365,95145.72632725659,1326.7435446741583,472411.7727745975,0.9823877955613853,3427404.593057574,36.02268567764055
Isabela,1985-1989,2,50,5,0.00431238513284295,2.5,0.021331946739282057,93818.98278258243,2001.3415438516822,464091.56005328294,0.9721245182668111,2954992.820282976,31.496747594577126
Isabela,1985-1989,2,55,5,0.007033880364033627,2.5,0.034561645618997744,91817.64123873075,3173.3687780652835,451154.7842484905,0.956304945963076,2490901.2602296933,27.12878730736741
Isabela,1985-1989,2,60,5,0.010921350239611985,2.5,0.05315542856677389,88644.27246066547,4711.924292636555,431441.55157173594,0.9339315012198396,2039746.475981203,23.010471171572974
Isabela,1985-1989,2,65,5,0.016602983465274702,2.5,0.07970650294998964,83932.34816802891,6689.953956854544,402936.8559480082,0.9005568555177299,1608304.9244094668,19.161919802240135
Isabela,1985-1989,2,70,5,0.025733271792496112,2.5,0.12088917403213251,77242.39421117437,9337.769236453241,362867.54796473874,0.8533792610191265,1205368.0684614587,15.605006561113075
Isabela,1985-1989,2,75,5,0.0385702176082242,2.5,0.17589072882590975,67904.62497472113,11943.793977453774,309663.6399299712,0.7767246267668553,842500.52049672,12.40711543301149
Isabela,1985-1989,2,80,5,0.06532550911413815,2.5,0.2807733848011099,55960.83099726735,15712.311935385624,240523.37514787272,0.5485984849771632,532836.8805667488,9.521604148315237
Isabela,1985-1989,2,85,NA,0.13920290066943697,7.262714560241253,1,40248.51906188173,40248.51906188173,292313.50541887607,0,292313.50541887607,7.262714560241253
Isabela,1990-1994,1,0,1,0.015917236674804765,0.11752795007726084,0.015696751989342908,100000,1569.6751989342883,98614.80550948357,0.9837853523100671,7154718.191434437,71.54718191434438
Isabela,1990-1994,1,1,4,4.7091943709869495e-4,1.6057056862561099,0.0018815562565914705,98430.32480106571,185.2021934677905,393277.87064555,0.9979906338393927,7056103.385924954,71.68627554755928
Isabela,1990-1994,1,5,5,2.618265040824754e-4,2.5,0.0013082761669744435,98245.12260759792,128.53175242900033,490904.2836569171,0.9985392779504634,6662825.515279404,67.81838465296113
Isabela,1990-1994,1,10,5,3.2293403259408925e-4,2.5,0.0016133676346796366,98116.59085516892,158.2981321108382,490187.2089455675,0.9968363843357546,6171921.231622487,62.9039510833895
Isabela,1990-1994,1,15,5,9.455034426056789e-4,2.5,0.0047163688555545815,97958.29272305808,462.00744094232505,488636.44501293456,0.9932306617784092,5681734.02267692,58.00156234592597
Isabela,1990-1994,1,20,5,0.0017742422921935403,2.5,0.008832036031335271,97496.28528211576,861.090704532995,485328.6996492463,0.990663129031755,5193097.577663985,53.264568620611655
Isabela,1990-1994,1,25,5,0.001978983609716665,2.5,0.009846204355987273,96635.19457758276,951.4898737914773,480797.24820343516,0.9883450322916411,4707768.878014739,48.7169182883483
Isabela,1990-1994,1,30,5,0.002714642544826637,2.5,0.013481717613605108,95683.70470379129,1289.980687040079,475193.5718013563,0.9855491748608837,4226971.629811304,44.17650469217062
Isabela,1990-1994,1,35,5,0.0031106388083097652,2.5,0.015433176447565602,94393.7240167512,1456.794998293335,468326.63258802274,0.9820429122307656,3751778.058009947,39.746054063341674
Isabela,1990-1994,1,40,5,0.004146658204714998,2.5,0.020520561635398032,92936.92901845787,1907.1179801278777,459916.8501419696,0.9731568865353807,3283451.4254219243,35.3298894217799
Isabela,1990-1994,1,45,5,0.006772378916822422,2.5,0.03329812577174642,91029.81103833,3031.122096932624,447571.2499493184,0.964514238289427,2823534.575279955,31.01769127139072
Isabela,1990-1994,1,50,5,0.0076949882881662815,2.5,0.03774875094970421,87998.68894139737,3321.8405927493004,431688.8432251136,0.9488556284544124,2375963.3253306365,26.999985498794267
Isabela,1990-1994,1,55,5,0.013450687277745328,2.5,0.06506549724857276,84676.84834864807,5509.541243246771,409610.38863512344,0.919481348263582,1944274.4821055226,22.961110622589256
Isabela,1990-1994,1,60,5,0.020399297334571853,2.5,0.09704724752828127,79167.3071054013,7682.969248805355,376629.1124049931,0.8864853555327986,1534664.0934703993,19.38507383391464
Isabela,1990-1994,1,65,5,0.028208656010204614,2.5,0.13175191866991298,71484.33785659594,9418.19866745481,333876.19261434267,0.8415657375880203,1158034.9810654062,16.199842032369794
Isabela,1990-1994,1,70,5,0.04178526689474375,2.5,0.18916550652966513,62066.13918914113,11740.772658054579,280978.76430056925,0.7812181768858608,824158.7884510636,13.278718464177572
Isabela,1990-1994,1,75,5,0.05853353608999919,2.5,0.2553075467025838,50325.366531086554,12848.445865960028,219505.7179905327,0.7069674504158541,543180.0241504943,10.793364491741272
Isabela,1990-1994,1,80,5,0.08300167668135586,2.5,0.34369104990131705,37476.92066512653,12880.482210465703,155183.39779946837,0.520556946145809,323674.3061599616,8.636630235769369
Isabela,1990-1994,1,85,NA,0.1844363377127544,6.850215679439785,1,24596.438454660823,24596.438454660823,168490.90836049325,0,168490.90836049325,6.850215679439785
Isabela,1990-1994,2,0,1,0.009704390428435144,0.1290848574841501,0.009623059213367416,100000,962.3059213367378,99161.91320137517,0.9900880631878202,7844728.582057017,78.44728582057017
Isabela,1990-1994,2,1,4,2.7236139994954667e-4,1.5083432826598513,0.0010887067695128459,99037.69407866326,107.82300798039068,395882.1183925349,0.9988892349333724,7745566.668855642,78.20826949690009
Isabela,1990-1994,2,5,5,1.2554354788060158e-4,2.5,6.275207864382621e-4,98929.87107068287,62.08055049649556,494494.1539771731,0.9992527002245662,7349684.550463107,74.29186423594896
Isabela,1990-1994,2,10,5,1.7350602330516466e-4,2.5,8.671539754311476e-4,98867.79052018638,85.73359759167943,494124.61860695266,0.9983085184062888,6855190.396485934,69.33694341117365
Isabela,1990-1994,2,15,5,5.039390177522097e-4,2.5,0.0025165246513586606,98782.0569225947,248.5874813576229,493288.8159095794,0.9967496350823972,6361065.777878981,64.39495163441971
Isabela,1990-1994,2,20,5,7.988033516792931e-4,2.5,0.003986056570026164,98533.46944123707,392.7599832337146,491685.44724810106,0.9952945540794154,5867776.961969402,59.55110476921549
Isabela,1990-1994,2,25,5,0.0010884968797569962,2.5,0.005427714273657259,98140.70945800336,532.6797295520664,489371.84796613664,0.9942799503354944,5376091.5147213,54.7794237927519
Isabela,1990-1994,2,30,5,0.0012064237900406016,2.5,0.0060139804275514165,97608.02972845129,587.0127803587675,486572.6166913595,0.9929782494277426,4886719.666755164,50.06473012876273
Isabela,1990-1994,2,35,5,0.0016136067832158527,2.5,0.008035618096410015,97021.01694809253,779.6238395201945,483156.02514166216,0.9908177870875949,4400147.050063805,45.352514212646724
Isabela,1990-1994,2,40,5,0.002078362347328474,2.5,0.01033809596316012,96241.39310857233,994.9527575846441,478719.5836489001,0.9881460882812053,3916991.0249221427,40.69965010277113
Isabela,1990-1994,2,45,5,0.0026951504152809965,2.5,0.013385561820159056,95246.44035098769,1274.9271154682356,473044.88396626787,0.9837554040759966,3438271.4412732422,36.098687033374134
Isabela,1990-1994,2,50,5,0.0038654811333840053,2.5,0.01914241901801634,93971.51323551945,1798.8420821113832,465360.4609723188,0.9758226262002186,2965226.5573069747,31.554525996354556
Isabela,1990-1994,2,55,5,0.00594930700585888,2.5,0.02931059077173405,92172.67115340807,2701.635444515152,454109.26715575246,0.9612586060034837,2499866.096334656,27.121554198792726
Isabela,1990-1994,2,60,5,0.009932031331756987,2.5,0.04845696638777183,89471.03570889292,4335.494970024956,436516.4411194022,0.9338657216778566,2045756.8291789033,22.86501785712051
Isabela,1990-1994,2,65,5,0.01769170836190046,2.5,0.08471180063058298,85135.54073886796,7211.984953647858,407647.74131022015,0.8988098927068885,1609240.388059501,18.90209863111629
Isabela,1990-1994,2,70,5,0.025349447909085696,2.5,0.1191935150436772,77923.5557852201,9287.982518742443,366397.8226292444,0.8488624639282387,1201592.646749281,15.420146509499881
Isabela,1990-1994,2,75,5,0.041356012324025325,2.5,0.18740432290141074,68635.57326647766,12862.603134954421,311021.3584950022,0.7693305563518276,835194.8241200366,12.168541535704701
Isabela,1990-1994,2,80,5,0.06617671001743088,2.5,0.2839125533103378,55772.97013152324,15834.64635574197,239278.23476826126,0.5435132633374691,524173.46562503435,9.398342322256354
Isabela,1990-1994,2,85,NA,0.14481266716312352,7.133379769672119,1,39938.32377578127,39938.32377578127,284895.2308567731,0,284895.2308567731,7.133379769672119
Isabela,1995-1999,1,0,1,0.015290302633485194,0.11877896561001199,0.015087018095266524,100000,1508.701809526654,98670.50023082287,0.984293107657612,7155518.248728189,71.55518248728188
Isabela,1995-1999,1,1,4,5.196009726618784e-4,1.607542814478962,0.002075823386684176,98491.29819047335,204.45054016867653,393476.05359798315,0.9979916051158696,7056847.748497366,71.64945409542734
Isabela,1995-1999,1,5,5,2.248636658949925e-4,2.5,0.0011236866387327059,98286.84765030467,110.4436174677976,491158.12920785387,0.9987625214226322,6663371.694899382,67.79515117431612
Isabela,1995-1999,1,10,5,2.704624565480835e-4,2.5,0.0013513985263274026,98176.40403283687,132.67544773010013,490550.3315448591,0.9966628753634618,6172213.565691529,62.86860500234986
Isabela,1995-1999,1,15,5,0.001067951284609724,2.5,0.005325537885483521,98043.72858510677,522.1355910140555,488913.30394799873,0.9929954240265942,5681663.2341466695,57.950297445233396
Isabela,1995-1999,1,20,5,0.0017461098639525855,2.5,0.008692603717028591,97521.59299409272,847.7165617509891,485488.67356608616,0.9901824159420349,5192749.93019867,53.24718117056616
Isabela,1995-1999,1,25,5,0.00220254745400476,2.5,0.01095242915763302,96673.87643234173,1058.8137830190099,480722.34770416113,0.987907597786449,4707261.256632585,48.69217445652977
Isabela,1995-1999,1,30,5,0.002666659753724336,2.5,0.013244999004165365,95615.06264932272,1266.4214095734787,474909.2597226799,0.9863915146576592,4226538.908928423,44.20369334933822
Isabela,1995-1999,1,35,5,0.002815042852609782,2.5,0.01397685067903389,94348.64123974924,1318.6968703777093,468446.4640228019,0.9818459081564278,3751629.649205744,39.76347300723157
Isabela,1995-1999,1,40,5,0.004528810323371732,2.5,0.022390545285273983,93029.94436937153,2082.991182288926,459942.2438911353,0.9758863892774645,3283183.1851829416,35.291681699251576
Isabela,1995-1999,1,45,5,0.005243063149421286,2.5,0.025876140154868308,90946.9531870826,2353.3561073271994,448851.375667095,0.9654570913237307,2823240.9412918063,31.04272152453808
Isabela,1995-1999,1,50,5,0.008880871452640748,2.5,0.04343989691222026,88593.5970797554,3848.4967242273415,433346.7435882087,0.9468646827845194,2374389.5656247116,26.800916137169526
Isabela,1995-1999,1,55,5,0.013067606869826921,2.5,0.06327103192066577,84745.10035552806,5361.909949714638,410320.7269033537,0.9236119002018834,1941042.8220365027,22.904484317008485
Isabela,1995-1999,1,60,5,0.018933962463668172,2.5,0.09039115545715734,79383.19040581342,7175.538304657006,378977.1062674246,0.8971675006092786,1530722.095133149,19.28269810406928
Isabela,1995-1999,1,65,5,0.024743470174236906,2.5,0.11651018514345479,72207.65210115642,8412.926915079915,340005.9432180823,0.8564378083506373,1151744.9888657243,15.950456154594713
Isabela,1995-1999,1,70,5,0.03815969608867141,2.5,0.17418168046633364,63794.7251860765,11111.872437798738,291193.94483588566,0.7804224528353303,811739.0456476421,12.724234539453866
Isabela,1995-1999,1,75,5,0.06364671159413342,2.5,0.2745483144927313,52682.852748277764,14463.98842470842,227254.29267961776,0.6807299135638541,520545.10081175645,9.880731085291758
Isabela,1995-1999,1,80,5,0.0941068134422681,2.5,0.38091688226947973,38218.864323569345,14558.210642014285,154698.79501281102,0.472541277382572,293290.8081321387,7.673980201218799
Isabela,1995-1999,1,85,NA,0.17492810941674494,5.857488765298513,1,23660.65368155506,23660.65368155506,138592.01311932766,0,138592.01311932766,5.857488765298513
Isabela,1995-1999,2,0,1,0.00976159046640276,0.1289672959621164,0.009679290704560027,100000,967.9290704559971,99156.90212444383,0.9899982809496877,7934109.849620589,79.34109849620589
Isabela,1995-1999,2,1,4,2.900071004690293e-4,1.5082517940236808,0.001159190742045997,99032.070929544,114.79705978716083,395842.2383504,0.9988740289098339,7834952.947496145,79.11530955532872
Isabela,1995-1999,2,5,5,1.1696713339215312e-4,2.5,5.846647005757108e-4,98917.27386975684,57.833438308836776,494441.7857530121,0.9993536375472416,7439110.709145745,75.20537534162871
Isabela,1995-1999,2,10,5,1.4166941750337755e-4,2.5,7.08096298541511e-4,98859.440431448,70.00200384539494,494122.19714762655,0.9983616541946606,6944668.923392733,70.2479084757552
Isabela,1995-1999,2,15,5,5.145118529684723e-4,2.5,0.002569254485127635,98789.43842760261,253.81520776335674,493312.65411860467,0.996700998016063,6450546.726245106,65.2959145118773
Isabela,1995-1999,2,20,5,8.077537217368279e-4,2.5,0.004030629219302058,98535.62321983925,397.1605620920309,491685.2146939662,0.9953580091074024,5957234.072126501,60.45766878477576
Isabela,1995-1999,2,25,5,0.0010539349919361598,2.5,0.005255826710476489,98138.46265774722,515.7987533616979,489402.8164053319,0.9946538825438992,5465548.857432535,55.6922200472342
Isabela,1995-1999,2,30,5,0.0010903410819957083,2.5,0.005436885261581543,97622.66390438552,530.763222578069,486786.41146548244,0.9934380645604816,4976146.041027203,50.973266268384
Isabela,1995-1999,2,35,5,0.0015445684522774332,2.5,0.00769313582415448,97091.90068180746,746.9411793704639,483592.1504606111,0.9907229461479415,4489359.629561721,46.23825054444436
Isabela,1995-1999,2,40,5,0.0021865377166932947,2.5,0.010873251646396612,96344.95950243699,1047.5829895318893,479105.84003835527,0.9877676918112378,4005767.47910111,41.57734353502724
Isabela,1995-1999,2,45,5,0.0027399008706682194,2.5,0.01360630453920722,95297.3765129051,1296.645126622083,473245.2697479703,0.9828291525778363,3526661.639062755,37.00691213241507
Isabela,1995-1999,2,50,5,0.004200565365169421,2.5,0.02078455957316377,94000.73138628302,1953.7638014191616,465119.2474278672,0.9748683308233751,3053416.369314784,32.48290012518298
Isabela,1995-1999,2,55,5,0.006002966883269094,2.5,0.029571049341592732,92046.96758486386,2721.9254201959848,453430.0243738293,0.9559429530198033,2588297.121886917,28.11930897669827
Isabela,1995-1999,2,60,5,0.012155382151312245,2.5,0.058984464004159035,89325.04216466787,5268.7897342318465,433453.23648775974,0.9337208657427204,2134867.097513088,23.89998421246226
Isabela,1995-1999,2,65,5,0.015375335475854486,2.5,0.07403104692405717,84056.25243043603,6222.772367938,404724.3312323351,0.9029520798826609,1701413.861025328,20.241371841236894
Isabela,1995-1999,2,70,5,0.025963540140610475,2.5,0.12190498807498835,77833.48006249803,9488.289458853673,365446.676665356,0.8621819112869655,1296689.5297929929,16.65979124602663
Isabela,1995-1999,2,75,5,0.03382545488697516,2.5,0.1559403880336516,68345.19060364435,10657.77554296617,315081.5141608063,0.8017776345083267,931242.853127637,13.625579867473228
Isabela,1995-1999,2,80,5,0.05670336681014277,2.5,0.2483159570562792,57687.415060678184,14324.705680895124,252625.31110115314,0.5900013598309314,616161.3389668306,10.68103568722441
Isabela,1995-1999,2,85,NA,0.13860805045179803,8.38360962830354,1,43362.70937978306,43362.70937978306,363536.02786567755,0,363536.02786567755,8.38360962830354
Isabela,2000-2004,1,0,1,0.01182713866251987,0.12568953615587475,0.011706090764660367,100000,1170.609076466033,98976.52423537483,0.9878744598611919,7324779.823259078,73.24779823259078
Isabela,2000-2004,1,1,4,3.7927173787198555e-4,1.6177295485260783,0.001515717458545032,98829.39092353397,149.7974332401791,394960.70569522114,0.9984059830592386,7225803.299023703,73.11391106937442
Isabela,2000-2004,1,5,5,2.0122225740277103e-4,2.5,0.001005605411536441,98679.59349029379,99.23273322205932,493149.8856184138,0.9988622688753606,6830842.593328482,69.22244358455296
Isabela,2000-2004,1,10,5,2.541593574645767e-4,2.5,0.0012699898378199666,98580.36075707173,125.19605637011409,492588.81364443334,0.9973472075648491,6337692.707710068,64.28960757536515
Isabela,2000-2004,1,15,5,8.09104001570443e-4,2.5,0.004037353410851031,98455.16470070161,397.4982950202684,491282.0777659574,0.99369387853975,5845103.894065634,59.36817953465859
Isabela,2000-2004,1,20,5,0.0017242177088253301,2.5,0.008584086459408153,98057.66640568135,841.735486434176,488183.99331232125,0.9909117421577567,5353821.816299677,54.59870719490713
Isabela,2000-2004,1,25,5,0.0019286131617640865,2.5,0.009596794548129763,97215.93091924717,932.9613158371794,483747.2513066429,0.9893017201061737,4865637.822987356,50.04979921479144
Isabela,2000-2004,1,30,5,0.0023761191838564317,2.5,0.011810438396174894,96282.96960340999,1137.1440811018547,478571.9878142953,0.9868160873543841,4381890.571680713,45.510546566331946
Isabela,2000-2004,1,35,5,0.002936155897253199,2.5,0.014573802098821356,95145.82552230814,1386.6364316911058,472262.53653231286,0.9839575306485552,3903318.583866418,41.02459106785758
Isabela,2000-2004,1,40,5,0.003537583416868065,2.5,0.017532857221943667,93759.18909061703,1643.8664755710051,464686.27926415764,0.9779539301428714,3431056.047334105,36.59434430494097
Isabela,2000-2004,1,45,5,0.005399890897940209,2.5,0.02663982413009399,92115.32261504603,2453.935994151703,454441.77308985085,0.9683457066292894,2966369.768069947,32.20278324884706
Isabela,2000-2004,1,50,5,0.007499208599397448,2.5,0.03680600325665779,89661.38662089432,3300.0772879650904,440056.73988455883,0.9576951535985507,2511927.9949800964,28.015716571516048
Isabela,2000-2004,1,55,5,0.009838965902433851,2.5,0.04801381381962648,86361.30933292923,4146.535827530432,421440.20709582005,0.9394564106259612,2071871.2550955375,23.99073463683049
Isabela,2000-2004,1,60,5,0.015305095249284984,2.5,0.07370530929844803,82214.7735053988,6059.665310117256,395924.70425170084,0.9061745964136021,1650431.0479997175,20.074628654074424
Isabela,2000-2004,1,65,5,0.02452625164425833,2.5,0.11554645466217563,76155.10819528154,8799.452756379178,358776.9090854598,0.8650529593630243,1254506.3437480167,16.473042629407544
Isabela,2000-2004,1,70,5,0.034047123117432125,2.5,0.15688215082683832,67355.65543890237,10566.900095606441,310361.0269554957,0.8000594169252382,895729.434662557,13.2985037236415
Isabela,2000-2004,1,75,5,0.05740712394710112,2.5,0.25101106188166944,56788.755343295925,14254.60578165904,248307.26226233202,0.701369100723688,585368.4077070613,10.307822458309358
Isabela,2000-2004,1,80,5,0.08846302995014191,2.5,0.3622097253058085,42534.149561636885,15406.28262883667,174155.04123609274,0.48331321011115946,337061.14544472925,7.924483007619297
Isabela,2000-2004,1,85,NA,0.14451410260634845,6.0051202924350555,1,27127.866932800214,27127.866932800214,162906.1042086365,0,162906.1042086365,6.0051202924350555
Isabela,2000-2004,2,0,1,0.007431067009455116,0.13375715090747717,0.007383538370682023,100000,738.3538370682072,99360.40626853963,0.992374245735937,7987414.1572061535,79.87414157206153
Isabela,2000-2004,2,1,4,2.226940314593627e-4,1.5119869830709003,8.902828506919323e-4,99261.6461629318,88.37094131030608,396826.71659942885,0.9990612802809968,7888053.750937614,79.46728727417906
Isabela,2000-2004,2,5,5,1.1702855159528014e-4,2.5,5.849716120252015e-4,99173.27522162149,58.013550676216255,495721.3422314169,0.9993984426353267,7491227.034338185,75.53675138385435
Isabela,2000-2004,2,10,5,0.00012366878814430346,2.5,6.181528251945679e-4,99115.26167094527,61.26837902178522,495423.1374071719,0.9987145984436704,6995505.692106768,70.57950081725342
Isabela,2000-2004,2,15,5,3.909944192225038e-4,2.5,0.0019530630042748655,99053.99329192349,193.45868972416793,494786.319735307,0.9971663586199413,6500082.554699596,65.62161038316857
Isabela,2000-2004,2,20,5,7.445719827818035e-4,2.5,0.0037159429463902724,98860.53460219932,367.3601062314119,493384.2727454181,0.9958603612991163,6005296.234964289,60.74513211089484
Isabela,2000-2004,2,25,5,9.150715632289413e-4,2.5,0.00456491475693811,98493.1744959679,449.6129457143106,491341.84011555376,0.9947356050591871,5511911.96221887,55.9623749607595
Isabela,2000-2004,2,30,5,0.001196987829771475,2.5,0.005967082835025466,98043.5615502536,585.0340532112896,488755.22261823976,0.9930332589750678,5020570.122103317,51.20754532698155
Isabela,2000-2004,2,35,5,0.001600861366760417,2.5,0.007972400065638489,97458.5274970423,776.9783710144548,485350.19155767537,0.9919231040695601,4531814.899485078,46.49993198001694
Isabela,2000-2004,2,40,5,0.001643168708066752,2.5,0.008182231573125968,96681.54912602785,791.0708237977087,481430.06857064494,0.9900324163358432,4046464.707927402,41.85353611424545
Isabela,2000-2004,2,45,5,0.0023674626395273233,2.5,0.011767664432888224,95890.47830223014,1128.4069709697796,476631.37408372626,0.9852639710180003,3565034.639356757,37.178192271816464
Isabela,2000-2004,2,50,5,0.003579699508983817,2.5,0.01773974019673966,94762.07133126036,1681.054525921485,469607.72034149815,0.9767021594401314,3088403.265273031,32.59113294892933
Isabela,2000-2004,2,55,5,0.005876342812893519,2.5,0.02895632089403386,93081.01680533888,2695.283791758353,458666.87454729853,0.9661164406262068,2618795.5449315323,28.134582483217194
Isabela,2000-2004,2,60,5,0.007946330911880257,2.5,0.038957727081980933,90385.73301358052,3521.2227188478573,443125.608270783,0.944897676927453,2160128.670384234,23.899000410381944
Isabela,2000-2004,2,65,5,0.01491653399230515,2.5,0.07190137181943097,86864.51029473267,6245.677452614371,418708.3578421274,0.9091496994312697,1717003.062113451,19.766450720641057
Isabela,2000-2004,2,70,5,0.023564420962344096,2.5,0.11126723490516702,80618.8328421183,8970.234611624357,380668.5776815306,0.8560325284875286,1298294.7042713237,16.104111886782935
Isabela,2000-2004,2,75,5,0.03974447992386079,2.5,0.18076170020709445,71648.59823049394,12951.322433599118,325864.6850684719,0.786181604383618,917626.126589793,12.807314438138548
Isabela,2000-2004,2,80,5,0.05823448178819529,2.5,0.2541689205096197,58697.27579689482,14919.023226152181,256188.82091909362,0.5670741570108482,591761.4415213212,10.08158272232161
Isabela,2000-2004,2,85,NA,0.14107901695799693,7.665281296003427,1,43778.25257074264,43778.25257074264,335572.6206022275,0,335572.6206022275,7.665281296003427
Isabela,2005-2009,1,0,1,0.010196942680881145,0.12894251072743573,0.010107169554783989,100000,1010.7169554783904,99119.60742639579,0.9894728395994224,7481197.426897823,74.81197426897823
Isabela,2005-2009,1,1,4,3.618266588571546e-4,1.6225470981314358,0.0014460626949320717,98989.28304452161,143.14470940876345,395616.81237331545,0.9985418043011252,7382077.819471427,74.57451546700514
Isabela,2005-2009,1,5,5,1.7464603015630132e-4,2.5,8.728490517269822e-4,98846.13833511285,86.27775811267202,494014.99728028255,0.9989363669678422,6986461.007098111,70.68016135756646
Isabela,2005-2009,1,10,5,2.5107423355521933e-4,2.5,0.0012545836836840671,98759.86057700017,123.90250968282635,493489.54661079386,0.9975162332472993,6492446.009817829,65.73972433624346
Isabela,2005-2009,1,15,5,7.442810881463957e-4,2.5,0.003714493871879789,98635.95806731735,366.3826617880404,492263.83368211664,0.99476678292258,5998956.463207035,60.819163525667285
Isabela,2005-2009,1,20,5,0.0013561025216968726,2.5,0.006757602603655755,98269.57540552931,664.066738620546,489687.7101810952,0.9923093531982824,5506692.629524918,56.03659735783365
Isabela,2005-2009,1,25,5,0.0017334878417158651,2.5,0.00863003903920932,97605.50866690876,842.3393502373074,485921.6949589505,0.9896087938136595,5017004.919343824,51.40083779968805
Isabela,2005-2009,1,30,5,0.002448436844910024,2.5,0.012167704583996526,96763.16931667145,1177.3856588565104,480872.382436216,0.9893825360091456,4531083.224384873,46.82652765905433
Isabela,2005-2009,1,35,5,0.0018178497052176513,2.5,0.0090481281832117,95585.78365781494,864.8724230286316,475766.7372315031,0.9874755863733975,4050210.841948657,42.37252326609469
Isabela,2005-2009,1,40,5,0.003232399655718097,2.5,0.016032440143589337,94720.91123478631,1518.607339717957,469808.0378246367,0.9813926464615511,3574444.1047171536,37.73658908176167
Isabela,2005-2009,1,45,5,0.0042903742705253526,2.5,0.021224221715724093,93202.30389506835,1978.146362285217,461066.1535696287,0.9714127157736764,3104636.0668925173,33.310722344244475
Isabela,2005-2009,1,50,5,0.007354792977271125,2.5,0.03611001075262417,91224.15753278314,3294.105309407896,447885.52439039596,0.9581777075860889,2643569.9133228883,28.97883614187252
Isabela,2005-2009,1,55,5,0.00978328332424806,2.5,0.0477485720983248,87930.05222337524,4198.534438197297,429153.9250213829,0.9386734199895653,2195684.3889324926,24.970807288441414
Isabela,2005-2009,1,60,5,0.015710840816276425,2.5,0.07558542753144049,83731.51778517794,6328.882569649082,402835.382501767,0.9172986338751705,1766530.4639111096,21.097556937201713
Isabela,2005-2009,1,65,5,0.01893571514467027,2.5,0.09039914459492306,77402.63521552886,6997.132012876682,369520.34604545264,0.880330573101842,1363695.0814093426,17.618199659638357
Isabela,2005-2009,1,70,5,0.03286499015097346,2.5,0.1518486867672569,70405.50320265218,10690.983202510637,325300.0580069843,0.8137145280673859,994174.7353638898,14.120696396449294
Isabela,2005-2009,1,75,5,0.05118404205095275,2.5,0.22688764353581672,59714.52000014154,13548.486727704505,264701.38318144646,0.7314427684663496,668874.6773569055,11.20120663040279
Isabela,2005-2009,1,80,5,0.07688756111489903,2.5,0.32245572073696466,46166.03327243704,14886.501532430382,193613.91253110924,0.5209631231917617,404173.2941754591,8.754776304698602
Isabela,2005-2009,1,85,NA,0.1549585079862059,6.731538802898493,1,31279.531740006656,31279.531740006656,210559.38164434984,0,210559.38164434984,6.731538802898493
Isabela,2005-2009,2,0,1,0.007094717062729965,0.13444844086248298,0.007051415424750444,100000,705.1415424750448,99389.6636384981,0.9927259785178512,8070445.198403464,80.70445198403463
Isabela,2005-2009,2,1,4,2.08725567463632e-4,1.512527347103931,8.344690142591118e-4,99294.85845752496,82.85848265803361,396973.3256204275,0.999152116892905,7971055.534764965,80.27661913808677
Isabela,2005-2009,2,5,5,9.50662599610638e-5,2.5,4.752183567257221e-4,99211.99997486692,47.147363595533534,495942.13146534574,0.9994469944563439,7574082.209144537,76.34240022440085
Isabela,2005-2009,2,10,5,1.2620574998079085e-4,2.5,6.308297140610212e-4,99164.85261127139,62.55613561767677,495667.87271731277,0.9986468888114342,7078140.077679192,71.37750817243355
Isabela,2005-2009,2,15,5,4.1560107991672063e-4,2.5,0.0020758485872970425,99102.29647565371,205.7213621368719,494997.17897292634,0.997188684296953,6582472.204961879,66.42098557805856
Isabela,2005-2009,2,20,5,7.109238326365167e-4,2.5,0.0035483127129992873,98896.57511351684,350.915974747375,493605.58563071577,0.9960556557754682,6087475.025988953,61.5539518835869
Isabela,2005-2009,2,25,5,8.702464085717814e-4,2.5,0.004341785983711127,98545.65913876946,427.8641616042878,491658.6352898366,0.9951545233228022,5593869.440358237,56.76423993959079
Isabela,2005-2009,2,30,5,0.0010731441572927305,2.5,0.005351363824409371,98117.79497716518,525.0640185716184,489276.3148393968,0.9936216965186563,5102210.805068401,52.000871057648936
Isabela,2005-2009,2,35,5,0.0014876660206030994,2.5,0.007410768232799246,97592.73095859356,723.2371103400801,486155.5620171176,0.9927778816189112,4612934.490229004,47.26719341613845
Isabela,2005-2009,2,40,5,0.0014113744451553349,2.5,0.007032060051144216,96869.49384825348,681.1920978648559,482644.4889966053,0.9908660789616653,4126778.928211886,42.601429658304035
Isabela,2005-2009,2,45,5,0.00226286278013282,2.5,0.011250667111021115,96188.30175038862,1082.1825629680825,478236.0523445229,0.9867155273765302,3644134.4392152806,37.88542237362619
Isabela,2005-2009,2,50,5,0.0030920018836298802,2.5,0.015341420168006815,95106.11918742054,1459.0629350027302,471882.93859959586,0.9799889570437095,3165898.3868707577,33.28806194511934
Isabela,2005-2009,2,55,5,0.005012725157337909,2.5,0.02475342055186332,93647.05625241781,2318.084966860115,462440.06884493877,0.9669032552853817,2694015.448271162,28.767753692221447
Isabela,2005-2009,2,60,5,0.008507544765770233,2.5,0.041651836666313134,91328.9712855577,3804.0193948884553,447134.8079405673,0.94732218888141,2231575.379426223,24.434474055869643
Isabela,2005-2009,2,65,5,0.013262203534471008,2.5,0.06418299772417867,87524.95189066924,5617.613788007657,423580.7249833271,0.922187038583713,1784440.5714856558,20.38779265728325
Isabela,2005-2009,2,70,5,0.019370236497226887,2.5,0.0923777360025166,81907.33810266158,7566.414455916558,390620.65437351656,0.8697462344737842,1360859.8465023288,16.614626699217656
Isabela,2005-2009,2,75,5,0.03763312609575421,2.5,0.17198481491330286,74340.92364674502,12785.509993869426,339740.84324905154,0.7941037322941706,970239.1921288122,13.051212502271534
Isabela,2005-2009,2,80,5,0.05632183701915828,2.5,0.24685137747108804,61555.4136528756,15195.038651014955,269789.4716368406,0.5721012241884699,630498.3488797607,10.242776572589998
Isabela,2005-2009,2,85,NA,0.11242353789049393,7.78054269898471,1,46360.375001860644,46360.375001860644,360708.8772429201,0,360708.8772429201,7.78054269898471
Isabela,2010-2014,1,0,1,0.011257340130924363,0.126826540635747,0.0111477619714013,100000,1114.7761971401342,99026.60701152623,0.9885042353759295,7602157.443241782,76.02157443241782
Isabela,2010-2014,1,1,4,3.352055083071924e-4,1.619411793180168,0.001339752928773103,98885.22380285987,132.48176820226945,395225.5106764385,0.9986101426111726,7503130.836230255,75.87716898116841
Isabela,2010-2014,1,5,5,1.6089663695354964e-4,2.5,8.041597182821353e-4,98752.7420346576,79.41297721417504,493565.17773025256,0.999113572489318,7107905.325553817,71.97678949572129
Isabela,2010-2014,1,10,5,1.938461979219324e-4,2.5,9.687615127698032e-4,98673.32905744342,95.59092352772132,493127.6679783978,0.9978972112007578,6614340.147823564,67.03270489610192
Isabela,2010-2014,1,15,5,6.486332605300169e-4,2.5,0.0032379157530195777,98577.7381339157,319.1864112008334,492090.7246415764,0.9948910254013732,6121212.479845166,62.095282319519576
Isabela,2010-2014,1,20,5,0.0014021199742534013,2.5,0.006986111455232651,98258.55172271487,686.4451937646372,489576.6456291627,0.9916205821955592,5629121.75520359,57.28887365538363
Isabela,2010-2014,1,25,5,0.0019661221061045304,2.5,0.009782526426869104,97572.10652895023,954.501710644734,485474.2783681393,0.9901213423414282,5139545.109574427,52.674327657869036
Isabela,2010-2014,1,30,5,0.0020051491392249717,2.5,0.009975738587022604,96617.6048183055,963.8319685716706,480678.4441700983,0.9890979853546159,4654070.831206288,48.17000835363818
Isabela,2010-2014,1,35,5,0.002381621187999958,2.5,0.01183762409907495,95653.77284973382,1132.3134066534549,475438.08073203545,0.9868731233465656,4173392.3870361894,43.63019108082994
Isabela,2010-2014,1,40,5,0.002907293151975163,2.5,0.01443157372124581,94521.45944308037,1364.0934101925668,469197.06368992047,0.9843311967643931,3697954.306304154,39.12290741269199
Isabela,2010-2014,1,45,5,0.0034137170022783313,2.5,0.016924149370255805,93157.3660328878,1576.6091776801768,461845.30722023855,0.9764649181329366,3228757.2426142334,34.65917275370763
Isabela,2010-2014,1,50,5,0.006144937348102617,2.5,0.030259824919771704,91580.75685520763,2771.2176684587757,450975.7401048912,0.960216057210064,2766911.935393995,30.21280922332384
Isabela,2010-2014,1,55,5,0.010173376808814142,2.5,0.049605251749706085,88809.53918674885,4405.419549134065,433034.14706090913,0.9421805519175899,2315936.195289104,26.077561222552333
Isabela,2010-2014,1,60,5,0.013749384231912028,2.5,0.0664623791884863,84404.11963761479,5609.698604425517,407996.3516770101,0.924253792553173,1882902.0482281947,22.308177092686332
Isabela,2010-2014,1,65,5,0.017905362012205897,2.5,0.08569098958669465,78794.42103318927,6751.971912244655,377092.1753853347,0.8942455890032563,1474905.6965511846,18.718402612920205
Isabela,2010-2014,1,70,5,0.027281546240204856,2.5,0.12769821903269368,72042.44912094461,9199.69244749807,337213.0144859779,0.8378684170032601,1097813.5211658499,15.238425880314596
Isabela,2010-2014,1,75,5,0.04484127363681852,2.5,0.2016057245327836,62842.75667344654,12669.459490787609,282540.1346402637,0.7598314607216738,760600.5066798719,12.103232686500759
Isabela,2010-2014,1,80,5,0.06741776923247993,2.5,0.2884690042622162,50173.297182658935,14473.441078833886,214682.88321620994,0.5509293474791025,478060.3720396083,9.528183294376698
Isabela,2010-2014,1,85,NA,0.1362656844325543,7.3775504320640355,1,35699.85610382505,35699.85610382505,263377.48882339837,0,263377.48882339837,7.3775504320640355
Isabela,2010-2014,2,0,1,0.005854045893916578,0.13699835509561006,0.0058246196171815555,100000,582.4619617181452,99497.334368943,0.993972113131593,8263501.540317955,82.63501540317955
Isabela,2010-2014,2,1,4,1.836430496674856e-4,1.5145233438828456,7.342370631281797e-4,99417.53803828185,72.99604115266993,397488.7221968535,0.999252699848388,8164004.205949012,82.11835021307175
Isabela,2010-2014,2,5,5,8.70301940171689e-5,2.5,4.350563124976319e-4,99344.54199712918,43.220470108033624,496614.65881037584,0.9994927501402029,7766515.4837521585,78.17757601596867
Isabela,2010-2014,2,10,5,1.1592855464477018e-4,2.5,5.794748290253961e-4,99301.32152702115,57.54261631387635,496362.7510943211,0.9988971005694072,7269900.824941783,73.21051435316045
Isabela,2010-2014,2,15,5,3.2559031096087197e-4,2.5,0.0016266275194047088,99243.77891070727,161.4326619058702,495815.31289877166,0.9976604838385416,6773538.073847462,68.25151307410236
Isabela,2010-2014,2,20,5,6.11647111925998e-4,2.5,0.0030535662971132305,99082.3462488014,302.5545131442341,494655.3449611464,0.9963749112123547,6277722.760948691,63.358640551213554
Isabela,2010-2014,2,25,5,8.414386931040081e-4,2.5,0.004198361805343376,98779.79173565717,414.7133047627576,492862.17541637894,0.9956444858187462,5783067.415987544,58.54504564520147
Isabela,2010-2014,2,30,5,9.047074455063163e-4,2.5,0.004513329121381246,98365.07843089441,443.95397300910554,490715.5072219493,0.9948303625337818,5290205.2405711645,53.7813350526402
Isabela,2010-2014,2,35,5,0.0011691918389166115,2.5,0.00582892137632584,97921.12445788531,570.7745355464285,488178.68595056044,0.9934448203011068,4799489.733349215,49.013833939513404
Isabela,2010-2014,2,40,5,0.0014624667731422878,2.5,0.007285696144385503,97350.34992233888,709.2650690837618,484978.586938985,0.9907118010682797,4311311.047398656,44.28654905542711
Isabela,2010-2014,2,45,5,0.002273933546684957,2.5,0.01130539842160099,96641.08485325512,1092.565968161798,480474.0093458711,0.9888498380707403,3826332.46045967,39.593227520880724
Isabela,2010-2014,2,50,5,0.002210781800080103,2.5,0.01099315035855492,95548.51888509332,1050.3792346410482,475116.646338864,0.9837166249938576,3345858.451113799,35.017376408916704
Isabela,2010-2014,2,55,5,0.00437378823642805,2.5,0.021632402315210384,94498.13965045227,2044.2217749575211,467380.14381486754,0.97330251728156,2870741.8047749354,30.378818201012024
Isabela,2010-2014,2,60,5,0.006478155289846001,2.5,0.03187455564605505,92453.91787549475,2946.9275500182557,454902.2705024281,0.9560154674027327,2403361.6609600675,25.995238667944946
Isabela,2010-2014,2,65,5,0.011627068941948787,2.5,0.056493218348517005,89506.9903254765,5056.537948175741,434893.60675694316,0.9296839359248774,1948459.3904576395,21.76879574849303
Isabela,2010-2014,2,70,5,0.017747275230356775,2.5,0.08496656367451091,84450.45237730075,7175.464739257179,404313.6000383608,0.8946470778177663,1513565.7837006964,17.922530206688677
Isabela,2010-2014,2,75,5,0.02726649898867235,2.5,0.1276322812727484,77274.98763804357,9862.782957566917,361717.98079630063,0.8317577450933756,1109252.1836623356,14.354608361221336
Isabela,2010-2014,2,80,5,0.048127478475699016,2.5,0.21479369504143836,67412.20468047666,14479.716534209336,300861.73206685996,0.5975278041949645,747534.2028660349,11.08900393347511
Isabela,2010-2014,2,85,NA,0.11675657969874309,8.438531541628905,1,52932.48814626732,52932.48814626732,446672.4707991749,0,446672.4707991749,8.438531541628905
Isabela,2015-2019,1,0,1,0.00932216008672205,0.1306880956549505,0.009247221851637817,100000,924.7221851637878,99196.12799622516,0.9904063363574329,7779038.1970936945,77.79038197093695
Isabela,2015-2019,1,1,4,3.1268788046399357e-4,1.6251381205610154,0.0012498234148271053,99075.27781483621,123.82660204348213,396007.0401824913,0.9987293213955467,7679842.06909747,77.51522113771391
Isabela,2015-2019,1,5,5,1.4827466388568788e-4,2.5,7.410986040623807e-4,98951.45121279273,73.3327823637519,494573.92410805426,0.9991619224754147,7283835.028914979,73.61018903352176
Isabela,2015-2019,1,10,5,1.8711316128345372e-4,2.5,9.351283693537795e-4,98878.11843042898,92.46373365262116,494159.43281801336,0.998053765574608,6789261.104806924,68.66292777996048
Isabela,2015-2019,1,15,5,5.925338185892995e-4,2.5,0.0029582868803921946,98785.65469677636,292.2363062604272,493197.68271823076,0.9952818554615499,6295101.671988911,63.724856522050636
Isabela,2015-2019,1,20,5,0.0013008616500802856,2.5,0.0064832238073517495,98493.41839051593,638.5548749768495,490870.7047651375,0.9931902321994037,5801903.98927068,58.90651460858783
Isabela,2015-2019,1,25,5,0.001432802522641554,2.5,0.007138442666556832,97854.86351553908,698.531332849423,487527.9892455719,0.9908305759328333,5311033.284505542,54.274597027690554
Isabela,2015-2019,1,30,5,0.0022556501166921417,2.5,0.011215007749612916,97156.33218268966,1089.6090183528431,483057.63836756616,0.9881590508079933,4823505.29525997,49.64684428586708
Isabela,2015-2019,1,35,5,0.0025104557389643806,2.5,0.012473990194145211,96066.72316433681,1198.3353627355827,477337.77741484507,0.9871605174622242,4340447.656892405,45.18159372905232
Isabela,2015-2019,1,40,5,0.002659483670290173,2.5,0.013209591618449692,94868.38780160123,1253.1726603598654,471209.0073571065,0.9851086995645993,3863109.8794775596,40.72072867472463
Isabela,2015-2019,1,45,5,0.0033468758374860575,2.5,0.016595521314187935,93615.21514124137,1553.5932982087688,464192.0924606849,0.9761697084530446,3391900.872120453,36.23236743090259
Isabela,2015-2019,1,50,5,0.006336235111308642,2.5,0.03118715272622901,92061.6218430326,2871.139860643001,453130.2595635555,0.9651006931038768,2927708.779659768,31.80162070848139
Isabela,2015-2019,1,55,5,0.007899162959486268,2.5,0.038730959397780554,89190.4819823896,3454.432936328405,437316.327571127,0.9539807591854738,2474578.5200962126,27.744872155582822
Isabela,2015-2019,1,60,5,0.011015456302595277,2.5,0.05360117792984186,85736.04904606119,4595.553219919573,417191.36218050704,0.9264874339219272,2037262.1925250855,23.762025602912708
Isabela,2015-2019,1,65,5,0.019848698919518768,2.5,0.09455167526110916,81140.49582614162,7671.96981187872,386522.55460101133,0.8932011927370374,1620070.8303445785,19.96624267389094
Isabela,2015-2019,1,70,5,0.025605456163334404,2.5,0.12032484918853019,73468.5260142629,8840.0893127698,345242.40678938996,0.8639161992061666,1233548.2757435672,16.790159578049664
Isabela,2015-2019,1,75,5,0.03336905151296896,2.5,0.15399831343041975,64628.4367014931,9952.670251674564,298260.507878279,0.8031294661300417,888305.8689541772,13.744814423673889
Isabela,2015-2019,1,80,5,0.05650292256574577,2.5,0.2475468163409542,54675.76644981853,13534.811915654143,239541.8024599573,0.594028157389166,590045.3610758982,10.791716319467461
Isabela,2015-2019,1,85,NA,0.12847043790241988,8.519577695380761,1,41140.95453416439,41140.95453416439,350503.5586159409,0,350503.5586159409,8.519577695380761
Isabela,2015-2019,2,0,1,0.005043639205932189,0.13866395964922373,0.005021823059594893,100000,502.1823059594899,99567.45228105063,0.9947571865561045,8421694.733285332,84.21694733285332
Isabela,2015-2019,2,1,4,1.8227502801519045e-4,1.5158294938820391,7.287701233102164e-4,99497.81769404051,72.51103686998249,397811.1409970016,0.9992977704900897,8322127.281004281,83.64130464243077
Isabela,2015-2019,2,5,5,7.823597507252936e-5,2.5,3.9110337947702794e-4,99425.30665717053,38.88557343915454,497029.31935225474,0.9995660491354063,7924316.140007279,79.70119888421566
Isabela,2015-2019,2,10,5,9.538576349954673e-5,2.5,4.768151140634759e-4,99386.42108373137,47.38894770540355,496813.63304939336,0.9990220675154579,7427286.820655025,74.7314043474577
Isabela,2015-2019,2,15,5,2.9607677341194705e-4,2.5,0.0014792889093416803,99339.03213602597,146.95112850355508,496327.782858871,0.9978511398356894,6930473.187605632,69.765861802596
Isabela,2015-2019,2,20,5,5.646807122002761e-4,2.5,0.002819423376001494,99192.08100752241,279.66447190684266,495261.24385784497,0.9967912093963218,6434145.404746761,64.86551486160286
Isabela,2015-2019,2,25,5,7.211495471618131e-4,2.5,0.003599258726307578,98912.41653561557,356.0113783559791,493672.0542321879,0.9957781154879444,5938884.160888915,60.04184680646732
Isabela,2015-2019,2,30,5,9.717066910898026e-4,2.5,0.0048467593841398345,98556.40515725959,477.6791815630422,491587.8278323904,0.9947497541540956,5445212.106656727,55.24970292867502
Isabela,2015-2019,2,35,5,0.0011343472492048607,2.5,0.005655697433957941,98078.72597569655,554.7035988266143,489006.8708814162,0.993803849080512,4953624.278824337,50.506613228763
Isabela,2015-2019,2,40,5,0.0013524933716386265,2.5,0.006739678432176895,97524.02237686994,657.2805502325355,485976.91050876834,0.9921806165347437,4464617.407942921,45.77966842558995
Isabela,2015-2019,2,45,5,0.0017892508529990278,2.5,0.008906414739570292,96866.7418266374,862.7353771789058,482176.8706902397,0.987757343036025,3978640.4974341523,41.07333871675722
Isabela,2015-2019,2,50,5,0.00314633138847508,2.5,0.015608880168343884,96004.0064494585,1498.5150323505222,476273.7446664162,0.9834824994508313,3496463.6267439127,36.419976166147116
Isabela,2015-2019,2,55,5,0.003518790454456222,2.5,0.017440528360492178,94505.49141710797,1648.2257032823109,468406.89282733406,0.9754290282465656,3020189.8820774965,31.957824215183784
Isabela,2015-2019,2,60,5,0.0064685364739039235,2.5,0.031827981225893566,92857.26571382566,2955.459309827449,456897.6802945597,0.9584459499025252,2551782.9892501626,27.480703525284007
Isabela,2015-2019,2,65,5,0.010593277133800358,2.5,0.051599856713427476,89901.80640399821,4638.9203287246055,437911.73119817954,0.9385263021506012,2094885.3089556028,23.301926765983612
Isabela,2015-2019,2,70,5,0.01491295659363764,2.5,0.07188474766404207,85262.886075273607,6129.101050629019,410991.6777497955,0.9073292449620844,1656973.5777574233,19.433702681546322
Isabela,2015-2019,2,75,5,0.024418198294109163,2.5,0.11506668843256376,79133.78502464459,9105.662585920247,372904.7686584223,0.8527830088810172,1245981.9000076277,15.745258483713274
Isabela,2015-2019,2,80,5,0.04041895510877044,2.5,0.18354775442754573,70028.12243872434,12853.504620405081,318006.850642609,0.6357631654477323,873077.1313492054,12.467521631943809
Isabela,2015-2019,2,85,NA,0.10013287351661655,9.708333905622487,1,57174.61781831926,57174.61781831926,555070.2807065964,0,555070.2807065964,9.708333905622487
Isabela,2020-2024,1,0,1,0.008655253310369386,0.13201887478182342,0.008590714736841469,100000,859.0714736841473,99254.3421756288,0.9909908773123772,7743816.615751899,77.43816615751899
Isabela,2020-2024,1,1,4,3.43124790736192e-4,1.6271161764978967,0.0013713825897331822,99140.92852631585,135.96014331096376,396241.0964805598,0.9986630080265368,7644562.27357627,77.10803587589061
Isabela,2020-2024,1,5,5,1.5510420419696775e-4,2.5,7.752204211186017e-4,99004.96838300489,76.75067328270234,494832.9652318177,0.9991460936800046,7248321.17709571,73.21169124619357
Isabela,2020-2024,1,10,5,1.8661767781568168e-4,2.5,9.326532651120522e-4,98928.21770972219,92.26572525869415,494410.4242354642,0.9980415919927599,6753488.211863893,68.26655092160013
Isabela,2020-2024,1,15,5,5.979164895210967e-4,2.5,0.0029851203159551986,98835.95198446349,295.03720821559546,493442.1669017785,0.9959304221073397,6259077.787628429,63.32794556997158
Isabela,2020-2024,1,20,5,0.0010341231120982672,2.5,0.005157282398182391,98540.9147762479,508.2033252763358,491434.0655680486,0.9935813676899335,5765635.620726651,58.51006796332672
Isabela,2020-2024,1,25,5,0.0015432352717053286,2.5,0.007686521082398981,98032.71145097156,753.5305033326149,488279.73099652625,0.9916309133867068,5274201.555158601,53.80042515498872
Isabela,2020-2024,1,30,5,0.001819627997930623,2.5,0.00905693933866264,97279.18094763895,881.0516407575487,484193.27563630085,0.9883382569744579,4785921.824162075,49.19780139532758
Isabela,2020-2024,1,35,5,0.002878639162462191,2.5,0.01429035388148921,96398.1293068814,1377.5633813088934,478546.7380811348,0.9850504524876368,4301728.548525775,44.624606094080036
Isabela,2020-2024,1,40,5,0.003148244675845124,2.5,0.015618297821817369,95020.5659255725,1484.0594978232257,471392.68088330445,0.9827377507043444,3823181.8104446395,40.23530877977777
Isabela,2020-2024,1,45,5,0.0038226424493458255,2.5,0.01893228386679841,93536.50642774928,1770.8596915987728,463255.38290974946,0.9741861957682023,3351789.1295613353,35.8340209354555
Isabela,2020-2024,1,50,5,0.006675191325458414,2.5,0.03282812164519925,91765.6467361505,3012.49381390473,451296.9991459907,0.9660375583932413,2888533.7466515857,31.47728860841413
Isabela,2020-2024,1,55,5,0.007152708771217672,2.5,0.0351352630947954,88753.15292224578,3118.365378415707,435969.8511651896,0.9579809180781701,2437236.747505595,27.46084693622988
Isabela,2020-2024,1,60,5,0.010078409512460165,2.5,0.049153572968849195,85634.78754383007,4209.2557782075455,417650.7982736315,0.9350114342442466,2001266.8963404053,23.369788770902314
Isabela,2020-2024,1,65,5,0.017023339188045966,2.5,0.08164214128250376,81425.53176562252,6647.754768411964,390508.2719070827,0.9032961233832567,1583616.098066774,19.448642995972047
Isabela,2020-2024,1,70,5,0.023976867494495034,2.5,0.11310460231562683,74777.77699721056,8457.710729316124,352744.60816276254,0.8543012775569894,1193107.8261596912,15.955379714005108
Isabela,2020-2024,1,75,5,0.04015283879804439,2.5,0.1824495277944475,66320.06626789444,12100.064773873804,301350.16940478765,0.7800756806755912,840363.2179969287,12.671326572599472
Isabela,2020-2024,1,80,5,0.06129775625142794,2.5,0.2657622128906169,54220.00149402063,14409.627579983484,235075.93852014444,0.5638770914096718,539013.048592141,9.941221573953355
Isabela,2020-2024,1,85,NA,0.13151727483938155,7.634620833461408,1,39810.37391403715,39810.37391403715,303937.1100719966,0,303937.1100719966,7.634620833461408
Isabela,2020-2024,2,0,1,0.005859945269204678,0.1369862302865617,0.005830459391508918,100000,583.0459391508921,99496.82332613728,0.9939617828505509,8488280.407167576,84.88280407167576
Isabela,2020-2024,2,1,4,1.8599098178384175e-4,1.514513842570015,7.436201678834931e-4,99416.95406084911,73.92845206920174,397484.0680991382,0.9992664713218193,8388783.58384144,84.37980888759681
Isabela,2020-2024,2,5,5,7.956754274849895e-5,2.5,3.9775859205805185e-4,99343.0256087799,39.514541996933986,496616.34168890724,0.999558980314627,7991299.5157423,80.44147504841077
Isabela,2020-2024,2,10,5,9.688305873678673e-5,2.5,4.8429799300667717e-4,99303.51106678297,48.0924911081529,496397.3241061445,0.9989666136653338,7494683.174053393,75.47248927596443
Isabela,2020-2024,2,15,5,3.167988507329228e-4,2.5,0.0015827407275558695,99255.41857567482,157.09559341032582,495884.3538948483,0.9977248742757957,6998285.849947249,70.50784682965777
Isabela,2020-2024,2,20,5,5.946042383471422e-4,2.5,0.002968608324007093,99098.3229822645,294.18410650029546,494756.1546450717,0.996691205789818,6502401.4960524,65.61565625299357
Isabela,2020-2024,2,25,5,7.313332770384491e-4,2.5,0.0036499929818707482,98804.1388757642,360.63441347632033,493119.10834513017,0.9950447255190226,6007645.341407329,60.803579786888385
Isabela,2020-2024,2,30,5,0.0012570053217458206,2.5,0.006265337701645345,98443.50446228788,616.7817999896797,490675.5678114652,0.9935707671423478,5514526.233062198,56.017167035888335
Isabela,2020-2024,2,35,5,0.0013231949497631383,2.5,0.0065941613463372005,97826.7226622982,645.085193218576,487520.90032844455,0.9930612513638304,5023850.6652507335,51.354584192636906
Isabela,2020-2024,2,40,5,0.001462452092164703,2.5,0.007285623273326516,97181.63746907962,708.0287996846891,484138.1153461864,0.9917202531365565,4536329.764922289,46.67887764667083
Isabela,2020-2024,2,45,5,0.0018648874492210627,2.5,0.009281166419182151,96473.60866939493,895.3876171197189,480129.5743041754,0.9890105418452464,4052191.6495761024,42.0031105445899
Isabela,2020-2024,2,50,5,0.002559018034285365,2.5,0.012713753361090608,95578.22105227521,1215.1579291504167,474853.2104385,0.9839165343228329,3572062.0752719273,37.37318016536671
Isabela,2020-2024,2,55,5,0.0039377001010029835,2.5,0.019496571377310798,94363.0631231248,1839.7561955616839,467215.92512671975,0.9734614719573527,3097208.864833427,32.822258649999455
Isabela,2020-2024,2,60,5,0.006859759023260584,2.5,0.03372050870662982,92523.30692756311,3119.932976817072,454816.7021957729,0.9606229869243416,2629992.9397067074,28.42519390023251
Isabela,2020-2024,2,65,5,0.009255500157735632,2.5,0.04523091396043972,89403.37395074604,4043.7963149392162,436907.3789663821,0.9423356822571803,2175176.2375109345,24.329912187757913
Isabela,2020-2024,2,70,5,0.014655315721795193,2.5,0.0706867374715046,85359.57763580683,6033.790055020785,411713.41304148216,0.9155555580165524,1738268.8585445522,20.36407520619431
Isabela,2020-2024,2,75,5,0.020886183153112525,2.5,0.09924860444047612,79325.78758078604,7872.97371353468,376946.5036200935,0.8679310494409428,1326555.4455030703,16.722877716809244
Isabela,2020-2024,2,80,5,0.036801767941226034,2.5,0.16850558144342448,71452.81386725136,12040.197946469962,327163.5744700819,0.6554754699114878,949608.9418829767,13.290014633254446
Isabela,2020-2024,2,85,NA,0.10238259614956575,10.476653110895514,1,59412.6159207814,59412.6159207814,622445.3674128947,0,622445.3674128947,10.476653110895514
Jayuya,1980-1984,1,0,1,0.014184383150361302,0.12098577264261154,0.014009706285393332,100000,1400.9706285393331,98768.5268854041,0.9854328431742341,7177313.763376619,71.77313763376618
Jayuya,1980-1984,1,1,4,4.7621228500547403e-4,1.6107887549621098,0.001902684319560857,98599.02937146067,187.60282710900356,393947.89470171294,0.9981094716564977,7078545.2364912145,71.79122636008512
Jayuya,1980-1984,1,5,5,2.2140206410622499e-4,2.5,0.0011063979235711211,98411.42654435166,108.8821979843342,491784.9272267975,0.9987778286545959,6684597.341789502,67.92501213034357
Jayuya,1980-1984,1,10,5,2.677937639202046e-4,2.5,0.0013380730005879543,98302.54434636733,131.53598047897685,491183.88178063923,0.997130702379112,6192812.414562704,62.99747840444939
Jayuya,1980-1984,1,15,5,8.824573171154372e-4,2.5,0.004402573876747992,98171.00836588835,432.20511688568513,489774.52903722756,0.9935986572005824,5701628.532782065,58.07853690910258
Jayuya,1980-1984,1,20,5,0.0016888909727187814,2.5,0.008408950362699896,97738.80324900267,821.8807450305467,486639.314382437,0.9909929265487002,5211854.003744837,53.32430754719742
Jayuya,1980-1984,1,25,5,0.001931334075679821,2.5,0.009610268779473507,96916.92250397212,931.3976745425607,482256.1183335042,0.9886356614225005,4725214.6893624,48.75531091248526
Jayuya,1980-1984,1,30,5,0.002644453823927716,2.5,0.013135429030814907,95985.52482942956,1260.8110493824934,476775.59652369155,0.9847167804235846,4242958.571028896,44.20415035047021
Jayuya,1980-1984,1,35,5,0.003522671772838425,2.5,0.01745959778349951,94724.71378004707,1653.8554027567297,469488.9303933435,0.9811941701479936,3766182.9745052042,39.75924364628186
Jayuya,1980-1984,1,40,5,0.004076318724316204,2.5,0.020175984265473866,93070.85837729034,1877.7961741943582,460659.8014509658,0.9783343178613122,3296694.044111861,35.42133490106789
Jayuya,1980-1984,1,45,5,0.004691600864204278,2.5,0.023186055031463634,91193.06220309598,2114.407358728684,450679.29261865816,0.969008854510607,2836034.242660895,31.099232487058785
Jayuya,1980-1984,1,50,5,0.007951276498339358,2.5,0.03898150076445085,89078.6548443673,3472.419651911943,436712.2250920566,0.9466071642611049,2385354.9500422366,26.778075558165767
Jayuya,1980-1984,1,55,5,0.014162007539508694,2.5,0.06838873330580772,85606.23519245535,5854.5019878910825,413394.92099254904,0.9284486833855541,1948642.7249501802,22.762859744612598
Jayuya,1980-1984,1,60,5,0.01557277140352789,2.5,0.07494606227897678,79751.73320456427,5977.078363605615,383815.9701138073,0.8969985093315811,1535247.803957631,19.250337795414424
Jayuya,1980-1984,1,65,5,0.028570643760530673,2.5,0.13332991503960726,73774.65484095865,9836.368462021375,344282.35304973985,0.8401355451008453,1151431.8338438238,15.607417429821236
Jayuya,1980-1984,1,70,5,0.04210646532624085,2.5,0.19048111090241346,63938.28637893728,12179.035818656623,289243.84234804485,0.7845440195490028,807149.480794084,12.623883536859651
Jayuya,1980-1984,1,75,5,0.056180310799507714,2.5,0.2463074774141188,51759.250560280656,12748.690438348036,226924.52670553318,0.6916354693242753,517905.6384460391,10.006049794767948
Jayuya,1980-1984,1,80,5,0.09711112927219107,2.5,0.39070189160467694,39010.56012193262,15241.499632197054,156949.05152917048,0.4606211702526724,290981.11174050596,7.4590344468525025
Jayuya,1980-1984,1,85,NA,0.19167250304229555,5.63892966106994,1,23769.060489735566,23769.060489735566,134032.06021133548,0,134032.06021133548,5.63892966106994
Jayuya,1980-1984,2,0,1,0.015134164052424313,0.11792520664797387,0.014934792567304173,100000,1493.4792567304103,98682.63959324399,0.9848966371218189,7741358.118180224,77.41358118180224
Jayuya,1980-1984,2,1,4,2.6449524512429224e-4,1.499701092492996,0.0010572817818987072,98506.52074326959,104.14914978008892,393765.6789676654,0.9987839044232129,7642675.478586979,77.58547780309418
Jayuya,1980-1984,2,5,5,1.3207588387349935e-4,2.5,6.60161440852997e-4,98402.3715934895,64.96145141450688,491849.4543389112,0.9992677292355965,7248909.799619314,73.6660070507784
Jayuya,1980-1984,2,10,5,1.609502810732654e-4,2.5,8.044277231959481e-4,98337.410142075,79.10533894557739,491489.28736301104,0.9983932606382606,6757060.345280402,68.71301914010142
Jayuya,1980-1984,2,15,5,4.8252074870225835e-4,2.5,0.0024096969216043968,98258.30480312942,236.7727346061729,490699.59217913164,0.9965098941661485,6265571.057917392,63.76632560953607
Jayuya,1980-1984,2,20,5,9.167210382820667e-4,2.5,0.004573124492827188,98021.53206852324,448.2646691270056,488986.9986697987,0.9947902302234061,5774871.46573826,58.9143154965305
Jayuya,1980-1984,2,25,5,0.0011732994925908774,2.5,0.005849339894129951,97573.26739939624,570.739205599908,486439.4889829814,0.9935689566143353,5285884.467068462,54.173490423681045
Jayuya,1980-1984,2,30,5,0.0014081738890500163,2.5,0.007016169478597805,97002.52819379633,680.5861776601378,483311.1755248313,0.9916755042276097,4799444.97808548,49.47752463210976
Jayuya,1980-1984,2,35,5,0.001937755255337132,2.5,0.009642066364759106,96321.94201613619,928.7425573020591,479287.85368742584,0.9891094792706728,4316133.802560649,44.809455791885874
Jayuya,1980-1984,2,40,5,0.0024450812443704297,2.5,0.012151129971871821,95393.19945883413,1159.135165056985,474068.1593815282,0.9869292677119627,3836845.948873223,40.221378155252786
Jayuya,1980-1984,2,45,5,0.002820072078009171,2.5,0.014001646260879685,94234.06429377715,1319.4320339664555,467871.7413839696,0.9816767218790429,3362777.7894916944,35.685373592803415
Jayuya,1980-1984,2,50,5,0.004593405415320927,2.5,0.022706279211870645,92914.63225981069,2109.745582959542,459298.7973416546,0.9742704025692365,2894906.048107725,31.15662170424247
Jayuya,1980-1984,2,55,5,0.005848924017354198,2.5,0.028823158920604143,90804.88667685115,2617.2836794543255,447481.22418561997,0.9580162641180056,2435607.2507660706,26.82242487052163
Jayuya,1980-1984,2,60,5,0.011424200971702337,2.5,0.05553490020626225,88187.60299739683,4897.489731889917,428694.29065725935,0.9333356360973586,1988126.0265804504,22.544280136961394
Jayuya,1980-1984,2,65,5,0.016330186055131316,2.5,0.07844824421628095,83290.11326550691,6533.963146254187,400115.6584618991,0.892886758426203,1559431.735923191,18.722891286654086
Jayuya,1980-1984,2,70,5,0.029695938845730952,2.5,0.13821838263355038,76756.15011925272,10609.110926661102,357257.97327961086,0.83460980859101,1159316.077461292,15.103885169593742
Jayuya,1980-1984,2,75,5,0.04368524949331362,2.5,0.19691999922558598,66147.03919259162,13025.67490657996,298171.0086965082,0.7638660769774057,802058.1041816811,12.12538178536509
Jayuya,1980-1984,2,80,5,0.06646233056534297,2.5,0.2849633344874471,53121.36428601166,15137.641099464265,227762.71868139764,0.547988585692805,503887.0954851729,9.485582726606674
Jayuya,1980-1984,2,85,NA,0.16720866170862422,7.269544784950665,1,37983.723186547395,37983.723186547395,276124.37680377526,0,276124.37680377526,7.269544784950665
Jayuya,1985-1989,1,0,1,0.015936807439168955,0.11748889759551032,0.015715774353027744,100000,1571.5774353027664,98613.06546505693,0.9836882657920505,7142427.443738254,71.42427443738254
Jayuya,1985-1989,1,1,4,5.125923349805477e-4,1.6056483718743275,0.0020478559524698533,98428.42256469723,201.56723104133562,393231.06743096834,0.9980160642424549,7043814.3782731965,71.56280873691013
Jayuya,1985-1989,1,5,5,2.16702451446923e-4,2.5,0.0010829255756671606,98226.8553336559,106.3723738581757,490868.3457336341,0.9987740698793611,6650583.310842228,67.70636490653804
Jayuya,1985-1989,1,10,5,2.7400550841461197e-4,2.5,0.0013690896967769833,98120.48295979772,134.33574226303608,490266.57544333104,0.997055559052485,6159714.965108594,62.77705509900898
Jayuya,1985-1989,1,15,5,9.064398291407894e-4,2.5,0.004521951952316345,97986.14721753469,443.0886497102765,488823.01446339773,0.9937616802183129,5669448.389665263,57.859692932703766
Jayuya,1985-1989,1,20,5,0.0015988622978348184,2.5,0.007962484199714022,97543.05856782441,776.685062638091,485773.5801825268,0.9911273663729524,5180625.375201865,53.111163944071244
Jayuya,1985-1989,1,25,5,0.00196764938508457,2.5,0.00979008827249958,96766.37350518632,947.3513384254329,481463.489179868,0.9896878503260935,4694851.795019339,48.517389098680155
Jayuya,1985-1989,1,30,5,0.0021796877508067436,2.5,0.01083937263463834,95819.02216676089,1038.6180867521907,476498.56561692397,0.9877097381894822,4213388.305839471,43.97235758163553
Jayuya,1985-1989,1,35,5,0.002770466734909761,2.5,0.01375705005070886,94780.4040800087,1303.8987627550814,470642.2734931558,0.9840733688651734,3736889.7402225467,39.42681798516135
Jayuya,1985-1989,1,40,5,0.0036584525432006437,2.5,0.018126475589206725,93476.50531725361,1694.3995917975553,463146.5276067741,0.975992330243813,3266247.466729391,34.941908190126966
Jayuya,1985-1989,1,45,5,0.006090842289497384,2.5,0.02999743729830428,91782.10572545606,2753.2279616057203,452027.45872326597,0.9636073569380806,2803100.939122617,30.540821840669185
Jayuya,1985-1989,1,50,5,0.00878595921286055,2.5,0.04298562127612401,89028.87776385034,3826.961622195202,435576.98476376367,0.9503994723753295,2351073.4803993506,26.407987379506096
Jayuya,1985-1989,1,55,5,0.011631163693073014,2.5,0.05651255161888388,85201.91614165514,4814.977683983103,413972.13649831794,0.9254539177422163,1915496.495635587,22.481847620080725
Jayuya,1985-1989,1,60,5,0.019652268861113042,2.5,0.09365977653092161,80386.93845767203,7529.022691950508,383112.1355584839,0.8958013242236491,1501524.3591372692,18.67871059585011
Jayuya,1985-1989,1,65,5,0.024589382549213435,2.5,0.11582664833293764,72857.91576572153,8438.888187667028,343192.35835944006,0.8473385907168085,1118412.2235787853,15.350593162383328
Jayuya,1985-1989,1,70,5,0.04304676024870632,2.5,0.194321521387683,64419.0275780545,12518.003445282651,290800.12927706586,0.7546310041085003,775219.8652193452,12.034019983925337
Jayuya,1985-1989,1,75,5,0.07301692854905716,2.5,0.30872860628067134,51901.02413277185,16023.330845050143,219446.7935512339,0.6546235997013806,484419.73594227934,9.33352942522
Jayuya,1985-1989,1,80,5,0.09949783600851325,2.5,0.39839145972523266,35877.693287721704,14293.366600469635,143655.04993743444,0.45785011616231663,264972.94239104545,7.385450905834189
Jayuya,1985-1989,1,85,NA,0.2168865826245717,5.620647528711777,1,21584.32668725207,21584.32668725207,121317.892453611,0,121317.892453611,5.620647528711777
Jayuya,1985-1989,2,0,1,0.010086250703627403,0.12830003151635572,0.009998343424341399,100000,999.8343424341292,99128.4444352113,0.9897497606815131,7731427.848933853,77.31427848933853
Jayuya,1985-1989,2,1,4,2.577564667297727e-4,1.5077326952485965,0.0010303639631548253,99000.16565756587,102.00620303992764,395746.43590554525,0.9989181635658482,7632299.404498642,77.09380437703703
Jayuya,1985-1989,2,5,5,1.2241838310120696e-4,2.5,6.11904644563036e-4,98898.15945452594,60.51624310895568,494339.5066648574,0.999320514763004,7236552.968593096,73.17176587012737
Jayuya,1985-1989,2,10,5,1.4947727930172508e-4,2.5,7.471072076267684e-4,98837.64321141699,73.84231562809146,494003.6102680147,0.9982223357709104,6742213.461928239,68.21503672954263
Jayuya,1985-1989,2,15,5,5.625885057966242e-4,2.5,0.002808991762786568,98763.8008957889,277.4267031777563,493125.4377210001,0.9962732904787068,6248209.851660225,63.264169614665335
Jayuya,1985-1989,2,20,5,9.315669822630965e-4,2.5,0.004647012403013446,98486.37419261114,457.6674024008971,491287.7024570534,0.9950628537681374,5755084.413939225,58.43533647288028
Jayuya,1985-1989,2,25,5,0.0010484679500708746,2.5,0.005228634610824171,98028.70679021024,512.5562891776208,488862.14322810713,0.9940116773545383,5263796.711482171,53.696482222775245
Jayuya,1985-1989,2,30,5,0.0013549751364072304,2.5,0.006752003689236538,97516.15050103262,658.4294079431274,485934.6789853053,0.9923472949206826,4774934.568254064,48.96557691952269
Jayuya,1985-1989,2,35,5,0.0017192639150148243,2.5,0.00855952935022076,96857.7210930895,829.0565064917755,482215.964199218,0.9897694017745216,4288999.889268759,44.281445411529155
Jayuya,1985-1989,2,40,5,0.0023975032678543035,2.5,0.011916094152594257,96028.66458659772,1144.2866085618007,477282.60641158413,0.9871419850086427,3806783.9250695407,39.64216248822892
Jayuya,1985-1989,2,45,5,0.0027814668714192677,2.5,0.013811295206922721,94884.37797803592,1310.4761547798844,471145.6995032299,0.9812987493419248,3329501.3186579566,35.09008953432438
Jayuya,1985-1989,2,50,5,0.0047885859377300435,2.5,0.02365968855884038,93573.90182325603,2213.9293743737508,462334.6856803458,0.9715529903119935,2858355.6191547266,30.546504564420506
Jayuya,1985-1989,2,55,5,0.006783179099017805,2.5,0.03335034213578761,91359.97244888228,3046.8863386863522,449182.6463976956,0.9569309879836896,2396020.933474381,26.226156480235392
Jayuya,1985-1989,2,60,5,0.010914502548938587,2.5,0.05312298534724365,88313.08611019593,4691.454779401814,429836.79360247514,0.9351012485126337,1946838.2870766853,22.044731679373605
Jayuya,1985-1989,2,65,5,0.016089164750810046,2.5,0.07733517771579376,83621.63133079412,6466.893719851549,401940.9223543417,0.9032669677338873,1517001.4934742101,18.141256865381987
Jayuya,1985-1989,2,70,5,0.025024770043726954,2.5,0.11775676058198856,77154.73761094257,9085.491964617904,363059.95814316807,0.8402189538789286,1115060.5711198684,14.452263148669221
Jayuya,1985-1989,2,75,5,0.046282755495069584,2.5,0.20741449193450137,68069.24564632466,14118.548002097203,305049.8582263803,0.7393522199857914,752000.6129767004,11.047582587942253
Jayuya,1985-1989,2,80,5,0.07841507057587264,2.5,0.3278118746614052,53950.69764422746,17685.679334044857,225539.2898860252,0.4953822373294388,446950.75475032005,8.284429567485718
Jayuya,1985-1989,2,85,NA,0.17276968942818263,6.105373033883904,1,36265.018310182604,36265.018310182604,221411.4648642949,0,221411.4648642949,6.105373033883904
Jayuya,1990-1994,1,0,1,0.01579559808376896,0.11777067380374323,0.0155785063040002,100000,1557.8506304000184,98625.61848802777,0.983907919794204,7109844.676564082,71.09844676564082
Jayuya,1990-1994,1,1,4,4.67559844309729e-4,1.6060619605060473,0.0018681483414321144,98442.14936959998,183.90453807183076,393328.3414090742,0.9980652118728052,7011219.058076054,71.22171857252434
Jayuya,1990-1994,1,5,5,2.3551094524209616e-4,2.5,0.001176861816613356,98258.24483152815,115.63637650967576,491002.1332163666,0.9987328754819286,6617890.716666979,67.35201435781697
Jayuya,1990-1994,1,10,5,2.716831183268586e-4,2.5,0.0013574935714178145,98142.60845501848,133.22796005985583,490379.97237494274,0.9971699643447522,6126888.583450613,62.42842614335789
Jayuya,1990-1994,1,15,5,8.627728216198215e-4,2.5,0.004304579422762948,98009.38049495862,421.8891625163378,488992.17956850224,0.9937841971013766,5636508.6110756695,57.50988918214414
Jayuya,1990-1994,1,20,5,0.0016337031143834947,2.5,0.008135288954663365,97587.49133244228,793.9024403501244,485952.7005613361,0.9897133768614208,5147516.431507167,52.747707326255565
Jayuya,1990-1994,1,25,5,0.0025067319479057286,2.5,0.012455602597127052,96793.58889209216,1205.622477189594,480953.8882674868,0.9874279920255735,4661563.730945831,48.15983976110913
Jayuya,1990-1994,1,30,5,0.0025541824439179604,2.5,0.012689881537990466,95587.96641490256,1212.999970262521,474907.33214885654,0.9857474695638002,4180609.842678345,43.73573368568463
Jayuya,1990-1994,1,35,5,0.0031923284895211913,2.5,0.015835264036300523,94374.96644464004,1494.4525120678736,468138.70094303053,0.9825789476230976,3705702.5105294883,39.265735926944544
Jayuya,1990-1994,1,40,5,0.003843042302477891,2.5,0.019032356138004018,92880.51393257217,1767.7350194455648,459983.23211424693,0.9768547593833325,3237563.8095864574,34.85729861418305
Jayuya,1990-1994,1,45,5,0.005543356258618742,2.5,0.027337921694782705,91112.7789131266,2490.834015321103,449336.8095273303,0.9657917254279866,2777580.577472211,30.485082450624773
Jayuya,1990-1994,1,50,5,0.008428270149632294,2.5,0.04127172757431557,88621.9448978055,3657.5807669282367,433965.7725717069,0.9480838121681588,2328243.7679448803,26.2716392720753
Jayuya,1990-1994,1,55,5,0.013013833613389246,2.5,0.06301887517681132,84964.36413087726,5354.358657640885,411435.9240102841,0.9220434173885835,1894277.9953731736,22.294970541476292
Jayuya,1990-1994,1,60,5,0.01970492830222156,2.5,0.09389896078624274,79610.00547323638,7475.296782123987,379361.78541087196,0.891193843892863,1482842.0713628894,18.626327966544324
Jayuya,1990-1994,1,65,5,0.02672542489364013,2.5,0.12525817930957053,72134.70869111239,9035.462275674996,338084.88776637445,0.8418580741626558,1103480.2859520174,15.297494174090643
Jayuya,1990-1994,1,70,5,0.0433937103681437,2.5,0.19573444256624434,63099.246415437396,12350.695823475733,284619.49251849763,0.767442550547113,765395.398185643,12.13002439278557
Jayuya,1990-1994,1,75,5,0.06466838381274302,2.5,0.2783420868108977,50748.55059196166,14125.457474395022,218429.10927382077,0.6657368850311807,480775.9056671454,9.473687426716342
Jayuya,1990-1994,1,80,5,0.10369992068495837,2.5,0.41175277750269096,36623.09311756664,15079.660311897751,145416.31480808882,0.4457095843851176,262346.7963933246,7.163425425349649
Jayuya,1990-1994,1,85,NA,0.1857090981864711,5.427662464009309,1,21543.43280566889,21543.43280566889,116930.48158523579,0,116930.48158523579,5.427662464009309
Jayuya,1990-1994,2,0,1,0.01063548802013308,0.1271712005368611,0.010537667273804657,100000,1053.766727380469,99080.2420524263,0.9892331583641963,7828295.471835658,78.28295471835658
Jayuya,1990-1994,2,1,4,2.52092648169845e-4,1.50685521534552,0.001007737226334738,98946.23327261953,99.71180267441378,395536.3371296719,0.9988961469513311,7729215.229783231,78.11530539507729
Jayuya,1990-1994,2,5,5,1.3116521247440098e-4,2.5,6.556110789558253e-4,98846.52146994512,64.80487459193682,494070.5951632458,0.9993074491173384,7333678.892653559,74.19258445916489
Jayuya,1990-1994,2,10,5,1.459562227010602e-4,2.5,7.295149203998371e-4,98781.71659535318,72.06273611902725,493728.42613646836,0.9983169129629991,6839608.297490314,69.23961774736011
Jayuya,1990-1994,2,15,5,5.281675440460378e-4,2.5,0.0026373553065426056,98709.65385923415,260.332429412636,492897.4382226392,0.9965098459622856,6345879.871353845,64.28834083851056
Jayuya,1990-1994,2,20,5,8.7093376403275e-4,2.5,0.004345207849593871,98449.32142982152,427.7827642640623,491177.1502384474,0.9949372580176101,5852982.433131206,59.451729561218336
Jayuya,1990-1994,2,25,5,0.0011600359918401944,2.5,0.005783407556897268,98021.53866555745,566.898507457081,488690.4470591446,0.9938364481405078,5361805.282892759,54.700276652326984
Jayuya,1990-1994,2,30,5,0.0013134804568690637,2.5,0.006545907480475126,97454.64015810037,637.9290580179077,485678.37814545713,0.9927639888013964,4873114.835833614,50.00392826783798
Jayuya,1990-1994,2,35,5,0.0015924469868020682,2.5,0.00793066203685052,96816.71110008247,767.8206152541534,482164.00396227697,0.9907848035950904,4387436.4576881565,45.3169334904666
Jayuya,1990-1994,2,40,5,0.002113104245810923,2.5,0.010509999418070128,96048.89048482831,1009.4737831018429,477720.767966387,0.9879516622952965,3905272.45372588,40.65921463551678
Jayuya,1990-1994,2,45,5,0.002739234052993128,2.5,0.01360301565569693,95039.41670172647,1292.8226733018819,471965.02682537766,0.9787852685016593,3427551.6857594927,36.06452780025562
Jayuya,1990-1994,2,50,5,0.005871214791718609,2.5,0.028931417542047404,93746.59402842459,2712.2218549811514,461952.41550467006,0.9703274407323581,2955586.6589341154,31.527403097311055
Jayuya,1990-1994,2,55,5,0.006181221578987128,2.5,0.030435782112025144,91034.37217344344,2770.702316175928,448245.1050767774,0.9557921847911776,2493634.243429445,27.392227615723467
Jayuya,1990-1994,2,60,5,0.01203389679007969,2.5,0.05841216892022182,88263.66985726751,5155.672393221408,428429.16830328404,0.9318967374199747,2045389.1383526677,23.173624455682578
Jayuya,1990-1994,2,65,5,0.016318769699777292,2.5,0.07839555113763116,83107.9974640461,6515.297265138754,399251.7441573836,0.8964392212325822,1616959.9700493838,19.456129607128453
Jayuya,1990-1994,2,70,5,0.028005849378913063,2.5,0.13086666651660414,76592.70019890735,10023.431354536646,357904.92260819516,0.8498794324870955,1217708.2258920001,15.898489317254436
Jayuya,1990-1994,2,75,5,0.0377022626991685,2.5,0.1722735563059273,66569.2688443707,11468.124684505114,304176.03251059074,0.7850927725559541,859803.3032838049,12.91591928542734
Jayuya,1990-1994,2,80,5,0.06147124259128275,2.5,0.26641418540451406,55101.14415986559,14679.72643620729,238806.4047088097,0.5702039527748786,555627.2707732142,10.083770114848548
Jayuya,1990-1994,2,85,NA,0.1349494853726373,7.837945423645348,1,40421.4177236583,40421.4177236583,316820.8660644045,0,316820.8660644045,7.837945423645348
Jayuya,1995-1999,1,0,1,0.017991893324774126,0.11338807646507948,0.017709396099290155,100000,1770.939609929017,98429.86382597666,0.9818306495571139,7208223.593450419,72.08223593450418
Jayuya,1995-1999,1,1,4,4.572529095353746e-4,1.5996415895528389,0.0018270063691766755,98229.06039007098,179.46511897089658,392485.46095258027,0.998093195267563,7109793.729624442,72.37973875949955
Jayuya,1995-1999,1,5,5,2.1938173433817796e-4,2.5,0.0010963073971455059,98049.59527110009,107.49249658282497,489979.24511404335,0.9986938448578866,6717308.268671862,68.50929114086587
Jayuya,1995-1999,1,10,5,3.0347671017265284e-4,2.5,0.001516233197206907,97942.10277451726,148.50306763098342,489339.2562035088,0.9970717639395391,6227329.0235578185,63.58173703799685
Jayuya,1995-1999,1,15,5,8.703663521499127e-4,2.5,0.004342383100402727,97793.59970688628,424.6572746947204,487906.3553476946,0.9934874978373565,5737989.76735431,58.67449183333682
Jayuya,1995-1999,1,20,5,0.0017460053766992249,2.5,0.008692085812089526,97368.94243219156,846.3392030530231,484728.8641533252,0.990983576072859,5250083.412006615,53.91948685960938
Jayuya,1995-1999,1,25,5,0.0018774924621156447,2.5,0.009343605936292305,96522.60322913853,901.8691685181693,480358.3432243973,0.9884133104287895,4765354.547853289,49.37034837882107
Jayuya,1995-1999,1,30,5,0.0027895044889393447,2.5,0.013850929370558835,95620.73406062037,1324.436033834645,474792.58021851524,0.984843334603109,4284996.204628892,44.81241695877745
Jayuya,1995-1999,1,35,5,0.0033235353835603487,2.5,0.016480741102299763,94296.29802678572,1554.0728746847599,467596.3079472167,0.9812843301393297,3810203.624410377,40.406714835486476
Jayuya,1995-1999,1,40,5,0.004242126805506725,2.5,0.020988049113187763,92742.22515210096,1946.4783763586165,458844.9298196082,0.9778553593756466,3342607.3164631603,36.04191414408216
Jayuya,1995-1999,1,45,5,0.004720257858157813,2.5,0.023326027133596664,90795.74677574234,2117.9040529061313,448683.97374644637,0.9657085458580298,2883762.386643552,31.76098538807326
Jayuya,1995-1999,1,50,5,0.009315775279421535,2.5,0.04551876982049897,88677.84272283621,4036.506311079196,433297.94783648313,0.9482834484942888,2435078.412897106,27.459829176358927
Jayuya,1995-1999,1,55,5,0.011990977318983933,2.5,0.05820990254211282,84641.33641175702,4926.963943562558,410889.2721998787,0.9268109701460981,2001780.4650606227,23.65015192248982
Jayuya,1995-1999,1,60,5,0.018649579233888672,2.5,0.08909398293444663,79714.37246819446,7102.070940311431,380816.68499019375,0.9078748750050625,1590891.192860744,19.9573946780488
Jayuya,1995-1999,1,65,5,0.020047333905991047,2.5,0.09545273728830643,72612.30152788303,6931.042941640306,345733.9002853144,0.8630119995089226,1210074.5078705503,16.664869208227525
Jayuya,1995-1999,1,70,5,0.04026347989392082,2.5,0.18290629013163706,65681.25858624272,12013.515339186393,298372.50458324765,0.8001418146518747,864340.6075852357,13.159623097817379
Jayuya,1995-1999,1,75,5,0.04959095190218635,2.5,0.22060475947022803,53667.74324705633,11839.359590326814,238740.3172594646,0.7143527055368465,565968.1030019881,10.545777943309204
Jayuya,1995-1999,1,80,5,0.09052666194422294,2.5,0.36909986334042166,41828.383656729515,15438.850691449592,170544.7915550236,0.4788193454659277,327227.78574252356,7.823103766761924
Jayuya,1995-1999,1,85,NA,0.1793906904472925,5.937315919673304,1,26389.532965279923,26389.532965279923,156682.99418749992,0,156682.99418749992,5.937315919673304
Jayuya,1995-1999,2,0,1,0.008799259633609918,0.13094514565283055,0.008732482000571556,100000,873.2482000571472,99241.09941269041,0.9910117415502107,7862508.311124209,78.62508311124209
Jayuya,1995-1999,2,1,4,2.454806984409851e-4,1.5097922517850701,9.813229130913473e-4,99126.75179994285,97.27535284160695,396264.7713624149,0.9989724124478768,7763267.2117115185,78.31657015635203
Jayuya,1995-1999,2,5,5,1.21768186900548e-4,2.5,6.08655647266204e-4,99029.47644710125,60.27485008534859,494996.6951102929,0.9993241117818196,7367002.440349104,74.39201644456183
Jayuya,1995-1999,2,10,5,1.4868759656628985e-4,2.5,7.431617355006702e-4,98969.2015970159,73.55012361996341,494662.1326760296,0.9984544284136141,6872005.745238811,69.43580057582291
Jayuya,1995-1999,2,15,5,4.702678706469953e-4,2.5,0.0023485782010608247,98895.65147339593,232.26417123011197,493897.59693890443,0.9964433504367433,6377343.612562781,64.48558169697037
Jayuya,1995-1999,2,20,5,9.557913696129917e-4,2.5,0.004767564854709454,98663.38730216582,470.3840977483924,492140.9762664581,0.9947851496794738,5883446.015623877,59.63150238908051
Jayuya,1995-1999,2,25,5,0.0011360732103425793,2.5,0.0056642784641652505,98193.00320441743,556.1925133824989,489574.53473863093,0.9939939746062539,5391305.039357419,54.905185333152936
Jayuya,1995-1999,2,30,5,0.0012739885547670723,2.5,0.006349719100186304,97636.81069103493,619.9663217261404,486634.1376508593,0.9928703051465104,4901730.504618788,50.203713844463664
Jayuya,1995-1999,2,35,5,0.0015892200405731118,2.5,0.007914654882481909,97016.84436930879,767.8548409705254,483164.58474411763,0.990839676249064,4415096.366967929,45.508554681094544
Jayuya,1995-1999,2,40,5,0.0020940920206749384,2.5,0.010415930311989086,96248.98952833826,1002.5227675265487,478738.64072287496,0.9879198569580178,3931931.782223811,40.851668173265814
Jayuya,1995-1999,2,45,5,0.0027714446438485856,2.5,0.013761872549327526,95246.46676081172,1310.7697363360494,472955.4094632185,0.9834519634068927,3453193.1415009364,36.255341105437424
Jayuya,1995-1999,2,50,5,0.003912514425274826,2.5,0.019373078503605784,93935.69702447567,1819.8236327460909,465128.9260405131,0.9765327726659406,2980237.7320377175,31.726359908323175
Jayuya,1995-1999,2,55,5,0.005605932193554437,2.5,0.027642259388254195,92115.87339172958,2546.290866069772,454213.63979347347,0.9635441436049047,2515108.8059972045,27.303750302638047
Jayuya,1995-1999,2,60,5,0.009316034375861875,2.5,0.0455200070042077,89569.5825256598,4077.208023931991,437654.89256846905,0.9425105070091968,2060895.1662037312,23.00887319211662
Jayuya,1995-1999,2,65,5,0.014514175405713486,2.5,0.07002981450034836,85492.37450172781,5987.015127550316,412494.3346897633,0.913780057178447,1623240.2736352622,18.98695975045653
Jayuya,1995-1999,2,70,5,0.021858434714128423,2.5,0.10362924106965289,79505.3593741775,8239.080052916019,376929.0967385974,0.8554835340943332,1210745.9389454988,15.228482060528064
Jayuya,1995-1999,2,75,5,0.04202085746301972,2.5,0.19013065448629995,71266.27932126148,13549.90433015491,322456.6357809201,0.7621223955958867,833816.8422069014,11.700019281884156
Jayuya,1995-1999,2,80,5,0.06971345364688342,2.5,0.2968339659237945,57716.37499110657,17132.18048735508,245751.42373714515,0.5194162145412906,511360.20642598125,8.859880865781609
Jayuya,1995-1999,2,85,NA,0.14531336390541888,6.544636056883769,1,40584.19450375149,40584.19450375149,265608.7826888361,0,265608.7826888361,6.544636056883769
Jayuya,2000-2004,1,0,1,0.011323647732659342,0.12669422713186493,0.011212764625518673,100000,1121.2764625518612,99020.7827922723,0.9883047004776637,7379792.538132513,73.79792538132513
Jayuya,2000-2004,1,1,4,4.074809787568048e-4,1.6192159401833122,0.0016283442188637894,98878.72353744814,161.00859784084605,395131.5674465596,0.998395617904628,7280771.755340241,73.63335098660339
Jayuya,2000-2004,1,5,5,1.856930885120084e-4,2.5,9.280346185236427e-4,98717.7149396073,91.61345692549367,493359.54105572274,0.998973920804061,6885640.187893681,69.75080604434697
Jayuya,2000-2004,1,10,5,2.2496942631164318e-4,2.5,0.0011242148466354695,98626.1014826818,110.87692755262833,492853.31509452744,0.9974928733407572,6392280.646837958,64.81327509392032
Jayuya,2000-2004,1,15,5,7.798363859786185e-4,2.5,0.003891594911614178,98515.22455512917,383.3813465952553,491617.66940915777,0.9948414051413329,5899427.331743431,59.88340744675569
Jayuya,2000-2004,1,20,5,0.0012902574730550699,2.5,0.006430544719325538,98131.84320853392,631.0412061423267,489081.6130273138,0.9924340692109319,5407809.662334274,55.10759286200781
Jayuya,2000-2004,1,25,5,0.0017493503059125275,2.5,0.00870866526395367,97500.80200239159,849.1018476058525,485381.25539294333,0.9899836390175479,4918728.04930696,50.448077844388486
Jayuya,2000-2004,1,30,5,0.002280031707704083,2.5,0.011335545033270503,96651.70015478574,1095.5996996467293,480519.50152481184,0.9877600265708081,4433346.793914016,45.86930997400047
Jayuya,2000-2004,1,35,5,0.0026483736875387246,2.5,0.013154771560527415,95556.100455139,1257.0186727021646,474637.9555939396,0.986095454547845,3952827.2923892043,41.366561355702764
Jayuya,2000-2004,1,40,5,0.002954525832044531,2.5,0.014664313924474974,94299.08178243684,1382.8313380473992,468038.3305670657,0.9829430177405982,3478189.336795265,36.884657528479515
Jayuya,2000-2004,1,45,5,0.003935393000306217,2.5,0.019485259615778374,92916.25044438944,1810.4972624336078,460055.0090658632,0.9756877879148954,3010151.006228199,32.39638913356475
Jayuya,2000-2004,1,50,5,0.005933754532387956,2.5,0.029235088071073546,91105.75318195584,2663.4847180559736,448870.05411463924,0.96263942149953,2550095.997162336,27.990504530150805
Jayuya,2000-2004,1,55,5,0.00936017855342367,2.5,0.04573077228224884,88442.26846389986,4044.5332392481214,432100.009221379,0.9403641034737205,2101225.9430476967,23.75816427532464
Jayuya,2000-2004,1,60,5,0.015413370207929485,2.5,0.0742073862486156,84397.73522465174,6262.935336324124,406331.3377824484,0.9070148925160963,1669125.9338263175,19.776904313645403
Jayuya,2000-2004,1,65,5,0.024013577908529773,2.5,0.11326796668624652,78134.79988832762,8850.16991078762,368548.57466466905,0.8472082803805485,1262794.5960438692,16.161743523355657
Jayuya,2000-2004,1,70,5,0.04379455536315673,2.5,0.1973640948673635,69284.62997754,13674.298283737393,312237.40417835646,0.7913383652252726,894246.0213792002,12.906845597199379
Jayuya,2000-2004,1,75,5,0.050130387063239704,2.5,0.22273718239864923,55610.331693802604,12386.48859373189,247085.4369846833,0.7118174773535336,582008.6172008436,10.465836104079642
Jayuya,2000-2004,1,80,5,0.09151590691133434,2.5,0.3723822794929121,43223.84310007071,16095.793222048316,175879.73244523277,0.47486545323103796,334923.18021616037,7.748574772510509
Jayuya,2000-2004,1,85,NA,0.14234165940189797,5.862693724246488,1,27128.049878022397,27128.049878022397,159043.4477709276,0,159043.4477709276,5.862693724246488
Jayuya,2000-2004,2,0,1,0.0073250718830843095,0.13397499951085332,0.007278896779206328,100000,727.8896779206407,99369.62934132274,0.9924959829499096,8165544.067443556,81.65544067443557
Jayuya,2000-2004,2,1,4,2.127661869792445e-4,1.5121572349402312,0.00085061449315195685,99272.11032207936,84.44229580574029,396878.36213363206,0.9991129192691252,8066174.438102233,81.2531778757625
Jayuya,2000-2004,2,5,5,1.0533169732222301e-4,2.5,5.265198385404469e-4,99187.66802627362,52.22427495439479,495807.77944398206,0.9994150856511855,7669296.075968601,77.32106448895539
Jayuya,2000-2004,2,10,5,1.2870932613531826e-4,2.5,6.433396211538042e-4,99135.44375131922,63.77775882589049,495517.7743595314,0.9986994041650997,7173488.296524619,72.36048001680689
Jayuya,2000-2004,2,15,5,3.9203889197483567e-4,2.5,0.0019582751598145893,99071.66599249333,194.00958255454316,494873.30600608035,0.9972648135604001,6677970.522165088,67.40545296443362
Jayuya,2000-2004,2,20,5,7.039611488534342e-4,2.5,0.0035136221106230933,98877.65640993879,347.4187198085565,493519.73525017255,0.9958595637283368,6183097.2161590075,62.532805091216815
Jayuya,2000-2004,2,25,5,9.561723304106033e-4,2.5,0.004769460586443663,98530.23769013023,469.9360852360114,491476.3482375611,0.9948159153055246,5689577.480908835,57.74448143322362
Jayuya,2000-2004,2,30,5,0.0011232847506630374,2.5,0.00560069581281609,98060.30160489422,549.2059206020058,488928.4932229661,0.9938522348557566,5198101.132671273,53.00923052037436
Jayuya,2000-2004,2,35,5,0.0013440844223972818,2.5,0.0066979157015938035,97511.09568429222,653.1210988634411,485922.6756743025,0.9922867022310834,4709172.639448307,48.29371064288938
Jayuya,2000-2004,2,40,5,0.0017547697467418574,2.5,0.008735526639039178,96857.97458542878,846.1054171943979,482174.6093841579,0.9900678850182152,4223249.963774005,43.60250131029837
Jayuya,2000-2004,2,45,5,0.002240327435659855,2.5,0.011139248269522183,96011.86916823438,1069.5000474858389,477385.5957224573,0.9868747072036692,3741075.3543898473,38.96471745419977
Jayuya,2000-2004,2,50,5,0.0030498194562112464,2.5,0.015133709576280255,94942.36912074854,1436.8302407574083,471119.7700018492,0.9817628420953269,3263689.75866739,34.375482610051584
Jayuya,2000-2004,2,55,5,0.0043238993406982135,2.5,0.021388294620965437,93505.53887999113,1999.9240142573835,462527.8843643122,0.9704941906203232,2792569.9886655407,29.86528950172289
Jayuya,2000-2004,2,60,5,0.007705789981486077,2.5,0.03780073852684798,91505.61486573375,3458.979821278059,448880.6247754736,0.9509820797876517,2330042.1043012287,25.46337847923432
Jayuya,2000-2004,2,65,5,0.012514828992477647,2.5,0.06067577751347144,88046.63504445569,5342.298038767214,426877.4301253604,0.9217661760877653,1881161.479525755,21.36551247615467
Jayuya,2000-2004,2,70,5,0.02037252077540788,2.5,0.09692603473618719,82704.33700568847,8016.203441446691,393481.1764248257,0.8877665201226732,1454284.0494003945,17.584132852674554
Jayuya,2000-2004,2,75,5,0.027620855956737893,2.5,0.12918385795257975,74688.13356424178,9648.501237106306,349319.41472844314,0.8263619662638383,1060802.8729755688,14.203097899924577
Jayuya,2000-2004,2,80,5,0.05062473739790925,2.5,0.22468689886062226,65039.63232713548,14613.553290619151,288664.2784091295,0.5942782997087401,711483.4582471257,10.939229401982406
Jayuya,2000-2004,2,85,NA,0.12250438524241809,8.384930732603845,1,50426.07903651633,50426.07903651633,422819.1798379962,0,422819.1798379962,8.384930732603845
Jayuya,2005-2009,1,0,1,0.011639864123666787,0.12606323313442913,0.011522649907347676,100000,1152.264990734766,98992.99325942487,0.9880712487004336,7543514.003018566,75.43514003018566
Jayuya,2005-2009,1,1,4,3.701948494137289e-4,1.6182822558291614,0.0014794749451259687,98847.73500926523,146.24274732866616,395042.63109079195,0.9984919611364919,7444521.009759141,75.31301560993126
Jayuya,2005-2009,1,5,5,1.7584919006756399e-4,2.5,8.788595834729779e-4,98701.49226193657,86.74475237747538,493290.59942873917,0.9990280314339935,7049478.378668349,71.42220666694949
Jayuya,2005-2009,1,10,5,2.1314540697058398e-4,2.5,0.001065159450241644,98614.74750955909,105.04043024301063,492811.13647218794,0.9977637564839692,6556187.77923961,66.4828328907306
Jayuya,2005-2009,1,15,5,6.828790833641566e-4,2.5,0.003408576303167074,98509.70707931608,335.7778531824879,491709.09076362423,0.9946789393809815,6063376.642767422,61.55105747990331
Jayuya,2005-2009,1,20,5,0.0014532781453509367,2.5,0.0072400860795799014,98173.9292261336,710.7876983677852,489092.6768847485,0.9924057209957894,5571667.552003798,56.75302594001339
Jayuya,2005-2009,1,25,5,0.0015965581644808106,2.5,0.007951055017891426,97463.14152776581,774.9348005038046,485378.3706375695,0.9908384169780153,5082574.87511905,52.148687139036035
Jayuya,2005-2009,1,30,5,0.002087197073585971,2.5,0.010381813142903892,96688.206727262,1003.7988953649037,480931.53639789775,0.9877060381475898,4597196.50448148,47.546610492521054
Jayuya,2005-2009,1,35,5,0.0028656174591038877,2.5,0.014226170389905686,95684.4078318971,1361.2226894737978,475018.982435801,0.9839793756155616,4116264.9680835824,43.0191821358735
Jayuya,2005-2009,1,40,5,0.0036003115334152834,2.5,0.017840974996954147,94323.1851424233,1682.8175877590402,467408.8817427189,0.9800902286285796,3641245.9856477813,38.60393370039065
Jayuya,2005-2009,1,45,5,0.004452240097586494,2.5,0.022016147550634187,92640.36755466426,2039.5840012284752,458102.87777025014,0.9707520928713945,3173837.103905062,34.259763725918695
Jayuya,2005-2009,1,50,5,0.0074652661653502,2.5,0.03664246641489574,90600.78355343579,3319.836168520007,444704.32734587893,0.9603478949893369,2715734.2261348125,29.97473222218977
Jayuya,2005-2009,1,55,5,0.00874222339916533,2.5,0.04277621884259282,87280.94738491578,3733.5489061260014,427070.86465926387,0.9435053323876796,2271029.898788933,26.019766820054258
Jayuya,2005-2009,1,60,5,0.01468528387719768,2.5,0.07082616359034571,83547.39847878978,5917.341712206573,402943.6381134325,0.9268492296337806,1843959.0341296694,22.070813307224597
Jayuya,2005-2009,1,65,5,0.015725345399541388,2.5,0.07565257001315723,77630.0567665832,5872.913304659291,373468.0005712678,0.8973771180563158,1441015.3960162369,18.5625961906618
Jayuya,2005-2009,1,70,5,0.028219805105776083,2.5,0.13180056022306308,71757.14346192392,9457.631708288289,335141.6380388988,0.8297059489297454,1067547.3954449692,14.877228160725709
Jayuya,2005-2009,1,75,5,0.04808669309143891,2.5,0.21463120343824224,62299.51175363563,13371.41918129773,278069.0108149338,0.7492933056443172,732405.7574060704,11.756203809467724
Jayuya,2005-2009,1,80,5,0.0696602842406965,2.5,0.29664115352362325,48928.0925723379,14514.085820368942,208355.24831076714,0.5414078877087424,454336.7465911365,9.28580540758708
Jayuya,2005-2009,1,85,NA,0.13905987913020806,7.147714593456801,1,34414.006751968955,34414.006751968955,245981.4982803694,0,245981.4982803694,7.147714593456801
Jayuya,2005-2009,2,0,1,0.006447532895798621,0.13577857906525195,0.006411805698651232,100000,641.1805698651151,99445.87801683541,0.9933702052228961,8237653.098991525,82.37653098991525
Jayuya,2005-2009,2,1,4,1.9849293703258088e-4,1.5135679921282945,7.935800852562793e-4,99358.81943013488,78.8491803943325,397239.2245946126,0.9991917524983973,8138207.22097469,81.90724555354797
Jayuya,2005-2009,2,5,5,9.365057956113931e-5,2.5,4.681432930789104e-4,99279.97024974055,46.477252209500875,496283.65811817907,0.9994514531861681,7740967.996380078,77.97109504472587
Jayuya,2005-2009,2,10,5,1.2583717355212857e-4,2.5,6.289879925826808e-4,99233.49299753105,62.41667555748427,496011.42329876154,0.9987294660898157,7244684.338261899,73.00644287954418
Jayuya,2005-2009,2,15,5,3.8286283073099905e-4,2.5,0.001912483606436778,99171.07632197357,189.66305769846076,495381.22396562167,0.9973911085446495,6748672.914963136,68.05081849724583
Jayuya,2005-2009,2,20,5,6.62421938343976e-4,2.5,0.003306633724916249,98981.4132642751,327.29527923952264,494088.8281232767,0.9963051978650405,6253291.690997515,63.17642358067326
Jayuya,2005-2009,2,25,5,8.18523196895265e-4,2.5,0.004084258334005085,98654.11798503558,402.92890356430144,492263.2676662672,0.9955281846043832,5759202.862874238,58.377723915668945
Jayuya,2005-2009,2,30,5,9.745610183170691e-4,2.5,0.004860961831803339,98251.18908147128,477.59528005433094,490061.95720722055,0.9945082913957112,5266939.5952079715,53.60687890342528
Jayuya,2005-2009,2,35,5,0.0012288710249799392,2.5,0.00612553638944607,97773.59380141695,598.9157067574852,487370.67974019103,0.9931615077952362,4776877.638000751,48.85652099178054
Jayuya,2005-2009,2,40,5,0.001516899160006726,2.5,0.007555842173418625,97174.67809465947,734.2365309360175,484037.7991459573,0.9904123496263535,4289506.9582605595,44.14222966688997
Jayuya,2005-2009,2,45,5,0.0023406018617664263,2.5,0.01163492747654931,96440.44156372345,1122.0775434003008,479397.0139601165,0.9865914921284296,3805469.159114602,39.45926726807987
Jayuya,2005-2009,2,50,5,0.0030638833914333943,2.5,0.015202966664507224,95318.36402032315,1449.1219107163342,472969.0153248249,0.9832376926362892,3326072.145154486,34.89434779268057
Jayuya,2005-2009,2,55,5,0.0037031122599546183,2.5,0.018345720642203474,93869.24210960681,1722.0988926382124,465040.96331643855,0.9714039597394275,2853103.129829661,30.394440880839575
Jayuya,2005-2009,2,60,5,0.007963014528321828,2.5,0.03903792375653708,92147.1432169686,3597.233151286724,451742.6332066262,0.9585776853289365,2388062.1665132223,25.91574826026151
Jayuya,2005-2009,2,65,5,0.008977792276846516,2.5,0.04390356858677178,88549.91006568188,3887.6570499211375,433030.4077036065,0.9381378785361839,1936319.533306596,21.866984753235002
Jayuya,2005-2009,2,70,5,0.016806758014378396,2.5,0.08064532395992782,84662.25301576074,6827.614821633397,406242.2280247202,0.8928518445171167,1503289.1256029895,17.7563090049486
Jayuya,2005-2009,2,75,5,0.0291789778323916,2.5,0.13597580188928518,77834.63819412734,10583.62734320885,362714.1226126146,0.8254710025116709,1097046.8975782692,14.094584660907975
Jayuya,2005-2009,2,80,5,0.04922355968811339,2.5,0.21914950196418145,67251.0108509185,14738.025534566557,299409.9904181761,0.5922693353402622,734332.7749656547,10.919282337532707
Jayuya,2005-2009,2,85,NA,0.11625668178680217,8.282195002386366,1,52512.98531635194,52512.98531635194,434922.78454747866,0,434922.78454747866,8.282195002386366
Jayuya,2010-2014,1,0,1,0.009605707142078477,0.1301222916833395,0.009526108971088123,100000,952.6108971088106,99171.3450159055,0.9900531116001464,7693738.225864145,76.93738225864145
Jayuya,2010-2014,1,1,4,3.555226611444631e-4,1.6242978336701115,0.0014208905377575633,99047.38910289119,140.73549796588486,395855.2107841677,0.9985618834995047,7594566.88084824,76.6760936318972
Jayuya,2010-2014,1,5,5,1.769060113095242e-4,2.5,8.841390327732936e-4,98906.6536049253,87.4472330530989,494314.64994199376,0.999068559765658,7198711.670064072,72.78288575831054
Jayuya,2010-2014,1,10,5,1.9585250733258617e-4,2.5,9.787832937573867e-4,98819.2063718722,96.7225882991479,493854.2253886131,0.9977897677743627,6704397.020122078,67.84508058982358
Jayuya,2010-2014,1,15,5,6.897649235846276e-4,2.5,0.0034428876600637523,98722.48378357306,339.89042118930956,492762.6928648921,0.9952721794115725,6210542.794733465,62.90910192604847
Jayuya,2010-2014,1,20,5,0.0012070701227643932,2.5,0.006017192680054441,98382.59336238375,591.9870206249034,490432.9992603565,0.9925840223240401,5717780.101868573,58.1178022092549
Jayuya,2010-2014,1,25,5,0.0017724655122901278,2.5,0.008823230382550487,97790.60634175884,862.8290490026411,486795.9590862876,0.9909161595757069,5227347.102608217,53.45449116390251
Jayuya,2010-2014,1,30,5,0.0018781313024746964,2.5,0.009346770357410246,96927.7772927562,905.9616756095929,482373.98227475706,0.9898102981116361,4740551.143521929,48.90807646608656
Jayuya,2010-2014,1,35,5,0.002220374406150046,2.5,0.011040586441839362,96021.81561714661,1060.1371556234808,477458.73519667436,0.9872250281136307,4258177.161247171,44.3459346595274
Jayuya,2010-2014,1,40,5,0.0029270067776939286,2.5,0.014528719735626161,94961.67846152313,1379.6716119921184,471359.2132776354,0.9828129968421192,3780718.4260504977,39.813096054134945
Jayuya,2010-2014,1,45,5,0.004016831786049836,2.5,0.019884477427796768,93582.00684953101,1860.8293028474145,463257.9609905365,0.9757225139862135,3309359.212772862,35.36319987338941
Jayuya,2010-2014,1,50,5,0.005835842196775708,2.5,0.028759619481544513,91721.1775466836,2637.866164641804,452011.22232181346,0.9664881637174046,2846101.2517823256,31.02992490838593
Jayuya,2010-2014,1,55,5,0.007831334723386794,2.5,0.03840477205459667,89083.3113820418,3421.2242674959707,436863.49624146905,0.9528378910936331,2394090.029460512,26.874730994150426
Jayuya,2010-2014,1,60,5,0.011579628541530907,2.5,0.05626920157620217,85662.08711454582,4820.137247286562,416260.0924545127,0.9294350534230496,1957226.5332190432,22.84822374922846
Jayuya,2010-2014,1,65,5,0.017910181058850557,2.5,0.08571306405348582,80841.94986725926,6929.211227181091,386886.72126834356,0.8970191587355801,1540966.4407645303,19.061470477824496
Jayuya,2010-2014,1,70,5,0.02595502584330017,2.5,0.12186744735275629,73912.73864007817,9007.55678491776,347044.80123809644,0.8537471077387894,1154079.7194961868,15.614084131235302
Jayuya,2010-2014,1,75,5,0.03812151252539507,2.5,0.1740225550927971,64905.18185516041,11294.965585197671,296288.49531280785,0.7765718432460423,807034.9182580904,12.434059888454431
Jayuya,2010-2014,1,80,5,0.06599486013034665,2.5,0.28324286715045216,53610.21626996274,15184.711364860057,230089.30293766357,0.5495038386939157,510746.4229452826,9.527035301878621
Jayuya,2010-2014,1,85,NA,0.14130040997213208,7.303927969215817,1,38425.50490510268,38425.50490510268,280657.120007619,0,280657.120007619,7.303927969215817
Jayuya,2010-2014,2,0,1,0.006142360242858611,0.13640579126365998,0.006109949972089064,100000,610.9949972089089,99472.34825884351,0.993697683711864,8318244.034327127,83.18244034327127
Jayuya,2010-2014,2,1,4,1.8173366510258946e-4,1.5140591113954112,7.26606394791723e-4,99389.00500279109,72.21668660701835,397376.49359708844,0.9992530605478104,8218771.686068283,82.69296675057245
Jayuya,2010-2014,2,5,5,8.557542158624286e-5,2.5,4.2778558810108863e-4,99316.78831618407,42.48629069812887,496477.72585417505,0.9995241134346117,7821395.192471195,78.75199475411014
Jayuya,2010-2014,2,10,5,1.0482909132533951e-4,2.5,5.240081283868328e-4,99274.30202548594,52.02054120130197,496241.4587744265,0.9988558519167495,7324917.46661702,73.78462821865571
Jayuya,2010-2014,2,15,5,3.532342943156043e-4,2.5,0.0017646131668611806,99222.28148428464,175.08894435316324,495673.68506054033,0.9974525091854268,6828676.007842594,68.82200152718879
Jayuya,2010-2014,2,20,5,6.674623858106201e-4,2.5,0.0033317523805709353,99047.19253993148,330.0007195337821,494410.96090082295,0.9962694519431509,6333002.322782053,63.93924108680682
Jayuya,2010-2014,2,25,5,8.278451530561151e-4,2.5,0.00413067686323041,98717.1918203977,407.7688202556019,492566.53705134947,0.9957043466598742,5838591.36188123,59.14462571528312
Jayuya,2010-2014,2,30,5,8.942576036562965e-4,2.5,0.004461314108122763,98309.4230001421,438.5892157919443,490450.6419612306,0.994664315356537,5346024.824829881,54.379576867439795
Jayuya,2010-2014,2,35,5,0.0012466680814666692,2.5,0.0062139735012755465,97870.83378435015,608.1667676836951,487833.7520025415,0.9933351378658091,4855574.18286865,49.61206515893677
Jayuya,2010-2014,2,40,5,0.0014287995240549224,2.5,0.0071185700963605335,97262.66701666646,692.3711129171134,484582.4073010395,0.9914752146658843,4367740.430866108,44.90664881847908
Jayuya,2010-2014,2,45,5,0.0019981483957306873,2.5,0.009941082583115242,96570.29590374934,960.0132866550412,480451.4463021091,0.9886840100119109,3883158.0235650693,40.21068784375865
Jayuya,2010-2014,2,50,5,0.002557184675692859,2.5,0.012704702700824837,95610.2826170943,1214.7002157920215,475014.6625459915,0.9835651997025553,3402706.57726296,35.589337089299484
Jayuya,2010-2014,2,55,5,0.004083852747636598,2.5,0.020212897495743766,94395.58240130228,1908.0082311285514,467207.89142869,0.9763282899621679,2927691.9147169683,31.015136940100895
Jayuya,2010-2014,2,60,5,0.0055153899798447426,2.5,0.0272018774928314,92487.57417017373,2515.8356621862185,456148.2816954031,0.964572331883514,2460484.0232882784,26.603401001318062
Jayuya,2010-2014,2,65,5,0.008973590658408992,2.5,0.04388347249494695,89971.73850798751,3948.2723121378367,439988.011759593,0.9404537440116544,2004335.7415928754,22.277392599398695
Jayuya,2010-2014,2,70,5,0.015784839851459256,2.5,0.07592792395748942,86023.46619584967,6531.583199878136,413788.372979553,0.8919897894044764,1564347.7298332825,18.18512783792891
Jayuya,2010-2014,2,75,5,0.03073941508350257,2.5,0.14272859184499503,79491.88299597154,11345.76452312211,369095.0036720524,0.8314851573805616,1150559.3568537293,14.4739225376261
Jayuya,2010-2014,2,80,5,0.04409762656471676,2.5,0.1985942906555506,68146.11847284943,13533.430059044651,306897.01721663546,0.6072795694811595,781464.353181677,11.46748150436515
Jayuya,2010-2014,2,85,NA,0.09673383159944117,8.68969006559806,1,54612.688413804775,54612.688413804775,474567.33596504154,0,474567.33596504154,8.68969006559806
Jayuya,2015-2019,1,0,1,0.00964532440060443,0.13004323742481388,0.009565063804928383,100000,956.5063804928359,99167.88080584395,0.9900983649894197,7806636.537114227,78.06636537114227
Jayuya,2015-2019,1,1,4,3.111744333955329e-4,1.6241804627557508,0.0012437782154390432,99043.49361950716,123.18813974493241,395881.3016888659,0.9987289508098468,7707468.656308383,77.81903055558567
Jayuya,2015-2019,1,5,5,1.4690084116950533e-4,2.5,7.34234556662553e-4,98920.30547976223,72.63070663885446,494419.95063221396,0.9991843024915615,7311587.354619517,73.91391806928225
Jayuya,2015-2019,1,10,5,1.795245999748819e-4,2.5,8.972203170781274e-4,98847.67477312338,88.68814210238634,494016.653510361,0.9980708541804053,6817167.403987303,68.96639116331431
Jayuya,2015-2019,1,15,5,5.93278248115142e-4,2.5,0.0029619980180879807,98758.98663102099,292.5239226694539,493063.6233484313,0.9955670909045378,6323150.750476942,64.02607971364897
Jayuya,2015-2019,1,20,5,0.0011851390035379351,2.5,0.005908189951809176,98466.46270835154,581.7585655636794,490877.9171278485,0.9933451060245266,5830087.127128511,59.20886123833537
Jayuya,2015-2019,1,25,5,0.0014867125007156994,2.5,0.007406035888239011,97884.70414278786,724.9376317911374,487611.17663446144,0.9921130521003682,5339209.210000662,54.54589924705876
Jayuya,2015-2019,1,30,5,0.0016813271991590953,2.5,0.008371448137172034,97159.76651099672,813.3679463665612,483765.41268906725,0.9908762946367747,4851598.0333662005,49.934229029019825
Jayuya,2015-2019,1,35,5,0.001986277153650592,2.5,0.009882313235739541,96346.39856463016,952.12528975107125,479351.67959877313,0.9876469859585364,4367832.620677134,45.33467452597252
Jayuya,2015-2019,1,40,5,0.002991887288621631,2.5,0.014848374783678214,95394.27327487909,1416.449921802021,473430.24156989035,0.9843754067218856,3888480.9410783607,40.76220518891824
Jayuya,2015-2019,1,45,5,0.00330966214756787,2.5,0.01641251107124178,93977.82335307707,1542.4120662335772,466033.0865998014,0.9780657724937195,3415050.69950847,36.338899728269276
Jayuya,2015-2019,1,50,5,0.00558656586153001,2.5,0.027548081380177177,92435.41128684349,2546.4182325401052,455811.0108528672,0.965045557692262,2949017.612908669,31.903548346394476
Jayuya,2015-2019,1,55,5,0.00869928988807621,2.5,0.04257061415721345,89888.99305430338,3826.6296402951994,439878.3911707789,0.9518484405765381,2493206.6020558015,27.736506076440477
Jayuya,2015-2019,1,60,5,0.01109560454278995,2.5,0.05398065277360578,86062.36341400818,4645.7025563274365,418697.5606792223,0.9390664808903187,2053328.2108850225,23.858608216548312
Jayuya,2015-2019,1,65,5,0.014139364327533162,2.5,0.06828312179641377,81416.66085768075,5559.383769602326,393184.84486439795,0.9076564325232798,1634630.6502058003,20.077348210867964
Jayuya,2015-2019,1,70,5,0.025117502445034637,2.5,0.11816734103194067,75857.27708807842,8963.852731421386,356876.7536118386,0.8619116996474702,1241445.8053414023,16.365546629098628
Jayuya,2015-2019,1,75,5,0.03494304313109542,2.5,0.16067870808805326,66893.42435665704,10748.349005213575,307596.24927025125,0.7962247030385894,884569.0517295637,13.223557625235163
Jayuya,2015-2019,1,80,5,0.058484841622920454,2.5,0.2551222475137843,56145.07535144346,14323.857810491027,244915.73223098973,0.5755159841381589,576972.8024593125,10.276463231151025
Jayuya,2015-2019,1,85,NA,0.12198247395836852,7.939918772167831,1,41821.217540952435,41821.217540952435,332057.0702283228,0,332057.0702283228,7.939918772167831
Jayuya,2015-2019,2,0,1,0.005767393511161788,0.1371764491383145,0.00573883567062315,100000,573.883567062323,99504.83974288612,0.9940804947276509,8575560.6964761,85.755606964761
Jayuya,2015-2019,2,1,4,1.7110980439018192e-4,1.514662914363896,6.841482728742675e-4,99426.11643293768,68.02220583616872,397535.4076209393,0.9993060961371121,8476055.856733214,85.24979312100824
Jayuya,2015-2019,2,5,5,7.660383330641226e-5,2.5,3.829458287359866e-4,99358.09422710151,38.04876773543947,496695.3492161689,0.9995739120426428,8078520.449112276,81.30711958551969
Jayuya,2015-2019,2,10,5,9.387134708699807e-5,2.5,4.692466134056994e-4,99320.04545936607,46.60559497511713,496483.71330939257,0.9990023435342185,7581825.099896106,76.3373100045347
Jayuya,2015-2019,2,15,5,3.054960193045207e-4,2.5,0.0015263143890974122,99273.43986439095,151.52247972020996,495988.39312265423,0.9977151702529989,7085341.386586714,71.37197417824343
Jayuya,2015-2019,2,20,5,6.098292354737023e-4,2.5,0.003044504607575426,99121.91738467074,301.7771341893531,494855.1440878803,0.9967507599441663,6589352.993464059,66.47725515530742
Jayuya,2015-2019,2,25,5,6.921156367098763e-4,2.5,0.003454600725597443,98820.14025048139,341.3841282129433,493247.2409318746,0.9961491338597936,6094497.849376179,61.67262902003917
Jayuya,2015-2019,2,30,5,8.515098698987509e-4,2.5,0.004248505239135154,98478.75612226845,418.3875113289687,491347.81183301983,0.9951848293100022,5601250.608444304,56.877755457125694
Jayuya,2015-2019,2,35,5,0.0010797576233606508,2.5,0.005384253893833315,98060.36861093948,527.9819215241878,488981.8882508869,0.9942854657929305,5109902.796611285,52.10976533124342
Jayuya,2015-2019,2,40,5,0.001212987719281702,2.5,0.006046602460089841,97532.38668941529,589.7395692946448,486187.5845238398,0.9921255066675692,4620920.908360397,47.37832288545732
Jayuya,2015-2019,2,45,5,0.0019521820582923742,2.5,0.009713503971023413,96942.64712012064,941.652787762825,482359.1036311962,0.9876619603258175,4134733.323836558,42.65133505910203
Jayuya,2015-2019,2,50,5,0.0030202983725286826,2.5,0.014988318874881548,96000.99433235782,1438.893515359072,476407.7378733914,0.9837788307691239,3652374.220205362,38.045170736052505
Jayuya,2015-2019,2,55,5,0.0035253546949270513,2.5,0.01747277911491974,94562.10081699875,1652.2627002181835,468679.84733444825,0.9775523065015094,3175966.4823319702,33.586039807620786
Jayuya,2015-2019,2,60,5,0.005578957430919674,2.5,0.027511079303811817,92909.83811678056,2556.0499245350657,458159.0657725652,0.9665196133646242,2707286.634997522,29.138858595304725
Jayuya,2015-2019,2,65,5,0.008083847565215461,2.5,0.039618561790410435,90353.7881922455,3579.6871404921403,442819.72310999717,0.9470791197759375,2249127.569224957,24.892454585739056
Jayuya,2015-2019,2,70,5,0.013815640373852925,2.5,0.06677195845653142,86774.10105175336,5794.076670530529,419385.3135824405,0.9247002090419423,1806307.8461149598,20.81620926314928
Jayuya,2015-2019,2,75,5,0.017631958822916894,2.5,0.08443778523373566,80980.02438122283,6837.773906924369,387805.68713880325,0.880210830060408,1386922.5325325192,17.126724067202314
Jayuya,2015-2019,2,80,5,0.034405063103849255,2.5,0.15840083841575459,74142.25047429846,11744.194637159759,341350.7657785929,0.6583475022442656,999116.845393716,13.475674652471758
Jayuya,2015-2019,2,85,NA,0.09749044546885752,10.541451505026336,1,62398.0558371387,62398.0558371387,657766.0796151231,0,657766.0796151231,10.541451505026336
Jayuya,2020-2024,1,0,1,0.010686336041886223,0.12796595074521816,0.010587671134483742,100000,1058.7671134483826,99076.7190268418,0.9890719112024937,7902364.233553282,79.02364233553281
Jayuya,2020-2024,1,1,4,3.2494530480561395e-4,1.6210993468718005,0.001298777248047936,98941.23288655162,128.5026221668668,395459.23657440505,0.9986635623845546,7803287.51452644,78.867902560643
Jayuya,2020-2024,1,5,5,1.5276105004862086e-4,2.5,7.635136623711286e-4,98812.73026438475,75.44486957305344,493875.0391479911,0.9991520468114659,7407828.277952035,74.96835942222772
Jayuya,2020-2024,1,10,5,1.8657843514408495e-4,2.5,9.324572346912061e-4,98737.2853948117,92.06829610014393,493456.2562338081,0.9979792804839589,6913953.238804044,70.02373228267169
Jayuya,2020-2024,1,15,5,6.229682153028981e-4,2.5,0.003109997502530122,98645.21709871155,306.7863788135437,492459.1195465239,0.9956929602819319,6420496.982570236,65.08675404044598
Jayuya,2020-2024,1,20,5,0.0011046052506115246,2.5,0.005507816345919855,98338.43071989801,541.6300161511608,490338.07855911215,0.9930697884707786,5928037.863023712,60.282005922067455
Jayuya,2020-2024,1,25,5,0.0016791159900702494,2.5,0.008360484392779624,97796.80070374685,817.6286259474582,486939.93195386557,0.9906983297108307,5437699.7844646,55.60202118407609
Jayuya,2020-2024,1,30,5,0.0020607202660706905,2.5,0.010250791296931334,96979.17207779939,994.1132531187031,482410.5772562002,0.9891737992697787,4950759.852510734,51.04972280583193
Jayuya,2020-2024,1,35,5,0.002294601846200725,2.5,0.01140756965502591,95985.05882468069,1094.956244384317,477187.9035124426,0.9866264823751637,4468349.275254534,46.55255026114111
Jayuya,2020-2024,1,40,5,0.0030962124555787584,2.5,0.015362151069181585,94890.10258029637,1457.716090808637,470806.22267446027,0.9819606202382658,3991161.3717420916,42.06088162213499
Jayuya,2020-2024,1,45,5,0.004195218590451571,2.5,0.020758378117789418,93432.38648948773,1939.5048071962374,462313.1704294481,0.9766287050318815,3520355.149067631,37.67810372117289
Jayuya,2020-2024,1,50,5,0.005276620859334252,2.5,0.02603960153509912,91492.8816822915,2382.4381823048316,451508.3129556954,0.9655765043527249,3058041.9786381833,33.42382404411762
Jayuya,2020-2024,1,55,5,0.008795551011536831,2.5,0.04303153979916287,89110.44349998666,3834.559595990737,435965.8185099565,0.9507557760961952,2606533.6656824877,29.250596936854855
Jayuya,2020-2024,1,60,5,0.011466812849404194,2.5,0.055736270782066784,85275.88390399593,4752.959756453201,414497.02012884663,0.9347547085158334,2170567.8471725313,25.453478144139424
Jayuya,2020-2024,1,65,5,0.015652559554894852,2.5,0.07531559325248247,80522.92414754273,6064.631802596821,387453.0412312216,0.9124255063105859,1756070.8270436847,21.80833403200837
Jayuya,2020-2024,1,70,5,0.021237062956759128,2.5,0.10083188220756899,74458.2923449459,7507.769763102333,353522.03731697367,0.8816097631846661,1368617.7858124631,18.38099884794581
Jayuya,2020-2024,1,75,5,0.029626522822324333,2.5,0.13791756909094102,66950.52258184357,9233.653323856015,311668.47959957784,0.8277512284964729,1015095.7484954894,15.161879390180816
Jayuya,2020-2024,1,80,5,0.047445397152018676,2.5,0.2120723442637145,57716.86925798756,12240.151767103736,257983.96687217845,0.6332471340255176,703427.2688959115,12.187550675205113
Jayuya,2020-2024,1,85,NA,0.13588899221039266,9.794974804701457,1,45476.71749088382,45476.71749088382,445443.3020237331,0,445443.3020237331,9.794974804701457
Jayuya,2020-2024,2,0,1,0.005682947641339733,0.13735000820118368,0.005655223503404637,100000,565.5223503404704,99512.15214911675,0.9941727609245905,8551678.926179225,85.51678926179224
Jayuya,2020-2024,2,1,4,1.6566162897178188e-4,1.5147989513599607,6.623738149620158e-4,99434.47764965953,65.86279429955175,397574.2283131785,0.9993164101881883,8452166.774030108,85.00237517020886
Jayuya,2020-2024,2,5,5,7.770320255287512e-5,2.5,3.884405550765484e-4,99368.61485535998,38.59879991160415,496746.5772770209,0.9995678170030728,8054592.545716929,81.05771180811082
Jayuya,2020-2024,2,10,5,9.521114485585226e-5,2.5,4.759424367185476e-4,99330.01605544837,47.275369880735525,496531.89185254,0.9989865512475018,7557845.968439908,76.08823866716118
Jayuya,2020-2024,2,15,5,3.1048301476742726e-4,2.5,0.0015512110121581478,99282.74068556764,154.00848066869366,496028.6822261665,0.9978037592032502,7061314.076587368,71.12327911002002
Jayuya,2020-2024,2,20,5,5.692635437514041e-4,2.5,0.002842272713164511,99128.73220489894,281.75089063656924,494939.2837979033,0.9967395515866057,6565285.394361202,66.22989367795773
Jayuya,2020-2024,2,25,5,7.373198148267576e-4,2.5,0.0036798160708738543,98846.98131426238,363.7387103975925,493325.5597953179,0.9960859164739411,6070346.110563299,61.41154772611578
Jayuya,2020-2024,2,30,5,8.315684238655529e-4,2.5,0.004149216226333741,98483.24260386478,408.6282682339079,491394.6423487392,0.9954018600821575,5577020.5507679805,56.629132056514166
Jayuya,2020-2024,2,35,5,0.0010123424354343805,2.5,0.005048934051686323,98074.61433563087,495.17225992516614,489135.1410283415,0.994037370142191,5085625.908419241,51.85466129915348
Jayuya,2020-2024,2,40,5,0.001380943563009944,2.5,0.00688096226368634,97579.44207570571,671.4404586345045,486218.6092319423,0.9921344981080129,4596490.767390899,47.1051142496262
Jayuya,2020-2024,2,45,5,0.0017792519029942763,2.5,0.008856863038929942,96908.0016170712,858.3008976987912,482394.2558411091,0.9879833903452306,4110272.1581589575,42.41416693742755
Jayuya,2020-2024,2,50,5,0.003064213415425533,2.5,0.015204591791766666,96049.70071937241,1460.396491159423,476597.5123689635,0.983044027735139,3627877.9023178485,37.77084025402004
Jayuya,2020-2024,2,55,5,0.0037823082035147813,2.5,0.018734392897711696,94589.30422821299,1772.0731893325283,468516.33816773363,0.9779482738322491,3151280.389948885,33.31539877221084
Jayuya,2020-2024,2,60,5,0.005151992593475122,2.5,0.025432394200981125,92817.23103888046,2360.5644084243395,458184.74417334143,0.9687114042522039,2682764.0517811514,28.903728561535747
Jayuya,2020-2024,2,65,5,0.007601279053102028,2.5,0.03729762119864073,90456.66663045612,3373.8184868744866,443848.7869350944,0.9495122459203282,2224579.30760781,24.592762374230688
Jayuya,2020-2024,2,70,5,0.01326346514526519,2.5,0.06418890738673443,87082.84814358164,5589.75287446141,421439.8585317547,0.9113412610517228,1780730.5206727155,20.448694072759984
Jayuya,2020-2024,2,75,5,0.024359733705490286,2.5,0.11480699873563488,81493.09526912023,9355.977685524864,384075.53213178896,0.8656086803353499,1359290.6621409608,16.679826157689583
Jayuya,2020-2024,2,80,5,0.03396083568498995,2.5,0.15651567096548757,72137.11758359536,11290.589360112695,332459.1145176951,0.6590915129520515,975215.1300091718,13.518909025981717
Jayuya,2020-2024,2,85,NA,0.09561488889549266,10.56356104872087,1,60846.528223482666,60846.528223482666,642756.0154914766,0,642756.0154914766,10.56356104872087
Juana Diaz,1980-1984,1,0,1,0.02276896906252257,0.10385566068418935,0.022313674538331323,100000,2231.3674538331397,98000.3726873139,0.9772148546971081,7099495.557521272,70.99495557521273
Juana Diaz,1980-1984,1,1,4,4.957240091917313e-4,1.5857688986160077,0.00198052575874792,97768.63254616686,193.63329515524674,390607.0546612402,0.9978913019791472,7001495.184833959,71.61289876410838
Juana Diaz,1980-1984,1,5,5,2.4438754027423295e-4,2.5,0.0012211915913481316,97574.99925101161,119.15776861112681,487577.10183353024,0.9984726906087182,6610888.130172718,67.75186452388499
Juana Diaz,1980-1984,1,10,5,3.670968867611596e-4,2.5,0.0018338014767731443,97455.84148240049,178.71466603060253,486832.4207469259,0.9969065584629921,6123311.028339189,62.83164698182812
Juana Diaz,1980-1984,1,15,5,8.729802413816277e-4,2.5,0.004355395770779919,97277.12681636988,423.6803867296403,485326.4331150253,0.9941033228975953,5636478.607592262,57.942486502836864
Juana Diaz,1980-1984,1,20,5,0.0014945032023932824,2.5,0.0074447006894134415,96853.44642964024,721.044919406806,482464.6198496842,0.9906527000040972,5151152.174477237,53.185016789457485
Juana Diaz,1980-1984,1,25,5,0.0022655939825920912,2.5,0.011264169824527097,96132.40151023344,1082.8516962508875,477954.87831054,0.9885043611321733,4668687.554627554,48.565181783486025
Juana Diaz,1980-1984,1,30,5,0.0023597888449039426,2.5,0.011729744921471571,95049.54981398255,1114.9069742187276,472460.481634366,0.9864710261831156,4190732.6763170133,44.08997922155885
Juana Diaz,1980-1984,1,35,5,0.0030936546546713206,2.5,0.015349557696816844,93934.64283976382,1441.8552199988335,466068.57614882203,0.9830594022397333,3718272.194682647,39.583609223120945
Juana Diaz,1980-1984,1,40,5,0.003746044685646906,2.5,0.01855644029188468,92492.78761976499,1716.336890896142,458173.0958715846,0.9769308216416023,3252203.618533825,35.161699654934544
Juana Diaz,1980-1984,1,45,5,0.0056110694189185715,2.5,0.027667240082757262,90776.45072886885,2511.533856176189,447603.41900390375,0.9675101197303536,2794030.5226622405,30.779243958407807
Juana Diaz,1980-1984,1,50,5,0.007632873846320249,2.5,0.037449746259659536,88264.91687269266,3305.4987405122956,433060.83751218254,0.9493247375649486,2346427.1036583367,26.58391563482311
Juana Diaz,1980-1984,1,55,5,0.01331181062458691,2.5,0.06441534106886722,84959.41813218036,5472.689895996897,411115.36592090956,0.922110815061203,1913366.2661461544,22.520943624747147
Juana Diaz,1980-1984,1,60,5,0.019351105159467856,2.5,0.09229070781682645,79486.72823618347,7335.886410961102,379093.9251535146,0.8949172184249554,1502250.9002252447,18.899392811357394
Juana Diaz,1980-1984,1,65,5,0.025345369385639974,2.5,0.11917548049129255,72150.84182522236,8598.61124237212,339257.6810201815,0.8353296419673935,1123156.97507173,15.566789612690268
Juana Diaz,1980-1984,1,70,5,0.04851111679930591,2.5,0.2163206885282759,63552.23058285024,13747.66227718992,283391.9972212764,0.7706752092754123,783899.2940515486,12.334725105039604
Juana Diaz,1980-1984,1,75,5,0.05607913550399972,2.5,0.24591844326326529,49804.56830566032,12247.861905126949,218403.18676548425,0.6913270534716681,500507.2968302722,10.049425461507097
Juana Diaz,1980-1984,1,80,5,0.09747925062228852,2.5,0.39189272919565327,37556.706400533374,14718.200170904885,150988.03157540466,0.46477904366324624,282104.11006478796,7.511417722742098
Juana Diaz,1980-1984,1,85,NA,0.18384669485427896,5.74100937999552,1,22838.50622962849,22838.50622962849,131116.07848938328,0,131116.07848938328,5.74100937999552
Juana Diaz,1980-1984,2,0,1,0.01734918470296972,0.11400027742190816,0.01708654110914128,100000,1708.6541109141253,98486.13293174817,0.9827454912701322,7660239.295699964,76.60239295699964
Juana Diaz,1980-1984,2,1,4,2.8338739717024674e-4,1.496200197615427,0.0011327458541738312,98291.34588908587,111.33911455702037,392886.61270331795,0.9986578563477934,7561753.162768217,76.93203398904585
Juana Diaz,1980-1984,2,5,5,1.5225270393637557e-4,2.5,7.609738688589811e-4,98180.00677452885,74.71241959981853,490713.25282364467,0.9991983821429864,7168866.550064898,73.01758051950695
Juana Diaz,1980-1984,2,10,5,1.6852953515388705e-4,2.5,8.422927977352708e-4,98105.29435492904,82.6333828548668,490319.888317508,0.998108077068967,6678153.297241254,68.071283422083
Juana Diaz,1980-1984,2,15,5,5.893546508377592e-4,2.5,0.0029424379055277353,98022.66097207417,288.42559324491594,489392.24087725853,0.9962870787389502,6187833.408923746,63.12656020108052
Juana Diaz,1980-1984,2,20,5,8.991523354052797e-4,2.5,0.00448567840648872,97734.23537882925,438.40434921349515,487575.1660211125,0.9948543942118111,5698441.1680464875,58.305476540115826
Juana Diaz,1980-1984,2,25,5,0.0011650850482382534,2.5,0.005808506730331017,97295.83102961576,565.1434893686819,485066.2964246571,0.9933913800350378,5210866.002025375,53.55692990010277
Juana Diaz,1980-1984,2,30,5,0.0014881978719147489,2.5,0.0074134078152380605,96730.68754024708,717.1040349842224,481860.67761377484,0.9918445693335107,4725799.705600718,48.85522708224769
Juana Diaz,1980-1984,2,35,5,0.0017885608789217442,2.5,0.008902995520874092,96013.58350526285,854.8085038904392,477930.8962665882,0.9898799204302234,4243939.027986943,44.20144393167366
Juana Diaz,1980-1984,2,40,5,0.0022825707465677966,2.5,0.011348096649237051,95158.77500137241,1079.870975738566,473094.19756751566,0.9863678309637152,3766008.131720355,39.57604678776119
Juana Diaz,1980-1984,2,45,5,0.003214112188602747,2.5,0.015942458815029523,94078.90402563385,1499.8490527917893,466644.89749618975,0.9795903771665011,3292913.9341528392,35.00161878220449
Juana Diaz,1980-1984,2,50,5,0.0050528639931254945,2.5,0.02494915820771114,92579.05497284206,2309.7694892378204,457120.85114111577,0.9718062618520451,2826269.0366566493,30.52816900632364
Juana Diaz,1980-1984,2,55,5,0.006405218313981306,2.5,0.03152133892647388,90269.28548360424,2845.4087423793244,444232.9055620729,0.9542846392303899,2369148.1855155337,26.245341068373097
Juana Diaz,1980-1984,2,60,5,0.012450086174964022,2.5,0.06037135931004565,87423.87674122491,5277.898275021624,423924.63801857055,0.9334227292259001,1924915.2799534607,22.018187155566423
Juana Diaz,1980-1984,2,65,5,0.01519228286463117,2.5,0.07318191349709863,82145.97846620329,6011.59989024821,395700.8926053959,0.8893395709123764,1500990.64193489,18.272235232457927
Juana Diaz,1980-1984,2,70,5,0.03268930082644742,2.5,0.15109826272112592,76134.37857595508,11503.772336179325,351912.4620393271,0.827343985944685,1105289.7493294943,14.517617008284995
Juana Diaz,1980-1984,2,75,5,0.04396370241834383,2.5,0.1980508864975504,64630.606239775756,12800.148860661706,291152.6590472245,0.7537320822342511,753377.2872901672,11.656664405950048
Juana Diaz,1980-1984,2,80,5,0.07236452576925638,2.5,0.3063927192729349,51830.45737911405,15880.474777546704,219451.0999517035,0.5252284570255281,462224.6282429426,8.91801175633082
Juana Diaz,1980-1984,2,85,NA,0.1394809011765435,6.753091676897076,1,35949.982601567346,35949.982601567346,242773.5282912391,0,242773.5282912391,6.753091676897076
Juana Diaz,1985-1989,1,0,1,0.01510142765928059,0.11915585617728855,0.01490318542539498,100000,1490.3185425394913,98687.2616393737,0.984476352671778,7065146.759484656,70.65146759484657
Juana Diaz,1985-1989,1,1,4,5.18211640579521e-4,1.608096702313285,0.0020702804246151276,98509.68145746051,203.94266515645722,393550.9146965153,0.9980265591931622,6966459.497845283,70.71852628874466
Juana Diaz,1985-1989,1,5,5,2.132613428473048e-4,2.5,0.0010657385121709499,98305.73879230405,104.76821179836406,491266.77343202435,0.9986641968347636,6572908.583148767,66.86190108428679
Juana Diaz,1985-1989,1,10,5,3.2148936976498154e-4,2.5,0.001606155943669721,98200.97058050569,157.72607257202617,490610.5377210984,0.9966400501263989,6081641.8097167425,61.93056722113535
Juana Diaz,1985-1989,1,15,5,0.0010259376788497997,2.5,0.005116565201682255,98043.24450793366,501.64465310930973,488962.110906895,0.9925883699384751,5591031.271995644,57.026175541785726
Juana Diaz,1985-1989,1,20,5,0.0019531906724641135,2.5,0.009718498162417584,97541.59985482435,947.9578589483863,485338.1046267508,0.988838206467414,5102069.16108875,52.306597069172476
Juana Diaz,1985-1989,1,25,5,0.002539876315603328,2.5,0.012619253222068309,96593.64199587597,1218.9396279877692,479920.8609094104,0.9871092138880458,4616731.056461998,47.79539275120311
Juana Diaz,1985-1989,1,30,5,0.002650606531036908,2.5,0.013165789337176102,95374.7023678882,1255.6832394714875,473734.3037407623,0.9816372001720791,4136810.195552588,43.37429205907976
Juana Diaz,1985-1989,1,35,5,0.004782330375528294,2.5,0.023629145921916044,94119.01912841671,2223.9520370129612,465035.2155495512,0.9770490605992436,3663075.891811826,38.91961397104975
Juana Diaz,1985-1989,1,40,5,0.004501355727292561,2.5,0.022256319607132754,91895.06709140375,2045.245983505185,454362.22049825575,0.9776722864203203,3198040.676262275,34.801004857870474
Juana Diaz,1985-1989,1,45,5,0.00453089421282306,2.5,0.02240073268885794,89849.82110789856,2012.7018247797387,444217.35097754345,0.9677250574728333,2743678.455764019,30.536270656223113
Juana Diaz,1985-1989,1,50,5,0.008658536568150096,2.5,0.042375410242806236,87837.11928311882,3722.133964168461,429880.261505173,0.9495031933892052,2299461.1047864757,26.178694423877843
Juana Diaz,1985-1989,1,55,5,0.012153920235882167,2.5,0.058977579196268656,84114.98531895036,4960.898208241371,408172.6810741484,0.9268160575741158,1869580.8432813026,22.2264895629733
Juana Diaz,1985-1989,1,60,5,0.018471471868194818,2.5,0.08828067435867046,79154.08711070899,6987.776188378339,378300.9950825991,0.8933420249257495,1461408.162207154,18.46282631196483
Juana Diaz,1985-1989,1,65,5,0.02708001805189457,2.5,0.12681472748558362,72166.31092233065,9151.751053255262,337952.1769785151,0.8262504186053198,1083107.167124555,15.008487385343203
Juana Diaz,1985-1989,1,70,5,0.05134014283173449,2.5,0.22750089327141798,63014.55986907539,14335.868659319895,279233.12769707723,0.7444256840319661,745154.9901460399,11.825124093451413
Juana Diaz,1985-1989,1,75,5,0.06836086482112014,2.5,0.291915358245096,48678.691209755496,14210.057583398178,207868.31209028204,0.6653888061567778,465921.86244896264,9.571372008366346
Juana Diaz,1985-1989,1,80,5,0.09841405823220233,2.5,0.3949088377693911,34468.63362635732,13611.968044883724,138313.24801957727,0.4640133885880305,258053.55035868063,7.486619665751805
Juana Diaz,1985-1989,1,85,NA,0.16566690191778155,5.741104773980045,1,20856.665581473593,20856.665581473593,119740.30233910335,0,119740.30233910335,5.741104773980045
Juana Diaz,1985-1989,2,0,1,0.01091670728254905,0.1265932190233954,0.010813602543423971,100000,1081.3602543424058,99055.53262117876,0.9888855513838035,7780622.292640068,77.80622292640068
Juana Diaz,1985-1989,2,1,4,2.914146145234754e-4,1.5064062686618491,0.0011648120245407285,98918.6397456576,115.22162102695438,395387.24307072297,0.9988133847576324,7681566.760018889,77.6554022555299
Juana Diaz,1985-1989,2,5,5,1.3042526164181952e-4,2.5,6.519137431577996e-4,98803.41812463064,64.41130614640133,493856.06235778716,0.9992271008226339,7286179.516948165,73.74420496017028
Juana Diaz,1985-1989,2,10,5,1.7887265983628745e-4,2.5,8.939635350931403e-4,98739.00681848424,88.2690715870558,493474.36141345353,0.9982950159555024,6792323.454590378,68.79068033443937
Juana Diaz,1985-1989,2,15,5,5.039802362242437e-4,2.5,0.0025167302253874596,98650.73774689718,248.2772934443783,492632.99550087494,0.9966040841618319,6298849.093176925,63.84999481035345
Juana Diaz,1985-1989,2,20,5,8.572974088919149e-4,2.5,0.004277319706705672,98402.4604534528,420.8987832858693,490960.0553090493,0.9948080044018235,5806216.09767605,59.00478576369091
Juana Diaz,1985-1989,2,25,5,0.0012258655187560657,2.5,0.00611060065716905,97981.56167016694,598.7261951321852,488410.9928630042,0.9932499720264272,5315256.042367001,54.24751301943548
Juana Diaz,1985-1989,2,30,5,0.0014841638179616513,2.5,0.007393386597607328,97382.83547503475,719.98895063811506,485114.20499857847,0.9925371465027973,4826845.049503996,49.56566550931263
Juana Diaz,1985-1989,2,35,5,0.0015122633809808174,2.5,0.0075328378179367545,96662.84652439663,728.1455458884011,481493.8687572621,0.9908801143620339,4341730.844505418,44.916232043814404
Juana Diaz,1985-1989,2,40,5,0.002155347395966904,2.5,0.010718979170229575,95934.70097850823,1028.322061490835,477102.69973881403,0.9878211139340443,3860236.9757481557,40.23817176032002
Juana Diaz,1985-1989,2,45,5,0.002749695255650108,2.5,0.013654611228965458,94906.3789170174,1295.9097072607547,471292.1203169351,0.9807675891317873,3383134.2760093417,35.647069402652356
Juana Diaz,1985-1989,2,50,5,0.005040204372996198,2.5,0.02488742756190563,93610.46920975664,2329.7237714938237,462228.0366200487,0.9685247688792031,2911842.155692407,31.10594552376111
Juana Diaz,1985-1989,2,55,5,0.007795245220273891,2.5,0.03823117268600435,91280.74543826282,3489.769941757433,447679.3023369205,0.9532722031685169,2449614.119072358,26.836044198709352
Juana Diaz,1985-1989,2,60,5,0.011429970868869675,2.5,0.05556216940020938,87790.97549650539,4877.857052346473,426760.2348516608,0.9340312030927606,2001934.8167354376,22.803423762105556
Juana Diaz,1985-1989,2,65,5,0.016013970244782683,2.5,0.07698765613741317,82913.11844415891,6383.286652059513,398607.37559064577,0.8926157157737593,1575174.5818837767,18.997893354410976
Juana Diaz,1985-1989,2,70,5,0.03018067346300429,2.5,0.14031626860428836,76529.8317920994,10738.38043398122,355803.207875544,0.8445767202587395,1176567.206293131,15.373968278009393
Juana Diaz,1985-1989,2,75,5,0.03787534946937686,2.5,0.17299603421510124,65791.45135811818,11381.660170210183,300503.10636506544,0.7778352993854856,820763.998417587,12.475237762273666
Juana Diaz,1985-1989,2,80,5,0.06555440569065593,2.5,0.28161866750419917,54409.791187908,15322.812893520371,233741.9237057391,0.5507217104411102,520260.8920525216,9.561898340241086
Juana Diaz,1985-1989,2,85,NA,0.13516938013133678,7.330292103647286,1,39086.97829438763,39086.97829438763,286518.9683467825,0,286518.9683467825,7.330292103647286
Juana Diaz,1990-1994,1,0,1,0.0180394373849634,0.1132932046701748,0.01775542704767307,100000,1775.5427047673147,98425.61421828452,0.9815866966096435,7059623.138073941,70.59623138073941
Juana Diaz,1990-1994,1,1,4,5.628067698231187e-4,1.599502898305361,0.0022481897389396745,98224.45729523269,220.82721700405818,392367.7340865372,0.9977100932287404,6961197.523855655,70.87030781888083
Juana Diaz,1990-1994,1,5,5,2.848232238783998e-4,2.5,0.0014231027875823252,98003.63007822863,139.46923915750813,489669.4772932494,0.9985480587174117,6568829.789769119,67.02639264000462
Juana Diaz,1990-1994,1,10,5,2.9638362077140607e-4,2.5,0.001480820876224507,97864.16083907112,144.91929240468016,488958.5059643439,0.9969694841176752,6079160.312475869,62.11835119572022
Juana Diaz,1990-1994,1,15,5,9.1860658400096e-4,2.5,0.004582509112400063,97719.24154666644,447.7993148444366,487476.7094462211,0.9940474472149978,5590201.806511525,57.206766221593
Juana Diaz,1990-1994,1,20,5,0.001471171757542478,2.5,0.007328903597745503,97271.442231822,712.8930229306861,484574.97860178334,0.990436452398726,5102725.097065304,52.45861457368179
Juana Diaz,1990-1994,1,25,5,0.0023769796409102185,2.5,0.011814690010504508,96558.54920889132,1140.809326767092,479940.72272753884,0.9853011757283697,4618150.118463521,47.8274596739516
Juana Diaz,1990-1994,1,30,5,0.0035548014698680136,2.5,0.017617441085673407,95417.73988212422,1681.016410901444,472886.1583833675,0.9786571561615944,4138209.395735982,43.369392325244576
Juana Diaz,1990-1994,1,35,5,0.005090992319552933,2.5,0.025135055659479794,93736.72347122278,2356.0777617864514,462793.4229516478,0.9764085512385762,3665323.2373526143,39.10231872439909
Juana Diaz,1990-1994,1,40,5,0.004450582883060812,2.5,0.02200804286810789,91380.64570943633,2011.1091680886602,451875.45562696,0.9745755946622163,3202529.8144009667,35.04604054324668
Juana Diaz,1990-1994,1,45,5,0.0058683793062095264,2.5,0.028917647224654064,89369.53654134767,2584.356730333515,440386.79088090453,0.9625244191941481,2750654.358774007,30.778433739570644
Juana Diaz,1990-1994,1,50,5,0.009477009449555963,2.5,0.04628835920383193,86785.17981101415,4017.1435766613577,423883.0401134174,0.9479396416094966,2310267.5678931023,26.62053098148792
Juana Diaz,1990-1994,1,55,5,0.011970312674527752,2.5,0.05811250134416726,82768.0362343528,4809.857616922905,401815.53712945676,0.9320946576372449,1886384.5277796846,22.79122006034429
Juana Diaz,1990-1994,1,60,5,0.01629858528433571,2.5,0.0783023813218276,77958.17861742989,6104.311029257136,374530.11551400664,0.8983611889628487,1484568.990650228,19.043146171174246
Juana Diaz,1990-1994,1,65,5,0.027112635129134057,2.5,0.12695777600181166,71853.86758817275,9122.407226123083,336463.31987555604,0.8426440338871504,1110038.8751362213,15.448561259059286
Juana Diaz,1990-1994,1,70,5,0.0425206254065809,2.5,0.1921746601868043,62731.46036204967,12055.397078098882,283518.8091150012,0.7766886010804162,773575.5552606652,12.331540678250354
Juana Diaz,1990-1994,1,75,5,0.060260874301677383,2.5,0.26185529844615674,50676.06328395079,13269.795675295252,220205.8272315158,0.6775851613004581,490056.74614566413,9.670379157113139
Juana Diaz,1990-1994,1,80,5,0.101396938867842,2.5,0.40445774996870554,37406.26760865554,15129.25483172409,149208.20096396745,0.44707173292436603,269850.9189141483,7.214056257559008
Juana Diaz,1990-1994,1,85,NA,0.17573804552656236,5.415569814419204,1,22277.012776931446,22277.012776931446,120642.71795018086,0,120642.71795018086,5.415569814419204
Juana Diaz,1990-1994,2,0,1,0.010014516058674762,0.12844746558008752,0.009927863906734918,100000,992.7863906735001,99134.73450507091,0.9897610218801134,7798779.56699672,77.9877956699672
Juana Diaz,1990-1994,2,1,4,2.870220063341819e-4,1.5078473654237423,0.0011472673819390088,99007.2136093265,113.5877467506507,395745.7764349858,0.9987854839663041,7699644.832491649,77.76852364388064
Juana Diaz,1990-1994,2,5,5,1.5267369926126188e-4,2.5,7.630772417430118e-4,98893.62586257585,75.46347524916928,494279.47062475636,0.9992165857536057,7303899.056056663,73.85611552160377
Juana Diaz,1990-1994,2,10,5,1.6081798639807135e-4,2.5,8.037667816019796e-4,98818.16238732668,79.42675634588522,493892.2450457687,0.9984451692157358,6809619.585431907,68.910607330877
Juana Diaz,1990-1994,2,15,5,4.6183239853809545e-4,2.5,0.002306498952831448,98738.7356309808,227.74079033675662,493124.32617906213,0.9965335381191822,6315727.340386138,63.96402890948587
Juana Diaz,1990-1994,2,20,5,9.279691233817416e-4,2.5,0.004629106447278903,98510.99484064404,456.0178813446837,491414.92949985847,0.9946438975481698,5822603.014207076,59.10612336852338
Juana Diaz,1990-1994,2,25,5,0.001221011721224119,2.5,0.006086479449249287,98054.97695929935,596.809602159381,488782.8607910983,0.9927208300832084,5331188.084707217,54.36937777181964
Juana Diaz,1990-1994,2,30,5,0.001703053058079565,2.5,0.008479164124417704,97458.16735713997,826.3637962861685,485224.92729498446,0.9911037001317027,4842405.223916119,49.68701295367992
Juana Diaz,1990-1994,2,35,5,0.0018721218465764103,2.5,0.009317002821564887,96631.8035608538,900.3187864293868,480908.2208381955,0.9903195260012634,4357180.2966211345,45.09054096126027
Juana Diaz,1990-1994,2,40,5,0.00201961861844143,2.5,0.010047363486299206,95731.48477442442,961.8490246117581,476252.8013105927,0.987520725276739,3876272.0757829393,40.49108905932818
Juana Diaz,1990-1994,2,45,5,0.0030096495139685614,2.5,0.014935868248307265,94769.63574981266,1415.4667934992758,470309.51176531514,0.9819884107101389,3400019.2744723465,35.876673446843625
Juana Diaz,1990-1994,2,50,5,0.004271930458875976,2.5,0.021133945431368664,93354.16895631338,1972.9419125134882,461838.4900002832,0.9739194102501609,2929709.7627070313,31.38274161144359
Juana Diaz,1990-1994,2,55,5,0.006325272272248226,2.5,0.03113403326786001,91381.2270437999,2845.066162839532,449793.46981190064,0.9605729508141746,2467871.2727067485,27.00632671001314
Juana Diaz,1990-1994,2,60,5,0.00983324316396374,2.5,0.04798655710820273,88536.16088096036,4248.5455402552325,432059.44055416377,0.9376044344081942,2018077.8028948477,22.7938255150708
Juana Diaz,1990-1994,2,65,5,0.016131518279673303,2.5,0.07753086498404403,84287.61534070513,6534.891724807254,405100.84739150753,0.9121585806900788,1586018.3623406838,18.816742601267375
Juana Diaz,1990-1994,2,70,5,0.020835247123276748,2.5,0.09901854593074713,77752.72361589788,7698.961634601481,369516.2139929857,0.8576429018430672,1180917.5149491765,15.188117663671369
Juana Diaz,1990-1994,2,75,5,0.04210096307204479,2.5,0.1904585901803793,70053.7619812964,13342.340743789551,316912.9580470081,0.7584716221379125,811401.3009561907,11.582551429184148
Juana Diaz,1990-1994,2,80,5,0.07186872452675454,2.5,0.30461321461316576,56711.421237506846,17275.048328438315,240369.48536643846,0.5139026251816323,494488.3429091826,8.719378427112073
Juana Diaz,1990-1994,2,85,NA,0.14098475251047235,6.443768500939107,1,39436.37290906853,39436.37290906853,254118.8575427441,0,254118.8575427441,6.443768500939107
Juana Diaz,1995-1999,1,0,1,0.01406873845592694,0.1212165358481206,0.013896925557847325,100000,1389.692555784728,98778.76116172141,0.9855556943772832,7067378.481442388,70.67378481442388
Juana Diaz,1995-1999,1,1,4,4.6975942056898826e-4,1.611128563294206,0.0018769313995032528,98610.30744421527,185.084782356731,393999.0860269202,0.9981371880983768,6968599.720280667,70.6680660561054
Juana Diaz,1995-1999,1,5,5,2.1649950491342836e-4,2.5,0.0010819119410681389,98425.22266185854,106.48742370013497,491859.89475004235,0.9986028859495606,6574600.634253747,66.7979249266308
Juana Diaz,1995-1999,1,10,5,3.428250809998843e-4,2.5,0.0017126575500910838,98318.7352381584,168.38632422105002,491172.7103802394,0.9965421825302047,6082740.739503704,61.86756496378257
Juana Diaz,1995-1999,1,15,5,0.0010439115625561451,2.5,0.005205971378489872,98150.34891393736,510.9679072347499,489474.3248015999,0.9912488374150101,5591568.029123465,56.9694157075937
Juana Diaz,1995-1999,1,20,5,0.002478240961014458,2.5,0.012314906540522818,97639.3810067026,1202.419851772036,485190.855404083,0.9864164157658287,5102093.704321865,52.25446588986081
Juana Diaz,1995-1999,1,25,5,0.002995887624558311,2.5,0.014868080377779732,96436.96115493057,1433.832489840337,478600.224550052,0.9860751779384896,4616902.848917782,47.87482717855976
Juana Diaz,1995-1999,1,30,5,0.0026103904221857596,2.5,0.012967327641238712,95003.12866509023,1231.936696342993,471935.80158459366,0.9850647318065846,4138302.62436773,43.55964569289377
Juana Diaz,1995-1999,1,35,5,0.003414716562851077,2.5,0.01692906293525894,93771.19196874724,1587.458410353167,464887.3138178533,0.9791305143148488,3666366.8227831363,39.09907452179013
Juana Diaz,1995-1999,1,40,5,0.005038222830448033,2.5,0.024877764845206075,92183.73355839407,2293.3252460188523,455185.3546769232,0.9717349107859191,3201479.508965283,34.72933223015204
Juana Diaz,1995-1999,1,45,5,0.006450126249055985,2.5,0.031738832552870765,89890.40831237522,2853.0166175356717,442319.5000180369,0.9629618789970167,2746294.15428836,30.551581707636736
Juana Diaz,1995-1999,1,50,5,0.008686867397959812,2.5,0.04251111592240596,87037.39169483955,3700.0566479231784,425936.8168543898,0.9537157407141299,2303974.654270323,26.47109029126531
Juana Diaz,1995-1999,1,55,5,0.010303737158652748,2.5,0.05022492473505591,83337.33504691637,4185.611380351504,406222.64678370307,0.9314365400512478,1878037.8374159331,22.535371887745814
Juana Diaz,1995-1999,1,60,5,0.018381978894564492,2.5,0.08787175271331128,79151.72366656487,6955.200688860743,378370.6166106725,0.8872581275700202,1471815.1906322301,18.594859624692567
Juana Diaz,1995-1999,1,65,5,0.030109355155294636,2.5,0.14000790633546392,72196.52297770412,10108.08402680856,335712.40482149925,0.8447747319711617,1093444.5740215576,15.14539106487493
Juana Diaz,1995-1999,1,70,5,0.037857136164120536,2.5,0.17292003732436909,62088.438950895565,10736.33518080067,283601.35680247616,0.7704551451451496,757732.1692000583,12.204078279361037
Juana Diaz,1995-1999,1,75,5,0.07003756950400232,2.5,0.29800838932048795,51352.103770094895,15303.357732744538,218502.12451861313,0.6536627305436925,474130.81239758217,9.232938430726847
Juana Diaz,1995-1999,1,80,5,0.1047900317363162,2.5,0.4151826507978853,36048.746037350356,14966.813937726885,142826.69534243457,0.4412728222035163,255628.68787896907,7.091195006176093
Juana Diaz,1995-1999,1,85,NA,0.1508044385725041,5.350647749147677,1,21081.93209962347,21081.93209962347,112801.99253653448,0,112801.99253653448,5.350647749147677
Juana Diaz,1995-1999,2,0,1,0.010547610999291078,0.12735181154148703,0.010451412502672022,100000,1045.1412502672028,99087.95938127107,0.9892864091405238,7830083.868384246,78.30083868384246
Juana Diaz,1995-1999,2,1,4,2.679081104248152e-4,1.5069955518581526,0.001070917180279368,98954.8587497328,105.97245830720931,395555.2451889908,0.9988685533307016,7730995.909002975,78.12649127776002
Juana Diaz,1995-1999,2,5,5,1.3025270379455952e-4,2.5,6.510515159221516e-4,98848.88629142559,64.35571726725902,494083.54216395976,0.999297843409339,7335440.663813984,74.20863237839312
Juana Diaz,1995-1999,2,10,5,1.5071575853300162e-4,2.5,7.53294959112104e-4,98784.53057415833,74.41388891976385,493736.61814849224,0.9984029149464956,6841357.121650024,69.25534880700945
Juana Diaz,1995-1999,2,15,5,4.888990762761705e-4,2.5,0.0024415112498938746,98710.11668523856,241.00186036534433,492948.07877527946,0.9967643832290549,6347620.503501533,64.30567318385894
Juana Diaz,1995-1999,2,20,5,8.07961887134123e-4,2.5,0.0040316658547897895,98469.11482487322,396.9945679908269,491353.087704389,0.9955441135615207,5854672.424726252,59.45694175416074
Juana Diaz,1995-1999,2,25,5,9.78753904507299e-4,2.5,0.004881824261144712,98072.1202568824,478.7708560119354,489163.6741443821,0.9940223742408002,5363319.337021864,54.6875026559394
Juana Diaz,1995-1999,2,30,5,0.00142078934616668,2.5,0.007078803011079015,97593.34940087046,690.8440956001723,486239.63676535187,0.992112766228472,4874155.662877481,49.94352271748148
Juana Diaz,1995-1999,2,35,5,0.0017478901809083137,2.5,0.008701428052907675,96902.50530527029,843.1901780603075,482404.55108120065,0.9902331377304117,4387916.02611213,45.281760386782096
Juana Diaz,1995-1999,2,40,5,0.0021801479315013126,2.5,0.010841648662741213,96059.31512720998,1041.4413453927555,477692.972272568,0.9872463881428785,3905511.4750309293,40.65729044454373
Juana Diaz,1995-1999,2,45,5,0.002959035197730767,2.5,0.0146865310826386,95017.87378181722,1395.4829567028792,471600.66151732893,0.9828919550960191,3427818.502758361,36.07551259912863
Juana Diaz,1995-1999,2,50,5,0.0039517901674982715,2.5,0.019565652455010362,93622.39082511434,1831.7831608913402,463532.49622334336,0.9737470931345292,2956217.8412410324,31.57597039754322
Juana Diaz,1995-1999,2,55,5,0.006725948272263795,2.5,0.03307361283849744,91790.607664223,3035.8470200969314,451363.42077087273,0.9585657232667084,2492685.345017689,27.15621356529331
Juana Diaz,1995-1999,2,60,5,0.010273434759895717,2.5,0.05008091623532992,88754.76064412607,4444.919733305243,432661.50388736726,0.9383354274175915,2041321.9242468162,22.99957669236207
Juana Diaz,1995-1999,2,65,5,0.015338218991344283,2.5,0.07385893370753792,84309.84091082083,6227.034950725385,405981.61717729067,0.900594887224187,1608660.4203594488,19.080339886550345
Juana Diaz,1995-1999,2,70,5,0.02711965886710732,2.5,0.12698857710759337,78082.80596009544,9915.624425440823,365624.96873687516,0.8414880464014287,1202678.8031821582,15.40260737808004
Juana Diaz,1995-1999,2,75,5,0.04312018777627593,2.5,0.19462073254963777,68167.18153465462,13266.746806118623,307669.0406579765,0.7693260642974353,837053.834445283,12.279425606290385
Juana Diaz,1995-1999,2,80,5,0.06388628799367958,2.5,0.27543943266781806,54900.434728536,15121.744594844531,236697.81215556868,0.5528813541050295,529384.7937873065,9.642633913646304
Juana Diaz,1995-1999,2,85,NA,0.15178507718722029,7.357883848061652,1,39778.69013369147,39778.69013369147,292686.98163173784,0,292686.98163173784,7.357883848061652
Juana Diaz,2000-2004,1,0,1,0.010918920845248764,0.12750183939934837,0.010815880779007499,100000,1081.5880779007566,99056.31639150399,0.9887214124144923,7265977.709810873,72.65977709810872
Juana Diaz,2000-2004,1,1,4,3.925512011717729e-4,1.6204117512128504,0.0015687394291454082,98918.41192209924,155.17721305062878,395304.38981574215,0.9983701423776762,7166921.393419368,72.45285538008334
Juana Diaz,2000-2004,1,5,5,2.1169265413721911e-4,2.5,0.001057903394742461,98763.23470904861,104.48196127446136,493554.9686420569,0.9988117783281842,6771617.003603626,68.56414761578496
Juana Diaz,2000-2004,1,10,5,2.639095976924325e-4,2.5,0.0013186779590380233,98658.75274777415,130.09912271467329,492968.51593208406,0.9967416942394571,6278062.034961569,63.63411111644333
Juana Diaz,2000-2004,1,15,5,0.0010428105019905016,2.5,0.005200494683773047,98528.65362505948,512.3977393764362,491362.2737768563,0.9918338510194071,5785093.519029485,58.71483376850003
Juana Diaz,2000-2004,1,20,5,0.0022419572471348956,2.5,0.011147306772661965,98016.25588568304,1092.6172730654362,487349.7362457516,0.9879108517346165,5293731.245252629,54.008706998834356
Juana Diaz,2000-2004,1,25,5,0.002625441409479807,2.5,0.013041607109023542,96923.63861261761,1264.0400143627485,481458.09302718117,0.9879805432478328,4806381.509006877,49.58936310900299
Juana Diaz,2000-2004,1,30,5,0.0022088909607601505,2.5,0.010983799763768284,95659.59859825486,1050.7058764856774,475671.2283000601,0.9872454222150759,4324923.415979696,45.2115990382025
Juana Diaz,2000-2004,1,35,5,0.002930315084894089,2.5,0.014545021683348376,94608.89272176918,1376.08839607572,469604.2426186566,0.9833243209521789,3849252.1876796363,40.68594480858919
Juana Diaz,2000-2004,1,40,5,0.0038033804865243766,2.5,0.018837784279774263,93232.80432569346,1756.2994556858175,461773.27298925276,0.9765188520861637,3379647.9450609796,36.249557969475376
Juana Diaz,2000-2004,1,45,5,0.005723472380558856,2.5,0.028213661620200163,91476.50487000764,2580.887154600976,450930.3064635358,0.9694254212510623,2917874.672071727,31.89753124278373
Juana Diaz,2000-2004,1,50,5,0.006711562309372537,2.5,0.03300403987171265,88895.61771540667,2933.91451149981,437143.30229828384,0.9593663716982723,2466944.365608191,27.751023380094477
Juana Diaz,2000-2004,1,55,5,0.009946032394722587,2.5,0.04852361827542169,85961.70320390686,4171.172872571464,419380.5838381056,0.9362457975415115,2029801.0633099072,23.612853022410278
Juana Diaz,2000-2004,1,60,5,0.01661491953237114,2.5,0.07976151958753917,81790.5303313354,6523.736987098033,392643.3091889319,0.9025773091472639,1610420.4794718015,19.689571310369914
Juana Diaz,2000-2004,1,65,5,0.02476702724760832,2.5,0.11661464124507454,75266.79334423736,8777.210103505407,354390.9414624233,0.8594815149000131,1217777.1702828696,16.179474588658106
Juana Diaz,2000-2004,1,70,5,0.036580620114958495,2.5,0.16757784670023257,66489.58324073195,11142.181187477727,304592.46323496546,0.7850559764858998,863386.2288204463,12.985285615259057
Juana Diaz,2000-2004,1,75,5,0.06292161421634476,2.5,0.27184565284496987,55347.40205325423,15045.950644439923,239122.13365517132,0.6888447270517297,558793.7655854808,10.096115533079946
Juana Diaz,2000-2004,1,80,5,0.08933870369648905,2.5,0.3651405581517261,40301.451408814304,14715.69446173912,164718.02088972373,0.48472743766755844,319671.6319303096,7.932012886771478
Juana Diaz,2000-2004,1,85,NA,0.17289644049872188,6.05624493975736,1,25585.756947075184,25585.756947075184,154953.61104058582,0,154953.61104058582,6.05624493975736
Juana Diaz,2000-2004,2,0,1,0.007820677773304936,0.13295639559285954,0.0077680039588226444,100000,776.8003958822665,99326.48018484935,0.991973619118797,8002541.786593599,80.02541786593599
Juana Diaz,2000-2004,2,1,4,2.3549654215072912e-4,1.5113614575589955,9.414344261097485e-4,99223.19960411773,93.41213597606111,396660.32937454915,0.999021499740664,7903215.30640875,79.65088142633095
Juana Diaz,2000-2004,2,5,5,1.1903173423821235e-4,2.5,5.949816169567963e-4,99129.78746814167,58.9804012363893,495501.4863376174,0.9993870679860372,7506554.9770342,75.72451398069079
Juana Diaz,2000-2004,2,10,5,1.2621843466628034e-4,2.5,6.308930974833864e-4,99070.80706690528,62.50308834062889,495197.7776136749,0.9987143695040189,7011053.490696583,70.76810715755876
Juana Diaz,2000-2004,2,15,5,3.885332739518367e-4,2.5,0.0019407812245511857,99008.30397856465,192.15345743624493,494561.1362492327,0.9971700721691603,6515855.713082908,65.81120422478496
Juana Diaz,2000-2004,2,20,5,7.455477045824573e-4,2.5,0.0037208034317678944,98816.15052112841,367.6754719731107,493161.5639257093,0.9960234442359439,6021294.576833676,60.9343163549589
Juana Diaz,2000-2004,2,25,5,8.484485038283305e-4,2.5,0.004233263254455268,98448.4750491553,416.7583118827606,491200.4794660696,0.9949569092782143,5528133.012907966,56.15255096788214
Juana Diaz,2000-2004,2,30,5,0.0011747119638918005,2.5,0.005856360976199975,98031.71673727254,574.1091203300457,488723.3108855376,0.9936062095579511,5036932.533441897,51.38064190940369
Juana Diaz,2000-2004,2,35,5,0.0013917024668585346,2.5,0.006934385829629562,97457.60761694249,675.8086532485322,485598.51645159116,0.9917035896888736,4548209.222556359,46.66859092656074
Juana Diaz,2000-2004,2,40,5,0.0019429814287518288,2.5,0.009667945547128508,96781.79896369396,935.68116233412,481569.7919126345,0.9886223750110279,4062610.706104768,41.97701168614139
Juana Diaz,2000-2004,2,45,5,0.0026380836937945846,2.5,0.013103994880925578,95846.11780135984,1255.9670370256208,476090.6714142352,0.9849039901261742,3581040.914192133,37.36239919089687
Juana Diaz,2000-2004,2,50,5,0.0034524382983767204,2.5,0.017114474821061508,94590.15076433422,1618.860753576606,468903.6019377296,0.9786119274934365,3104950.242777898,32.82530176438452
Juana Diaz,2000-2004,2,55,5,0.005214314848296169,2.5,0.025736084127473628,92971.29001075761,2392.716941156599,458874.6577008966,0.9646559295871016,2636046.6408401686,28.353340483230408
Juana Diaz,2000-2004,2,60,5,0.009250254980221405,2.5,0.04520586055917526,90578.57306960101,4094.682343833454,442656.15948842146,0.941623627595463,2177171.983139272,24.036280428775605
Juana Diaz,2000-2004,2,65,5,0.0149744479305388,2.5,0.07217045774849888,86483.89072576756,6241.581981549811,416815.49867496325,0.9105010494924232,1734515.8236508504,20.05594115961827
Juana Diaz,2000-2004,2,70,5,0.022872167235942622,2.5,0.10817532582219364,80242.30874421775,8680.237893130805,379510.94898826175,0.8650008149832994,1317700.3249758873,16.421515601902975
Juana Diaz,2000-2004,2,75,5,0.03598552305565013,2.5,0.1650766878837711,71562.07085108694,11813.22963420119,328277.28016993176,0.7949237677262597,938189.3759876254,13.11014850226872
Juana Diaz,2000-2004,2,80,5,0.057923755362793615,2.5,0.2529842782098215,59748.841216885754,15115.517469127073,260955.41241161112,0.5721425854626562,609912.0958176937,10.207931792413158
Juana Diaz,2000-2004,2,85,NA,0.14086642277380554,7.818299290865737,1,44633.32374775868,44633.32374775868,348956.68340608256,0,348956.68340608256,7.818299290865737
Juana Diaz,2005-2009,1,0,1,0.011920200514615627,0.12550383588311026,0.011797224247944571,100000,1179.7224247944541,98968.33726479458,0.9877860246214147,7428164.5684227515,74.28164568422751
Juana Diaz,2005-2009,1,1,4,3.788133407247262e-4,1.617454963340943,0.001513887019543296,98820.27757520555,149.60273548876285,394924.6750459128,0.9984439683074686,7329196.231157957,74.16692617140437
Juana Diaz,2005-2009,1,5,5,1.8565296849393115e-4,2.5,9.278342045338009e-4,98670.67483971678,91.55002710071858,493124.4991308321,0.9989586340020817,6934271.5561120445,70.27692439902997
Juana Diaz,2005-2009,1,10,5,2.3113412589305146e-4,2.5,0.0011550032278115979,98579.12481261606,113.8592073534237,492610.97604469676,0.9967046658707709,6441147.056981212,65.33986854950126
Juana Diaz,2005-2009,1,15,5,0.0010905933954357115,2.5,0.005438139978319033,98465.26560526264,535.4678973637783,490987.6582829038,0.9917490489240438,5948536.080936516,60.41253272787177
Juana Diaz,2005-2009,1,20,5,0.002228171569556015,2.5,0.011079142273209495,97929.79770789886,1084.9781615924294,486936.54313551326,0.988138895844096,5457548.422653612,55.72919122055344
Juana Diaz,2005-2009,1,25,5,0.002546474087183954,2.5,0.012651826564663616,96844.81954630643,1225.263860586012,481160.9380800671,0.987184257864665,4970611.879518098,51.32553194692459
Juana Diaz,2005-2009,1,30,5,0.0026133143295156663,2.5,0.012981758111341644,95619.55568572042,1241.3099426259869,474994.5035720371,0.9870087983317262,4489450.941438031,46.95117969585456
Juana Diaz,2005-2009,1,35,5,0.0026171664752736327,2.5,0.013000769431595331,94378.24574309443,1226.989812264408,468823.75418481114,0.9841491831620186,4014456.4378659944,42.53582386764938
Juana Diaz,2005-2009,1,40,5,0.003783125895564607,2.5,0.018738405113754474,93151.25593083003,1745.50597048692,461392.51472793287,0.9803934645454997,3545632.683681183,38.063176371062696
Juana Diaz,2005-2009,1,45,5,0.004140672528980447,2.5,0.020491243818987433,91405.7499603431,1873.0175088948017,452346.2060294786,0.9706328599470095,3084240.16895325,33.74229925679035
Juana Diaz,2005-2009,1,50,5,0.007836313611545095,2.5,0.0384287193170788,89532.7324514483,3440.628245067812,439062.091644572,0.9586202814157886,2631893.9629237717,29.395885625974746
Juana Diaz,2005-2009,1,55,5,0.009091789513640843,2.5,0.044448653073432966,86092.10420638049,3826.678072231254,420893.82585132436,0.942474213380341,2192831.8712791996,25.4707663553272
Juana Diaz,2005-2009,1,60,5,0.014768069976473522,2.5,0.07121121921131102,82265.42613414924,5858.221293950817,396681.57743586914,0.9218243347164905,1771938.0454278754,21.539279970888344
Juana Diaz,2005-2009,1,65,5,0.017901671192055966,2.5,0.08567408280991945,76407.20484019842,6546.11719475362,365670.73121410806,0.8811880960032864,1375256.467992006,17.99904172477296
Juana Diaz,2005-2009,1,70,5,0.03361721582598303,2.5,0.1550548022497064,69861.0876454448,10832.297129813851,322224.6954026894,0.8145162806070936,1009585.736777898,14.45133150376491
Juana Diaz,2005-2009,1,75,5,0.04981640379359429,2.5,0.22149660783137365,59028.79051563095,13074.676863601017,262457.2604191522,0.7431024545025409,687361.0413752086,11.64450491651517
Juana Diaz,2005-2009,1,80,5,0.07124537684488076,2.5,0.3023706134663365,45954.11365202993,13895.173536266037,195032.6344194846,0.5409957661928764,424903.7809560565,9.246262133864205
Juana Diaz,2005-2009,1,85,NA,0.1362654472872395,7.170266568592532,1,32058.940115763897,32058.940115763897,229871.14653657188,0,229871.14653657188,7.170266568592532
Juana Diaz,2005-2009,2,0,1,0.0069849660536777936,0.13467400881885763,0.006943000664487497,100000,694.3000664487481,99399.2041068231,0.9928060632570076,8146234.966361483,81.46234966361483
Juana Diaz,2005-2009,2,1,4,2.2175161708435788e-4,1.5127037379188788,8.865174990007642e-4,99305.69993355125,88.03624074162508,397003.8275216807,0.9991120231513717,8046835.762254659,81.03095560112929
Juana Diaz,2005-2009,2,5,5,1.0168615733636532e-4,2.5,5.083015685986295e-4,99217.66369280963,50.43249408772681,495962.23722882883,0.999437936899388,7649831.934732978,77.1015124727974
Juana Diaz,2005-2009,2,10,5,1.2320833376653053e-4,2.5,6.158519735938693e-4,99167.2311987219,61.07233504958276,495683.4751559855,0.9985440425239676,7153869.69750415,72.13945182323847
Juana Diaz,2005-2009,2,15,5,4.5984417020387725e-4,2.5,0.002296580677929015,99106.15886367232,227.6052895100729,494961.7810945864,0.9971693181539046,6658186.222348164,67.18236584576928
Juana Diaz,2005-2009,2,20,5,6.743374028787396e-4,2.5,0.003366012444169551,98878.55357416224,332.8264417921164,493560.7017663309,0.996319038783004,6163224.441253577,62.331256055752796
Juana Diaz,2005-2009,2,25,5,8.009955173540411e-4,2.5,0.00399697369174503,98545.72713237013,393.8846787819639,491743.9239648957,0.9954660058622405,5669663.739487247,57.533328988191975
Juana Diaz,2005-2009,2,30,5,0.0010172141808827125,2.5,0.005073169654128055,98151.84245358816,497.9409486322984,489514.35989636,0.9942318961874673,5177919.815522351,52.754178485959336
Juana Diaz,2005-2009,2,35,5,0.0012975115253062984,2.5,0.006466581466575955,97653.90150495587,631.4869096107868,486690.79025075235,0.9931906494580042,4688405.455625991,48.01042644863563
Juana Diaz,2005-2009,2,40,5,0.0014360069663063649,2.5,0.007154350588321256,97022.41459534508,694.1323689405544,483376.742054374,0.9907639838382581,4201714.665375238,43.30663881021187
Juana Diaz,2005-2009,2,45,5,0.0022794525590658712,2.5,0.011332682017763182,96328.28222640452,1091.6577917891846,478912.2666525497,0.9868141311042461,3718337.923320865,38.6006875382818
Juana Diaz,2005-2009,2,50,5,0.0030349129636848544,2.5,0.015060298083696353,95236.62443461534,1434.2919524703466,472597.3922919008,0.9785524382793289,3239425.656668315,34.01449469570755
Juana Diaz,2005-2009,2,55,5,0.0056656255788727124,2.5,0.02793249031533315,93802.332482145,2620.1327436131833,462461.33055169205,0.9668005370465398,2766828.264376414,29.496369558860085
Juana Diaz,2005-2009,2,60,5,0.007875626161495177,2.5,0.03861778275702546,91182.19973853181,3521.254380810322,447107.86274063325,0.9509331126655726,2304366.933824722,25.272113860299225
Juana Diaz,2005-2009,2,65,5,0.012357471430704575,2.5,0.05993572221611224,87660.94535772149,5254.022070162187,425169.67161320196,0.9230998021838965,1857259.0710840889,21.186847386884757
Juana Diaz,2005-2009,2,70,5,0.01993566421767117,2.5,0.09494627828198769,82406.9232875593,7824.230670823017,392474.03976073896,0.8848341196314485,1432089.399470887,17.37826559151596
Juana Diaz,2005-2009,2,75,5,0.02953173634469861,2.5,0.13750665595056025,74582.69261673628,10255.61665351595,347274.4214498916,0.8199902514813148,1039615.359710148,13.939096635361476
Juana Diaz,2005-2009,2,80,5,0.05179593658101336,2.5,0.22928907671450746,64327.07596322033,14749.495855350775,284761.6401777247,0.5886973824005182,692340.9382602564,10.762823086442006
Juana Diaz,2005-2009,2,85,NA,0.11839502956572813,8.221040583177551,1,49577.58010786956,49577.58010786956,407579.2980825317,0,407579.2980825317,8.221040583177551
Juana Diaz,2010-2014,1,0,1,0.009878063679945636,0.12957881782985248,0.00979385536846838,100000,979.3855368468357,99147.52208321744,0.9898229920384982,7590020.010745792,75.90020010745792
Juana Diaz,2010-2014,1,1,4,3.386193756564154e-4,1.6234911137748047,0.0013533883877421195,99020.61446315316,134.01334976151702,395763.97393603163,0.9986226640915854,7490872.488662574,75.64962638613017
Juana Diaz,2010-2014,1,5,5,1.6443274573881123e-4,2.5,8.218258909746257e-4,98886.60111339165,81.26756906547234,494229.83664429456,0.9990734272886643,7095108.514726543,71.74994827247322
Juana Diaz,2010-2014,1,10,5,2.0638757188753265e-4,2.5,0.0010314056861496748,98805.33354432617,101.90838283952326,493771.8967645321,0.9971151759295032,6600878.678082248,66.80690648264401
Juana Diaz,2010-2014,1,15,5,9.502834569014619e-4,2.5,0.004740156054802285,98703.42516148665,467.86963840895623,492347.4517114109,0.9927802347760051,6107106.7813177165,61.87330147181827
Juana Diaz,2010-2014,1,20,5,0.0019517135462851654,2.5,0.009711184107493167,98235.5555230777,953.9835655864736,488792.8187014223,0.9899285467620179,5614759.329606305,57.156080603496704
Juana Diaz,2010-2014,1,25,5,0.002097997633971568,2.5,0.010435255317443127,97281.57195749122,1015.1580410586466,483869.9646848095,0.98814303301879,5125966.510904883,52.69206086785643
Juana Diaz,2010-2014,1,30,5,0.002676524622586818,2.5,0.01329367101842066,96266.41391643258,1279.7340367281577,478132.7344903425,0.9878207583883563,4642096.5462200735,48.22135111680599
Juana Diaz,2010-2014,1,35,5,0.002222237185673405,2.5,0.01104979774973296,94986.67987970442,1049.5836015893583,472309.4403945487,0.9871736710072685,4163963.811729731,43.83734453086654
Juana Diaz,2010-2014,1,40,5,0.0029460818261610637,2.5,0.014622709881229528,93937.09627811506,1373.6149059599993,466251.4441256753,0.9816524656105173,3691654.3713351823,39.29921742956029
Juana Diaz,2010-2014,1,45,5,0.004475037840301184,2.5,0.022127634200595898,92563.48137215506,2048.2108561367204,457696.8797204335,0.9758689068461913,3225402.927209507,34.845307019532356
Juana Diaz,2010-2014,1,50,5,0.005305425129236472,2.5,0.02617988706933678,90515.27051601834,2369.679560159828,446652.1536796921,0.9661614387970173,2767706.0474890736,30.57722781703754
Juana Diaz,2010-2014,1,55,5,0.008518244489454952,2.5,0.04170312882892471,88145.59095585851,3675.946935333879,431538.08744095784,0.9453669199279123,2321053.8938093814,26.332047566301043
Juana Diaz,2010-2014,1,60,5,0.014105621064461338,2.5,0.06812571646915945,84469.64402052463,5754.5550187930785,407961.83255564043,0.9251103727418114,1889515.8063684236,22.369169756525842
Juana Diaz,2010-2014,1,65,5,0.017133339227229486,2.5,0.08214802134478279,78715.08900173155,6466.288811470717,377409.722979981,0.8937291333803528,1481553.9738127831,18.821727734820858
Juana Diaz,2010-2014,1,70,5,0.028392279576535062,2.5,0.13255271362313426,72248.80019026084,9576.774521234707,337302.0646482174,0.8384546752050935,1104144.2508328022,15.282527155124178
Juana Diaz,2010-2014,1,75,5,0.043205496269152974,2.5,0.1949682331688181,62672.02566902613,12219.054113800827,282812.4930606286,0.7642216864537099,766842.1861845847,12.235797040202815
Juana Diaz,2010-2014,1,80,5,0.06687304227980541,2.5,0.2864720650961346,50452.971555225304,14453.366951661934,216131.4403969717,0.5534748312607711,484029.69312395615,9.593680574277816
Juana Diaz,2010-2014,1,85,NA,0.13761623990542227,7.441699865238712,1,35999.60460356337,35999.60460356337,267898.25272698444,0,267898.25272698444,7.441699865238712
Juana Diaz,2010-2014,2,0,1,0.0061127025130468405,0.1364667459060102,0.006080605901675789,100000,608.0605901675735,99474.91945988628,0.9937152047397753,8271099.242344281,82.7109924234428
Juana Diaz,2010-2014,2,1,4,1.8735087616106652e-4,1.5141068541979734,7.490546442346513e-4,99391.93940983243,74.44999381444359,397382.6829100014,0.9992224198981466,8171624.322884394,82.21616734119195
Juana Diaz,2010-2014,2,5,5,9.361371391061201e-5,2.5,4.679590510912332e-4,99317.48941601798,46.47651810386742,496471.25578483025,0.9994824137353091,7774241.639974393,78.276662908885
Juana Diaz,2010-2014,2,10,5,1.1347952741044074e-4,2.5,5.672367126669954e-4,99271.01289791412,56.31016301934142,496214.2890820222,0.9988329857359659,7277770.384189563,73.3121398859272
Juana Diaz,2010-2014,2,15,5,3.5373899665803316e-4,2.5,0.0017671322243401652,99214.70273489477,175.32549833116354,495635.199928646,0.997304569964125,6781556.0951075405,68.35232992864073
Juana Diaz,2010-2014,2,20,5,7.26390953686353e-4,2.5,0.003625371176366096,99039.37723656361,359.0545035586838,494299.24992392136,0.9962499416833431,6285920.8951788945,63.46890570772129
Juana Diaz,2010-2014,2,25,5,7.765444599868234e-4,2.5,0.0038751991388775147,98680.32273300493,382.40590167909977,492445.5989108269,0.9957648025922445,5791621.645254973,58.69074487043494
Juana Diaz,2010-2014,2,30,5,9.214369705845586e-4,2.5,0.004596596168800842,98297.91683132583,451.83582790796936,490359.9945868592,0.9943695018187858,5299176.046344146,53.90934230516054
Juana Diaz,2010-2014,2,35,5,0.0013382975840138846,2.5,0.006669174569534985,97846.08100341786,652.5525951566524,487599.0235291977,0.9932409859649105,4808816.051757287,49.14674151935948
Juana Diaz,2010-2014,2,40,5,0.0013745989637102614,2.5,0.006849456678420966,97193.5284082612,665.7228622552648,484303.3348856679,0.990805030295673,4321217.028228089,44.45992546002473
Juana Diaz,2010-2014,2,45,5,0.002324765062338343,2.5,0.011556659018880588,96527.80554600594,1115.5389345360018,479850.18039368966,0.986672797359366,3836913.693342421,39.74931028048407
Juana Diaz,2010-2014,2,50,5,0.003046720252104459,2.5,0.015118447063401211,95412.26661146994,1442.4853019646253,473455.1198024382,0.9801282551766476,3357063.5129487314,35.18482090588092
Juana Diaz,2010-2014,2,55,5,0.0050013634964058635,2.5,0.024698008190534138,93969.78130950531,2320.866428444875,464046.7404764144,0.9722598491309357,2883608.3931462932,30.686550005353773
Juana Diaz,2010-2014,2,60,5,0.006268588440289534,2.5,0.030859331086143506,91648.91488106044,2828.2242080004216,451174.01388530113,0.9600081258671316,2419561.652669879,26.400330607404605
Juana Diaz,2010-2014,2,65,5,0.010133415489656265,2.5,0.049415215180933406,88820.69067306002,4389.093542128379,433130.7195099791,0.9360253707694083,1968387.6387845778,22.161363797879186
Juana Diaz,2010-2014,2,70,5,0.01651283895208454,2.5,0.07929090010108511,84431.59713093164,6694.657333483774,405421.3423209488,0.8976105432858683,1535256.9192745988,18.183440458834518
Juana Diaz,2010-2014,2,75,5,0.027231123694347624,2.5,0.12747724678331013,77736.93979744786,9909.69105873858,363910.47134039283,0.8356137940839304,1129835.57695365,14.534088682903658
Juana Diaz,2010-2014,2,80,5,0.046101870199872434,2.5,0.20668763472888763,67827.24873870928,14019.05361197175,304088.6096636171,0.6029786627503991,765925.1056132572,11.29229210761339
Juana Diaz,2010-2014,2,85,NA,0.12150932277946756,8.583014071775684,1,53808.19512673753,53808.19512673753,461836.49594964006,0,461836.49594964006,8.583014071775684
Juana Diaz,2015-2019,1,0,1,0.011459224705376034,0.1264236900616574,0.01134564900396021,100000,1134.5649003960134,99008.87098092648,0.988348795417523,7728339.637913729,77.28339637913729
Juana Diaz,2015-2019,1,1,4,3.1479875853979036e-4,1.6188155595510678,0.0012582518562358818,98865.43509960399,124.39761723164702,395165.526727835,0.998656098057926,7629330.766932802,77.16883822183637
Juana Diaz,2015-2019,1,5,5,1.5797979938534556e-4,2.5,7.895871498778904e-4,98741.03748237234,77.9646543616982,493510.27577595745,0.9991055756204462,7234165.240204968,73.26401893940441
Juana Diaz,2015-2019,1,10,5,1.9996880941444158e-4,2.5,9.993444527711687e-4,98663.07282801064,98.59839452402957,493068.8681537431,0.998020038715387,6740654.96442901,68.31993745197164
Juana Diaz,2015-2019,1,15,5,5.931901980574096e-4,2.5,0.0029615590707576943,98564.47443348661,291.90451331294025,492092.6108841507,0.9955700423208285,6247586.096275266,63.385780040771884
Juana Diaz,2015-2019,1,20,5,0.0011840381123394152,2.5,0.0059027179541368555,98272.56992017367,580.075262866987,489912.6614437009,0.9932067708741897,5755493.485391116,58.56663248011398
Juana Diaz,2015-2019,1,25,5,0.0015437405210549666,2.5,0.007689027945258284,97692.49465730668,751.1603214620263,486584.57248287834,0.9908239808056175,5265580.823947415,53.899543075631634
Juana Diaz,2015-2019,1,30,5,0.002146362217604931,2.5,0.010674532554610133,96941.33433584466,1034.8034292553202,482119.66310608503,0.9887647266422229,4778996.251464536,49.297817945316574
Juana Diaz,2015-2019,1,35,5,0.002374424433078941,2.5,0.011802064390272123,95906.53090658934,1131.8950532071904,476702.91689992876,0.9862534085336874,4296876.588358452,44.802752719139704
Juana Diaz,2015-2019,1,40,5,0.0031677580289339578,2.5,0.015714342061582308,94774.63585338215,1489.3210465619486,470149.8766505059,0.9823024758496052,3820173.671458523,40.30797519885375
Juana Diaz,2015-2019,1,45,5,0.003981718184962417,2.5,0.01971236818760889,93285.3148068202,1838.874471969044,461829.3878541784,0.97700583814606,3350023.794808017,35.91158803232224
Juana Diaz,2015-2019,1,50,5,0.005338705617677014,2.5,0.02634194831969775,91446.44033485116,2408.8774053209636,451210.00816095335,0.9659190852915835,2888194.4069538387,31.583453619168584
Juana Diaz,2015-2019,1,55,5,0.008586288843424132,2.5,0.04202925588976147,89037.56292953019,3742.1825161659654,435832.358357236,0.9494401360431274,2436984.3987928852,27.370295396805332
Juana Diaz,2015-2019,1,60,5,0.012257388641505985,2.5,0.0594647372210707,85295.38041336423,5072.067382451962,413796.7336106912,0.9311258938127492,2001152.0404356492,23.46143520009561
Juana Diaz,2015-2019,1,65,5,0.01642340089026628,2.5,0.07887837645605361,80223.31303091226,6327.884685804136,385296.85344005097,0.9129895402252989,1587355.306824958,19.78670846233072
Juana Diaz,2015-2019,1,70,5,0.020132523112015393,2.5,0.09583891750578746,73895.42834510813,7082.057861221649,351771.9970724865,0.8622903920505964,1202058.453384907,16.267020576307182
Juana Diaz,2015-2019,1,75,5,0.04053312015297878,2.5,0.18401849168073137,66813.37048388648,12294.895660550683,303329.61326805566,0.7795715058748439,850286.4563124205,12.726291910651115
Juana Diaz,2015-2019,1,80,5,0.061108284664180314,2.5,0.26504960633567776,54518.4748233358,14450.100289946713,236467.1233918122,0.5676676754318771,546956.8430443649,10.032504482503397
Juana Diaz,2015-2019,1,85,NA,0.11981764127120398,7.748997139722272,1,40068.374533389084,40068.374533389084,310489.71965255274,0,310489.71965255274,7.748997139722272
Juana Diaz,2015-2019,2,0,1,0.005340343334884873,0.13805415255411116,0.005315873906082305,100000,531.5873906082415,99541.80045611064,0.9944965752391529,8574737.431922184,85.74737431922185
Juana Diaz,2015-2019,2,1,4,1.6916603133318347e-4,1.515351073154804,6.763798305810379e-4,99468.41260939176,67.27842806889385,397706.4871634658,0.999302305230364,8475195.631466074,85.20489479155366
Juana Diaz,2015-2019,2,5,5,8.396903280892518e-5,2.5,4.1975704756137984e-4,99401.13418132286,41.72432660819322,496901.3600900938,0.999546269733778,8077489.144302608,81.26153902397164
Juana Diaz,2015-2019,2,10,5,9.75673429363772e-5,2.5,4.877177513691261e-4,99359.40985471467,48.4593479517207,496675.90090369404,0.9990071920840102,7580587.784212515,76.2946136183478
Juana Diaz,2015-2019,2,15,5,2.9985352040819987e-4,2.5,0.001498144542253312,99310.95050676295,148.7821584876947,496182.7971375955,0.9978515101319507,7083911.88330882,71.330622123352
Juana Diaz,2015-2019,2,20,5,5.607471864602223e-4,2.5,0.0027998109669952038,99162.16834827526,277.6353264525096,495116.753425245,0.9967374545801176,6587729.086171225,66.43389506201541
Juana Diaz,2015-2019,2,25,5,7.467071474767475e-4,2.5,0.0037265790792983637,98884.53302182275,368.501032025335,493501.41252905043,0.9956578082842605,6092612.3327459805,61.61340046376522
Juana Diaz,2015-2019,2,30,5,9.944877954859506e-4,2.5,0.0049601070625846415,98516.03198979741,488.65006605039525,491358.5347838611,0.9949464244821843,5599110.92021693,56.83451522689007
Juana Diaz,2015-2019,2,35,5,0.0010321585025794833,2.5,0.005147509897627545,98027.38192374702,504.59691869102244,488875.41732200753,0.9945047810193217,5107752.3854330685,52.10536367691894
Juana Diaz,2015-2019,2,40,5,0.00117237152796469,2.5,0.005844727160544089,97522.785005056,569.9940702909371,486188.93984955264,0.9928614203093858,4618876.9681110615,47.36202896452967
Juana Diaz,2015-2019,2,45,5,0.0016951613929731594,2.5,0.008440038894642324,96952.79093476506,818.2853264335427,482718.2413577414,0.9890846357861717,4132688.0282615083,42.62577681793811
Juana Diaz,2015-2019,2,50,5,0.0027004608057986015,2.5,0.013411759203826154,96134.50560833151,1289.332840397823,477449.195940663,0.9832458661512659,3649969.786903767,37.967322594598556
Juana Diaz,2015-2019,2,55,5,0.0040693715289716464,2.5,0.020141945001044822,94845.17276793369,1910.3662535063195,469449.94820590265,0.9767424311452884,3172520.5909631043,33.449468205678734
Juana Diaz,2015-2019,2,60,5,0.005358276497496113,2.5,0.026437237417695655,92934.80651442737,2456.9395441895176,458531.68371166306,0.965563417370177,2703070.6427572016,29.085664931551474
Juana Diaz,2015-2019,2,65,5,0.008716523848175594,2.5,0.042653151216433274,90477.86697023785,3859.1661416218994,442741.4194971345,0.9475479298896307,2244538.959045538,24.807602502210464
Juana Diaz,2015-2019,2,70,5,0.01294320193111566,2.5,0.06268756512075846,86618.70082861595,5429.91544886936,419518.7155209064,0.9188455933569628,1801797.5395484038,20.801484232757616
Juana Diaz,2015-2019,2,75,5,0.021242481726215845,2.5,0.10085631268321257,81188.7853797466,8188.401524629953,385472.9230871581,0.8728298007405005,1382278.8240274976,17.025489635817628
Juana Diaz,2015-2019,2,80,5,0.03394201017477843,2.5,0.15643569591756115,73000.38385511664,11419.865850624272,336452.25464902254,0.6624696399453199,996805.9009403393,13.654803554440113
Juana Diaz,2015-2019,2,85,NA,0.09753356445665803,10.72341817980718,1,61580.51800449237,61580.51800449237,660353.6462913168,0,660353.6462913168,10.72341817980718
Juana Diaz,2020-2024,1,0,1,0.012347833930929369,0.124650514782527,0.01221579740705361,100000,1221.5797407053615,98930.69080282147,0.9873980119959124,7653753.507495321,76.53753507495321
Juana Diaz,2020-2024,1,1,4,3.67000071892847e-4,1.6161938024125475,0.0014667171197648295,98778.42025929464,144.88000005763024,394768.3151951347,0.9985287070673571,7554822.816692499,76.48252317521369
Juana Diaz,2020-2024,1,5,5,1.5828153100607255e-4,2.5,7.910946158629392e-4,98633.54025923701,78.02846264257096,492972.6301395786,0.9990813611202142,7160054.5014973655,72.59249219564364
Juana Diaz,2020-2024,1,10,5,2.0936635298021122e-4,2.5,0.0010462841231734313,98555.51179659444,103.11706724402029,492519.7663148621,0.99802162747137535,6667081.8713577865,67.64798588959452
Juana Diaz,2020-2024,1,15,5,5.831363193442973e-4,2.5,0.0029114371848116033,98452.39472935042,286.6379629487783,491545.37873938016,0.9950923434844398,6174562.105042924,62.716220585766784
Juana Diaz,2020-2024,1,20,5,0.001386731890678415,2.5,0.006909704683791615,98165.75676640164,678.2963893167471,489133.04285871633,0.9909442150782128,5683016.726303544,57.89204824068164
Juana Diaz,2020-2024,1,25,5,0.0022560120378319766,2.5,0.011216797115861626,97487.46037708489,1093.4970643903653,484703.5592244485,0.9882571712503074,5193883.683444828,53.27745397566728
Juana Diaz,2020-2024,1,30,5,0.002470125725429004,2.5,0.012274827707903764,96393.96331269453,1183.2192917453212,479011.76833410934,0.9870536017660092,4709180.12422038,48.853475491449245
Juana Diaz,2020-2024,1,35,5,0.0027439579404010535,2.5,0.013626314616529198,95210.7440209492,1297.3715529032925,472810.2912224878,0.9861346254796416,4230168.35588627,44.429527354134606
Juana Diaz,2020-2024,1,40,5,0.002841591599503285,2.5,0.014107736930641147,93913.37246804591,1324.9051530485012,466254.5994576083,0.9830739234032925,3757358.0646637823,40.00876516219483
Juana Diaz,2020-2024,1,45,5,0.003996483830614215,2.5,0.019784745613230844,92588.46731499741,1831.83927254616,458362.73839362164,0.9770829421781239,3291103.465206174,35.54550108286633
Juana Diaz,2020-2024,1,50,5,0.005291607370210042,2.5,0.026112592878719393,90756.62804245125,2369.8908791178983,447858.4130144615,0.966991015240897,2832740.726812552,31.21249420469371
Juana Diaz,2020-2024,1,55,5,0.008182068301286283,2.5,0.040090287823457034,88386.73716333335,3543.449732654277,433075.0614850311,0.9503866079457891,2384882.313798091,26.98235493624991
Juana Diaz,2020-2024,1,60,5,0.012272151588507427,2.5,0.059534225347126386,84843.28743067908,5051.079393089065,411588.73867067276,0.9309601208995898,1951807.2523130598,23.004851785213738
Juana Diaz,2020-2024,1,65,5,0.016481694228566806,2.5,0.07914726844883409,79792.20803759001,6315.33530967636,383172.70191375917,0.8989253642942118,1540218.513642387,19.302868682576023
Juana Diaz,2020-2024,1,70,5,0.02664087699043988,2.5,0.12488665961108479,73476.87272791365,9176.281193657946,344443.66065542336,0.8470574403560199,1157045.811728628,15.747074811052343
Juana Diaz,2020-2024,1,75,5,0.0407719066284768,2.5,0.1850022926385965,64300.591534255705,11895.756851855236,291763.56554164045,0.7763585013448029,812602.1510732045,12.637553274145171
Juana Diaz,2020-2024,1,80,5,0.06270903551551343,2.5,0.2710517007546569,52404.83468240047,14204.419568431273,226513.12449092415,0.5650991866131683,520838.585531564,9.938750664668758
Juana Diaz,2020-2024,1,85,NA,0.11862516425758103,7.7047712744098,1,38200.4151139692,38200.4151139692,294325.46104063984,0,294325.46104063984,7.7047712744098
Juana Diaz,2020-2024,2,0,1,0.005889707379076804,0.1369250611150048,0.005859919889518707,100000,585.9919889518787,99494.24499994826,0.993956845575345,8526045.28262193,85.260452826219293
Juana Diaz,2020-2024,2,1,4,1.7394851412819317e-4,1.514465910339753,6.954933565092486e-4,99414.00801104812,69.14178211562103,397484.17778772424,0.999274808559491,8426551.037621982,84.76221013728286
Juana Diaz,2020-2024,2,5,5,8.562947891376473e-5,2.5,4.2805575908983135e-4,99344.8662289325,42.52514212531969,496618.0182893492,0.9995373583115581,8029066.8598342575,80.82014868621292
Juana Diaz,2020-2024,2,10,5,9.947321691998312e-5,2.5,4.972424288399511e-4,99302.34108680718,49.37733727149316,496388.26209085714,0.9989799905931639,7532448.8415449085,75.85368843379295
Juana Diaz,2020-2024,2,15,5,3.0884557120236896e-4,2.5,0.00154303645607269,99252.96374953569,153.15094143879833,495881.94139408146,0.9979011954207136,7036060.579454051,70.89018114571886
Juana Diaz,2020-2024,2,20,5,5.31792388813021e-4,2.5,0.002655431598282654,99099.81280809689,263.1527743145125,494841.18210469815,0.9969118902612015,6540178.63805997,65.99587277450043
Juana Diaz,2020-2024,2,25,5,7.056305713457341e-4,2.5,0.0035219398855943773,98836.66003378238,348.0967751319113,493313.0582310821,0.9960594908759076,6045337.455955272,61.1649306430324
Juana Diaz,2020-2024,2,30,5,8.740171508487188e-4,2.5,0.004360557748594749,98488.56325865047,429.465067665471,491369.1536240886,0.9951161533870388,5552024.397724189,56.372275257417186
Juana Diaz,2020-2024,2,35,5,0.0010848195868004493,2.5,0.005409427302275043,98059.098190985,530.4435629907821,488969.382047448,0.9938442451044563,5060655.2441001,51.60821726346805
Juana Diaz,2020-2024,2,40,5,0.001386014335950875,2.5,0.0069061416514169475,97528.65462799421,673.5467039330397,485959.4063801385,0.9920172749886114,4571685.862052653,46.87530941025014
Juana Diaz,2020-2024,2,45,5,0.0018216171372876368,2.5,0.009066795113042697,96855.10792406117,878.1654191990965,482080.12607230817,0.9878908056004504,4085726.455672514,42.183902772334015
Juana Diaz,2020-2024,2,50,5,0.003059103906423443,2.5,0.015179430891275252,95976.94250486208,1456.8753659084468,476242.5241095392,0.9842129710714261,3603646.329600206,37.54700072277932
Juana Diaz,2020-2024,2,55,5,0.0033079300524375952,2.5,0.01640399211593733,94520.06713895363,1550.5064361452824,468724.0696044049,0.9766605942671402,3127403.805490667,33.08719407586837
Juana Diaz,2020-2024,2,60,5,0.0061718802581868125,2.5,0.030390485201799794,92969.56070280835,2825.390058756515,457784.3283671505,0.9639141655627739,2658679.735886262,28.5973141723789
Juana Diaz,2020-2024,2,65,5,0.008571773101684482,2.5,0.04195969308702663,90144.17064405183,3782.4217338089657,441264.79888573673,0.9436441890350269,2200895.4075191114,24.41528267212848
Juana Diaz,2020-2024,2,70,5,0.014804893037693724,2.5,0.07138244165479692,86361.74891024287,6164.712502791634,416396.9632942353,0.9118773034673239,1759630.6086333746,20.375115497744105
Juana Diaz,2020-2024,2,75,5,0.022419886422920844,2.5,0.10614976777146504,80197.03640745123,8512.89679061067,379702.9400607295,0.866771648749761,1343233.6453391393,16.749168117817597
Juana Diaz,2020-2024,2,80,5,0.035616594199526515,2.5,0.16352266958504783,71684.13961684056,11721.981877053062,329115.74339157017,0.658427342700539,963530.7052784099,13.441337378513367
Juana Diaz,2020-2024,2,85,NA,0.08905550002636059,10.580255711276344,1,59962.1577397875,59962.1577397875,634414.9618868397,0,634414.9618868397,10.580255711276344
Juncos,1980-1984,1,0,1,0.017238662848409594,0.11489111021914108,0.016979586722613342,100000,1697.9586722613312,98497.121684701,0.9824137176433477,7070835.444120758,70.70835444120758
Juncos,1980-1984,1,1,4,5.292402307067315e-4,1.601840505204766,0.002114277476601131,98302.04132773867,207.83779188315384,392709.73713697284,0.9978235786216829,6972338.322436058,70.92770636563188
Juncos,1980-1984,1,5,5,2.719496239895127e-4,2.5,0.001358824290560349,98094.20353585551,133.29278652768699,490137.7857129584,0.9985366146495535,6579628.585299085,67.07459103731945
Juncos,1980-1984,1,10,5,3.1386381990519403e-4,2.5,0.0015680886837653786,97960.91074932783,153.61139559737057,489420.5252576457,0.9967433751194646,6089490.799586127,62.16245595315589
Juncos,1980-1984,1,15,5,9.920167587674502e-4,2.5,0.004947813010273653,97807.29935373046,483.9322282421199,487826.666198047,0.9930751395603108,5600070.2743284805,57.25615890972752
Juncos,1980-1984,1,20,5,0.0017903251690455347,2.5,0.008911738570570557,97323.36712548834,867.3204046300089,484448.53461586667,0.9889710519984574,5112243.608130434,52.528429288094074
Juncos,1980-1984,1,25,5,0.002650486105002416,2.5,0.013165195108251912,96456.04672085833,1269.8626744507637,479105.57691816473,0.9856308173524871,4627795.073514567,47.978278509664655
Juncos,1980-1984,1,30,5,0.0031423398086538037,2.5,0.01558923237953758,95186.18404640756,1483.8795424208802,472221.2213759856,0.984415214336579,4148689.4965964025,43.584996479885454
Juncos,1980-1984,1,35,5,0.0031405187685951503,2.5,0.015580268528640879,93702.30450398668,1459.9070659245917,464861.75485512195,0.9785198371388284,3676468.2752204165,39.23562280225452
Juncos,1980-1984,1,40,5,0.0055712170249033665,2.5,0.02747343396689453,92242.3974380621,2534.2154149626294,454876.4486529039,0.9710778019408113,3211606.5203652945,34.81703218437908
Juncos,1980-1984,1,45,5,0.006176294202982586,2.5,0.030411889079356488,89708.18202309946,2728.1952811972296,441720.42191250424,0.9645262136112274,2756730.071712391,30.729973671772157
Juncos,1980-1984,1,50,5,0.008307934236981049,2.5,0.04069445406446176,86979.98674190223,3539.60307499583,426050.92602202157,0.9455716597298324,2315009.6497998866,26.61542886490969
Juncos,1980-1984,1,55,5,0.014238372874809715,2.5,0.06874482813359643,83440.3836669064,5736.094834582822,402861.681248075,0.9193727065327726,1888958.723777865,22.638423276174986
Juncos,1980-1984,1,60,5,0.01959221149822027,2.5,0.09338691692232887,77704.28883232358,7256.563965692854,370380.0342473858,0.8909155546808235,1486097.04252979,19.125032412774626
Juncos,1980-1984,1,65,5,0.02698523614627351,2.5,0.1263989190344235,70447.72486663073,8904.516271576606,329977.3336542121,0.8409180224628239,1115717.0082824042,15.837516547122597
Juncos,1980-1984,1,70,5,0.04358041317899938,2.5,0.19649385718667087,61543.20859505412,12092.86244048606,277483.8868740555,0.7785012657793566,785739.6746281921,12.767284848572837
Juncos,1980-1984,1,75,5,0.05782788350920585,2.5,0.2526184428347211,49450.34615456806,12492.06944320492,216021.557164828,0.695875915172728,508255.7877541366,10.278103739971202
Juncos,1980-1984,1,80,5,0.09171426834892166,2.5,0.37303887339645386,36958.27671136314,13786.873907081303,150324.19878911244,0.4856037279206673,292234.2305893086,7.907138984633953
Juncos,1980-1984,1,85,NA,0.19234780877540175,6.124360833862534,1,23171.40280428184,23171.40280428184,141910.0318001962,0,141910.0318001962,6.124360833862534
Juncos,1980-1984,2,0,1,0.012378461500105964,0.1235889194326772,0.012245613482734896,100000,1224.5613482734916,98926.78086553865,0.9874395415104459,7709262.411100529,77.09262411100529
Juncos,1980-1984,2,1,4,3.1334801293128394e-4,1.5040763868635902,0.0012524125490074019,98775.43865172651,123.7075989011355,394792.9898896843,0.9987055478244268,7610335.63023499,77.04684215140125
Juncos,1980-1984,2,5,5,1.4438297797637534e-4,2.5,7.216544033523122e-4,98651.73105282537,71.19245611259248,493080.67412384535,0.9992193432365006,7215542.640345306,73.14157149945575
Juncos,1980-1984,2,10,5,1.6801088625806624e-4,2.5,8.397017337091489e-4,98580.53859671278,82.77824916965619,492695.74736063974,0.9978461279423675,6722461.96622146,68.19258711623253
Juncos,1980-1984,2,15,5,6.950349531596147e-4,2.5,0.003469146820054123,98497.76034754312,341.70319209212903,491634.5437574853,0.9957248419506785,6229766.218860821,63.24779565423096
Juncos,1980-1984,2,20,5,0.001019386304132503,2.5,0.005083975183979769,98156.057155451,499.02295873561525,489532.72838041594,0.9944009325340545,5738131.675103336,58.45927231995254
Juncos,1980-1984,2,25,5,0.0012271113615472302,2.5,0.006116791845810616,97657.03419671538,597.3477504605107,486791.8016074256,0.9936264807158572,5248598.94672292,53.74522163094169
Juncos,1980-1984,2,30,5,0.0013307780919418158,2.5,0.006631826735386563,97059.68644625487,643.6830235025118,483689.2246725181,0.9918827367638411,4761807.145115494,49.06060713221305
Juncos,1980-1984,2,35,5,0.0019318081981881663,2.5,0.009612616661757771,96416.00342275236,926.8100809616444,479762.9919113577,0.9893671385741095,4278117.920442976,44.371450470570124
Juncos,1980-1984,2,40,5,0.0023462840857172477,2.5,0.011663008599912345,95489.19334179071,1113.6912831439986,474661.7385010936,0.9859720844900588,3798354.9285316183,39.777851247898994
Juncos,1980-1984,2,45,5,0.003311333220907359,2.5,0.01642072983400954,94375.50205864671,1549.7146222540468,468003.22373759846,0.9804295804674042,3323693.1900305245,35.217753734068815
Juncos,1980-1984,2,50,5,0.004606995425390602,2.5,0.02277269289695279,92825.78743639267,2113.8931502067862,458844.20430644637,0.97158077975397406,2855689.966292926,30.76397243869049
Juncos,1980-1984,2,55,5,0.00695844629072607,2.5,0.034197330730691075,90711.89428618588,3102.104650112189,445804.20980564895,0.9558983457777764,2396845.7619864796,26.422618344014506
Juncos,1980-1984,2,60,5,0.011175053754770983,2.5,0.0543566719465228,87609.78963607369,4762.176594551929,426143.50669398863,0.931384636219046,1951041.5521808309,22.269675116049832
Juncos,1980-1984,2,65,5,0.017469787588147406,2.5,0.0836936617093936,82847.61304152176,6933.820099327873,396903.51495928917,0.9049004284316995,1524898.0454868423,18.40605890145067
Juncos,1980-1984,2,70,5,0.022731828157958895,2.5,0.10754727533534507,75913.79294219389,8164.321591304499,359158.16073270823,0.8503044997360693,1127994.530527553,14.858887783231797
Juncos,1980-1984,2,75,5,0.043685964215341024,2.5,0.19692290375964305,67749.47135088939,13341.422626597887,305393.80018795223,0.7492112598962001,768836.3697948449,11.348226849075655
Juncos,1980-1984,2,80,5,0.07558553222227968,2.5,0.31786304292769124,54408.048724291504,17294.307927261383,228804.47380330408,0.5062937917045824,463442.5696068926,8.517904620240127
Juncos,1980-1984,2,85,NA,0.1492214550534294,6.322135434603361,1,37113.74079703012,37113.74079703012,234638.0958035885,0,234638.0958035885,6.322135434603361
Juncos,1985-1989,1,0,1,0.018234729898863593,0.11290350822331266,0.017944460928346454,100000,1794.446092834638,98408.153166364,0.9813521209610683,6995050.245671721,69.95050245671722
Juncos,1985-1989,1,1,4,5.885242964829458e-4,1.5989333392228922,0.0023507753380541266,98205.55390716536,230.85919418492995,392267.90731417015,0.997729283756099,6896642.092505357,70.22659939401002
Juncos,1985-1989,1,5,5,2.5459432337491037e-4,2.5,0.0012721619038766996,97974.69471298043,124.63967415779189,489561.8743795077,0.9985326811300881,6504374.185191187,66.38830775891601
Juncos,1985-1989,1,10,5,3.3282157997450236e-4,2.5,0.001662724423448326,97850.05503882264,162.6976763488201,488843.5310032412,0.9967900013993575,6014812.310811679,61.469687558430735
Juncos,1985-1989,1,15,5,9.542409724687978e-4,2.5,0.0047598497532007405,97687.35736247382,464.9771438325988,487274.34395278763,0.9923673121129664,5525968.779808438,56.56790120039848
Juncos,1985-1989,1,20,5,0.0021149771427635884,2.5,0.010519265697545526,97222.38021864122,1022.708049267676,483555.1309700369,0.9887968278353053,5038694.43585565,51.82648711669313
Juncos,1985-1989,1,25,5,0.002393102057471825,2.5,0.011894349307856824,96199.67216937355,1144.2325040838477,478137.7795866581,0.9856142953469575,4555139.304885614,47.35088178747249
Juncos,1985-1989,1,30,5,0.0034102384874216594,2.5,0.01690704975762776,95055.4396652897,1607.107048154241,471259.43070606294,0.9799467384619487,4077001.5252989554,42.89077552694449
Juncos,1985-1989,1,35,5,0.004705425251004984,2.5,0.02325358128365392,93448.33261713546,2173.008398334481,461809.1420898411,0.9763584748427624,3605742.0945928926,38.585408574017876
Juncos,1985-1989,1,40,5,0.004866229908697403,2.5,0.02403870488183122,91275.32421880098,2194.140581889238,450891.2696392818,0.9707612006644546,3143932.9525030516,34.44450051983996
Juncos,1985-1989,1,45,5,0.007034984320393397,2.5,0.0345669762619514,89081.18363691174,3079.267160163654,437707.75028414954,0.9625395709470852,2693041.6828637696,30.23131903860199
Juncos,1985-1989,1,50,5,0.008258556365585082,2.5,0.04045748086264116,86001.91647674808,3479.4208900084923,421311.0301587192,0.9398490421909862,2255333.9325796203,26.22422877273187
Juncos,1985-1989,1,55,5,0.01681315407970518,2.5,0.08067477676815393,82522.49558673959,6657.483909811184,395968.76815916994,0.9171848618244268,1834022.902420901,22.22452059139626
Juncos,1985-1989,1,60,5,0.01778583780599606,2.5,0.08514332558230531,75865.0116769284,6459.399389514103,363176.55991085677,0.8891003218450687,1438054.134261731,18.95543284677386
Juncos,1985-1989,1,65,5,0.029888678254923796,2.5,0.1390531073125858,69405.6122874143,9651.066053497554,322900.39630332764,0.8368209714418466,1074877.5743508742,15.486897081171454
Juncos,1985-1989,1,70,5,0.042282560279736425,2.5,0.19120157147047986,59754.54623391675,11425.163142430327,270209.8233135079,0.7801037402092733,751977.1780475465,12.584434581828075
Juncos,1985-1989,1,75,5,0.058551114784171056,2.5,0.25537443000974774,48329.38309148642,12342.088659711088,210791.6938081544,0.6869343274607141,481767.3547340387,9.968415152787365
Juncos,1985-1989,1,80,5,0.09706190470639478,2.5,0.39054252111204313,35987.294431775335,14054.568695386934,144800.05042040933,0.4656344782935535,270975.66092588427,7.529759188749228
Juncos,1985-1989,1,85,NA,0.19490718455838257,5.75284677435865,1,21932.725736388402,21932.725736388402,126175.61050547496,0,126175.61050547496,5.75284677435865
Juncos,1985-1989,2,0,1,0.010439337880484054,0.12757434203437754,0.010345119228964094,100000,1034.5119228964031,99097.46525499382,0.9892887876060017,7747545.669069036,77.47545669069036
Juncos,1985-1989,2,1,4,3.194863953332339e-4,1.5071684910144754,0.001276928602509182,98965.4880771036,126.37186238693539,395546.92854800704,0.9987579061940052,7648448.203814042,77.28399417234388
Juncos,1985-1989,2,5,5,1.3406635921581542e-4,2.5,6.701071989979422e-4,98839.11621471666,66.232803318082,494029.9990652881,0.9992577857765177,7252901.275266035,73.38087948408946
Juncos,1985-1989,2,10,5,1.6294026676069397e-4,2.5,8.143695998038852e-4,98772.88341139858,80.43763353521354,493663.3229731549,0.9982692334037564,6758871.276200747,68.42840912165535
Juncos,1985-1989,2,15,5,5.302841698644201e-4,2.5,0.0026479104867861984,98692.44577786337,261.32876214178395,492808.90698396234,0.9961390777466131,6265207.953227592,63.482142973022484
Juncos,1985-1989,2,20,5,0.001018015209065348,2.5,0.0050771544940923395,98431.11701572158,499.74998811489786,490906.2101083207,0.9946988053868862,5772399.046243629,58.64404693610916
Juncos,1985-1989,2,25,5,0.0011083381524232916,2.5,0.005526378023097177,97931.36702760668,541.2057545132266,488303.8207517503,0.9938441381647296,5281492.836135309,53.93055357479555
Juncos,1985-1989,2,30,5,0.001362393286521999,2.5,0.006788843744757235,97390.16127309346,661.1665871597361,485297.8898975679,0.9918441726191235,4793189.015383558,49.21635771752028
Juncos,1985-1989,2,35,5,0.0019155606478097507,2.5,0.00953215468802571,96728.99468593372,922.035740163541,481339.88407925976,0.9896229096536604,4307891.125485991,44.53567556938997
Juncos,1985-1989,2,40,5,0.002258714373850085,2.5,0.011230157573421206,95806.95894577018,1075.927245591287,476344.97661487263,0.9862699690240556,3826551.241406731,39.94022233366871
Juncos,1985-1989,2,45,5,0.0032783093048318096,2.5,0.016258297206626044,94731.0317001789,1540.1652680718253,469804.7453307149,0.9819019997877755,3350206.2647918584,35.365457386711135
Juncos,1985-1989,2,50,5,0.004033896234974644,2.5,0.019968107985814363,93190.86643210707,1860.8452842079278,461302.21895001555,0.9721686616862985,2880401.5194611433,30.908624736949093
Juncos,1985-1989,2,55,5,0.007301859615792207,2.5,0.0358547816240272,91330.02114789914,3274.617963975703,448463.56082955643,0.9550521190246515,2419099.300511128,26.487449253883966
Juncos,1985-1989,2,60,5,0.011179801145566187,2.5,0.0543791359128962,88055.40318392344,4788.376737603452,428306.0740756086,0.9381331476330564,1970635.7396815715,22.379498229829885
Juncos,1985-1989,2,65,5,0.014461635680863774,2.5,0.06978515952197448,83267.02644631999,5810.802723476911,401808.1254229077,0.8972486132163858,1542329.665605963,18.522694173548533
Juncos,1985-1989,2,70,5,0.029689562781366412,2.5,0.13819075608533216,77456.22372284307,10703.734119774323,360521.7833147796,0.8395538028447532,1140521.5401830552,14.724724307037153
Juncos,1985-1989,2,75,5,0.041080054624098764,2.5,0.18627028900279055,66752.48960306875,12434.005530019385,302677.4341902953,0.7597135875895366,779999.7568682756,11.684953797324997
Juncos,1985-1989,2,80,5,0.07244112944551026,2.5,0.3066673281834382,54318.48407304937,16657.704381656695,229948.1594111051,0.5182539167223553,477322.3226779803,8.787475034024528
Juncos,1985-1989,2,85,NA,0.13596425596616596,6.5684822591023595,1,37660.77969139267,37660.77969139267,247374.1632668752,0,247374.1632668752,6.5684822591023595
Juncos,1990-1994,1,0,1,0.014227518624188869,0.12089969796136232,0.014051767325836588,100000,1405.1767325836554,98764.70870996804,0.9851936400217329,6976780.973231288,69.76780973231287
Juncos,1990-1994,1,1,4,5.814908826072824e-4,1.6106620250472543,0.0023227363710395955,98594.82326741634,229.0097819994553,393832.1113008984,0.9977845943445945,6878016.264521319,69.76041983326287
Juncos,1990-1994,1,5,5,2.6331276871113785e-4,2.5,0.0013156977435166085,98365.81348541689,129.41967884193582,491505.5182299796,0.9985866462964658,6484184.153220422,65.91908228544999
Juncos,1990-1994,1,10,5,3.0245619027923474e-4,2.5,0.0015111383185491402,98236.39380657495,148.44877895718673,490810.84708548174,0.9962785896234532,5992678.634990442,61.002632555811026
Juncos,1990-1994,1,15,5,0.00119053844245296,2.5,0.005935027516227089,98087.94502761777,582.1546527491009,488984.33850621607,0.99153147824667065,5501867.78790496,56.09117192082928
Juncos,1990-1994,1,20,5,0.002215633398511476,2.5,0.011017142122450755,97505.79037486867,1074.2351503218088,484843.3639985388,0.9852477235955728,5012883.449398744,51.41113599639898
Juncos,1990-1994,1,25,5,0.00374045742507311,2.5,0.0185290196029823,96431.55522454686,1786.7821771016897,477690.82067998004,0.9807395331016618,4528040.085400205,46.955999774725015
Juncos,1990-1994,1,30,5,0.004041571895982039,2.5,0.02000572305971781,94644.77304744517,1893.4371186370408,468490.27244063327,0.9780377146776812,4050349.264720225,42.795276847352106
Juncos,1990-1994,1,35,5,0.004849856157651964,2.5,0.023958789086309513,92751.33592880813,2222.2096949917614,458201.1554065612,0.9709130686621735,3581858.9922795915,38.61786955854598
Juncos,1990-1994,1,40,5,0.006988181121949143,2.5,0.03434095360059224,90529.12623381637,3108.8565234976268,444873.4898603378,0.9691056785655644,3123657.8368730303,34.504451405013285
Juncos,1990-1994,1,45,5,0.005540724371539026,2.5,0.027325119469199605,87420.26971031874,2388.769313864119,431129.4252669334,0.9630073809052313,2678784.3470126926,30.64259989004014
Juncos,1990-1994,1,50,5,0.009611892338423663,2.5,0.04693170544219582,85031.50039645462,3990.673329914367,415180.81865748717,0.9417766953154383,2247654.9217457594,26.433203121974728
Juncos,1990-1994,1,55,5,0.014523006996706287,2.5,0.07007093334542795,81040.82706654025,5678.606391637892,391007.61935360654,0.9251377083392522,1832474.103088272,22.611739902206097
Juncos,1990-1994,1,60,5,0.01666985307006588,2.5,0.08001468283457853,75362.22067490236,6030.08418501183,361735.8929119822,0.8989993169264234,1441466.4837346654,19.12717633352214
Juncos,1990-1994,1,65,5,0.026396482970083245,2.5,0.12381191695680695,69332.13648989053,8584.144725524326,325200.32063564187,0.8397502475112487,1079730.5908226834,15.573306196616649
Juncos,1990-1994,1,70,5,0.04489837083961342,2.5,0.20183652619307685,60747.991764366205,12261.163630925315,273087.0497445177,0.7769258991117791,754530.2701870415,12.420661955604544
Juncos,1990-1994,1,75,5,0.05705984260063504,2.5,0.2496821522362103,48486.82813344089,12106.29560346475,212168.40165854257,0.6881548927218119,481443.2204425238,9.92936100331292
Juncos,1990-1994,1,80,5,0.09834733579086717,2.5,0.39469393624746457,36380.53252997614,14359.175587035217,146004.72368229265,0.4577854537545109,269274.8187839812,7.401618394731008
Juncos,1990-1994,1,85,NA,0.20195131335360003,5.597752010518294,1,22021.35694294092,22021.35694294092,123270.09510168854,0,123270.09510168854,5.597752010518294
Juncos,1990-1994,2,0,1,0.010490385900959198,0.12746942456933558,0.010395236405562983,100000,1039.52364055629,99092.98383973163,0.9892555398453858,7833758.404811029,78.33758404811029
Juncos,1990-1994,2,1,4,3.1146938931384346e-4,1.507086950368149,0.0012449109261172737,98960.47635944371,123.19697827364143,395534.78608296125,0.9987332469014792,7734665.420971298,78.15913691520126
Juncos,1990-1994,2,5,5,1.4995772789441902e-4,2.5,7.495076533102703e-4,98837.27938117007,74.079297328557,494001.19866252894,0.9992096915442353,7339130.634888337,74.25468083337942
Juncos,1990-1994,2,10,5,1.6629708040027946e-4,2.5,8.311398616703971e-4,98763.20008384151,82.08603245580161,493610.7853380681,0.998345704851948,6845129.436225808,69.30850185509257
Juncos,1990-1994,2,15,5,4.962419094035525e-4,2.5,0.002478135160707988,98681.11405138571,244.54513842856977,492794.20741085714,0.9962233640233045,6351518.65088774,64.36407525334936
Juncos,1990-1994,2,20,5,0.001018258071340475,2.5,0.005078362647315317,98436.56891295714,499.8965946974349,490933.10307804216,0.9944051473584241,5858724.443476883,59.51776365404893
Juncos,1990-1994,2,25,5,0.0012265453256450828,2.5,0.006113978947477611,97936.6723182597,598.7827527398476,488186.4047094489,0.9927391079676017,5367791.340398841,54.808798515794045
Juncos,1990-1994,2,30,5,0.001690082997484749,2.5,0.008414860455966655,97337.88956551986,819.0847577721579,484641.7359331689,0.9919403698454374,4879604.935689392,50.13058077866834
Juncos,1990-1994,2,35,5,0.0015462311152627142,2.5,0.007701385272466287,96518.8048077477,743.3285018624301,480735.7027840824,0.9910312651138363,4394963.199756223,45.53478680667866
Juncos,1990-1994,2,40,5,0.0020597360659134604,2.5,0.010245920599101165,95775.47630588527,981.3079255711928,476424.1117154984,0.988035782784704,3914227.4969721404,40.86878654062738
Juncos,1990-1994,2,45,5,0.002758959612294645,2.5,0.013700301614397283,94794.16838031408,1298.708698096263,470724.0701563297,0.9817610119664594,3437803.385256642,36.26597969048243
Juncos,1990-1994,2,50,5,0.004620916440789123,2.5,0.022840719562580165,93495.45968221781,2135.5035749760573,462138.5394736489,0.9749746725897942,2967079.3151003122,31.735009648437828
Juncos,1990-1994,2,55,5,0.005527543099122822,2.5,0.027260999619805003,91359.95610724176,2490.5637287049176,450573.3712144465,0.9616708532684896,2504940.775626663,27.418366671348544
Juncos,1990-1994,2,60,5,0.01019487651118832,2.5,0.04970747854238617,88869.39237853684,4417.473414731023,433303.27835585666,0.9363126956996581,2054367.4044122167,23.11670361896583
Juncos,1990-1994,2,65,5,0.01631938270102219,2.5,0.07839838056611396,84451.91896380582,6620.893682463051,405707.3606128715,0.9013437623405924,1621064.12605636,19.195112981992885
Juncos,1990-1994,2,70,5,0.025676232897694048,2.5,0.12063738077603693,77831.02528134277,9389.33103305471,365681.79882407706,0.8529487590228174,1215356.7654434885,15.615325136091036
Juncos,1990-1994,2,75,5,0.03885844623439127,2.5,0.17708874726151333,68441.69424828805,12120.25389488486,311907.8365042281,0.7773091527446554,849674.9666194115,12.414581140218699
Juncos,1990-1994,2,80,5,0.06460478754229088,2.5,0.27810642195076474,56321.440353403195,15663.354255798375,242448.81612752005,0.54915649813779,537767.1301151834,9.548177865140289
Juncos,1990-1994,2,85,NA,0.13480788379946643,7.2634583260686405,1,40658.08609760482,40658.08609760482,295318.31398766336,0,295318.31398766336,7.2634583260686405
Juncos,1995-1999,1,0,1,0.015089308590445445,0.11918003917319564,0.014891387689749732,100000,1489.1387689749681,98688.3368478458,0.9844491913900159,7053808.270287977,70.53808270287976
Juncos,1995-1999,1,1,4,5.388221083443673e-4,1.608132248890784,0.0021525142918474532,98510.86123102503,212.04603670198412,393536.2588471621,0.9978486775112764,6955119.933440131,70.6025695697571
Juncos,1995-1999,1,5,5,2.67456904531971e-4,2.5,0.001336390955189556,98298.81519432305,131.36564753155108,491165.6618527864,0.9985606140341378,6561583.674592969,66.75140144488653
Juncos,1995-1999,1,10,5,3.087418805428553e-4,2.5,0.0015425188023247703,98167.4495467915,151.4251367021934,490458.68489220203,0.9965965036332667,6070418.012740183,61.83738133938907
Juncos,1995-1999,1,15,5,0.001056251614683382,2.5,0.0052673489588098,98016.0244100893,516.2846041231533,488789.4105401386,0.991074378524529,5579959.32784798,56.92905176914731
Juncos,1995-1999,1,20,5,0.0025366380465286966,2.5,0.012603265426167194,97499.73980596615,1228.81509975683,484426.6612804387,0.9880835489290497,5091169.917307842,52.217266706965155
Juncos,1995-1999,1,25,5,0.002256835855903375,2.5,0.011220870124438705,96270.92470620932,1080.243542887998,478654.0146738266,0.9854976243306875,4606743.256027403,47.85186462149226
Juncos,1995-1999,1,30,5,0.003596268853746538,2.5,0.017821120417987498,95190.68116332132,1696.4045916817995,471712.39433740213,0.9800835722310447,4128089.2413535765,43.36652696361
Juncos,1995-1999,1,35,5,0.004459111832562529,2.5,0.022049753372392837,93494.27657163952,2061.525740134937,462317.5685078603,0.9766093378328511,3656376.8470161743,39.108028652582746
Juncos,1995-1999,1,40,5,0.005014444204643831,2.5,0.02476180430794787,91432.75083150459,2264.0398834270745,451503.6544489552,0.9721664805357338,3194059.278508314,34.93342647422296
Juncos,1995-1999,1,45,5,0.006294151982786572,2.5,0.030983227063791145,89168.71094807751,2762.7344182898523,438936.7186946629,0.9608264334331762,2742555.624059359,30.756928017680274
Juncos,1995-1999,1,50,5,0.009757511156769254,2.5,0.04762578301114351,86405.97652978766,4115.152289073609,421742.0019262543,0.9437585378133555,2303618.905364696,26.660411673844628
Juncos,1995-1999,1,55,5,0.013498234143030146,2.5,0.0652879892994226,82290.82424071405,5372.602452468418,398022.61507239914,0.9308313104286339,1881876.9034384417,22.868611668460698
Juncos,1995-1999,1,60,5,0.015222136950884998,2.5,0.07332044992912103,76918.22178824563,5639.678629262082,370491.912368073,0.8970996834755783,1483854.2883660425,19.291323354446032
Juncos,1995-1999,1,65,5,0.02891316331580199,2.5,0.13482059208573968,71278.54315898355,9609.815391703109,332368.17731566,0.8443144506458724,1113362.3759979694,15.619881196430534
Juncos,1995-1999,1,70,5,0.0395125967586235,2.5,0.179801885315808,61668.72776728044,11088.153517584346,280623.25504244136,0.787979970211288,780994.1986823095,12.664347505749605
Juncos,1995-1999,1,75,5,0.05748295244702201,2.5,0.2513009594764243,50580.574249696096,12710.946839817145,221125.50414893762,0.6874635972713419,500370.9436398681,9.892551657672698
Juncos,1995-1999,1,80,5,0.09823299577240963,2.5,0.39432553285684824,37869.62740987895,14932.961007490827,152015.7345306677,0.45561963408320966,279245.4394909305,7.3738628708579395
Juncos,1995-1999,1,85,NA,0.18537875502326062,5.54700071615533,1,22936.666402388124,22936.666402388124,127229.70496026282,0,127229.70496026282,5.54700071615533
Juncos,1995-1999,2,0,1,0.0111294032329339,0.12615607141744795,0.011022208273564137,100000,1102.2208273564174,99036.83102205736,0.9886630430681977,7864441.035086356,78.64441035086357
Juncos,1995-1999,2,1,4,3.006843116204712e-4,1.5060668671389112,0.0012018360058050558,98897.77917264358,118.858911903837,395294.69051204156,0.9987849197212514,7765404.204064298,78.51950032678096
Juncos,1995-1999,2,5,5,1.326489898388314e-4,2.5,6.630250751780065e-4,98778.92026073975,65.49290103188832,493730.869051119,0.9992643358972274,7370109.513552257,74.61216921685212
Juncos,1995-1999,2,10,5,1.6173563437055937e-4,2.5,8.083513238174172e-4,98713.42735970786,79.79512968476047,493367.64897432737,0.9982347748612247,6876378.6445011385,69.66001311497254
Juncos,1995-1999,2,15,5,5.453170284668292e-4,2.5,0.0027228730697059847,98633.6322300231,268.5668609664135,492496.7439976994,0.9963699731638568,6383010.995526811,64.71434592047687
Juncos,1995-1999,2,20,5,9.099970195924238e-4,2.5,0.004539657411176764,98365.06536905668,446.54369800353015,490708.9676002746,0.9948543136624413,5890514.2515291115,59.884210206422814
Juncos,1995-1999,2,25,5,0.001154216752806536,2.5,0.005754478973944182,97918.52167105315,563.4700741157721,488183.9331699763,0.9935960530219883,5399805.283928837,55.145902856549526
Juncos,1995-1999,2,30,5,0.0014164327989405006,2.5,0.007057173963029843,97355.05159693738,687.0515352993389,485057.62914643856,0.9926625442200523,4911621.350758861,50.45060600546558
Juncos,1995-1999,2,35,5,0.0015297741633151993,2.5,0.007619729652690665,96668.00006163804,736.5840265359584,481498.5402418503,0.9906242788736678,4426563.721612422,45.79140686462872
Juncos,1995-1999,2,40,5,0.002241530249735463,2.5,0.011145195516453946,95931.41603510208,1069.1743878815032,476984.14420580666,0.9871879741579564,3945065.1813705717,41.123808491756655
Juncos,1995-1999,2,45,5,0.0029207001731774702,2.5,0.014497642697047524,94862.24164722058,1375.2788848423952,470873.01102399686,0.9827445780343129,3468081.037164765,36.55913013380048
Juncos,1995-1999,2,50,5,0.004051376829838195,2.5,0.02005377069433617,93486.96276237819,1874.7661141466815,462747.8985265242,0.9736731815822581,2997208.026140768,32.06017114663319
Juncos,1995-1999,2,55,5,0.006654543495518043,2.5,0.032728238756744084,91612.1966482315,2998.3058449331147,450565.21862882475,0.961292339715331,2534460.127614244,27.66509504565154
Juncos,1995-1999,2,60,5,0.009184012244354249,2.5,0.04488939924109152,88613.89080329839,3977.824322575747,433124.89321005257,0.9498697137073182,2083894.9089854192,23.516571613034877
Juncos,1995-1999,2,65,5,0.011441676806707095,2.5,0.0556174906514506,84636.06648072264,4707.245636267136,411412.2183129454,0.914240017594922,1650770.0157753667,19.504332897504856
Juncos,1995-1999,2,70,5,0.025006908159049587,2.5,0.11767765501680409,79928.8208444555,9405.836205233776,376129.5137091931,0.860865871245143,1239357.7974624212,15.505768562184324
Juncos,1995-1999,2,75,5,0.03559990512641213,2.5,0.1634523089075557,70522.98463922173,11527.144670332877,323797.0615202765,0.7821633245562296,863228.2837532281,12.240382170001626
Juncos,1995-1999,2,80,5,0.06588747315700963,2.5,0.2828471549601196,58995.83996888885,16686.805489682723,253262.18612023746,0.5305014324683138,539431.2222329517,9.143546774101663
Juncos,1995-1999,2,85,NA,0.09952622562499569,6.763780824479921,1,42309.03447920613,42309.03447920613,286169.03611271427,0,286169.03611271427,6.763780824479921
Juncos,2000-2004,1,0,1,0.011933741889191229,0.12547681474721337,0.011810483736581761,100000,1181.048373658181,98967.14581433083,0.987651530000354,7328138.244426364,73.28138244426364
Juncos,2000-2004,1,1,4,4.4344634128132927e-4,1.617415012501679,0.0017719132526668679,98818.95162634182,175.0986100013688,394858.6191858462,0.9982513012553336,7229171.098612033,73.15571537276841
Juncos,2000-2004,1,5,5,2.0857791558414343e-4,2.5,0.0010423460520036065,98643.85301634045,102.82103074599581,492962.21250483725,0.9988483920027005,6834312.4794261865,69.28270004106669
Juncos,2000-2004,1,10,5,2.5235589840644815e-4,2.5,0.001260983950188176,98541.03198559445,124.25865976880596,492394.51327855024,0.9967074437213114,6341350.26692135,64.3523833589279
Juncos,2000-2004,1,15,5,0.0010681836679115888,2.5,0.005326693621731189,98416.77332582565,524.2359987460513,490773.2766322631,0.9920515657363852,5848955.753642799,59.43047669606913
Juncos,2000-2004,1,20,5,0.002128105141356482,2.5,0.010584214901410127,97892.5373270796,1036.1156523141253,486872.3975046127,0.988459787565363,5358182.477010536,54.735351879865156
Juncos,2000-2004,1,25,5,0.002517026857133331,2.5,0.012506436693057992,96856.42167476547,1211.3287059915747,481253.78660884843,0.9876007168333365,4871310.079505923,50.29413636468331
Juncos,2000-2004,1,30,5,0.0024733542289887586,2.5,0.012290772559226537,95645.0929687739,1175.5520840852842,475286.58463365625,0.9861847797861669,4390056.292897075,45.89944090838341
Juncos,2000-2004,1,35,5,0.003095498854896568,2.5,0.015358637661249914,94469.54088468861,1450.9234484725603,468720.39580226166,0.9822744781847303,3914769.7082634186,41.43949120110432
Juncos,2000-2004,1,40,5,0.004066795951569145,2.5,0.020129325113150773,93018.61743621605,1872.4019919493876,460412.0822012068,0.9767350800996167,3446049.3124611573,37.04687736112777
Juncos,2000-2004,1,45,5,0.005363964206189636,2.5,0.026464928705212876,91146.21544426667,2412.178093482493,449700.6319876271,0.96819113640025245,2985637.2302599503,32.756568286541565
Juncos,2000-2004,1,50,5,0.007601372246674787,2.5,0.037298069948962495,88734.03735078417,3309.608331963391,435396.16592401237,0.9575457830703821,2535936.598272323,28.579073757764863
Juncos,2000-2004,1,55,5,0.009796204725683547,2.5,0.047810129096930505,85424.42901882078,4084.1529794214002,416911.7626455504,0.9360002098192927,2100540.432348311,24.589458267090297
Juncos,2000-2004,1,60,5,0.01688430320934488,2.5,0.08100234563576825,81340.27603939938,6588.753153852231,390229.4973123663,0.9037462835463571,1683628.6697027604,20.698585641475436
Juncos,2000-2004,1,65,5,0.023919526714162642,2.5,0.11284937450069822,74751.52288554715,8435.662600608615,352668.4579262142,0.8793716941107167,1293399.1723903941,17.302646454049256
Juncos,2000-2004,1,70,5,0.027669523370497853,2.5,0.1293967508015634,66315.86028493854,8581.056847481494,310126.659305989,0.8247388729468325,940730.7144641799,14.18560673754595
Juncos,2000-2004,1,75,5,0.05145256134120002,2.5,0.22794227233241043,57734.80343745704,13160.20228819902,255773.51146678766,0.7232944512247342,630604.055158191,10.922424908596282
Juncos,2000-2004,1,80,5,0.08188872190103812,2.5,0.33986569172231007,44574.60114925802,15149.377652838655,184999.56161419346,0.5064448062522275,374830.54369140335,8.409061080239026
Juncos,2000-2004,1,85,NA,0.17005803597207927,6.451301282395004,1,29425.223496419367,29425.223496419367,189830.98207720986,0,189830.98207720986,6.451301282395004
Juncos,2000-2004,2,0,1,0.007564269648138058,0.13348338352027128,0.007515012010869567,100000,751.5012010869541,99348.81172195368,0.9921685952198536,8035272.6540282,80.35272654028199
Juncos,2000-2004,2,1,4,2.6186964040226526e-4,1.5117730754583152,0.0010467964783507568,99248.49879891305,103.89297902429826,396735.4858879731,0.9989972967993694,7935923.842306246,79.9601398343081
Juncos,2000-2004,2,5,5,1.0989540693999947e-4,2.5,5.493261136579893e-4,99144.60581988875,54.462721005198546,495586.87229693076,0.9993742673336492,7539188.3564182725,76.04234536081927
Juncos,2000-2004,2,10,5,1.4048556600808516e-4,2.5,7.021812142271234e-4,99090.14309888355,69.57923699911044,495276.76740191993,0.9984471809554487,7043601.484121342,71.0827662958608
Juncos,2000-2004,2,15,5,4.81389562693294e-4,2.5,0.002404054596489233,99020.56386188444,238.05084169910697,494507.6922051744,0.9967932182662527,6548324.716719422,66.13095766504759
Juncos,2000-2004,2,20,5,8.039010660600285e-4,2.5,0.004011443321393872,98782.51302018533,396.2604521253379,492921.9139706133,0.995794210138775,6053817.024514248,61.28429860128385
Juncos,2000-2004,2,25,5,8.821249104345633e-4,2.5,0.004400919151142738,98386.25256806,432.9899431359372,490848.7879824601,0.995156477760376,5560895.110543634,56.52105823114678
Juncos,2000-2004,2,30,5,0.0010604201540143925,2.5,0.005288081798783197,97953.26262492406,517.9848652182991,488471.3509615746,0.9935664912025088,5070046.322561174,51.759851450533596
Juncos,2000-2004,2,35,5,0.0015227801846969193,2.5,0.007585025108644912,97435.27775970576,739.0490282751416,485328.7662278409,0.9914143529256018,4581574.971599599,47.021726390503545
Juncos,2000-2004,2,40,5,0.0019280320477727093,2.5,0.009593916791270462,96696.22873143062,927.6955724790023,481161.90472595557,0.9890438185756621,4096246.2053717584,42.362005831157035
Juncos,2000-2004,2,45,5,0.002481629707263315,2.5,0.012331642112800412,95768.53315895161,1180.9832765840401,475890.207603298,0.9852727260995903,3615084.300645803,37.748143167711206
Juncos,2000-2004,2,50,5,0.0034602397514817357,2.5,0.017152816612676033,94587.54988236757,1622.4428969745932,468881.6421694014,0.9778426381179169,3139194.093042505,33.18823774319684
Juncos,2000-2004,2,55,5,0.005525127245167249,2.5,0.027249247328770026,92965.10698539298,2533.2291931905347,458492.4619439886,0.9635944983268853,2670312.4508731035,28.723814100409445
Juncos,2000-2004,2,60,5,0.009378502513007207,2.5,0.04581824622170639,90431.87779220245,4143.4300429744035,441800.8138535762,0.9474631812440706,2211819.9889291152,24.45841049559441
Juncos,2000-2004,2,65,5,0.012281453485174596,2.5,0.05957800614776492,86288.44774922804,5140.893670484598,418590.00456992874,0.9218742695063392,1770019.175075539,20.512817430898494
Juncos,2000-2004,2,70,5,0.02057638372144549,2.5,0.0978484980035092,81147.55407874344,7940.1662832635775,385887.35468555824,0.8729504808448034,1351429.17050561,16.65397294900865
Juncos,2000-2004,2,75,5,0.0346450624683372,2.5,0.1594177201580934,73207.38779547987,11670.554861084827,336860.5518246873,0.7998293710384821,965541.8158200519,13.189130836323443
Juncos,2000-2004,2,80,5,0.05679109915317744,2.5,0.2486523894990934,61536.83293439504,15301.280551343843,269430.9632936156,0.5714347178388282,628681.2639953647,10.216340913507969
Juncos,2000-2004,2,85,NA,0.11891538926672991,7.7700012692709,1,46235.552383051196,46235.552383051196,359250.300701749,0,359250.300701749,7.7700012692709
Juncos,2005-2009,1,0,1,0.012034517358897044,0.1252757223361889,0.01190915110072152,100000,1190.9151100721501,98958.27764058323,0.9875542062858015,7310791.924640948,73.10791924640948
Juncos,2005-2009,1,1,4,4.4378300225818306e-4,1.617117727733526,0.001773256820712937,98809.08488992785,175.2138837294624,394818.8255023175,0.9982746518865734,7211833.647000365,72.98755630653054
Juncos,2005-2009,1,5,5,1.9815525635077225e-4,2.5,9.90285705959049e-4,98633.87100619839,97.67571258085081,492925.16574953985,0.9989084490587123,6817014.821498048,69.11433924224316
Juncos,2005-2009,1,10,5,2.3872570142831337e-4,2.5,0.0011929165575367082,98536.19529361754,117.54545888243592,492387.1128208816,0.9972052348669177,6324089.655748507,64.1803718613655
Juncos,2005-2009,1,15,5,8.816443406677145e-4,2.5,0.004398526862549468,98418.6498347351,432.8970750739245,491011.0064859907,0.9914932082189304,5831702.542927626,59.25403927731419
Juncos,2005-2009,1,20,5,0.0025427026134539044,2.5,0.01263320684710344,97985.75275966118,1237.8742826819507,486834.07809160097,0.9873414634871975,5340691.536441635,54.50477631723919
Juncos,2005-2009,1,25,5,0.0025530296102061903,2.5,0.012684190267693672,96747.87847697923,1227.1684985977045,480671.4711384019,0.9863754331904423,4853857.458350034,50.17016946273391
Juncos,2005-2009,1,30,5,0.0029368098759791554,2.5,0.014577024506066264,95520.70997838152,1392.4077301917132,474122.5305664283,0.9855544267234766,4373185.987211632,45.782595085415316
Juncos,2005-2009,1,35,5,0.002883066990096777,2.5,0.014312177533972384,94128.30224818981,1347.1809727475047,467273.5588090803,0.9835482392766434,3899063.4566452038,41.422859687455876
Juncos,2005-2009,1,40,5,0.003759487487838284,2.5,0.018622410639707997,92781.1212754423,1727.8081400038354,459586.08602720196,0.9777310490689001,3431789.8978361236,36.98801922912807
Juncos,2005-2009,1,45,5,0.005265346630348056,2.5,0.025984687188913294,91053.31313543847,2365.991859338552,449351.5860288459,0.965415300474734,2972203.8118089214,32.64245648467373
Juncos,2005-2009,1,50,5,0.008875489310708914,2.5,0.04341414216670901,88687.32127609992,3850.2839742651995,433810.8964448366,0.9527166283807278,2522852.2257800754,28.446594050641952
Juncos,2005-2009,1,55,5,0.010536038773733464,2.5,0.05132820399984612,84837.03730183472,4354.532757371126,413298.8546157458,0.9393444634558538,2089041.329335239,24.62416646992057
Juncos,2005-2009,1,60,5,0.014612505186251215,2.5,0.07048752752735725,80482.50454446359,5673.01275454853,388229.99083594664,0.9114428492118135,1675742.4747194932,20.821201877405638
Juncos,2005-2009,1,65,5,0.0228323203665699,2.5,0.10799704406122818,74809.49178991506,8079.203981033541,353849.44899699144,0.8729217612847386,1287512.4838835467,17.2105497989376
Juncos,2005-2009,1,70,5,0.032075011027708426,2.5,0.14846964165512222,66730.28780888152,9907.421918527805,308882.88424808806,0.8135916483620997,933663.0348865552,13.991593106275927
Juncos,2005-2009,1,75,5,0.05222316344198968,2.5,0.23096191289497606,56822.865890353714,13123.91780221078,251304.53494624162,0.7251405116664414,624780.1506384672,10.995224208579213
Juncos,2005-2009,1,80,5,0.07959923761366787,2.5,0.331940634475268,43698.94808814293,14505.456554279965,182231.09905501475,0.5120669425304913,373475.6156922255,8.546558487836064
Juncos,2005-2009,1,85,NA,0.15337820229694996,6.5509299021453735,1,29193.49153386297,29193.49153386297,191244.51663721073,0,191244.51663721073,6.5509299021453735
Juncos,2005-2009,2,0,1,0.007684544562369264,0.13323618609729931,0.007633698897460594,100000,763.3698897460563,99338.33860294522,0.9921249444730739,8040351.893229216,80.40351893229216
Juncos,2005-2009,2,1,4,2.2526655200280505e-4,1.5115799718938316,9.005613912992492e-4,99236.63011025394,89.36867767992953,396724.1336335917,0.9990736574833098,7941013.554626271,80.02099170239498
Juncos,2005-2009,2,5,5,1.0763348822679377e-4,2.5,5.38022667992716e-4,99147.26143257401,53.34347412013449,495602.94847756973,0.9994179018032189,7544289.42099268,76.09175797682765
Juncos,2005-2009,2,10,5,1.2527871499969196e-4,2.5,6.261974519681632e-4,99093.91795845388,62.05235893113422,495314.45889494155,0.9986929325529497,7048686.47251511,71.1313733247518
Juncos,2005-2009,2,15,5,3.9806856628518466e-4,2.5,0.0019883640683410796,99031.86559952275,196.91140317887766,494667.0494896666,0.9968455440122538,6553372.013620168,66.17437704467268
Juncos,2005-2009,2,20,5,8.664469977333332e-4,2.5,0.004322871141860534,98834.95419634387,427.2507713024679,493106.6440534632,0.9954597507189303,6058704.964130501,61.30123713210186
Juncos,2005-2009,2,25,5,9.539840400464864e-4,2.5,0.004758571197792135,98407.7034250414,468.2800631592836,490867.81696730875,0.9952351029082606,5565598.320077038,56.55653090529073
Juncos,2005-2009,2,30,5,9.565325759385215e-4,2.5,0.004771253231831861,97939.42336188212,467.2937902391277,488528.8823338127,0.993992651727824,5074730.50310973,51.814992664994676
Juncos,2005-2009,2,35,5,0.0014551483156517138,2.5,0.007249369309408262,97472.12957164299,706.6114646393253,485594.11919661664,0.9916900278375009,4586201.620775917,47.05141501402216
Juncos,2005-2009,2,40,5,0.0018845006976859462,2.5,0.009378319862619161,96765.51810700366,907.4979804795439,481558.8455838195,0.9887833488034226,4100607.5015793005,42.37674309814405
Juncos,2005-2009,2,45,5,0.002631678399615068,2.5,0.01307238620704408,95858.02012652412,1253.0930601365253,476157.3679822793,0.9849932892692372,3619048.6559954807,37.75426042827357
Juncos,2005-2009,2,50,5,0.0034223643241173747,2.5,0.01696665642149566,94604.9270663876,1605.1292933160585,469011.8120986479,0.9755284888905742,3142891.2880132017,33.22122203854906
Juncos,2005-2009,2,55,5,0.006525939726161112,2.5,0.03210589577903458,92999.79777307154,2985.841814773521,457534.3843284239,0.9634283477636713,2673879.4759145537,28.751454733687456
Juncos,2005-2009,2,60,5,0.008410299725120798,2.5,0.04118554174946774,90013.95595829801,3707.273541155242,440801.595938602,0.9518966511707772,2216345.0915861297,24.6222384961386
Juncos,2005-2009,2,65,5,0.011378377887186339,2.5,0.05531830790730897,86306.68241714277,4774.3396324098285,419597.5630046893,0.9179594239852195,1775543.4956475277,20.57249156057073
Juncos,2005-2009,2,70,5,0.023353812770564353,2.5,0.11032763644068513,81532.34278473294,8995.270672911327,385173.5372413864,0.8727918908483705,1355945.9326428385,16.630773584206896
Juncos,2005-2009,2,75,5,0.03154180415600367,2.5,0.1461819172661252,72537.07211182162,10603.608274177263,336176.3398736649,0.8082664876877543,970772.3954014521,13.383120756582645
Juncos,2005-2009,2,80,5,0.05586227000213991,2.5,0.24508398118527197,61933.463837644354,15178.899885923951,271720.0694734119,0.5718220006151393,634596.0555277872,10.24641633465473
Juncos,2005-2009,2,85,NA,0.11869260639311907,7.761295483989275,1,46754.5639517204,46754.5639517204,362875.9860543753,0,362875.9860543753,7.761295483989275
Juncos,2010-2014,1,0,1,0.011134653047662599,0.12707135657604168,0.011027468724936372,100000,1102.7468724936334,99037.38066855412,0.9885422338550107,7467137.921480603,74.67137921480602
Juncos,2010-2014,1,1,4,3.7765393821538785e-4,1.6197742367317667,0.0015092590774117326,98897.25312750637,149.2615770137636,395233.73625895125,0.9984708027382952,7368100.540812048,74.5025802821085
Juncos,2010-2014,1,5,5,1.8210488964694202e-4,2.5,9.101101094820755e-4,98747.9915504926,89.87154540115444,493515.2788889601,0.9989459972798285,6972866.804553097,70.61274558670569
Juncos,2010-2014,1,10,5,2.3974889440861154e-4,2.5,0.0011980264082759164,98658.12000509145,118.19503315695329,492995.1124425649,0.9969629549809755,6479351.525664137,65.67479215425712
Juncos,2010-2014,1,15,5,9.780394630808536e-4,2.5,0.004878269465282796,98539.9249719345,480.7043071018561,491497.8640919178,0.9923499536832776,5986356.4132215725,60.75056800506564
Juncos,2010-2014,1,20,5,0.00209802908326891,2.5,0.010435410927291252,98059.22066483264,1023.2882628474617,487737.8826670445,0.9876186694102344,5494858.549129655,56.036122986446465
Juncos,2010-2014,1,25,5,0.0028902887734411553,2.5,0.014347770864571336,97035.93240198518,1392.2493237337185,481699.03870059154,0.9870530185633782,5007120.66646261,51.600685875000394
Juncos,2010-2014,1,30,5,0.002318521658075103,2.5,0.011525801240866471,95643.68307825146,1102.3700811043382,475462.4901884964,0.988094351154159,4525421.627762019,47.31542619557548
Juncos,2010-2014,1,35,5,0.002473182725320647,2.5,0.012289925547703093,94541.31299714712,1161.9056979170418,469801.80074094306,0.9857658643828546,4049959.137573522,42.83798277368682
Juncos,2010-2014,1,40,5,0.003266974073558173,2.5,0.016202537195432517,93379.40729923008,1512.9833200532157,463114.57819601736,0.981166002565506,3580157.3368325788,38.33990213024298
Juncos,2010-2014,1,45,5,0.004348525009104763,2.5,0.021508796200044734,91866.42397917686,1975.9361909950094,454392.2794183968,0.9685006963572156,3117042.758636561,33.930163204601214
Juncos,2010-2014,1,50,5,0.008519556546571272,2.5,0.04170941836220289,89890.48778818185,3749.27996193977,440079.2390360598,0.9581293339306756,2662650.4792181645,29.621048285914746
Juncos,2010-2014,1,55,5,0.008588308060040935,2.5,0.042038932052744435,86141.20782624208,3621.2843827487377,421652.82817433856,0.94601597612988,2222571.240182105,25.801486840831366
Juncos,2010-2014,1,60,5,0.013747443823529625,2.5,0.06645331121075468,82519.92344349335,5483.722153678114,398890.31183327147,0.9225801142237136,1800918.4120077663,21.824043659480246
Juncos,2010-2014,1,65,5,0.018665599031987373,2.5,0.08916710174012296,77036.20128981523,6869.09479808154,368008.2694538723,0.8901815916775315,1402028.1001744948,18.199600664367825
Juncos,2010-2014,1,70,5,0.028378214662240633,2.5,0.1324913998468187,70167.10649173369,9296.538162290606,327594.18705294194,0.8312969715342277,1034019.8307206224,14.736532292983169
Juncos,2010-2014,1,75,5,0.04703854105458895,2.5,0.21044512602256799,60870.568329443086,12809.91442315498,272328.05558932794,0.7470467890446816,706425.6436676806,11.60537289292866
Juncos,2010-2014,1,80,5,0.07247570583467192,2.5,0.3067912484796944,48060.653906288106,14744.588014660629,203441.79949478898,0.5313454737323519,434097.58807835256,9.03228634643185
Juncos,2010-2014,1,85,NA,0.14551996735023182,6.923260067195652,1,33316.06589162748,33316.06589162748,230655.7885835636,0,230655.7885835636,6.923260067195652
Juncos,2010-2014,2,0,1,0.007604786106739302,0.1334001112584019,0.007554996362880337,100000,755.4996362880338,99345.28409924847,0.9922368153976502,8244678.012309857,82.44678012309856
Juncos,2010-2014,2,1,4,2.0751592618375935e-4,1.5117080209175937,8.296353140661808e-4,99244.50036371197,82.33674222859554,396773.12359957665,0.9991449025011039,8145332.7282106085,82.07339145604577
Juncos,2010-2014,2,5,5,9.412256453844261e-5,2.5,4.705021105290537e-4,99162.16362148337,46.656007268538815,495694.1780892455,0.9994780229077506,7748559.604611032,78.14028376980991
Juncos,2010-2014,2,10,5,1.1472815783151934e-4,2.5,5.734763044576706e-4,99115.50761421483,56.84039502104861,495435.4370835215,0.9986741751225169,7252865.4265217865,73.17588943550548
Juncos,2010-2014,2,15,5,4.161535398777743e-4,2.5,0.0020786051521586744,99058.66721919378,205.9038560477784,494778.57645584946,0.9969533099760906,6757429.989438265,68.2164436402687
Juncos,2010-2014,2,20,5,8.049749789238438e-4,2.5,0.004016791353281844,98852.763363146,397.0709251250955,493271.1395029173,0.9958438699002242,6262651.412982415,63.35332670444333
Juncos,2010-2014,2,25,5,8.610557205843518e-4,2.5,0.0042960307981853,98455.69243802091,422.9686869704019,491221.04047267855,0.9952264133986941,5769380.273479498,58.5987476256022
Juncos,2010-2014,2,30,5,0.0010534074516347746,2.5,0.005253202850604434,98032.72375105051,514.9857838615426,488876.1542955986,0.9943247505207214,5278159.233006819,53.840789392024405
Juncos,2010-2014,2,35,5,0.001223636784098455,2.5,0.0060995249128699925,97517.73796718896,594.8118721775973,486101.6601555008,0.9932115409418527,4789283.078711221,49.11191726291512
Juncos,2010-2014,2,40,5,0.0015019427157943442,2.5,0.00748162116295165,96922.92609501137,725.1406150476396,482801.77893743775,0.990737434826785,4303181.41855572,44.397972615244896
Juncos,2010-2014,2,45,5,0.002223680337542468,2.5,0.011056933971050018,96197.78547996373,1063.6525622131885,478329.7959942856,0.9863145185473339,3820379.639618282,39.713800276764154
Juncos,2010-2014,2,50,5,0.0032956143120669934,2.5,0.0163434175583019,95134.13291775054,1554.816858321792,471783.6224429482,0.9790023068279334,3342049.8436239967,35.12987127883333
Juncos,2010-2014,2,55,5,0.005212922299739326,2.5,0.025729299402171016,93579.31605942875,2407.7302407434327,461877.2546952851,0.9667377577793587,2870266.2211810485,30.67201537739653
Juncos,2010-2014,2,60,5,0.008370392615164684,2.5,0.040994120859553486,91171.58581868531,3737.4990080083517,446514.1815734057,0.9536481470059422,2408388.9664857634,26.416003899234273
Juncos,2010-2014,2,65,5,0.010664676080364782,2.5,0.051938609291429606,87434.08681067696,4541.204873612674,425817.42186935316,0.9341860850087131,1961874.7849123576,22.438328762562023
Juncos,2010-2014,2,70,5,0.016764208081737727,2.5,0.08044936564442143,82892.88193706429,6668.679768274742,397792.71026463463,0.8920170282435206,1536057.3630430044,18.530630461240843
Juncos,2010-2014,2,75,5,0.029628336437585192,2.5,0.13792542960857276,76224.20216878955,10513.255830701004,354837.8712671952,0.8327792728055307,1138264.6527783698,14.933113373332743
Juncos,2010-2014,2,80,5,0.044741692855392874,2.5,0.20120305145279271,65710.94633808854,13221.24291707413,295501.62439775735,0.6228088809681032,783426.7815111746,11.92231774414533
Juncos,2010-2014,2,85,NA,0.11446388920092485,9.295635625902108,1,52489.70342101441,52489.70342101441,487925.1571134173,0,487925.1571134173,9.295635625902108
Juncos,2015-2019,1,0,1,0.009969971173399251,0.12939542102204046,0.009884177476062404,100000,988.4177476062468,99139.47898299091,0.9897127446872477,7687518.6860376755,76.87518686037676
Juncos,2015-2019,1,1,4,3.5026507062020537e-4,1.623218973264624,0.0013998948652819794,99011.58225239375,138.60580559857772,395716.89336063294,0.9986080316759663,7588379.207054684,76.64132856407538
Juncos,2015-2019,1,5,5,1.5973067144528757e-4,2.5,7.983345609377964e-4,98872.97644679518,78.93371424025099,494167.5479483753,0.9990952863253241,7192662.3136940515,72.74649324999855
Juncos,2015-2019,1,10,5,2.0233785625055012e-4,2.5,0.0010111777823908078,98794.04273255492,99.8983410437213,493720.4678101653,0.9977052436672977,6698494.765745676,67.80261825987982
Juncos,2015-2019,1,15,5,7.172105001674728e-4,2.5,0.003579634122888131,98694.1443915112,353.2889269931038,492587.4996400732,0.9945963552181607,6204774.297935511,62.86871765483577
Juncos,2015-2019,1,20,5,0.0014520940128032419,2.5,0.007234208188023208,98340.8554645181,711.4182218186324,489925.7317680439,0.9909304657680258,5712186.798295437,58.08559190698137
Juncos,2015-2019,1,25,5,0.0021956330490860245,2.5,0.010918234156053397,97629.43724269947,1065.9410563395068,485482.3335726486,0.9895149525522765,5222261.066527394,53.49063985225321
Juncos,2015-2019,1,30,5,0.002019561124214383,2.5,0.010047078896195239,96563.49618635996,970.1810646768135,480392.0282701078,0.9881854949968311,4736778.732954745,49.05351318072758
Juncos,2015-2019,1,35,5,0.002738596033593684,2.5,0.013599868801078352,95593.31512168315,1300.0565439150378,474716.43424862815,0.9862479264648218,4256386.7046846375,44.52598698210827
Juncos,2015-2019,1,40,5,0.0028007494934652794,2.5,0.013906376773068623,94293.25857776811,1311.2775809428276,468188.09893648344,0.9815405516076747,3781670.270436009,40.105415036824574
Juncos,2015-2019,1,45,5,0.004669221109569331,2.5,0.023076729664621962,92981.98099682528,2145.7200391447404,459545.60488626454,0.9757887620378323,3313482.1714995257,35.63574507637839
Juncos,2015-2019,1,50,5,0.005139712887063655,2.5,0.025372545438399896,90836.26095768054,2304.7471586031024,448419.4368918949,0.9653442523685886,2853936.566613261,31.41847249682452
Juncos,2015-2019,1,55,5,0.00903572600561823,2.5,0.044180620083508905,88531.51379907744,3911.37717657497,432879.12605394976,0.9562002996439943,2405517.1297213663,27.171309136096955
Juncos,2015-2019,1,60,5,0.008872779207392887,2.5,0.04340117346326124,84620.13662250247,3672.6132280380843,413919.15004241717,0.9379223357200588,1972638.0036674165,23.31168540258355
Juncos,2015-2019,1,65,5,0.017014507381714214,2.5,0.0816015130434778,80947.52339446438,6605.440386110626,388224.0160070454,0.9018351552194217,1558718.8536249993,19.255917763280113
Juncos,2015-2019,1,70,5,0.02467350091836145,2.5,0.11619986114040416,74342.08300835376,8638.5397224591,350114.065735621,0.8531146077353303,1170494.8376179538,15.74471403345567
Juncos,2015-2019,1,75,5,0.03994850829946131,2.5,0.18160538129280082,65703.54328589466,11932.11703072294,298687.423852666,0.7783665544725357,820380.7718823329,12.486096348147079
Juncos,2015-2019,1,80,5,0.0625731792195638,2.5,0.270543914046789,53771.42625517172,14547.532122952434,232488.3009684775,0.5543583182600658,521693.3480296668,9.702055243131857
Juncos,2015-2019,1,85,NA,0.13443515313364743,7.37318548959754,1,39223.894132219284,39223.894132219284,289205.0470611893,0,289205.0470611893,7.37318548959754
Juncos,2015-2019,2,0,1,0.0077205620457476,0.13316216044423632,0.0076692358739083605,100000,766.9235873908328,99335.20161440177,0.9921650567794247,8348906.688215645,83.48906688215645
Juncos,2015-2019,2,1,4,1.873589078016849e-4,1.511522153233151,7.490863783037468e-4,99233.07641260917,74.33414581786201,396747.32677531056,0.999196932174839,8249571.486601244,83.13328362712136
Juncos,2015-2019,2,5,5,8.841990491289379e-5,2.5,4.4200182016719265e-4,99158.7422667913,43.82834456740238,495684.140472538,0.9995221823531929,7852824.159825933,79.19447121160066
Juncos,2015-2019,2,10,5,1.0275625256075445e-4,2.5,5.136493111079225e-4,99114.9139222239,50.910307256679516,495447.29384297784,0.9988704180099442,7357140.019353395,74.22838529756066
Juncos,2015-2019,2,15,5,3.4947129994794123e-4,2.5,0.0017458312049879639,99064.00361496722,172.9490288020461,494887.645502831,0.9976162907287317,6861692.7255104175,69.26524746748383
Juncos,2015-2019,2,20,5,6.05455638778954e-4,2.5,0.00302270291258782,98891.05458616518,298.9182787264872,493707.9772340097,0.9966928419913117,6366805.080007586,64.38201217138501
Juncos,2015-2019,2,25,5,7.197880174026958e-4,2.5,0.0035924755349063843,98592.13630743869,354.18983761861455,492075.20694314694,0.9957625915454693,5873097.102773576,59.56963022344467
Juncos,2015-2019,2,30,5,9.793251651441172e-4,2.5,0.004884666633327193,98237.94646982008,479.85961924771254,489990.0833009811,0.9947640129840437,5381021.895830429,54.77539066315425
Juncos,2015-2019,2,35,5,0.0011209388625684862,2.5,0.005589031905175815,97758.08685057236,546.3730663968017,487424.5015868698,0.9938595103980303,4891031.812529448,50.0319919313234
Juncos,2015-2019,2,40,5,0.0013435067675557125,2.5,0.006695046736280327,97211.71378417556,650.8369670989632,484431.4765031304,0.9919023264973178,4403607.310942578,45.299142865840636
Juncos,2015-2019,2,45,5,0.0019110375919884244,2.5,0.009509754215451378,96560.8768170766,918.2702053588873,480508.7085719858,0.9881854207732897,3919175.834439448,40.58761647187476
Juncos,2015-2019,2,50,5,0.0028484473050543377,2.5,0.014141532996389433,95642.60661171771,1352.5330772602902,474831.70036543783,0.9826186719430084,3438667.1258674623,35.953297883520584
Juncos,2015-2019,2,55,5,0.004176680165894847,2.5,0.020667595983917347,94290.07353445742,1948.749145104026,466578.49480952707,0.9735404401610115,2963835.4255020246,31.433164853974993
Juncos,2015-2019,2,60,5,0.00658128158357848,2.5,0.03237375590900441,92341.3243893534,2989.435496095117,454233.0332065292,0.9615489743088038,2497256.9306924976,27.043763420187872
Juncos,2015-2019,2,65,5,0.009150993790228006,2.5,0.04473162196408951,89351.88889325828,3996.854915750562,436767.307176915,0.940279000180558,2043023.8974859682,22.864921187358547
Juncos,2015-2019,2,70,5,0.015673439622408785,2.5,0.07541227381112584,85355.03397750772,6436.817193469746,410683.12690386426,0.9083259583706186,1606256.5903090532,18.818533781291976
Juncos,2015-2019,2,75,5,0.02311524495788637,2.5,0.1092621702164718,78918.21678403797,8622.775635437982,373034.1448315949,0.8497861298444389,1195573.4634051889,15.149524560050704
Juncos,2015-2019,2,80,5,0.043505420724042385,2.5,0.19618890183131402,70295.44114859999,13791.185402691597,316999.2422362709,0.6146090100762661,822539.3185735941,11.701175853421269
Juncos,2015-2019,2,85,NA,0.10648266261060603,8.94693806092527,1,56504.25574590839,56504.25574590839,505540.0763373231,0,505540.0763373231,8.94693806092527
Juncos,2020-2024,1,0,1,0.01088093573108219,0.12757763679541206,0.01077861678310226,100000,1077.8616783102188,99059.64936740094,0.98879972268715155,7648498.735031248,76.48498735031248
Juncos,2020-2024,1,1,4,3.702991089210291e-4,1.620524027632513,0.0014798924760336457,98922.13832168978,146.39412821544101,395340.2119761748,0.9984883867999328,7549439.085663848,76.31698236357825
Juncos,2020-2024,1,5,5,1.8328761317397006e-4,2.5,9.160183288370598e-4,98775.74419347434,90.48039212572621,493652.5199870574,0.9990364397478355,7154098.873687672,72.4276889240619
Juncos,2020-2024,1,10,5,2.0233144623114054e-4,2.5,0.0010111457646934004,98685.26380134861,99.78518653039646,493176.85604041704,0.9980009072172022,6660446.3537006155,67.49180269820178
Juncos,2020-2024,1,15,5,5.985021281729253e-4,2.5,0.0029880397704604117,98585.47861481822,294.5773308909411,492190.94974686374,0.9953399731541397,6167269.497660198,62.557585400140326
Juncos,2020-2024,1,20,5,0.0012714335245282541,2.5,0.006337024858015645,98290.90128392728,622.8718847530108,489897.3267077539,0.9919394776438829,5675078.547913334,57.73757767791813
Juncos,2020-2024,1,25,5,0.0019686437145912373,2.5,0.009795011354114617,97668.02939917427,956.6594568989094,485948.498353624,0.990409892475153,5185181.221205581,53.08985195158877
Juncos,2020-2024,1,30,5,0.001885481263399705,2.5,0.009383176806847334,96711.36994227536,907.459883400792,481288.20000287483,0.9876165641642406,4699232.722851956,48.59028184231919
Juncos,2020-2024,1,35,5,0.0031063604866735724,2.5,0.01541211348252227,95803.91005887456,1476.5407338967198,475328.19845963106,0.9830623678447967,4217944.522849082,44.026851516363166
Juncos,2020-2024,1,40,5,0.003731901958011746,2.5,0.018487030328358176,94327.36932497784,1743.8329375051253,467277.2642811264,0.979045900616189,3742616.3243894507,39.67688647708749
Juncos,2020-2024,1,45,5,0.004749254138734649,2.5,0.023467636271946098,92583.53638747272,2172.7167567116994,457485.89004558435,0.9721399415147427,3275339.0601083245,35.37712197988047
Juncos,2020-2024,1,50,5,0.006578033657792326,2.5,0.03235803763726651,90410.81963076102,2925.5167044282716,444740.3063927344,0.9627025385393455,2817853.17006274,31.167211862152
Juncos,2020-2024,1,55,5,0.008664099856976361,2.5,0.04240206007823349,87485.30292633275,3709.5570706448198,428152.6219550517,0.9422874558568144,2373112.8636700055,27.125846105468618
Juncos,2020-2024,1,60,5,0.015304159798227421,2.5,0.07370097041966947,83775.74585568793,6174.353767195804,403442.84486045013,0.9176778865201324,1944960.241714954,23.216268883661648
Juncos,2020-2024,1,65,5,0.019205742943804633,2.5,0.09162919767718546,77601.39208849212,7110.553295701218,370230.57720320753,0.8925620721783916,1541517.3968545038,19.864558551947713
Juncos,2020-2024,1,70,5,0.026630560412260095,2.5,0.12484131650825271,70490.8387927909,8800.169116663033,330453.7711722969,0.8486852954017486,1171286.8196512961,16.61615664830312
Juncos,2020-2024,1,75,5,0.039938622255726974,2.5,0.18156451939112314,61690.66967612787,11200.836790662695,280451.25640398264,0.788021621678779,840833.0484789993,13.62982527006628
Juncos,2020-2024,1,80,5,0.05691814518643339,2.5,0.24913935148366428,50489.83288546518,12579.004221603376,221001.65387331744,0.6056230644914804,560381.7920750167,11.098903681187213
Juncos,2020-2024,1,85,NA,0.1254567626405015,8.952063306524625,1,37910.8286638618,37910.8286638618,339380.1382016992,0,339380.1382016992,8.952063306524625
Juncos,2020-2024,2,0,1,0.006484734631150024,0.13570211945463628,0.006448591934529731,100000,644.8591934529686,99442.6495658484,0.993365403556933,8443132.504204387,84.43132504204387
Juncos,2020-2024,2,1,4,1.8275262881915433e-4,1.5135081409225202,7.306784855296618e-4,99355.14080654703,72.59666381412535,397240.0522126181,0.999241743045783,8343689.854638539,83.97844124527404
Juncos,2020-2024,2,5,5,8.594055184579757e-5,2.5,4.296104568296412e-4,99282.5441427329,42.65281914436491,496306.08866580366,0.9995234947581636,7946449.802425921,80.03874065718702
Juncos,2020-2024,2,10,5,1.0471144043895725e-4,2.5,5.234201819917583e-4,99239.89132358854,51.94416197744431,496069.5962129991,0.9989215063361924,7450143.713760117,75.0720664280824
Juncos,2020-2024,2,15,5,3.270387342868227e-4,2.5,0.0016338578344386647,99187.9471616111,162.05900455187657,495534.58829667576,0.9974440884487393,6954074.117547118,70.1100720051858
Juncos,2020-2024,2,20,5,6.971076316657056e-4,2.5,0.0034794742382144193,99025.88815705922,344.55802675879386,494268.0457183991,0.9964579326011674,6458539.529250442,65.22071803089437
Juncos,2020-2024,2,25,5,7.222776841050865e-4,2.5,0.0036048791111856675,98681.33013030043,355.7342656507244,492517.3149873753,0.9955968071017257,5964271.483532043,60.43971514831349
Juncos,2020-2024,2,30,5,0.0010435946236401266,2.5,0.005204394921801403,98325.5958646497,511.7252318010869,490348.66624374577,0.9943600659223669,5471754.168544668,55.649336476707674
Juncos,2020-2024,2,35,5,0.0012192555282159881,2.5,0.00607775180984674,97813.87063284862,594.4884292669158,487583.13209107576,0.9935186015227147,4981405.502300923,50.927393733338555
Juncos,2020-2024,2,40,5,0.0013822628590882565,2.5,0.006887513410494286,97219.3822035817,669.5997986871371,484422.91152119066,0.9920624578445101,4493822.370209847,46.223523214739046
Juncos,2020-2024,2,45,5,0.0018070979190190504,2.5,0.008994853144098796,96549.78240489456,868.4511138267117,480577.78423990606,0.9883881217187682,4009399.458688656,41.52675810158429
Juncos,2020-2024,2,50,5,0.00287099099141238,2.5,0.014252656833629297,95681.33129106785,1363.7131802763906,474997.3735046482,0.9833138846257473,3528821.67444875,36.880984271779006
Juncos,2020-2024,2,55,5,0.0038679970025404017,2.5,0.019154758640190405,94317.61811079146,1806.6312104298704,467071.51252788265,0.9720101514249797,3053824.3009441015,32.37808971550666
Juncos,2020-2024,2,60,5,0.007538956683451115,2.5,0.03699747746720012,92510.98690036159,3422.673153314565,453998.2516185215,0.9549753572896903,2586752.788416219,27.96157380963048
Juncos,2020-2024,2,65,5,0.010964576541943695,2.5,0.053360202644252154,89088.31374704702,4753.7704747771495,433557.1425482923,0.9354972952190533,2132754.5367976977,23.939778935016506
Juncos,2020-2024,2,70,5,0.01585948505277166,2.5,0.0762732876022252,84334.54327226988,6432.472873808147,405591.534176829,0.9037070976624725,1699197.3942494052,20.148296632894912
Juncos,2020-2024,2,75,5,0.02507192423390903,2.5,0.11796556208267675,77902.07039846173,9189.76152195879,366535.94818741165,0.8567798557627776,1293605.8600725762,16.605538895897176
Juncos,2020-2024,2,80,5,0.037601413296882956,2.5,0.17185233938617536,68712.30887650294,11808.37102505249,314040.61681988346,0.6612546553460108,927069.9118851646,13.492050071427421
Juncos,2020-2024,2,85,NA,0.10648895678852255,10.773055753463208,1,56903.93785145045,56903.93785145045,613029.2950652811,0,613029.2950652811,10.773055753463208
Lajas,1980-1984,1,0,1,0.014611421941824639,0.12013363808618603,0.014425960371926427,100000,1442.5960371926485,98730.70827304402,0.9850324811357624,7200958.640157064,72.00958640157064
Lajas,1980-1984,1,1,4,4.7176147305918244e-4,1.6095345813993858,0.0018849202121325338,98557.40396280735,185.7728427848051,393785.5322948372,0.9980925471854589,7102227.931884021,72.06184057530768
Lajas,1980-1984,1,5,5,2.2895020900990585e-4,2.5,0.0011440961923935892,98371.63112002255,112.54660860396689,491576.7890786028,0.998763972983284,6708442.399589184,68.19488833527889
Lajas,1980-1984,1,10,5,2.657891202098124e-4,2.5,0.0013280631392156741,98259.08451141858,130.49426823268004,490969.18688651116,0.9972842549085337,6216865.610510581,63.270135697103164
Lajas,1980-1984,1,15,5,8.227432773938942e-4,2.5,0.004105272423748197,98128.5902431859,402.8445955066418,489635.8397271629,0.9940771149313088,5725896.423624069,58.350949600253514
Lajas,1980-1984,1,20,5,0.0015556245354159306,2.5,0.007747990267678242,97725.74564767926,757.1781261798169,486735.7829229468,0.9911071855899345,5236260.583896907,53.5811781142573
Lajas,1980-1984,1,25,5,0.002019459910805611,2.5,0.01004657790074968,96968.56752149944,974.2022675288608,482407.3319386751,0.9893120449532334,4749524.80097396,48.98004500191175
Lajas,1980-1984,1,30,5,0.0022800916246881247,2.5,0.011335841231812003,95994.36525397058,1088.1768836675765,477251.38406068395,0.9853261804144795,4267117.469035285,44.45174940993513
Lajas,1980-1984,1,35,5,0.0036428913398101675,2.5,0.01805007058451263,94906.188370303,1713.063398991013,470248.2833540375,0.9819316805229911,3789866.084974601,39.93276044537138
Lajas,1980-1984,1,40,5,0.003650392916423964,2.5,0.01808690381817505,93193.12497131199,1685.575087871286,461751.68713688175,0.9778155477693741,3319617.8016205635,35.6208443771196
Lajas,1980-1984,1,45,5,0.005341894990054298,2.5,0.026357477754355346,91507.5498834407,2411.90821040835,451507.9788911827,0.9700588305146487,2857866.1144836815,31.230932509109216
Lajas,1980-1984,1,50,5,0.006839350970668761,2.5,0.03362187533900498,89095.64167303235,2995.562557579353,437989.30197121337,0.9567094409775045,2406358.135592499,27.008707613594304
Lajas,1980-1984,1,55,5,0.010950945176860464,2.5,0.053295632023172584,86100.079115453,4588.758133703232,419028.500243007,0.9264377877938315,1968368.8336212856,22.861405632181448
Lajas,1980-1984,1,60,5,0.01994083137476479,2.5,0.09496971899343189,81511.32098174977,7741.107248420201,388203.8367876983,0.8965169166672102,1549340.3333782787,19.007670526222647
Lajas,1980-1984,1,65,5,0.023928608104909103,2.5,0.1128898010062464,73770.21373332957,8327.904748543842,348031.3067952882,0.849331699243914,1161136.4965905803,15.739909617016277
Lajas,1980-1984,1,70,5,0.042785065281178584,2.5,0.19325432872948908,65442.308984785726,12647.009493362588,295594.0211905221,0.7742468996172613,813105.1897952921,12.424763160241271
Lajas,1980-1984,1,75,5,0.06137083002257533,2.5,0.2660368884594303,52795.29949142314,14045.497201981954,228862.7544521608,0.6798144529870765,517511.16860477,9.802220530803925
Lajas,1980-1984,1,80,5,0.09811999213829915,2.5,0.3939612691194972,38749.802289441184,15265.92128807784,155584.20822701132,0.4609906010266402,288648.4141526092,7.44902933946742
Lajas,1980-1984,1,85,NA,0.1800932969420762,5.666193161082399,1,23483.881001363345,23483.881001363345,133064.20592559787,0,133064.20592559787,5.666193161082399
Lajas,1980-1984,2,0,1,0.011968214047855853,0.1244320887138633,0.01184409991229938,100000,1184.4099912299425,98962.96861787236,0.9879323613306032,7786811.338584833,77.86811338584833
Lajas,1980-1984,2,1,4,2.62923622562545e-4,1.504729649442689,0.0010510049621333419,98815.59000877006,103.85567543536308,395003.2120474293,0.9988314211530128,7687848.3699669605,77.79995412955233
Lajas,1980-1984,2,5,5,1.3760294704242293e-4,2.5,6.877781344665798e-4,98711.7343333347,67.89177248974738,493388.9422354491,0.9992737483846414,7292845.157919532,73.880225154313365
Lajas,1980-1984,2,10,5,1.530088220051572e-4,2.5,7.647515756814819e-4,98643.84256084495,75.43803402966296,493030.61771915056,0.998314110070765,6799456.215684082,68.92935270126038
Lajas,1980-1984,2,15,5,5.222275678863816e-4,2.5,0.0026077332639316097,98568.40452681528,257.04010725725675,492199.4223659333,0.9963436327021823,6306425.597964931,63.980193534017126
Lajas,1980-1984,2,20,5,9.437701214494114e-4,2.5,0.004707743039197418,98311.36441955803,462.824641520172,490399.76049398974,0.9950937305744042,5814226.175598999,59.14093665495216
Lajas,1980-1984,2,25,5,0.0010237604935977376,2.5,0.005105734843928689,97848.53977803786,499.5886989722785,487993.72714275855,0.9935449111045705,5323826.4151050085,54.40884889219311
Lajas,1980-1984,2,30,5,0.0015683992209689196,2.5,0.007811367747121381,97348.95107906558,760.4284566751012,484843.6842536401,0.9914784863202175,4835832.68796225,49.67524184245856
Lajas,1980-1984,2,35,5,0.001856022370968288,2.5,0.009237250495924755,96588.52262239048,892.2123784943251,480712.08216571657,0.9905304866526329,4350989.00370861,45.04664618091999
Lajas,1980-1984,2,40,5,0.0019502508948581734,2.5,0.009703941671967352,95696.31024389615,928.6314128292433,476159.9726874077,0.9874071175576832,3870276.9215428936,40.44332442576859
Lajas,1980-1984,2,45,5,0.0031262708432808193,2.5,0.015510132032532242,94767.6788310669,1469.8592110864702,470163.74612761836,0.9796089277530833,3394116.9488554858,35.81513223412222
Lajas,1980-1984,2,50,5,0.005134863426595661,2.5,0.02534890916652015,93297.81961998044,2364.997954981256,460576.60321244906,0.9726699423030756,2923953.2027278673,31.33999502493926
Lajas,1980-1984,2,55,5,0.005960048110922008,2.5,0.029362732311498402,90932.82166499918,2670.0361008785985,447989.0180727994,0.9612107156228353,2463376.5995154185,27.090071048170202
Lajas,1980-1984,2,60,5,0.009941280808289921,2.5,0.048500998917154606,88262.78556412058,4280.833267070455,430611.8446529268,0.9399989812677652,2015387.581442619,22.833944890380703
Lajas,1980-1984,2,65,5,0.01495653395883746,2.5,0.07208723196208838,83981.95229705013,6054.026475866514,404774.69529558433,0.9094560149229871,1584775.7367896922,18.87043219934002
Lajas,1980-1984,2,70,5,0.023377777180096048,2.5,0.11043459737449389,77927.92582118361,8605.939112291831,368124.7813251885,0.8506193905670664,1180001.0414941078,15.142210305992016
Lajas,1980-1984,2,75,5,0.04276232942306701,2.5,0.1931615522882791,69321.98670889178,13390.342560396995,313134.07714346645,0.7603093587846177,811876.2601689193,11.71167040521044
Lajas,1980-1984,2,80,5,0.06985831023833569,2.5,0.2973590493819298,55931.644148494786,16631.780534364785,238078.76940656197,0.5226416021954737,498742.1830254529,8.916994853598897
Lajas,1980-1984,2,85,NA,0.12471358032352614,6.63267985299499,1,39299.86361413,39299.86361413,260663.41361889092,0,260663.41361889092,6.63267985299499
Lajas,1985-1989,1,0,1,0.014713244200995838,0.11993045685912286,0.014525162546796824,100000,1452.5162546796782,98721.68468333936,0.9849854645849082,7245615.974190705,72.45615974190706
Lajas,1985-1989,1,1,4,4.449556465457187e-4,1.6092356852465013,0.0017779312512199862,98547.48374532032,175.21065107989125,393771.0476091147,0.9981824513730632,7146894.289507366,72.5223416964895
Lajas,1985-1989,1,5,5,2.1461672440919595e-4,2.5,0.0010725081765665875,98372.27309424043,105.50506724102888,491597.6028030996,0.9986545853941022,6753123.241898251,68.64864488216891
Lajas,1985-1989,1,10,5,3.239850121172917e-4,2.5,0.0016186140438599254,98266.7680269994,159.05597077320272,490936.200208064,0.9971260563125481,6261525.639095152,63.719666015419975
Lajas,1985-1989,1,15,5,8.27972007788676e-4,2.5,0.004131308519419335,98107.7120562262,405.3132266386383,489525.2772145344,0.9937530723531993,5770589.438887088,58.818917676725796
Lajas,1985-1989,1,20,5,0.0016813020230218077,2.5,0.008371323308075945,97702.39882958756,817.8983685770509,486467.24822649517,0.9911924467541554,5281064.161672553,54.05255372371952
Lajas,1985-1989,1,25,5,0.0018580844530717232,2.5,0.009247465834116906,96884.50046101051,895.9361078686925,482182.66203538084,0.9888857320257282,4794596.913446058,49.48776007133938
Lajas,1985-1989,1,30,5,0.002616705502804872,2.5,0.012998494434238731,95988.56435314182,1247.7068194948806,476823.5547169719,0.9861807405845621,4312414.251410677,44.92633346973823
Lajas,1985-1989,1,35,5,0.0029517898125295014,2.5,0.014650833609166004,94740.85753364694,1388.032539715161,470234.2063189468,0.9828375215667615,3835590.6966937054,40.48507472429735
Lajas,1985-1989,1,40,5,0.00398153456181426,2.5,0.019711468080504727,93352.82499393178,1840.121230092831,462163.82189442683,0.9761675442083876,3365356.4903747584,36.04986234314298
Lajas,1985-1989,1,45,5,0.005686982514187757,2.5,0.028036307593324716,91512.70376383894,2565.6783114197897,451149.3230406453,0.9678519447778369,2903192.6684803315,31.7244770296856
Lajas,1985-1989,1,50,5,0.007410471832366732,2.5,0.03637840627432791,88947.02545241916,3235.7510288010817,436645.7496900931,0.949510300296149,2452043.3454396864,27.567457517186668
Lajas,1985-1989,1,55,5,0.013465265247976633,2.5,0.0651337192250034,85711.27442361807,5582.694082725167,414599.6369112774,0.919210973780845,2015397.595749593,23.513798030685244
Lajas,1985-1989,1,60,5,0.020507093341315525,2.5,0.09753506500148576,80128.5803408929,7815.346292025773,381104.5359744001,0.8949482533335308,1600797.9588383157,19.977864976865973
Lajas,1985-1989,1,65,5,0.024038937720854373,2.5,0.11338080342366695,72313.23404886713,8198.932574624218,341068.8388077751,0.8544545127924935,1219693.4228639156,16.866807838239996
Lajas,1985-1989,1,70,5,0.040001260044194686,2.5,0.1818233885974639,64114.301474242915,11657.479551606215,291427.808492199,0.7986411583489347,878624.5840561405,13.704034261515217
Lajas,1985-1989,1,75,5,0.050764071188174595,2.5,0.22523565844263033,52456.8219226367,11815.146825552882,232746.2425493013,0.726252696196649,587196.7755639416,11.1939067988133
Lajas,1985-1989,1,80,5,0.08087384823596168,2.5,0.33636201483045675,40641.67509708382,13670.315721739913,169032.5861810693,0.5231137480781061,354450.5330146402,8.721356395078146
Lajas,1985-1989,1,85,NA,0.15792584970230406,6.8746237167071484,1,26971.359375343905,26971.359375343905,185417.94683357092,0,185417.94683357092,6.8746237167071484
Lajas,1985-1989,2,0,1,0.00886023538195904,0.13081982402652104,0.00879252292363161,100000,879.2522923631623,99235.7713377987,0.9908836376832099,7789308.645121181,77.89308645121181
Lajas,1985-1989,2,1,4,2.8068369708680386e-4,1.5096945652032514,0.0011219505582174903,99120.74770763684,111.20857822152902,396206.04750380624,0.9988857950964469,7690072.873783383,77.58287797087405
Lajas,1985-1989,2,5,5,1.2762478515550266e-4,2.5,6.379203896458262e-4,99009.53912941531,63.1602037800767,494889.79513762635,0.9992550757570001,7293866.826279577,73.66832418789232
Lajas,1985-1989,2,10,5,1.7047190069608748e-4,2.5,8.51996399866259e-4,98946.37892563523,84.30195862444816,494521.1397316151,0.9984206115111994,6798977.031141951,68.71375289288588
Lajas,1985-1989,2,15,5,4.620131931430327e-4,2.5,0.002307400841638398,98862.07696701078,228.11443959979806,493740.09873605444,0.9966300878716321,6304455.891410335,63.77021487737977
Lajas,1985-1989,2,20,5,8.889473326017396e-4,2.5,0.004434880724532498,98633.96252741099,437.4298591970728,492076.23798906227,0.9948543302217514,5810715.792674281,58.91191678585809
Lajas,1985-1989,2,25,5,0.0011753686375744082,2.5,0.005859625138831727,98196.53266821391,575.3948713687714,489544.17616264767,0.993865661987005,5318639.554685218,54.163211369751906
Lajas,1985-1989,2,30,5,0.0012862569022334337,2.5,0.006410670089540636,97621.13779684514,625.8169081811648,486541.1467137728,0.9928009096513672,4829095.378522571,49.46772274435256
Lajas,1985-1989,2,35,5,0.00160493329702849,2.5,0.00799259752041679,96995.32088866398,775.2445612267766,483038.49304025294,0.9909647285112947,4342554.231808798,44.770759991540174
Lajas,1985-1989,2,40,5,0.0020274942595302384,2.5,0.010086346274722107,96220.0763274372,970.509008418725,478674.1091161392,0.9882076338548144,3859515.738768545,40.11133524395264
Lajas,1985-1989,2,45,5,0.0027215456614648227,2.5,0.013515768852121978,95249.56731901848,1287.3711351484963,473029.4087572211,0.9825771533836766,3380841.629652406,35.494561548284885
Lajas,1985-1989,2,50,5,0.004322910389720788,2.5,0.02138345504860954,93962.19618386998,2009.2363983664109,464787.8899234339,0.9711367038282717,2907812.2208951847,30.9466183102514
Lajas,1985-1989,2,55,5,0.007437066327016021,2.5,0.036506577047886464,91952.95978550357,3356.887811190696,451372.57939954114,0.9570508120881561,2443024.330971751,26.568196789646947
Lajas,1985-1989,2,60,5,0.010179824012127914,2.5,0.04963590803933313,88596.07197431287,4397.546481163125,431986.49366865656,0.9462331815501767,1991651.7515722099,22.480136051061724
Lajas,1985-1989,2,65,5,0.01197052015153917,2.5,0.05811347931951993,84198.52549314975,4893.069269980231,408759.95429079817,0.911772217166802,1559665.2579035533,18.5236647407851
Lajas,1985-1989,2,70,5,0.025577213850851113,2.5,0.12020010949089473,79305.45622316952,9532.52452125035,372695.9698127217,0.8362051228509855,1150905.3036127551,14.512309220869371
Lajas,1985-1989,2,75,5,0.04776428165445745,2.5,0.21334565355669638,69772.93170191917,14885.751714512677,311650.27922331414,0.7428344844376102,778209.3338000334,11.153456144349287
Lajas,1985-1989,2,80,5,0.07417793024541042,2.5,0.31286960237487094,54887.17998740649,17172.530178137844,231504.57449168785,0.5038043475509913,466559.05457671924,8.500328395151076
Lajas,1985-1989,2,85,NA,0.12046996818164092,6.232444985536233,1,37714.649809268645,37714.649809268645,235054.48008503142,0,235054.48008503142,6.232444985536233
Lajas,1990-1994,1,0,1,0.01671126545514143,0.11594350534753803,0.016467972524020286,100000,1646.7972524020297,98544.13819363815,0.9830044595726503,7197048.62674565,71.9704862674565
Lajas,1990-1994,1,1,4,4.8283464877052e-4,1.603381998785127,0.001929106290748855,98353.20274759797,189.73378213567776,392958.09159268695,0.9979979440670879,7098504.488552012,72.17359770956085
Lajas,1990-1994,1,5,5,2.4392977640800908e-4,2.5,0.001218905563636045,98163.46896546229,119.65199846783071,490518.2148311419,0.9987172718239493,6705546.396959324,68.30999828784164
Lajas,1990-1994,1,10,5,2.6950719848941484e-4,2.5,0.0013466286771416194,98043.81696699446,132.02861554417177,489889.0132961119,0.9967599176666112,6215028.182128183,63.39031235616228
Lajas,1990-1994,1,15,5,0.0010298625743991772,2.5,0.005136089206863576,97911.78835145029,502.88367937659496,488301.7325588099,0.9933340571018694,5725139.168832071,58.47241956486304
Lajas,1990-1994,1,20,5,0.0016474967038055145,2.5,0.008203694619416283,97408.9046720737,799.1129071415344,485046.74109251465,0.99014331521514,5236837.436273261,53.76138304709444
Lajas,1990-1994,1,25,5,0.0023180252543943533,2.5,0.011523347744255882,96609.79176493216,1113.2682260074507,480265.78825964214,0.9875226033104968,4751790.695180747,49.18539423770471
Lajas,1990-1994,1,30,5,0.0027067060667233973,2.5,0.013442567635190712,95496.52353892471,1283.7184765975835,474273.3215031296,0.9850919810546709,4271524.9069211045,44.72963777765184
Lajas,1990-1994,1,35,5,0.003305784204965065,2.5,0.016393438102960723,94212.80506232713,1544.4717882955592,467202.84584089677,0.9787818911181119,3797251.5854179747,40.30504752412241
Lajas,1990-1994,1,40,5,0.0052937834208100325,2.5,0.026123190817923712,92668.33327403157,2420.7925528964843,457289.6849879166,0.9733804422087743,3330048.739577078,35.93513147290259
Lajas,1990-1994,1,45,5,0.005500459495088062,2.5,0.02712923927108245,90247.54072113508,2448.347125850414,445116.83579104935,0.9646424091743953,2872759.054589161,31.831992668542483
Lajas,1990-1994,1,50,5,0.008959358154853237,2.5,0.04381539620600029,87799.19359528467,3846.9564539447165,429378.57684156153,0.950685329555701,2427642.218798112,27.649937538019607
Lajas,1990-1994,1,55,5,0.011324998596431558,2.5,0.05506593878357,83952.23714133995,4622.908751168798,408203.9138287778,0.9293825041161936,1998263.6419565505,23.802387047677147
Lajas,1990-1994,1,60,5,0.018207788162725422,2.5,0.08707531843305003,79329.32839017115,6907.626530654146,379377.5756242204,0.9072976056492774,1590059.7281277727,20.043781542020213
Lajas,1990-1994,1,65,5,0.02080152031709337,2.5,0.09886618423535382,72421.70185951701,7160.057318680869,344208.3660008829,0.8611986403961859,1210682.1525035521,16.717118231383502
Lajas,1990-1994,1,70,5,0.040314768156693964,2.5,0.18311794685181773,65261.64454083614,11950.578356491053,296431.77681295306,0.8007481008357352,866473.7865026693,13.276922342349051
Lajas,1990-1994,1,75,5,0.049186493814852794,2.5,0.2190025501306664,53311.06618434509,11675.2594445563,237367.1823103347,0.7185682152501401,570042.0096897163,10.692752002343378
Lajas,1990-1994,1,80,5,0.08821183394957967,2.5,0.36136704526785307,41635.806739788786,15045.808458900836,170564.51255169185,0.48729360169718977,332674.8273793816,7.99011364085002
Lajas,1990-1994,1,85,NA,0.1732096056953727,6.096665111265144,1,26589.99828088795,26589.99828088795,162110.31482768973,0,162110.31482768973,6.096665111265144
Lajas,1990-1994,2,0,1,0.0095084971566697,0.12948747104881148,0.009430438906228992,100000,943.0438906228956,99179.06847786189,0.9902960311978023,7928643.464325072,79.28643464325073
Lajas,1990-1994,2,1,4,2.624214246244436e-4,1.5086566758995654,0.0010489998813996216,99056.9561093771,103.91073521054932,395968.94712103927,0.9989006387664662,7829464.395847211,79.04002609571448
Lajas,1990-1994,2,5,5,1.3065637418134906e-4,2.5,6.530685519840101e-4,98953.04537416656,64.62312205691705,494603.6690656905,0.9993107646506683,7433495.448726171,75.12144189820778
Lajas,1990-1994,2,10,5,1.4513779965340566e-4,2.5,7.254257815126768e-4,98888.42225210964,71.73621099478623,494262.77073306125,0.998512766490343,6938891.77966048,70.16889967129038
Lajas,1990-1994,2,15,5,4.504254920948025e-4,2.5,0.0022495942739543637,98816.68604111485,222.29745108923817,493527.6865778511,0.9965314779767193,6444629.008927419,65.21802407182517
Lajas,1990-1994,2,20,5,9.402445762374605e-4,2.5,0.004690198047997031,98594.38859002561,462.427208908397,491815.8749278571,0.9950086522485093,5951101.322349568,60.35943229077051
Lajas,1990-1994,2,25,5,0.0010615933057182964,2.5,0.005293916562631679,98131.96138111722,519.5024156790314,489361.0508663885,0.9944391991319926,5459285.447421711,55.63208327426949
Lajas,1990-1994,2,30,5,0.0011692288905139558,2.5,0.005829105556014908,97612.45896543819,568.9933268917084,486639.81150996167,0.9935814166778948,4969924.396555322,50.914857070807244
Lajas,1990-1994,2,35,5,0.001407236905661084,2.5,0.007011517363309587,97043.46563854648,680.4219443204056,483516.2733319314,0.9915030510054836,4483284.585045361,46.19872709146697
Lajas,1990-1994,2,40,5,0.002008609746713173,2.5,0.009992869296897416,96363.04369422607,962.9433006876206,479407.8602194113,0.9873440670433713,3999768.3117134296,41.507284933893075
Lajas,1990-1994,2,45,5,0.0030929070603349412,2.5,0.01534587687434547,95400.10039353845,1463.998194439453,473340.50648159365,0.9827817680397534,3520360.451494018,36.901014118140864
Lajas,1990-1994,2,50,5,0.003860862957736683,2.5,0.019119767780720633,93936.102199099,1796.0364602728223,465190.41984481295,0.9755354145254211,3047019.9450124246,32.43715540329978
Lajas,1990-1994,2,55,5,0.006073558318717976,2.5,0.02991358680858002,92140.06573882618,2756.239855026637,453809.7290565643,0.9596624465066982,2581829.5251676114,28.0207041797201
Lajas,1990-1994,2,60,5,0.010484377204951423,2.5,0.05108295363804631,89383.82588379954,4565.989833613334,435504.1548349643,0.9430142137615993,2128019.7961110473,23.807660670930648
Lajas,1990-1994,2,65,5,0.01305381945549439,2.5,0.06320638541826101,84817.8360501862,5361.028835730933,410686.6081616037,0.912886407155774,1692515.641276083,19.954713773582146
Lajas,1990-1994,2,70,5,0.023871116396716723,2.5,0.11263384304003794,79456.80721445527,8949.525552255524,374910.22219163756,0.8668685932193092,1281829.0331144794,16.132400458211226
Lajas,1990-1994,2,75,5,0.033893771841987115,2.5,0.15623073683726602,70507.28166219975,11015.404566478115,324997.8968948035,0.793451287195433,906918.8109228418,12.862768065118267
Lajas,1990-1994,2,80,5,0.06140983582252116,2.5,0.26618347098323286,59491.87709572163,15835.75434064708,257869.99962699047,0.5568641830691005,581920.9140280383,9.781518796116238
Lajas,1990-1994,2,85,NA,0.15103549438300753,7.4228056444472115,1,43656.12275507455,43656.12275507455,324050.91440104775,0,324050.91440104775,7.4228056444472115
Lajas,1995-1999,1,0,1,0.015598574435137931,0.11816382464340403,0.015386921373507832,100000,1538.6921373507794,98643.12561054733,0.9840928078984126,7209386.661571364,72.09386661571364
Lajas,1995-1999,1,1,4,4.693859102207935e-4,1.606639205901621,0.0018754367567860087,98461.30786264922,184.65795588683977,393403.278338659,0.9980600400121542,7110743.535960817,72.21865817464162
Lajas,1995-1999,1,5,5,2.37345350599052e-4,2.5,0.0011860230103772186,98276.64990676238,116.55836817220552,491091.8536133814,0.9986853786053309,6717340.257622158,68.3513353781908
Lajas,1995-1999,1,10,5,2.8888297901341663e-4,2.5,0.0014433724807119482,98160.09153859018,141.68157483096002,490446.25375587353,0.9969225668255605,6226248.404008777,63.42952931702412
Lajas,1995-1999,1,15,5,9.449984603741131e-4,2.5,0.00471385583560289,98018.40996375922,462.04465380418696,488936.9381842856,0.9936831580177377,5735802.150252903,58.51760044234167
Lajas,1995-1999,1,20,5,0.0015917934401607592,2.5,0.00792742016227453,97556.36530995503,773.3702973163599,485848.4008064843,0.9904401724750416,5246865.212068617,53.78290996592928
Lajas,1995-1999,1,25,5,0.002253682384716536,2.5,0.011205279073423662,96782.99501263867,1084.4804686783755,481203.7738914974,0.9881081413215607,4761016.8112621335,49.19269971589951
Lajas,1995-1999,1,30,5,0.002533185369074562,2.5,0.01258621878219524,95698.5145439603,1204.4824411813752,475481.36661684804,0.9866303655339713,4279813.037370636,44.72183353906346
Lajas,1995-1999,1,35,5,0.0028528094367068105,2.5,0.0141630360761082,94494.03210277892,1338.3223856486002,469124.35454977304,0.9835456316197964,3804331.6707537877,40.26002051236322
Lajas,1995-1999,1,40,5,0.0037913217195967596,2.5,0.01877861913154019,93155.70971713032,1749.3355927062948,461405.2096038858,0.9754286919885697,3335207.3162040147,35.80250020456563
Lajas,1995-1999,1,45,5,0.0061892801950161605,2.5,0.03047485739675166,91406.37412442402,2785.5962165959645,450067.8800806302,0.9627996394145812,2873802.1066001286,31.439843600931557
Lajas,1995-1999,1,50,5,0.009026659009174185,2.5,0.0441372649452256,88620.77790782806,3911.478754169817,433325.1926537157,0.9442886823191854,2423734.2265194985,27.3495029465929
Lajas,1995-1999,1,55,5,0.014040058206130527,2.5,0.06781980597220696,84709.29915365824,5744.968232642728,409184.0751866844,0.9292384633198492,1990409.033865783,23.496936626229015
Lajas,1995-1999,1,60,5,0.015350802866002187,2.5,0.07391728996346525,78964.33092101551,5836.82934545973,380229.5812414282,0.9167890707856178,1581224.9586790984,20.02454703580946
Lajas,1995-1999,1,65,5,0.019561281205482846,2.5,0.0932463603375383,73127.50157555578,6818.873362498169,348590.32447153353,0.8636286392346137,1200995.3774376702,16.42330657497979
Lajas,1995-1999,1,70,5,0.040511930141268714,2.5,0.18393113724877716,66308.62821305761,12196.221396634042,301052.587573703,0.7906460169453151,852405.0529661367,12.855115177880872
Lajas,1995-1999,1,75,5,0.05467638128074599,2.5,0.24050680234030158,54112.40681642357,13014.401930355576,238026.0292562289,0.7013304215564027,551352.4653924338,10.189021295299208
Lajas,1995-1999,1,80,5,0.09238362989146652,2.5,0.37525061469582227,41098.004886067996,15422.051596268928,166934.89543966766,0.46721732931880644,313326.43613620487,7.623884346814627
Lajas,1995-1999,1,85,NA,0.19017141410141286,5.701503622640483,1,25675.95328979907,25675.95328979907,146391.5406965372,0,146391.5406965372,5.701503622640483
Lajas,1995-1999,2,0,1,0.009341462871002194,0.1298307716051153,0.009266141616165345,100000,926.6141616165405,99193.68886996637,0.9904700926391676,7965476.993517506,79.65476993517505
Lajas,1995-1999,2,1,4,2.5561909186803863e-4,1.508923987590499,0.0010218257030056531,99073.38583838346,101.23573213345662,396041.35744961747,0.9989406496085607,7866283.304647539,79.39855126663035
Lajas,1995-1999,2,5,5,1.2155123167190871e-4,2.5,6.075715306898332e-4,98972.15010625,60.13266073571867,494710.4188794107,0.9993253173836705,7470241.947197922,75.47822229969097
Lajas,1995-1999,2,10,5,1.4842195257116508e-4,2.5,7.418345015428163e-4,98912.01744551428,73.37634715829336,494376.6463596757,0.9983779290338961,6975531.528318511,70.52258874571015
Lajas,1995-1999,2,15,5,5.012194473836038e-4,2.5,0.002502960905213684,98838.64109835599,247.38925459362508,493574.73235529586,0.9964873025736886,6481154.881958836,65.57308771080058
Lajas,1995-1999,2,20,5,9.070457002378254e-4,2.5,0.004524967620130241,98591.25184376237,446.1222222211218,491840.95366325905,0.9952870451145241,5987580.149603539,60.7313533161346
Lajas,1995-1999,2,25,5,9.827679951766595e-4,2.5,0.0049017966537079774,98145.12962154124,481.08746795661864,489522.9294378147,0.9943840617049327,5495739.19594028,55.99604603032748
Lajas,1995-1999,2,30,5,0.0012707437412901998,2.5,0.006333597757176544,97664.04215358463,618.5647583407263,486773.7988720713,0.9926804109263636,5006216.266502466,51.259564483618085
Lajas,1995-1999,2,35,5,0.0016693105554666623,2.5,0.008311865067102986,97045.4773952439,806.6289134818653,483210.81469251483,0.9908090906174682,4519442.467630395,46.570356382747704
Lajas,1995-1999,2,40,5,0.002025670955739067,2.5,0.010077321435337313,96238.84848176203,969.8298107174487,478769.66788201657,0.9890371631267325,4036231.65293788,41.93973345080885
Lajas,1995-1999,2,45,5,0.0023856169227339605,2.5,0.0118573667765667,95269.01867104459,1129.6396968261542,473520.99411315756,0.9836232077252657,3557461.985055863,37.34122629455712
Lajas,1995-1999,2,50,5,0.004234446640184495,2.5,0.020950449301781762,94139.37897421843,1972.2622865005833,465766.2391548407,0.9747926312942218,3083940.9909427054,32.75930885190237
Lajas,1995-1999,2,55,5,0.005999738461668291,2.5,0.02955538091921577,92167.11668771785,2724.034241931309,454025.497833761,0.9613014807983301,2618174.7517878646,28.40682063060308
Lajas,1995-1999,2,60,5,0.009861286400107371,2.5,0.04812011637752372,89443.08244578654,4304.011536455699,436455.38338779344,0.9470967241268982,2164149.2539541037,24.195825935067067
Lajas,1995-1999,2,65,5,0.011931224827696972,2.5,0.05792823708708937,85139.07090933084,4931.9562850102375,413365.4638341286,0.9200200465520684,1727693.8705663104,20.292608929291983
Lajas,1995-1999,2,70,5,0.021804695046218604,2.5,0.10338763556830198,80207.1146243206,8292.423936764273,380304.5132796923,0.8692715601866109,1314328.4067321818,16.386681067986554
Lajas,1995-1999,2,75,5,0.03507152686853377,2.5,0.1612218897474823,71914.69068755633,11594.222333253507,330587.89760464785,0.7955572112952154,934023.8934524894,12.987942860110321
Lajas,1995-1999,2,80,5,0.05870801992648722,2.5,0.2559711946431449,60320.46835430282,15440.3023460849,263001.58590630186,0.5641599312669797,603435.9958478416,10.003834723289195
Lajas,1995-1999,2,85,NA,0.134791572565647,7.585408883719446,1,44880.16600821792,44880.16600821792,340434.40994153975,0,340434.40994153975,7.585408883719446
Lajas,2000-2004,1,0,1,0.017307291957702496,0.11475416426300256,0.017046124732802637,100000,1704.612473280271,98490.99890648329,0.9825890729850711,7395454.843113237,73.95454843113237
Lajas,2000-2004,1,1,4,4.0125127655828006e-4,1.6016400261800656,0.0016034620225711786,98295.38752671973,157.61292089300696,392803.53758605226,0.9983071388125541,7296963.844206754,74.23505850895815
Lajas,2000-2004,1,5,5,1.843401531740444e-4,2.5,9.212761953827908e-4,98137.77460582672,90.41199561218673,490462.8430401031,0.9989511326598275,6904160.306620702,70.35171048407676
Lajas,2000-2004,1,10,5,2.354537426357546e-4,2.5,0.0011765761400396025,98047.36261021454,115.3601874409942,489948.41258247016,0.9975859600017642,6413697.463580599,65.41427829199378
Lajas,2000-2004,1,15,5,7.319291629337498e-4,2.5,0.00365296154195966,97932.00242277354,357.7418385774945,488765.65751742397,0.9947451498794797,5923749.050998129,60.48838892750542
Lajas,2000-2004,1,20,5,0.0013772481177116596,2.5,0.0068626117906302195,97574.26058419605,669.614271147133,486197.2672431124,0.9926922077311239,5434983.393480704,55.70099492366535
Lajas,2000-2004,1,25,5,0.0015572488408789448,2.5,0.0077560489587676215,96904.64631304891,751.5971811360505,482644.23861240444,0.9910740894066606,4948786.126237592,51.068615536252175
Lajas,2000-2004,1,30,5,0.0020312461176963735,2.5,0.01010491665666065,96153.04913191286,971.6185477617983,478336.1992901598,0.986673384302182,4466141.887625188,46.4482606422399
Lajas,2000-2004,1,35,5,0.0033439638830070214,2.5,0.01658120206294677,95181.43058415106,1578.222533156135,471961.596587865,0.9832074974347557,3987805.688335028,41.896887490142944
Lajas,2000-2004,1,40,5,0.0034306462795403543,2.5,0.017007365757549475,93603.20805099493,1591.9439954032714,464036.18026646646,0.9808063342376936,3515844.091747163,37.56114950495858
Lajas,2000-2004,1,45,5,0.004329927200850484,2.5,0.02141779230059118,92011.26405559166,1970.6781428575196,455129.62492081453,0.9741792865642181,3051807.9114806964,33.167764216746825
Lajas,2000-2004,1,50,5,0.006157345219910733,2.5,0.03031999934201306,90040.58591273414,2730.030505628558,443377.8532995993,0.9616092114269197,2596678.286559882,28.8389758933437
Lajas,2000-2004,1,55,5,0.009566225135958483,2.5,0.046713935617044136,87310.55540710558,4078.6196639759,426356.22787558817,0.9416286122671135,2153300.4332602825,24.662544216103345
Lajas,2000-2004,1,60,5,0.014636694103860258,2.5,0.07060009069141375,83231.93574312968,5876.182211886873,401469.2231859313,0.915782543586324,1726944.2053846945,20.748576732786656
Lajas,2000-2004,1,65,5,0.02080219654221263,2.5,0.09886923933927642,77355.75353124281,7648.104510150515,367658.50638083776,0.8723315712149337,1325474.9821987632,17.13479504357002
Lajas,2000-2004,1,70,5,0.034694577120099296,2.5,0.1596273749258838,69707.6490210923,11127.24902549183,320720.1225417319,0.8095593744593438,957816.4758179254,13.740478832216924
Lajas,2000-2004,1,75,5,0.0512398156390521,2.5,0.2271068015861391,58580.39999560046,13304.007278637495,259641.98178140857,0.7237858230617703,637096.3532761935,10.875588990925992
Lajas,2000-2004,1,80,5,0.0818555064889459,2.5,0.3397512548331695,45276.39271696297,15382.711239907541,187925.18548504598,0.5021247608265086,377454.37149478495,8.336670588011978
Lajas,2000-2004,1,85,NA,0.168469755039904,6.340108566260401,1,29893.681477055427,29893.681477055427,189529.186009739,0,189529.186009739,6.340108566260401
Lajas,2000-2004,2,0,1,0.0070500830374648675,0.13454017583558958,0.007007327383586064,100000,700.7327383586089,99393.54396747392,0.9927617122137763,8097221.533795456,80.97221533795457
Lajas,2000-2004,2,1,4,2.1241924117283194e-4,1.5125990783469054,8.492282564150579e-4,99299.26726164139,84.32774359990435,396987.31213941425,0.9991070214170338,7997827.989827982,80.54266874653452
Lajas,2000-2004,2,5,5,1.105775865309696e-4,2.5,5.527351323625291e-4,99214.93951804149,54.83958272685413,495937.59863339027,0.9994159727455716,7600840.677688568,76.60984035883439
Lajas,2000-2004,2,10,5,1.23105212039412e-4,2.5,6.153366823151799e-4,99160.09993531463,61.016846912229084,495647.9575592926,0.9986825063678871,7104903.079055178,71.65082612552769
Lajas,2000-2004,2,15,5,4.044250682577672e-4,2.5,0.002020082910866053,99099.0830884024,200.1883642293833,494994.9445314385,0.9970759274652623,6609255.121495886,66.69340336479227
Lajas,2000-2004,2,20,5,7.674480193124586e-4,2.5,0.003829891989009428,98898.89472417302,378.77208462599083,493547.54340930015,0.9957424665129134,6114260.176964447,61.82334184843008
Lajas,2000-2004,2,25,5,9.395656075596398e-4,2.5,0.004686819102703814,98520.12263954703,461.7459927877644,491446.24821576575,0.9947136335754653,5620712.633555147,57.05141734465252
Lajas,2000-2004,2,30,5,0.0011812253522964125,2.5,0.005888736948041983,98058.37664675926,577.4399856247765,488848.28326973435,0.9937263481629932,5129266.385339381,52.30829390350608
Lajas,2000-2004,2,35,5,0.0013366208765237823,2.5,0.0066608468153471125,97480.93666113449,649.3055865163624,485781.41933938157,0.9925961585666458,4640418.102069646,47.60333928879629
Lajas,2000-2004,2,40,5,0.001637036052168846,2.5,0.00815181821009261,96831.63107461813,789.3538535070402,482184.77073932305,0.9904515937912213,4154636.682730265,42.905780235476115
Lajas,2000-2004,2,45,5,0.0022033650559227683,2.5,0.010956472507963281,96042.27722111109,1052.2845699752943,477580.6746806172,0.9859138990678445,3672451.911990942,38.23786792910091
Lajas,2000-2004,2,50,5,0.0034800963047416735,2.5,0.017250398900039994,94989.99265113579,1638.6152647439594,470853.4250938191,0.9800249456494474,3194871.237310325,33.633766548903125
Lajas,2000-2004,2,55,5,0.004601847591227083,2.5,0.02274753621924323,93351.37738639183,2123.5138382131845,461448.1023364262,0.9666825211695539,2724017.812216506,29.18026373560071
Lajas,2000-2004,2,60,5,0.009025862938325553,2.5,0.044133458326993405,91227.86354817865,4026.201114164185,446073.8149554828,0.9497103245223927,2262569.7098800796,24.80130107053517
Lajas,2000-2004,2,65,5,0.011677252490957694,2.5,0.056730132259198256,87201.66243401446,4946.961843103592,423640.9075623133,0.9202678369189792,1816495.8949245967,20.83097780732265
Lajas,2000-2004,2,70,5,0.021967096893369415,2.5,0.10411758193990407,82254.70059091087,8564.160528716442,389863.1016327633,0.8765723771331573,1392854.9873622833,16.933439394419164
Lajas,2000-2004,2,75,5,0.03126262356451689,2.5,0.14498183638601364,73690.54006219443,10683.789822494058,341743.225754737,0.8114722786436954,1002991.8857295201,13.610863550233182
Lajas,2000-2004,2,80,5,0.05440538899467432,2.5,0.23945749901884178,63006.75023970037,15087.438833703462,277315.1541142432,0.5806189548651505,661248.6599747831,10.494885983789912
Lajas,2000-2004,2,85,NA,0.11565233378139833,8.012083116296454,1,47919.31140599691,47919.31140599691,383933.5058605399,0,383933.5058605399,8.012083116296454
Lajas,2005-2009,1,0,1,0.011742221492386691,0.125858984123017,0.011622919690374158,100000,1162.2919690374256,98983.99291743997,0.9879805666210616,7541941.991369211,75.41941991369211
Lajas,2005-2009,1,1,4,3.6617816309677945e-4,1.6179801429729026,0.0014634361794640493,98837.70803096257,144.64267782781099,395006.29039309087,0.9985000682979455,7442957.998451771,75.30484211673686
Lajas,2005-2009,1,5,5,1.7516102120289479e-4,2.5,8.75421756592304e-4,98693.06535313476,86.39805663492007,493249.3316240865,0.9990059669386383,7047951.70805868,71.4128361789182
Lajas,2005-2009,1,10,5,2.2267354821063775e-4,2.5,0.0011127482920270612,98606.66729649984,109.72440061665839,492759.0254809576,0.99785454774018,6554702.376434593,66.47321683355645
Lajas,2005-2009,1,15,5,6.368737379175735e-4,2.5,0.003179306647316711,98496.94289588318,313.1519852892525,491701.8345161928,0.9949708259828333,6061943.350953636,61.54448222176247
Lajas,2005-2009,1,20,5,0.0013817449045212937,2.5,0.006884941440722354,98183.79091059393,675.9896508475649,489228.9804258507,0.9929355944393777,5570241.516437443,56.73280146118721
Lajas,2005-2009,1,25,5,0.0014542910213053296,2.5,0.007245113846488441,97507.80125974637,706.4551210476347,485772.86849611276,0.9914664965764283,5081012.5360115925,52.10877971165124
Lajas,2005-2009,1,30,5,0.001975972314635195,2.5,0.009831295653107142,96801.34613869873,951.6826535083092,481627.5240597229,0.9893483395000305,4595239.66751548,47.470824020683935
Lajas,2005-2009,1,35,5,0.002309289654751094,2.5,0.011480170675317253,95849.66348519042,1100.3704959817114,476497.39118599787,0.9865860145336726,4113612.143455757,42.91733527151448
Lajas,2005-2009,1,40,5,0.0030978591696583877,2.5,0.015370258606878592,94749.29298920871,1456.3211360630376,470105.662105886,0.9823342609112757,3637114.7522697593,38.38672181632006
Lajas,2005-2009,1,45,5,0.004039802563895102,2.5,0.01999705245998008,93292.97185314567,1865.5844522948028,461800.8981349914,0.9738475030759841,3167009.090163873,33.94692040842182
Lajas,2005-2009,1,50,5,0.006593636257657682,2.5,0.03243354381217765,91427.38740085087,2965.3141748984344,449723.6515670083,0.9592454276177814,2705208.192028882,29.58859778162824
Lajas,2005-2009,1,55,5,0.010120655690107712,2.5,0.04935452798922182,88462.07322595244,4366.003869014865,431395.356457225,0.9401477860690962,2255484.5404618736,25.496627630474457
Lajas,2005-2009,1,60,5,0.014700061082990396,2.5,0.07089490676515042,84096.06935693757,5961.982996375707,405575.38929374865,0.9157603117708113,1824089.1840046486,21.690540330279646
Lajas,2005-2009,1,65,5,0.02074321628107329,2.5,0.09860273667355336,78134.08636056187,7704.23474263915,371409.84494621144,0.8929732754059612,1418513.7947109,18.154865063180594
Lajas,2005-2009,1,70,5,0.024712356085359894,2.5,0.11637220218002385,70429.85161792272,8196.07693199,331659.0657596386,0.8313123639684179,1047103.9497646884,14.867331475368683
Lajas,2005-2009,1,75,5,0.05143998836145961,2.5,0.2278929190485118,62233.774685932716,14182.636576584584,275712.2819882021,0.7385509318695711,715444.8840050498,11.496086933752526
Lajas,2005-2009,1,80,5,0.07195121771249285,2.5,0.30490955425958743,48051.13810934813,14651.251102587215,203627.56279027264,0.5369286656110366,439732.60201684764,9.15134623900406
Lajas,2005-2009,1,85,NA,0.16485734615783704,7.06903706526857,1,33399.88700676092,33399.88700676092,236105.03922657503,0,236105.03922657503,7.06903706526857
Lajas,2005-2009,2,0,1,0.006776267336815759,0.13510294103066267,0.006736784567067186,100000,673.6784567067225,99417.33748410335,0.9930531825495498,8170251.96917855,81.7025196917855
Lajas,2005-2009,2,1,4,1.984946838378451e-4,1.5130392515093818,7.935869823378586e-4,99326.32154329328,78.8240757802705,397109.25379067153,0.9991720763930592,8070834.631694446,81.25574879138777
Lajas,2005-2009,2,5,5,9.834979790372561e-5,2.5,4.916281107052989e-4,99247.497467513,48.79285967217584,496115.5051883846,0.9994677341156085,7673725.377903775,77.3190818278883
Lajas,2005-2009,2,10,5,1.146175628713546e-4,2.5,5.72923646576568e-4,99198.70460784083,56.83328357958817,495851.43983025517,0.9987272637481742,7177609.87271539,72.35588308426419
Lajas,2005-2009,2,15,5,3.949796427691221e-4,2.5,0.0019729500261043303,99141.87132426124,195.6019576172257,495220.3517272632,0.9973980116096253,6681758.4328851355,67.39592811428027
Lajas,2005-2009,2,20,5,6.475005021701755e-4,2.5,0.0032322702692945825,98946.26936664402,319.8210847314185,493931.79412139155,0.9959723459285026,6186538.081157872,62.52421764618272
Lajas,2005-2009,2,25,5,9.674577114191818e-4,2.5,0.00482561710589228,98626.4482819126,475.933475922604,491942.4077197565,0.9950796275857591,5692606.28703648,57.718861281152556
Lajas,2005-2009,2,30,5,0.0010056393745142141,2.5,0.005015587192652968,98150.51480599,492.28246501320973,489521.86786741694,0.9943572331955725,5200663.879316724,52.98661845632351
Lajas,2005-2009,2,35,5,0.001258569159531309,2.5,0.006273107947164764,97658.23234097679,612.6206334042363,486759.6101213733,0.9928713254924114,4711142.011449307,48.2411149425704
Lajas,2005-2009,2,40,5,0.0016043374429351672,2.5,0.007989642010094729,97045.61170757255,775.3596961941657,483289.65929737734,0.9908991451549887,4224382.401327934,43.529865256115464
Lajas,2005-2009,2,45,5,0.0020547040584547862,2.5,0.01022101737755593,96270.25201137838,983.9799187499884,478891.31026001694,0.9862404797161007,3741092.7420305563,38.86031940155707
Lajas,2005-2009,2,50,5,0.0034972241821768883,2.5,0.017334563771858366,95286.2720926284,1651.745960172324,472301.99556271115,0.9770191056059884,3262201.4317705394,34.23579661715942
Lajas,2005-2009,2,55,5,0.005829091307170915,2.5,0.02872682827342652,93634.52613245607,2689.822952670729,461448.0732806035,0.9657416806002961,2789899.436207828,29.79562722687587
Lajas,2005-2009,2,60,5,0.00815356384723513,2.5,0.03995341248710434,90944.70317978534,3633.5512396592385,445639.6377997786,0.9542210984170872,2328451.362927225,25.602935426862548
Lajas,2005-2009,2,65,5,0.010645328218775006,2.5,0.05184682492286196,87311.1519401261,4526.806008453117,425238.7446794977,0.9341244262654862,1882811.7251274462,21.56438992373609
Lajas,2005-2009,2,70,5,0.01681242972932077,2.5,0.08067144130149292,82784.34593167299,6678.332503509446,397225.89839959133,0.8899092185978259,1457572.9804479484,17.606867144314617
Lajas,2005-2009,2,75,5,0.030591752801981148,2.5,0.1420916801258363,76106.01342816354,10814.031315687222,353494.9888515997,0.8198587598375507,1060347.0820483572,13.932500656458885
Lajas,2005-2009,2,80,5,0.05057547140340912,2.5,0.22449278584065624,65291.98211247632,14657.578957488098,289815.96316866134,0.5899906558132113,706852.0931967575,10.826016768476824
Lajas,2005-2009,2,85,NA,0.12133128477251492,8.236220909952843,1,50634.40315498822,50634.40315498822,417036.1300280962,0,417036.1300280962,8.236220909952843
Lajas,2010-2014,1,0,1,0.011855444527300512,0.1256330532179982,0.011733811731237087,100000,1173.3811731237074,98974.03428624434,0.9878940058234715,7639701.9430505615,76.39701943050561
Lajas,2010-2014,1,1,4,3.5443032689049843e-4,1.6176460252537828,0.0014165252241208175,98826.61882687629,139.99039838285535,394972.9686254915,0.9985576723613213,7540727.908764317,76.30259942388706
Lajas,2010-2014,1,5,5,1.6103708649284148e-4,2.5,8.048614011265375e-4,98686.62842849344,79.42905802940368,493234.5694973937,0.9991091481921643,7145754.940138825,72.40854261544168
Lajas,2010-2014,1,10,5,1.9547777837369276e-4,2.5,9.76911480653699e-4,98607.19937046403,96.3305051401112,492795.1705894699,0.9980322234075043,6652520.370641432,67.46485462636586
Lajas,2010-2014,1,15,5,5.927993553200004e-4,2.5,0.002959610638403892,98510.86886532392,291.5538154922251,491825.45978788903,0.9954215529170584,6159725.200051962,62.52838159891818
Lajas,2010-2014,1,20,5,0.0012442763311955917,2.5,0.006202088875000123,98219.3150498317,609.1649211806944,489573.66294620675,0.9931493807808113,5667899.740264073,57.70656960281648
Lajas,2010-2014,1,25,5,0.0015062903782950719,2.5,0.007503196908202163,97610.150128651,732.388176654451,486219.78020161885,0.9920415082170494,5178326.0773178665,53.05110247748609
Lajas,2010-2014,1,30,5,0.0016905606479101698,2.5,0.00841722865074731,96877.76195199655,815.4422735226253,482350.2040761762,0.989633298360692,4692106.297116247,48.433264792401076
Lajas,2010-2014,1,35,5,0.002481848591676838,2.5,0.012332723079865928,96062.31967847393,1184.7099870041711,477349.8234248592,0.9863184469976851,4209756.093040071,43.82317756983556
Lajas,2010-2014,1,40,5,0.003032258616223684,2.5,0.015047225384065688,94877.60969146976,1427.6447769289662,470818.9365150263,0.9821202648586254,3732406.269615212,39.339168448199054
Lajas,2010-2014,1,45,5,0.004194634392275017,2.5,0.020755517443134003,93449.96491454079,1939.6023768440064,462400.81863059395,0.9735715161352667,3261587.3331001857,34.901964233832295
Lajas,2010-2014,1,50,5,0.006549862077859258,2.5,0.03222169130439838,91510.36253769678,2948.61865284323,450180.2660563758,0.9577492038135786,2799186.5144695914,30.588738114948395
Lajas,2010-2014,1,55,5,0.010807063431110904,2.5,0.052613815063689444,88561.74388485355,4659.571214475523,431159.79138807894,0.9402249496367974,2349006.248413216,26.523938501790944
Lajas,2010-2014,1,60,5,0.013935980659981199,2.5,0.06733399033232924,83902.17267037803,5649.46808344865,405387.1931432686,0.9178118528146024,1917846.4570251368,22.858126267595924
Lajas,2010-2014,1,65,5,0.0206352512839072,2.5,0.09811470256438143,78252.70458692938,7677.740835404984,372069.1708461344,0.8896746527155134,1512459.2638818682,19.327884855426397
Lajas,2010-2014,1,70,5,0.02640840396899598,2.5,0.12386436910336375,70574.9637515244,8741.723359575335,331020.51035868365,0.8477504418210221,1140390.0930357338,16.158564346568323
Lajas,2010-2014,1,75,5,0.0406858169587095,2.5,0.18464772585373038,61833.24039194906,11417.367220540407,280622.7839083943,0.7802268179658792,809369.5826770503,13.089554704663893
Lajas,2010-2014,1,80,5,0.06052529183507767,2.5,0.26285328040898503,50415.87317140865,13251.97764778811,218949.421737573,0.5859087520766806,528746.798768656,10.487704873641137
Lajas,2010-2014,1,85,NA,0.1480020757375266,8.335976965444397,1,37163.895523620544,37163.895523620544,309797.377031083,0,309797.377031083,8.335976965444397
Lajas,2010-2014,2,0,1,0.006428098565691732,0.13581852186089075,0.006392587462850883,100000,639.2587462850934,99447.564431722,0.9934209090392945,8337002.636751534,83.37002636751535
Lajas,2010-2014,2,1,4,1.8230732685695945e-4,1.5135992601979416,7.288989055191046e-4,99360.7412537149,72.42393555140006,397262.89008792525,0.9992439196744868,8237555.072319812,82.90553158500944
Lajas,2010-2014,2,5,5,8.597829649548254e-5,2.5,4.297990989914962e-4,99288.3173181635,42.674029323723516,496334.9015175082,0.999522461088973,7840292.182231887,78.96490134995578
Lajas,2010-2014,2,10,5,1.0508745126232387e-4,2.5,5.252992504131796e-4,99245.64328883978,52.133662026404636,496097.88228913286,0.9988639574398447,7343957.280714379,73.99778002688618
Lajas,2010-2014,2,15,5,3.497268774169739e-4,2.5,0.0017471068615168895,99193.50962681338,173.3016612869542,495534.2939808495,0.9972841316056918,6847859.398425246,69.03535749655715
Lajas,2010-2014,2,20,5,7.38626492652894e-4,2.5,0.003686325419226519,99020.20796552642,365.0207096404192,494188.4880535311,0.9962933284171436,6352325.104444397,64.15180532296942
Lajas,2010-2014,2,25,5,7.468103210846192e-4,2.5,0.0037270930265733766,98655.187255886,367.6970604567032,492356.6936282883,0.9957819008078024,5858136.616390865,59.37991482593182
Lajas,2010-2014,2,30,5,9.444129834369292e-4,2.5,0.004710942229669842,98287.4901954293,463.0266882099095,490279.8842566217,0.9944955920572318,5365779.9227625765,54.592704647290944
Lajas,2010-2014,2,35,5,0.0012643094687522895,2.5,0.006301629319717731,97824.46350721939,616.453507422746,487581.1837675401,0.9934245798539956,4875500.038505956,49.83927193371366
Lajas,2010-2014,2,40,5,0.0013748991290815455,2.5,0.0068509472419169895,97208.00999979665,665.9669480003504,484375.1326289823,0.9921222654120605,4387918.854738415,45.13947826673537
Lajas,2010-2014,2,45,5,0.0017902982001483392,2.5,0.00891160492509711,96542.0430517963,860.3445463393291,480559.3538931332,0.9866937994472966,3903543.722109433,40.433614192472824
Lajas,2010-2014,2,50,5,0.003579815767476793,2.5,0.017740311222795693,95681.69850545697,1697.4231098125165,474164.9347527536,0.9763312131016717,3422984.3682162995,35.7747032262505
Lajas,2010-2014,2,55,5,0.006030432001810154,2.5,0.029704335076949452,93984.27539564445,2791.7404083165166,462942.02595743095,0.9685344295032281,2948819.433463546,31.375668121607973
Lajas,2010-2014,2,60,5,0.006768779712107012,2.5,0.03328072383970892,91192.53498732793,3034.9535731562646,448375.291003749,0.9592736623994005,2485877.4075061153,27.259659004451972
Lajas,2010-2014,2,65,5,0.0099260051655294,2.5,0.04842827749618494,88157.58141417167,4269.319816118019,430114.60753056325,0.9421296829578044,2037502.116502366,23.11204644930095
Lajas,2010-2014,2,70,5,0.014034290491557603,2.5,0.06779288968986384,83888.26159805365,5687.027664791298,405223.73882829,0.9114957199088582,1607387.508971803,19.161053982421503
Lajas,2010-2014,2,75,5,0.023442152363628933,2.5,0.11072186475898174,78201.23393326235,8658.586447544163,369359.70354745135,0.851224988485709,1202163.7701435129,15.372695668324754
Lajas,2010-2014,2,80,5,0.04237170281649101,2.5,0.19156606332059198,69542.64748571819,13322.0112117307,314408.2093992642,0.6224703720716064,832804.0665960615,11.975443798959372
Lajas,2010-2014,2,85,NA,0.11646214545851868,9.220739777302231,1,56220.63627398749,56220.63627398749,518395.8571967972,0,518395.8571967972,9.220739777302231
Lajas,2015-2019,1,0,1,0.00985282853181557,0.12962917330618862,0.009769052899973554,100000,976.9052899973613,99149.73013514344,0.9898980200003379,7812028.268549501,78.12028268549501
Lajas,2015-2019,1,1,4,3.1161152668974146e-4,1.6235658436123797,0.0012455237661743398,99023.09471000264,123.335617861434,395799.2798650255,0.99872312044974,7712878.538414357,77.88969392445432
Lajas,2015-2019,1,5,5,1.470924306241372e-4,2.5,7.351918002485023e-4,98899.7590921412,72.71029193110007,494317.0197308783,0.9991834527803981,7317079.258549332,73.98480366097033
Lajas,2015-2019,1,10,5,1.7967316884305302e-4,2.5,8.979624947979088e-4,98827.0488002101,88.7429832941416,493913.38654281513,0.9981100571928425,6822762.238818454,69.03739736892709
Lajas,2015-2019,1,15,5,5.773951979211749e-4,2.5,0.0028828146812222883,98738.30581691596,284.6442376080231,492979.91849055974,0.9957334053407837,6328848.852275639,64.09719915602778
Lajas,2015-2019,1,20,5,0.001134081331115823,2.5,0.005654375351765218,98453.66157930794,556.6939573250856,490876.573003227,0.9936467234506032,5835868.933785079,59.27528585703314
Lajas,2015-2019,1,25,5,0.0014162269702414994,2.5,0.0070561520690417415,97896.96762198285,690.7758906387753,487757.89838331734,0.9919963957530337,5344992.360781852,54.59814017346161
Lajas,2015-2019,1,30,5,0.0017996181600940632,2.5,0.008957789299725112,97206.19173134408,870.7525841580646,483854.07719632523,0.9904014520020825,4857234.462398535,49.96836493525877
Lajas,2015-2019,1,35,5,0.002059569919803245,2.5,0.010245098358007283,96335.43914718601,986.9660494247364,479209.78061236825,0.988332985660653,4373380.3852022095,45.39741993100114
Lajas,2015-2019,1,40,5,0.0026380135579434534,2.5,0.013103648781854613,95348.47309776128,1249.412903359189,473618.83323040843,0.9829124351329052,3894170.604589841,40.84145742530274
Lajas,2015-2019,1,45,5,0.004269975878702717,2.5,0.021124377932947868,94099.06019440209,1987.7841106817505,465525.8406953061,0.976927648444047,3420551.7713594325,36.350541273130794
Lajas,2015-2019,1,50,5,0.005076081889561285,2.5,0.02506236293134292,92111.27608372034,2308.5262312793348,454785.0648404034,0.9684345748396292,2955025.9306641263,32.08104432271995
Lajas,2015-2019,1,55,5,0.0077961778428215995,2.5,0.038235659216141596,89802.749852441,3433.667340030326,440429.58091212926,0.9482991094854885,2500240.865823723,27.84147333942427
Lajas,2015-2019,1,60,5,0.013586618646065638,2.5,0.06570144213341987,86369.08251241068,5674.5732768057205,417658.9793700391,0.9262860475612099,2059811.2849115937,23.848942526576128
Lajas,2015-2019,1,65,5,0.017164203618644895,2.5,0.0822899159120361,80694.50923560496,6640.344379560949,386871.6852291224,0.8987393015689517,1642152.3055415547,20.350235983800808
Lajas,2015-2019,1,70,5,0.02596979537117065,2.5,0.12193256730112405,74054.16485604401,9029.614440238118,347696.78817962477,0.8530186088563906,1255280.6203124323,16.950844327967346
Lajas,2015-2019,1,75,5,0.03847836465171299,2.5,0.17550861229961334,65024.55041580589,11412.368608884339,296591.83055681863,0.7966384568184125,907583.8321328075,13.957556435671963
Lajas,2015-2019,1,80,5,0.05380891702381501,2.5,0.23714349809037014,53612.18180692155,12713.780333950279,236276.45819973206,0.613290423458438,610992.0015759888,11.396514392501505
Lajas,2015-2019,1,85,NA,0.12858022373598127,9.162107316685638,1,40898.40147297127,40898.40147297127,374715.54337625677,0,374715.54337625677,9.162107316685638
Lajas,2015-2019,2,0,1,0.005470046011105168,0.13778757853475587,0.0054443685093276415,100000,544.4368509327614,99530.57978442236,0.9943819808952397,8469500.166414037,84.69500166414038
Lajas,2015-2019,2,1,4,1.637861321497423e-4,1.5151420124353239,6.548780028924314e-4,99455.56314906724,65.13126057160844,397660.41066319746,0.9993273967834122,8369969.586629614,84.15788239099739
Lajas,2015-2019,2,5,5,7.694876830687493e-5,2.5,3.8466984185803513e-4,99390.43188849563,38.2325017167459,496856.5781881863,0.9995722544903488,7972309.175966417,80.21203876959112
Lajas,2015-2019,2,10,5,9.418972478547842e-5,2.5,4.708377537312857e-4,99352.19938677888,46.77876638752059,496644.0500179256,0.9989373525445352,7475452.597778231,75.24194375079948
Lajas,2015-2019,2,15,5,3.3122122879639983e-4,2.5,0.0016547359348078475,99305.42062039136,164.3242480217741,496116.29248190235,0.9977528268333341,6978808.547760305,70.27620953782333
Lajas,2015-2019,2,20,5,5.689265142666231e-4,2.5,0.002840592350571957,99141.09637236959,281.61943998267816,495001.43326189124,0.9966604486772107,6482692.255278403,65.38854715636487
Lajas,2015-2019,2,25,5,7.694636782938085e-4,2.5,0.0038399316715979803,98859.47693238691,379.61363651027204,493348.3505706589,0.9957971558726167,5987690.822016511,60.567696773387546
Lajas,2015-2019,2,30,5,9.155217679453287e-4,2.5,0.004567155513999998,98479.86329587664,449.7728506697458,491274.8843527088,0.9949035931535241,5494342.471445853,55.79153227435381
Lajas,2015-2019,2,35,5,0.0011287937629065592,2.5,0.0056280864423497385,98030.0904452069,551.7218229769787,488771.147668592,0.9931684595847559,5003067.587093144,51.0360396932365
Lajas,2015-2019,2,40,5,0.0016148543459200075,2.5,0.008041805866717752,97478.36862222991,783.9021166643215,485432.0878194887,0.9909778184368812,4514296.439424552,46.31075081815709
Lajas,2015-2019,2,45,5,0.0020121724646398964,2.5,0.010010505166068733,96694.4665055656,967.9604564842157,481052.4313866174,0.9875319398060899,4028864.351605063,41.66592460979313
Lajas,2015-2019,2,50,5,0.003012613053820146,2.5,0.01495046535140491,95726.50604908138,1431.1558118978428,475054.6407156623,0.9840602596139914,3547811.920218446,37.06195981287976
Lajas,2015-2019,2,55,5,0.0034177613288667776,2.5,0.016944030017957558,94295.35023718353,1597.743244972662,467482.393073486,0.9757844059986531,3072757.2795027834,32.58651960858937
Lajas,2015-2019,2,60,5,0.006424038171891694,2.5,0.03161249123347735,92697.60699221087,2930.4022884055885,456162.0292400404,0.9614647694724914,2605274.8864292973,28.10509322692884
Lajas,2015-2019,2,65,5,0.00935037281089784,2.5,0.04568395893567346,89767.20470380528,4100.921293458843,438583.7202853793,0.9463723419960893,2149112.857189257,23.940957772723817
Lajas,2015-2019,2,70,5,0.012786394797996335,2.5,0.06195162902233522,85666.28341034644,5307.165809560014,415063.50252783217,0.9108933224463452,1710529.1369038776,19.967355519677962
Lajas,2015-2019,2,75,5,0.025092154767455622,2.5,0.11805512986322765,80359.11760078643,9486.806064055214,378078.57284379407,0.8565917269900717,1295465.6343760455,16.12095395088519
Lajas,2015-2019,2,80,5,0.03767390393777387,2.5,0.17215513010403352,70872.31153673121,12201.032013379554,323858.9776502072,0.6469767329078233,917387.0615322514,12.944223796860278
Lajas,2015-2019,2,85,NA,0.10844009765265225,10.11616055937241,1,58671.27952335166,58671.27952335166,593528.0838820442,0,593528.0838820442,10.11616055937241
Lajas,2020-2024,1,0,1,0.009626881507957622,0.13008003929494596,0.009546929634630998,100000,954.6929634630942,99169.4935347388,0.9900580562951344,7749382.47944916,77.4938247944916
Lajas,2020-2024,1,1,4,3.420564306367571e-4,1.6242351010108569,0.001367114742682778,99045.3070365369,135.40629944320244,395859.53461282846,0.9986487226133305,7650212.985914421,77.23953021915847
Lajas,2020-2024,1,5,5,1.5324624042056315e-4,2.5,7.659377593977561e-4,98909.9007370937,75.75882775281207,494360.10661608644,0.9991505656487699,7254353.451301593,73.34304652255129
Lajas,2020-2024,1,10,5,1.8668607763873288e-4,2.5,9.329949452766881e-4,98834.14190934089,92.21175482217222,493940.180159649,0.9979447685327322,6759993.344685506,68.39734947955888
Lajas,2020-2024,1,15,5,6.36715106190333e-4,2.5,0.0031785160080576697,98741.93015451872,313.8528056626528,492925.01875843696,0.9949689169118919,6266053.164525857,63.45888878939546
Lajas,2020-2024,1,20,5,0.0013826744792417855,2.5,0.006889557358377176,98428.07734885607,678.1258845697157,490445.07203285606,0.9933104491804507,5773128.1457674205,58.65326542248583
Lajas,2020-2024,1,25,5,0.0013018546715630292,2.5,0.006488156764829829,97749.95146428635,634.217008854801,487164.2147992948,0.9926607050223376,5282683.073734565,54.04282042702222
Lajas,2020-2024,1,30,5,0.0016459433835099965,2.5,0.008195991572300653,97115.73445543155,795.9597411345167,483588.77292432147,0.9888891997663498,4795518.8589352695,49.37942225145848
Lajas,2020-2024,1,35,5,0.0028298182552820034,2.5,0.014049696060427611,96319.77471429703,1353.263559344734,478215.7146731233,0.9846321892230628,4311930.086010948,44.766820715693754
Lajas,2020-2024,1,40,5,0.0033690814618913337,2.5,0.016704708500121523,94966.5111549523,1586.3878861170087,470866.586059469,0.9825304707457314,3833714.371337825,40.36911880528639
Lajas,2020-2024,1,45,5,0.0036830717698450232,2.5,0.01824734316302905,93380.12326883529,1703.939153892381,462640.7684594455,0.977793486716068,3362847.785278356,36.012458193023974
Lajas,2020-2024,1,50,5,0.005317619327973317,2.5,0.026239270509829115,91676.18411494291,2405.516194300886,452367.1300889623,0.9679975171042874,2900207.0168189104,31.635337408706416
Lajas,2020-2024,1,55,5,0.007730777918416397,2.5,0.037920992660324816,89270.66792064202,3385.232343000971,437890.2587457077,0.9515780862234646,2447839.886729948,27.420427602333813
Lajas,2020-2024,1,60,5,0.012230197143763132,2.5,0.05933673577774272,85885.43557764105,5096.161398026816,416686.77439313824,0.9310542828140415,2009949.6279842404,23.40268305639821
Lajas,2020-2024,1,65,5,0.01648463469200942,2.5,0.0791608300469467,80789.27417961424,6395.3460029486305,387958.0058906996,0.9013353586127655,1593262.8535911022,19.72121757213576
Lajas,2020-2024,1,70,5,0.025496860456306166,2.5,0.1198451167369984,74393.9281766656,8915.749006856357,349680.2683661871,0.8524416509259594,1205304.8477004026,16.2016562001959
Lajas,2020-2024,1,75,5,0.03932994022158849,2.5,0.17904511676008844,65478.17916980925,11723.548234696493,298082.02526230505,0.7852525605951122,855624.5793342155,13.067323957119562
Lajas,2020-2024,1,80,5,0.05930453191400448,2.5,0.2582362149438057,53754.63093511276,13881.392428384723,234069.67360460197,0.5801761284495385,557542.5540719104,10.371991107983243
Lajas,2020-2024,1,85,NA,0.10785924412264816,8.112530925039536,1,39873.238506728034,39873.238506728034,323472.88046730845,0,323472.88046730845,8.112530925039536
Lajas,2020-2024,2,0,1,0.005128771683302394,0.13848898942245907,0.005106209929065467,100000,510.6209929065517,99560.09439237897,0.9946906094653885,8547800.219530005,85.47800219530005
Lajas,2020-2024,2,1,4,1.7435948549280437e-4,1.5156921964454104,6.971359687212364e-4,99489.37900709345,69.35762461158447,397785.21034031524,0.9993120260507918,8448240.125137627,84.91600017460436
Lajas,2020-2024,2,5,5,7.80379716140435e-5,2.5,3.901137488560688e-4,99420.02138248186,38.78511725287535,497003.14411927713,0.999566363897644,8050454.914797311,80.97418208980417
Lajas,2020-2024,2,10,5,9.545786330413391e-5,2.5,4.77175441150586e-4,99381.23626522899,47.422285256951,496787.6256130026,0.9989904805618137,7553451.770678034,76.00480789471521
Lajas,2020-2024,2,15,5,3.086615117663775e-4,2.5,0.0015421175779745395,99333.81397997204,153.18442062575195,496286.1088482958,0.9978494709507901,7056664.145065031,71.03989932861951
Lajas,2020-2024,2,20,5,5.527387887393856e-4,2.5,0.0027598802115838864,99180.62955934629,273.7266568932828,495218.8311544982,0.9967565566152458,6560378.036216736,66.14575916047428
Lajas,2020-2024,2,25,5,7.470616172226735e-4,2.5,0.0037283448278217766,98906.902902453,368.75903987223865,493612.6169125844,0.9956351630680594,6065159.205062238,61.32189995923748
Lajas,2020-2024,2,30,5,0.001003252187754711,2.5,0.0050037109788076016,98538.14386258076,493.0563922765141,491458.0783322125,0.9948120893263048,5571546.588149653,56.54202900269377
Lajas,2020-2024,2,35,5,0.001077502066193503,2.5,0.005373036685641236,98045.08747030425,526.7998518248496,488908.43772195914,0.993489369744562,5080088.50981744,51.813799557842096
Lajas,2020-2024,2,40,5,0.0015367552814120574,2.5,0.007654369176415951,97518.2876184794,746.4409748837497,485725.33565518766,0.9903759467733375,4591180.072095481,47.08019576858799
Lajas,2020-2024,2,45,5,0.0023353414597641364,2.5,0.01160893025848033,96771.84664359565,1123.4176186698605,481050.68917130365,0.9873008625737353,4105454.7364402935,42.42406111728356
Lajas,2020-2024,2,50,5,0.0027796121879077327,2.5,0.013802149382928387,95648.42902492579,1320.1539056444453,474941.7603605179,0.9835111681844173,3624404.04726899,37.89298040979301
Lajas,2020-2024,2,55,5,0.003879895482396581,2.5,0.019213115214672474,94328.27511928134,1812.340017868075,467110.52555173653,0.9759295982964801,3149462.286908472,33.38831631264188
Lajas,2020-2024,2,60,5,0.005890040848279655,2.5,0.029022839959166834,92515.93510141327,2685.0751781209838,455866.9875617639,0.961829953774848,2682351.7613567356,28.993402686968683
Lajas,2020-2024,2,65,5,0.009750140973439058,2.5,0.04759066562015452,89830.85992329229,4275.110416980344,438466.5235740106,0.944179029863754,2226484.7737949714,24.785299569615553
Lajas,2020-2024,2,70,5,0.013321887781043344,2.5,0.06446253235009221,85555.74950631194,5515.1402702870255,413990.89685584215,0.9165277453425765,1788018.250220961,20.898867236141136
Lajas,2020-2024,2,75,5,0.02189460622866956,2.5,0.10379182812686893,80040.60923602492,8307.561156995376,379434.14328763617,0.8708179030233242,1374027.3533651188,17.16662787152665
Lajas,2020-2024,2,80,5,0.034195705506990706,2.5,0.1575128683829884,71733.04807902954,11298.878160782755,330418.04499319085,0.6677857423061937,994593.2100774826,13.865202116906033
Lajas,2020-2024,2,85,NA,0.09801226990040532,10.990060192483236,1,60434.169918246786,60434.169918246786,664175.1650842918,0,664175.1650842918,10.990060192483236
Lares,1980-1984,1,0,1,0.014095170063844276,0.12116379289610195,0.013922704706213415,100000,1392.2704706213408,98776.42230033639,0.9854451891051766,7172599.459216222,71.72599459216222
Lares,1980-1984,1,1,4,5.150748325907323e-4,1.611050890720179,0.0020577672733265192,98607.72952937866,202.9117587225919,393946.1722522519,0.9980462764169556,7073823.036915886,71.73700348519179
Lares,1980-1984,1,5,5,2.1485121196930464e-4,2.5,0.0010736793565689598,98404.81777065607,105.6552214272815,491759.9507997121,0.9988752025067811,6679876.864663634,67.88160392951357
Lares,1980-1984,1,10,5,2.353324867094209e-4,2.5,0.0011759705733487963,98299.16254922879,115.59692254272522,491206.8204397871,0.9972242517590995,6188116.913863922,62.95187826005005
Lares,1980-1984,1,15,5,8.77402257423413e-4,2.5,0.004377409414861401,98183.56562668606,429.7896645589208,489843.353972033,0.9933929017587103,5696910.093424135,58.02305158772649
Lares,1980-1984,1,20,5,0.001777179035572833,2.5,0.008846590241082277,97753.77596212714,864.7876004555001,486606.91080949694,0.9906289900467651,5207066.739452102,53.26716731095362
Lares,1980-1984,1,25,5,0.001989872056568899,2.5,0.00990011040023854,96888.98836167164,959.2116813479661,482046.91260498826,0.9890491192711404,4720459.828642605,48.72029224850462
Lares,1980-1984,1,30,5,0.0024169479436336153,2.5,0.012012157817827076,95929.77668032367,1152.3236169129523,476768.074359336,0.9850390186912541,4238412.916037616,44.182453693827526
Lares,1980-1984,1,35,5,0.003621627683951509,2.5,0.017945657197474846,94777.45306341072,1700.8436827257392,469635.1561102392,0.9822523459160126,3761644.841678281,39.68923747256172
Lares,1980-1984,1,40,5,0.003540265354521031,2.5,0.01754603274303154,93076.60938068498,1633.1252358038619,461300.2338139153,0.9759936664373606,3292009.6855680416,35.3688183043246
Lares,1980-1984,1,45,5,0.006211380543752523,2.5,0.030582011441619383,91443.48414488112,2796.5256783802906,450226.1065284549,0.9654119947124277,2830709.4517541262,30.955835489264715
Lares,1980-1984,1,50,5,0.007896961725182753,2.5,0.03872037532117372,88646.95846650083,3432.4435029034066,434653.6835752456,0.9530920239884523,2380483.3452256713,26.85352533697185
Lares,1980-1984,1,55,5,0.011401027818870951,2.5,0.05542537353061997,85214.51496359742,4723.04632208799,414264.9590127671,0.9343365097570341,1945829.6616504255,22.834486149239478
Lares,1980-1984,1,60,5,0.015909009359144827,2.5,0.07650235508799529,80491.46864150943,6157.7869155669905,387062.87591862964,0.8957179960498125,1531564.7026376585,19.02766502446237
Lares,1980-1984,1,65,5,0.028807942158946203,2.5,0.1343629132142705,74333.68172594244,9987.690026640012,346699.18356311216,0.8384270098743007,1144501.8267190289,15.396813397978079
Lares,1980-1984,1,70,5,0.042724355810893934,2.5,0.19300657508503233,64345.99169930243,12419.19947833228,290681.95980068145,0.7732585934786754,797802.6431559167,12.398637771940123
Lares,1980-1984,1,75,5,0.06203902187730273,2.5,0.26854451221558323,51926.79222097015,13944.65508790037,224772.32338509982,0.6787389389758195,507120.68335523526,9.766069916224081
Lares,1980-1984,1,80,5,0.09792484078291157,2.5,0.3933318154159152,37982.13713306978,14939.582951926583,152561.72828553244,0.4596684453854479,282348.35997013544,7.433714405825367
Lares,1980-1984,1,85,NA,0.19352450335802576,5.632475925382155,1,23042.554181143198,23042.554181143198,129786.63168460298,0,129786.63168460298,5.632475925382155
Lares,1980-1984,2,0,1,0.01006441532405447,0.12834490911693056,0.009976891063257609,100000,997.6891063257644,99130.35921135257,0.9897233672280398,7969435.412133697,79.69435412133697
Lares,1980-1984,2,1,4,2.8179257181368267e-4,1.50776759824008,0.0011263792394747786,99002.31089367424,111.5141476506542,395731.32440266735,0.998852120425582,7870305.052922345,79.4961752092316
Lares,1980-1984,2,5,5,1.2975423615276186e-4,2.5,6.485607969867802e-4,98890.79674602358,64.13669395227043,494293.64199523727,0.9992822808420581,7474573.728519677,75.58411879030827
Lares,1980-1984,2,10,5,1.574464293426664e-4,2.5,7.869224014076534e-4,98826.66005207131,77.76891265127051,493938.8779787284,0.9983834076091512,6980280.08652444,70.63154904604247
Lares,1980-1984,2,15,5,4.899826291868108e-4,2.5,0.0024469157803653986,98748.89113942004,241.6302200226346,493140.3801470436,0.9965280913839358,6486341.208545712,65.68520551170421
Lares,1980-1984,2,20,5,9.019121738862908e-4,2.5,0.004499415674999811,98507.2609193974,443.2251138820284,491428.24181228195,0.9950516464082998,5993200.828398668,60.840193631031376
Lares,1980-1984,2,25,5,0.001082787277105493,2.5,0.005399320596410448,98064.03580551538,529.4791682918585,488996.48110684723,0.9936982505369628,5501772.586586386,56.10387683306985
Lares,1980-1984,2,30,5,0.0014470313370606588,2.5,0.007209077283452174,97534.55663722352,703.1341566049814,485914.9477946051,0.9924460305650016,5012776.105479539,51.39487252835311
Lares,1980-1984,2,35,5,0.0015865411200670944,2.5,0.007901365995195279,96831.42248061854,765.1005088547536,482244.3611309558,0.9907583121768435,4526861.157684934,46.749919000632424
Lares,1980-1984,2,40,5,0.0021298171140842442,2.5,0.010592684369286723,96066.32197176378,1017.6002271651669,477787.609290906,0.988462882376723,4044616.796553978,42.10233840057693
Lares,1980-1984,2,45,5,0.0025140346486773168,2.5,0.01249166206525752,95048.72174459862,1187.316511768222,472275.3174435725,0.9850724238397284,3566829.187263072,37.52632462377924
Lares,1980-1984,2,50,5,0.0035093823883083773,2.5,0.01739430378315814,93861.4052328304,1632.653796133949,465225.3916738171,0.9769301052515474,3094553.8698194996,32.969396336473146
Lares,1980-1984,2,55,5,0.005853617858976883,2.5,0.028845956282744563,92228.75143669645,2660.4265319550614,454492.69085359457,0.9595925358401165,2629328.4781456827,28.508772342542112
Lares,1980-1984,2,60,5,0.010743484781226121,2.5,0.05231238074024918,89568.32490474138,4685.53231468318,436127.7937369989,0.9420040935847589,2174835.787292088,24.281304686730397
Lares,1980-1984,2,65,5,0.013221681168575179,2.5,0.06399316285236906,84882.7925900582,5431.918369579464,410834.16702634236,0.9099964962082908,1738707.993555089,20.483633260656095
Lares,1980-1984,2,70,5,0.02503275610733165,2.5,0.1177921265955805,79450.87422047874,9358.687434308173,373857.65251662326,0.8674125458485349,1327873.8265287466,16.71314305294935
Lares,1980-1984,2,75,5,0.03228247699122407,2.5,0.14935824933694666,70092.18678617057,10468.846310580702,324288.8181544011,0.8065649238425893,954016.1740121234,13.610877585008577
Lares,1980-1984,2,80,5,0.05590567124704323,2.5,0.24525104543720155,59623.34047558987,14622.686584096627,261559.9859177078,0.5846456669149317,629727.3558577223,10.561759049973665
Lares,1980-1984,2,85,NA,0.15990305294447943,8.181378226808645,1,45000.65389149324,45000.65389149324,368167.3699400145,0,368167.3699400145,8.181378226808645
Lares,1985-1989,1,0,1,0.011165153430995504,0.12701049458612002,0.011057376499225769,100000,1105.7376499225793,99034.70263587659,0.9883427472001454,7223337.220730832,72.23337220730832
Lares,1985-1989,1,1,4,4.6821369791973246e-4,1.6196841246078328,0.0018707698252596755,98894.26235007742,185.0084018958296,395136.6709641961,0.9982341776126108,7124302.518094955,72.0395940957173
Lares,1985-1989,1,5,5,2.0070191799523152e-4,2.5,0.0010030063267423112,98709.25394818159,99.00600621805643,493298.7547253628,0.9987852170076447,6729165.84713076,68.17158045448609
Lares,1985-1989,1,10,5,2.8555817015528954e-4,2.5,0.001426772284569423,98610.24794196353,140.69436873811355,492699.5037879724,0.9968658112686208,6235867.0924053965,63.237515598535744
Lares,1985-1989,1,15,5,9.711611246495998e-4,2.5,0.004844044753371655,98469.55357322542,476.9909243532311,491155.290555244,0.9928926067862798,5743167.5886174245,58.32429802118076
Lares,1985-1989,1,20,5,0.0018851949828663358,2.5,0.009381758802768078,97992.56264887219,919.3425872368389,487664.4567762689,0.9897676945999134,5252012.29806218,53.596029699531755
Lares,1985-1989,1,25,5,0.0022305508547242545,2.5,0.011090907192327488,97073.22006163535,1076.6300745639892,482674.5251217668,0.9879600559462408,4764347.841285911,49.079940258094375
Lares,1985-1989,1,30,5,0.002616934511894967,2.5,0.012999624643546393,95996.58998707136,1247.9196368923585,476863.15084312594,0.9862269104523468,4281673.316164144,44.60234802862052
Lares,1985-1989,1,35,5,0.0029326935581586396,2.5,0.01455674163474322,94748.670350179,1379.231914523014,470295.2719645875,0.9820980899821001,3804810.1653210185,40.15687134456795
Lares,1985-1989,1,40,5,0.004305140690252567,2.5,0.02129649246063301,93369.43843565599,1988.4415416984848,461876.0883240337,0.9773336955396992,3334514.893356431,35.71313000510715
Lares,1985-1989,1,45,5,0.004871806953548749,2.5,0.024065923434909337,91380.9968939575,2199.1680746556667,451407.0642831484,0.9701028682979732,2872638.805032397,31.43584446081205
Lares,1985-1989,1,50,5,0.007305457966221654,2.5,0.03587213391492291,89181.82881930184,3199.1425061837363,437911.2878310498,0.9529426498788797,2421231.740749249,27.14938427260886
Lares,1985-1989,1,55,5,0.012086227942143556,2.5,0.05865873267592165,85982.6863131181,5043.6354111988185,417304.3430375934,0.9256719093270341,1983320.4529181991,23.06650952606502
Lares,1985-1989,1,60,5,0.019061838378428043,2.5,0.0909738689267836,80939.05090191928,7363.338607809477,386286.90799007274,0.8909256135731471,1566016.1098806057,19.34809084650968
Lares,1985-1989,1,65,5,0.027575721045644902,2.5,0.12898637452195802,73575.7122941098,9490.26438168787,344152.9005163294,0.8435105613909997,1179729.2018905329,16.034220602237752
Lares,1985-1989,1,70,5,0.041517031322293195,2.5,0.18806536725414383,64085.447912421936,12052.253297295938,290296.60631886986,0.7772259138791694,835576.3013742035,13.038471737235692
Lares,1985-1989,1,75,5,0.06123393761860327,2.5,0.26552225508279026,52033.194615126,13815.971173369959,225626.04514220508,0.6975395255272229,545279.6950553337,10.479458335945058
Lares,1985-1989,1,80,5,0.08565858992054451,2.5,0.3527522901821157,38217.22344175604,13481.213093481074,157383.0844750775,0.5076449634851686,319653.6499131285,8.364125415868799
Lares,1985-1989,1,85,NA,0.163010100514973,6.56009450001574,1,24736.010348274966,24736.010348274966,162270.56543805104,0,162270.56543805104,6.56009450001574
Lares,1985-1989,2,0,1,0.008426779253822089,0.13171069340299707,0.008365569367262628,100000,836.5569367262651,99273.62655748104,0.9913592969984747,7956530.275575428,79.56530275575429
Lares,1985-1989,2,1,4,2.5103975910211715e-4,1.5103892186394636,0.0010035318377498237,99163.44306327373,99.5136722548923,396406.02194175636,0.9989736507812301,7857256.649017947,79.23541585788249
Lares,1985-1989,2,5,5,1.2015154640738545e-4,2.5,6.005773312991951e-4,99063.92939101884,59.49555034165678,495170.90807924006,0.9993512463008515,7460850.627076191,75.31349375035585
Lares,1985-1989,2,10,5,1.3944039572457825e-4,2.5,6.969590180197e-4,99004.43384067719,69.0020329891995,494849.6641209129,0.9985462588330299,6965679.71899695,70.35725016322466
Lares,1985-1989,2,15,5,4.426996417572783e-4,2.5,0.002211051129928575,98935.43180768799,218.75129828834906,494130.28079271904,0.9967092255046114,6470830.054876038,65.40457687043934
Lares,1985-1989,2,20,5,8.764945021511667e-4,2.5,0.0043728904746070775,98716.68050939964,431.67723188438686,492504.2094672872,0.995422738226323,5976699.774083319,60.54397031223338
Lares,1985-1989,2,25,5,9.587988807853651e-4,2.5,0.004782530691241614,98285.00327751525,470.05104466350167,490249.8887759175,0.9943977241689302,5484195.564616032,55.79890503875739
Lares,1985-1989,2,30,5,0.0012893346600466287,2.5,0.006425960266992354,97814.95223285175,628.5549965660612,487503.37367284356,0.9931377797574639,4993945.675840114,51.05503363076701
Lares,1985-1989,2,35,5,0.0014656107809364884,2.5,0.0073013017383260406,97186.39723628569,709.5872110829368,484158.0181537211,0.9915504079780808,4506442.30216727,46.369064296219605
Lares,1985-1989,2,40,5,0.0019305382887538482,2.5,0.0096063279838016,96476.81002520275,926.7878799330065,480067.0804261812,0.988967550993402,4022284.2840135493,41.69172138841244
Lares,1985-1989,2,45,5,0.0025101342419090143,2.5,0.012472402696824628,95550.02214526974,1191.7383538863069,474770.764841633,0.9854242161961783,3542217.203587368,37.07186167054936
Lares,1985-1989,2,50,5,0.00336928931220695,2.5,0.016705730463278414,94358.28379138344,1576.3240559963888,467850.60881692625,0.9751497097696965,3067446.438745735,32.50850180284698
Lares,1985-1989,2,55,5,0.006738274865985683,2.5,0.03313322243010371,92781.95973538705,3074.165309413511,456224.38540340145,0.9593674009100387,2599595.829928809,28.01833284555341
Lares,1985-1989,2,60,5,0.009917748675818327,2.5,0.04838896928886939,89707.79442597354,4340.867709450642,437686.80285624106,0.9432903335460455,2143371.4445254076,23.89281174774738
Lares,1985-1989,2,65,5,0.013533604079003699,2.5,0.06545346712098477,85366.9267165229,5587.561331059449,412865.7302549659,0.9100385881867613,1705684.6416691663,19.98062607235723
Lares,1985-1989,2,70,5,0.024670339189709452,2.5,0.1161858359911907,79779.36538546345,9269.23226215673,375723.7462719254,0.8562117819320116,1292818.9114142004,16.204928494577423
Lares,1985-1989,2,75,5,0.03836077560550782,2.5,0.1750191976119217,70510.13312330672,12340.626922750933,321699.09830965626,0.7896070413446068,917095.165142275,13.006572594870546
Lares,1985-1989,2,80,5,0.0579989861522304,2.5,0.2532712425391816,58169.506200555785,14732.663113305389,254015.87321951546,0.5733665582125421,595396.0668326188,10.235535862722005
Lares,1985-1989,2,85,NA,0.14030092708769773,7.859231227448604,1,43436.843087250396,43436.843087250396,341380.19361310336,0,341380.19361310336,7.859231227448604
Lares,1990-1994,1,0,1,0.017026455504094637,0.11531455936435436,0.016773790930338733,100000,1677.3790930338728,98516.0471379663,0.9827696144152703,7192161.914886778,71.92161914886778
Lares,1990-1994,1,1,4,4.4772836300336597e-4,1.6024605679268895,0.001788993063840232,98322.62090696613,175.89848682115553,392868.7600696688,0.9981067560149245,7093645.867748812,72.14663118531891
Lares,1990-1994,1,5,5,2.2763883380770144e-4,2.5,0.0011375467944742675,98146.72242014497,111.64648947720707,490454.4958770318,0.9987802395615627,6700777.107679144,68.27306039823277
Lares,1990-1994,1,10,5,2.6058319063411895e-4,2.5,0.0013020677107743565,98035.07593066776,127.64830689261726,489856.2588861073,0.9971046940137959,6210322.611802111,63.34796554035586
Lares,1990-1994,1,15,5,9.001454002132154e-4,2.5,0.0044906214704143466,97907.42762377515,439.6651966003701,488437.9751273748,0.9938581652506405,5720466.352916004,58.42729700649276
Lares,1990-1994,1,20,5,0.0015662078895714415,2.5,0.007800496450150209,97467.76242717478,760.2969348172628,485438.0697988307,0.9911901811406344,5232028.377788629,53.6795782266763
Lares,1990-1994,1,25,5,0.0019751201045210953,2.5,0.009827076382277226,96707.46549235751,950.3516501298291,481161.44833646296,0.9889577121789556,4746590.3079897985,49.08194298986056
Lares,1990-1994,1,30,5,0.002469059084959998,2.5,0.012269559754847078,95757.11384222769,1174.89763023892,475848.32513554115,0.9842024414986628,4265428.859653336,44.54425043220481
Lares,1990-1994,1,35,5,0.003911760582215639,2.5,0.019369381949052734,94582.21621198877,1831.9990713978914,468331.0833814491,0.9785698423337928,3789580.5345177944,40.066522928836235
Lares,1990-1994,1,40,5,0.004762360623287642,2.5,0.023531637753837355,92750.21714059087,2182.5645113421488,458294.67442459904,0.9742937523109895,3321249.4511363455,35.80853558652043
Lares,1990-1994,1,45,5,0.0056657845123434195,2.5,0.027933262940350465,90567.65262924873,2529.850054783121,446513.63800928585,0.96571297867007,2862954.7767117466,31.611228662750595
Lares,1990-1994,1,50,5,0.008334799466724867,2.5,0.04082336101458856,88037.8025744656,3593.998997428498,431204.0153787568,0.9537111968210151,2416441.1387024606,27.44776752757483
Lares,1990-1994,1,55,5,0.01067484773042848,2.5,0.051986859138914536,84443.8035770371,4389.96812171358,411244.0975809016,0.9294464293517333,1985237.1233237039,23.509565405975525
Lares,1990-1994,1,60,5,0.018878528094531017,2.5,0.09013843789228833,80053.83545532353,7215.927675229163,382229.35808854474,0.892676983100443,1573993.0257428023,19.661681626999833
Lares,1990-1994,1,65,5,0.026942196472635616,2.5,0.12621004292960508,72837.90778009436,9192.87546782833,341207.35023090104,0.8422366427233492,1191763.6676542575,16.361860245249257
Lares,1990-1994,1,70,5,0.04293703764905332,2.5,0.19387422590329,63645.032312266034,12339.131372130447,287377.33313100407,0.7788759229722778,850556.3174233565,13.364064507819133
Lares,1990-1994,1,75,5,0.058433688627008006,2.5,0.25492755038145104,51305.90094013559,13079.287646782155,223831.28558372255,0.712022039696312,563178.9842923523,10.976885192007
Lares,1990-1994,1,80,5,0.07971311606965852,2.5,0.3323366128604392,38226.61329335343,12704.103183038922,159372.80850916984,0.530355416831601,339347.6987086298,8.87726297133503
Lares,1990-1994,1,85,NA,0.1508850225936162,7.051614023133485,1,25522.51011031451,25522.51011031451,179974.89019945994,0,179974.89019945994,7.051614023133485
Lares,1990-1994,2,0,1,0.007707098857068998,0.1331898309320318,0.0076559525641938745,100000,765.5952564193867,99336.37424634548,0.9920836172959079,7881626.52506321,78.8162652506321
Lares,1990-1994,2,1,4,2.3519885498556465e-4,1.5115437651780566,9.402451113492988e-4,99234.40474358061,93.3046639378008,396705.4344016085,0.999028635895465,7782290.150816864,78.42330662360621
Lares,1990-1994,2,5,5,1.1746627323937506e-4,2.5,5.871589377663287e-4,99141.10007964281,58.211583011740004,495559.9714406847,0.9993658578553081,7385584.716415256,74.49569059131088
Lares,1990-1994,2,10,5,1.3627700362875794e-4,2.5,6.811529544346817e-4,99082.88849663107,67.49060223341803,495245.71597757185,0.9984813171080054,6890024.744974571,69.53798834002342
Lares,1990-1994,2,15,5,4.719128391243969e-4,2.5,0.002356783704399122,99015.39789439765,233.3578762420948,494493.59478138306,0.9966907662081576,6394779.028996999,64.58368258861302
Lares,1990-1994,2,20,5,8.546087778590781e-4,2.5,0.004263933900945494,98782.04001815556,421.20008923797286,492857.1998676829,0.9951803494700356,5900285.434215616,59.73034605411245
Lares,1990-1994,2,25,5,0.0010784491822996712,2.5,0.005377746844779937,98360.83992891759,528.9596965776436,490481.80040314386,0.9941018111011645,5407428.234347934,54.975417434984486
Lares,1990-1994,2,30,5,0.0012884257557239486,2.5,0.006421444891152935,97831.88023233994,628.2220275098371,487588.8460929252,0.9931672592283239,4916946.43394479,50.25914274843316
Lares,1990-1994,2,35,5,0.0014546095227393019,2.5,0.007246694835406589,97203.6582048301,704.4052478955855,484257.27790441155,0.9910411498033134,4429357.587851865,45.56780752549669
Lares,1990-1994,2,40,5,0.002148175740591507,2.5,0.01068350359484014,96499.25295693452,1030.9501158647909,479918.88949501066,0.9880480116041849,3945100.3099474534,40.882184981349695
Lares,1990-1994,2,45,5,0.0026644652757918524,2.5,0.013234171403562586,95468.30284106973,1263.4438834059401,474182.9044968338,0.9842384673371587,3465181.4204524425,36.29666933768669
Lares,1990-1994,2,50,5,0.0036984408861737224,2.5,0.018322790041275044,94204.85895766379,1726.0958515491948,466709.05515944597,0.9740970031858697,2990998.515955609,31.749938899646153
Lares,1990-1994,2,55,5,0.0068399325916076725,2.5,0.033624686485599756,92478.7631061146,3109.5694160191633,454619.89199052507,0.9584114211012885,2524289.460796163,27.295882600632012
Lares,1990-1994,2,60,5,0.01022055742681064,2.5,0.049829572125400554,89369.19369009543,4453.228682769492,435712.8967435534,0.946824800402434,2069669.5688056378,23.158646546399513
Lares,1990-1994,2,65,5,0.011670081315486611,2.5,0.05669628105202599,84915.96500732594,4814.419417859361,412543.7764919813,0.9175146932657468,1633956.6720620843,19.242043259134114
Lares,1990-1994,2,70,5,0.023241089799134612,2.5,0.10982435476746631,80101.54558946658,8797.100560239953,378514.976546733,0.8501176411512955,1221412.895570103,15.24830621658716
Lares,1990-1994,2,75,5,0.04318443938021229,2.5,0.1948824712375063,71304.44502922663,13895.986457514606,321782.2590023466,0.7635565732168705,842897.91902337,11.82111323744093
Lares,1990-1994,2,80,5,0.06730729999025561,2.5,0.28806440640520325,57408.45857171202,16537.333541097927,245698.95900581527,0.528513576053533,521115.6600210235,9.077332382475827
Lares,1990-1994,2,85,NA,0.1245280454278827,6.738662094789663,1,40871.125030614094,40871.125030614094,275416.7010152082,0,275416.7010152082,6.738662094789663
Lares,1995-1999,1,0,1,0.012675600860969914,0.12399647226197759,0.01253639831044346,100000,1253.6398310443474,98901.80708549226,0.9867630222946115,7373424.451467108,73.73424451467108
Lares,1995-1999,1,1,4,5.375920507663828e-4,1.615227831890634,0.0021476148865583952,98746.36016895565,212.0691530923068,394479.70406181354,0.998008688314391,7274522.644381615,73.66876745568
Lares,1995-1999,1,5,5,2.213004343068424e-4,2.5,0.0011058903365048015,98534.29101586335,108.9681202487991,492399.03477869474,0.9987542187471169,6880042.940319803,69.82384375417247
Lares,1995-1999,1,10,5,2.773575937370342e-4,2.5,0.0013858270445491414,98425.32289561455,136.4004743372061,491785.6132922297,0.9969064521283326,6387643.905541107,64.89837897017166
Lares,1995-1999,1,15,5,9.630407676469927e-4,2.5,0.004803638588749943,98288.92242127734,472.1444605895085,490264.2509549129,0.9942113449775366,5895858.292248878,59.98497233471101
Lares,1995-1999,1,20,5,0.0013602955228486815,2.5,0.006778425958036711,97816.77796068783,663.0437868602457,487426.2803362885,0.9917218229201729,5405594.041293965,55.26244223119321
Lares,1995-1999,1,25,5,0.0019672606410308774,2.5,0.009788163532988335,97153.73417382759,950.956637933894,483391.27927430323,0.9892215492036949,4918167.760957676,50.622529363185194
Lares,1995-1999,1,30,5,0.002369660951460385,2.5,0.01177852696874304,96202.77753589369,1133.1270096745138,478181.07015528216,0.9869370000403053,4434776.481683373,46.09821665521807
Lares,1995-1999,1,35,5,0.0028933346630037773,2.5,0.014362782474045538,95069.65052621918,1365.4647103916068,471934.5908551169,0.983948472315673,3956595.411528091,41.61786005973489
Lares,1995-1999,1,40,5,0.0035848182196225476,2.5,0.017764881421638425,93704.18581582757,1664.6437497293664,464359.3197048144,0.9772578227052529,3484660.820672974,37.1878885701217
Lares,1995-1999,1,45,5,0.0056403259919862656,2.5,0.027809493438271687,92039.5420660982,2559.5730411486875,453798.77772761934,0.9683986886476578,3020301.5009681596,32.815259975969134
Lares,1995-1999,1,50,5,0.007228632825521675,2.5,0.0355015941554326,89479.96902494952,3176.681545364423,439458.1412613365,0.9532703497698982,2566502.7232405404,28.682427488602812
Lares,1995-1999,1,55,5,0.01202515872783216,2.5,0.05837099251395721,86303.2874795851,5037.608547400756,418922.4160294236,0.9283592370847323,2127044.581979204,24.64615942332849
Lares,1995-1999,1,60,5,0.01791455912099355,2.5,0.08573311807405576,81265.67893218434,6967.160047261263,388910.4945427685,0.9013097042593698,1708122.1659497803,21.01898597777294
Lares,1995-1999,1,65,5,0.023922475341565577,2.5,0.11286250073101504,74298.51888492308,8385.516641962968,350528.80281970795,0.8650865359599216,1319211.6714070116,17.755558135018365
Lares,1995-1999,1,70,5,0.03472821391345485,2.5,0.15976977247843638,65913.00224296011,10530.905371728397,303237.7477854795,0.814427086107557,968682.8685873037,14.696385168690517
Lares,1995-1999,1,75,5,0.0485015200468243,2.5,0.21628252248402932,55382.09687123171,11978.179611764863,246965.03532674638,0.7470433831345145,665445.1208018241,12.015527731805516
Lares,1995-1999,1,80,5,0.07051950112766613,2.5,0.29975166155135435,43403.91725946685,13010.396316362698,184493.5955064275,0.5591341095789973,418480.0854750778,9.641528043964808
Lares,1995-1999,1,85,NA,0.16305745140806352,7.698564783154498,1,30393.52094310415,30393.52094310415,233986.4899686503,0,233986.4899686503,7.698564783154498
Lares,1995-1999,2,0,1,0.009622759458864474,0.1292526311669796,0.009542800406026912,100000,954.2800406026945,99169.06316551534,0.9902531398055118,8068996.521276477,80.68996521276476
Lares,1995-1999,2,1,4,2.2844836327151646e-4,1.5084738637393942,9.132736313722031e-4,99045.7199593973,90.45584433918702,395957.5067372406,0.9990078520689565,7969827.458110962,80.46614696100048
Lares,1995-1999,2,5,5,1.1401488377678634e-4,2.5,5.69911972765587e-4,98955.26411505812,56.395789787362446,494635.3311008222,0.9993365776157679,7573869.9513737215,76.53832283816014
Lares,1995-1999,2,10,5,1.5145454825353497e-4,2.5,7.569861187910357e-4,98898.86832527076,74.8650704863685,494307.17895013787,0.9984808370588135,7079234.620272899,71.58054222612378
Lares,1995-1999,2,15,5,4.5690474097119944e-4,2.5,0.0022819171579360857,98824.00325478439,225.5081886430271,493556.24580231437,0.9970958511249443,6584927.441322761,66.63287485273942
Lares,1995-1999,2,20,5,7.068074832083718e-4,2.5,0.003527803720868858,98598.49506614136,347.83613776639686,492122.8849862908,0.9959098422776191,6091371.195520447,61.7795554732784
Lares,1995-1999,2,25,5,9.330720174617246e-4,2.5,0.004654502621929312,98250.65892837496,457.3079495884158,490110.0247679038,0.9948034289331423,5599248.310534156,56.989422479253044
Lares,1995-1999,2,30,5,0.0011515404711761774,2.5,0.0057411743692851085,97793.35097878655,561.4486801259045,487563.133193618,0.993820591021586,5109138.285766252,52.244229639646285
Lares,1995-1999,2,35,5,0.0013284320450960962,2.5,0.00662017409694424,97231.90229866064,643.6921209942084,484550.2811908177,0.9922397345480177,4621575.152572634,47.5314690272834
Lares,1995-1999,2,40,5,0.001789561608823944,2.5,0.008907954709715596,96588.21017766643,860.4034017551458,480790.0423839443,0.9892321220806437,4137024.8713818165,42.83157192551848
Lares,1995-1999,2,45,5,0.00254499374082535,2.5,0.012644518155224752,95727.80677591129,1210.4319907378522,475612.95390271186,0.9858473762592896,3656234.8289978723,38.19407288372054
Lares,1995-1999,2,50,5,0.0031607892159559088,2.5,0.01568004280427584,94517.37478517344,1482.036482379306,468881.78271991893,0.9786866790007037,3180621.87509516,33.65118722694456
Lares,1995-1999,2,55,5,0.005481365281522072,2.5,0.02703633631950711,93035.33830279413,2515.334695953454,458888.354774087,0.9605900047400772,2711740.092375241,29.14742012921556
Lares,1995-1999,2,60,5,0.010704496998414453,2.5,0.05212748862818407,90520.00360684068,4718.580458638768,440803.56688760646,0.9462032733637011,2252851.7376011545,24.887888288052437
Lares,1995-1999,2,65,5,0.011429038516915369,2.5,0.05555776305004528,85801.42314820191,4766.935136624466,417089.7778994484,0.9180786507947021,1812048.1707135479,21.119092250762066
Lares,1995-1999,2,70,5,0.02324365254189496,2.5,0.10983579979191382,81034.48801157744,8900.48780147986,382921.22055418754,0.8813226112477847,1394958.3928140993,17.21437905074196
Lares,1995-1999,2,75,5,0.027489709953872656,2.5,0.12860992587091216,72134.00021009758,9277.148419793011,337477.1300010054,0.8210114852553262,1012037.1722599119,14.029960480664473
Lares,1995-1999,2,80,5,0.053721168017863224,2.5,0.2368025642380793,62856.85179030457,14884.663683877036,277072.59974183026,0.5892543548621791,674560.0422589064,10.731686730180062
Lares,1995-1999,2,85,NA,0.1225378701484755,8.285789291813,1,47972.18810642754,47972.18810642754,397487.4425170762,0,397487.4425170762,8.285789291813
Lares,2000-2004,1,0,1,0.011425091998670636,0.1264918001712527,0.011312197270535215,100000,1131.2197270535253,99011.8702926107,0.9881342057752228,7476698.419868028,74.76698419868028
Lares,2000-2004,1,1,4,4.463766879389142e-4,1.6189163496238774,0.0017836110225276718,98868.78027294647,176.34344627869723,395055.2325950007,0.998343504564019,7377686.549575417,74.62099288782446
Lares,2000-2004,1,5,5,1.731387465133187e-4,2.5,8.653191818703861e-4,98692.43682666778,85.40045869164169,493248.68298660975,0.9989436716067404,6982631.316980417,70.75143285036036
Lares,2000-2004,1,10,5,2.4965632986034613e-4,2.5,0.0012475030317307518,98607.03636797614,123.01257681903371,492727.6503978331,0.9974017781849048,6489382.633993807,65.81054327377915
Lares,2000-2004,1,15,5,7.916893807976828e-4,2.5,0.003950627728937203,98484.0237911571,389.07371524666087,491447.43466766883,0.9946434621547567,5996654.983595974,60.88962201942864
Lares,2000-2004,1,20,5,0.0013582010124241956,2.5,0.006768024218755913,98094.95007591044,663.9089978513948,488814.97788492375,0.992809767871488,5505207.548928305,56.1212126074596
Lares,2000-2004,1,25,5,0.0015288848761378147,2.5,0.007615317023129928,97431.04107805905,741.9682657030207,485300.2847260377,0.991249171957374,5016392.5710433815,51.486595191201815
Lares,2000-2004,1,30,5,0.0019888504290194067,2.5,0.0098950526956,96689.07281235603,956.7434705669584,481053.5053853627,0.988811499216445,4531092.286317344,46.862506325930035
Lares,2000-2004,1,35,5,0.002514685444468468,2.5,0.01249487551835123,95732.32934178907,1196.16353820746,475671.2378634267,0.9856674806277873,4050038.780931981,42.305862698402535
Lares,2000-2004,1,40,5,0.00326511969570795,2.5,0.01619341488384472,94536.1658035816,1530.8633543853357,468853.6706319447,0.9825137190158433,3574367.5430685543,37.80952519795483
Lares,2000-2004,1,45,5,0.003795766538191753,2.5,0.018800427605933027,93005.30244919627,1748.539455664024,460655.16360682127,0.9755804092673591,3105513.8724366096,33.39071849299111
Lares,2000-2004,1,50,5,0.006121555638196439,2.5,0.030146420711783053,91256.76299353225,2751.0647699984984,449406.153042665,0.9623847350992881,2644858.708829788,28.98260492778207
Lares,2000-2004,1,55,5,0.009273370614266467,2.5,0.045316266730710264,88505.69822353375,4010.7478278854105,432501.62154795526,0.9472032919131289,2195452.5557871233,24.805776349475206
Lares,2000-2004,1,60,5,0.012505565301147914,2.5,0.060632225856241624,84494.95039564834,5123.116916100873,409666.9596879895,0.9234278195786761,1762950.934239168,20.864571503789694
Lares,2000-2004,1,65,5,0.019626121807387792,2.5,0.09354099178981218,79371.83347954747,7424.520023852703,378297.86733810557,0.873639328425235,1353283.9745511783,17.049927099137662
Lares,2000-2004,1,70,5,0.03539005836453044,2.5,0.16256714035900244,71947.31345569476,11696.269005005066,330495.89476596116,0.8062265817720595,974986.1072130728,13.551390043402668
Lares,2000-2004,1,75,5,0.05224252074902923,2.5,0.23103763291652565,60251.0444506897,13920.258690635725,266454.57552685915,0.720181150442955,644490.2124471116,10.696747555547713
Lares,2000-2004,1,80,5,0.08287500865175222,2.5,0.34325656605484584,46330.78576005397,15903.34642261888,191895.56274372266,0.49238763755967413,378035.6369202525,8.159491161623937
Lares,2000-2004,1,85,NA,0.15347296209813727,6.117507034103932,1,30427.43933743509,30427.43933743509,186140.07417652986,0,186140.07417652986,6.117507034103932
Lares,2000-2004,2,0,1,0.007153142760892149,0.1343283602778212,0.007109121143241522,100000,710.91211432415,99384.58354429466,0.9926493395253196,8170914.11828956,81.7091411828956
Lares,2000-2004,2,1,4,2.1902173989609368e-4,1.512433459899946,8.756099000340817e-4,99289.08788567585,86.93850831805321,396940.0862183652,0.9991304871794531,8071529.534745266,81.29321868722415
Lares,2000-2004,2,5,5,9.488963285271703e-5,2.5,4.7433564042666254e-4,99202.1493773578,47.05511505660252,495893.1090991475,0.9994468811715782,7674589.4485269,77.36313675355277
Lares,2000-2004,2,10,5,1.2642782812817042e-4,2.5,6.319394038250167e-4,99155.0942623012,62.66001115433755,495618.82128362014,0.9987925279215967,7178696.339427753,72.39866385924154
Lares,2000-2004,2,15,5,3.569920611792982e-4,2.5,0.0017833686847399713,99092.43425114686,176.71834413813485,495020.375395389,0.9973559478963202,6683077.518144133,67.44286351071031
Lares,2000-2004,2,20,5,7.024861903820471e-4,2.5,0.0035062731806873863,98915.71590700872,346.8255218332488,493711.51573046047,0.995931031049255,6188057.142748744,62.55888749332993
Lares,2000-2004,2,25,5,9.288809777734446e-4,2.5,0.004633644627985478,98568.89038517547,456.73320941974816,491702.61890232796,0.9948027791890501,5694345.627018283,57.77021131887165
Lares,2000-2004,2,30,5,0.0011560154139737796,2.5,0.005763420562350671,98112.15717575572,565.4616240833275,489147.13181857025,0.9940662746934584,5202643.008115956,53.02750604898094
Lares,2000-2004,2,35,5,0.0012247419911900037,2.5,0.006105017278405509,97546.6955516724,595.5242617943295,486244.6671038762,0.993235264830071,4713495.876297385,48.32040541855725
Lares,2000-2004,2,40,5,0.0014912399199146216,2.5,0.007428505390115505,96951.17128987807,720.2022985048825,482955.35070312815,0.9905288240957304,4227251.209193509,43.60185805857143
Lares,2000-2004,2,45,5,0.0023191959546359922,2.5,0.011529133971014873,96230.96899137319,1109.4597336621082,478381.1956227106,0.9876781489574002,3744295.858490381,38.90946851866415
Lares,2000-2004,2,50,5,0.0026421000253560234,2.5,0.013123814053173475,95121.50925771108,1248.3569999554165,472486.6537886668,0.9813754827995189,3265914.6628676704,34.33413418640556
Lares,2000-2004,2,55,5,0.0048989473846663975,2.5,0.024198370562876506,93873.15225775566,2271.577324238504,463686.81797818205,0.9669678337505953,2793428.0090790037,29.7574752939887
Lares,2000-2004,2,60,5,0.008597927278354432,2.5,0.04208502640052383,91601.57493351716,3855.0546994066244,448370.23791906924,0.9460220661826252,2329741.1911008214,25.433418506086902
Lares,2000-2004,2,65,5,0.013734612239041813,2.5,0.06639334410390794,87746.52023411053,5825.784911823823,424168.13889099314,0.9209376195326101,1881370.9531817522,21.440975074136208
Lares,2000-2004,2,70,5,0.019426223414560646,2.5,0.09263237408672838,81920.73532228671,7588.512199833931,390632.39611184876,0.8863054509503886,1457202.8142907592,17.78796062508394
Lares,2000-2004,2,75,5,0.029393473973728396,2.5,0.13690694318995067,74332.22312245278,10176.597448208377,346219.6219917429,0.8237786316306992,1066570.4181789104,14.348695268024915
Lares,2000-2004,2,80,5,0.04988606379925491,2.5,0.22177198990326905,64155.6256742444,14227.920769266442,285208.3264480559,0.6040702280643405,720350.7961871674,11.228178177932662
Lares,2000-2004,2,85,NA,0.13126380150151779,8.715451082064986,1,49927.70490497796,49927.70490497796,435142.46973911143,0,435142.46973911143,8.715451082064986
Lares,2005-2009,1,0,1,0.010026881376469825,0.1292818595573233,0.009940098476893491,100000,994.0098476893472,99134.49759383823,0.9896391721894017,7566438.064842882,75.66438064842882
Lares,2005-2009,1,1,4,3.6030159334517577e-4,1.62305048328912,0.0014399731534472254,99005.99015231065,142.56596784979047,395685.08850086265,0.9985733306311635,7467303.567249043,75.42274518704733
Lares,2005-2009,1,5,5,1.6472224753848983e-4,2.5,8.23272209570708e-4,98863.42418446086,81.39150967406749,494113.64214811916,0.9990430523603007,7071618.47874818,71.52916801216442
Lares,2005-2009,1,10,5,2.1826567716578022e-4,2.5,0.001090733211771215,98782.0326747868,107.74484376466717,493640.8012645223,0.9978130505429161,6577504.8366000615,66.58604463277976
Lares,2005-2009,1,15,5,6.579530156581261e-4,2.5,0.0032843626874538173,98674.28783102213,324.08214916328143,492561.2337822024,0.9949169806087914,6083864.035335539,61.65602173642279
Lares,2005-2009,1,20,5,0.001382280901451475,2.5,0.006887603002041121,98350.20568185885,677.3971719057299,490057.5354795299,0.9929088163167022,5591302.801553337,56.85095178793997
Lares,2005-2009,1,25,5,0.0014645781646517014,2.5,0.007296176272124498,97672.80850995312,712.638027882087,486582.44748006033,0.9919820710284304,5101245.266073806,52.22789580739839
Lares,2005-2009,1,30,5,0.001756678346181735,2.5,0.008744986410247338,96960.17048207103,847.9153732009727,482681.0639773527,0.9895492678865528,4614662.818593746,47.59338598158763
Lares,2005-2009,1,35,5,0.00244921054246593,2.5,0.01217152613699806,96112.25510887006,1169.8328251434286,477636.6934814917,0.9878780748952026,4131981.7546163937,42.99120595948913
Lares,2005-2009,1,40,5,0.0024290037003884043,2.5,0.012071712913599124,94942.42228372663,1146.1176651308488,471846.817255806,0.9837693865550062,3654345.061134902,38.490118255190815
Lares,2005-2009,1,45,5,0.004130278633530094,2.5,0.02044033249622198,93796.30461859578,1917.2276533210097,464188.4539596764,0.9758424857438361,3182498.243879096,33.92988942176453
Lares,2005-2009,1,50,5,0.00566969275243037,2.5,0.027952261920095842,91879.07696527477,2568.2280243100104,452974.81476559886,0.9652627596551943,2718309.7899194197,29.585732461665796
Lares,2005-2009,1,55,5,0.0085212065867226,2.5,0.04171732800810517,89310.84894096476,3725.8099799525517,437239.7197549424,0.9497054526821217,2265334.9751538206,25.36461137718248
Lares,2005-2009,1,60,5,0.01221074629789476,2.5,0.05924516237172696,85585.03896101221,5070.4995298357535,415248.9459804716,0.9176590530675568,1828095.2553988784,21.359986249835757
Lares,2005-2009,1,65,5,0.022585329928147886,2.5,0.10689121618106368,80514.53943117645,8606.297040056656,381056.95455574064,0.8787100654685889,1412846.3094184066,17.547716467112163
Lares,2005-2009,1,70,5,0.0295098974092081,2.5,0.13741195528769415,71908.2423911198,9881.052188265225,334838.58148493594,0.8263631187398874,1031789.354862666,14.348693843059156
Lares,2005-2009,1,75,5,0.04833813875400008,2.5,0.215632508482723,62027.190202854574,13375.07861757651,276698.2544703316,0.7373196586228254,696950.77337773,11.236213845870056
Lares,2005-2009,1,80,5,0.07694627036370928,2.5,0.3226622164590224,48652.111585278064,15698.198159517502,204015.06252759657,0.5145417258699388,420252.5189073985,8.637909131051266
Lares,2005-2009,1,85,NA,0.15174878325116045,6.5618141792763796,1,32953.91342576056,32953.91342576056,216237.4563798019,0,216237.4563798019,6.5618141792763796
Lares,2005-2009,2,0,1,0.00576112051730824,0.13718934183439188,0.005732625035952715,100000,573.262503595266,99505.3830019713,0.9940370856513902,8218176.399525741,82.18176399525741
Lares,2005-2009,2,1,4,1.9615377935682776e-4,1.514673019066505,7.842327990126162e-4,99426.73749640473,77.97370864350523,397513.1598237238,0.9992260173202991,8118671.01652377,81.65480655359269
Lares,2005-2009,2,5,5,8.856412404226015e-5,2.5,4.427225968638383e-4,99348.76378776123,43.9839426993276,496633.85908205784,0.9995090886665492,7721157.856700046,77.71770440138295
Lares,2005-2009,2,10,5,1.0785335577277612e-4,2.5,5.391214137297813e-4,99304.7798450619,53.537333300191676,496390.05589205906,0.9988515057963203,7224523.997617989,72.7510197282537
Lares,2005-2009,2,15,5,3.519485365532811e-4,2.5,0.001758195696760283,99251.24251176171,174.50310748229094,495819.9547901028,0.9975114066972479,6728133.941725929,67.78891398693186
Lares,2005-2009,2,20,5,6.450941615576988e-4,2.5,0.003220277352491772,99076.73940427942,319.05458006233675,494586.0605712413,0.9964425449702925,6232313.986935827,62.90390685451478
Lares,2005-2009,2,25,5,7.806650310665095e-4,2.5,0.0038957220204522405,98757.68482421708,384.73248745857563,492826.59290243895,0.9956489194194704,5737727.926364586,58.09905261122116
Lares,2005-2009,2,30,5,9.639614752004698e-4,2.5,0.00480822002882217,98372.9523367585,472.9987997199787,490682.2646844926,0.9944234049131352,5244901.333462146,53.316498172255336
Lares,2005-2009,2,35,5,0.0012737799143575832,2.5,0.006348682511124657,97899.95353703853,621.5357228605135,487945.92837804137,0.9922091402174187,4754219.068777653,48.56201557827081
Lares,2005-2009,2,40,5,0.0018570318736140681,2.5,0.00924225147911864,97278.41781417801,899.0716009293974,484144.41006856656,0.9906467970813831,4266273.1403996125,43.856317118038255
Lares,2005-2009,2,45,5,0.0019020394548127718,2.5,0.009465189365015026,96379.34621324862,912.248762784744,479616.1091592812,0.987138751566664,3782128.730331046,39.24210817909805
Lares,2005-2009,2,50,5,0.0032847053297985233,2.5,0.01628975900344326,95467.09745046387,1555.1360102262988,473447.64722675364,0.9805060529269234,3302512.6211717646,34.59320236362458
Lares,2005-2009,2,55,5,0.004602596267468873,2.5,0.022751194925235998,93911.96144023757,2136.6093405380816,464218.2838498427,0.9715011293757508,2829064.973945011,30.12465005051921
Lares,2005-2009,2,60,5,0.006996339764008525,2.5,0.03438035717011736,91775.35209969949,3155.2693846009497,450988.58703699504,0.95506961681042,2364846.6900951685,25.767775726168114
Lares,2005-2009,2,65,5,0.011492160695550818,2.5,0.0558560370925437,88620.08271509854,4949.966627278845,430725.4970072956,0.9361015839281646,1913858.1030581733,21.596212104777262
Lares,2005-2009,2,70,5,0.015027435029169653,2.5,0.07241658628236694,83670.1160878197,6059.1041809292365,403202.81998677534,0.8938970340117738,1483132.6060508778,17.725953726348244
Lares,2005-2009,2,75,5,0.030667683550854998,2.5,0.14241924677514667,77611.01190689046,11053.301857236278,360421.8048913616,0.8208605826749796,1079929.7860641023,13.914646382393373
Lares,2005-2009,2,80,5,0.0499330632317405,2.5,0.22195774132750143,66557.71004965418,14772.99899055199,295856.05277189094,0.5888078235217501,719507.9811727408,10.81028750291987
Lares,2005-2009,2,85,NA,0.10376071020608814,8.181023312408433,1,51784.71105910219,51784.71105910219,423651.92840084987,0,423651.92840084987,8.181023312408433
Lares,2010-2014,1,0,1,0.00939910491270329,0.13053455610194623,0.009322916205554657,100000,932.2916205554648,99189.40465229131,0.9902936953042473,7818127.955694654,78.18127955694654
Lares,2010-2014,1,1,4,3.332401181679183e-4,1.624910053472664,0.0013319063017925715,99067.70837944454,131.948905094745,395957.44299983233,0.9986577680557468,7718938.551042363,77.9157878718426
Lares,2010-2014,1,5,5,1.5899590922436487e-4,2.5,7.946636754378148e-4,98935.75947434979,78.62065425611218,494482.2457361087,0.9991218042529953,7322981.108042531,74.01753569134016
Lares,2010-2014,1,10,5,1.9245139957809523e-4,2.5,9.617942512660703e-4,98857.13882009368,95.08022781378531,494047.9935309339,0.9980224320416091,6828498.862306422,69.07441327766269
Lares,2010-2014,1,15,5,5.997618536025918e-4,2.5,0.0029943195713719476,98762.0585922799,295.72516495182936,493070.98004901985,0.9950311580824458,6334450.868775488,64.1385058094632
Lares,2010-2014,1,20,5,0.0013947049819962992,2.5,0.006949294371279042,98466.33342732806,684.271536647022,490620.98829502275,0.9928862458121744,5841379.888726468,59.32362550127482
Lares,2010-2014,1,25,5,0.0014611912484971269,2.5,0.007279364881835745,97782.06189068104,711.7913074005191,487130.8311849039,0.9922212349714696,5350758.900431445,54.721272971452755
Lares,2010-2014,1,30,5,0.0016632528157517659,2.5,0.008281827147950336,97070.27058328052,803.9192021754861,483341.55491096387,0.9912642308886201,4863628.069246542,50.10419812391311
Lares,2010-2014,1,35,5,0.001847191466960077,2.5,0.009193501938967532,96266.35138110504,885.0248880795261,479119.19468532637,0.9886279558169494,4380286.514335577,45.501740239376424
Lares,2010-2014,1,40,5,0.00273270262120769,2.5,0.013570800699430398,95381.32649302551,1294.4009722841438,473670.6300344172,0.9843158854399724,3901167.319650251,40.90074507336101
Lares,2010-2014,1,45,5,0.0035973646825994444,2.5,0.01782650233818308,94086.92552074137,1677.2407977879484,466241.52560923697,0.978421769186854,3427496.689615834,36.42904336224958
Lares,2010-2014,1,50,5,0.005144946485443102,2.5,0.02539805336373835,92409.68472295342,2347.026103919823,456180.8583549675,0.9720094979703667,2961255.164006597,32.04485734243673
Lares,2010-2014,1,55,5,0.006225509461631493,2.5,0.030650509712608288,90062.6586190336,2760.466392746006,443412.12711330294,0.9567905232385736,2505074.3056516293,27.814794100717496
Lares,2010-2014,1,60,5,0.011557682663399146,2.5,0.056165554187221106,87302.19222628759,4903.376008148756,424252.52111106605,0.9285732522328116,2061662.1785383264,23.61523950274342
Lares,2010-2014,1,65,5,0.018321674033327292,2.5,0.08759610209375679,82398.81621813883,7217.81511784879,393949.54329607217,0.8980261076102523,1637409.6574272604,19.871761908477634
Lares,2010-2014,1,70,5,0.02501918678329009,2.5,0.11773203451187696,75181.00110029004,8851.212216176806,353776.97496100824,0.8639912638032549,1243460.1141311883,16.539552492423397
Lares,2010-2014,1,75,5,0.03400995927442527,2.5,0.15672432647067766,66329.78888411324,10395.491487804895,305660.21570105397,0.7979045695219837,889683.13917018,13.41302534106617
Lares,2010-2014,1,80,5,0.05868898951767561,2.5,0.255898837159308,55934.29739630834,14313.521661038212,243887.68282894616,0.582400496575989,584022.923469126,10.441231063137863
Lares,2010-2014,1,85,NA,0.12375635248842577,8.172246543495913,1,41620.77573527013,41620.77573527013,340135.24064017984,0,340135.24064017984,8.172246543495913
Lares,2010-2014,2,0,1,0.005330503681008689,0.13807437569953326,0.005306124703194495,100000,530.612470319451,99542.6515152583,0.9945004526424389,8257172.688279281,82.57172688279282
Lares,2010-2014,2,1,4,1.7201238830124362e-4,1.5153669351079027,6.877556149368661e-4,99469.38752968055,68.41062978786067,397707.57480596117,0.9992941384351397,8157630.036764023,82.0114634196363
Lares,2010-2014,2,5,5,8.504581481487824e-5,2.5,4.2513868341004143e-4,99400.97689989269,42.25920044888335,496899.23649834126,0.9995400331367631,7759922.461958062,78.0668631634589
Lares,2010-2014,2,10,5,9.898646097182517e-5,2.5,4.948098561678357e-4,99358.7176994438,49.16367281388375,496670.6793151843,0.9989727650436605,7263023.22545972,73.09900322415672
Lares,2010-2014,2,15,5,3.122282533401584e-4,2.5,0.0015599236361201673,99309.55402662992,154.9153206186893,496160.48183160287,0.9978348642532624,6766352.546144536,68.1339536005784
Lares,2010-2014,2,20,5,5.550277557893559e-4,2.5,0.002771293417032057,99154.63870601123,274.78659751416126,495086.2270362707,0.996846307942155,6270192.064312933,63.236497516810616
Lares,2010-2014,2,25,5,7.086840385726469e-4,2.5,0.003537153382502827,98879.85210849707,349.753203346947,493524.877534118,0.9959816509320629,5775105.837276663,58.40528392922615
Lares,2010-2014,2,30,5,9.022812697013069e-4,2.5,0.004501252858146298,98530.09890515012,443.50888931023655,491541.722302475,0.9948430265850647,5281580.959742544,53.60373143263412
Lares,2010-2014,2,35,5,0.0011665238286449678,2.5,0.005815658881563303,98086.59001583989,570.438148387897,489006.85470822966,0.9934202706506267,4790039.237440069,48.834802358472565
Lares,2010-2014,2,40,5,0.0014750734954750346,2.5,0.007348269383860813,97516.15186745199,716.5749531995098,485789.32195426116,0.9914391950544996,4301032.38273184,44.1058460610503
Lares,2010-2014,2,45,5,0.0019660797076093252,2.5,0.009782316503121129,96799.57691425248,946.9240987434314,481630.57432440383,0.9896118218043858,3815243.0607775785,39.41384025012028
Lares,2010-2014,2,50,5,0.002212172007651203,2.5,0.011000025168851037,95852.65281550905,1054.3815934717422,476627.3100938659,0.9824626492416784,3333612.4864531746,34.7785104379896
Lares,2010-2014,2,55,5,0.0048884996283415985,2.5,0.024147386911848017,94798.2712220373,2289.130533772841,468268.52977575443,0.9723908724785649,2856985.176359309,30.137524023699275
Lares,2010-2014,2,60,5,0.0063299148052915425,2.5,0.031156528597333335,92509.14068826447,2882.2636873686424,455340.0442229007,0.9604023893052502,2388716.6465835543,25.82141212005207
Lares,2010-2014,2,65,5,0.009901193060845281,2.5,0.04831014512014636,89626.87700089582,4329.887434578792,437309.66641803214,0.935434501322861,1933376.6023606537,21.571393169722175
Lares,2010-2014,2,70,5,0.017024181155911734,2.5,0.08164601442882252,85296.98956631703,6964.159240866633,409074.5497294186,0.8973965264467098,1496066.9359426214,17.539504542296346
Lares,2010-2014,2,75,5,0.02676320618322629,2.5,0.1254241499523077,78332.8303254504,9824.828656927959,367102.0799849321,0.8277886346103678,1086992.386213203,13.876587654206569
Lares,2010-2014,2,80,5,0.0508841728570636,2.5,0.2257084010495732,68508.00166852244,15462.8315157037,303882.92955335294,0.5778760639999585,719890.3062282709,10.508120054522637
Lares,2010-2014,2,85,NA,0.10280540580430567,7.842511871984482,1,53045.17015281874,53045.17015281874,416007.3766749179,0,416007.3766749179,7.842511871984482
Lares,2015-2019,1,0,1,0.01007607227929294,0.12918370157028491,0.009988429721982888,100000,998.842972198283,99130.19126023776,0.9897167998430468,7784578.733460307,77.84578733460307
Lares,2015-2019,1,1,4,2.9384954686685795e-4,1.6229048612476655,0.001174577735135933,99001.15702780172,116.2845547975594,395728.20866128564,0.9987756305370379,7685448.54220007,77.62988608347098
Lares,2015-2019,1,5,5,1.3908029052575257e-4,2.5,6.951597450804938e-4,98884.87247300416,68.74078274064232,494252.5104081692,0.9992295228170753,7289720.333538784,73.71926717637116
Lares,2015-2019,1,10,5,1.6924097895682814e-4,2.5,8.458470148420418e-4,98816.13169026352,83.58333000846324,493871.70012629643,0.9981684725632372,6795467.823130615,68.7688103844302
Lares,2015-2019,1,15,5,5.644037166407236e-4,2.5,0.0028180422993351294,98732.54836025505,278.2324976003438,492967.1605572744,0.9960624525762396,6301596.123004318,63.824911112504374
Lares,2015-2019,1,20,5,0.0010146103291511213,2.5,0.005060216276500915,98454.31586265471,498.2001316199603,491026.07898422366,0.9942534184931866,5808628.9624470435,58.99821568564013
Lares,2015-2019,1,25,5,0.0012914436598268843,2.5,0.006436437557944224,97956.11573103475,630.4884223215631,488204.35759936983,0.9932732209964802,5317602.88346282,54.28556291537478
Lares,2015-2019,1,30,5,0.0014087442528423698,2.5,0.0070190013197869924,97325.62730871318,683.1287065289507,484920.31477724353,0.9911008914688948,4829398.52586345,49.62103671363742
Lares,2015-2019,1,35,5,0.0021702121127263833,2.5,0.01079250549823458,96642.49860218423,1043.0146975272073,480604.95626710315,0.9869461768747994,4344478.211086207,44.95411722506952
Lares,2015-2019,1,40,5,0.0030916753201435452,2.5,0.01533981230293617,95599.48390465703,1466.4781393550074,474331.2241748976,0.984041254595814,3863873.2548191035,40.41730244770578
Lares,2015-2019,1,45,5,0.0033452081669919074,2.5,0.016587320732998186,94133.00576530202,1561.4143581902172,466761.49293103453,0.975933575409744,3389542.0306442063,36.00800806356076
Lares,2015-2019,1,50,5,0.00643625942111208,2.5,0.0316716792457408,92571.5914071118,2931.897750313816,455528.21265977446,0.9674554294486137,2922780.5377131714,31.573191011261247
Lares,2015-2019,1,55,5,0.006802968487337433,2.5,0.03344601202215263,89639.69365679799,2998.0902717073477,440703.24260472157,0.9596928750118605,2467252.325053397,27.524104829047335
Lares,2015-2019,1,60,5,0.009711316766630307,2.5,0.047405655490652836,86641.60338509064,4107.302001231379,422939.7619223747,0.9336385513493677,2026549.0824486755,23.390022844353386
Lares,2015-2019,1,65,5,0.018029742526477613,2.5,0.08626057283632457,82534.30138385926,7119.456116017565,394872.8666292524,0.8942214588324372,1603609.320526301,19.42961040002102
Lares,2015-2019,1,70,5,0.027153982607676944,2.5,0.127139081985883,75414.8452678417,9588.1741954608,353103.79085055646,0.8505822113010582,1208736.4538970485,16.027831783041215
Lares,2015-2019,1,75,5,0.03834212900128084,2.5,0.1749415648851256,65826.6710723809,11515.82084858074,300343.80324045266,0.7870572664564662,855632.663046492,12.998267254099266
Lares,2015-2019,1,80,5,0.05950642527829735,2.5,0.25900149379742676,54310.85022380015,14066.591337372549,236387.7727755694,0.5742976495906312,555288.8598060394,10.224271163457134
Lares,2015-2019,1,85,NA,0.11267007268301657,7.924138643736325,1,40244.258886427604,40244.258886427604,318901.08703046996,0,318901.08703046996,7.924138643736325
Lares,2015-2019,2,0,1,0.004873319128718029,0.13901401339431968,0.00485295680391559,100000,485.29568039155856,99582.1672198226,0.9949758399998572,8453022.697391348,84.53022697391349
Lares,2015-2019,2,1,4,1.5486771410845772e-4,1.5161042392800295,6.192326529529559e-4,99514.70431960844,61.62275436366326,397905.752780106,0.9993619758019285,8353440.530171526,83.94177109086338
Lares,2015-2019,2,5,5,7.634978782302489e-5,2.5,3.816760868944956e-4,99453.08156524478,37.95886300141865,497170.51066872035,0.9995758800806255,7955534.77739142,79.99284338084894
Lares,2015-2019,2,10,5,9.33377663327013e-5,2.5,4.6657995783580644e-4,99415.12270224336,46.3851037586719,496959.6507518201,0.9990246854531274,7458364.266722699,75.02243183927989
Lares,2015-2019,2,15,5,2.9707779671304485e-4,2.5,0.0014842866120742101,99368.73759848469,147.49168687613565,496474.9587752331,0.9979316659466284,6961404.615970879,70.05628514774486
Lares,2015-2019,2,20,5,5.313548439537731e-4,2.5,0.002653249677098503,99221.24591160855,263.25873867627524,495448.08271135204,0.9968156499193022,6464929.657195646,65.15670709229899
Lares,2015-2019,2,25,5,7.447567545568547e-4,2.5,0.0037168633750234888,98957.98717293228,367.8133181891317,493870.40256918856,0.996223453642304,5969481.574484294,60.32339324012758
Lares,2015-2019,2,30,5,7.6876506542924e-4,2.5,0.003836452001461401,98590.17385474315,378.2364698094607,492005.2780991921,0.9952710272616659,5475611.171915106,55.53911670733579
Lares,2015-2019,2,35,5,0.0011281590633595016,2.5,0.00562493077521045,98211.93738493368,552.4353490895446,489678.59855194454,0.9943537333343119,4983605.893815913,50.743382388263825
Lares,2015-2019,2,40,5,0.0011367660873816297,2.5,0.005667723247955798,97659.50203584414,553.5070300723455,486913.74260403984,0.993023580045408,4493927.295263968,46.016283122297246
Lares,2015-2019,2,45,5,0.0016654205677366467,2.5,0.008292576270980194,97105.9950057718,805.2588699547923,483516.827853972,0.990132027114567,4007013.552659929,41.264327217096735
Lares,2015-2019,2,50,5,0.0023045094229363202,2.5,0.011456542837374096,96300.736135817,1103.273508810642,478745.4969070584,0.9853241835312484,3523496.7248059567,36.588471347058245
Lares,2015-2019,2,55,5,0.00361892788603338,2.5,0.01793239928061663,95197.46262700636,1707.1189103290526,471719.5158592091,0.979254075078438,3044751.2278988985,31.983533424924918
Lares,2015-2019,2,60,5,0.004778578105193628,2.5,0.023610825096340812,93490.34371667731,2207.384153691266,461933.25819915836,0.9691059755776934,2573031.7120396895,27.521898088611888
Lares,2015-2019,2,65,5,0.007820642793179651,2.5,0.03835334444875453,91282.95956298604,3501.006790420928,447662.2808388779,0.9467456091084621,2111098.453840531,23.126972043274456
Lares,2015-2019,2,70,5,0.014239425494806916,2.5,0.06874973562836513,87781.95277256511,6034.986046055477,423822.29874768684,0.910045361362868,1663436.173001653,18.949637373771598
Lares,2015-2019,2,75,5,0.023891589236260516,2.5,0.1127249978198755,81746.96672650964,9214.926646027234,385697.51701748004,0.8531676670436028,1239613.8742539661,15.16403511828376
Lares,2015-2019,2,80,5,0.040837628161684375,2.5,0.1852728785062173,72532.0400804824,13438.219849639303,329064.65077831375,0.614640651874547,853916.3572364862,11.77295380481468
Lares,2015-2019,2,85,NA,0.09875381911983362,8.881668242261215,1,59093.8202308431,59093.8202308431,524851.7064581724,0,524851.7064581724,8.881668242261215
Lares,2020-2024,1,0,1,0.010405310355106364,0.12852672345190302,0.010311803438062024,100000,1031.1803438062052,99101.353887071207,0.9893166910501638,7801336.612343989,78.0133661234399
Lares,2020-2024,1,1,4,3.383648810651416e-4,1.6219305362411192,0.0013523713316480317,98968.8196561938,133.8425944300834,395556.9916380107,0.9986607588351364,7702235.258456918,77.82486731895551
Lares,2020-2024,1,5,5,1.4494582673524434e-4,2.5,7.244666126459417e-4,98834.97706176371,71.60264104286034,493995.8787062114,0.9991979602354341,7306678.266818907,73.92806154295798
Lares,2020-2024,1,10,5,1.7601124711029772e-4,2.5,8.796691563883377e-4,98763.37442072085,86.87909425875114,493599.67436795734,0.9981396975946496,6812682.388112696,68.97984630508306
Lares,2020-2024,1,15,5,5.691685406350913e-4,2.5,0.002841799046635078,98676.4953264621,280.4187703440257,492681.42970645044,0.9960426406065818,6319082.713744739,64.03837806398207
Lares,2020-2024,1,20,5,0.001017803029110099,2.5,0.005076098973272845,98396.07655611807,499.46822318059276,490731.7122226389,0.9935304368620714,5826401.2840382885,59.213756157394414
Lares,2020-2024,1,25,5,0.0015802457255562703,2.5,0.007870136752873172,97896.60833293748,770.4596952226711,487556.8924266307,0.9910391383818387,5335669.571815649,54.50310958342419
Lares,2020-2024,1,30,5,0.002022219753077092,2.5,0.010060238731675795,97126.14863771481,977.1122423836496,483187.9625826149,0.9902788182609489,4848112.679389019,49.915627741739364
Lares,2020-2024,1,35,5,0.0018845732213284194,2.5,0.009378679087990447,96149.03639533116,901.7509569713147,478490.8045842275,0.987904231295318,4364924.716806403,45.397487904708285
Lares,2020-2024,1,40,5,0.0029898993920408116,2.5,0.014838582289786606,95247.28543835985,1413.3346828559152,472703.0904846595,0.9845837917715171,3886433.9122221763,40.80361864735051
Lares,2020-2024,1,45,5,0.003226321544087987,2.5,0.01600253441656947,93833.95075550393,1501.581026407628,465415.8012115006,0.9741243716388791,3413730.8217375167,36.38055090137277
Lares,2020-2024,1,50,5,0.007313162474700194,2.5,0.03590928626154792,92332.3697290963,3315.5894958092103,453372.8749059585,0.962510829681173,2948315.020526016,31.93154285085923
Lares,2020-2024,1,55,5,0.007981734247473726,2.5,0.03912789998893511,89016.78023328709,3483.039674305066,436376.30198067275,0.9592776658999655,2494942.145620058,28.027773404986565
Lares,2020-2024,1,60,5,0.008659848642203694,2.5,0.04238169553958652,85533.74055898203,3625.0649507327616,418606.04041807825,0.9448809191681391,2058565.843639385,24.067295902017136
Lares,2020-2024,1,65,5,0.014168752293492218,2.5,0.0684201896692188,81908.67560824926,5604.207120670922,395532.860239569,0.9108670195616794,1639959.8032213068,20.021808325468047
Lares,2020-2024,1,70,5,0.023586801827751656,2.5,0.11136702902911999,76304.46848757834,8497.801957107702,360277.8375451225,0.8590446409717675,1244426.9429817377,16.30870337802456
Lares,2020-2024,1,75,5,0.03817652799328637,2.5,0.17425181658234007,67806.66653047064,11815.434819327478,309494.7456040345,0.7916124310973955,884149.1054366153,13.039265173717109
Lares,2020-2024,1,80,5,0.05707148825988665,2.5,0.24972674833498398,55991.23171114316,13982.508230494423,244999.88797947974,0.5736569578087639,574654.3598325808,10.263291988238494
Lares,2020-2024,1,85,NA,0.1092057757521544,7.84728610011099,1,42008.72348064874,42008.72348064874,329654.47185310104,0,329654.47185310104,7.84728610011099
Lares,2020-2024,2,0,1,0.005809343624158483,0.1370902303295758,0.00578036699488453,100000,578.0366994884535,99501.20648478337,0.9940664274915006,8469292.065583115,84.69292065583116
Lares,2020-2024,2,1,4,1.5773435217098888e-4,1.5145953428993228,6.306901568923134e-4,99421.96330051155,62.70445363254112,397532.00726096693,0.9993297356159974,8369790.859098332,84.18452604682439
Lares,2020-2024,2,5,5,7.749074766061862e-5,2.5,3.8737869264179154e-4,99359.258846879,38.489659793965984,496700.07008491014,0.9995803928089619,7972258.851837365,80.23669806276723
Lares,2020-2024,2,10,5,9.039005707248525e-5,2.5,4.518481789057278e-4,99320.76918708504,44.87790868469165,496491.6511637134,0.9989442400055356,7475558.781752455,75.26682327309769
Lares,2020-2024,2,15,5,3.322647325254794e-4,2.5,0.0016599448098317824,99275.89127840035,164.79250046900415,495967.4751408292,0.9978173565205988,6979067.130588741,70.29971769296208
Lares,2020-2024,2,20,5,5.419755987415437e-4,2.5,0.002706211242561448,99111.09877793134,268.21556977546425,494884.954965218,0.996978565901381,6483099.655447912,65.41244860955449
Lares,2020-2024,2,25,5,6.686182266148884e-4,2.5,0.0033375123291374087,98842.88320815588,329.8893413547048,493389.6926873926,0.9964407140447148,5988214.7004826935,60.58316497983928
Lares,2020-2024,2,30,5,7.57793358758159e-4,2.5,0.003781802232251453,98512.99386680117,372.55666011123685,491633.57768372784,0.9951420870181484,5494825.007795301,55.77766741334469
Lares,2020-2024,2,35,5,0.0011911583777290066,2.5,0.005938108818477543,98140.43720668994,582.7685956263012,489245.2645443839,0.9943495726009559,5003191.430111573,50.979917886187295
Lares,2020-2024,2,40,5,0.001075087284537577,2.5,0.005361027491467553,97557.66861106364,523.0093434273876,486480.81969674974,0.9932504948102028,4513946.165567189,46.2695165826798
Lares,2020-2024,2,45,5,0.0016357553304735721,2.5,0.008145466676031577,97034.65926763625,790.3925834846159,483197.3148794697,0.9887763451202173,4027465.34587044,41.50543090754905
Lares,2020-2024,2,50,5,0.0028860992028411194,2.5,0.014327122273772242,96244.26668415163,1378.9033769333619,477774.0749784248,0.9825907206564475,3544268.0309909703,36.82575755522483
Lares,2020-2024,2,55,5,0.004149858581867819,2.5,0.02053623671392274,94865.36330721827,1948.1775568293233,469456.37264401803,0.9764677363344169,3066493.956012545,32.32469522181461
Lares,2020-2024,2,60,5,0.005389883033025201,2.5,0.026591107763713547,92917.18575038895,2470.770899389594,458409.00150347076,0.9705841441107147,2597037.5833685272,27.950024125194258
Lares,2020-2024,2,65,5,0.006569713055153262,2.5,0.0323177691018123,90446.41485099935,2923.026351241322,444924.5083768935,0.949204388269219,2138628.5818650564,23.645255429838926
Lares,2020-2024,2,70,5,0.01448426893835606,2.5,0.06989056050525394,87523.38849975803,6117.058679567184,422324.2957998722,0.9144375636880309,1693704.073488163,19.35144539671068
Lares,2020-2024,2,75,5,0.021587811317390546,2.5,0.10241193287790881,81406.32982019085,8336.979585382302,386189.20013749844,0.8617207068105701,1271379.777688291,15.61770172536333
Lares,2020-2024,2,80,5,0.03913554089143515,2.5,0.17823900480471655,73069.35023480855,13023.808267579545,332787.2305050939,0.6240501888012941,885190.5775507925,12.114389613514152
Lares,2020-2024,2,85,NA,0.08597779280926765,9.19973954681237,1,60045.541967229,60045.541967229,552403.3470456986,0,552403.3470456986,9.19973954681237
Las Marias,1980-1984,1,0,1,0.016223791036500786,0.11691623617621451,0.01599463641714042,100000,1599.4636417140428,98587.53962717587,0.9835009892068228,7345004.435135426,73.45004435135426
Las Marias,1980-1984,1,1,4,4.663800889951698e-4,1.6048081604751558,0.0018634387648434835,98400.53635828596,183.36337393142458,393162.9549762355,0.9981424379047437,7246416.89550825,73.64204671734043
Las Marias,1980-1984,1,5,5,2.027780126089671e-4,2.5,0.0010133763369457585,98217.17298435453,99.53095898404717,490837.03752431256,0.9989035393781691,6853253.940532015,69.77653430957233
Las Marias,1980-1984,1,10,5,2.360650721791998e-4,2.5,0.0011796291877726082,98117.64202537049,115.74243436854158,490298.85404093104,0.9973827010869872,6362416.903007702,64.84477991595597
Las Marias,1980-1984,1,15,5,8.129823107441654e-4,2.5,0.004056666558339533,98001.89959100194,397.56102872457996,489015.5953831983,0.9943044333763964,5872118.048966771,59.91841049483004
Las Marias,1980-1984,1,20,5,0.001473637539482359,2.5,0.00734114224044131,97604.33856227736,716.5273326698807,486230.3744797121,0.9920911921063514,5383102.453583573,55.152286597883496
Las Marias,1980-1984,1,25,5,0.0017033571423905258,2.5,0.008480671680255548,96887.81122960748,821.6737168568652,482384.87185589527,0.9904200681898025,4896872.079103861,50.541673064521135
Las Marias,1980-1984,1,30,5,0.002149204817284158,2.5,0.010688594141374198,96066.13751275062,1026.811954603254,477763.657677245,0.98685803352567,4414487.207247966,45.9525835173923
Las Marias,1980-1984,1,35,5,0.003148965369765997,2.5,0.015621845224768385,95039.32555814736,1484.6896341357497,471484.9037053974,0.9840492164493321,3936723.5495707206,41.422048467317225
Las Marias,1980-1984,1,40,5,0.0032837260540287986,2.5,0.016284942048908124,93554.63592401161,1523.5318244292284,463964.35005898506,0.9812511596204796,3465238.6458653235,37.039732041498326
Las Marias,1980-1984,1,45,5,0.004296361901279015,2.5,0.021253527392997417,92031.10409958239,1955.985591988283,455265.55651794124,0.9728127699686768,3001274.295806338,32.61152112832206
Las Marias,1980-1984,1,50,5,0.006762380505615766,2.5,0.033249783311868515,90075.1185075941,2994.978172168383,442888.1471075496,0.9608033007725031,2546008.739288397,28.265394278373854
Las Marias,1980-1984,1,55,5,0.009280046371837125,2.5,0.04534814953283143,87080.14033542572,3948.923225270817,425528.3936139516,0.9371678948357406,2103120.592180847,24.15155262818589
Las Marias,1980-1984,1,60,5,0.0169156410299834,2.5,0.08114658873528266,83131.2171101549,6745.814685901249,398791.5488360214,0.9123646081624217,1677592.198566896,20.18005097103251
Las Marias,1980-1984,1,65,5,0.01988077523259075,2.5,0.09469723981326793,76385.40242425365,7233.486771602518,363843.2951922619,0.8700725673816291,1278800.6497308745,16.741427146357925
Las Marias,1980-1984,1,70,5,0.036882208470644114,2.5,0.16884280364611085,69151.91565265114,11675.803316292993,316570.06997252326,0.7960561439843419,914957.3545386125,13.231120872116216
Las Marias,1980-1984,1,75,5,0.05614595688177774,2.5,0.24617540081070782,57476.11233635814,14149.204991444232,252007.54920318016,0.7055629813365891,598387.2845660893,10.411060530055414
Las Marias,1980-1984,1,80,5,0.0873470579009679,2.5,0.3584593627267466,43326.90734491391,15530.935595778636,177807.19773512296,0.4866697454202084,346379.7353629091,7.994564038588601
Las Marias,1980-1984,1,85,NA,0.12636947364826717,6.06463911926484,1,27795.971749135275,27795.971749135275,168572.53762778614,0,168572.53762778614,6.06463911926484
Las Marias,1980-1984,2,0,1,0.008441827711312527,0.1316797647597707,0.008380397638214649,100000,838.0397638214636,99272.31311513788,0.991340051739453,8109918.410956854,81.09918410956854
Las Marias,1980-1984,2,1,4,2.534520662852042e-4,1.510365093042625,0.0010131689523794267,99161.96023617854,100.46781936839398,396397.7127545887,0.9989830152139271,8010646.097841715,80.7834584830957
Las Marias,1980-1984,2,5,5,1.1432538385422897e-4,2.5,5.714635872862069e-4,99061.49241681014,56.61003581841942,495165.93699450465,0.9993638993961418,7614248.385087127,76.86385697733577
Las Marias,1980-1984,2,10,5,1.4020404156460888e-4,2.5,7.007745792524519e-4,99004.88238099172,69.38010479448712,494850.9616429724,0.9984148796372249,7119082.448092623,71.90637751274618
Las Marias,1980-1984,2,15,5,4.946281486959598e-4,2.5,0.0024700863079357652,98935.50227619724,244.37922954116948,494066.56330713327,0.9964144914072982,6624231.48644965,66.955049846079
Las Marias,1980-1984,2,20,5,9.429562661796341e-4,2.5,0.00470369288918806,98691.12304665607,464.2127337005513,492295.0833990289,0.994975789045882,6130164.923142517,62.114653617271046
Las Marias,1980-1984,2,25,5,0.0010721146456141705,2.5,0.00534624376247891,98226.91031295552,525.1450065682147,489821.6890483571,0.994180832718497,5637869.839743488,57.39638783079882
Las Marias,1980-1984,2,30,5,0.0012629013009170585,2.5,0.006294632754848061,97701.7653063873,614.9967321040604,486971.33470167633,0.9928827439705415,5148048.15069513,52.69145480177495
Las Marias,1980-1984,2,35,5,0.0015953556655964396,2.5,0.007945090216256747,97086.76857428324,771.3631351275253,483505.4350335974,0.9911664947872652,4661076.815993454,48.009392880628845
Las Marias,1980-1984,2,40,5,0.0019553187377600615,2.5,0.009729035276359821,96315.40543915571,937.0559771744447,479234.3872528425,0.9888921013880919,4177571.380959857,43.37386487563413
Las Marias,1980-1984,2,45,5,0.0025157858006055684,2.5,0.012500308754856209,95378.34946198127,1192.2588168033399,473911.100267898,0.9839769755006091,3698336.9937070142,38.77543503917739
Las Marias,1980-1984,2,50,5,0.003956824291716709,2.5,0.019590332697829588,94186.09064517793,1845.136851246978,466317.6110977722,0.9771524120941394,3224425.8934391164,34.234629246757024
Las Marias,1980-1984,2,55,5,0.0053033803186563035,2.5,0.02616992887888918,92340.95379393095,2416.5561933959543,455663.3784861649,0.963625198942708,2758108.2823413443,29.86874370494773
Las Marias,1980-1984,2,60,5,0.009595577320316824,2.5,0.046853910792170377,89924.397600535,4213.309703215127,439088.71374463715,0.9462806308987569,2302444.9038551794,25.604229389260666
Las Marias,1980-1984,2,65,5,0.012567276484234367,2.5,0.06092231352582615,85711.08789731987,5221.717769520168,415501.1450627989,0.9256912906249608,1863356.190110542,21.73996662302087
Las Marias,1980-1984,2,70,5,0.018533400324203874,2.5,0.08856354264604714,80489.3701277997,7128.4237638668565,384625.7912293314,0.8801302317705858,1447855.0450477432,17.98815225847665
Las Marias,1980-1984,2,75,5,0.033420630158775125,2.5,0.15421799440664433,73360.94636393285,11313.578016019135,338520.7867796164,0.8186957885234161,1063229.2538184118,14.493123473951497
Las Marias,1980-1984,2,80,5,0.04776017536670166,2.5,0.2133292686317516,62047.36834791371,13236.519710185326,277145.54246410524,0.6175765082522915,724708.4670387955,11.679922716064125
Las Marias,1980-1984,2,85,NA,0.14344892695588352,9.169332987764244,1,48810.848637728384,48810.848637728384,447562.9245746903,0,447562.9245746903,9.169332987764244
Las Marias,1985-1989,1,0,1,0.013502799631847756,0.1223458384746294,0.01334465495122919,100000,1334.4654951229168,98828.80080479335,0.9861561269693573,7313208.471653928,73.13208471653928
Las Marias,1985-1989,1,1,4,4.386901607498157e-4,1.6127925546319464,0.001752924902180366,98665.53450487708,172.95327242053463,394249.26267988526,0.9982560562333862,7214379.670849135,73.11955189876892
Las Marias,1985-1989,1,5,5,1.988899323389185e-4,2.5,9.939554423678914e-4,98492.58123245655,97.8972371488635,492218.16306941054,0.9988978828736153,6820130.40816925,69.24511798581833
Las Marias,1985-1989,1,10,5,2.4222387729860552e-4,2.5,0.001210386425260637,98394.68399530769,119.09558982573799,491675.6810019741,0.9974798005042707,6327912.24509984,64.31152566536633
Las Marias,1985-1989,1,15,5,7.677909072504571e-4,2.5,0.0038315998674062443,98275.58840548195,376.5527315037034,490436.5601986505,0.994307684463934,5836236.5640978655,59.38643216276395
Las Marias,1985-1989,1,20,5,0.0015177749611676387,2.5,0.0075601881451670665,97899.03567397824,740.1351289256854,487644.840547577,0.9915414104109075,5345800.003899215,54.605236579670816
Las Marias,1985-1989,1,25,5,0.0018815763566508274,2.5,0.009363834857565192,97158.90054505256,909.7798996464844,483520.0529761466,0.9894754844774819,4858155.163351637,50.002162808531494
Las Marias,1985-1989,1,30,5,0.002352993973959733,2.5,0.01169616734161555,96249.12064540607,1125.7458215520164,478431.23867315036,0.9865131536200717,4374635.110375491,45.45116964228899
Las Marias,1985-1989,1,35,5,0.00308332896206165,2.5,0.015298717364477528,95123.37482385406,1455.265626185399,471978.7100538068,0.9832274075404813,3896203.871702341,40.95947898103055
Las Marias,1985-1989,1,40,5,0.0036875579280437423,2.5,0.01826936627410766,93668.10919766866,1711.2569951353216,464062.40350050497,0.9795775693668398,3424225.161648534,36.5570010004404
Las Marias,1985-1989,1,45,5,0.00457484375445325,2.5,0.022615562114533444,91956.85220253334,2079.655902843355,454585.12125555833,0.9678824570212692,2960162.758148029,32.190779558529506
Las Marias,1985-1989,1,50,5,0.008546671527136963,2.5,0.04183938885214619,89877.19629968998,3760.406964923415,439984.9640861414,0.9574998720488485,2505577.6368924705,27.87779036339514
Las Marias,1985-1989,1,55,5,0.008828596117966185,2.5,0.04318971912335957,86116.78933476657,3719.3599431741022,421285.54681589757,0.9383044747184857,2065592.6728063293,23.985946164070707
Las Marias,1985-1989,1,60,5,0.016891760000819437,2.5,0.08103667004973297,82397.42939159246,6677.2132985526405,395294.11371158075,0.908350320430444,1644307.1259904318,19.955806123221254
Las Marias,1985-1989,1,65,5,0.021762651900244154,2.5,0.10319857295183874,75720.21609303982,7814.218244406569,359065.53485418274,0.8615768175717708,1249013.012278851,16.495106283692444
Las Marias,1985-1989,1,70,5,0.03900594861148057,2.5,0.17770123040405889,67905.99784863325,12066.979369517503,309362.5408193725,0.7908510862651271,889947.4774246683,13.105579854793051
Las Marias,1985-1989,1,75,5,0.056462736990537374,2.5,0.24739253575350606,55839.01847911575,13814.15637553532,244659.70145674047,0.7039749057429798,580584.9366052957,10.39747747038998
Las Marias,1985-1989,1,80,5,0.08799646153138249,2.5,0.3606438507985925,42024.86210358043,15156.008098315091,172234.29027211445,0.4872838588742886,335925.23514855525,7.993488100462681
Las Marias,1985-1989,1,85,NA,0.15001032019080163,6.092219074336524,1,26868.85400526534,26868.85400526534,163690.9448764408,0,163690.9448764408,6.092219074336524
Las Marias,1985-1989,2,0,1,0.008861509602760848,0.1308172051587337,0.008793777539034982,100000,879.3777539034927,99235.65998614093,0.9909002785088117,7981384.747973846,79.81384747973846
Las Marias,1985-1989,2,1,4,2.7162342682901665e-4,1.50969252394399,0.0010857592716772794,99120.62224609651,107.6211346181226,396214.4792682649,0.9989447957535414,7882149.087987706,79.52077891942527
Las Marias,1985-1989,2,5,5,1.1126271128733706e-4,2.5,5.561588570808221e-4,99013.00111147838,55.066957534319954,494927.3381635561,0.9993810075533679,7485934.608719441,75.6055722449121
Las Marias,1985-1989,2,10,5,1.3641870951625035e-4,2.5,6.818610010866575e-4,98957.93415394406,67.47555604767695,494620.98187960114,0.9985562366613772,6991007.270555885,70.64625318148127
Las Marias,1985-1989,2,15,5,4.4172437138603613e-4,2.5,0.002206185542125789,98890.45859789639,218.1707000128663,493906.86623944977,0.9966917305951807,6496386.288676283,65.69275115905343
Las Marias,1985-1989,2,20,5,8.845095865451588e-4,2.5,0.004412790044980304,98672.28789788352,435.4200897512055,492272.8892650396,0.9949670175501045,6002479.422436833,60.83247434830772
Las Marias,1985-1989,2,25,5,0.001134392772327417,2.5,0.005655923764040179,98236.86780813232,555.6202351408865,489795.2884528093,0.993956823874036,5510206.533171794,56.091024236785
Las Marias,1985-1989,2,30,5,0.001290677469327086,2.5,0.006432631216187373,97681.24757299143,628.3474423741573,486835.3692590217,0.9931487137263407,5020411.244718985,51.395855084339786
Las Marias,1985-1989,2,35,5,0.001459838813763185,2.5,0.007272651820300276,97052.90013061727,705.8319508003478,483499.9207760855,0.9917210475774264,4533575.875459963,46.71242043626223
Las Marias,1985-1989,2,40,5,0.001867200620365602,2.5,0.00929262511338666,96347.06817981692,895.3171853689564,479497.0479356622,0.9887969647323365,4050075.9546838775,42.036317567287426
Las Marias,1985-1989,2,45,5,0.0026436301687145784,2.5,0.013131364664116763,95451.75099444797,1253.411750136569,474125.2255968984,0.983998108554718,3570578.9067482157,37.40715984304889
Las Marias,1985-1989,2,50,5,0.003818225235124315,2.5,0.01891061371933445,94198.3392443114,1781.3484064520017,466538.325205427,0.9750489791731206,3096453.681151317,32.871637716673554
Las Marias,1985-1989,2,55,5,0.006319870311390057,2.5,0.031107857494376133,92416.9908378594,2874.8945810431906,454897.71773668897,0.9616830750316354,2629915.35594589,28.457054618451426
Las Marias,1985-1989,2,60,5,0.00936576707005008,2.5,0.04575745127436327,89542.0962568162,4097.218106475615,437467.436017892,0.9440878349576138,2175017.638209201,24.290448058877473
Las Marias,1985-1989,2,65,5,0.01376895079628689,2.5,0.06655381352220327,85444.87815034059,5686.682486845151,413007.6845345901,0.9148294747134946,1737550.202191309,20.335334777282764
Las Marias,1985-1989,2,70,5,0.022189118168358724,2.5,0.1051145906584463,79758.19566349544,8383.750088824585,377831.60309541575,0.8792747499256389,1324542.517656719,16.60697695876976
Las Marias,1985-1989,2,75,5,0.029684671217492704,2.5,0.13816956110341327,71374.44557467086,9861.775819051734,332217.78832572495,0.8068781707063087,946710.9145613032,13.264003761274317
Las Marias,1985-1989,2,80,5,0.0589482554204535,2.5,0.25688410283398766,61512.66975561912,15801.626983095579,268059.28132035665,0.5637717170857486,614493.1262355783,9.989700149202921
Las Marias,1985-1989,2,85,NA,0.12957684877559866,7.578777991112895,1,45711.04277252354,45711.04277252354,346433.8449152216,0,346433.8449152216,7.578777991112895
Las Marias,1990-1994,1,0,1,0.014782946926094553,0.11979136855632463,0.014593060887124129,100000,1459.3060887124157,98715.50618479702,0.9848582767687728,7322402.2393095195,73.2240223930952
Las Marias,1990-1994,1,1,4,4.771233687932161e-4,1.609031107547095,0.0019063187712479014,98540.69391128758,187.84997453488177,393713.63219958934,0.9981352759832853,7223686.733124723,73.30663552692181
Las Marias,1990-1994,1,5,5,2.0616083458105625e-4,2.5,0.0010302731679648959,98352.8439367527,101.33029610106314,491510.8939435109,0.9988283074614822,6829973.100925133,69.44357506649479
Las Marias,1990-1994,1,10,5,2.62824129897985e-4,2.5,0.0013132577599197183,98251.51364065164,129.02956271245785,490934.99429647706,0.9972722911521337,6338462.206981622,64.51261636705287
Las Marias,1990-1994,1,15,5,8.305248392008085e-4,2.5,0.004144019917315359,98122.48407793918,406.62152835543384,489595.86656880734,0.994052663913702,5847527.212685145,59.5941620071545
Las Marias,1990-1994,1,20,5,0.0015576736037527037,2.5,0.007758156330439238,97715.86254958375,758.0949376233766,486684.0754038603,0.9911421638000532,5357931.346116338,54.83174590407545
Las Marias,1990-1994,1,25,5,0.0020032049374367807,2.5,0.009966114263932482,96957.76761196037,966.2921907966083,482373.10758281033,0.9892676055910943,4871247.270712477,50.240918192423166
Las Marias,1990-1994,1,30,5,0.0023145939614158625,2.5,0.011506388265089108,95991.47542116376,1104.5151863346691,477196.0891399821,0.9855504995317639,4388874.163129667,45.721499163060344
Las Marias,1990-1994,1,35,5,0.0035160108259545304,2.5,0.01742687145800053,94886.9602348291,1653.5828590527672,470300.8440265135,0.9811042741923136,3911678.073989685,41.22461151994907
Las Marias,1990-1994,1,40,5,0.004120132389034632,2.5,0.020390631690025782,93233.37737577633,1901.0874592866458,461414.16823066503,0.9780824214208262,3441377.2299631713,36.911429434683356
Las Marias,1990-1994,1,45,5,0.004751030118591122,2.5,0.023476308965534105,91332.28991648968,2144.145056609239,451301.08694092534,0.9727146629906681,2979963.0617325064,32.62770554047486
Las Marias,1990-1994,1,50,5,0.006335984147902946,2.5,0.031185936737498983,89188.14485988044,2781.415843335126,438987.1846910644,0.9582736968691457,2528661.9747915813,28.35199654353446
Las Marias,1990-1994,1,55,5,0.01080540678333226,2.5,0.05260596187348269,86406.72901654532,4545.509092256747,420669.8723520847,0.9341316854888183,2089674.7901005168,24.184167296743546
Las Marias,1990-1994,1,60,5,0.016637824476543203,2.5,0.07986708598743615,81861.21992428857,6538.017090729569,392961.05689461896,0.9073411359645439,1669004.917748432,20.38822435448743
Las Marias,1990-1994,1,65,5,0.02251162250670556,2.5,0.10656096214890887,75323.202833559,8026.512966081471,356549.7317525913,0.8696499513503361,1276043.860853813,16.940913461599283
Las Marias,1990-1994,1,70,5,0.03406933664189245,2.5,0.1569764724938388,67296.68986747753,10563.996985908481,310073.4568726164,0.7977701797178233,919494.1291012217,13.66328909953691
Las Marias,1990-1994,1,75,5,0.05869182962885353,2.5,0.25590963622065604,56732.69288156905,14518.442797140538,247367.35741499392,0.7103963147897373,609420.6722286053,10.741966250408499
Las Marias,1990-1994,1,80,5,0.0804475519726853,2.5,0.33488588563880933,42214.25008442851,14136.956526102025,175728.85910688748,0.5146326468593322,362053.31481361133,8.576566303783784
Las Marias,1990-1994,1,85,NA,0.13788552415280958,6.636125925729343,1,28077.293558326484,28077.293558326484,186324.45570672385,0,186324.45570672385,6.636125925729343
Las Marias,1990-1994,2,0,1,0.009146920907246612,0.13023060786696325,0.009074725010063041,100000,907.4725010062975,99210.7081944223,0.9907077029667145,8064737.1742124185,80.64737174212418
Las Marias,1990-1994,2,1,4,2.3002621465211703e-4,1.5092354224086275,9.19577994537179e-4,99092.5274989937,91.1233077111392,396143.14328893495,0.9990293036720542,7965526.466017996,80.38473401638572
Las Marias,1990-1994,2,5,5,1.0831678763457271e-4,2.5,5.414373212944934e-4,99001.40419128256,53.603055089726695,494873.01331868855,0.9993975517173928,7569383.322729061,76.45733294958228
Las Marias,1990-1994,2,10,5,1.327424958970067e-4,2.5,6.634922954267752e-4,98947.80113619284,65.65110370327602,494574.877921706,0.998592928973321,7074510.309410373,71.49739790248536
Las Marias,1990-1994,2,15,5,4.3069192890918365e-4,2.5,0.00215114344424751,98882.15003248956,212.7096887954831,493878.97594045906,0.9969614092039577,6579935.431488667,66.54320753873887
Las Marias,1990-1994,2,20,5,7.871361742420753e-4,2.5,0.003927951289833156,98669.44034369408,387.56875546513766,492378.2798298076,0.9956227141275497,6086056.455548207,61.68127065835906
Las Marias,1990-1994,2,25,5,9.680154551140067e-4,2.5,0.00482839237945337,98281.87158822894,474.54343981501006,490222.99934160715,0.9945817726876176,5593678.1757184,56.9146485035837
Las Marias,1990-1994,2,30,5,0.0012058088160998746,2.5,0.0060109240175661525,97807.32814841393,587.9124178612838,487566.8596974164,0.9931933521003135,5103455.176376793,52.17865852170865
Las Marias,1990-1994,2,35,5,0.001527245767973599,2.5,0.007607183741927852,97219.41573055265,739.565958745181,484248.1637559002,0.9909401921327798,4615888.316679376,47.47907896785235
Las Marias,1990-1994,2,40,5,0.0021158465420621168,2.5,0.010523567077781378,96479.849771807465,1015.3121707278915,479860.9684322176,0.987953427852797,4131640.152923476,42.82386594398273
Las Marias,1990-1994,2,45,5,0.0027357385891086782,2.5,0.01358577512238027,95464.53760107957,1296.9597400102648,474080.2886553722,0.9839566874633783,3651779.1844912586,38.25273003207803
Las Marias,1990-1994,2,50,5,0.0037416143133607487,2.5,0.01853469734460776,94167.57786106931,1745.3675553297217,466474.47041702224,0.9784307708724836,3177698.8958358862,33.74514846844763
Las Marias,1990-1994,2,55,5,0.004993789528193976,2.5,0.024661067193211015,92422.21030573959,2279.230338494919,456412.97568246064,0.9682393815707188,2711224.425418864,29.335204345902685
Las Marias,1990-1994,2,60,5,0.007963379707826313,2.5,0.039039679068888465,90142.97996724467,3519.153008234469,441917.0173156372,0.9522094504057669,2254811.4497364033,25.01372209522845
Las Marias,1990-1994,2,65,5,0.01171259130553081,2.5,0.05689693029980192,86623.8269590102,4928.629844788913,420797.5601830787,0.9160095772438636,1812894.4324207662,20.928357659361037
Las Marias,1990-1994,2,70,5,0.02389011899064214,2.5,0.11271845188337377,81695.19711422129,9208.5561450221,385454.59520855115,0.8697831914280855,1392096.8722376875,17.040131138815195
Las Marias,1990-1994,2,75,5,0.03241796888696828,2.5,0.14993812107489993,72486.64096919919,10868.510749952584,335261.92797111446,0.8142523981981565,1006642.2770291363,13.88727996730978
Las Marias,1990-1994,2,80,5,0.0514349996714127,2.5,0.2278733359568967,61618.1302192466,14041.128888486186,272987.8288750176,0.5933931798003438,671380.3490580218,10.895824762438412
Las Marias,1990-1994,2,85,NA,0.11607068005421921,8.373636610961182,1,47577.00133076042,47577.00133076042,398392.52018300426,0,398392.52018300426,8.373636610961182
Las Marias,1995-1999,1,0,1,0.012870662431913637,0.12360723665023794,0.012727103813755115,100000,1272.7103813755093,98884.60583192238,0.986788111699867,7369389.280561848,73.693892805618475
Las Marias,1995-1999,1,1,4,4.24750993574837e-4,1.614653236209156,0.0016972843224716835,98727.28961862449,167.5682808698184,394509.45001801115,0.9982913557615888,7270504.674729925,73.64229994376727
Las Marias,1995-1999,1,5,5,2.0106404340579413e-4,2.5,0.0010048151365433986,98559.72133775467,99.03429985367984,492551.0209391392,0.9988854800339733,6875995.224711914,69.764759187463
Las Marias,1995-1999,1,10,5,2.450170193649731e-4,2.5,0.0012243351394584307,98460.68703790099,120.54887899571622,492002.0629920157,0.9973724437641605,6383444.203772775,64.83241581805703
Las Marias,1995-1999,1,15,5,8.081288790463734e-4,2.5,0.004032497451119541,98340.13815890528,396.556356468529,490709.2999033551,0.9942660742737619,5891442.140780759,59.90882513568295
Las Marias,1995-1999,1,20,5,0.0014940079420228355,2.5,0.007442242785544014,97943.58180243675,728.9199150595232,487895.60922453494,0.9916509853233294,5400732.8408774035,55.14126338335564
Las Marias,1995-1999,1,25,5,0.0018611365853114853,2.5,0.009262585584293657,97214.66188737722,900.4591257800057,483822.16162243614,0.9887902603694717,4912837.231652869,50.535969948076044
Las Marias,1995-1999,1,30,5,0.0026524930230600783,2.5,0.013175097976647414,96314.20276159722,1268.9490579267294,478398.64116316923,0.9857248418424048,4429015.070030433,45.985067031011006
Las Marias,1995-1999,1,35,5,0.003101849634085725,2.5,0.015389905240580853,95045.25370367049,1462.737448066444,471569.42489818635,0.9839242222621932,3950616.4288672633,41.56563610408562
Las Marias,1995-1999,1,40,5,0.0033828432980178053,2.5,0.016772370735254963,93582.516255604045,1569.6006569770107,463988.57963557774,0.9786296989333301,3479047.003969077,37.17624982925953
Las Marias,1995-1999,1,45,5,0.005278071097045256,2.5,0.026046665109504055,92012.91559862703,2396.6295983465097,454073.0039972689,0.9679081275480853,3015058.4243334993,32.7677740099618
Las Marias,1995-1999,1,50,5,0.007809292709286687,2.5,0.038298748208534156,89616.28600028052,3432.1915729087195,439500.9510691308,0.9554808034955723,2560985.4203362307,28.577232271466976
Las Marias,1995-1999,1,55,5,0.01046424570321653,2.5,0.050987367658729695,86184.0944273718,4394.300108903088,419934.7218646013,0.9385977940498287,2121484.4692670996,24.615730818578083
Las Marias,1995-1999,1,60,5,0.015018825705980308,2.5,0.07237659969006024,81789.79431846872,5919.667202120181,394149.80358704313,0.9076153489319407,1701549.7474024983,20.803937234236034
Las Marias,1995-1999,1,65,5,0.024167765284110767,2.5,0.11395380442416701,75870.12711634854,8645.689627053056,357736.41151411005,0.8717204615534492,1307399.9438154553,17.23207794037999
Las Marias,1995-1999,1,70,5,0.031138479927541842,2.5,0.14444769547257783,67224.43748929548,9710.415074769116,311846.14975955465,0.8184278515850192,949663.5323013451,14.126760561627092
Las Marias,1995-1999,1,75,5,0.05069521932580554,2.5,0.22496453102671232,57514.022414526364,12938.615079943738,255223.57437277248,0.7284695853949844,637817.3825417905,11.089771776781456
Las Marias,1995-1999,1,80,5,0.07950496174084948,2.5,0.3316126759239596,44575.407334582625,14781.770106621443,185922.61140635953,0.514046993347512,382593.808169018,8.583069253798898
Las Marias,1995-1999,1,85,NA,0.20139515691576013,6.601114031759894,1,29793.637227961182,29793.637227961182,196671.1967626585,0,196671.1967626585,6.601114031759894
Las Marias,1995-1999,2,0,1,0.008504086955939882,0.13155180520206544,0.008441741663462957,100000,844.1741663463035,99266.8784691415,0.9913166952797745,8104696.016251431,81.04696016251431
Las Marias,1995-1999,2,1,4,2.3490921927732698e-4,1.5102652863135457,9.390876407736876e-4,99155.8258336537,93.11601055107894,396391.46917074575,0.9990408368599291,8005429.13778229,80.7358425032171
Las Marias,1995-1999,2,5,5,1.0551146634958987e-4,2.5,5.274182100761378e-4,99062.70982310262,52.24747710020165,495182.9304227626,0.9994134123932344,7609037.668611543,76.81031219718385
Las Marias,1995-1999,2,10,5,1.2919936310176085e-4,2.5,6.457882269397562e-4,99010.46234600242,63.93979092691734,494892.46225269476,0.99858317779522765,7113854.738188781,71.84952549083825
Las Marias,1995-1999,2,15,5,4.381502998810965e-4,2.5,0.002188354429032166,98946.5225550755,216.530060870733,494191.2876232007,0.9970109938435406,6618962.275936087,66.89433953832837
Las Marias,1995-1999,2,20,5,7.597229793651687e-4,2.5,0.003791413836286569,98729.99249420477,374.3262595989945,492714.14682202635,0.9956462168905195,6124770.988312886,62.035566230519024
Las Marias,1995-1999,2,25,5,9.860834579307634e-4,2.5,0.004918292672040913,98355.66623460577,483.7419524953584,490568.9762917905,0.9944927193027681,5632056.841490859,57.26214927014808
Las Marias,1995-1999,2,30,5,0.0012235673498093523,2.5,0.006099179855716588,97871.92428211041,596.9384690216684,487867.2752379979,0.9934242503347958,5141487.865199069,52.53281676958771
Las Marias,1995-1999,2,35,5,0.001416044067575635,2.5,0.007055243996860542,97274.98581308874,686.2987597024912,484659.1821661875,0.9919693112539635,4653620.589961071,47.83984855986385
Las Marias,1995-1999,2,40,5,0.0018107731866909746,2.5,0.009013064395113398,96588.68705338625,870.5600562516338,480767.0351263022,0.9893661366030243,4168961.4077948835,43.16200514756584
Las Marias,1995-1999,2,45,5,0.002469027472970242,2.5,0.012269403628263351,95718.12699713462,1174.4043346692051,475654.6241490001,0.9859482534221257,3688194.372668581,38.53182765244654
Las Marias,1995-1999,2,50,5,0.003196588814109028,2.5,0.015856229456260567,94543.72266246541,1499.1069601851195,468970.8459118643,0.9791512284628126,3212539.7485195813,33.97940823621688
Las Marias,1995-1999,2,55,5,0.0052524264396214574,2.5,0.02592175195972092,93044.6157022803,2411.8794494220638,459193.3798878463,0.9644278158866258,2743568.9026077166,29.486595026481243
Las Marias,1995-1999,2,60,5,0.009307536611722395,2.5,0.04547942942253573,90632.73625285823,4121.925131783151,442858.86843483325,0.9519837932654381,2284375.5227198703,25.204750702291957
Las Marias,1995-1999,2,65,5,0.010398229625472538,2.5,0.05067385224815377,86510.81112107508,4383.836060617294,421594.4654538322,0.9284207454375089,1841516.6542850372,21.286549396788878
Las Marias,1995-1999,2,70,5,0.019639233923980846,2.5,0.09360056132186421,82126.97506045779,7687.1309653255885,391417.04788897495,0.8883095533963674,1419922.188831205,17.28935210125454
Las Marias,1995-1999,2,75,5,0.02818493240531499,2.5,0.13164840830333308,74439.8440951322,9799.886989472434,347699.5030019799,0.8199529250208702,1028505.1409422301,13.816594505864725
Las Marias,1995-1999,2,80,5,0.05345904167025349,2.5,0.23578333105166246,64639.95710565976,15241.024405409036,285097.22451477626,0.5812355118307682,680805.6379402502,10.532272427523626
Las Marias,1995-1999,2,85,NA,0.09736548658446288,8.010464837906621,1,49398.93270025073,49398.93270025073,395708.413425474,0,395708.413425474,8.010464837906621
Las Marias,2000-2004,1,0,1,0.01141663661630684,0.12650867246399053,0.011303910258174015,100000,1130.3910258174,99012.61324222396,0.9882712875568059,7561944.979517973,75.61944979517973
Las Marias,2000-2004,1,1,4,3.7776483736174423e-4,1.6189413183921217,0.0015097014028583415,98869.6089741826,149.26358736837574,395123.03053617897,0.9984944383511417,7462932.366275749,75.48257188136056
Las Marias,2000-2004,1,5,5,1.7027836798727195e-4,2.5,8.510295601248423e-4,98720.34538681422,84.01393210991228,493391.6921037963,0.9990300592583303,7067809.33573957,71.5942525124471
Las Marias,2000-2004,1,10,5,2.1790928777688247e-4,2.5,0.0010889532063403724,98636.33145470431,107.41034939925885,492913.13140002347,0.9977299570542681,6574417.643635774,66.65310384799614
Las Marias,2000-2004,1,15,5,6.916780293470065e-4,2.5,0.003452420238667135,98528.92110530505,340.16324131799047,491794.1974232303,0.9953529265317255,6081504.51223575,61.72303973303435
Las Marias,2000-2004,1,20,5,0.0011726005187222715,2.5,0.005845865431517911,98188.75786398706,573.9982653607585,489508.7936565334,0.9934073035623766,5589710.31481252,56.92821089106243
Las Marias,2000-2004,1,25,5,0.0014741969895686374,2.5,0.007343918989677641,97614.7595986263,716.8748866891692,486281.61077640863,0.9918110581997237,5100201.521155987,52.24826186252022
Las Marias,2000-2004,1,30,5,0.0018162529199982297,2.5,0.009040216301852012,96897.88471193713,875.9778369878477,482299.47896721604,0.9890863967307107,4613919.910379578,47.61631199789417
Las Marias,2000-2004,1,35,5,0.0025773161941600635,2.5,0.012804080560351507,96021.90687494929,1229.472231185413,477035.8537967829,0.9860469481371739,4131620.431412362,43.02789400748968
Las Marias,2000-2004,1,40,5,0.0030464112856343354,2.5,0.015116925497075714,94792.43464376387,1432.97017219619,470379.74778832885,0.982623600065519,3654584.577615579,38.55354692966527
Las Marias,2000-2004,1,45,5,0.00397318839879058,2.5,0.019670554942217422,93359.46447156768,1836.432475263966,462206.2411696785,0.9750977815765727,3184204.82982725,34.1069311810051
Las Marias,2000-2004,1,50,5,0.006140613878640207,2.5,0.030238856537874333,91523.03199630372,2767.5518344474985,450696.28039539984,0.9625968511170674,2721998.5886575715,29.74113214220769
Las Marias,2000-2004,1,55,5,0.009163385132931556,2.5,0.044790836452555494,88755.48016185622,3975.4321961977403,433838.8203187868,0.9462341213103044,2271302.3082621717,25.590558511093406
Las Marias,2000-2004,1,60,5,0.013044304855393127,2.5,0.06316177079337744,84780.04796565848,5354.857957458473,410513.0949346462,0.9260665879604879,1837463.487943385,21.673300877202607
Las Marias,2000-2004,1,65,5,0.017848673276091628,2.5,0.08543127891804121,79425.1900082,6785.395560708959,380162.4611392277,0.8801241062381129,1426950.3930087388,17.965967633963704
Las Marias,2000-2004,1,70,5,0.034201635900334364,2.5,0.1575380333582388,72639.79444749105,11443.530360804456,334590.14633544406,0.8151968357773759,1046787.9318695111,14.410667593865512
Las Marias,2000-2004,1,75,5,0.04872397443844148,2.5,0.21716679836158703,61196.26408668659,13289.796743395898,272756.8285749432,0.7455015822551647,712197.7855340671,11.63792914752467
Las Marias,2000-2004,1,80,5,0.07119420524761057,2.5,0.3021862512515336,47906.46734329069,14476.675777173034,203340.64727352088,0.5372742479885977,439440.95695912384,9.172894210924689
Las Marias,2000-2004,1,85,NA,0.18376212566247824,7.062571994164015,1,33429.79156611766,33429.79156611766,236100.309685603,0,236100.309685603,7.062571994164015
Las Marias,2000-2004,2,0,1,0.006626406746416418,0.13541094500629272,0.006588659533565803,100000,658.8659533565806,99430.35170801991,0.9932055129835676,8259584.162063844,82.59584162063844
Las Marias,2000-2004,2,1,4,1.9453262349262821e-4,1.5132802509388885,7.777542568135427e-4,99341.13404664342,77.262989881463,397172.4047837639,0.9992007659412354,8160153.8103558235,82.14274870794614
Las Marias,2000-2004,2,5,5,9.149479203099513e-5,2.5,4.5736934287270685e-4,99263.87105676196,45.400251476225094,496205.85465511924,0.9994776604584612,7762981.40557206,78.2055074311273
Las Marias,2000-2004,2,10,5,1.1750240073463555e-4,2.5,5.873394691789909e-4,99218.47080528573,58.274923975535785,495946.6667164898,0.9986616274151928,7266775.550916941,73.24014865314588
Las Marias,2000-2004,2,15,5,4.1840661713385093e-4,2.5,0.0020898470710609307,99160.1958813102,207.22964492838946,495282.90529423,0.9971510994776769,6770828.884200451,68.28172155190975
Las Marias,2000-2004,2,20,5,7.232139564135721e-4,2.5,0.0036095436012960093,98952.9662363818,357.17504610778997,493871.8935666395,0.9960401092539924,6275545.978906221,63.41948319078186
Las Marias,2000-2004,2,25,5,8.641643383558935e-4,2.5,0.004311507065153779,98595.79119027402,425.0964503113064,491916.2148255918,0.9953894301603337,5781674.085339582,58.6401713048976
Las Marias,2000-2004,2,30,5,9.84603179232881e-4,2.5,0.0049109276088228305,98170.69473996271,482.1091751757922,489648.2007618741,0.9943052206548314,5289757.87051399,53.8832681639429
Las Marias,2000-2004,2,35,5,0.0013007158485829904,2.5,0.00648249951826037,97688.58556478692,633.2662088632787,486859.7623017764,0.9919019615986389,4800109.669752115,49.136853011027476
Las Marias,2000-2004,2,40,5,0.0019543257166637997,2.5,0.009724118346925801,97055.31935592364,943.7774116156797,482917.153250579,0.9900120155710675,4313249.907450339,44.441148986720485
Las Marias,2000-2004,2,45,5,0.0020614578639551787,2.5,0.010254441571729618,96111.54194430796,985.5701912367513,478093.7842434479,0.9871381720468152,3830332.75419976,39.852994517757864
Las Marias,2000-2004,2,50,5,0.0031234465494588567,2.5,0.015496228642586008,95125.97175307121,1474.0938081337663,471944.6242450216,0.9800595689682761,3352238.9699563123,35.2399971130711
Las Marias,2000-2004,2,55,5,0.004951460112102503,2.5,0.024454585795205146,93651.87794493744,2290.217884086538,462533.84501447086,0.9695180287726849,2880294.3457112904,30.75532929948033
Las Marias,2000-2004,2,60,5,0.0074689981660169625,2.5,0.03666044876854084,91361.6600608509,3349.3594580696663,448434.90165908035,0.9524823619728734,2417760.5006968197,26.46362269563058
Las Marias,2000-2004,2,65,5,0.012113670032623907,2.5,0.05878800395854358,88012.30060278124,5174.067476236829,427126.3343233141,0.92750286614763,1969325.5990377394,22.375572341026928
Las Marias,2000-2004,2,70,5,0.018204993347844305,2.5,0.08706253458194461,82838.23312654441,7212.106536286956,396160.89929200464,0.8946953661878277,1542199.2647144252,18.616998534463526
Las Marias,2000-2004,2,75,5,0.026731847599626032,2.5,0.12528639589472,75626.12659025745,9474.924835971222,354443.32086135924,0.8397259304696609,1146038.3654224207,15.154000569560562
Las Marias,2000-2004,2,80,5,0.044511880431754657,2.5,0.2002730743147753,66151.20175428623,13248.30454494786,297635.24740906147,0.6240056712657924,791595.0445610614,11.966449944498105
Las Marias,2000-2004,2,85,NA,0.09690495758627875,9.337102941591006,1,52902.89720933837,52902.89720933837,493959.7971519999,0,493959.7971519999,9.337102941591006
Las Marias,2005-2009,1,0,1,0.010601670021335158,0.12813489755592677,0.010504573869770717,100000,1050.4573869770684,99084.1428626901,0.9891238140550566,7685925.62489532,76.8592562489532
Las Marias,2005-2009,1,1,4,3.4060291804538013e-4,1.621349718930381,0.0013613087735372545,98949.54261302293,134.70088049660262,395477.7641648382,0.9986126216704067,7586841.482032631,76.67384084536549
Las Marias,2005-2009,1,5,5,1.607255286463485e-4,2.5,8.033048642343218e-4,98814.84173252633,79.37844302228768,493875.7625550759,0.9991072388087863,7191363.717867793,72.77614973399943
Las Marias,2005-2009,1,10,5,1.9655442400086693e-4,2.5,9.822894366682685e-4,98735.46328950404,96.98680261381378,493434.84944098565,0.9977961661703407,6697487.955312716,67.83264829248726
Las Marias,2005-2009,1,15,5,6.864920222052624e-4,2.5,0.0034265793126223897,98638.47648689023,337.9925629585632,492347.40102705476,0.9953649937922234,6204053.1058717305,62.89688696374274
Las Marias,2005-2009,1,20,5,0.0011729470778927336,2.5,0.0058475881109948885,98300.48392393166,574.8207410986361,490065.3677669117,0.9934301842517522,5711705.704844676,58.1045532722361
Las Marias,2005-2009,1,25,5,0.0014646013826349238,2.5,0.007296291516566443,97725.66318283303,713.0349272317253,486845.7285960858,0.9918473502206534,5221640.337077764,53.43161833866197
Las Marias,2005-2009,1,30,5,0.0018112248106566693,2.5,0.009015302205706986,97012.6282556013,874.5981614941556,482876.6458742711,0.9895659953549714,4734794.608481678,48.80596159096742
Las Marias,2005-2009,1,35,5,0.0023872860005737673,2.5,0.011865613470552662,96138.03009410715,1140.7367049170425,477838.30870824313,0.9872726934963514,4251917.962607407,44.22722161506024
Las Marias,2005-2009,1,40,5,0.002738490205083002,2.5,0.013599346830190005,94997.2933891901,1291.9011407289072,471756.7140941282,0.9832361281376869,3774079.653899164,39.7282861358724
Las Marias,2005-2009,1,45,5,0.0040346956609051046,2.5,0.019972025691037735,93705.3922484612,1871.4865013750386,463848.24498886836,0.9769400707089914,3302322.939805036,35.24154651686297
Las Marias,2005-2009,1,50,5,0.005311764980355862,2.5,0.026210761390621392,91833.90574708616,2407.036591105687,453151.9372576666,0.9677012658380163,2838474.6948161675,30.90878768276967
Las Marias,2005-2009,1,55,5,0.007861650028792107,2.5,0.03855057237294623,89426.86915598047,3447.4569914836175,438515.7033011933,0.9476439025496529,2385322.757558501,26.67344591252506
Las Marias,2005-2009,1,60,5,0.01380348558794352,2.5,0.06671517311330108,85979.41216449685,5736.1313667342765,415556.73240564857,0.9189305337463896,1946807.0542573077,22.642711845164197
Las Marias,2005-2009,1,65,5,0.020267365409625836,2.5,0.09644986538448759,80243.28079776258,7739.453630953853,381867.7699114282,0.8835281526229452,1531250.321851659,19.082598650357713
Las Marias,2005-2009,1,70,5,0.02979121091167881,2.5,0.13863108483994033,72503.82716680873,10051.284215182226,337390.92529608804,0.8456245864079213,1149382.551940231,15.852715599355323
Las Marias,2005-2009,1,75,5,0.03779331282325803,2.5,0.1726536779629414,62452.5429516265,10782.661238736888,285306.0616612903,0.7827500211785982,811991.6266441428,13.00173841236669
Las Marias,2005-2009,1,80,5,0.06273609374211454,2.5,0.2711528000107885,51669.88171288961,14010.43310267626,223323.3258077574,0.5759835836491395,526685.5649828524,10.193279866779045
Las Marias,2005-2009,1,85,NA,0.17109769027861815,8.055408413303809,1,37659.44861021335,37659.44861021335,303362.23917509505,0,303362.23917509505,8.055408413303809
Las Marias,2005-2009,2,0,1,0.005766221960205391,0.13717885699184867,0.005737675771153703,100000,573.7675771153736,99504.9412032923,0.9940447457086664,8352807.7748530675,83.52807774853068
Las Marias,2005-2009,2,1,4,1.8978224731093594e-4,1.514664801520333,7.587710977836644e-4,99426.23242288463,75.44175152400567,397517.4316510409,0.9992474734732391,8253302.833649776,83.00930883658968
Las Marias,2005-2009,2,5,5,8.505255065511515e-5,2.5,4.2517234829384974e-4,99350.79067136062,42.241208974592155,496648.35033436667,0.9995142047360157,7855785.401998735,79.0711915719387
Las Marias,2005-2009,2,10,5,1.093186614265137e-4,2.5,5.464439658253469e-4,99308.54946238603,54.266557608600124,496407.08091790864,0.9988779268027179,7359137.051664368,74.1037613730498
Las Marias,2005-2009,2,15,5,3.398920011908526e-4,2.5,0.0016980171498364774,99254.28290477743,168.53547456701926,495850.0758374696,0.9975959273833721,6862729.970746459,69.1429102090277
Las Marias,2005-2009,2,20,5,6.232353484953624e-4,2.5,0.0031113290169164577,99085.74743021041,308.2883611424768,494658.0162481959,0.9965172064156289,6366879.89490899,64.25626348929151
Las Marias,2005-2009,2,25,5,7.725727968333104e-4,2.5,0.003855417507449825,98777.45906906793,380.8283450362942,492935.22448274895,0.9956620151786284,5872221.878660794,59.449007233064926
Las Marias,2005-2009,2,30,5,9.668151612096946e-4,2.5,0.004822419834524133,98396.63072403164,474.5098636539187,490796.8789610234,0.9946413246077711,5379286.654178045,54.66941921278865
Las Marias,2005-2009,2,35,5,0.0011829942780085558,2.5,0.005897529530819414,97922.12086037772,577.4985994945455,488166.85780315223,0.9931599252137062,4888489.775217022,49.92222117193801
Las Marias,2005-2009,2,40,5,0.0015637316781330953,2.5,0.007788211707258857,97344.62226088317,758.1405267309019,484827.7599875886,0.9906604046470934,4400322.917413869,45.20355429210072
Las Marias,2005-2009,2,45,5,0.002192584313292823,2.5,0.010903156342558932,96586.48173415227,1053.097510925174,480299.6648934484,0.9874315032975064,3915495.157426281,40.53874918234847
Las Marias,2005-2009,2,50,5,0.002870897230074035,2.5,0.014252194684762774,95533.3842232271,1361.5603908436751,474263.02013902634,0.9825483872630961,3435195.492532832,35.95806346089466
Las Marias,2005-2009,2,55,5,0.004182743484150673,2.5,0.02069728879612443,94171.82383238342,1949.101434316588,465986.3655761256,0.976123388556833,2960932.472393806,31.44180872682231
Las Marias,2005-2009,2,60,5,0.005499203436824121,2.5,0.027123128184792525,92222.72239806684,2501.3687211533106,454860.1901874509,0.9574264037466714,2494946.1068176804,27.05348575645582
Las Marias,2005-2009,2,65,5,0.01204294661123441,2.5,0.05845481258824712,89721.35367691352,5244.644914347809,435495.15609869815,0.9295412935118645,2040085.9166302294,22.73801980269464
Las Marias,2005-2009,2,70,5,0.017363979520522113,2.5,0.08320784913192689,84476.708762565715,7029.125237877306,404810.73071813525,0.9041006941225469,1604590.7605315312,18.994475329779608
Las Marias,2005-2009,2,75,5,0.023222792512991076,2.5,0.10974263637882045,77447.58352468841,8499.301997168208,365989.6626305215,0.8523686088270814,1199780.029813396,15.49151019580792
Las Marias,2005-2009,2,80,5,0.04203552733538684,2.5,0.19019071878126714,68948.2815275202,13113.323222452229,311958.0995814705,0.6258554765564364,833790.3671828745,12.092982576368827
Las Marias,2005-2009,2,85,NA,0.10417246667475287,9.345977563916957,1,55834.95830506797,55834.95830506797,521832.267601404,0,521832.267601404,9.345977563916957
Las Marias,2010-2014,1,0,1,0.010204860998236254,0.1289267101210695,0.010114947391545576,100000,1011.4947391545575,99118.91394986941,0.9895617100045992,7742730.821748081,77.4273082174808
Las Marias,2010-2014,1,1,4,3.104998010462251e-4,1.6225236635092732,0.0012410830293336787,98988.50526084544,122.85295397834852,395661.94105243025,0.998719688414605,7643611.907798211,77.21716665643616
Las Marias,2010-2014,1,5,5,1.4641801191851014e-4,2.5,7.318221797209693e-4,98865.6523068671,72.35207717075536,494147.3813414086,0.9991861340551046,7247949.966745781,73.3111024671037
Las Marias,2010-2014,1,10,5,1.792742712638052e-4,2.5,8.959697954886243e-4,98793.30022969634,88.51581300245016,493745.2116159756,0.9981102128435573,6753802.585404373,68.36296155408971
Las Marias,2010-2014,1,15,5,5.777323825496678e-4,2.5,0.002884495746248503,98704.78441669389,284.7135307843273,492812.1382565086,0.9959669717994402,6260057.373788397,63.422025697972515
Las Marias,2010-2014,1,20,5,0.0010396719238625512,2.5,0.005184883175647187,98420.07088590956,510.29656968235213,490824.6130053419,0.9938614981522472,5767245.235531888,58.598263378791806
Las Marias,2010-2014,1,25,5,0.0014244729450438494,2.5,0.00709709069102453,97909.77431622721,694.8745478599885,487811.68521148607,0.9924517282044968,5276420.622526546,53.89064227116752
Las Marias,2010-2014,1,30,5,0.0016069655861678748,2.5,0.0080026778610396785,97214.89976836722,777.9795261395193,484129.5500264873,0.9911149690995915,4788608.93731506,49.25797330167311
Las Marias,2010-2014,1,35,5,0.001964501429904068,2.5,0.009774502091183515,96436.9202422277,942.6228785749408,479828.04401470115,0.9887378475602776,4304479.387288573,44.63518097090508
Las Marias,2010-2014,1,40,5,0.0025692953417868016,2.5,0.012764487364121673,95494.29736365276,1218.9357520440244,474424.14743815374,0.9855114936865793,3824651.3432738716,40.05109675512015
Las Marias,2010-2014,1,45,5,0.003273535828094005,2.5,0.016234816010785476,94275.36161160874,1530.5431501147395,467550.4501827568,0.9798626501387702,3350227.195835718,35.53661464209311
Las Marias,2010-2014,1,50,5,0.004879667691916519,2.5,0.024104286193149044,92744.818461494,2235.547647127518,458135.22318965115,0.9712780422669663,2882676.745652961,31.081809134704354
Las Marias,2010-2014,1,55,5,0.006804555558438561,2.5,0.033453684160924146,90509.27081436648,3027.8685594593553,444976.682673184,0.9612341429205123,2424541.52246331,26.787769922884674
Las Marias,2010-2014,1,60,5,0.009052723873205276,2.5,0.044261892635685585,87481.40225490712,3872.092434225924,427726.78018897085,0.93817560779662,1979564.8397901258,22.628407738846978
Las Marias,2010-2014,1,65,5,0.016710126417553553,2.5,0.08020024164620183,83609.3098206812,6705.486851490801,401282.831974679,0.8975318758280519,1551838.059601155,18.560589280421254
Las Marias,2010-2014,1,70,5,0.027048758829682582,2.5,0.12667761359995094,76903.8229691904,9741.992770450132,360164.13291982666,0.8500817840476825,1150555.227626476,14.960962709063466
Las Marias,2010-2014,1,75,5,0.038723953587738544,2.5,0.17652992626031444,67161.83019874027,11856.072932491377,306168.9686624729,0.7657580665081155,790391.0947066494,11.768456761344698
Las Marias,2010-2014,1,80,5,0.07178875706748127,2.5,0.3043258491944653,55305.75726624889,16830.97154539416,234451.35746775905,0.5158185781738325,484222.12604417646,8.755365625192873
Las Marias,2010-2014,1,85,NA,0.12854633204435276,6.491804019093799,1,38474.78572085473,38474.78572085473,249770.76857641744,0,249770.76857641744,6.491804019093799
Las Marias,2010-2014,2,0,1,0.00511433011578757,0.1385186707429253,0.005091895732854745,100000,509.1895732854755,99561.34268956218,0.9947232166719716,8494315.60633345,84.9431560633345
Las Marias,2010-2014,2,1,4,1.6491395779679038e-4,1.5157154856426454,6.593856853612595e-4,99490.81042671452,65.60281622035836,397800.2656464236,0.9993328562447688,8394754.263643889,84.37718245171509
Las Marias,2010-2014,2,5,5,7.745322974823371e-5,2.5,3.8719117572344404e-4,99425.20761049417,38.496563031265396,497029.79664489266,0.999557260414411,7996953.997997465,80.4318561679664
Las Marias,2010-2014,2,10,5,9.968673975325195e-5,2.5,4.983095116397512e-4,99386.7110474629,49.525343445537146,496809.7418787007,0.9989736023454646,7499924.201352572,75.46204238281841
Las Marias,2010-2014,2,15,5,3.1119172852118326e-4,2.5,0.0015547490799718833,99337.18570401736,154.44439808031893,496299.81752488605,0.9977952210450836,7003114.459473871,70.4984181889366
Las Marias,2010-2014,2,20,5,5.719809449955407e-4,2.5,0.0028558210369390873,99182.74130593704,283.2481591227843,495205.5861318783,0.9967874020227717,6506814.641948985,65.6043032918217
Las Marias,2010-2014,2,25,5,7.153563984143066e-4,2.5,0.003570396726713204,98899.49314681426,353.11042660496605,493614.6896675589,0.9960021563369477,6011609.055817107,60.78503402330887
Las Marias,2010-2014,2,30,5,8.87328467296684e-4,2.5,0.004426822223038013,98546.3827202093,436.2473170258454,491641.2953084819,0.9951812572771046,5517994.3661495475,55.99388038235878
Las Marias,2010-2014,2,35,5,0.0010452051967974108,2.5,0.00521240589965172,98110.13540318345,511.3898485911777,489272.2023944393,0.9939157706060902,5026353.070841066,51.23174124860062
Las Marias,2010-2014,2,40,5,0.0013969861449323689,2.5,0.006960620996929754,97598.74555459227,679.3478775813128,486295.35807900806,0.9922503434586512,4537080.868446627,46.48708180279624
Las Marias,2010-2014,2,45,5,0.001716176248094328,2.5,0.008544222760073479,96919.39767701096,828.1009235245147,482526.7360762435,0.9895750266061804,4050785.5103676184,41.795405331212194
Las Marias,2010-2014,2,50,5,0.002479663535820067,2.5,0.012321932065019135,96091.29675348644,1184.0304306360485,477496.40769084205,0.9843283365970721,3568258.7742913747,37.13404746160749
Las Marias,2010-2014,2,55,5,0.003849327185327354,2.5,0.019063184837551508,94907.2663228504,1809.2347603392263,470013.2447134039,0.9755795018177454,3090762.366600533,32.56612993241787
Las Marias,2010-2014,2,60,5,0.006067032032290664,2.5,0.029881923690905348,93098.03156251117,2781.9482749244635,458535.2871252447,0.9643378356637529,2620749.121887129,28.150424642731707
Las Marias,2010-2014,2,65,5,0.008500997678438715,2.5,0.041620450019710736,90316.0832875867,3758.9960304470296,442182.92636181595,0.9451462977052204,2162213.834761884,23.94051818962199
Las Marias,2010-2014,2,70,5,0.014220532072236978,2.5,0.06866164746153636,86557.08725713968,5943.152210547167,417927.55575933045,0.9074891330766252,1720030.9084000683,19.87163573665877
Las Marias,2010-2014,2,75,5,0.025106432536409408,2.5,0.11811833750249873,80613.93504659251,9521.983987237938,379264.7152648677,0.8574710683832731,1302103.3526407378,16.15233584476629
Las Marias,2010-2014,2,80,5,0.037208415871613214,2.5,0.17020905600563516,71091.95105935457,12100.493879411551,325208.520598244,0.6475997997624071,922838.6373758701,12.980915893071966
Las Marias,2010-2014,2,85,NA,0.10817683658030428,10.130790886461087,1,58991.45717994302,58991.45717994302,597630.1167776262,0,597630.1167776262,10.130790886461087
Las Marias,2015-2019,1,0,1,0.009950748452377933,0.12943377900070246,0.009865287582389672,100000,986.5287582389719,99141.16138703277,0.9898554216485929,7918777.898558379,79.18777898558379
Las Marias,2015-2019,1,1,4,2.841952918292926e-4,1.62327588851426,0.0011360138424476405,99013.47124176103,112.48067391943187,395786.54943726363,0.998812324604178,7819636.737171346,78.97548322569313
Las Marias,2015-2019,1,5,5,1.335562681869306e-4,2.5,6.67558449396408e-4,98900.9905678416,66.02219190723554,494339.89735943987,0.9992569851962805,7423850.187734083,75.06345634265067
Las Marias,2015-2019,1,10,5,1.6377133782933428e-4,2.5,8.185215632180454e-4,98834.96837593436,80.89855281567725,493972.59549763263,0.99826073188198,6929510.290374643,70.11192904941457
Las Marias,2015-2019,1,15,5,5.32862700484935e-4,2.5,0.0026607689411163506,98754.06982311868,262.7617617941869,493113.444711108,0.9960231969827382,6435537.694877011,65.16731620685498
Las Marias,2015-2019,1,20,5,0.0010620821981098412,2.5,0.0052963480979745774,98491.3080613245,521.6442521176068,491152.4296763285,0.9940669003392302,5942424.250165903,60.33450430433841
Las Marias,2015-2019,1,25,5,0.0013189833257204612,2.5,0.00657324163831015,97969.66380920689,643.9782734419423,488238.3733624296,0.9925854710274781,5451271.820489574,55.6424469426145
Las Marias,2015-2019,1,30,5,0.0016591299302250561,2.5,0.008261382882113373,97325.68553576495,804.0447524751216,484618.3157976369,0.9905093146766445,4963033.447127145,50.99407643322835
Las Marias,2015-2019,1,35,5,0.0021576215058762994,2.5,0.01073022810209142,96521.64078328983,1035.6992223928391,480018.95586046705,0.9884959850898412,4478415.131329508,46.39804187937952
Las Marias,2015-2019,1,40,5,0.0024724272986956534,2.5,0.012286194685633642,95485.94156089699,1173.1588677582185,474496.81063508935,0.9855924444495051,3998396.1754690404,41.87418702803521
Las Marias,2015-2019,1,45,5,0.0033386973896094184,2.5,0.016555304071825108,94312.78269313877,1561.3767953448696,467660.47147733165,0.9770026414688862,3523899.364833951,37.3639634438473
Las Marias,2015-2019,1,50,5,0.005998188514644643,2.5,0.029547858509365164,92751.4058977939,2740.6054180127103,456905.5159439377,0.9676018864625414,3056238.8933566194,32.95086326480484
Las Marias,2015-2019,1,55,5,0.007194133246047848,2.5,0.035335151755247804,90010.80047978119,3180.5452945644065,442102.6391624949,0.9580679576000337,2599333.377412682,28.878016455331505
Las Marias,2015-2019,1,60,5,0.00999791678445585,2.5,0.04877057358177728,86830.25518521678,4234.761349635097,423564.3725519962,0.9411963058720046,2157230.738250187,24.844228934357258
Las Marias,2015-2019,1,65,5,0.0143684806053429,2.5,0.06935122374342888,82595.49383558168,5728.098573190422,398657.22274493234,0.9165427840819887,1733666.3656981906,20.9898420021473
Las Marias,2015-2019,1,70,5,0.020745791786366503,2.5,0.09861437566985896,76867.39526239126,7580.230193169002,365386.4008290338,0.8764611460200945,1335009.1429532585,17.367690662551112
Las Marias,2015-2019,1,75,5,0.032710805191743623,2.5,0.15119014731905642,69287.16506922226,10475.536694135495,320246.9836107726,0.8119888032722362,969622.7421242245,13.994262013108923
Las Marias,2015-2019,1,80,5,0.05233283184215902,2.5,0.23139081737237457,58811.628375086766,13608.470760711658,260036.96497365469,0.5995585582545765,649375.758513452,11.041621809413027
Las Marias,2015-2019,1,85,NA,0.1387285333134895,8.613088423185358,1,45203.15761437511,45203.15761437511,389338.7935397973,0,389338.7935397973,8.613088423185358
Las Marias,2015-2019,2,0,1,0.004750920810742064,0.13926557498530615,0.004731572082488176,100000,473.1572082488128,99592.7373024164,0.9951077410640538,8607367.189681532,86.07367189681531
Las Marias,2015-2019,2,1,4,1.4795190439246056e-4,1.5163017322217918,5.9159022715812e-4,99526.84279175119,58.87910753551114,397961.13322961045,0.9993965614375964,8507774.452379117,85.48220976104592
Las Marias,2015-2019,2,5,5,6.933369746530987e-5,2.5,3.466084082202632e-4,99467.96368421568,34.47643256149604,497253.6273396746,0.9996139310004235,8109813.319149505,81.53191257534944
Las Marias,2015-2019,2,10,5,8.512676717114876e-5,2.5,4.255432730479288e-4,99433.48725165418,42.31325161563291,497061.6531292318,0.9990857455513699,7612559.691809831,76.55931519874547
Las Marias,2015-2019,2,15,5,2.8083176397038445e-4,2.5,0.0014031736805022916,99391.17400003855,139.46307943107968,496607.212301615,0.9980058654780439,7115498.038680599,71.59084405902922
Las Marias,2015-2019,2,20,5,5.178547167801866e-4,2.5,0.0025859257492846575,99251.71092060747,256.6575549301633,495616.91071571194,0.9970902779217071,6618890.826378984,66.68792673683487
Las Marias,2015-2019,2,25,5,6.479193798614772e-4,2.5,0.0032343578914092556,98995.0533656773,320.18543206375034,494174.8032482271,0.996370450958806,6123273.915663272,61.85434228763474
Las Marias,2015-2019,2,30,5,8.068286608084083e-4,2.5,0.004026022528130153,98674.86793361355,397.26724126099725,492381.1715649153,0.9955225718175417,5629099.1124150455,57.04693839775077
Las Marias,2015-2019,2,35,5,9.885688582411342e-4,2.5,0.004930658552466698,98277.60069235256,484.5732923696487,490176.57023083867,0.9945189814535936,5136717.94085013,52.2674333180973
Las Marias,2015-2019,2,40,5,0.001210473186305532,2.5,0.006034105623875069,97793.02739998291,590.0934566100041,487489.90335838957,0.9930464834009529,4646541.370619291,47.51403544973088
Las Marias,2015-2019,2,45,5,0.0015819334538431469,2.5,0.007878509076529315,97202.9339433729,765.8141973381425,484100.1342235191,0.9886809512587351,4159051.467260902,42.787303824428
Las Marias,2015-2019,2,50,5,0.002979410131157624,2.5,0.01478690998226394,96437.11974603476,1426.0070086334308,478620.58120859024,0.9841439100288987,3674951.3330373825,38.107228240695015
Las Marias,2015-2019,2,55,5,0.003417209437575162,2.5,0.016941317116041087,95011.11273740133,1609.6133904322487,471031.530210926,0.9780258684956685,3196330.751828792,33.64165158935718
Las Marias,2015-2019,2,60,5,0.00549315037282293,2.5,0.027093677749043886,93401.49934696908,2530.590124584298,460681.02142338466,0.9652045209399281,2725299.2216178663,29.17832412404741
Las Marias,2015-2019,2,65,5,0.008728762732069925,2.5,0.04271176157862816,90870.90922238478,3881.256609139673,444651.4045890748,0.9500380134436814,2264618.2001944818,24.921267098278626
Las Marias,2015-2019,2,70,5,0.011847980534649125,2.5,0.057535698095537186,86989.65261324511,5005.01039019131,422435.7370907473,0.9169105404038348,1819966.7956054069,20.92164689629186
Las Marias,2015-2019,2,75,5,0.02332594332964823,2.5,0.11020323085412263,81984.6422230538,9034.972453399852,387335.7799817694,0.8691925209074268,1397531.0585146595,17.046254281532725
Las Marias,2015-2019,2,80,5,0.03336090406888047,2.5,0.1539636074950496,72949.66976965395,11231.594323308484,336669.36303999857,0.6667284334084945,1010195.2785328901,13.847838951467295
Las Marias,2015-2019,2,85,NA,0.0777780746521075,10.9129442326571,1,61718.075446345465,61718.075446345465,673525.9154928916,0,673525.9154928916,10.9129442326571
Las Marias,2020-2024,1,0,1,0.009371863220239657,0.13058891553717278,0.009296118430850505,100000,929.6118430850474,99191.78515937395,0.9903898096159798,7889353.008934388,78.89353008934388
Las Marias,2020-2024,1,1,4,2.960443450064131e-4,1.6249907951678475,0.0011833453603834296,99070.38815691495,117.23448417687905,396003.11964861595,0.998752793582021,7790161.223775014,78.63259010791786
Las Marias,2020-2024,1,5,5,1.5243224564207217e-4,2.5,7.618708939822133e-4,98953.15367273807,75.38952765100112,494577.2945445629,0.9991952058702752,7394158.104126398,74.72382465525719
Las Marias,2020-2024,1,10,5,1.6962191697084215e-4,2.5,8.477500923647631e-4,98877.76414508707,83.82363368682854,494179.26164121827,0.99819481180008085,6899580.809581836,69.77889183919876
Las Marias,2020-2024,1,15,5,5.534524488266208e-4,2.5,0.0027634386643931278,98793.94051140024,273.01099501695717,493287.1750694588,0.9951833934794487,6405401.547940617,64.83597591900357
Las Marias,2020-2024,1,20,5,0.0013798362878553068,2.5,0.0068754639028042125,98520.92951638329,677.3770945606084,490911.2048455149,0.9932674154552982,5912114.372871159,60.00871491867135
Las Marias,2020-2024,1,25,5,0.001322098671105099,2.5,0.006588716023777184,97843.55242182268,644.663381664941,487606.10365495103,0.9926095409710998,5421203.168025644,55.40685138509462
Las Marias,2020-2024,1,30,5,0.0016462514946776834,2.5,0.008197519526455725,97198.88904015774,796.7897908565064,484002.47072364745,0.9911546593649234,4933597.064370693,50.757751586362026
Las Marias,2020-2024,1,35,5,0.001908768466633727,2.5,0.009498516162840035,96402.09924930123,915.6768978511973,479721.30400187813,0.9888150179606789,4449594.593647045,46.156615139055674
Las Marias,2020-2024,1,40,5,0.0025942408868194823,2.5,0.012887620454306479,95486.42235145003,1230.5927698050946,474355.62983273744,0.9854232792126688,3969873.289645167,41.575264753700154
Las Marias,2020-2024,1,45,5,0.003284322073960801,2.5,0.016287873811065084,94255.82958164494,1535.2270581830962,467441.080262767,0.9800089268640023,3495517.6598124295,37.085426708642906
Las Marias,2020-2024,1,50,5,0.00480822883472789,2.5,0.023755588410684002,92720.60252346184,2202.632470737997,458096.4314404642,0.9667748795295527,3028076.5795496623,32.65807703075963
Las Marias,2020-2024,1,55,5,0.008773313760053851,2.5,0.042925080795287465,90517.97005272385,3885.491177938573,442876.1223187728,0.955980424701636,2569980.148109198,28.391933078175153
Las Marias,2020-2024,1,60,5,0.009241315126352158,2.5,0.045163158189436114,86632.47887478527,3912.5963477649057,423380.9035045141,0.939688641789789,2127104.0257904255,24.55319359919098
Las Marias,2020-2024,1,65,5,0.015838467653908013,2.5,0.07617605818560286,82719.88252702037,6301.274584484534,397846.2261738905,0.914997491404997,1703723.1222859113,20.59629523445457
Las Marias,2020-2024,1,70,5,0.0198498203051948,2.5,0.09455676456293673,76418.60794253583,7225.896319449719,364028.2989140549,0.8646494672547153,1305876.8961120208,17.088467472398808
Las Marias,2020-2024,1,75,5,0.03965814366577012,2.5,0.18040445394737598,69192.71162308611,12482.67335750111,314756.8747216778,0.7966121624114865,941848.5971979661,13.611962518950026
Las Marias,2020-2024,1,80,5,0.05234290077044652,2.5,0.23143018573429244,56710.038265585004,13124.414688803161,250739.1546059171,0.600155534479411,627091.7224762882,11.057861035809676
Las Marias,2020-2024,1,85,NA,0.13406967009430332,8.634786816973635,1,43585.62357678184,43585.62357678184,376352.56787037116,0,376352.56787037116,8.634786816973635
Las Marias,2020-2024,2,0,1,0.00483970030137071,0.13908310916160183,0.004819618974615615,100000,481.9618974615587,99585.07086173481,0.9950180282405146,8736146.31882344,87.3614631882344
Las Marias,2020-2024,2,1,4,1.4995158726143108e-4,1.5161584799283003,5.995830307613457e-4,99518.03810253844,59.66932690094109,397923.9432585225,0.9993881979251837,8636561.247961706,86.78387770328654
Las Marias,2020-2024,2,5,5,7.015767634197438e-5,2.5,3.5072686625495404e-4,99458.3687756375,34.88272200350184,497204.6370731787,0.999609564033044,8238637.304703183,82.83503345292398
Las Marias,2020-2024,2,10,5,8.605030757548207e-5,2.5,4.3015899959185724e-4,99423.486053634,42.767907296773046,497010.51049992803,0.9990411051229439,7741432.667630004,77.86321899288352
Las Marias,2020-2024,2,15,5,2.977931956166873e-4,2.5,0.001487858292894272,99380.71814633723,147.86442564781464,496533.9296675666,0.9978773853583074,7244422.157130076,72.89565111073888
Las Marias,2020-2024,2,20,5,5.524252469780328e-4,2.5,0.002758316825256574,99232.85372068941,273.7156500359997,495479.97947835707,0.9969816693874897,6747888.227462509,68.00054593265837
Las Marias,2020-2024,2,25,5,6.568897083418349e-4,2.5,0.0032790635839060078,98959.13807065341,324.4933059422183,493984.45708841155,0.9964128274467187,6252408.247984152,63.18171691754377
Las Marias,2020-2024,2,30,5,7.807801059367973e-4,2.5,0.0038962951553236503,98634.64476471119,384.30968854381354,492212.4496021964,0.9954268800464755,5758423.7908957405,58.38135073768673
Las Marias,2020-2024,2,35,5,0.0010532846726261673,2.5,0.00525259217605435,98250.33507616738,516.0689413157961,489961.50302754744,0.9943221979198139,5266211.3412935445,53.599932633420316
Las Marias,2020-2024,2,40,5,0.0012247902762264284,2.5,0.006105257231903401,97734.26613485158,596.6928351245588,487179.59858644655,0.9927852840096025,4776249.838265996,48.869757017214745
Las Marias,2020-2024,2,45,5,0.0016731675486000633,2.5,0.008330989888178778,97137.57329972702,809.2521409222536,483664.7361463295,0.9900372111406129,4289070.23967955,44.154595322710236
Las Marias,2020-2024,2,50,5,0.00233521323152204,2.5,0.011608296538430266,96328.32115880477,1118.2077170605626,478846.08650137245,0.9856301956526259,3805405.5035332204,39.50453467635662
Las Marias,2020-2024,2,55,5,0.0034624634294689893,2.5,0.017163745048487156,95210.11344174421,1634.162113151644,471965.16192584194,0.9793555489726758,3326559.4170318483,34.93913930758265
Las Marias,2020-2024,2,60,5,0.0048964004814092636,2.5,0.024185942258748632,93575.95132859256,2263.2225556408084,462221.7002538608,0.9660875148254586,2854594.2551060063,30.505639692425675
Las Marias,2020-2024,2,65,5,0.008972886467716613,2.5,0.04388010435222293,91312.72877295176,4006.8120672433433,446546.6136966504,0.9537265075008565,2392372.5548521453,26.199770689152846
Las Marias,2020-2024,2,70,5,0.00999920884754502,2.5,0.04877672264613147,87305.91670570841,4258.496484520598,425883.34231724055,0.9281063220737431,1945825.941155495,22.28744642490271
Las Marias,2020-2024,2,75,5,0.020211329108333898,2.5,0.09619602189794008,83047.42022118781,7988.831454164814,395265.02247052704,0.8847382230363069,1519942.5988382543,18.30210492740234
Las Marias,2020-2024,2,80,5,0.029266715287015275,2.5,0.13635678819144892,75058.588767023,10234.74809045402,349706.07360898,0.6890610420647,1124677.5763677275,14.983995767075422
Las Marias,2020-2024,2,85,NA,0.07639807206207988,11.955038372770563,1,64823.84067656898,64823.84067656898,774971.5027587474,0,774971.5027587474,11.955038372770563
Las Piedras,1980-1984,1,0,1,0.017899897705579426,0.11357164912340154,0.01762031655157614,100000,1762.0316551576107,98438.08518572628,0.9818028995357154,7263586.295051209,72.63586295051209
Las Piedras,1980-1984,1,1,4,5.186157912287566e-4,1.5999099862301012,0.0020718842396718604,98237.96834484239,203.53769835106505,392463.36458213144,0.9980053090964895,7165148.2098654825,72.93664894121012
Las Piedras,1980-1984,1,5,5,2.0403247199637464e-4,2.5,0.0010196422596548997,98034.43064649132,99.96004838836961,489922.2531114857,0.9988138424625725,6772684.845283351,69.08475726967204
Las Piedras,1980-1984,1,10,5,2.707516971409958e-4,2.5,0.001352842774512069,97934.47059810295,132.48994092430803,489341.12813820405,0.9969366590146104,6282762.5921718655,64.15271919888814
Las Piedras,1980-1984,1,15,5,9.575179008447297e-4,2.5,0.004776156366179025,97801.98065717865,467.1175525407016,487842.1094045415,0.9937577847643783,5793421.464033661,59.23623862323514
Las Piedras,1980-1984,1,20,5,0.0015490376196337714,2.5,0.0077153098352141635,97334.86310463795,750.9686266204371,484796.89395663864,0.9904513022865369,5305579.35462912,54.50852023005837
Las Piedras,1980-1984,1,25,5,0.002292330234217477,2.5,0.01139634073005004,96583.89447801751,1100.7029705066816,480167.7149638209,0.9879576653924943,4820782.460672481,49.91290200841602
Las Piedras,1980-1984,1,30,5,0.002555376305301289,2.5,0.012695775317944184,95483.19150751083,1212.2331460196,474385.37467250513,0.9863393695809243,4340614.74570866,45.4594644060177
Las Piedras,1980-1984,1,35,5,0.0029491632921080156,2.5,0.014637892621556793,94270.95836149123,1379.9281658267573,467904.9713928893,0.9817619957472794,3866229.371036155,41.011881476909565
Las Piedras,1980-1984,1,40,5,0.004426773930755131,2.5,0.021891596778966325,92891.03019566447,2033.532977426279,459371.31853475666,0.9744589194978688,3398324.3996432656,36.58398870682216
Las Piedras,1980-1984,1,45,5,0.005941408256677209,2.5,0.0292722453823703,90857.49721823819,2659.6029534002882,447638.47870769026,0.9653030816279125,2938953.081108509,32.346841714659966
Las Piedras,1980-1984,1,50,5,0.008222660056955438,2.5,0.04028517209607232,88197.8942648379,3553.067348970173,432106.8029517641,0.9534459135344242,2491314.602400819,28.246871687434812
Las Piedras,1980-1984,1,55,5,0.01090672725286097,2.5,0.05308614597662337,84644.82691586773,4493.467637821785,411990.46548478416,0.9408611941047267,2059207.7994490548,24.32762726889138
Las Piedras,1980-1984,1,60,5,0.01355013384028383,2.5,0.06553079170573788,80151.35927804594,5252.3820297813945,387625.8413157762,0.9132783146320094,1647217.3339642708,20.551333736587743
Las Piedras,1980-1984,1,65,5,0.023145781486588596,2.5,0.1093986162654073,74898.97724826455,8193.844470654367,354010.27506468684,0.8646109843312734,1259591.4926484944,16.817205507004168
Las Piedras,1980-1984,1,70,5,0.03586563823831863,2.5,0.1645719923381909,66705.13277761018,10977.79660039486,306081.17238706374,0.8168413724897523,905581.2175838077,13.575885091225983
Las Piedras,1980-1984,1,75,5,0.04578344587492065,2.5,0.20540666684050315,55727.33617721532,11446.766376061983,250019.76494592163,0.726155902213967,599500.0451967439,10.757737339001958
Las Piedras,1980-1984,1,80,5,0.08779683955623481,2.5,0.35997297414270474,44280.56980115334,15939.808408054803,181553.32798562967,0.4805048002842143,349480.28025082225,7.8924070268336886
Las Piedras,1980-1984,1,85,NA,0.16367147003165167,5.925280197520934,1,28340.761393098535,28340.761393098535,167926.95226519255,0,167926.95226519255,5.925280197520934
Las Piedras,1980-1984,2,0,1,0.010192800821912372,0.12808104225474815,0.010103012357877066,100000,1010.3012357877014,99119.09919948324,0.9896046007106871,7810684.430037283,78.10684430037283
Las Piedras,1980-1984,2,1,4,2.7944586985406466e-4,1.5075623988937341,0.0011170054835404277,98989.6987642123,110.57203633364406,395683.2011558603,0.9988717771972513,7711565.3308378,77.90270530276388
Las Piedras,1980-1984,2,5,5,1.2267665838941393e-4,2.5,6.131952300926493e-4,98879.12672787865,60.63220886525232,494244.0531172301,0.9993025614832991,7315882.129681939,73.9881345212088
Las Piedras,1980-1984,2,10,5,1.5640783313810376e-4,2.5,7.817334925863516e-4,98818.4945190134,77.24972685247485,493899.3482779358,0.9982527400167106,6821638.07656471,69.0319976009367
Las Piedras,1980-1984,2,15,5,5.434457011042875e-4,2.5,0.002713541848890073,98741.24479216093,267.9384999550239,493036.3777109171,0.9965697547420139,6327738.728286774,64.08404858178508
Las Piedras,1980-1984,2,20,5,8.315046670312116e-4,2.5,0.004148898763443949,98473.3062922059,408.55577870797424,491345.1420142596,0.9953973629025568,5834702.350575857,59.251614171074806
Las Piedras,1980-1984,2,25,5,0.001014218250490665,2.5,0.005058265788756353,98064.75051349793,496.0375726053462,489083.65863597626,0.9943054949367267,5343357.208561597,54.48805182883856
Las Piedras,1980-1984,2,30,5,0.0012708204684105794,2.5,0.006333978966759297,97568.71294089258,617.9981755813933,486298.5692655095,0.9923173723916373,4854273.549925621,49.752358144422324
Las Piedras,1980-1984,2,35,5,0.0018161836374896677,2.5,0.009039873013816643,96950.71476531119,876.4221500771673,482562.518451363,0.9904829303651114,4367974.980660112,45.053561402137966
Las Piedras,1980-1984,2,40,5,0.002009771350357307,2.5,0.009998619404729653,96074.29261523402,960.6102864383574,477969.9373600742,0.9876660192604217,3885412.4622087483,40.441749363374
Las Piedras,1980-1984,2,45,5,0.002960333643617142,2.5,0.01469292829321159,95113.68232879566,1397.4985141602956,472074.6653585776,0.9796658816934587,3407442.524848674,35.82494591124742
Las Piedras,1980-1984,2,50,5,0.0052806918926855875,2.5,0.026059429912757177,93716.18381463537,2442.190323808565,462475.4432636554,0.9706885896944383,2935367.8594900966,31.321888493625252
Las Piedras,1980-1984,2,55,5,0.006638454699016867,2.5,0.03265040294298028,91273.9934908268,2980.1326656904566,448919.6357899079,0.9569043114414078,2472892.416226441,27.093066947651096
Las Piedras,1980-1984,2,60,5,0.01107720029858921,2.5,0.05389352798230209,88293.86082513635,4758.467659044967,429573.13497806934,0.934088679513603,2023972.780436533,22.92314280428803
Las Piedras,1980-1984,2,65,5,0.016366034865051532,2.5,0.07861368841171652,83535.39316609138,6567.025369709343,401259.40240618354,0.9088116944648,1594399.6454584638,19.086516325940526
Las Piedras,1980-1984,2,70,5,0.02212701208787901,2.5,0.10483580275252595,76968.36779638204,8069.04062448538,364669.2374206967,0.8591726347321361,1193140.2430522803,15.501696050105988
Las Piedras,1980-1984,2,75,5,0.03981031592088636,2.5,0.18103402525941428,68899.32717189666,12473.122535593779,313313.82952049887,0.7687673801842451,828471.0056315835,12.024370043043156
Las Piedras,1980-1984,2,80,5,0.06852883377126318,2.5,0.2925277115590248,56426.20463630288,16506.228514218914,240865.4518959671,0.53244279015143,515157.17611108464,9.12975060845486
Las Piedras,1980-1984,2,85,NA,0.14608946194434216,6.871039285601619,1,39919.976122083965,39919.976122083965,274291.7242151175,0,274291.7242151175,6.871039285601619
Las Piedras,1985-1989,1,0,1,0.01754300381577868,0.11428381303580443,0.017274589134573526,100000,1727.4589134573616,98469.96167803524,0.9822381940340598,7230423.879446779,72.30423879446779
Las Piedras,1985-1989,1,1,4,4.681914848881896e-4,1.60095166293753,0.0018706647826734772,98272.54108654264,183.83498171441897,392649.1353389947,0.9980809201580972,7131953.917768745,72.57321159008261
Las Piedras,1985-1989,1,5,5,2.1782375252473398e-4,2.5,0.0010885259955809746,98088.70610482822,106.77210646800813,490176.60025797103,0.9987992389324111,6739304.78242975,68.70622572212747
Las Piedras,1985-1989,1,10,5,2.627962299925127e-4,2.5,0.0013131184435213358,97981.93399836021,128.66188466513995,489588.0152801382,0.9974510582990855,6249128.182171779,63.77837145239817
Las Piedras,1985-1989,1,15,5,7.587143690676915e-4,2.5,0.003786389874327096,97853.27211369507,370.51063870107464,488340.0839717227,0.9935428970946268,5759540.166891641,58.8589430121424
Las Piedras,1985-1989,1,20,5,0.001835981917253688,2.5,0.009137966732067087,97482.761474994,890.7942313085223,485186.8217966987,0.9896088171123627,5271200.082919918,54.07315101831693
Las Piedras,1985-1989,1,25,5,0.0023448570765287756,2.5,0.011655956502422833,96591.96724368547,1125.8717686758464,480145.15679673775,0.9870973626658203,4786013.2611232195,49.54877095575561
Las Piedras,1985-1989,1,30,5,0.0028530092001638856,2.5,0.01416402079670862,95466.09547500963,1352.1837616886041,473950.0179708266,0.9854371525025196,4305868.104326481,45.10363687654574
Las Piedras,1985-1989,1,35,5,0.003016052105687877,2.5,0.01496740434992371,94113.91171332102,1408.640971566303,467047.95613768935,0.9836203604900213,3831918.086355655,40.71574559591151
Las Piedras,1985-1989,1,40,5,0.003594683315158473,2.5,0.01781333334538236,92705.27074175472,1651.3898905967944,459397.87898228166,0.9790394444608721,3364870.130217965,36.29642741232423
Las Piedras,1985-1989,1,45,5,0.004892079606792624,2.5,0.024164857023350635,91053.88085115793,2200.3040121894446,449768.644225316,0.9705146639982161,2905472.251235684,31.90937304457282
Las Piedras,1985-1989,1,50,5,0.00711174704510556,2.5,0.0349375673717301,88853.57683896848,3104.327827030662,436507.06462726573,0.9555741582214737,2455703.607010368,27.637644925211056
Las Piedras,1985-1989,1,55,5,0.01115412087549838,2.5,0.05425761440380144,85749.24901193782,4652.549688305269,417114.8708389259,0.9239600991768245,2019196.542383102,23.54768777160945
Las Piedras,1985-1989,1,60,5,0.020847046826949173,2.5,0.09907184562243776,81096.69932363255,8034.39967588018,385397.4974284623,0.8910019853877569,1602081.671544176,19.75520193677365
Las Piedras,1985-1989,1,65,5,0.025535475106765924,2.5,0.12001572889009608,73062.29964775237,8768.625146611608,343389.93537223287,0.8568342108713711,1216684.174115714,16.652694754772106
Las Piedras,1985-1989,1,70,5,0.03703264895599395,2.5,0.16947314597414836,64293.67450114076,10896.051283946203,294228.2442958383,0.7929787979593013,873294.238743481,13.58289513734335
Las Piedras,1985-1989,1,75,5,0.057726425949959664,2.5,0.25223112618046895,53397.62321719456,13468.542639433334,233316.75948738947,0.7102079146191119,579065.9944476427,10.84441515481494
Las Piedras,1985-1989,1,80,5,0.08193432796873772,2.5,0.3400227923753656,39929.080577761226,13576.797475031351,165703.40920122777,0.5207410676692407,345749.23496025323,8.659083303631606
Las Piedras,1985-1989,1,85,NA,0.19436339906211628,6.832266679025401,1,26352.283102729874,26352.283102729874,180045.82575902544,0,180045.82575902544,6.832266679025401
Las Piedras,1985-1989,2,0,1,0.008899350278688198,0.1307394323527205,0.008831034681296706,100000,883.1034681296733,99232.35297800232,0.9907871699506638,7906558.520030656,79.06558520030656
Las Piedras,1985-1989,2,1,4,3.1051903124039974e-4,1.5096319065735302,0.0012411163613790031,99116.89653187033,123.01560197482468,396161.23199732957,0.9988329744714647,7807326.167052654,78.76887231373577
Las Piedras,1985-1989,2,5,5,1.244558027459082e-4,2.5,6.220854583667971e-4,98993.8809298955,61.58265379376826,494815.44801499305,0.9992942214178189,7411164.935055324,74.86487917676132
Las Piedras,1985-1989,2,10,5,1.579671199365186e-4,2.5,7.895238026795165e-4,98932.29827610173,78.10940434278746,494466.2178696517,0.9983484098019617,6916349.487040331,69.90992433773326
Las Piedras,1985-1989,2,15,5,5.035005358284511e-4,2.5,0.002514337753127372,98854.18887175895,248.55281913504587,493649.5623109571,0.9967393820928344,6421883.269170679,64.963188130567
Las Piedras,1985-1989,2,20,5,8.033660969193894e-4,2.5,0.004008779191365998,98605.6360526239,395.2882219591702,492039.95970822155,0.9954533588082364,5928233.706859722,60.12063756371836
Las Piedras,1985-1989,2,25,5,0.0010199276247373505,2.5,0.005086668040555674,98210.34783066473,499.56343756210117,489802.8305594184,0.99409332324413,5436193.747151501,55.3525556851162
Las Piedras,1985-1989,2,30,5,0.001350721352024298,2.5,0.006730877908848115,97710.78439310263,657.6793601277459,486909.72356519377,0.9929951522745288,4946390.916592082,50.62277359981204
Las Piedras,1985-1989,2,35,5,0.0014614550079525873,2.5,0.0072806740957167965,97053.10503297488,706.6120277224545,483498.9950955683,0.9917984438777249,4459481.193026888,45.94887707623295
Las Piedras,1985-1989,2,40,5,0.0018342108239703446,2.5,0.00912919196306981,96346.49300525243,879.565629613513,479533.55095222837,0.9896708474618647,3975982.19793132,41.26753422892689
Las Piedras,1985-1989,2,45,5,0.002321428581205382,2.5,0.011540168712325103,95466.92737563892,1101.7044483621721,474580.3757572891,0.9823177628086596,3496448.646979091,36.62471122822907
Las Piedras,1985-1989,2,50,5,0.004836995191602073,2.5,0.023896013699601783,94365.22292727674,2254.9526598361845,466188.7329867933,0.9730223676999885,3021868.271221802,32.02311378579191
Las Piedras,1985-1989,2,55,5,0.006119137571807948,2.5,0.030134692043297235,92110.27026744056,2775.714628534188,453612.0647658673,0.9638122821392471,2555679.538235009,27.745869497664465
Las Piedras,1985-1989,2,60,5,0.008669685713017322,2.5,0.04242881728744368,89334.55563890637,3790.359538658129,437196.87934788654,0.9411564286909438,2102067.473469142,23.530284092594332
Las Piedras,1985-1989,2,65,5,0.01579731313240323,2.5,0.07598564316538937,85544.19610024824,6500.130759743552,411470.65360188234,0.8974882675235246,1664870.5941212552,19.462110464749856
Las Piedras,1985-1989,2,70,5,0.028086584271171194,2.5,0.13121917529365865,79044.06534050469,10372.097065839102,369290.0840379257,0.8564941031551255,1253399.9405193727,15.85697718253733
Las Piedras,1985-1989,2,75,5,0.034227643084507015,2.5,0.15764838388165822,68671.96827466559,10826.024816473524,316294.7793321441,0.7928371848267022,884109.8564814471,12.874392254861467
Las Piedras,1985-1989,2,80,5,0.061346117356293396,2.5,0.2659440062391003,57845.943458192065,15383.781947952077,250770.26242108014,0.5583592748539471,567815.0771493029,9.815987832572722
Las Piedras,1985-1989,2,85,NA,0.12450593787193752,7.466525571284581,1,42462.16151023999,42462.16151023999,317044.8147282228,0,317044.8147282228,7.466525571284581
Las Piedras,1990-1994,1,0,1,0.013359032470768542,0.12263271865620491,0.013204268174835377,100000,1320.4268174835306,98841.50071293104,0.9862452930978808,7175690.152513441,71.75690152513441
Las Piedras,1990-1994,1,1,4,4.645240303984994e-4,1.613215539989221,0.0018560382971572445,98679.57318251647,183.15306697387132,394281.14583600935,0.9980283129422717,7076848.6518005105,71.71543637213816
Las Piedras,1990-1994,1,5,5,2.696229394753625e-4,2.5,0.0013472066028659493,98496.4201155426,132.69502753832785,492150.36300886713,0.9985856992613027,6682567.505964501,67.84579072138278
Las Piedras,1990-1994,1,10,5,2.965167198194475e-4,2.5,0.0014814853861293486,98363.72508800427,145.7244212431251,491454.31438691355,0.997109187124428,6190417.142955634,62.93394376247115
Las Piedras,1990-1994,1,15,5,8.623011817682033e-4,2.5,0.004302231360874212,98218.00066676115,422.55656267089944,490033.61192712846,0.9919386175221699,5698962.82856872,58.02360860413399
Las Piedras,1990-1994,1,20,5,0.002381449585322811,2.5,0.011836776212109337,97795.44410409025,1157.5827864239545,486083.26355439133,0.9874754590206568,5208929.216641592,53.26351615211624
Las Piedras,1990-1994,1,25,5,0.0026617034199727663,2.5,0.01322054418071456,96637.86131766629,1277.6051150799904,479995.2938006315,0.984930743124826,4722845.9530872,48.871590168602175
Las Piedras,1990-1994,1,30,5,0.0034174984927547083,2.5,0.01694273800974494,95360.2562025863,1615.6638373825554,472762.1214194751,0.9819961267354543,4242850.659286569,44.492861368502666
Las Piedras,1990-1994,1,35,5,0.003853427432186856,2.5,0.01908329691139692,93744.59236520375,1788.9558899430558,464250.5721011611,0.9803391387855264,3770088.5378670935,40.216597488416625
Las Piedras,1990-1994,1,40,5,0.004091356648854622,2.5,0.02024966177343857,91955.63647526069,1862.070536785308,455123.0060343402,0.9750979936737926,3305837.9657659326,35.950357068708016
Las Piedras,1990-1994,1,45,5,0.006019339512241772,2.5,0.029650506399389306,90093.56593847538,2671.319853402558,443789.5300588705,0.9704922070315622,2850714.9597315923,31.64171525498654
Las Piedras,1990-1994,1,50,5,0.005959633300739407,2.5,0.029360718711283516,87422.24608507282,2566.7799764124356,430694.28048433305,0.9526414381205826,2406925.429672722,27.532184740832225
Las Piedras,1990-1994,1,55,5,0.013629253286149893,2.5,0.06590081904444575,84855.46610866039,5592.0447169589315,410297.2187509046,0.9261187078583186,1976231.1491883888,23.289379456801942
Las Piedras,1990-1994,1,60,5,0.017193544882972717,2.5,0.08242478865676452,79263.42139170146,6533.270756423051,379983.9300674497,0.8998444686296208,1565933.9304374843,19.75607288889287
Las Piedras,1990-1994,1,65,5,0.025414022603268062,2.5,0.11947900752189654,72730.1506352784,8689.726214821108,341926.43763933924,0.8444263851802247,1185950.0003700345,16.306167249910505
Las Piedras,1990-1994,1,70,5,0.04359814422045148,2.5,0.19656594504951247,64040.4244204573,12588.166547579072,288731.7057333388,0.7905471286220149,844023.5627306952,13.179543551886226
Las Piedras,1990-1994,1,75,5,0.05082935966231972,2.5,0.22549267731982645,51452.257872878225,11602.107381905429,228256.02090962755,0.7180089647135535,555291.8569973565,10.792371024208537
Las Piedras,1990-1994,1,80,5,0.08630401220266158,2.5,0.3549385159779244,39850.150490972796,14144.353276762839,163889.8692629569,0.4988626591399217,327035.8360877289,8.20663992628615
Las Piedras,1990-1994,1,85,NA,0.14526019369756152,6.346660462044968,1,25705.797214209957,25705.797214209957,163145.966824772,0,163145.966824772,6.346660462044968
Las Piedras,1990-1994,2,0,1,0.010418317839538107,0.1276175438939325,0.010324481132095038,100000,1032.4481132095098,99099.3103791962,0.9894381719822685,7889068.966326554,78.89068966326555
Las Piedras,1990-1994,2,1,4,2.5393621485948585e-4,1.5072020691980814,0.0010151022878425234,98967.55188679049,100.46218834245519,395619.77561193804,0.9989209733768849,7789969.655947358,78.71236084386877
Las Piedras,1990-1994,2,5,5,1.215556793686568e-4,2.5,6.075937556639093e-4,98867.08969844804,60.07102634142211,494185.27092638664,0.9993445760528512,7394349.88033542,74.79081161272913
Las Piedras,1990-1994,2,10,5,1.407061216525135e-4,2.5,7.032832176276281e-4,98807.01867210661,69.48931801592698,493861.3700654933,0.9984270208636181,6900164.609409033,69.83476176229333
Las Piedras,1990-1994,2,15,5,4.892551209978986e-4,2.5,0.002443287128140715,98737.52935409069,241.2441345352563,493084.53643411526,0.9966900577956956,6406303.23934354,64.88215049790617
Las Piedras,1990-1994,2,20,5,8.374938168542065e-4,2.5,0.004178719953961512,98496.28521955543,411.5883924380323,491452.4551166821,0.9953563484390119,5913218.702909425,60.03494131508034
Las Piedras,1990-1994,2,25,5,0.001024725274662297,2.5,0.005110534139561901,98084.6968271174,501.2651917035546,489170.3211563281,0.9943215013119708,5421766.247792743,55.27637259611524
Las Piedras,1990-1994,2,30,5,0.0012537938673804028,2.5,0.006249380748757721,97583.43163541384,609.8360190600797,486392.56812941906,0.9926636756793019,4932595.926636415,50.547473520559556
Las Piedras,1990-1994,2,35,5,0.0016931574128050807,2.5,0.00843010333414809,96973.59561635376,817.4974317297456,482824.2345024444,0.9912259671857687,4446203.358506995,45.849628759740256
Las Piedras,1990-1994,2,40,5,0.0018325344301104577,2.5,0.009120886305084312,96156.09818462402,877.0288390824862,478587.91882541386,0.9890622878728392,3963379.124004551,41.2181775137619
Las Piedras,1990-1994,2,45,5,0.002570667643412093,2.5,0.012771261545012177,95279.06934554153,1216.833914377261,473353.2619417645,0.9844277500580212,3484791.205179137,36.57457224462493
Las Piedras,1990-1994,2,50,5,0.003716100377263678,2.5,0.018409473260001596,94062.23543116427,1731.636207945994,465982.08663595637,0.9772890580389981,3011437.9432373727,32.01537715357801
Las Piedras,1990-1994,2,55,5,0.0054930282529806855,2.5,0.027093083580976743,92330.59922321828,2501.5206418363086,455399.1945115006,0.9624415826191928,2545455.8566014166,27.56893032230331
Las Piedras,1990-1994,2,60,5,0.009902251597864604,2.5,0.048315185189952196,89829.07858138197,4340.10856710223,438295.12148915423,0.9400991558596492,2090056.662089916,23.267038859765197
Las Piedras,1990-1994,2,65,5,0.014953833295830032,2.5,0.07207468443926437,85488.97001427974,6161.590536816962,412040.8737293563,0.9086673491884226,1651761.5406007618,19.321340990830258
Las Piedras,1990-1994,2,70,5,0.02374821440219509,2.5,0.11208643998983218,79327.37947746277,8891.523559351263,374408.0884889357,0.8677634044760054,1239720.6668714054,15.6279039473832
Las Piedras,1990-1994,2,75,5,0.03358798453249217,2.5,0.154930421186407,70435.85591811151,10912.6568240181,324897.63753051235,0.7830973524281627,865312.5783824697,12.285114833962963
Las Piedras,1990-1994,2,80,5,0.06790097595320431,2.5,0.2902365220114233,59523.19909409341,17275.806284063176,254426.4797603091,0.5292016180026242,540414.9408519573,9.079064114105782
Las Piedras,1990-1994,2,85,NA,0.11785691401609609,6.7693753879115075,1,42247.39281003024,42247.39281003024,285988.46109164826,0,285988.46109164826,6.7693753879115075
Las Piedras,1995-1999,1,0,1,0.012624508283737717,0.12409842494521557,0.012486435444615066,100000,1248.6435444615054,98906.31115272419,0.9870147904496774,7288124.513674636,72.88124513674636
Las Piedras,1995-1999,1,1,4,4.2970542182254267e-4,1.6153783700053748,0.0017170622396380324,98751.3564555385,169.56222528284707,394601.0840721145,0.998264155124275,7189218.202521912,72.80120962954837
Las Piedras,1995-1999,1,5,5,2.0966432164993656e-4,2.5,0.0010477724070222783,98581.79423025565,103.29128382919589,492650.7429417053,0.9988430605916857,6794617.118449798,68.92365037077474
Las Piedras,1995-1999,1,10,5,2.5340461546162946e-4,2.5,0.0012662209117500686,98478.50294642645,124.6955397886195,492080.7758826607,0.9968824923467459,6301966.375508092,63.99332023697031
Las Piedras,1995-1999,1,15,5,9.967056834361341e-4,2.5,0.004971141504703413,98353.80740663783,488.93069414474303,490546.71029782726,0.9924842977627288,5809885.599625432,59.07128308317352
Las Piedras,1995-1999,1,20,5,0.002024792952394682,2.5,0.010072975537279589,97864.87671249309,985.7905090838321,486859.9072897559,0.99022968076401785,5319338.889327604,54.35391192444588
Las Piedras,1995-1999,1,25,5,0.0019019170790205958,2.5,0.0094645832637152965,96879.08620340926,916.9201778848073,482103.1305723343,0.9890726068705883,4832478.982037849,49.881549996162015
Las Piedras,1995-1999,1,30,5,0.0024963184255563458,2.5,0.012404180169007196,95962.16602552445,1190.3319967887946,476835.0001356503,0.9848792375309385,4350375.851465514,45.3342815366254
Las Piedras,1995-1999,1,35,5,0.003606519892705787,2.5,0.017871464978635825,94771.834028735655,1693.711512805632,469624.8913616642,0.9802431529636476,3873540.851329864,40.87227910093385
Las Piedras,1995-1999,1,40,5,0.004382809417077843,2.5,0.021676536761766455,93078.12251593002,2017.6113444327639,460346.5842185682,0.9774511064806718,3403915.9599682,36.57052664964993
Las Piedras,1995-1999,1,45,5,0.0047437134808185925,2.5,0.023440578928440373,91060.51117149726,2134.5110993796116,449966.27810903726,0.9714413331472306,2943569.375749632,32.32542117192721
Las Piedras,1995-1999,1,50,5,0.00687612625936806,2.5,0.0337996054110326,88926.00007211765,3005.6637132190226,437115.84107754065,0.9573326139459916,2493603.0976405945,28.04132757144502
Las Piedras,1995-1999,1,55,5,0.010645023488994269,2.5,0.051845379245315834,85920.33635889862,4454.572423412203,418465.25073596265,0.9288636493643333,2056487.2565630537,23.93481384864326
Las Piedras,1995-1999,1,60,5,0.019173445723126636,2.5,0.09148215813170152,81465.76393548642,7452.66389866604,388697.159930767,0.9003564882163515,1638022.005827091,20.106875903407197
Las Piedras,1995-1999,1,65,5,0.022973077065628303,2.5,0.10862666354560346,74013.10003682038,8039.796115666773,349966.00989493495,0.8596765845695635,1249324.845896324,16.879780002118597
Las Piedras,1995-1999,1,70,5,0.038568328719977334,2.5,0.17588287249352622,65973.30392115361,11603.57420154092,300857.58410191577,0.7940039940314787,899358.8360013891,13.632163050015441
Las Piedras,1995-1999,1,75,5,0.055201326437777955,2.5,0.2425358769042317,54369.72971961269,13186.610074592325,238882.12341158264,0.7182384782509803,598501.2518994733,11.007986520918404
Las Piedras,1995-1999,1,80,5,0.08006154502033805,2.5,0.3335470039240331,41183.119645020364,13736.506169841537,171574.332800498,0.5228998704214496,359619.12848789064,8.73219735628682
Las Piedras,1995-1999,1,85,NA,0.13994173515260402,6.851293178936256,1,27446.613475178827,27446.613475178827,188044.79568739262,0,188044.79568739262,6.851293178936256
Las Piedras,1995-1999,2,0,1,0.010091349098823397,0.12828955293766123,0.010003352265490153,100000,1000.3352265490248,99127.99733245274,0.989722126910333,7976795.470573475,79.76795470573475
Las Piedras,1995-1999,2,1,4,2.692887417307751e-4,1.5077245458640476,0.0010764325281435241,98999.66477345098,106.56645943743933,395733.0661227138,0.9989063979320169,7877667.473241022,79.57266816274714
Las Piedras,1995-1999,2,5,5,1.1782588761037907e-4,2.5,5.889559524072558e-4,98893.09831401354,58.24367890403664,494319.8823728076,0.9993639505912998,7481934.407118308,75.65679035923267
Las Piedras,1995-1999,2,10,5,1.3668081161912802e-4,2.5,6.831706173095196e-4,98834.8546351095,67.5210686527571,494005.4705039156,0.998528761989054,6987614.524745501,70.69990187715885
Las Piedras,1995-1999,2,15,5,4.524800986795825e-4,2.5,0.002259844157129866,98767.33356645674,223.19878167546995,493278.670878095,0.9970285454503267,6493609.054241585,65.74652589838608
Las Piedras,1995-1999,2,20,5,7.382955328097206e-4,2.5,0.003684676713155676,98544.13478478127,363.10327865954605,491812.9157272575,0.9958940445621509,6000330.38336349,60.88977691537006
Las Piedras,1995-1999,2,25,5,9.078140865150491e-4,2.5,0.004528792179237219,98181.03150612173,444.6414876343624,489793.5538115227,0.9948500670798249,5508517.467636232,56.105720047286
Las Piedras,1995-1999,2,30,5,0.0011581233390644831,2.5,0.00577389947597108,97736.39001848736,564.3200911110471,487271.14986465924,0.9926902303554037,5018723.913824709,51.34959366593539
Las Piedras,1995-1999,2,35,5,0.0017787870423000487,2.5,0.008854559273248911,97172.06992737632,860.4158528762346,483709.310004691,0.9905533887140994,4531452.76396005,46.63328431046834
Las Piedras,1995-1999,2,40,5,0.0020189295143962886,2.5,0.010043952491664902,96311.65407450008,967.349677917955,479139.8961777055,0.9889537519036404,4047743.4539553593,42.027556196099624
Las Piedras,1995-1999,2,45,5,0.0024263720315824758,2.5,0.012058712848928567,95344.30439658213,1149.72958849922,473847.1980116626,0.984846880360592,3568603.557777654,37.42859712871931
Las Piedras,1995-1999,2,50,5,0.0036908030036607027,2.5,0.018285296450646332,94194.5748080829,1722.3757244083827,466666.9347293936,0.9775982211793685,3094756.359765991,32.85493210273961
Las Piedras,1995-1999,2,55,5,0.005390669101498935,2.5,0.026594934281278466,92472.19908367452,2459.2920574756135,456212.7652746836,0.9693644183167675,2628089.4250365975,28.42031930762824
Las Piedras,1995-1999,2,60,5,0.007080478138151807,2.5,0.03478662583150887,90012.90702619891,3131.2453167267813,442236.4218391776,0.9506390903294978,2171876.659761914,24.128502583854708
Las Piedras,1995-1999,2,65,5,0.013321444340837763,2.5,0.06446045576988009,86881.66170947213,5600.431511837116,420407.2297677678,0.9188671886626796,1729640.2379227364,19.908001342176966
Las Piedras,1995-1999,2,70,5,0.02082094173145379,2.5,0.09895392394583177,81281.23019763501,8043.09667120043,386298.409310174,0.876447339084553,1309233.0081549685,16.107445777722276
Las Piedras,1995-1999,2,75,5,0.03263187799120682,2.5,0.1508528596770211,73238.13352643458,11048.181879870157,338570.2129324975,0.7950666474575787,922934.5988447946,12.601831237434121
Las Piedras,1995-1999,2,80,5,0.06205953071172484,2.5,0.2686213640745927,62189.95164656443,16705.549643033104,269185.88412523933,0.539352687099519,584364.3859122971,9.396443805477363
Las Piedras,1995-1999,2,85,NA,0.1322246217550776,6.929375520042846,1,45484.40200353132,45484.40200353132,315178.5017870577,0,315178.5017870577,6.929375520042846
Las Piedras,2000-2004,1,0,1,0.010480597119461319,0.12837649247797092,0.010385722147418841,100000,1038.5722147418855,99094.75604337176,0.9891281363865666,7450736.59741919,74.5073659741919
Las Piedras,2000-2004,1,1,4,4.0019389040147707e-4,1.621707819169827,0.0015992534273767342,98961.42778525811,158.26440256366914,395469.31214991154,0.9984046319345572,7351641.8413758185,74.28795244677102
Las Piedras,2000-2004,1,5,5,1.9503653555927192e-4,2.5,9.747074189009437e-4,98803.16338269445,96.30417635999038,493775.05647257227,0.9989478936724282,6956172.529225907,70.40435033727162
Las Piedras,2000-2004,1,10,5,2.2604381760024114e-4,2.5,0.0011295807511380181,98706.85920633445,111.49736816476798,493255.5526112603,0.9978106907179953,6462397.472753335,65.47060178710068
Las Piedras,2000-2004,1,15,5,6.511053662235215e-4,2.5,0.0032502362155140694,98595.36183816969,320.4582157281402,492175.6636515281,0.9936065691742706,5969141.920142074,60.54181260513628
Las Piedras,2000-2004,1,20,5,0.001918532971910987,2.5,0.00954687487399377,98274.90362244155,938.2182081372448,489028.97259186464,0.9900087430721678,5476966.256490546,55.73107736164551
Las Piedras,2000-2004,1,25,5,0.002098940856596468,2.5,0.010439922334165158,97336.6854143043,1016.1874359904032,484142.9584815455,0.9896838189220133,4987937.283898681,51.24416619148272
Las Piedras,2000-2004,1,30,5,0.0020486659838560113,2.5,0.010191134343613389,96320.4979783139,981.6151349407301,479148.4520542177,0.9880490764975873,4503794.325417136,46.75842027344111
Las Piedras,2000-2004,1,35,5,0.002764744669153821,2.5,0.013728831561088528,95338.88284337317,1308.8914637790294,473422.18555741827,0.9855564453040989,4024645.8733629184,42.214107752602686
Las Piedras,2000-2004,1,40,5,0.0030568286814633186,2.5,0.015168226731020787,94029.99137959414,1426.2682287616044,466584.28632606665,0.9802091155909389,3551223.6878055003,37.76692559153172
Las Piedras,2000-2004,1,45,5,0.004957641185811103,2.5,0.024484739546061975,92603.72315083253,2267.378042343771,457350.17064830323,0.9713140315631316,3084639.4014794333,33.310101327731566
Las Piedras,2000-2004,1,50,5,0.006709206268181742,2.5,0.03299264518619099,90336.34510848876,2980.434981581682,444230.6380884896,0.9562675503309168,2627289.2308311304,29.083412968234512
Las Piedras,2000-2004,1,55,5,0.011276941893217913,2.5,0.054838678002744966,87355.91012690708,4790.482627086167,424803.34406682,0.9351862272026709,2183058.5927426405,24.99039377611867
Las Piedras,2000-2004,1,60,5,0.015663797006004412,2.5,0.07536762700446652,82565.42749982091,6222.760343270827,397270.2366409275,0.9186197237543068,1758255.2486758207,21.29529637183353
Las Piedras,2000-2004,1,65,5,0.018384444678862404,2.5,0.08788302200371562,76342.66715655009,6709.224297541441,364940.2750388969,0.8862369869228557,1360985.0120348933,17.827318100427707
Las Piedras,2000-2004,1,70,5,0.03060215377171573,2.5,0.14213655692925076,69633.44285900865,9897.457815109214,323423.5697572702,0.8096762789604506,996044.7369959963,14.3041144613911
Las Piedras,2000-2004,1,75,5,0.056229058238629476,2.5,0.2464948570164025,59735.98504389943,14724.613092129948,261868.39248917229,0.7270828628223183,672621.167238726,11.259899150309865
Las Piedras,2000-2004,1,80,5,0.07280847801439658,2.5,0.3079829630812146,45011.371951769484,13862.73570605664,190400.02049370584,0.5364607807949746,410752.7747495538,9.125533324993581
Las Piedras,2000-2004,1,85,NA,0.14001712843510306,7.074234406849073,1,31148.636245712845,31148.636245712845,220352.75425584795,0,220352.75425584795,7.074234406849073
Las Piedras,2000-2004,2,0,1,0.007100652898111081,0.13443624111809924,0.007057278386571958,100000,705.7278386571998,99389.14755922428,0.9927273105618413,8051778.269223459,80.51778269223459
Las Piedras,2000-2004,2,1,4,2.0515209101364075e-4,1.5125178080650474,8.201898112097037e-4,99294.2721613428,81.44015033822507,396974.50772169634,0.9991407462689944,7952389.121664234,80.089102307356
Las Piedras,2000-2004,2,5,5,1.0243805779056964e-4,2.5,5.120591530900572e-4,99212.83201100458,50.80283873520966,495937.1529581849,0.9994323888123364,7555414.613942538,76.15360292411067
Las Piedras,2000-2004,2,10,5,1.2467718544013887e-4,2.5,6.231916827382105e-4,99162.02917226937,61.79695182359137,495655.6534817878,0.9986510791206701,7059477.460984354,71.19133724785188
Las Piedras,2000-2004,2,15,5,4.1545157759922664e-4,2.5,0.002075102626346643,99100.23222044577,205.64315215221723,494987.0532218483,0.997344846972751,6563821.807502566,66.23417181204503
Las Piedras,2000-2004,2,20,5,6.483310514542545e-4,2.5,0.0032364095951818205,98894.58906829356,320.06339697219664,493672.7868490373,0.9964002383833599,6068834.754280717,61.36670177262951
Las Piedras,2000-2004,2,25,5,7.944333659394656e-4,2.5,0.003964293412299566,98574.52567132136,390.77834273937333,491895.6824997584,0.9953880185755839,5575161.96743168,56.55783712336627
Las Piedras,2000-2004,2,30,5,0.0010552258860118432,2.5,0.005262247281184962,98183.74732858199,516.6671574363718,489627.068749319,0.9939160391856124,5083266.284931921,51.7729911847859
Las Piedras,2000-2004,2,35,5,0.001386795650136195,2.5,0.006910021282040269,97667.08017114562,674.8816025373526,486648.1968493847,0.9927620599906252,4593639.216182603,47.033649497179596
Las Piedras,2000-2004,2,40,5,0.0015193775169328847,2.5,0.0075681404286337805,96992.19856860826,734.0505792491604,483125.8663949184,0.9906328859303306,4106991.0193332178,42.34351916899897
Las Piedras,2000-2004,2,45,5,0.002248530351223913,2.5,0.011179806420973649,96258.1479893591,1076.147460962471,478600.37129438936,0.9847255193024311,3623865.1529382993,37.6473600275262
Las Piedras,2000-2004,2,50,5,0.003921155542448909,2.5,0.0194154502117274,95182.00052839663,1848.001392311693,471289.9991612039,0.9790072393369401,3145264.7816439103,33.04474337777289
Las Piedras,2000-2004,2,55,5,0.004571926072586079,2.5,0.02260130166207237,93333.99913608494,2109.469869802255,461396.3210059191,0.9710418205586524,2673974.7824827065,28.649525438033976
Las Piedras,2000-2004,2,60,5,0.007220436396775639,2.5,0.03546205323418689,91224.52926628268,3235.009113104563,448035.12354865205,0.957323350269803,2212578.461476787,24.254205302811837
Las Piedras,2000-2004,2,65,5,0.010289337967706504,2.5,0.05015649696710554,87989.52015317812,4413.246100699951,428914.4855141407,0.9300833364648564,1764543.3379281352,20.05401705630737
Las Piedras,2000-2004,2,70,5,0.019006175848220754,2.5,0.09072026592326639,83576.27405247817,7582.0618069166085,398926.2157450993,0.8720163181471436,1335628.8524139945,15.98095712636511
Las Piedras,2000-2004,2,75,5,0.03691134698180102,2.5,0.16896492726401321,75994.21224556156,12840.35654455729,347870.16986641457,0.7864633550069217,936702.6366688951,12.325973373368354
Las Piedras,2000-2004,2,80,5,0.06167269041416868,2.5,0.2671706241009917,63153.85570100427,16872.855042021285,273587.14089996816,0.5353735462556602,588832.4668024806,9.323776992971737
Las Piedras,2000-2004,2,85,NA,0.1268924223171409,6.8115494784861434,1,46281.000658982986,46281.000658982986,315245.3259025124,0,315245.3259025124,6.8115494784861434
Las Piedras,2005-2009,1,0,1,0.011392941988774346,0.12655595390850025,0.011280686776513914,100000,1128.0686776513903,99014.69512992309,0.9883507038702268,7579976.738367426,75.79976738367426
Las Piedras,2005-2009,1,1,4,3.476223279691487e-4,1.6190112907423635,0.0013893393767396582,98871.93132234861,137.36666744045215,395160.6568051904,0.9985641181956469,7480962.043237504,75.6631527591748
Las Piedras,2005-2009,1,5,5,1.6783229647420305e-4,2.5,8.388095340450071e-4,98734.56465490816,82.81949417231954,493465.77453911,0.9990717635865779,7085801.386432313,71.76616832411459
Las Piedras,2005-2009,1,10,5,2.0365130545195052e-4,2.5,0.0010177383678916785,98651.74516073584,100.40166610955202,493007.7216384053,0.9976877388717336,6592335.611893203,66.82431822318135
Las Piedras,2005-2009,1,15,5,7.229247366218653e-4,2.5,0.003608102716344531,98551.34349462629,355.58337016234873,491867.7590477256,0.9950059729064107,6099327.890254798,61.88985024427776
Las Piedras,2005-2009,1,20,5,0.001281083868361605,2.5,0.006384970136204371,98195.76012446394,626.9769958966062,489411.3581325782,0.9927196010783016,5607460.131207072,57.10491088514993
Las Piedras,2005-2009,1,25,5,0.0016430376699986214,2.5,0.008181581732526323,97568.78312856733,798.266973709513,485848.24820856284,0.9907580941092726,5118048.773074494,52.45580203998641
Las Piedras,2005-2009,1,30,5,0.002072882067280716,2.5,0.010310976739455167,96770.51615485782,997.7985411378031,481358.08442144457,0.9875481139828398,4632200.524865931,47.867891057367245
Las Piedras,2005-2009,1,35,5,0.0029445373834554632,2.5,0.014615100145424447,95772.71761372001,1399.7278591239738,475364.26842079015,0.9848602772417718,4150842.4404444867,43.340551921958344
Las Piedras,2005-2009,1,40,5,0.0031591808419256682,2.5,0.015672126505110393,94372.98975459604,1479.0254340995161,468167.3851877314,0.9822177734802986,3675478.1720236964,38.94629365437368
Las Piedras,2005-2009,1,45,5,0.004025288355295918,2.5,0.01992592281380228,92893.96432049653,1850.9979629183072,459842.3266951869,0.9763896128738813,3207310.7868359652,34.52657888267441
Las Piedras,2005-2009,1,50,5,0.005549901825769959,2.5,0.02736976042052786,91042.96635757822,2491.8241771810863,448985.2713449384,0.967249835457059,2747468.460140778,30.177712458861297
Las Piedras,2005-2009,1,55,5,0.007805805402736202,2.5,0.03828197293575766,88551.14218039713,3389.9124283803976,434280.9298310346,0.9525786227695517,2298483.18879584,25.956561735966666
Las Piedras,2005-2009,1,60,5,0.011718450553706815,2.5,0.05692458299086208,85161.22975201673,4847.767490622558,413686.7300335273,0.9264946009923791,1864202.2589648052,21.89026936780065
Las Piedras,2005-2009,1,65,5,0.019086683322709384,2.5,0.09108704276347554,80313.46226139418,7315.515771486389,383278.52187825495,0.8861473956993184,1450515.528931278,18.060677352077317
Las Piedras,2005-2009,1,70,5,0.029853225914732055,2.5,0.13889962487174123,72997.94648990779,10139.387383855625,339641.2639898999,0.8242437363798665,1067237.007053023,14.620096295456367
Las Piedras,2005-2009,1,75,5,0.04907441542835045,2.5,0.21855805515680837,62858.55910605216,13738.244428178048,279947.1844598157,0.7450797645662545,727595.7430631231,11.575126019601498
Las Piedras,2005-2009,1,80,5,0.07099062578345508,2.5,0.3014523937302059,49120.314677874114,14807.436440426114,208582.98228830527,0.5340474613855616,447648.5586033074,9.113308038414246
Las Piedras,2005-2009,1,85,NA,0.15498939520243935,6.967225968647931,1,34312.878237448,34312.878237448,239065.57631500214,0,239065.57631500214,6.967225968647931
Las Piedras,2005-2009,2,0,1,0.007638280934560933,0.13333127034362494,0.007588049117539755,100000,758.8049117539776,99342.36751107316,0.9922190221417937,8242002.646187337,82.42002646187338
Las Piedras,2005-2009,2,1,4,2.0018031674147314e-4,1.5116542440857628,8.003226119938375e-4,99241.19508824602,79.4249724704132,396767.14355982374,0.999156162553666,8142660.278676264,82.04919611695273
Las Piedras,2005-2009,2,5,5,9.520069606822946e-5,2.5,4.758902176412185e-4,99161.77011577561,47.19011636209325,495690.8752879728,0.9994722939315601,7745893.13511644,78.11370375975316
Las Piedras,2005-2009,2,10,5,1.1594291508758467e-4,2.5,5.795465896353449e-4,99114.57999941352,57.44151682179654,495429.29620501306,0.998696890682088,7250202.259828468,73.1497047141941
Las Piedras,2005-2009,2,15,5,4.058296524788541e-4,2.5,0.002027091627667273,99057.13848259172,200.79789607872954,494783.69767276174,0.9973814444499357,6754772.963623455,68.19067325279678
Las Piedras,2005-2009,2,20,5,6.432770241687148e-4,2.5,0.0032112208593476996,98856.34058651299,317.44954297019285,493488.0790751394,0.9961948389246641,6259989.265950693,63.3241047444229
Las Piedras,2005-2009,2,25,5,8.82144106382128e-4,2.5,0.004401014708941655,98538.8910435428,433.67110888542084,491610.2774455004,0.995372942169652,5766501.186875553,58.520053613424835
Las Piedras,2005-2009,2,30,5,9.731819951279895e-4,2.5,0.004854100168423803,98105.21993465738,476.2125646080676,489335.5682617667,0.9949359715313492,5274890.909430053,53.76768853832013
Las Piedras,2005-2009,2,35,5,0.0010577860510084334,2.5,0.005274980752394116,97629.00737004931,514.9911347523594,486857.55901336565,0.993377603772006,4785555.341168286,49.017760910231296
Las Piedras,2005-2009,2,40,5,0.001601780062432733,2.5,0.007976956985517949,97114.01623529695,774.6743301998504,483633.39535098517,0.9914464876794455,4298697.7821549205,44.26444244401995
Las Piedras,2005-2009,2,45,5,0.0018353233264742396,2.5,0.009134703794982787,96339.3419050971,880.0313521066419,479496.6311452189,0.9879740157089194,3815064.3868039353,39.60027452296816
Las Piedras,2005-2009,2,50,5,0.0030112840445739807,2.5,0.01494391925880133,95459.31055299046,1426.5362294047227,473730.21219144046,0.9806943828237813,3335567.7556587164,34.94229883220357
Las Piedras,2005-2009,2,55,5,0.004803701243142574,2.5,0.02373348478974141,94032.77432358573,2231.725419146009,464584.55807006365,0.9692998610183118,2861837.543467276,30.43446887591677
Las Piedras,2005-2009,2,60,5,0.007713149098854036,2.5,0.03783615571831316,91801.04890443973,3473.3987814528664,450321.74756856647,0.955527333362407,2397252.985397212,26.113568570361675
Las Piedras,2005-2009,2,65,5,0.010544876325752994,2.5,0.05137015188267021,88327.65012298686,4537.404802257195,430294.7386092913,0.9311620121017163,1946931.2378286459,22.04214914715552
Las Piedras,2005-2009,2,70,5,0.018246361656455254,2.5,0.0872517412186968,83790.24532072966,7310.844801375424,400674.1146002098,0.8930554416948681,1516636.4992193545,18.10039454370877
Las Piedras,2005-2009,2,75,5,0.027469136315927907,2.5,0.1285198578436147,76479.40051935424,9829.12168271227,357824.19838999055,0.8331050298930232,1115962.3846191447,14.591672751628511
Las Piedras,2005-2009,2,80,5,0.047159542095079915,2.5,0.2109293782443866,66650.27883664197,14058.501874827896,298105.1394961401,0.6067931349311626,758138.1862291541,11.374868934717142
Las Piedras,2005-2009,2,85,NA,0.09721366961755731,8.747242882989779,1,52591.776961814074,52591.776961814074,460033.04673301394,0,460033.04673301394,8.747242882989779
Las Piedras,2010-2014,1,0,1,0.011568829194610305,0.12620497978361486,0.01145305274294436,100000,1145.305274294442,98999.23795469396,0.9882022022896675,7644574.437987812,76.44574437987812
Las Piedras,2010-2014,1,1,4,3.3680818797535324e-4,1.6184919520855088,0.0013461529872303907,98854.69472570556,133.07354260675493,395101.86319013976,0.9986164216471896,7545575.200033118,76.32996309350813
Las Piedras,2010-2014,1,5,5,1.5454041943817584e-4,2.5,7.724036782198599e-4,98721.6211830988,76.25294332165504,493417.4735571899,0.9991014549454172,7150473.336842978,72.43067173280116
Las Piedras,2010-2014,1,10,5,2.0506185971480177e-4,2.5,0.0010247839383235127,98645.36823977715,101.09018896213092,492974.1157264804,0.9974429293909521,6657055.863285788,67.48472819427764
Las Piedras,2010-2014,1,15,5,8.198628310531407e-4,2.5,0.004090929153372399,98544.27805081502,403.13765997611335,491713.5461041348,0.9925064503645489,6164081.747559308,62.55139181577603
Las Piedras,2010-2014,1,20,5,0.0021939978549534566,2.5,0.010910147176013782,98141.1403908389,1070.7342856858886,488028.8662399798,0.990377381610776,5672368.201455173,57.79806693569527
Las Piedras,2010-2014,1,25,5,0.0016711301484332159,2.5,0.008320887527145243,97070.40610515302,807.7119314152806,483332.75069722685,0.9896453768886734,5184339.335215193,53.40803179085475
Las Piedras,2010-2014,1,30,5,0.002496570138957392,2.5,0.01240542317215513,96262.69417373773,1194.1794569169724,478328.02222639625,0.9878175723563082,4701006.584517967,48.83518610058277
Las Piedras,2010-2014,1,35,5,0.0024057082856409756,2.5,0.011956631012467267,95068.51471682076,1136.6991513723333,472500.82570567296,0.9875454411032013,4222678.56229157,44.417213994239866
Las Piedras,2010-2014,1,40,5,0.0026086042888322945,2.5,0.012958512366819046,93931.81556544843,1217.2165936426172,466616.03634313564,0.9848713685827607,3750177.7365858974,39.9244677004343
Las Piedras,2010-2014,1,45,5,0.003495733948503047,2.5,0.01732724117945295,92714.59897180581,1606.4882172407524,459556.7743159272,0.9785805296512442,3283561.700242762,35.41580006446753
Las Piedras,2010-2014,1,50,5,0.005183072866580379,2.5,0.025583856847282826,91108.11075456506,2330.896863171176,449713.31161489733,0.9689700204825753,2824004.925926835,30.99619674404603
Las Piedras,2010-2014,1,55,5,0.007460415479923024,2.5,0.036619093273813366,88777.21389139388,3250.941076078234,435758.71676677384,0.9525877243049153,2374291.6143119372,26.744380795916175
Las Piedras,2010-2014,1,60,5,0.012077097473101931,2.5,0.05861571801568154,85526.27281531565,5013.183890274799,415098.40435089124,0.9218988898235656,1938532.8975451635,22.665934498644724
Las Piedras,2010-2014,1,65,5,0.020786820343323457,2.5,0.09879976909145263,80513.08892504085,7954.674594633616,382678.7581386202,0.8846997842945876,1523434.4931942723,18.921575529323157
Las Piedras,2010-2014,1,70,5,0.028634872968846654,2.5,0.13360962802915874,72558.41433040723,9694.502749071296,338555.8147793579,0.8495976008196929,1140755.735055652,15.721894498149096
Las Piedras,2010-2014,1,75,5,0.0371070806613151,2.5,0.16978485274214483,62863.91158133594,10673.339970632333,287636.20798009884,0.7814245655633808,802199.9202762941,12.760897311303554
Las Piedras,2010-2014,1,80,5,0.06439916958209695,2.5,0.2773440341852825,52190.571610703606,14474.743676948412,224765.99886114697,0.5631911199914419,514563.7122961952,9.859323176883253
Las Piedras,2010-2014,1,85,NA,0.146355587849636,7.683716076551588,1,37715.827933755194,37715.827933755194,289797.71343504824,0,289797.71343504824,7.683716076551588
Las Piedras,2010-2014,2,0,1,0.006695853762159176,0.1352682126382471,0.006657307170796431,100000,665.7307170796412,99424.3214871181,0.9931408652103215,8267985.337295509,82.6798533729551
Las Piedras,2010-2014,2,1,4,1.933567862069571e-4,1.5131685612331143,7.730554244242002e-4,99334.26928292036,76.7908957003674,397146.11111804267,0.9992213535082597,8168561.01580839,82.23306090411742
Las Piedras,2010-2014,2,5,5,8.352724164838585e-5,2.5,4.17549016447937e-4,99257.47838721999,41.44486247569148,496183.77977991075,0.9995366369687938,7771414.904690348,78.29551013146597
Las Piedras,2010-2014,2,10,5,1.0186517138865006e-4,2.5,5.091961835519804e-4,99216.0335247443,50.52042561797134,495953.8665596766,0.9988807210375884,7275231.1249104375,73.32717169242619
Las Piedras,2010-2014,2,15,5,3.462339459477339e-4,2.5,0.001729672551357035,99165.51309912633,171.52386604879575,495398.75583050965,0.997511708345219,6779277.258350761,68.36325499142188
Las Piedras,2010-2014,2,20,5,6.507018519526848e-4,2.5,0.0032482251943895517,98993.98923307753,321.55476991999603,494166.0592405877,0.9964124402324499,6283878.502520251,63.477374244663494
Las Piedras,2010-2014,2,25,5,7.871459883463321e-4,2.5,0.0039280001677959,98672.43446315754,387.5853391281271,492393.20896796737,0.9959360870486235,5789712.443279663,58.676087954852626
Las Piedras,2010-2014,2,30,5,8.418403581386848e-4,2.5,0.004200361705686856,98284.84912402941,412.8319165097637,490392.1658288726,0.9952948308732606,5297319.234311696,53.89761780706207
Las Piedras,2010-2014,2,35,5,0.0010451448759604739,2.5,0.005212105865456756,97872.01720751965,510.11931495140016,488084.78775021975,0.9942880620592327,4806927.068482824,49.11441702780701
Las Piedras,2010-2014,2,40,5,0.0012467516685044974,2.5,0.006214388843374455,97361.89789256825,605.0446920333343,485296.87773275794,0.9926068074211324,4318842.280732604,44.358649268506774
Las Piedras,2010-2014,2,45,5,0.0017232657989588096,2.5,0.008579367667598385,96756.85320053491,830.1126179672283,481708.9844577565,0.9898158132013962,3833545.402999846,39.620401823678286
Las Piedras,2010-2014,2,50,5,0.002374592211131356,2.5,0.01180289340876362,95926.74058256768,1132.21309414618,476803.170177473,0.9850046353354599,3351836.418542089,34.94162731044781
Las Piedras,2010-2014,2,55,5,0.0036787173630412795,2.5,0.0182259663678672,94794.5274884215,1727.7218698618235,469653.332767453,0.9755761403856221,2875033.248364616,30.32910574627614
Las Piedras,2010-2014,2,60,5,0.006243312264998949,2.5,0.030736812528381206,93066.80561855968,2860.5769569129625,458182.585700516,0.9577065067775304,2405379.915597163,25.84573414344711
Las Piedras,2010-2014,2,65,5,0.011145465702122824,2.5,0.05421665387013061,90206.22866164672,4890.679876278358,438804.4436175377,0.9320000150443929,1947197.329896647,21.58606294472594
Las Piedras,2010-2014,2,70,5,0.017225888434513902,2.5,0.08257344000942841,85315.54878536836,7044.798349500081,408965.7480530916,0.895858210955699,1508392.8862791094,17.680163906274952
Las Piedras,2010-2014,2,75,5,0.02727086371976627,2.5,0.12765140820672663,78270.75043586828,9991.371514535858,366375.32339300174,0.8285113062983276,1099427.1382260178,14.046462211025325
Las Piedras,2010-2014,2,80,5,0.049878153076190604,2.5,0.2217407212825617,68279.37892133242,15140.318730741586,303546.0977798081,0.5859145402307561,733051.8148330161,10.736064481160502
Las Piedras,2010-2014,2,85,NA,0.1275120902437019,8.082674317398997,1,53139.06019059083,53139.06019059083,429505.717053208,0,429505.717053208,8.082674317398997
Las Piedras,2015-2019,1,0,1,0.009000067231397055,0.13133081584310877,0.008930249814468147,100000,893.0249814468116,99224.25671793487,0.9907145847290059,7829549.99394823,78.2954999394823
Las Piedras,2015-2019,1,1,4,3.1355782856004485e-4,1.6260931573090076,0.0012532984126998532,99106.97501855319,124.21061447823013,396133.03564656805,0.9987501611003017,7730325.737230294,77.99981520758907
Las Piedras,2015-2019,1,5,5,1.420116561027301e-4,2.5,7.098062786008101e-4,98982.76440407496,70.25858764728764,494738.1755512565,0.9992142916400709,7334192.701583726,74.09565438729845
Las Piedras,2015-2019,1,10,5,1.7240714960771323e-4,2.5,8.616643553000265e-4,98912.50581642767,85.22938055540726,494349.4556307498,0.9981103843892505,6839454.52603247,69.14650952960241
Las Piedras,2015-2019,1,15,5,5.845436575125135e-4,2.5,0.0029184533790314205,98827.27643587226,288.42279885475,493415.32518222445,0.994780054960581,6345105.07040172,64.20398597667493
Las Piedras,2015-2019,1,20,5,0.0015113233832524705,2.5,0.007528173155952941,98538.85363701751,741.8175527685671,490839.72430316615,0.9920800386601395,5851689.745219496,59.38459327703429
Las Piedras,2015-2019,1,25,5,0.0016698865899259017,2.5,0.008314721345445185,97797.03608424895,813.1551034509757,486952.2926626173,0.9910764404397177,5360850.02091633,54.81607864166899
Las Piedras,2015-2019,1,30,5,0.0019166404897530192,2.5,0.009537502539917279,96983.88098079797,924.9840111853991,482606.94487602636,0.990265151484394,4873897.728253712,50.25471943341497
Las Piedras,2015-2019,1,35,5,0.001996736847222622,2.5,0.009934094803269384,96058.89696961257,954.2581891936134,477908.8393750788,0.9891960024489753,4391290.783377686,45.714565978899735
Las Piedras,2015-2019,1,40,5,0.00235025431505142,2.5,0.01168262870395059,95104.63878041896,1111.0721828949609,472745.5134448574,0.9850261803393873,3913381.9440026074,41.14817104808069
Las Piedras,2015-2019,1,45,5,0.0036945957598201636,2.5,0.018303914883310842,93993.566597524,1720.4502425798855,465666.7073811703,0.9789090955868156,3440636.4305577497,36.60502048284211
Las Piedras,2015-2019,1,50,5,0.0048439288457229465,2.5,0.023929857906150594,92273.11635494411,2208.0825629315223,455845.37536739174,0.965203598149118,2974969.7231765795,32.24091523833287
Las Piedras,2015-2019,1,55,5,0.009401780009970337,2.5,0.045929355801732824,90065.03379201259,4136.628982328431,439983.59650424187,0.948768187917015,2519124.3478091876,27.970059430906424
Las Piedras,2015-2019,1,60,5,0.011689836320896702,2.5,0.05678953080486017,85928.40480968416,4879.833791952056,417442.43956854066,0.9322439608171575,2079140.751304946,24.196198636642514
Las Piedras,2015-2019,1,65,5,0.01653277468135092,2.5,0.07938282740895264,81048.5710177321,6433.864724842875,389158.1932765533,0.906058199836584,1661698.3117364051,20.502499808082398
Las Piedras,2015-2019,1,70,5,0.02322582080026537,2.5,0.10975616164603727,74614.70629288923,8189.4237650539435,352599.9720518113,0.8676026860943935,1272540.118459852,17.05481642539314
Las Piedras,2015-2019,1,75,5,0.03427041575427105,2.5,0.15782984293207172,66425.28252783528,10483.891908086727,305916.68286895956,0.8044099331294133,919940.1464080407,13.849247024618117
Las Piedras,2015-2019,1,80,5,0.05465572860708385,2.5,0.24042687760486864,55941.390619748556,13449.813875580425,246082.41840979172,0.5992296173969756,614023.463539081,10.976192345892759
Las Piedras,2015-2019,1,85,NA,0.1387829366540481,8.659152550270763,1,42491.57674416813,42491.57674416813,367941.0451292893,0,367941.0451292893,8.659152550270763
Las Piedras,2015-2019,2,0,1,0.0052794393028866285,0.1381793267839562,0.005255527023163849,100000,525.5527023163886,99547.06781627917,0.9945606560513739,8514855.724132923,85.14855724132923
Las Piedras,2015-2019,2,1,4,1.6649554900525257e-4,1.5154492575333125,6.657068153195595e-4,99474.44729768361,66.22081751622318,397733.2602094078,0.9993320506082037,8415308.656316644,84.59769201967312
Las Piedras,2015-2019,2,5,5,7.4826690936003e-5,2.5,3.740634798490222e-4,99408.22648016739,37.184987122775055,496948.16993303,0.9995845822927737,8017575.396107236,80.653037278628
Las Piedras,2015-2019,2,10,5,9.137835214011572e-5,2.5,4.5678740949868274e-4,99371.04149304461,45.391440622799564,496741.72886366607,0.9990510175631642,7520627.2261742065,75.68228241525078
Las Piedras,2015-2019,2,15,5,2.8848839301242127e-4,2.5,0.0014414023954102658,99325.65005242181,143.16822991124354,496270.329687331,0.9978394857365043,7023885.497310541,70.71572643726464
Las Piedras,2015-2019,2,20,5,5.76963851015496e-4,2.5,0.002880664157363194,99182.48182251057,285.7114204244426,495198.13056149177,0.9968743658156014,6527615.167623209,65.81419468111851
Las Piedras,2015-2019,2,25,5,6.754008788189381e-4,2.5,0.0033713119264998635,98896.77040208613,333.41186154886964,493650.32235655846,0.9962846177322453,6032417.037061717,60.997108525744835
Las Piedras,2015-2019,2,30,5,8.137755154028652e-4,2.5,0.004060616501298832,98563.35854053726,400.2280001131294,491816.2227024035,0.9953643503321423,5538766.714705159,56.194987637593215
Las Piedras,2015-2019,2,35,5,0.0010453301360381516,2.5,0.005213027343734767,98163.13054042413,511.7270836538373,489536.33499298606,0.9939908041303634,5046950.492002755,51.4139113556937
Las Piedras,2015-2019,2,40,5,0.001366560139361472,2.5,0.006809536593616461,97651.40345677029,664.9608052568801,486594.6152707092,0.9919113788591736,4557414.157009769,46.670237146435994
Las Piedras,2015-2019,2,45,5,0.0018841283171069075,2.5,0.009376475378595869,96986.44265151341,909.390991579523,482658.73577861825,0.9888147223232684,4070819.54173906,41.973078199868766
Las Piedras,2015-2019,2,50,5,0.0026192801291433205,2.5,0.013011200697111007,96077.05165993389,1250.0778015341057,477260.0637958342,0.9847144935060617,3588160.805960442,37.34669979945668
Las Piedras,2015-2019,2,55,5,0.0035491733811983785,2.5,0.017589793835834613,94826.97385839978,1667.9869202453265,469964.90199138556,0.9766035097314907,3110900.7421646076,32.80607421692012
Las Piedras,2015-2019,2,60,5,0.005948599066373065,2.5,0.029307154058686436,93158.98693815446,2730.2247821476485,458969.3727354032,0.9665842818423934,2640935.840173222,28.34869642717844
Las Piedras,2015-2019,2,65,5,0.007674124580766823,2.5,0.037648328005406455,90428.76215600681,3404.4916987722245,443632.5815331035,0.9513758025125548,2181966.467437819,24.129120153978356
Las Piedras,2015-2019,2,70,5,0.012377395329072225,2.5,0.06002945587837187,87024.27045723458,5224.019603760069,422061.3032767727,0.9188332112718599,1738333.8859047156,19.975276744881953
Las Piedras,2015-2019,2,75,5,0.0218639464874979,2.5,0.10365401769712902,81800.25085347451,8478.924649595632,387803.94264338346,0.864341891217726,1316272.5826279428,16.09130251917844
Las Piedras,2015-2019,2,80,5,0.03748435353487963,2.5,0.17136317325182276,73321.32620387888,12564.575125328716,335195.1932060726,0.6389805979751272,928468.6399845594,12.66300935968942
Las Piedras,2015-2019,2,85,NA,0.1124043753538713,9.764732910281284,1,60756.751078550165,60756.751078550165,593273.4467784867,0,593273.4467784867,9.764732910281284
Las Piedras,2020-2024,1,0,1,0.010018147728311284,0.12929928711554126,0.009931517008633275,100000,993.1517008633236,99135.26210605589,0.9897324884781453,7782365.281664792,77.82365281664792
Las Piedras,2020-2024,1,1,4,3.1512228934822803e-4,1.6230763392529879,0.0012595457304024331,99006.84829913668,124.70365305578161,395730.9821330168,0.9987080002822692,7683230.019558737,77.60301586759765
Las Piedras,2020-2024,1,5,5,1.4879485328516613e-4,2.5,7.43697620480011e-4,98882.1446460809,73.53841568125063,494226.8771912013,0.9991776538623119,7287499.03742572,73.69883676683132
Las Piedras,2020-2024,1,10,5,1.8029186410815413e-4,2.5,9.010531891429426e-4,98808.60623039964,89.03180975867144,493820.4516276015,0.998076536777096,6793272.160234518,68.75182658071425
Las Piedras,2020-2024,1,15,5,5.902287082669434e-4,2.5,0.0029467953333269254,98719.57442064097,290.90638121076336,492870.60615017795,0.9952909209946521,6299451.708606917,63.81157683850169
Las Piedras,2020-2024,1,20,5,0.001299522447747898,2.5,0.00647657111486897,98428.66803943021,637.4802682992013,490549.63952640304,0.9908727788435759,5806581.102456739,58.992783485911254
Las Piedras,2020-2024,1,25,5,0.0023730251400850373,2.5,0.011795150230355902,97791.18777113101,1153.4617509654345,486072.28447824146,0.9893406180704387,5316031.462930336,54.361048107646404
Las Piedras,2020-2024,1,30,5,0.0019110987633632662,2.5,0.009510057170570851,96637.72602016557,919.0302992857469,480891.0543526135,0.9886184876349847,4829959.178452095,49.98005827914678
Las Piedras,2020-2024,1,35,5,0.002671916634860793,2.5,0.013270936087075885,95718.69572087983,1270.2766932500526,475417.786871274,0.9850710423042401,4349068.124099481,45.43593173042773
Las Piedras,2020-2024,1,40,5,0.003349673578592593,2.5,0.016609278737595955,94448.41902762977,1568.720117955163,468320.29484326096,0.9822510019614421,3873650.337228207,41.01339521728803
Las Piedras,2020-2024,1,45,5,0.0038176857334249782,2.5,0.01890796697767801,92879.69890967461,1756.1662798808102,460008.07884867105,0.9762187107440515,3405330.0423849463,36.66387900004527
Las Piedras,2020-2024,1,50,5,0.005833559535663835,2.5,0.02874853199591639,91123.5326297938,2619.667793388551,449068.49366549763,0.9642130074165002,2945321.963536275,32.3222978580318
Las Piedras,2020-2024,1,55,5,0.008796020622518474,2.5,0.0430337878980515,88503.86483640525,3808.6565475276875,432997.68281320704,0.9498969121933254,2496253.4698707773,28.205022170330878
Las Piedras,2020-2024,1,60,5,0.011838352515733529,2.5,0.057490286873082164,84695.20828887756,4869.151821303021,411303.16189113026,0.9323527581403908,2063255.7870575704,24.36095062214427
Las Piedras,2020-2024,1,65,5,0.01632487714035191,2.5,0.07842374086547055,79826.05646757454,6260.25796672549,383479.63742105896,0.9074155645392539,1651952.6251664401,20.69440353523496
Las Piedras,2020-2024,1,70,5,0.0228218446467376,2.5,0.10795016830696137,73565.79850084905,7941.440329802659,347975.3916797386,0.8666468832841239,1268472.9877453812,17.24269991755396
Las Piedras,2020-2024,1,75,5,0.03521549852456725,2.5,0.16183016755585228,65624.35817104639,10620.00087856569,301571.7886588177,0.8052127274708483,920497.5960656425,14.026767220586214
Las Piedras,2020-2024,1,80,5,0.05302873269429214,2.5,0.23410759127314074,55004.3572924807,12876.937595269876,242829.44247422882,0.607659852654011,618925.8074068249,11.252305051320622
Las Piedras,2020-2024,1,85,NA,0.11530860929948668,8.927590809875703,1,42127.419697210826,42127.419697210826,376096.36493259604,0,376096.36493259604,8.927590809875703
Las Piedras,2020-2024,2,0,1,0.005928938998688431,0.13684442954416562,0.00589875156699578,100000,589.8751566995779,99490.84597262125,0.9939268278991151,8486884.870849857,84.86884870849858
Las Piedras,2020-2024,2,1,4,1.6997849325813303e-4,1.514402731200498,6.796268320018483e-4,99410.12484330042,67.56178821617505,397472.56797693635,0.9992963363963677,8387394.024877237,84.37162751880894
Las Piedras,2020-2024,2,5,5,7.981768431190854e-5,2.5,3.9900880166312066e-4,99342.56305508425,39.6385570387356,496613.7188828244,0.9995682638596861,7989921.4569003,80.42797780916912
Las Piedras,2020-2024,2,10,5,9.291688739202879e-5,2.5,4.6447654267361434e-4,99302.92449804551,46.123879048231174,496399.312792607,0.9990326581186523,7493307.738017476,75.4590841699225
Las Piedras,2020-2024,2,15,5,2.94304558272091e-4,2.5,0.001470440897713288,99256.80061899728,145.9512590063532,495919.1249474705,0.9979150258704452,6996908.425224869,70.49298770048904
Las Piedras,2020-2024,2,20,5,5.408126739840272e-4,2.5,0.002700412326891722,99110.84935999093,267.6401593404298,494885.1464016036,0.9969258053717945,6500989.300277399,65.59311460105111
Las Piedras,2020-2024,2,25,5,6.909894132404087e-4,2.5,0.0034489890289385967,98843.2092006505,340.9091441181372,493363.7731429571,0.9962023162406151,6006104.153875795,60.76395336055386
Las Piedras,2020-2024,2,30,5,8.312408805056075e-4,2.5,0.004147585296393671,98502.30005653236,408.5466913754208,491490.1335542232,0.9954357807284111,5512740.380732838,55.96560057550911
Las Piedras,2020-2024,2,35,5,9.990065129086808e-4,2.5,0.004982588468714929,98093.75336515694,488.7608043701912,489246.86481485923,0.9945865153825915,5021250.247178614,51.18827728496492
Las Piedras,2020-2024,2,40,5,0.0011727359219283469,2.5,0.005846538495360619,97604.99256078675,570.6513463460433,486598.3344380686,0.9929894795503698,4532003.382363755,46.432085731078764
Las Piedras,2020-2024,2,45,5,0.001642990476256074,2.5,0.00818134769043456,97034.3412144407,793.8716833875951,483187.0268637345,0.9891161111965688,4045405.0479256865,41.69044687988923
Las Piedras,2020-2024,2,50,5,0.0027403911577553422,2.5,0.013608722730181377,96240.46953105311,1309.7098652705754,477928.07299208915,0.9844914588509551,3562218.021061952,37.01372238123341
Las Piedras,2020-2024,2,55,5,0.0035175778019490476,2.5,0.017434570365484868,94930.75966578253,1655.0770092420134,470516.10580580763,0.9764711157323261,3084289.948069863,32.48989009388055
Las Piedras,2020-2024,2,60,5,0.006035996160214282,2.5,0.029731335237738823,93275.68265654052,2773.2105905905482,459445.3868062262,0.9668465235262519,2613773.8422640553,28.022028548303275
Las Piedras,2020-2024,2,65,5,0.007473155514830572,2.5,0.036680480241150885,90502.47206594997,3319.6741383903864,444213.1749837739,0.9548800485369623,2154328.455457829,23.804084090520202
Las Piedras,2020-2024,2,70,5,0.01107450625509132,2.5,0.05388077385766686,87182.79792755959,4697.476619413515,424170.29808926414,0.9185652492948004,1710115.2804740553,19.61528330273358
Las Piedras,2020-2024,2,75,5,0.023405407556506164,2.5,0.11055790567994843,82485.32130814607,9119.404373166253,389628.0956078147,0.8575969703514611,1285944.9823847911,15.58998573310757
Las Piedras,2020-2024,2,80,5,0.03912770854257739,2.5,0.17820651159745074,73365.91693497982,13074.284127131083,334143.87435707136,0.6272034151240824,896316.8867769764,12.217074688391516
Las Piedras,2020-2024,2,85,NA,0.10759219282133678,9.32422935387349,1,60291.632807848735,60291.632807848735,562173.012419905,0,562173.012419905,9.32422935387349
Loiza,1980-1984,1,0,1,0.023570377705614785,0.10516438109962237,0.02308350924978859,100000,2308.350924978862,97934.40537140728,0.9763856147783677,7076612.964043715,70.76612964043716
Loiza,1980-1984,1,1,4,5.388670354208745e-4,1.583449386630387,0.0021526649425470516,97691.64907502114,210.29738814341545,390258.40201777656,0.9977508264825821,6978678.558672307,71.43577393512022
Loiza,1980-1984,1,5,5,2.561976795270921e-4,2.5,0.0012801684571651368,97481.35168687772,124.79255159136665,487094.7770554102,0.9985873175573416,6588420.156654531,67.58646697695944
Loiza,1980-1984,1,10,5,3.093122575317574e-4,2.5,0.001545366285822334,97356.55913528636,150.4515441913245,486406.66681595345,0.9966055707545984,6101325.3795991205,62.66989542143472
Loiza,1980-1984,1,15,5,0.0010520304836697516,2.5,0.005246354107226437,97206.10759109503,509.9776618080359,484755.5938009551,0.9922926377156485,5614918.712783167,57.76302386680017
Loiza,1980-1984,1,20,5,0.0020466890037057687,2.5,0.010181349876441361,96696.129929287,984.4971305079234,481019.40682016517,0.9889120978260212,5130163.118982212,53.05448235347013
Loiza,1980-1984,1,25,5,0.0024152519431569126,2.5,0.012003779337360099,95711.63279877907,1148.9013201349735,475685.9106935579,0.9867420314526144,4649143.712162047,48.57448960186742
Loiza,1980-1984,1,30,5,0.0029267380771709323,2.5,0.014527395680603288,94562.7314786441,1373.750216828892,469379.28185114823,0.9832129153574103,4173457.801468489,44.134277174628956
Loiza,1980-1984,1,35,5,0.003852772599603162,2.5,0.019080084927003655,93188.9812618152,1778.0536767363956,461499.77211723506,0.9788245082175921,3704078.519617341,39.74803103824799
Loiza,1980-1984,1,40,5,0.00471731559088984,2.5,0.02331165684869465,91410.92758507881,2130.94017608423,451727.28748518345,0.9694040976311885,3242578.7475001058,35.47255052720194
Loiza,1980-1984,1,45,5,0.007758421255916974,2.5,0.038054008704568924,89279.98740899458,3397.461418005667,437906.28349995875,0.9615181791058434,2790851.460014922,31.259541371012286
Loiza,1980-1984,1,50,5,0.0079398468668009509,2.5,0.03892655707836965,85882.52599098891,3343.111050022795,421054.85232988757,0.9512613190498893,2352945.1765149636,27.397251645367795
Loiza,1980-1984,1,55,5,0.012147687792861149,2.5,0.058948227311013734,82539.41494096612,4865.5521940581675,400533.1942196852,0.933218020990292,1931890.324185076,23.405670194861493
Loiza,1980-1984,1,60,5,0.015607396646247912,2.5,0.07510644311045524,77673.86274690795,5833.807553569946,373784.7948506149,0.8942278121561283,1531357.1299653908,19.71521790998287
Loiza,1980-1984,1,65,5,0.02985981662426614,2.5,0.13892815969056324,71840.055193338,9980.606660078942,334248.75931649265,0.8415979865725297,1157572.335114776,16.11318827636594
Loiza,1980-1984,1,70,5,0.03980640315354992,2.5,0.18101784270590657,61859.44853325906,11197.663924467612,281303.0828551263,0.7886879793296133,823323.5757982832,13.309584797795585
Loiza,1980-1984,1,75,5,0.05669974221315695,2.5,0.24830205481786013,50661.78460879145,12579.425219102763,221860.35999620036,0.7094644191297877,542020.4929431569,10.698803785311163
Loiza,1980-1984,1,80,5,0.08388650442530575,2.5,0.3467197520829174,38082.35938968869,13203.90620632542,157402.03143262988,0.5083646736906249,320160.13294695655,8.407045626318107
Loiza,1980-1984,1,85,NA,0.18937377856749538,6.542131068790335,1,24878.453183363268,24878.453183363268,162758.10151432664,0,162758.10151432664,6.542131068790335
Loiza,1980-1984,2,0,1,0.014613391549478794,0.11899553475010272,0.014427643385540208,100000,1442.7643385540287,98728.91817543059,0.985228447006597,7747419.024281782,77.47419024281783
Loiza,1980-1984,2,1,4,3.4904543084592814e-4,1.500526224211726,0.0013949647144560395,98557.23566144597,137.48386610203306,393885.30532786786,0.9985293844513261,7648690.106106352,77.60658113809495
Loiza,1980-1984,2,5,5,1.699418199921643e-4,2.5,8.49348250492082e-4,98419.75179534394,83.59264400124084,491889.7773667166,0.9991032521868123,7254804.800778484,73.71289470292787
Loiza,1980-1984,2,10,5,1.889267249103454e-4,2.5,9.441876688417894e-4,98336.1591513427,92.84778887196444,491448.6762845336,0.9980013452228431,6762915.023411768,68.77343066657109
Loiza,1980-1984,2,15,5,6.117578787592667e-4,2.5,0.003054118441248589,98243.31136247073,300.04670896143944,490466.4400399501,0.9962078468802532,6271466.347127234,63.83606436053981
Loiza,1980-1984,2,20,5,9.085487250214746e-4,2.5,0.004532448748777555,97943.2646535093,443.9228273299959,488606.5161992215,0.9945252343977239,5780999.907087284,59.02396583918802
Loiza,1980-1984,2,25,5,0.0012884112655672994,2.5,0.0064213729048589255,97499.3418261793,626.0796318442008,485931.510051286,0.9929127576124226,5292393.390888062,54.2813242813811
Loiza,1980-1984,2,30,5,0.0015575242412861298,2.5,0.007757415300480094,96873.2621943351,751.4861263537605,482487.59565579105,0.9909207918395007,4806461.880836776,49.615980425998764
Loiza,1980-1984,2,35,5,0.0020931632881203794,2.5,0.010411334880720272,96121.77606798134,1000.7559999733639,478106.9903399733,0.9891488257409954,4323974.285180985,44.98433614171766
Loiza,1980-1984,2,40,5,0.00227195984769828,2.5,0.01129564113073381,95121.02006800797,1074.452906677543,472918.968073346,0.9866094347210994,3845867.294841012,40.43130837002548
Loiza,1980-1984,2,45,5,0.0031261268697819213,2.5,0.015509423286730929,94046.56716133043,1458.6080187690386,466586.3157597296,0.9799300939248974,3372948.326767666,35.864661822069536
Loiza,1980-1984,2,50,5,0.0050022298433818006,2.5,0.024702233591732122,92587.95914256139,2287.1293945212965,457221.97222650365,0.9697327767564496,2906362.011007936,31.39028052808567
Loiza,1980-1984,2,55,5,0.007326409526758488,2.5,0.035973162335683,90300.8297480401,3248.406407573115,443383.1327212677,0.9549501849507146,2449140.0387814324,27.12201034713736
Loiza,1980-1984,2,60,5,0.011197983582261492,2.5,0.054465167774935354,87052.42334046698,4741.32484245325,423408.8045962018,0.941159710238459,2005756.906060165,23.040793456323847
Loiza,1980-1984,2,65,5,0.013109499044778301,2.5,0.06346742970128275,82311.09849801373,5224.073857558033,398495.3078461736,0.9030307259414089,1582348.101463963,19.223994459290896
Loiza,1980-1984,2,70,5,0.02843558900156872,2.5,0.13274148894976417,77087.0246404557,10232.646429481261,359853.50712857535,0.844259157644596,1183852.7936177896,15.357354874434954
Loiza,1980-1984,2,75,5,0.04010705437304481,2.5,0.18226044765485244,66854.37821097444,12184.908900419003,303809.61880382465,0.7742641812897588,823999.2864892142,12.325285322210224
Loiza,1980-1984,2,80,5,0.06481931403238944,2.5,0.2789011216856308,54669.46931055543,15247.376312672073,235228.905771097,0.5478016570037617,520189.6676853895,9.51517682987555
Loiza,1980-1984,2,85,NA,0.1070164995685053,7.228453393623534,1,39422.09299788336,39422.09299788336,284960.7619142925,0,284960.7619142925,7.228453393623534
Loiza,1985-1989,1,0,1,0.017815666282409215,0.11373972871676655,0.01753874152855534,100000,1753.8741528555402,98445.6110174936,0.9818396252515993,7062339.462707882,70.62339462707882
Loiza,1985-1989,1,1,4,5.417924089229877e-4,1.6001557717744628,0.0021643555030386053,98246.12584714446,212.639543129495,392474.20160830603,0.9977652713033043,6963893.851690388,70.8821217289027
Loiza,1985-1989,1,5,5,2.8148263374094687e-4,2.5,0.0014064234592560685,98033.48630401496,137.8765949306253,489822.74003274826,0.998448791834325,6571419.6500820825,67.03239778399016
Loiza,1985-1989,1,10,5,3.395273100649209e-4,2.5,0.0016961967874931088,97895.60970908434,166.05021869823395,489062.92299867613,0.9965084238231796,6081596.910049334,62.123285488715695
Loiza,1985-1989,1,15,5,0.0010608070492846976,2.5,0.005290006057133074,97729.5594903861,516.98996166508,487355.32254776784,0.9921049537819749,5592533.987050658,57.2245901466568
Loiza,1985-1989,1,20,5,0.0021139007823019226,2.5,0.010513940344710216,97212.56952872103,1022.0871567809663,483507.6297516527,0.9872405758540264,5105178.664502891,52.51562312623151
Loiza,1985-1989,1,25,5,0.003028510931594482,2.5,0.015028767689879425,96190.48237194006,1445.6244135453308,477338.350825837,0.9833422886756662,4621671.034751237,48.04707202611384
Loiza,1985-1989,1,30,5,0.003696142879234784,2.5,0.018311509507488558,94744.85795839473,1734.9213672907936,469386.98637374665,0.9822727357435819,4144332.6839254005,43.742032794490015
Loiza,1985-1989,1,35,5,0.003456028758410604,2.5,0.0171321210345828,93009.93659110393,1593.4574910976662,461066.03922777553,0.9785361776954334,3674945.697551654,39.51132354500658
Loiza,1985-1989,1,40,5,0.005242013816491291,2.5,0.02587102836215334,91416.47910000627,2365.0383235644695,451169.7996911202,0.9737953788862256,3213879.6583238784,35.15645855062972
Loiza,1985-1989,1,45,5,0.005380837435284891,2.5,0.026547073459750742,89051.4407764418,2364.0551399888354,439347.0660322369,0.964493988034813,2762709.8586327583,31.02375250242579
Loiza,1985-1989,1,50,5,0.009146316576595913,2.5,0.04470927003877176,86687.38563645296,3875.729733375323,423747.6038488265,0.941277716294491,2323362.7926005214,26.801624890894423
Loiza,1985-1989,1,55,5,0.01523737007402016,2.5,0.07339113081900094,82811.65590307764,6077.641071720864,398864.17683608603,0.9176094816899135,1899615.1887516947,22.93898326311691
Loiza,1985-1989,1,60,5,0.019309780035601447,2.5,0.09210269330690048,76734.01483135678,7067.409434219604,366001.5505712349,0.8997670040547158,1500751.0119156088,19.557832536377834
Loiza,1985-1989,1,65,5,0.023098666931387367,2.5,0.10918808654688203,69666.60539713717,7606.763339530102,329316.11863686057,0.8518529543379298,1134749.4613443739,16.28828410507001
Loiza,1985-1989,1,70,5,0.04244881836624585,2.5,0.19188125995223246,62059.84205760707,11908.12068645018,280528.9085719099,0.77235713824356,805433.3427075134,12.97833375018695
Loiza,1985-1989,1,75,5,0.06293503863623481,2.5,0.27189576672198246,50151.72137115689,13636.040734637943,216668.50501918962,0.6963737719441865,524904.4341356035,10.466329365864697
Loiza,1985-1989,1,80,5,0.08402880025582075,2.5,0.3472057869755252,36515.68063651895,12678.455632349509,150882.26410172097,0.5104974798549974,308235.92911641387,8.441193584329643
Loiza,1985-1989,1,85,NA,0.16847885624883616,6.601173793810718,1,23837.22500416944,23837.22500416944,157353.66501469287,0,157353.66501469287,6.601173793810718
Loiza,1985-1989,2,0,1,0.014216679075104068,0.11981088599731085,0.014040979161621335,100000,1404.0979161621217,98764.12829920024,0.9856889182578691,7861546.640540077,78.61546640540077
Loiza,1985-1989,2,1,4,3.079755070671501e-4,1.501155326904042,0.0012309547065077519,98595.90208383788,121.36708971249755,394080.3308297343,0.9986696737815807,7762782.512240877,78.73331799976883
Loiza,1985-1989,2,5,5,1.4942212548313736e-4,2.5,7.468316444864436e-4,98474.53499412538,73.54389890968741,492188.81522335263,0.999211378547738,7368702.181411143,74.82850446413109
Loiza,1985-1989,2,10,5,1.661574907834197e-4,2.5,8.304424933147757e-4,98400.9910952157,81.71636438976566,491800.66456510406,0.9981669884053783,6876513.36618779,69.88256205198049
Loiza,1985-1989,2,15,5,5.68088459798834e-4,2.5,0.002836413963893919,98319.27473082593,278.8741637664207,490899.1882447136,0.995745034033957,6384712.701622686,64.93856590279438
Loiza,1985-1989,2,20,5,0.0011387432403501029,2.5,0.005677553013959576,98040.4005670595,556.6295717293251,488810.4289059742,0.9941922749257116,5893813.513377973,60.11617128539384
Loiza,1985-1989,2,25,5,0.001191265330897602,2.5,0.005938640413395147,97483.77099533018,578.9210620830272,485971.55232144333,0.9938448822696525,5405003.084471999,55.445157991794524
Loiza,1985-1989,2,30,5,0.001278652014929429,2.5,0.006372888308455826,96904.84993324715,617.5637851722568,482980.3402033051,0.9921179687214862,4919031.532150555,50.76145864256564
Loiza,1985-1989,2,35,5,0.0018890500480414332,2.5,0.009400853533161046,96287.2861480749,905.1826741836121,479173.4740549154,0.9888542935626592,4436051.19194725,46.07099617622717
Loiza,1985-1989,2,40,5,0.0025981912033151665,2.5,0.01290711811471135,95382.10347389129,1231.1080755671283,473832.7471805386,0.9847354306049626,3956877.717892335,41.48448790475083
Loiza,1985-1989,2,45,5,0.0035620090896342597,2.5,0.017652846449394643,94150.99539832416,1662.0330648242816,466599.89432956005,0.9805009831826648,3483044.970711796,36.994244787068844
Loiza,1985-1989,2,50,5,0.004321869850191017,2.5,0.021378362994771236,92488.96233349988,1977.2626097752945,457501.6551430611,0.9724097549335612,3016445.076382236,32.61410875716645
Loiza,1985-1989,2,55,5,0.006904731408050579,2.5,0.03393782807173311,90511.69972372458,3071.770503704087,444879.0723593627,0.960840832930371,2558943.421239175,28.27196295119883
Loiza,1985-1989,2,60,5,0.00911590673461281,2.5,0.04456393205227367,87439.9292200205,3896.6670644166297,427457.97843906085,0.9416803054849213,2114064.3488798123,24.177333716273985
Loiza,1985-1989,2,65,5,0.015092140069872419,2.5,0.07271706020418484,83543.26215560386,6075.020423823036,402528.7597184617,0.9132376760422004,1686606.3704407513,20.188418873318057
Loiza,1985-1989,2,70,5,0.021476106415413695,2.5,0.10190901020731408,77468.24173178083,7894.7118373867415,367604.4290654373,0.8771283915385102,1284077.6107222897,16.575535755260407
Loiza,1985-1989,2,75,5,0.031549015213888684,2.5,0.1462128940243418,69573.52989439409,10172.547153348416,322436.2815885994,0.8025496412174918,916473.1816568524,13.172727947654378
Loiza,1985-1989,2,80,5,0.059100553863758704,2.5,0.25746235053028144,59400.98274104567,15293.516640318296,258771.1221044326,0.5643854412500291,594036.900068253,10.000455761109448
Loiza,1985-1989,2,85,NA,0.10843779053332274,7.601111730113455,1,44107.466100727375,44107.466100727375,335265.77796382044,0,335265.77796382044,7.601111730113455
Loiza,1990-1994,1,0,1,0.021550742819136482,0.10628657024155411,0.02114351474428735,100000,2114.3514744287386,98110.37569207346,0.9782915018276558,6920010.648219198,69.20010648219198
Loiza,1990-1994,1,1,4,5.380655919968347e-4,1.5892945900754623,0.0021494742470387056,97885.64852557126,210.40268066039425,391035.3752217544,0.9976375720696102,6821900.272527125,69.69254814453213
Loiza,1990-1994,1,5,5,3.164407080870937e-4,2.5,0.0015809528458404932,97675.24584491087,154.41995788668282,487990.1793298376,0.9984393937268973,6430864.89730537,65.83924966532793
Loiza,1990-1994,1,10,5,3.0828290939625703e-4,2.5,0.001540227482457725,97520.82588702418,150.20425614317355,487228.61879476294,0.9956168236371118,5942874.717975533,60.939544593892464
Loiza,1990-1994,1,15,5,0.0014513491550698866,2.5,0.007230510786049292,97370.62163088101,704.0393299464049,485093.00982953905,0.9907446515989022,5455646.09918077,56.029693636571345
Loiza,1990-1994,1,20,5,0.002271816660061455,2.5,0.01129493325644161,96666.5823009346,1091.8425952173857,480603.3050166295,0.9853229947181773,4970553.089351231,51.419559593793295
Loiza,1990-1994,1,25,5,0.0036525946029474636,2.5,0.018097713983681117,95574.73970571722,1729.6843032588367,473549.487770439,0.9803196410961154,4489949.784334602,46.978414988725476
Loiza,1990-1994,1,30,5,0.0043042583069011695,2.5,0.021292173992557225,93845.05540245838,1998.165247970319,464229.86389236606,0.9777051266247396,4016400.2965641622,42.798209019534
Loiza,1990-1994,1,35,5,0.004718898282890833,2.5,0.023319386877715866,91846.89015448806,2141.813165027561,453879.9178598714,0.97467203620129,3552170.4326717965,38.674912418885214
Loiza,1990-1994,1,40,5,0.005552931689399086,2.5,0.027384497832464993,89705.0769894605,2456.5284863789857,442384.06373135507,0.9657548582066897,3098290.514811925,34.538630574676894
Loiza,1990-1994,1,45,5,0.008433946729555901,2.5,0.04129895077081059,87248.54850308152,3603.2735094534437,427234.558741774,0.9539187850397428,2655906.45108057,30.440694964533037
Loiza,1990-1994,1,50,5,0.010481541417732351,2.5,0.05106948966100116,83645.27499362807,4271.721506478687,407547.0712019437,0.9424744692215378,2228671.892338796,26.644325008299294
Loiza,1990-1994,1,55,5,0.013293379611652452,2.5,0.06432902275929733,79373.55348714939,5106.023128761139,384102.7096138441,0.9247865066761513,1821124.8211368523,22.9437229546702
Loiza,1990-1994,1,60,5,0.01815772353582513,2.5,0.08684629035325946,74267.53035838825,6449.859505324086,355213.00302863104,0.8887655131907152,1437022.111523008,19.349264807762676
Loiza,1990-1994,1,65,5,0.02963219296543235,2.5,0.1379421442369265,67817.67085306416,9354.914934625791,315701.0669287563,0.8347554297430007,1081809.108494377,15.951729024110216
Loiza,1990-1994,1,70,5,0.04368421436754744,2.5,0.19691579259729755,58462.75591843837,11512.239919101637,263533.1797944378,0.7846251972795023,766108.0415656207,13.10420676429317
Loiza,1990-1994,1,75,5,0.054122282674442745,2.5,0.23835995166633414,46950.515999336734,11191.122724311354,206774.7731859053,0.7105395867293028,502574.861771183,10.704352254153774
Loiza,1990-1994,1,80,5,0.08678176949671863,2.5,0.35655307957174276,35759.39327502538,12750.12179582737,146921.66188555848,0.5033075798312288,295800.08858527767,8.271954904555571
Loiza,1990-1994,1,85,NA,0.1599886390118152,6.47036681862421,1,23009.27147919801,23009.27147919801,148878.4266997192,0,148878.4266997192,6.47036681862421
Loiza,1990-1994,2,0,1,0.012664550592097711,0.12300092910457933,0.012525433122730767,100000,1252.5433122730756,98901.52067888025,0.9871338549006882,7782868.552213613,77.82868552213613
Loiza,1990-1994,2,1,4,3.2928203080495616e-4,1.503621120309317,0.0013160463164245083,98747.45668772692,129.95622663016547,394665.40677146387,0.9986294185825323,7683967.031534732,77.8143284827482
Loiza,1990-1994,2,5,5,1.5991262371919398e-4,2.5,7.99243595745004e-4,98617.50046109676,78.81940567192214,492890.453791304,0.9991946576124933,7289301.624763268,73.9148892507045
Loiza,1990-1994,2,10,5,1.6235508271337916e-4,2.5,8.114460575874032e-4,98538.68105542484,79.9588242622849,492493.50821646844,0.9981561245657092,6796411.1709719645,68.9720127992093
Loiza,1990-1994,2,15,5,5.762576383060558e-4,2.5,0.002877143252091483,98458.72223116255,283.2798482769431,491585.4115351204,0.9960967960868478,6303917.662755496,64.02599505562426
Loiza,1990-1994,2,20,5,9.888837418457251e-4,2.5,0.004932225215910786,98175.44238288561,484.2233925040491,489666.65343316796,0.9943628359374906,5812332.251220375,59.2035249360242
Loiza,1990-1994,2,25,5,0.0012731588886912156,2.5,0.0063455970602029526,97691.21899038156,619.9091120330122,486906.3221718253,0.9930942440142685,5322665.597787208,54.48458574676261
Loiza,1990-1994,2,30,5,0.0014994986775696349,2.5,0.007469492153831208,97071.30987834855,725.0733874984435,483543.86592299666,0.9918832493566886,4835759.275615382,49.816565591580456
Loiza,1990-1994,2,35,5,0.001761499229761233,2.5,0.008768880209469044,96346.2364908501,844.8486064214521,479619.0609381969,0.9893284768018364,4352215.409692386,45.172656122439314
Loiza,1990-1994,2,40,5,0.0025341533255050035,2.5,0.01259099782996941,95501.38788442865,1202.457767611908,474500.7950031135,0.9861688761733416,3872596.348754189,40.55015779917906
Loiza,1990-1994,2,45,5,0.0030403476297008254,2.5,0.015087063355226105,94298.93011681674,1422.693933002447,467937.9157515776,0.981533804386082,3398095.553751075,36.035356387835385
Loiza,1990-1994,2,50,5,0.004427897028553921,2.5,0.02189708999347934,92876.2361838143,2033.71930197264,459296.88266413985,0.9724192977205707,2930157.637999498,31.549056662894156
Loiza,1990-1994,2,55,5,0.006791703844935039,2.5,0.03339155533773604,90842.51688184166,3033.3729294792283,446629.1520855102,0.9592781104211928,2470860.755335358,27.19938680859308
Loiza,1990-1994,2,60,5,0.009900207128064189,2.5,0.048305450721429326,87809.14395236243,4241.660276081748,428441.5690716078,0.9387570777664281,2024231.6032498477,23.052628828132285
Loiza,1990-1994,2,65,5,0.01554924283510584,2.5,0.07483706493613292,83567.48367628068,6253.945202431045,402202.5553753258,0.9070036241318493,1595790.03417824,19.095824882796848
Loiza,1990-1994,2,70,5,0.023869041904740314,2.5,0.11262460592771768,77313.53847384964,8707.406803494756,364799.1753605113,0.8469222550006792,1193587.478802914,15.438272550500718
Loiza,1990-1994,2,75,5,0.044115095422729234,2.5,0.19866514728907583,68606.13167035488,13629.647253224779,308956.5402187124,0.7653706786742549,828788.3034424029,12.080382369095549
Loiza,1990-1994,2,80,5,0.06498371899184938,2.5,0.27950965308094355,54976.4844171301,15366.458087041938,236466.27686804565,0.5451099882746273,519831.7632236904,9.455529372877038
Loiza,1990-1994,2,85,NA,0.12724941536603,7.153882807202216,1,39610.02633008816,39610.02633008816,283365.48635564477,0,283365.48635564477,7.153882807202216
Loiza,1995-1999,1,0,1,0.01776124465450438,0.11384832435416925,0.017486029299092806,100000,1748.602929909277,98450.47258362168,0.9817348078766716,6904878.381120104,69.04878381120105
Loiza,1995-1999,1,1,4,6.251154175316187e-4,1.6003145937218335,0.0024967163949361658,98251.39707009072,245.30587389027642,392416.9313547141,0.9976700173425608,6806427.9085364835,69.2756348663511
Loiza,1995-1999,1,5,5,2.505613563991258e-4,2.5,0.0012520225108492275,98006.09119620045,122.70583237799292,489723.6914000572,0.9984486855153039,6414010.977181769,65.44502386429662
Loiza,1995-1999,1,10,5,3.7053926040116344e-4,2.5,0.0018509816485781164,97883.38536382245,181.1803500091337,488963.97594408947,0.9946991487286397,5924287.285781711,60.523931244937494
Loiza,1995-1999,1,15,5,0.0017591261140409912,2.5,0.00875711838113495,97702.20501381332,855.5897754038742,486372.0506305569,0.9873983475987513,5435323.309837623,55.631531643212824
Loiza,1995-1999,1,20,5,0.0033234153717583066,2.5,0.0164801508917849,96846.61523840945,1596.0468324876274,480242.9591108281,0.9825879896781732,4948951.259207065,51.10092125598941
Loiza,1995-1999,1,25,5,0.003705916208242236,2.5,0.018359484265425656,95250.56840592182,1748.751311921369,471880.9637498057,0.977567245773183,4468708.300096237,46.915292736651146
Loiza,1995-1999,1,30,5,0.005388054382201156,2.5,0.026582205982425326,93501.81709400045,2485.484561723788,461295.37406569277,0.9712047402531052,3996827.3363464316,42.74598569916871
Loiza,1995-1999,1,35,5,0.006311799420335638,2.5,0.031068747840158027,91016.33253227666,2827.7634847812733,448012.25394943013,0.9711253295127902,3535531.9622807386,38.84502774298174
Loiza,1995-1999,1,40,5,0.005393813357927934,2.5,0.026610240118122668,88188.56904749539,2346.718998027485,435076.0477424082,0.968391118814126,3087519.708331309,35.010429828705746
Loiza,1995-1999,1,45,5,0.007486375056082312,2.5,0.03674417361833,85841.8500494679,3154.1878419363056,421323.78064249875,0.9607854338361826,2652443.6605889006,30.899190302403575
Loiza,1995-1999,1,50,5,0.008534112946223797,2.5,0.04177919383367215,82687.6622075316,3454.62386702167,404801.7513701038,0.9484981926365772,2231119.879946402,26.982500416406506
Loiza,1995-1999,1,55,5,0.012721806001130424,2.5,0.06164833462225924,79233.03834050993,4884.584860754039,383953.72955066455,0.9270616296726751,1826318.128576298,23.049957023326037
Loiza,1995-1999,1,60,5,0.017748056443247357,2.5,0.084970144897172,74348.45347975589,6317.398865055511,355948.77023614064,0.897955066668076,1442364.3990256335,19.400059201209483
Loiza,1995-1999,1,65,5,0.025691616146367616,2.5,0.12070529543872409,68031.05461470038,8211.708546275397,319626.00170781335,0.8452325027210827,1086415.6287894929,15.96940742639519
Loiza,1995-1999,1,70,5,0.04284665183675497,2.5,0.19350559232657077,59819.34606842498,11575.377993558694,270158.28535822814,0.7842209639656668,766789.6270816794,12.818422090481883
Loiza,1995-1999,1,75,5,0.05542438237965962,2.5,0.24339664068954345,48243.96807486629,11742.419762956037,211863.79096694133,0.7001610939026337,496631.34172345133,10.294164463270631
Loiza,1995-1999,1,80,5,0.0921376246425054,2.5,0.3744384498520521,36501.54831191025,13667.583167111461,148338.78364177258,0.47908817824328087,284767.55075651,7.801519769055713
Loiza,1995-1999,1,85,NA,0.1660211652581448,5.974817174747842,1,22833.96514479879,22833.96514479879,136428.7671147374,0,136428.7671147374,5.974817174747842
Loiza,1995-1999,2,0,1,0.010469758285910949,0.1275118198877158,0.01037498548731723,100000,1037.4985487317172,99094.79477934793,0.9893053307823196,7939764.21942404,79.3976421942404
Loiza,1995-1999,2,1,4,2.962596175672224e-4,1.5071198986121348,0.001184163918197506,98962.50145126828,117.18782347317028,395557.87061181193,0.998748764667031,7840669.424644693,79.22869076329526
Loiza,1995-1999,2,5,5,1.5612669765142743e-4,2.5,7.803289128165373e-4,98845.31362779511,77.13185612017696,494033.7384986751,0.9991963177502874,7445111.554032881,75.32083495700832
Loiza,1995-1999,2,10,5,1.6547919492529222e-4,2.5,8.270538241240212e-4,98768.18177167494,81.68660243604972,493636.69235228456,0.9982493315576072,6951077.815534205,70.37770353617725
Loiza,1995-1999,2,15,5,5.357260607401118e-4,2.5,0.0026750475719555184,98686.49516923889,263.9910692872654,492772.49817297625,0.9963841021011098,6457441.1231819205,65.43388851846407
Loiza,1995-1999,2,20,5,9.139378046033702e-4,2.5,0.004559271795877565,98422.50409995162,448.7349470225454,490990.6831322017,0.9948710535971206,5964668.625008944,60.60269121939437
Loiza,1995-1999,2,25,5,0.0011435057361806476,2.5,0.005701230207289932,97973.76915292908,558.5710122167366,488472.41823410353,0.9934018885202149,5473677.941876743,55.8688104908241
Loiza,1995-1999,2,30,5,0.001505673457055131,2.5,0.007500135398291836,97415.19814071234,730.6271759067749,485249.4227637947,0.9912905256230978,4985205.52364264,51.17482301315766
Loiza,1995-1999,2,35,5,0.001995496015118635,2.5,0.00992795210344141,96684.57096480556,959.8797896803735,481023.1553498269,0.9893797186559211,4499956.100878845,46.542649524885285
Loiza,1995-1999,2,40,5,0.0022767967445028107,2.5,0.011319552919423626,95724.69117512519,1083.560707452314,475914.5541069952,0.9877072819723649,4018932.9455290176,41.98428739954367
Loiza,1995-1999,2,45,5,0.002673150755028121,2.5,0.01327702505128965,94641.13046767288,1256.5526601016754,470064.2706881102,0.9844044891394721,3543018.3914220226,37.43634901563472
Loiza,1995-1999,2,50,5,0.0036215332503201194,2.5,0.017945193464562248,93384.5778075712,1675.8043153633334,462733.3782494477,0.9731940609979488,3072954.120733912,32.90644122272587
Loiza,1995-1999,2,55,5,0.007296430008233819,2.5,0.035828597899010876,91708.77349220787,3285.796769263776,450329.3755378799,0.9573343943876398,2610220.742484465,28.462061404694776
Loiza,1995-1999,2,60,5,0.010205224312409228,2.5,0.04975667645147789,88422.97672294409,4399.633443680083,431115.8000055202,0.9386122364108492,2159891.3669465845,24.42681129944513
Loiza,1995-1999,2,65,5,0.01528840192636257,2.5,0.07362787814658718,84023.34327926401,6186.4604804345145,404650.56519523374,0.9090280728808545,1728775.5669410645,20.574943812878562
Loiza,1995-1999,2,70,5,0.023212010223650423,2.5,0.10969447776958795,77836.8827988295,8538.276209830234,367838.7234695719,0.8708624047372603,1324125.0017458308,17.01153687215417
Loiza,1995-1999,2,75,5,0.03266075987058678,2.5,0.15097629782907027,69298.60658899926,10462.447067520327,320336.9152761955,0.8083066622734173,956286.2782762588,13.79950226052689
Loiza,1995-1999,2,80,5,0.0544552918767818,2.5,0.23965082088447315,58836.159521478934,14100.13392701224,258930.46278986405,0.5928442139349415,635949.3630000633,10.8088183894447
Loiza,1995-1999,2,85,NA,0.10638805150793093,8.427635115105799,1,44736.02559446669,44736.02559446669,377018.9002101993,0,377018.9002101993,8.427635115105799
Loiza,2000-2004,1,0,1,0.01423652012451699,0.12088173591753258,0.014060544190544378,100000,1406.0544190544315,98763.91187991538,0.9854806346136458,7116682.458953615,71.16682458953615
Loiza,2000-2004,1,1,4,4.2425828543759853e-4,1.6106355803538899,0.0016953145883796662,98593.94558094557,167.14775426930282,393976.40542690747,0.9982323600142711,7017918.5470737005,71.18001522022459
Loiza,2000-2004,1,5,5,2.1522733617722488e-4,2.5,0.001075557957201043,98426.79782667627,105.86372560428572,491869.3298193706,0.9987276466895383,6623942.141646793,67.29815749275072
Loiza,2000-2004,1,10,5,2.940881720668344e-4,2.5,0.0014693605564338,98320.93410107198,144.46890243983944,491243.4982492603,0.993113923667541,6132072.811827422,62.367926707488074
Loiza,2000-2004,1,15,5,0.0024774019397802976,2.5,0.012310762929000286,98176.46519863214,1208.6271882676083,487860.7580224917,0.9857875716985165,5640829.313578162,57.45602372386854
Loiza,2000-2004,1,20,5,0.0032538139786916,2.5,0.01613779642447987,96967.83801036453,1564.847229533203,480927.07197798963,0.9830955593922197,5152968.5555556705,53.14100696980466
Loiza,2000-2004,1,25,5,0.0035682820768606323,2.5,0.01768365966967168,95402.99078083133,1687.0740204370522,472797.26885306404,0.9809211540951555,4672041.483577681,48.97164591318454
Loiza,2000-2004,1,30,5,0.0041422863276155035,2.5,0.020499148283916937,93715.91676039428,1921.0964742345386,463776.8426163851,0.978630575771652,4199244.214724616,44.808228526013615
Loiza,2000-2004,1,35,5,0.004501681709924028,2.5,0.022257913444979304,91794.82028615974,2043.1611646267702,453866.19851923175,0.9770884809409813,3735467.3721082313,40.69366180426459
Loiza,2000-2004,1,40,5,0.0047722657718703735,2.5,0.02358000374739124,89751.65912153297,2116.3444584203244,443467.434461614,0.9727627313260557,3281601.1735889995,36.563125469863174
Loiza,2000-2004,1,45,5,0.006294075112603349,2.5,0.030982854528995837,87635.31466311264,2715.192205809988,431388.59280103823,0.9655776540923968,2838133.739127386,32.385731140895984
Loiza,2000-2004,1,50,5,0.007741338274303786,2.5,0.037971809809952996,84920.12245730266,3224.5707389866293,416539.1854390467,0.9536882547488742,2406745.1463263477,28.341282097614087
Loiza,2000-2004,1,55,5,0.011307007056499797,2.5,0.05498086277410097,81695.55171831603,4491.69191827919,397248.5287958821,0.9363386903342731,1990205.9608873008,24.36125246756978
Loiza,2000-2004,1,60,5,0.015120080966361443,2.5,0.0728467817368087,77203.85980003684,5624.052724092471,371959.16718995303,0.9034203499969047,1592957.4320914187,20.6331320249698
Loiza,2000-2004,1,65,5,0.026025292694543865,2.5,0.1221772187746785,71579.80707594437,8745.421748966924,336035.48100730457,0.8713415722612375,1220998.2649014657,17.057859119486274
Loiza,2000-2004,1,70,5,0.029194152110688522,2.5,0.13604170498184884,62834.38532697744,8548.096911368477,292801.684356466,0.8246804605880491,884962.7838941611,14.084052534117962
Loiza,2000-2004,1,75,5,0.049635786962751054,2.5,0.22078219039474725,54286.288415608964,11985.445664799146,241467.82791604695,0.7251890367569767,592161.0995376951,10.908115415888899
Loiza,2000-2004,1,80,5,0.08313501070571482,2.5,0.34414815264279686,42300.84275080982,14557.756887924643,175109.82153423748,0.5006752746509551,350693.27162164816,8.290455906222682
Loiza,2000-2004,1,85,NA,0.13746849492631724,6.328908433445287,1,27743.085862885175,27743.085862885175,175583.4500874107,0,175583.4500874107,6.328908433445287
Loiza,2000-2004,2,0,1,0.007625490483773266,0.13335755817341532,0.007575427711486047,100000,757.5427711485972,99343.4812830237,0.9921352026668816,8191962.23012461,81.9196223012461
Loiza,2000-2004,2,1,4,2.489001044103431e-4,1.5116747791134122,9.94984179754304e-4,99242.4572288514,98.7446749026567,396724.1200504171,0.9989995048903256,8092618.748841586,81.54391754105953
Loiza,2000-2004,2,5,5,1.1887262158577722e-4,2.5,5.941865266535504e-4,99143.71255394875,58.90985820196511,495571.2881242388,0.9993250839654769,7695894.628791168,77.62362766679199
Loiza,2000-2004,2,10,5,1.511958367180268e-4,2.5,7.556935392976928e-4,99084.80269574678,74.87774523976259,495236.8191156345,0.9984404117599069,7200323.34066693,72.66829165292373
Loiza,2000-2004,2,15,5,4.7337773366570244e-4,2.5,0.002364090898349411,99009.92495050702,234.06846242176834,494464.45359648066,0.9967396781455663,6705086.521551295,67.72135747909138
Loiza,2000-2004,2,20,5,8.334683832928394e-4,2.5,0.004158676602802259,98775.85648808525,410.7768432987359,492852.34033217945,0.9954374664359438,6210622.067954815,62.875912077805836
Loiza,2000-2004,2,25,5,9.960897351791794e-4,2.5,0.004968077049514396,98365.07964478651,488.685294656927,490603.68498729024,0.9945166935022046,5717769.727622635,58.128044507974785
Loiza,2000-2004,2,30,5,0.0012038338539324992,2.5,0.006001108425951795,97876.39435012959,587.3668548363348,487913.55461355706,0.9928817873030019,5227166.042635345,53.40578877411849
Loiza,2000-2004,2,35,5,0.0016552335291907735,2.5,0.008242061305398016,97289.02749529325,801.8621289587754,484440.48215406935,0.9905384115544421,4739252.488021788,48.713124285789256
Loiza,2000-2004,2,40,5,0.0021497418214106835,2.5,0.01069125053605209,96487.16536633448,1031.5684584449773,479856.9056855599,0.9876718512751964,4254812.005867719,44.0971811091496
Loiza,2000-2004,2,45,5,0.002816236652810879,2.5,0.013982736526274662,95455.5969078895,1334.7304615212925,473941.15838564426,0.984859725134242,3774955.1001821584,39.546713052612574
Loiza,2000-2004,2,50,5,0.0032896799521888232,2.5,0.016314228286619308,94120.8664463682,1535.5093017404579,466765.5589774899,0.9784641480054513,3301013.941796514,35.07207345650066
Loiza,2000-2004,2,55,5,0.005441855847743347,2.5,0.026844075268770185,92585.35714462775,2485.3682959763537,456713.3649831979,0.9655694329848272,2834248.3828190244,30.612274664466003
Loiza,2000-2004,2,60,5,0.008627417846663158,2.5,0.04222632877708947,90099.9888486514,3804.5917519352515,440988.46486341883,0.9482994852735973,2377535.0178358266,26.387739312926822
Loiza,2000-2004,2,65,5,0.012709896220623337,2.5,0.06159239861710986,86295.39709671614,5315.14049680272,418189.1342415739,0.9257187359800488,1936546.5529724078,22.440902042573722
Loiza,2000-2004,2,70,5,0.018366928016593113,2.5,0.08780296331580326,80980.25659991342,7110.306499546539,387125.5167507008,0.8856271469726977,1518357.4187308338,18.74972348176601
Loiza,2000-2004,2,75,5,0.0309184438258552,2.5,0.1435002110902921,73869.95010036688,10600.353432631986,342848.8669202544,0.8323089915734818,1131231.901980133,15.313830596110211
Loiza,2000-2004,2,80,5,0.04344295196955091,2.5,0.1959347951144522,63269.5966677349,12396.715460066669,285356.1946885078,0.6380487884714127,788383.0350598786,12.460693233120042
Loiza,2000-2004,2,85,NA,0.0915378812784457,9.887917264169971,1,50872.88120766823,50872.88120766823,503026.8403713708,0,503026.8403713708,9.887917264169971
Loiza,2005-2009,1,0,1,0.012434594723294199,0.1244773879594026,0.012300680062731242,100000,1230.0680062731262,98923.04764616018,0.9871304170912985,7182255.579339314,71.82255579339314
Loiza,2005-2009,1,1,4,4.650756690747392e-4,1.6159380509709909,0.0018582423144433038,98769.93199372687,183.53846702542796,394642.16089948907,0.9982019925351727,7083332.531693154,71.71547442336028
Loiza,2005-2009,1,5,5,2.0637668699385777e-4,2.5,0.0010313513177990534,98586.39352670145,101.67720688082045,492677.77461630513,0.9988065402539532,6688690.370793665,67.845978856931
Loiza,2005-2009,1,10,5,2.7133103409195255e-4,2.5,0.0013557355376463008,98484.71631982063,133.51922982979158,492089.78352452867,0.9950670176735974,6196012.59617736,62.91344309767155
Loiza,2005-2009,1,15,5,0.0017102987700747226,2.5,0.008515085499730436,98351.19708999083,837.4688522221113,489662.3133193989,0.9847505935994896,5703922.812652831,57.99545894122439
Loiza,2005-2009,1,20,5,0.004457437059352153,2.5,0.022041563096282225,97513.72823776872,2149.354993706511,482195.25370457734,0.9798313327026202,5214260.499333432,53.472065867684265
Loiza,2005-2009,1,25,5,0.0036843380478988725,2.5,0.01825355952978146,95364.37324406221,1740.7392640307808,472470.0180602341,0.9813672794804433,4732065.245628855,49.62089179276909
Loiza,2005-2009,1,30,5,0.0038403054989963703,2.5,0.019018931229517477,93623.63398003143,1780.621456123743,463666.6162598478,0.9829796081241925,4259595.227568621,45.49700803620944
Loiza,2005-2009,1,35,5,0.0030192398975499597,2.5,0.014983105512865687,91843.01252390769,1376.0935472651472,455774.82875137555,0.9809465444791203,3795928.611308773,41.33061957566618
Loiza,2005-2009,1,40,5,0.004691532211111122,2.5,0.02318571967877865,90466.91897664254,2097.5406235952105,447090.74332422466,0.9718193392648821,3340153.7825573976,36.921272663433854
Loiza,2005-2009,1,45,5,0.006771559092365828,2.5,0.03329416199832303,88369.37835304733,2942.1843985774613,434491.430768793,0.9644151915192349,2893063.039233173,32.73829796193659
Loiza,2005-2009,1,50,5,0.007737709199898464,2.5,0.03795434675434916,85427.19395446987,3242.333341598991,419030.1364183519,0.9542951387760145,2458571.60846438,28.779730372212914
Loiza,2005-2009,1,55,5,0.011049239235588947,2.5,0.053761146747950454,82184.86061287088,4418.352351868409,399878.4221846834,0.9400774174246793,2039541.472046028,24.81651069110188
Loiza,2005-2009,1,60,5,0.013743329597186563,2.5,0.06643408419691907,77766.50826100247,5166.346757511841,375916.67441123276,0.923285043353466,1639663.0498613445,21.084437073582556
Loiza,2005-2009,1,65,5,0.01835040346791446,2.5,0.08772743286870929,72600.16150349063,6369.025794554924,347078.2430310658,0.8771152107127023,1263746.375450112,17.40693614558076
Loiza,2005-2009,1,70,5,0.035119117615090886,2.5,0.16142300438362941,66231.1357089357,10691.228909876292,304427.60626998777,0.8208196722322713,916668.132419046,13.840441094767034
Loiza,2005-2009,1,75,5,0.04453233119107928,2.5,0.20035587095210564,55539.90679905941,11127.746399324315,249880.16799698627,0.7361183778833773,612240.5261490582,11.023434525450568
Loiza,2005-2009,1,80,5,0.08289470754829766,2.5,0.3433241501823947,44412.1603997351,15247.76722700326,183941.38393116734,0.4923799477701903,362360.358152072,8.15903470785072
Loiza,2005-2009,1,85,NA,0.1484930234065579,6.117698837900838,1,29164.393172731838,29164.393172731838,178418.9742209047,0,178418.9742209047,6.117698837900838
Loiza,2005-2009,2,0,1,0.008778285423500287,0.13098825331764255,0.008711827827316167,100000,871.1827827316156,99242.9319282988,0.9910741683441127,8124563.727547928,81.24563727547928
Loiza,2005-2009,2,1,4,2.2406499547393785e-4,1.5098258561249567,8.957601827753601e-4,99128.81721726838,88.79564742885123,396294.15224375756,0.9990539648165402,8025320.795619629,80.9585045086325
Loiza,2005-2009,2,5,5,1.0650586716842885e-4,2.5,5.323875798399929e-4,99040.02156983953,52.72767739086703,495068.2886557205,0.999394199028716,7629026.643375872,77.02973527722983
Loiza,2005-2009,2,10,5,1.3589684778761871e-4,2.5,6.792534679252439e-4,98987.29389244867,67.23746265697991,494768.3758056009,0.998589381042188,7133958.354720151,72.0694351183225
Loiza,2005-2009,2,15,5,4.289558285610139e-4,2.5,0.002142481567914716,98920.05642979169,211.93439759791363,494070.44615496363,0.9969398701614697,6639189.9789145505,67.1167225185188
Loiza,2005-2009,2,20,5,7.975366726203329e-4,2.5,0.003979748374909685,98708.12203219377,392.83348824801215,492558.5264403488,0.9958259587062925,6145119.532759586,62.255459897771615
Loiza,2005-2009,2,25,5,8.757351997487721e-4,2.5,0.004369110539017334,98315.28854394576,429.55036332386953,490502.5668114191,0.9948437087889217,5652561.006319238,57.49422180450206
Loiza,2005-2009,2,30,5,0.0011929323914882171,2.5,0.005946926255042507,97885.73818062189,582.1192663805559,487973.39273715805,0.9936589647561485,5162058.439507819,52.735552037035504
Loiza,2005-2009,2,35,5,0.0013520551353170644,2.5,0.006737501991169398,97303.61891424134,655.5833261827065,484879.1362557499,0.9916867964171994,4674085.046770661,48.03608641617093
Loiza,2005-2009,2,40,5,0.0019897676412876336,2.5,0.009899593479519544,96648.03558805863,956.7762629159115,480848.23728300334,0.9888068488310412,4189205.9105149107,43.34496697243279
Loiza,2005-2009,2,45,5,0.00251565088696199,2.5,0.012499642592374412,95691.25932514272,1196.1065407785063,475466.0302737673,0.9850700624289029,3708357.6732319077,38.753358450760224
Loiza,2005-2009,2,50,5,0.0035087089470108596,2.5,0.017390994886663656,94495.15278436421,1643.3647188873729,468367.3521246026,0.98026852503204,3232891.64295814,34.212248434959676
Loiza,2005-2009,2,55,5,0.00447212261561686,2.5,0.022113378725321275,92851.78806547684,2053.266754815151,459125.7734403463,0.9736645545828975,2764524.2908335375,29.77351700415356
Loiza,2005-2009,2,60,5,0.006226020576276482,2.5,0.030652987553304357,90798.52131066169,2783.2459435941564,447034.4916943231,0.9577764666405401,2305398.5173931913,25.39026499677686
Loiza,2005-2009,2,65,5,0.01113348796813723,2.5,0.054159966502169594,88015.27536706753,4766.904365559603,428159.1159214386,0.9321866727510939,1858364.025698868,21.11410795397236
Loiza,2005-2009,2,70,5,0.017155193695517736,2.5,0.08224849626606515,83248.37100150793,6847.053331473537,399124.22167885577,0.8823755373904077,1430204.9097774297,17.179974725890116
Loiza,2005-2009,2,75,5,0.03387966923554037,2.5,0.15617080788889467,76401.31767003439,11931.655504305352,352177.4495894086,0.8110073121963143,1031080.6880985738,13.495587766583473
Loiza,2005-2009,2,80,5,0.051439000929544905,2.5,0.22788904292109613,64469.66216572904,14691.929608394392,285618.4868076592,0.5792942637379932,678903.2385091652,10.53058470764034
Loiza,2005-2009,2,85,NA,0.1166154286028993,7.900816921472175,1,49777.732557334646,49777.732557334646,393284.751701506,0,393284.751701506,7.900816921472175
Loiza,2010-2014,1,0,1,0.011658922375659794,0.12602520334548967,0.011541320882622531,100000,1154.132088262253,98991.31764284855,0.9880372038612334,7438491.650619593,74.38491650619594
Loiza,2010-2014,1,1,4,3.7857406591447853e-4,1.6182260001806583,0.0015129320862811361,98845.86791173775,149.54708515996754,395027.2842877682,0.9984590886726841,7339500.332976745,74.25196913168278
Loiza,2010-2014,1,5,5,1.8184508022000016e-4,2.5,9.08812243511685e-4,98696.32082657778,89.6964247567521,493257.36307099706,0.9989419132122946,6944473.048688977,70.36202556011501
Loiza,2010-2014,1,10,5,2.4164531657891664e-4,2.5,0.001207497117836314,98606.62440182103,119.06721476477105,492735.45397219324,0.9959925421972569,6451215.68561798,65.42375550073938
Loiza,2010-2014,1,15,5,0.00136681525899287,2.5,0.006810803519523134,98487.55718705626,670.779401118838,490760.8374324842,0.9894549976895022,5958480.231645787,60.49982761100385
Loiza,2010-2014,1,20,5,0.0028815718469906515,2.5,0.01430480840203352,97816.77778593742,1399.250264732109,485585.7632678568,0.9856224195626339,5467719.394213302,55.897561931337364
Loiza,2010-2014,1,25,5,0.0029113180372145973,2.5,0.014451408569990557,96417.52752120531,1393.3690835172602,478604.21489723335,0.9856388422849436,4982133.630945446,51.67248900724731
Loiza,2010-2014,1,30,5,0.002874425121315269,2.5,0.01426958348348724,95024.15843768805,1355.9551617747202,471730.9042840034,0.9819420308660342,4503529.416048212,47.39352065928997
Loiza,2010-2014,1,35,5,0.004428736519645293,2.5,0.021901196031504873,93668.20327591333,2051.445681864614,463212.4021749051,0.9773843042318856,4031798.511764209,43.043406094680385
Loiza,2010-2014,1,40,5,0.004724387088689059,2.5,0.023346194296187953,91616.75759404871,2138.9026235774218,452736.5314113,0.9747474655590456,3568586.109589304,38.95123777902738
Loiza,2010-2014,1,45,5,0.005515917586519804,2.5,0.02720444425140447,89477.8549704713,2434.1953172794456,441303.7865591579,0.9681096617060718,3115849.578178004,34.822577935135676
Loiza,2010-2014,1,50,5,0.007478716531237014,2.5,0.03670727440638585,87043.65965319185,3195.1355002257624,427230.4595153949,0.9601430733253924,2674545.791618846,30.72648602178541
Loiza,2010-2014,1,55,5,0.008815409259050595,2.5,0.04312659972885029,83848.52415296609,3616.101738999816,410202.36641733086,0.9488308403340447,2247315.3321034512,26.802085723102785
Loiza,2010-2014,1,60,5,0.012280644886320533,2.5,0.059574200431876764,80232.42241396627,4779.782414024623,389212.6560347698,0.9292063540125834,1837112.96568612,22.89738874151616
Loiza,2010-2014,1,65,5,0.01725861369694095,2.5,0.08272382225511613,75452.63999994165,6241.730780034428,361658.87304962217,0.8963582649153676,1447900.3096513504,19.18952484170826
Loiza,2010-2014,1,70,5,0.026995991763624466,2.5,0.12644611323924956,69210.90921990722,8751.450464611815,324175.91993800655,0.8476681966356837,1086241.4366017282,15.694656360464215
Loiza,2010-2014,1,75,5,0.04003539323144811,2.5,0.1819644230771703,60459.4587552954,11001.4705319653,274793.6174465638,0.776421239058341,762065.5166637216,12.604570605703204
Loiza,2010-2014,1,80,5,0.06362024718067219,2.5,0.2744498221014039,49457.9882233301,13573.73606938628,213355.6009431848,0.5621426121925808,487271.89921715786,9.85223857098385
Loiza,2010-2014,1,85,NA,0.13773869442470726,7.63332887916597,1,35884.252153943824,35884.252153943824,273916.29827397305,0,273916.29827397305,7.63332887916597
Loiza,2010-2014,2,0,1,0.006465700238737484,0.13574124027033,0.006429770436761192,100000,642.9770436761173,99444.30145769783,0.9933178239708312,8277015.592014985,82.77015592014985
Loiza,2010-2014,2,1,4,2.1614884852115605e-4,1.5135387634993895,8.641309705815918e-4,99357.02295632388,85.85748068134126,397214.6105277178,0.9991339143342982,8177571.290557288,82.3049146123475
Loiza,2010-2014,2,5,5,1.0242417750099789e-4,2.5,5.119897871728892e-4,99271.16547564254,50.825822884289664,496228.762821002,0.999416537120915,7780356.68002957,78.37478932327616
Loiza,2010-2014,2,10,5,1.3103742960890146e-4,2.5,6.549725832350787e-4,99220.33965275825,64.98660217181896,495939.2317583617,0.9987100360963728,7284127.917208568,73.41365634002922
Loiza,2010-2014,2,15,5,3.8544534242058976e-4,2.5,0.001925371398507987,99155.35305058643,190.91088077257155,495299.48805100075,0.9971071374754297,6788188.6854502065,68.46013328183152
Loiza,2010-2014,2,20,5,7.739385652793208e-4,2.5,0.0038622200238365013,98964.44216981386,382.2224501960736,493866.6547235791,0.9959982897398636,6292889.1973992055,63.587376025433336
Loiza,2010-2014,2,25,5,8.300672273154299e-4,2.5,0.004141741327227775,98582.21971961779,408.30205354257487,491890.3434642325,0.9952347893173678,5799022.5426756265,58.82422367003799
Loiza,2010-2014,2,30,5,0.0010811690440157417,2.5,0.005391273026318975,98173.91766607521,529.2823942011746,489546.3823448731,0.9937302321473319,5307132.1992113935,54.05847424020357
Loiza,2010-2014,2,35,5,0.0014357398526242825,2.5,0.007153024557062974,97644.63527187404,698.4544739651756,486477.04017445724,0.9921291650879667,4817585.816866521,49.33794676433389
Loiza,2010-2014,2,40,5,0.0017261805946781172,2.5,0.00859381677401677,96946.18079790886,833.1377147179301,482648.0597027495,0.9889744311279758,4331108.776692064,44.67539351261877
Loiza,2010-2014,2,45,5,0.0027139700174758806,2.5,0.013478400152634918,96113.04308319093,1295.4500545626943,477326.59027954796,0.9850278001191398,3848460.7169893137,40.04098292526506
Loiza,2010-2014,2,50,5,0.0033246878255335133,2.5,0.016486408721757575,94817.59302862824,1563.2015926832246,470179.96116143314,0.9788825676943143,3371134.1267097658,35.55388846131034
Loiza,2010-2014,2,55,5,0.005232788146187895,2.5,0.025826084656803062,93254.39143594501,2408.3958078433643,460250.9676601166,0.9732751887193181,2900954.165548333,31.107963076901886
Loiza,2010-2014,2,60,5,0.00560698189919511,2.5,0.027647363824662194,90845.99562810165,2511.652293143794,447950.84740764875,0.9608932055398235,2440703.197888216,26.866381737724346
Loiza,2010-2014,2,65,5,0.010444174052867248,2.5,0.05089205652373073,88334.34333495786,4495.51639398931,430432.92568981595,0.9390333681906053,1992752.3504805674,22.55920262999166
Loiza,2010-2014,2,70,5,0.014847692470988553,2.5,0.07158141525411471,83838.82694096855,6001.301885679335,404190.8799906444,0.9119737292528538,1562319.4247907514,18.63479585527587
Loiza,2010-2014,2,75,5,0.02232829211489729,2.5,0.10573903066301191,77837.52505528921,8230.46444855418,368611.46415506065,0.8488354872091175,1158128.5448001071,14.878794565699131
Loiza,2010-2014,2,80,5,0.04492921605675069,2.5,0.2019611858935331,69607.06060673503,14057.924506699244,312890.49176692707,0.6036938282433468,789517.0806450464,11.342485572054947
Loiza,2010-2014,2,85,NA,0.09563401607968615,8.58027005172115,1,55549.13610003579,55549.13610003579,476626.5888781193,0,476626.5888781193,8.58027005172115
Loiza,2015-2019,1,0,1,0.011353866176823981,0.12663392773745658,0.011242385763252904,100000,1124.2385763252823,99018.12817030876,0.988381157649522,7665443.131099818,76.65443131099818
Loiza,2015-2019,1,1,4,3.51377045903932e-4,1.619126691695319,0.0014043333404897714,98875.76142367472,138.8545283335843,395172.4506544522,0.9985612605493267,7566425.00292951,76.52456875156678
Loiza,2015-2019,1,5,5,1.661403206253292e-4,2.5,8.303567137999856e-4,98736.90689534113,81.98685354038025,493479.56734285475,0.9990780419640372,7171252.552275057,72.62990889390956
Loiza,2015-2019,1,10,5,2.0282989441090796e-4,2.5,0.0010136354831095141,98654.92004180075,100.00012753769988,493024.59989015956,0.9975950201443173,6677772.984932202,67.68819012881248
Loiza,2015-2019,1,15,5,7.60992218818715e-4,2.5,0.003797735975277789,98554.91991426305,374.2855648990226,491838.8856590677,0.9931780713663133,6184748.3850420425,62.75433423742221
Loiza,2015-2019,1,20,5,0.001981295491098473,2.5,0.009857650160950571,98180.63434936403,967.8303459962335,488483.59588182956,0.989157815088863,5692909.4993829755,57.98403663929731
Loiza,2015-2019,1,25,5,0.0023813980311571756,2.5,0.011836521483395111,97212.8040033678,1150.6614430469344,483187.36640922166,0.987881619719492,5204425.903501146,53.53642410438903
Loiza,2015-2019,1,30,5,0.0024962040307484183,2.5,0.012403615267674537,96062.14256032086,1191.5178581067303,477331.9181563375,0.9876113694421766,4721238.537091924,49.14775385243244
Loiza,2015-2019,1,35,5,0.0024900970852228177,2.5,0.012373457649049025,94870.62470221413,1173.87765689168,471418.42936884146,0.9860508957248675,4243906.618935586,44.733621521483876
Loiza,2015-2019,1,40,5,0.0031332506650775123,2.5,0.015544491355691283,93696.74704532245,1456.4682745023892,464842.5645403563,0.9809753795960988,3772488.189566745,40.26274452988147
Loiza,2015-2019,1,45,5,0.004563414729456538,2.5,0.022559700473698183,92240.27877082006,2080.913060680119,455999.11120240006,0.9735765706328081,3307645.6250263886,35.85901592128267
Loiza,2015-2019,1,50,5,0.006168962153142624,2.5,0.030376334619170962,90159.36571013994,2738.711061863418,443950.05089604115,0.9666178613121135,2851646.5138239884,31.628954921798798
Loiza,2015-2019,1,55,5,0.007431989009866235,2.5,0.03648210847620149,87420.65464827653,3189.28980593897,429130.0487265352,0.9536960185623667,2407696.4629279473,27.541505753016164
Loiza,2015-2019,1,60,5,0.011628027536388284,2.5,0.056497744363922624,84231.36484233756,4758.882118286696,409259.6189159711,0.934124697532736,1978566.4142014121,23.489663475177565
Loiza,2015-2019,1,65,5,0.015760308542748156,2.5,0.0758143969922886,79472.48272405086,6025.158355203996,382299.5177322443,0.901260856812295,1569306.795285441,19.746542973049962
Loiza,2015-2019,1,70,5,0.02633571463015093,2.5,0.12354449194103917,73447.32436884686,9074.012373577883,344551.5909102896,0.8524911644385225,1187007.2775531968,16.161341311660813
Loiza,2015-2019,1,75,5,0.03832042014881896,2.5,0.17485117456224544,64373.31199526898,11255.749212834671,293727.1869442582,0.7877259830224999,842455.6866429072,13.087033438714823
Loiza,2015-2019,1,80,5,0.05914389984118426,2.5,0.2576268566854177,53117.56278243431,13684.51073442887,231376.5370760994,0.5783405870058382,548728.4996986489,10.330453261686744
Loiza,2015-2019,1,85,NA,0.12043929876382485,8.047867109961668,1,39433.05204800544,39433.05204800544,317351.96262254956,0,317351.96262254956,8.047867109961668
Loiza,2015-2019,2,0,1,0.006813796026139472,0.13502580944135634,0.006773872463135188,100000,677.3872463135194,99414.07751492521,0.9930062471952124,8448562.99539643,84.48562995396429
Loiza,2015-2019,2,1,4,2.0394014620003326e-4,1.512978909502479,8.153470379737664e-4,99322.61275368648,80.98239811253734,397089.046082681,0.999177094298749,8349148.917881505,84.06090704225474
Loiza,2015-2019,2,5,5,9.159820984892642e-5,2.5,4.578861953551094e-4,99241.63035557394,45.44137254435918,496094.5483465088,0.9995041490204792,7952059.871798824,80.1282671728316
Loiza,2015-2019,2,10,5,1.067951364323679e-4,2.5,5.338331552002352e-4,99196.18898302958,52.95421454864845,495848.5593787763,0.9988856212737706,7455965.323452314,75.1638283677196
Loiza,2015-2019,2,15,5,3.393345012086668e-4,2.5,0.0016952343772637325,99143.23476848094,168.07101985265035,495295.99629277305,0.9976597557554222,6960116.764073539,70.20263944712705
Loiza,2015-2019,2,20,5,5.981630442440472e-4,2.5,0.002986349411582215,98975.16374862829,295.5744220219931,494136.8826880865,0.9964559116012337,6464820.767780765,65.31760618451477
Loiza,2015-2019,2,25,5,8.223869272304967e-4,2.5,0.004103497978419062,98679.58932660629,404.931495312936,492385.6178947491,0.9954971788458913,5970683.8850926785,60.50576340899753
Loiza,2015-2019,2,30,5,9.831685666329016e-4,2.5,0.004903789703430032,98274.65783129336,481.91825518121186,490168.49351851374,0.994084639541224,5478298.267197929,55.74477070785067
Loiza,2015-2019,2,35,5,0.0013912050964953427,2.5,0.006931916189647921,97792.73957611214,677.8910746976762,487268.9701938165,0.9926658903873602,4988129.773679416,51.00715856106221
Loiza,2015-2019,2,40,5,0.0015538347428848429,2.5,0.007739110467615203,97114.84850141447,751.5825405981595,483695.28615557693,0.9911513179434615,4500860.803485599,46.34575322866353
Loiza,2015-2019,2,45,5,0.0020033652216197907,2.5,0.009966907717378726,96363.26596081631,960.4437791766832,479415.2203561398,0.9878287969188123,4017165.5173300225,41.68772692867738
Loiza,2015-2019,2,50,5,0.00290041758226937,2.5,0.014397689630972526,95402.82218163963,1373.5802236901072,473580.1603489729,0.9829972801813033,3537750.2969738827,37.08223945658839
Loiza,2015-2019,2,55,5,0.003968139509490665,2.5,0.01964580431669136,94029.24195794952,1847.2800875527028,465528.00957086583,0.9766378351838984,3064170.13662491,32.58741719937747
Loiza,2015-2019,2,60,5,0.005505343151013139,2.5,0.02715299930813937,92181.96187039682,2503.016746889829,454652.2674847595,0.9666592793160018,2598642.127054044,28.190353886236483
Loiza,2015-2019,2,65,5,0.00810103962186889,2.5,0.03970114670315474,89678.94512350699,3560.356956532516,439493.8332262037,0.9464700120536099,2143989.8595692846,23.907393832705708
Loiza,2015-2019,2,70,5,0.01406379006959299,2.5,0.06793054793431343,86118.58816697447,5850.082881512048,415967.73363109224,0.9149767428311747,1704496.0263430807,19.792428819644027
Loiza,2015-2019,2,75,5,0.021798928720549317,2.5,0.10336170737404392,80268.50528546242,8296.689754667867,380600.8020406425,0.8638765366509873,1288528.2927119886,16.052725637901673
Loiza,2015-2019,2,80,5,0.03779528119334346,2.5,0.17266189388940414,71971.81553079456,12426.789976205822,328792.10271345824,0.6378652413417502,907927.490671346,12.615042207499563
Loiza,2015-2019,2,85,NA,0.09261130399376256,9.726007883344634,1,59545.025554588734,59545.025554588734,579135.3879578877,0,579135.3879578877,9.726007883344634
Loiza,2020-2024,1,0,1,0.01112637274037125,0.12708787951522618,0.011019349014214634,100000,1101.9349014214677,99038.107668564,0.9885616323174468,7561970.823013596,75.61970823013596
Loiza,2020-2024,1,1,4,3.715644176641243e-4,1.6197987014201713,0.0014849443886465693,98898.06509857853,146.85812681613606,395242.70849015936,0.9985018257559224,7462932.7153450325,75.46085667000878
Loiza,2020-2024,1,5,5,1.748489348072441e-4,2.5,8.738626891353128e-4,98751.2069717624,86.2949952797062,493540.29737061274,0.9989821091837904,7067690.006854873,71.57066960078632
Loiza,2020-2024,1,10,5,2.325440961764323e-4,2.5,0.0011620449141714554,98664.91197648269,114.65305916944635,493037.9272344898,0.9968308505963165,6574149.7094842605,66.63108067284593
Loiza,2020-2024,1,15,5,0.001038406530734618,2.5,0.005178588952203194,98550.25891731324,510.3512820659671,491475.4163814013,0.992467210859445,6081111.78224977,61.705690569032534
Loiza,2020-2024,1,20,5,0.0019896970941511963,2.5,0.009899244227073726,98039.90763524728,970.5209896810702,487773.23570203374,0.9887767055535706,5589636.365868369,57.013888534700996
Loiza,2020-2024,1,25,5,0.0025279930952875175,2.5,0.01256058280989707,97069.3866455662,1219.2480692675454,482298.8130546622,0.9874363762310429,5101863.130166335,52.558930332948286
Loiza,2020-2024,1,30,5,0.0025292327408758634,2.5,0.012566703410105034,95850.13857629866,1204.520263305807,476239.3922232288,0.9863476921674045,4619564.317111673,48.19569784382112
Loiza,2020-2024,1,35,5,0.002972268719684662,2.5,0.014751728346608536,94645.61831299285,1396.1864505500707,469737.6254385891,0.9835175359162688,4143324.924888444,43.777250323268824
Loiza,2020-2024,1,40,5,0.003681395380952383,2.5,0.01823911343488231,93249.43186244278,1700.7869654774258,461995.19189852034,0.9799807018777174,3673587.299449855,39.395278084578145
Loiza,2020-2024,1,45,5,0.004414703125960642,2.5,0.021832555007702682,91548.64489696536,1998.7408255936316,452746.3724208427,0.972738216190523,3211592.107551335,35.080717045739604
Loiza,2020-2024,1,50,5,0.006671898245394937,2.5,0.03281219220792564,89549.90407137173,2938.328664591143,440403.69869538076,0.9597123205517849,2758845.735130492,30.807913908335156
Loiza,2020-2024,1,55,5,0.009839587688591674,2.5,0.04801677526607354,86611.57540678058,4158.808551747978,422660.85565453296,0.9450039946978719,2318442.0364351114,26.768270009479668
Loiza,2020-2024,1,60,5,0.012866415909857485,2.5,0.062327258474163,82452.7668550326,5139.054911683517,399416.19699595426,0.9247514199568974,1895781.1807805784,22.992329464379484
Loiza,2020-2024,1,65,5,0.01863529564321925,2.5,0.08902878394229391,77313.71194334909,6883.145756381156,369360.69532579253,0.899247825164181,1496364.9837846241,19.354457911438423
Loiza,2020-2024,1,70,5,0.024092996040499564,2.5,0.11362128714900425,70430.56618696793,8002.411584796428,332146.8019728486,0.8455141398080182,1127004.2884588316,16.001636071858897
Loiza,2020-2024,1,75,5,0.04458984925415165,2.5,0.20058869688075887,62428.154602171504,12522.382180320135,280834.8175600572,0.7714389611790383,794857.486485983,12.732355962646615
Loiza,2020-2024,1,80,5,0.0607106571369597,2.5,0.26355221524173117,49905.77242185137,13152.77687512862,216646.9199214353,0.5785265261274778,514022.66892592574,10.299864003324386
Loiza,2020-2024,1,85,NA,0.10615953608206526,8.091197590314712,1,36752.99554672275,36752.99554672275,297375.74900449044,0,297375.74900449044,8.091197590314712
Loiza,2020-2024,2,0,1,0.006399157973153627,0.13587800259251653,0.00636396744042616,100000,636.3967440426059,99450.07557439429,0.9934332766524665,8496873.179104352,84.96873179104352
Loiza,2020-2024,2,1,4,1.9018086683526305e-4,1.5136458249744267,7.603639239429491e-4,99363.6032559574,75.55249926881515,397266.56275183894,0.9992208996377723,8397423.103529958,84.51206305289142
Loiza,2020-2024,2,5,5,8.914040972401962e-5,2.5,4.4560274559180755e-4,99288.05075668858,44.24302802163584,496329.64621338877,0.999504930007597,8000156.540778119,80.57522007741889
Loiza,2020-2024,2,10,5,1.0894152091512648e-4,2.5,5.445592917819444e-4,99243.80772866694,54.04413765047502,496083.9282992085,0.9988587091067914,7503826.89456473,75.610026119516
Loiza,2020-2024,2,15,5,3.479719736128921e-4,2.5,0.0017383476274276072,99189.76359101647,172.42629020355525,495517.7522295735,0.9975747759455468,7007742.966265522,70.6498605557742
Loiza,2020-2024,2,20,5,6.236300908657521e-4,2.5,0.0031132965907393235,99017.33730081291,308.270338642702,494316.01065745775,0.9964661143867061,6512225.214035948,65.76853500162223
Loiza,2020-2024,2,25,5,7.927255558890727e-4,2.5,0.0039557881435576606,98709.06696217021,390.4721567506058,492569.15441897453,0.9956192194036306,6017909.20337849,60.966123868690055
Loiza,2020-2024,2,30,5,9.638089180655027e-4,2.5,0.004807460906091159,98318.5948054196,472.6628008688713,490411.31702492584,0.9936702689903475,5525340.048959516,56.19832199488416
Loiza,2020-2024,2,35,5,0.0015780722587069472,2.5,0.007859354719399681,97845.93200455073,769.0058874740207,487307.14530406863,0.991188117058099,5034928.73193459,51.457721632212774
Loiza,2020-2024,2,40,5,0.0019639873446337442,2.5,0.009771956724819088,97076.92611707671,948.6315209945315,483013.0517828972,0.9896322059297453,4547621.586630521,46.845545780322695
Loiza,2020-2024,2,45,5,0.0022060016543389975,2.5,0.01096951137111506,96128.29459608218,1054.4804206576227,478005.27192876686,0.9866851247432815,4064608.534847624,42.28316493001928
Loiza,2020-2024,2,50,5,0.0031620507597701197,2.5,0.01568625198632236,95073.81417542456,1491.351806456485,471640.69136098155,0.9830056248381754,3586603.2629188574,37.72440702022399
Loiza,2020-2024,2,55,5,0.0036985539177949098,2.5,0.018323344891386685,93582.46236896807,1714.7437337718293,463625.45251041075,0.9744748626177985,3114962.5715578757,33.28575133315574
Loiza,2020-2024,2,60,5,0.006682061574778284,2.5,0.03286135389844151,91867.71863519624,3018.897613913621,451791.34914119716,0.9582791334023066,2651337.119047465,28.860378361803445
Loiza,2020-2024,2,65,5,0.010441931495233934,2.5,0.05088140705894318,88848.82102128262,4520.75302909108,432942.2225336854,0.944241980615052,2199545.769906268,24.756049035016392
Loiza,2020-2024,2,70,5,0.012561691284917407,2.5,0.06089606257815262,84328.06799219154,5135.247305547193,408802.2216970897,0.9198723068620579,1766603.5473725824,20.949176109858975
Loiza,2020-2024,2,75,5,0.021187055882509607,2.5,0.10060639607319628,79192.82068664435,7967.304284154161,376045.84272283636,0.8706141494164897,1357801.3256754926,17.145510336702554
Loiza,2020-2024,2,80,5,0.03511002476973471,2.5,0.16138458215627344,71225.51640249019,11494.700203480672,327390.83150374924,0.6665250796266373,981755.4829526563,13.783760828139565
Loiza,2020-2024,2,85,NA,0.07332139840329845,10.95522701830681,1,59730.81619900952,59730.81619900952,654364.6514489071,0,654364.6514489071,10.95522701830681
Luquillo,1980-1984,1,0,1,0.01905943812567284,0.11125784419212614,0.018741969292331226,100000,1874.1969292331196,98334.32218070485,0.9806728267714772,7090361.921847954,70.90361921847955
Luquillo,1980-1984,1,1,4,5.318824511348922e-4,1.596530446522206,0.002124813520963191,98125.80307076688,208.49903312014067,392002.0912050337,0.9978585183518641,6992027.59966725,71.25574905740851
Luquillo,1980-1984,1,5,5,2.45380418049557e-4,2.5,0.00122614990730567,97917.30403764674,120.06129326937662,489286.3669550602,0.9986086767461905,6600025.508462216,67.40407707635283
Luquillo,1980-1984,1,10,5,3.115823953063678e-4,2.5,0.0015566993762307945,97797.24274437736,152.2409067772678,488605.61145494366,0.9967874332503802,6110739.141507156,62.48375690385688
Luquillo,1980-1984,1,15,5,9.765816382408521e-4,2.5,0.004871015829657202,97645.0018376001,475.6303496378532,487035.93331390584,0.9929382480908561,5622133.530052212,57.57727916686157
Luquillo,1980-1984,1,20,5,0.0018612629022702408,2.5,0.009263211332329319,97169.37148796224,900.1004231226107,483596.6063820047,0.9894594692841712,5135097.596738307,52.84687466949876
Luquillo,1980-1984,1,25,5,0.002380036229038212,2.5,0.011829792806537124,96269.27106483963,1138.8455303334194,478499.2414983646,0.9866287926172819,4651500.990356302,48.31760892033145
Luquillo,1980-1984,1,30,5,0.0030086763596007195,2.5,0.014931074868056223,95130.42553450621,1420.3995058857545,472101.12890781666,0.9848127561117899,4173001.7488579373,43.86611039960379
Luquillo,1980-1984,1,35,5,0.0031135067825373633,2.5,0.015447295762366841,93710.02602862046,1447.5664879631804,464931.21392319433,0.9834075154247536,3700900.6199501203,39.493112709410724
Luquillo,1980-1984,1,40,5,0.003582936872349772,2.5,0.017755641009585238,92262.45954065728,1638.1791102653078,457216.8499276231,0.975833147844009,3235969.4060269264,35.07352201683863
Luquillo,1980-1984,1,45,5,0.006234471542074619,2.5,0.030693956218970947,90624.28043039197,2781.6176959061995,446167.35791219433,0.9584241404208176,2778752.556099303,30.662340632140502
Luquillo,1980-1984,1,50,5,0.010846838942343213,2.5,0.05280234829245173,87842.66273448577,4638.298872642685,427617.5664908221,0.9464680459174131,2332585.1981871086,26.554126725843993
Luquillo,1980-1984,1,55,5,0.011163549299173585,2.5,0.0543022323754224,83204.36386184309,4518.182701075013,404726.3625565279,0.9366074473075069,1904967.6316962866,22.8950447221662
Luquillo,1980-1984,1,60,5,0.01515413081395634,2.5,0.07300484176440669,78686.18116076807,5744.472204687307,379069.7252921221,0.9071029692048782,1500241.2691397588,19.06613393874756
Luquillo,1980-1984,1,65,5,0.02425819587315498,2.5,0.11435581496890027,72941.70895608077,8341.308572896945,343855.2733481615,0.8524357951085811,1121171.5438476366,15.370787988018073
Luquillo,1980-1984,1,70,5,0.04078604662417302,2.5,0.18506051603284251,64600.40038318382,11954.983430840235,293114.54333881853,0.7655566959743971,777316.2704994751,12.032685028091851
Luquillo,1980-1984,1,75,5,0.06921926914716751,2.5,0.29504018141871047,52645.416952343585,15532.513368483109,224395.80134051017,0.6559038272431957,484201.7271606566,9.197414612538303
Luquillo,1980-1984,1,80,5,0.10431285367418014,2.5,0.41368310529548086,37112.903583860476,15352.981201103175,147182.06491654445,0.4334922713870934,259805.92582014643,7.000420358732855
Luquillo,1980-1984,1,85,NA,0.20745491176623404,5.175747363549689,1,21759.9223827573,21759.9223827573,112623.86090360196,0,112623.86090360196,5.175747363549689
Luquillo,1980-1984,2,0,1,0.01301151164707325,0.12228783045711974,0.012864593332728314,100000,1286.4593332728255,98870.85898756442,0.9867851320239843,7985655.282816494,79.85655282816494
Luquillo,1980-1984,2,1,4,3.374864313998633e-4,1.503069306647651,0.001348809110828857,98713.54066672717,133.14572301346925,394521.7070244278,0.9986553173067471,7886784.42382893,79.89566953591489
Luquillo,1980-1984,2,5,5,1.4033280982655056e-4,2.5,7.014179692465348e-4,98580.3949437137,69.14606042893138,492729.10956749617,0.9992001149670017,7492262.716804502,76.0015490005122
Luquillo,1980-1984,2,10,5,1.7976499470155366e-4,2.5,8.984212117968223e-4,98511.24888328477,88.50459559733281,492334.98292743054,0.9982061387995,6999533.607237006,71.05314049494986
Luquillo,1980-1984,2,15,5,5.38745920902867e-4,2.5,0.0026901063948967215,98422.74428768744,264.767653811592,491451.8023039082,0.9961576819238339,6507198.624309575,66.11478547366228
Luquillo,1980-1984,2,20,5,0.0010020314330516557,2.5,0.004997637690117027,98157.97663387585,490.55800361110596,489563.4881603515,0.9945447568799863,6015746.822005667,61.28637761599437
Luquillo,1980-1984,2,25,5,0.0011865386718801583,2.5,0.005915146982788458,97667.41863026474,577.7171366275434,486892.80030975485,0.9934975006878658,5526183.333845315,56.58164627822861
Luquillo,1980-1984,2,30,5,0.0014237187833831654,2.5,0.00709334658997285,97089.7014936372,688.6909030113748,483726.78021065757,0.9915567346611882,5039290.533535561,51.90345068540366
Luquillo,1980-1984,2,35,5,0.001970222463174632,2.5,0.009802827936365999,96401.01059062582,945.0025197117066,479642.5466538499,0.9896148552774757,4555563.753324903,47.25639000477338
Luquillo,1980-1984,2,40,5,0.0022067528737962556,2.5,0.01097322637190374,95456.00807091412,1047.4603851204156,474661.38939176954,0.9856046621098259,4075921.2066710526,42.699472658054766
Luquillo,1980-1984,2,45,5,0.003603252316878428,2.5,0.017855417646879763,94408.5476857937,1685.704048365209,467828.4783080555,0.9787563825861059,3601259.817279283,38.14548476335887
Luquillo,1980-1984,2,50,5,0.00500042169405583,2.5,0.02469341475319862,92722.8436374285,2289.6436350350123,457890.1090995549,0.9700232875738063,3133431.338971228,33.79352073393905
Luquillo,1980-1984,2,55,5,0.007206283978919243,2.5,0.035393775894147585,90433.20000239348,3200.772414275343,444164.06897627906,0.9531957184642278,2675541.2298716726,29.585829427697565
Luquillo,1980-1984,2,60,5,0.012080864834289351,2.5,0.05863346670633419,87232.42758811814,5114.73963870063,423375.28884383914,0.9322541246474908,2231377.1608953937,25.579675157399013
Luquillo,1980-1984,2,65,5,0.016108789341525067,2.5,0.07742585474830542,82117.68794941751,6358.032179438262,394693.35929849185,0.8998714665359467,1808001.8720515545,22.017203810770216
Luquillo,1980-1984,2,70,5,0.02660671544155451,2.5,0.1247365054439686,75759.65576997925,9449.994714385219,355173.2920639332,0.8669631523890701,1413308.5127530626,18.655160169208486
Luquillo,1980-1984,2,75,5,0.030691066315211114,2.5,0.14252009719072814,66309.66105559403,9450.459338327499,307922.1569321514,0.8310121226097231,1058135.2206891296,15.957481969361732
Luquillo,1980-1984,2,80,5,0.044408599630298334,2.5,0.19985481679356187,56859.20171726653,11363.58534223248,255887.04523075142,0.658914170396741,750213.0637569781,13.19422434890006
Luquillo,1980-1984,2,85,NA,0.14617831718821012,10.865354904774751,1,45495.61637503405,45495.61637503405,494326.0185262267,0,494326.0185262267,10.865354904774751
Luquillo,1985-1989,1,0,1,0.017859133862940288,0.11365299133319581,0.017580839893898224,100000,1758.0839893898228,98441.72751501933,0.9817371765641428,7066280.685545715,70.66280685545715
Luquillo,1985-1989,1,1,4,5.742150622323401e-4,1.6000289293996848,0.002293699302980391,98241.91601061018,225.33741427698988,392426.86076705204,0.9977087434133934,6967838.958030695,70.92531620900151
Luquillo,1985-1989,1,5,5,2.768880615684121e-4,2.5,0.0013834826332807038,98016.57859633319,135.60423426162743,489743.88239601185,0.9984732770707907,6575412.0972636435,67.0846931348574
Luquillo,1985-1989,1,10,5,3.343115111649147e-4,2.5,0.0016701616701449839,97880.97436207156,163.47705161597696,488996.17918131786,0.9967193692468902,6085668.214867632,62.17416872410907
Luquillo,1985-1989,1,15,5,9.811596124774029e-4,2.5,0.0048937940796302285,97717.49731045558,478.2093098141777,487391.96327774244,0.9923059071484971,5596672.035686313,57.27400096939937
Luquillo,1985-1989,1,20,5,0.0021127330927095,2.5,0.010508163103715478,97239.2880006414,1021.8062983999116,483641.9242572072,0.9893825541953094,5109280.072408571,52.54337189691135
Luquillo,1985-1989,1,25,5,0.0021571486379225713,2.5,0.010727889061421284,96217.4817022415,1032.2104694709851,478506.88233753,0.9866479758949847,4625638.148151364,48.07482035817619
Luquillo,1985-1989,1,30,5,0.0032267445754354885,2.5,0.016004615858667727,95185.27123277051,1523.4037014835776,472117.84691014356,0.9809230041558505,4147131.265813834,43.56904395084661
Luquillo,1985-1989,1,35,5,0.004489703823404872,2.5,0.02219934787445181,93661.86753128693,2079.232379897876,463111.25670668995,0.9771940195917399,3675013.4189036903,39.23702906816463
Luquillo,1985-1989,1,40,5,0.004740807093594979,2.5,0.0234263855312157,91582.63515138905,2145.4501190211013,452549.5504593925,0.9729631272469239,3211902.1621970003,35.071082600840455
Luquillo,1985-1989,1,45,5,0.0062427257904646705,2.5,0.030733969590803687,89437.18503236795,2748.759725071868,440314.0258491601,0.9642666535224239,2759352.611737608,30.852408992288595
Luquillo,1985-1989,1,50,5,0.008348948676340923,2.5,0.04089124609432181,86688.42530729609,3544.79773276989,424580.1322045557,0.9492873973240342,2319038.5858884477,26.751421284535283
Luquillo,1985-1989,1,55,5,0.012573739446760076,2.5,0.06095268915380221,83143.6275745262,5067.827686669596,403048.568655957,0.9311531643278086,1894458.4536838923,22.785371638804012
Luquillo,1985-1989,1,60,5,0.016071464282591562,2.5,0.07725338391231745,78075.7998878566,6031.619742997864,375299.95008178835,0.905677110042636,1491409.8850279353,19.102076279335044
Luquillo,1985-1989,1,65,5,0.023913259438934558,2.5,0.11282147423548239,72044.18014485874,8128.130614029622,339900.5741892196,0.8401721169149631,1116109.9349461468,15.492020767007027
Luquillo,1985-1989,1,70,5,0.04763059019623548,2.5,0.21281204296317124,63916.049530829114,13602.105078790984,285574.9849571681,0.7625752641132919,776209.3607569272,12.144201127175926
Luquillo,1985-1989,1,75,5,0.06207820576699792,2.5,0.268691338358861,50313.94445203813,13518.921072931516,217772.41957786185,0.6789709116335334,490634.3757997591,9.751459185782132
Luquillo,1985-1989,1,80,5,0.0976970124095558,2.5,0.39259633863006094,36795.02337910661,14445.59145844475,147861.1382494212,0.4581100997121881,272861.9562218973,7.4157299320221925
Luquillo,1985-1989,1,85,NA,0.16425316795334988,5.593019921768742,1,22349.431920661864,22349.431920661864,125000.81797247606,0,125000.81797247606,5.593019921768742
Luquillo,1985-1989,2,0,1,0.014383767761398825,0.11946747363302983,0.014203870410998897,100000,1420.3870410998934,98749.30301028141,0.985541699435485,7673350.965156242,76.73350965156243
Luquillo,1985-1989,2,1,4,3.0151741952235203e-4,1.5008903028413048,0.0012051615585970254,98579.6129589001,118.80435999944166,394021.54670746106,0.9986944250297459,7574601.662145961,76.83740516717154
Luquillo,1985-1989,2,5,5,1.4349335411558645e-4,2.5,7.172094835919219e-4,98460.80859890066,70.61702568926557,492127.50043028017,0.9991831979087772,7180580.1154384995,72.92830739071009
Luquillo,1985-1989,2,10,5,1.8337726530733017e-4,2.5,9.164661788825754e-4,98390.1915732114,90.1712829106109,491725.52965878043,0.9982404199410797,6688452.615008219,67.97885549426329
Luquillo,1985-1989,2,15,5,5.213721543068376e-4,2.5,0.0026034673331038686,98300.02029030079,255.9208916692587,490860.2992223308,0.9958493547489268,6196727.085349439,63.0389196975666
Luquillo,1985-1989,2,20,5,0.0011436327600067781,2.5,0.005701861710421226,98044.09939863153,559.0338962937822,488822.91225242324,0.9937973301331772,5705866.786127108,58.196942203813535
Luquillo,1985-1989,2,25,5,0.001345782632101787,2.5,0.006706349937332786,97485.06550233775,653.7689629224769,485790.90510438255,0.9933383996823969,5217043.873874685,53.51633962588431
Luquillo,1985-1989,2,30,5,0.001327702115775606,2.5,0.006616548565055639,96831.29653941527,640.6889761703496,482554.7602566505,0.9920062749181386,4731252.968770303,48.86078300980347
Luquillo,1985-1989,2,35,5,0.001884854929091237,2.5,0.00938007444656655,96190.60756324492,902.2750600037107,478697.3501662153,0.988275268042422,4248698.208513652,44.16957451609972
Luquillo,1985-1989,2,40,5,0.0028383163523824444,2.5,0.014091590780553406,95288.33250324121,1342.7641877969872,473084.7520467136,0.9864245934253809,3770000.858347437,39.56413927402078
Luquillo,1985-1989,2,45,5,0.0026275158737323777,2.5,0.013051844546841109,93945.56831544422,1226.1629535178072,466662.4341934266,0.9811209468021304,3296916.1063007233,35.09389708762585
Luquillo,1985-1989,2,50,5,0.005018856667432417,2.5,0.024783323466608283,92719.40536192642,2297.8950147162104,457852.2892728416,0.9700637314718713,2830253.6721072965,30.524933384327873
Luquillo,1985-1989,2,55,5,0.007170302855530201,2.5,0.03522016613315891,90421.5103472102,3184.6606164398836,444145.90019495133,0.9552054225691717,2372401.382834455,26.237135098989764
Luquillo,1985-1989,2,60,5,0.011251535913493866,2.5,0.05471851132908891,87236.84973077032,4773.470550307189,424250.57227808365,0.9375392447895864,1928255.4826395034,22.103680825138348
Luquillo,1985-1989,2,65,5,0.014647670747642774,2.5,0.07065116618758213,82463.37918046313,5826.133906868505,397751.5611351444,0.8883011461142984,1504004.91036142,18.238458395817744
Luquillo,1985-1989,2,70,5,0.03380820900435235,2.5,0.1558670781355046,76637.24527359463,11945.2234971492,353323.1676251002,0.8399578855016718,1106253.3492262755,14.434931021815252
Luquillo,1985-1989,2,75,5,0.035964465976691895,2.5,0.16498806110778155,64692.02177644543,10673.411242038106,296776.5807771319,0.7638232873678159,752930.1816011753,11.638686826067316
Luquillo,1985-1989,2,80,5,0.07659653750253927,2.5,0.3214313637439347,54018.61053440732,17363.27565162703,226684.86354296905,0.5030514652663886,456153.6008240434,8.44437863749744
Luquillo,1985-1989,2,85,NA,0.18007047820913388,6.260172987503456,1,36655.33488278029,36655.33488278029,229468.73728107434,0,229468.73728107434,6.260172987503456
Luquillo,1990-1994,1,0,1,0.01778472564109029,0.11380146921948639,0.01750877340489461,100000,1750.87734048946,98448.37507328135,0.981906085928995,6995152.25326935,69.9515225326935
Luquillo,1990-1994,1,1,4,5.221521525047255e-4,1.6002460657310527,0.002085994782038005,98249.12265951054,204.9471572075563,392504.6678912161,0.9978236109651492,6896703.878196069,70.1960861482407
Luquillo,1990-1994,1,5,5,2.7462746027914005e-4,2.5,0.0013721951951920432,98044.17550230298,134.5357465408306,489884.53814516286,0.9985555162336791,6504199.210304853,66.33947582283533
Luquillo,1990-1994,1,10,5,3.0360459816264796e-4,2.5,0.001516871667780338,97909.63975576215,148.51635854809138,489176.90788244054,0.9960893681729153,6014314.67215969,61.427196414597546
Luquillo,1990-1994,1,15,5,0.0012655974182151982,2.5,0.006308028529523508,97761.12339721406,616.6799554678873,487263.9170974006,0.99175199912022,5525137.76427725,56.51671720084491
Luquillo,1990-1994,1,20,5,0.0020505155880711735,2.5,0.01020028831487469,97144.44344174617,990.9013312938623,483244.9638804962,0.9884574454025068,5037873.847179849,51.859619229800515
Luquillo,1990-1994,1,25,5,0.00259647621945024,2.5,0.012898653479693815,96153.54211045231,1240.2512205278617,477667.08250094193,0.985251528586741,4554628.883299353,47.36829016727658
Luquillo,1990-1994,1,30,5,0.003352354449620711,2.5,0.01662246129290625,94913.29088992445,1577.6925040001224,470622.223189622,0.9787589287186141,4076961.8007984105,42.95459321420707
Luquillo,1990-1994,1,35,5,0.005255710994808694,2.5,0.02593775165762448,93335.59838592433,2420.9155717498797,460625.70300024695,0.9699944394724557,3606339.577608789,38.63841492393164
Luquillo,1990-1994,1,40,5,0.006955208134881913,2.5,0.03418168877483277,90914.68281417445,3107.6173930167424,446804.3705883304,0.970132978902751,3145713.874608542,34.60072429706696
Luquillo,1990-1994,1,45,5,0.0051452743207053495,2.5,0.025399651171211478,87807.0654211577,2230.2688320651505,433459.65502562566,0.9608399875089523,2698909.5040202113,30.736814754885213
Luquillo,1990-1994,1,50,5,0.010947432259750445,2.5,0.05327899093833891,85576.79658909256,4559.44537000233,416485.36952045694,0.9407145786443145,2265449.8489945857,26.472711521002825
Luquillo,1990-1994,1,55,5,0.013571317562572785,2.5,0.0656298780222807,81017.35121909023,5317.158878197166,391793.85889995826,0.9143527468788969,1848964.479474129,22.821833245005607
Luquillo,1990-1994,1,60,5,0.02262538583329523,2.5,0.10707064266234033,75700.19234089306,8105.2682436022005,358237.7910954598,0.8846090285435488,1457170.6205741705,19.249232736585935
Luquillo,1990-1994,1,65,5,0.026600455105039354,2.5,0.12470898606280052,67594.92409729086,8429.694447165108,316900.3843685415,0.8455093104249808,1098932.829478711,16.257623544291473
Luquillo,1990-1994,1,70,5,0.041626768967544275,2.5,0.18851560590342514,59165.22965012575,11153.569115908751,267942.22546085686,0.7830081851235542,782032.4451101694,13.217770804486468
Luquillo,1990-1994,1,75,5,0.05768772005353502,2.5,0.2520833202463347,48011.660534217,12102.938798005329,209800.9556760717,0.7054379602453016,514090.2196493125,10.707611732839986
Luquillo,1990-1994,1,80,5,0.08524788746473591,2.5,0.3513580982706744,35908.72173621167,12616.82018056616,148001.55822964295,0.5136155765171583,304289.2639732408,8.473965356065134
Luquillo,1990-1994,1,85,NA,0.1709651464119774,6.709959054661928,1,23291.901555645512,23291.901555645512,156287.70574359785,0,156287.70574359785,6.709959054661928
Luquillo,1990-1994,2,0,1,0.009225469462799509,0.13006916937719204,0.009152019742454588,100000,915.2019742454577,99203.83758635701,0.9905311356072802,7824743.932665755,78.24743932665756
Luquillo,1990-1994,2,1,4,2.812456704001765e-4,1.5091096638790265,0.0011241951243202866,99084.79802575454,111.3906468348141,396061.73021728307,0.9988614968277755,7725540.095079399,77.96897454512995
Luquillo,1990-1994,2,5,5,1.3368097086641472e-4,2.5,6.681815464374668e-4,98973.40737891973,66.13220439862926,494701.70638360205,0.9992187140791933,7329478.364862115,74.05502709228959
Luquillo,1990-1994,2,10,5,1.7897322671852578e-4,2.5,8.944659199629152e-4,98907.2751745211,88.46918688000005,494315.2029054055,0.9981103023983582,6834776.658478513,69.10287080923626
Luquillo,1990-1994,2,15,5,5.779980554773667e-4,2.5,0.002885820281109487,98818.8059876411,285.17331447415927,493381.09665202006,0.9961974830153069,6340461.455573108,64.16249814196385
Luquillo,1990-1994,2,20,5,9.466082322810348e-4,2.5,0.0047218667665228625,98533.63267316694,465.26268550420355,491505.0066520742,0.9945300242307735,5847080.358921087,59.34096003864665
Luquillo,1990-1994,2,25,5,0.001248209752510614,2.5,0.0062216340019585785,98068.36998766274,610.145505231907,488816.4861752339,0.99312775447114,5355575.352269013,54.61062881888176
Luquillo,1990-1994,2,30,5,0.0015110729231734318,2.5,0.00752693026457363,97458.22448243083,733.5612593884143,485457.2192636831,0.9913608810481866,4866758.86609378,49.93687184370088
Luquillo,1990-1994,2,35,5,0.0019615204661857745,2.5,0.00975974249431064,96724.66322304241,944.0078059058142,481263.29660044756,0.9888338431844865,4381301.646830097,45.29663377299155
Luquillo,1990-1994,2,40,5,0.0025332286888083678,2.5,0.01258643266326102,95780.6554171366,1205.5367698507907,475889.435161056,0.9860948977658077,3900038.350229649,40.718434565356645
Luquillo,1990-1994,2,45,5,0.003071522032748524,2.5,0.015240580715096866,94575.11864728581,1441.3797293838288,469272.1439129695,0.9817183040045404,3424148.915068593,36.20559999336424
Luquillo,1990-1994,2,50,5,0.004320135774320479,2.5,0.021369876946874845,93133.73891790198,1990.2565402779292,460693.05323881505,0.971907175164208,2954876.7711556233,31.72724305378062
Luquillo,1990-1994,2,55,5,0.007116928793974228,2.5,0.034962578515499776,91143.48237762405,3186.61115880376,447750.88399111084,0.9517795437519906,2494183.7179168086,27.36546435194292
Luquillo,1990-1994,2,60,5,0.012787891676311397,2.5,0.06195865689945698,87956.87121882029,5449.689605796593,426160.13207960996,0.9248247226135152,2046432.8339256975,23.266321386473084
Luquillo,1990-1994,2,65,5,0.018687021287064762,2.5,0.08926487011524709,82507.1816130237,7364.992850261668,394123.4259394643,0.8965704181574737,1620272.7018460876,19.637959631750757
Luquillo,1990-1994,2,70,5,0.025301762126576605,2.5,0.11898263482410118,75142.18876276203,8940.615605443396,353359.40480020165,0.8510864526003472,1226149.2759066233,16.317721057844167
Luquillo,1990-1994,2,75,5,0.04025872662947212,2.5,0.18288667183355767,66201.57315731863,12107.385384887799,300739.4023243737,0.7840985880971274,872789.8711064216,13.1838237292694
Luquillo,1990-1994,2,80,5,0.058795971363190584,2.5,0.2563055259116332,54094.187772430836,13864.639245775521,235809.34074771538,0.5877822786339519,572050.4687820479,10.575081951292262
Luquillo,1990-1994,2,85,NA,0.14237368579711374,8.358063670825082,1,40229.548526655315,40229.548526655315,336241.12803433253,0,336241.12803433253,8.358063670825082
Luquillo,1995-1999,1,0,1,0.019174052985269755,0.11102913597054347,0.01885270533401101,100000,1885.2705334011116,98324.04942499314,0.9805621761142702,6959676.195933067,69.59676195933068
Luquillo,1995-1999,1,1,4,5.32674429887925e-4,1.5961967988286248,0.00212797296826887,98114.72946659889,208.78549209392804,391957.038632142,0.9978280546043857,6861352.146508074,69.9319274874409
Luquillo,1995-1999,1,5,5,2.5632475096036604e-4,2.5,0.0012808030010261619,97905.94397450496,125.39822686085245,489216.2243053727,0.9985059729685337,6469395.107875932,66.07765417757051
Luquillo,1995-1999,1,10,5,3.417967151578723e-4,2.5,0.0017075245101178368,97780.54574764411,166.96267847678973,488485.3220420286,0.9966512420986311,5980178.883570559,61.15918905795884
Luquillo,1995-1999,1,15,5,0.0010010587487844095,2.5,0.004992798532292873,97613.58306916732,487.36495427959017,486849.5029601376,0.9928445698968923,5491693.561528531,56.259522382629996
Luquillo,1995-1999,1,20,5,0.0018745263346225,2.5,0.009328913438328599,97126.21811488773,906.0820813860046,483365.8853709736,0.9882620708359482,5004844.058568393,51.52927969097192
Luquillo,1995-1999,1,25,5,0.002854147107570633,2.5,0.014169630016535562,96220.13603350172,1363.403727735451,477692.17084816995,0.9849297464371176,4521478.173197419,46.990976728853724
Luquillo,1995-1999,1,30,5,0.003222518488312306,2.5,0.01598382203649528,94856.73230576627,1516.1731281388347,470493.22870848427,0.9810575284006411,4043786.0023492496,42.63045863011909
Luquillo,1995-1999,1,35,5,0.004438547205819929,2.5,0.02194917985184602,93340.55917762744,2048.748720861622,461580.92408598313,0.9768054570632874,3573292.7736407653,38.28231590985839
Luquillo,1995-1999,1,40,5,0.004954179907444548,2.5,0.02446785415859574,91291.81045676582,2233.7147041303106,450874.7655235033,0.967444017068871,3111711.8495547823,34.08533398544477
Luquillo,1995-1999,1,45,5,0.008339721082209857,2.5,0.040846974475602614,89058.0957526355,3637.7537640536757,436196.0943530433,0.9503818750948564,2660837.084031279,29.87754298522082
Luquillo,1995-1999,1,50,5,0.012108321066938538,2.5,0.05876280797044032,85420.34198858183,5019.539153044374,414552.8620602982,0.9429863646738096,2224640.9896782357,26.043456838133526
Luquillo,1995-1999,1,55,5,0.011343889439205038,2.5,0.05515525928765069,80400.80283553746,4434.527127329362,390917.69635936385,0.9265676480695915,1810088.1276179375,22.513309118573524
Luquillo,1995-1999,1,60,5,0.019457889956032953,2.5,0.09277636884156598,75966.2757082081,7047.875214624801,362211.69050447847,0.8828124424990799,1419170.4312585737,18.681584927365783
Luquillo,1995-1999,1,65,5,0.031056577506681154,2.5,0.144095133341051,68918.40049358329,9930.806108774828,319764.9871959794,0.8247703772154122,1056958.7407540951,15.3363794456098
Luquillo,1995-1999,1,70,5,0.04732865375081089,2.5,0.21160573262617696,58987.594384808464,12482.113125653166,263732.6891099094,0.765087387632876,737193.7535581158,12.497437151767814
Luquillo,1995-1999,1,75,5,0.06095563977381489,2.5,0.2644750796572315,46505.4812591553,12299.540860512985,201778.55414449403,0.6886990520937711,473461.0644482064,10.180758302657035
Luquillo,1995-1999,1,80,5,0.09229683008191782,2.5,0.3749641453777376,34205.94039864231,12826.001208418744,138964.6989721647,0.4885033312714283,271682.51030371233,7.9425534611086395
Luquillo,1995-1999,1,85,NA,0.19050239297662552,6.207586006242509,1,21379.93919022357,21379.93919022357,132717.81133154762,0,132717.81133154762,6.207586006242509
Luquillo,1995-1999,2,0,1,0.011178415477667398,0.12605533802121452,0.011070266539702178,100000,1107.026653970228,99032.51996509449,0.9886686748352154,7789273.452478708,77.89273452478707
Luquillo,1995-1999,2,1,4,2.739420180556777e-4,1.5059886763399046,0.001095019938728195,98892.97334602977,108.28977761400165,395301.81745251315,0.998842904326256,7690240.932513613,77.76326944488974
Luquillo,1995-1999,2,5,5,1.3048588999562639e-4,2.5,6.522166872908541e-4,98784.68356841577,64.42901907207852,493762.34529439866,0.9992753213290484,7294939.115061101,73.84686422575632
Luquillo,1995-1999,2,10,5,1.595011654775741e-4,2.5,7.971879463714931e-4,98720.25454934369,78.69859698945947,493404.5262542448,0.9982427030536913,6801176.769766701,68.89342821099844
Luquillo,1995-1999,2,15,5,5.443742402359439e-4,2.5,0.002718171944212316,98641.55595235423,268.1247099231405,492537.46798696334,0.9961426241492959,6307772.243512457,63.94639847894565
Luquillo,1995-1999,2,20,5,0.0010024428990762421,2.5,0.004999684749195085,98373.43124243109,491.83614390877483,490637.5658523835,0.9946161349501081,5815234.775525494,59.11387558694026
Luquillo,1995-1999,2,25,5,0.0011573340512299882,2.5,0.005769975782530206,97881.59509852232,564.7744332739094,487996.03940942686,0.9938286424907679,5324597.20967311,54.39834939667318
Luquillo,1995-1999,2,30,5,0.0013193511400281016,2.5,0.006575068639377694,97316.82066524841,639.8647756400169,484984.44138714194,0.9919434480227588,4836601.170263683,49.699539475304924
Luquillo,1995-1999,2,35,5,0.0019187279825903813,2.5,0.009547840640426656,96676.95588960839,923.0561684355489,481077.13902695314,0.9888803355144812,4351616.728876541,45.011933700575774
Luquillo,1995-1999,2,40,5,0.002557577212111506,2.5,0.012706640524934863,95753.89972117284,1216.7103826176026,475727.72264932015,0.9845247046102622,3870539.589849588,40.421743669137946
Luquillo,1995-1999,2,45,5,0.0036896392002896683,2.5,0.018279583333368942,94537.18933855524,1728.1004306165996,468365.6956162347,0.9789573845663252,3394811.867200268,35.90980323143325
Luquillo,1995-1999,2,50,5,0.004829022230905903,2.5,0.023857095048642692,92809.08890793864,2214.1552554546215,458510.05640105664,0.9716459515914849,2926446.1715840334,31.53189203793286
Luquillo,1995-1999,2,55,5,0.006702644231505276,2.5,0.032960908056894576,90594.93365248402,2986.091278539985,445509.4400660701,0.9581027517351182,2467936.1151829767,27.24143631088479
Luquillo,1995-1999,2,60,5,0.01049600896796892,2.5,0.05113817790510077,87608.84237394403,4480.156567378683,426843.82045127347,0.929587589192382,2022426.6751169066,23.08473232056313
Luquillo,1995-1999,2,65,5,0.01900730556270538,2.5,0.09072541366399109,83128.68580656535,7541.884407144578,396788.7180149653,0.8843528468200972,1595582.854665633,19.194130632336027
Luquillo,1995-1999,2,70,5,0.030815251861567763,2.5,0.14305552892296167,75586.80139942077,10813.109853789014,350901.23236263136,0.8399078533241338,1198794.1366506678,15.859834183429996
Luquillo,1995-1999,2,75,5,0.03955387091250112,2.5,0.17997280210677444,64773.69154563176,11657.50277026723,294724.70080249076,0.7847514666516138,847892.9042880365,13.090081544769038
Luquillo,1995-1999,2,80,5,0.05931246312345782,2.5,0.25826629096940196,53116.18877536453,13718.121065443978,231285.6412132127,0.5818891256658135,553168.2034855457,10.414305247407116
Luquillo,1995-1999,2,85,NA,0.1292248887614456,8.170008860390938,1,39398.06770992055,39398.06770992055,321882.562272333,0,321882.562272333,8.170008860390938
Luquillo,2000-2004,1,0,1,0.012611941713300533,0.12412350090819446,0.012474146017472805,100000,1247.4146017472813,98907.4188657056,0.9869813004034937,7207157.667959996,72.07157667959996
Luquillo,2000-2004,1,1,4,4.539297436985688e-4,1.6154153980493544,0.0018137557041751275,98752.58539825272,179.11306506811525,394583.23133604124,0.9981945126831452,7108250.24909429,71.98039646686617
Luquillo,2000-2004,1,5,5,2.173794229540893e-4,2.5,0.0010863067629272559,98573.4723331846,107.08102964074351,492599.6590918212,0.9987939244055817,6713667.017758248,68.10825325363021
Luquillo,2000-2004,1,10,5,2.6537087214558596e-4,2.5,0.0013259746730893281,98466.39130354386,130.5639410190197,492005.54666517174,0.9972550761208254,6221067.358666427,63.17960144887048
Luquillo,2000-2004,1,15,5,8.348903900925288e-4,2.5,0.004165757074091098,98335.82736252484,409.6431684720301,490655.02889144415,0.9921649626605,5729061.812001255,58.26016789262877
Luquillo,2000-2004,1,20,5,0.0023172805251480432,2.5,0.011519666876467638,97926.18419405281,1128.0770203991124,486810.72841926623,0.9881368133446158,5238406.783109812,53.49342289013593
Luquillo,2000-2004,1,25,5,0.0024571436912541296,2.5,0.012210709784985863,96798.1071736537,1181.9735944334388,481035.6018821849,0.9884845623767198,4751596.054690545,49.08769596254899
Luquillo,2000-2004,1,30,5,0.0021740666873854447,2.5,0.010811570747426497,95616.13357922026,1033.7605927871045,475496.26641413354,0.9871396204278713,4270560.452808361,44.66359695741199
Luquillo,2000-2004,1,35,5,0.003008779183818649,2.5,0.014931581341290323,94582.37298643315,1412.264395699196,469381.20394291775,0.9787900172593861,3795064.1863942267,40.12443404162199
Luquillo,2000-2004,1,40,5,0.005593859577519558,2.5,0.02758355160182313,93170.10859073396,2569.9624980599765,459425.6367085199,0.9692758837599645,3325682.982451309,35.69474193767397
Luquillo,2000-2004,1,45,5,0.006908030036320174,2.5,0.03395376609158375,90600.14609267398,3076.2161682939623,445310.190042635,0.9616588029948221,2866257.345742789,31.6363435309577
Luquillo,2000-2004,1,50,5,0.008764489795656144,2.5,0.04288283358487214,87523.92992438002,3753.274121641196,428236.46431779716,0.948836618695131,2420947.155700154,27.660402792605787
Luquillo,2000-2004,1,55,5,0.012331799274761145,2.5,0.0598149320350805,83770.65580273882,5010.736083374941,406326.4388052568,0.931783204044845,1992710.6913823572,23.787693581804415
Luquillo,2000-2004,1,60,5,0.016049783943713425,2.5,0.077153189657153,78759.91971936388,6076.579023490223,378608.15103809384,0.9089048653161461,1586384.2525771004,20.142024753576184
Luquillo,2000-2004,1,65,5,0.022431687526214772,2.5,0.10620267460320543,72683.34069587366,7719.165180997792,344118.7905268738,0.8651768417081264,1207776.1015390065,16.616959126750398
Luquillo,2000-2004,1,70,5,0.036405939539884934,2.5,0.16684438153279374,64964.17551487587,10838.907685567334,297723.60836046096,0.7820429459465604,863657.3110121327,13.294362687853516
Luquillo,2000-2004,1,75,5,0.06492850852331668,2.5,0.2793053440819942,54125.267829308534,15117.476554595109,232832.64776005488,0.6966248504092287,565933.7026516717,10.455998193605645
Luquillo,2000-2004,1,80,5,0.08099273415217285,2.5,0.3367732125722672,39007.791274713425,13136.779182933693,162197.0084162329,0.5130696644926329,333101.05489161686,8.539346730650388
Luquillo,2000-2004,1,85,NA,0.17797681906417226,6.606005434541432,1,25871.012091779732,25871.012091779732,170904.046475384,0,170904.046475384,6.606005434541432
Luquillo,2000-2004,2,0,1,0.007904632055764626,0.13278384687474865,0.00785081452901253,100000,785.0814529012423,99319.164682525,0.9918429885615553,8053269.174284185,80.53269174284185
Luquillo,2000-2004,2,1,4,2.607200600709382e-4,1.5112267247612967,0.0010422039821364564,99214.91854709876,103.40218319713313,396602.32959825266,0.9989841841868664,7953950.00960166,80.16889119175968
Luquillo,2000-2004,2,5,5,1.1291677822463823e-4,2.5,5.644245586164165e-4,99111.51636390162,55.940973877499346,495417.7293848144,0.9993562997566363,7557347.680003407,76.25095404912948
Luquillo,2000-2004,2,10,5,1.4465643450291423e-4,2.5,7.230206985237706e-4,99055.57539002413,71.61923131118238,495098.8288718427,0.9984973671279012,7061929.950618593,71.29260440730123
Luquillo,2000-2004,2,15,5,4.570835430937297e-4,2.5,0.0022828091292561308,98983.95615871294,225.9614787689934,494354.8770966422,0.9967537895922769,6566831.121746751,66.34237887216143
Luquillo,2000-2004,2,20,5,8.441408789021598e-4,2.5,0.004211815979404228,98757.99467994395,415.9505000869103,492750.0971495024,0.9952461138719576,6072476.244650108,61.48845229522794
Luquillo,2000-2004,2,25,5,0.0010624644071213717,2.5,0.005298249033062623,98342.04417985704,521.0406404853275,490407.6192980719,0.9943318790668539,5579726.147500605,56.7379516465601
Luquillo,2000-2004,2,30,5,0.001211651754812207,2.5,0.00603996294480834,97821.00353937171,590.8352366017789,487627.92960535415,0.9927743238920446,5089318.528202534,52.02684846873553
Luquillo,2000-2004,2,35,5,0.0016908361225430278,2.5,0.008418594453706721,97230.16830276993,818.5413556066633,484104.488124833,0.9911855520332283,4601690.598597179,47.32780657406395
Luquillo,2000-2004,2,40,5,0.0018512609071042207,2.5,0.009213662303437072,96411.62694716327,888.3041728161334,479837.374303776,0.9886750438975931,4117586.1104723467,42.70839774054346
Luquillo,2000-2004,2,45,5,0.0027094054314330917,2.5,0.013455883547246358,95523.32277434714,1285.3507072976354,474403.23710349156,0.9838110408998074,3637748.7361685704,38.08230943517273
Luquillo,2000-2004,2,50,5,0.003828152004880281,2.5,0.018959312201859653,94237.9720670495,1786.6871336893237,466723.1425010242,0.9764325729794398,3163345.499065079,33.56763128152191
Luquillo,2000-2004,2,55,5,0.005733953329987639,2.5,0.028264596950426553,92451.28493336018,2613.09830619047,455723.67890132475,0.9602956452179376,2696622.3565640547,29.16803545248514
Luquillo,2000-2004,2,60,5,0.010567358743498442,2.5,0.051476857662717354,89838.1866271697,4624.587545683447,437629.4642716399,0.9439331218375749,2240898.67766273,24.943721170180172
Luquillo,2000-2004,2,65,5,0.012563805895892998,2.5,0.0609060015267717,85213.59908148626,5190.0195957587275,413092.9464180345,0.9189957838091924,1803269.21339109,21.161753908160808
Luquillo,2000-2004,2,70,5,0.021586476162276845,2.5,0.10240592325816349,80023.57948572753,8194.888539658947,379630.67607949034,0.8759607282529438,1390176.2669730557,17.37208302736568
Luquillo,2000-2004,2,75,5,0.03199827530219122,2.5,0.1481407548667078,71828.69094606859,10640.756497838054,332541.5634857478,0.814288118576766,1010545.5908935653,14.068829287899973
Luquillo,2000-2004,2,80,5,0.05193060822379653,2.5,0.2298167341570299,61187.93444823053,14062.011264706773,270784.64407938573,0.6006149917506175,678004.0274078175,11.080681731158265
Luquillo,2000-2004,2,85,NA,0.10846031327524529,8.641090843835277,1,47125.92318352376,47125.92318352376,407219.3833284318,0,407219.3833284318,8.641090843835277
Luquillo,2005-2009,1,0,1,0.013251960984425212,0.12284637445362873,0.013099690112892247,100000,1309.9690112892276,98850.95593239425,0.9864085208285263,7381454.362155121,73.81454362155121
Luquillo,2005-2009,1,1,4,4.322752638491458e-4,1.6135306336898556,0.0017273191328127408,98690.03098871077,170.46917874467908,394353.30448186886,0.9982791331765778,7282603.406222727,73.79269550595023
Luquillo,2005-2009,1,5,5,1.968394575646683e-4,2.5,9.837132038897091e-4,98519.5618099661,96.91499379389279,492355.5215653457,0.9988831435850876,6888250.101740858,69.91758768707854
Luquillo,2005-2009,1,10,5,2.50182526359765e-4,2.5,0.0012501307296382729,98422.6468161722,123.04117527723429,491805.6311426679,0.9973284981866847,6395894.5801755125,64.98397256193864
Luquillo,2005-2009,1,15,5,8.206104613017753e-4,2.5,0.00409465202079973,98299.60564089497,402.502678881312,490491.77150727157,0.9931307026420714,5904088.949032844,60.06218347000777
Luquillo,2005-2009,1,20,5,0.0019404379269948322,2.5,0.009655350613651255,97897.10296201365,945.2308531589515,487122.4376771709,0.989006877850791,5413597.1775255725,55.298849646512764
Luquillo,2005-2009,1,25,5,0.0024841191580260934,2.5,0.012343936268704114,96951.8721088547,1196.7677304432582,481767.44121816533,0.9883873023754125,4926474.739848402,50.81361125566613
Luquillo,2005-2009,1,30,5,0.002186349305191881,2.5,0.010872319803837047,95755.10437841144,1041.0801176518871,476172.82159792754,0.9848198536439078,4444707.298630237,46.417445080163496
Luquillo,2005-2009,1,35,5,0.003945604084714089,2.5,0.01953532379021325,94714.02426075956,1850.2691314080585,468944.44847527763,0.9813019092931697,3968534.477032309,41.90017801488866
Luquillo,2005-2009,1,40,5,0.0036009633371276288,2.5,0.017844176125614182,92863.7551293515,1657.0772022140445,460176.0826412224,0.9800896543261465,3499590.0285570314,37.685209085960324
Luquillo,2005-2009,1,45,5,0.004451812049188187,2.5,0.022014054166961037,91206.67792713745,2007.8287482765882,451013.81776499585,0.9674515779207323,3039413.945915809,33.32446718807053
Luquillo,2005-2009,1,50,5,0.008855799068447896,2.5,0.04331991420263709,89198.84917886087,3864.0864934021956,436334.02966079884,0.9520039244476762,2588400.1281508133,29.018313038552467
Luquillo,2005-2009,1,55,5,0.01086406356831159,2.5,0.052883980526105545,85334.76268545867,4512.841928057649,415391.70860714925,0.9376208801349094,2152066.098490014,25.219102166164852
Luquillo,2005-2009,1,60,5,0.015024819387232047,2.5,0.07240443792935375,80821.92075740102,5851.865744810391,389479.9394249791,0.9147098974552991,1736674.3898828651,21.48766539582437
Luquillo,2005-2009,1,65,5,0.02087134039301386,2.5,0.0991815711353688,74970.05501259063,7435.647844253763,356261.1554523187,0.8840123468611858,1347194.450457886,17.969767398885267
Luquillo,2005-2009,1,70,5,0.02887258413656503,2.5,0.134644112048772,67534.40716833687,9093.110285920942,314939.260126882,0.820857036176958,990933.2950055673,14.673013898464498
Luquillo,2005-2009,1,75,5,0.05212186715474325,2.5,0.2305655662388213,58441.296882415925,13474.55070742529,258520.10764351638,0.7380620392974124,675994.0348786853,11.567060810419513
Luquillo,2005-2009,1,80,5,0.07133996103689925,2.5,0.3027112782033533,44966.746174990636,13611.941211277164,190803.87784676027,0.5429561814544701,417473.92723516887,9.2840590602341
Luquillo,2005-2009,1,85,NA,0.17476732701691514,7.229196598439412,1,31354.80496371347,31354.80496371347,226670.0493884086,0,226670.0493884086,7.229196598439412
Luquillo,2005-2009,2,0,1,0.007707956283230136,0.1331880686897656,0.007656798543975472,100000,765.6798543975456,99336.29956664433,0.9921082456198256,8036106.058113279,80.36106058113279
Luquillo,2005-2009,2,1,4,2.2229932784128794e-4,1.5115423887689519,8.887056949676253e-4,99234.32014560245,88.19010544964112,396717.8232432684,0.9990854253887295,7936769.758546635,79.98008901458022
Luquillo,2005-2009,2,5,5,1.0508941134816927e-4,2.5,5.253090456948765e-4,99146.13004015281,52.082358955725795,495600.44430337474,0.9994016225857268,7540051.935303366,76.04988648825476
Luquillo,2005-2009,2,10,5,1.3434194154470232e-4,2.5,6.714841865001841e-4,99094.04768119709,66.54008599423105,495303.88819099986,0.998599524296081,7044451.490999991,71.08854321566544
Luquillo,2005-2009,2,15,5,4.264455666780888e-4,2.5,0.0021299570565305134,99027.50759520286,210.92433859303128,494610.22712953173,0.9970271452401105,6549147.602808991,66.13463028454781
Luquillo,2005-2009,2,20,5,7.649704834204632e-4,2.5,0.0038175516313101007,98816.58325660983,377.2374086117634,493139.8227615197,0.9955713615859899,6054537.375679459,61.27045862288982
Luquillo,2005-2009,2,25,5,0.0010109620676314133,2.5,0.005042066991978699,98439.34584799806,496.33777641216875,490955.8847989599,0.994658885086312,5561397.552917941,56.49567766841313
Luquillo,2005-2009,2,30,5,0.0011315275163365406,2.5,0.005641678296106794,97943.0080715859,552.5629428928951,488333.63300069724,0.9932603649211965,5070441.668118981,51.769307150675104
Luquillo,2005-2009,2,35,5,0.0015749410430858626,2.5,0.007843821325080559,97390.445128693,763.9132503595174,485042.4425175662,0.9912263399008957,4582108.035118283,47.04884579861429
Luquillo,2005-2009,2,40,5,0.0019516460758592633,2.5,0.009710850023442543,96626.53187833348,938.325759355881,480786.84499327774,0.9889976648822528,4097065.5926007167,42.40104154580963
Luquillo,2005-2009,2,45,5,0.0024765356463517614,2.5,0.012306484612200323,95688.2061189776,1177.5854361722595,475497.06700445735,0.9853258026454296,3616278.7476074393,37.79231416577086
Luquillo,2005-2009,2,50,5,0.0034436764838253753,2.5,0.017071411374387658,94510.62068280534,1613.429684924864,468519.52920171455,0.9762984453400386,3140781.6806029817,33.23205009037038
Luquillo,2005-2009,2,55,5,0.0061835040391328006,2.5,0.030446849651171778,92897.19099788048,2828.426807328651,457414.8879710807,0.9647496294382641,2672262.1514012674,28.765801448853683
Luquillo,2005-2009,2,60,5,0.008205905391403024,2.5,0.04020473630108264,90068.76419055182,3621.190913245533,441290.84366964526,0.9528682134375238,2214847.2634301865,24.59062565513165
Luquillo,2005-2009,2,65,5,0.011173433097509382,2.5,0.05434900311207419,86447.57327730629,4698.339429079584,420492.0178138325,0.9228978902675787,1773556.4197605413,20.51597693866237
Luquillo,2005-2009,2,70,5,0.02131049491266782,2.5,0.10116289610628003,81749.23384822671,8269.989250556158,388071.1961147431,0.872051881528446,1353064.4019467088,16.551401624861334
Luquillo,2005-2009,2,75,5,0.03425111866464041,2.5,0.1577479812600854,73479.24459767055,11591.20249979855,338418.21673885634,0.8014020590168748,964993.2058319655,13.13286780662628
Luquillo,2005-2009,2,80,5,0.056386251096041014,2.5,0.24709881579747767,61888.042097872,15292.461914408617,271209.05570333847,0.5671562695218965,626574.9890931093,10.124330449850406
Luquillo,2005-2009,2,85,NA,0.1066537217633208,7.626601750435742,1,46595.58018346338,46595.58018346338,355365.9333897708,0,355365.9333897708,7.626601750435742
Luquillo,2010-2014,1,0,1,0.011502964203019024,0.1263364100810857,0.011388512826504112,100000,1138.8512826504157,99005.02710001588,0.9881509935420153,7496190.874590353,74.96190874590353
Luquillo,2010-2014,1,1,4,3.9767272126235535e-4,1.618686410853743,0.0015891859522454488,98861.14871734958,157.1087487644545,395070.46967099176,0.9984262287047094,7397185.847490338,74.82399247291139
Luquillo,2010-2014,1,5,5,1.8022772097857107e-4,2.5,9.00732762360428e-4,98704.03996858513,88.90596257704601,493297.93493648304,0.9990026720124214,7002115.377819346,70.94051449209104
Luquillo,2010-2014,1,10,5,2.189218109019477e-4,2.5,0.0010940102977209326,98615.13400600808,107.88597211369779,492805.9550997562,0.997474901158827,6508817.442882863,66.00221668295168
Luquillo,2010-2014,1,15,5,7.931204330536607e-4,2.5,0.003957754724914941,98507.24803389439,389.8675263445184,491561.5713536106,0.9942859597140149,6016011.487783107,61.07176484834007
Luquillo,2010-2014,1,20,5,0.0015010728722043623,2.5,0.007477304413989179,98117.38050754987,733.6535223581595,488752.7687318539,0.9903487226451478,5524449.916429496,56.304498630641746
Luquillo,2010-2014,1,25,5,0.0023824315776716305,2.5,0.011841628215876773,97383.72698519171,1153.1818892350857,484035.68020287086,0.9867736582498874,5035697.147697642,51.709842122425414
Luquillo,2010-2014,1,30,5,0.0029470842660424524,2.5,0.014627649044342828,96230.54509595662,1407.6266410094686,477633.65887725947,0.9846553345231237,4551661.467494771,47.299549877391485
Luquillo,2010-2014,1,35,5,0.0032405064115692355,2.5,0.0160723258702676,94822.91845494715,1524.0248453777167,470304.5301612915,0.9838201825934846,4074027.8086175118,42.96458994302299
Luquillo,2010-2014,1,40,5,0.003284564200053744,2.5,0.016289064802512004,93298.89360956944,1519.7517240089655,462695.08873782476,0.9779725355080389,3603723.2784562204,38.62557356292803
Luquillo,2010-2014,1,45,5,0.005650896519154093,2.5,0.02786088514850487,91779.14188556047,2557.048131101925,452503.08910004754,0.9687789268190399,3141028.1897183955,34.22376942284934
Luquillo,2010-2014,1,50,5,0.0070578875777995015,2.5,0.03467756205289378,89222.09375445855,3094.004692659335,438375.4570406444,0.9566905818256036,2688525.100618348,30.13295236062535
Luquillo,2010-2014,1,55,5,0.01073061644692809,2.5,0.05225135900388682,86128.08906179921,4500.309701886799,419389.671054279,0.939879582721452,2250149.6435777037,26.125619041230102
Luquillo,2010-2014,1,60,5,0.014169422029500528,2.5,0.06842331314594859,81627.77935991241,5585.243108551702,394175.7890281828,0.9223145281119506,1830759.9725234245,22.42814868760861
Luquillo,2010-2014,1,65,5,0.01832863541716579,2.5,0.08762792630195207,76042.53625136071,6663.449762447737,363554.0568506842,0.8945643038957806,1436584.1834952417,18.891849934444227
Luquillo,2010-2014,1,70,5,0.026656153079969165,2.5,0.12495379657619957,69379.08648891297,8669.180259778193,325222.48179511935,0.834760384294684,1073030.1266445576,15.466189898825371
Luquillo,2010-2014,1,75,5,0.047246723663678825,2.5,0.211278120839662,60709.90622913478,12826.674904443687,271482.8438845647,0.7598059342905527,747807.6448494382,12.317720307901977
Luquillo,2010-2014,1,80,5,0.06426759836469897,2.5,0.27685584172175826,47883.23132469109,13256.752312755016,206274.27584156793,0.5669461774324457,476324.80096487346,9.947632768034508
Luquillo,2010-2014,1,85,NA,0.14777678528369081,7.79896001063858,1,34626.47901193608,34626.47901193608,270050.52512330556,0,270050.52512330556,7.79896001063858
Luquillo,2010-2014,2,0,1,0.00716121141301811,0.13431177701916627,0.007117089894016829,100000,711.7089894016826,99383.88190968537,0.9926717408467677,8290494.511453841,82.9049451145384
Luquillo,2010-2014,2,1,4,2.037324460294441e-4,1.5124204947424347,8.145169863737012e-4,99288.29101059832,80.87199957614939,396951.98851369845,0.999158188144018,8191110.629544155,82.49825378371969
Luquillo,2010-2014,2,5,5,9.602074555491113e-5,2.5,4.799885056391326e-4,99207.41901102217,47.61842079940834,495918.0490031123,0.9994670411141815,7794158.641030457,78.564271893461
Luquillo,2010-2014,2,10,5,1.1722528502973163e-4,2.5,5.859547033808623e-4,99159.80059022276,58.10315154216369,495653.74507225835,0.9986873900934459,7298240.592027345,73.60079940244411
Luquillo,2010-2014,2,15,5,4.083546880007742e-4,2.5,0.002039691146399606,99101.6974386806,202.13685485883616,495003.14505625586,0.9971460553937268,6802586.846955086,68.6424856765365
Luquillo,2010-2014,2,20,5,7.353217219708484e-4,2.5,0.0036698622862150034,98899.56058382176,362.94776750980236,493590.4335003343,0.9960618458440184,6307583.70189883,63.777671656618466
Luquillo,2010-2014,2,25,5,8.432608315702634e-4,2.5,0.0042074342465974095,98536.61281631196,414.5863193070545,491646.59828329214,0.9952672076503902,5813993.268398495,59.0033805935334
Luquillo,2010-2014,2,30,5,0.0010548484871235244,2.5,0.005260370201745071,98122.0264970049,516.1581843196909,489319.7370242253,0.9941394572342691,5322346.670115204,54.24211932962538
Luquillo,2010-2014,2,35,5,0.001296969564768999,2.5,0.006463889155084533,97605.86831268521,630.9135136589757,486452.0577792786,0.9927073240309673,4833026.933090978,49.51574138563204
Luquillo,2010-2014,2,40,5,0.0016320024881709891,2.5,0.008126854822626121,96974.95479902624,788.1013790824218,482904.52054742514,0.9902149904680649,4346574.8753117,44.82162311206713
Luquillo,2010-2014,2,45,5,0.002304551381841173,2.5,0.011456750235240783,96186.85341994381,1101.9887555460155,478179.29521085403,0.986233898732157,3863670.354764275,40.16838286512826
Luquillo,2010-2014,2,50,5,0.0032465819005128155,2.5,0.016102216590214262,95084.8646643978,1531.0770852773421,471596.6306087957,0.9791100994534173,3385491.0595534206,35.60494166450694
Luquillo,2010-2014,2,55,5,0.005218389965513119,2.5,0.025755938500013485,93553.78757912046,2409.5655993311375,461745.02389727446,0.9703170508456999,2913894.428944625,31.146728575583126
Luquillo,2010-2014,2,60,5,0.006858366232363762,2.5,0.0337137775775604,91144.22197978932,3072.816027306413,448039.06983068056,0.9583077597190004,2452149.4050473506,26.904057676756512
Luquillo,2010-2014,2,65,5,0.01024569589514237,2.5,0.04994907197154918,88071.4059524829,4399.084994556106,429359.31727602426,0.9412466084520795,2004110.3352166698,22.75551654413177
Luquillo,2010-2014,2,70,5,0.014083090026560918,2.5,0.06802059956448632,83672.3209579268,5691.4414385103155,404133.0011933582,0.9037928251107459,1574751.0179406456,18.82045340576225
Luquillo,2010-2014,2,75,5,0.026997094080881766,2.5,0.1264509499250502,77980.87951941648,9860.7562912211,365252.50686902966,0.8411138931611805,1170618.0167472875,15.011603151459903
Luquillo,2010-2014,2,80,5,0.04346301844718275,2.5,0.19601642815390377,68120.12322819539,13352.66324059463,307218.95803949033,0.6185347469300856,805365.5098782578,11.82272538146131
Luquillo,2010-2014,2,85,NA,0.11322088408442889,9.095666513501756,1,54767.459987600756,54767.459987600756,498146.5518387675,0,498146.5518387675,9.095666513501756
Luquillo,2015-2019,1,0,1,0.01006564250707897,0.1292045136592493,0.009978182578686127,100000,997.8182578686101,99131.10436485962,0.9896247943753308,7706682.218529208,77.06682218529208
Luquillo,2015-2019,1,1,4,3.4812685427690256e-4,1.6229357358904186,0.001391356042288122,99002.18174213139,137.7472837666137,395681.29282280576,0.9985995004505169,7607551.114164349,76.84225721388196
Luquillo,2015-2019,1,5,5,1.6413817252126833e-4,2.5,8.203542339943719e-4,98864.43445836478,81.10385739938647,494119.41264832544,0.9990895141705185,7211869.8213415425,72.94705988915265
Luquillo,2015-2019,1,10,5,2.0023847356395846e-4,2.5,0.00100069142551091,98783.33060096539,98.85163191580796,493669.5239250374,0.9977277770660887,6717750.408693217,68.00489888146741
Luquillo,2015-2019,1,15,5,7.102645794671923e-4,2.5,0.003545028127555418,98684.47896904958,349.83925369841745,492547.7967110019,0.994606518158352,6224080.88476818,63.0705147333274
Luquillo,2015-2019,1,20,5,0.0014549755413543015,2.5,0.007248511688725716,98334.63971535116,712.7797853833763,489891.2491132974,0.9925969115396438,5731533.088057178,58.286002823096936
Luquillo,2015-2019,1,25,5,0.0015174939849971877,2.5,0.00755879386442818,97621.85992996779,737.9035158726911,486264.5408601572,0.9908539303471608,5241641.83894388,53.69332076549394
Luquillo,2015-2019,1,30,5,0.0021606957499662356,2.5,0.010745434712046533,96883.9564140951,1041.0602282924374,481817.13149974437,0.9882049057833224,4755377.2980837235,49.08322775092503
Luquillo,2015-2019,1,35,5,0.0025878660607110003,2.5,0.012856155283730013,95842.89618580266,1232.171156207085,476134.05303849553,0.9858372711039449,4273560.166583979,44.589221910606526
Luquillo,2015-2019,1,40,5,0.0031214335143417565,2.5,0.015486318785531437,94610.72502959557,1465.1718483385775,469390.69552713144,0.9829580171700923,3797426.1135454834,40.13737461960676
Luquillo,2015-2019,1,45,5,0.0037594277202805415,2.5,0.018622117341047083,93145.553181257,1734.567421138112,461391.34735343966,0.9770072760620977,3328035.418018352,35.729407409735884
Luquillo,2015-2019,1,50,5,0.005565630868991419,2.5,0.027446264897082795,91410.98576011889,2508.8901296756812,450782.70347640524,0.9672547051214553,2866644.0706649125,31.359951397828404
Luquillo,2015-2019,1,55,5,0.007787490763852766,2.5,0.038193867836728,88902.0956304432,3395.5148909173004,436021.69092492276,0.9519782213558272,2415861.367188507,27.174402921062654
Luquillo,2015-2019,1,60,5,0.011997355020947911,2.5,0.058239961372266134,85506.5807395259,4979.899959344548,415083.1537992682,0.9349837612215554,1979839.6762635843,23.154237476699755
Luquillo,2015-2019,1,65,5,0.014983298182769517,2.5,0.07221157212052653,80526.68078018136,5814.958216784682,388096.0083589451,0.9080952878684899,1564756.522464316,19.431528870980394
Luquillo,2015-2019,1,70,5,0.023982710802248387,2.5,0.11313060741023598,74711.72256339667,8452.182554262094,352428.1564313281,0.8593834741572484,1176660.514105371,15.749342589536937
Luquillo,2015-2019,1,75,5,0.037543076525286594,2.5,0.1716085959966819,66259.54000913458,11370.706632353562,302870.93346478895,0.7788361821419036,824232.3576740429,12.439451851920701
Luquillo,2015-2019,1,80,5,0.06538274901136265,2.5,0.28098484161803894,54888.83337678102,15422.930152973742,235886.84150147074,0.5475560128767888,521361.424209254,9.498497091938548
Luquillo,2015-2019,1,85,NA,0.10472549169986226,7.233448607241669,1,39465.903223807276,39465.903223807276,285474.5827077832,0,285474.5827077832,7.233448607241669
Luquillo,2015-2019,2,0,1,0.006441577759607773,0.13579081847801092,0.0064059168491565205,100000,640.5916849156492,99446.39478428925,0.993407429387862,8518994.70270044,85.1899470270044
Luquillo,2015-2019,2,1,4,1.8254967375819857e-4,1.5135775732864223,7.29867411424106e-4,99359.40831508435,72.51919414754957,397257.31990964175,0.9992438062931449,8419548.30791615,84.73830964468341
Luquillo,2015-2019,2,5,5,8.569745032189325e-5,2.5,4.283954706105643e-4,99286.8891209368,42.534053590439726,496328.1104707079,0.9995109473224315,8022290.988006508,80.79909703117924
Luquillo,2015-2019,2,10,5,1.0997740545015202e-4,2.5,5.497358809360897e-4,99244.35506734636,54.55818296087091,496085.37987932964,0.9988832518057644,7525962.8775358,75.83265438551892
Luquillo,2015-2019,2,15,5,3.37098326191119e-4,2.5,0.0016840723859993323,99189.79688438549,167.0427979058877,495531.3774271627,0.9976301334234037,7029877.497656471,70.87299015089644
Luquillo,2015-2019,2,20,5,6.122993722645551e-4,2.5,0.0030568176425136793,99022.7540864796,302.6945017018443,494357.03417814337,0.9965740381115274,6534346.120229308,65.98832945529533
Luquillo,2015-2019,2,25,5,7.606914831547004e-4,2.5,0.0037962380009850575,98720.05958477776,374.76484165524016,492663.3858197507,0.9958380926198431,6039989.086051164,61.18299676332961
Luquillo,2015-2019,2,30,5,9.078498559234997e-4,2.5,0.004528970217219536,98345.29474312252,445.40291089526727,490612.9664383744,0.9947263202697267,5547325.700231414,56.40662031387475
Luquillo,2015-2019,2,35,5,0.001207992602286817,2.5,0.006021777355189866,97899.89183222725,589.5313517108443,488025.63078185916,0.9930211145330805,5056712.73379304,51.65187253177783
Luquillo,2015-2019,2,40,5,0.0015946907485703426,2.5,0.007941791987328556,97310.3604805164,772.8186411482166,484619.75579971145,0.9907748028206801,4568687.103011181,46.949647298099656
Luquillo,2015-2019,2,45,5,0.002114898478637358,2.5,0.010518876503401744,96537.54183936819,1015.466480550298,480149.0429954652,0.9867134046950548,4084067.347211469,42.305483124969925
Luquillo,2015-2019,2,50,5,0.0032428257568159926,2.5,0.016083736893420374,95522.07535881789,1536.3519275847066,473769.4969751277,0.979377395926213,3603918.3042160035,37.72864325527153
Luquillo,2015-2019,2,55,5,0.005111631015298601,2.5,0.025235666537086244,93985.72343123319,2371.7923757574026,463999.13621677243,0.97002685465271965,3130148.807240876,33.30451363212756
Luquillo,2015-2019,2,60,5,0.007090140948804781,2.5,0.03483327271095189,91613.93105547578,3191.2130445777293,450091.62266593456,0.9600481839757228,2666149.6710241036,29.10201145510989
Luquillo,2015-2019,2,65,5,0.009260561718984433,2.5,0.04525508971638038,88422.71801089805,4001.578036549414,432109.64496311673,0.9476744427092972,2216058.048358169,25.062089225588394
Luquillo,2015-2019,2,70,5,0.01231399800540614,2.5,0.05973116636823319,84421.13997434864,5042.573156803701,409499.26697973395,0.9161260859014653,1783948.4033950523,21.131536531455332
Luquillo,2015-2019,2,75,5,0.02317974344449763,2.5,0.10955034499442094,79378.56681754494,8695.949380024744,375152.9606376628,0.8683783364774484,1374449.1364153184,17.31511655500847
Luquillo,2015-2019,2,80,5,0.03393557937438058,2.5,0.15640837482516015,70682.6174375202,11055.353321791066,325774.7038831233,0.67399584649705635,999296.1757776554,14.1377924588175
Luquillo,2015-2019,2,85,NA,0.11218040165604627,11.295528679419377,1,59627.26411572913,59627.26411572913,673521.4718945322,0,673521.4718945322,11.295528679419377
Luquillo,2020-2024,1,0,1,0.01217003559368721,0.12500530247457686,0.01204180581604134,100000,1204.1805816041306,98946.3483762333,0.9875726397619322,7644875.637664024,76.44875637664023
Luquillo,2020-2024,1,1,4,3.6482540191789615e-4,1.6167180390762674,0.001458033873755624,98795.81941839587,144.04765129745647,394839.9715047328,0.998503645729939,7545929.289287791,76.3790343934607
Luquillo,2020-2024,1,5,5,1.715195783309094e-4,2.5,8.572303122003442e-4,98651.77176709841,84.56728911102982,493047.4406127145,0.9990488998528517,7151089.317783058,72.48819954968143
Luquillo,2020-2024,1,10,5,2.09119373995746e-4,2.5,0.001045050519202806,98567.20447798738,103.00770821608603,492578.5031193967,0.9976883729745952,6658041.877170343,67.54824703035234
Luquillo,2020-2024,1,15,5,7.171893103583568e-4,2.5,0.003579528552756385,98464.1967697713,352.4554037616181,491439.84533945244,0.9950868665005509,6165463.374050946,62.616296850184185
Luquillo,2020-2024,1,20,5,0.0012542262705269344,2.5,0.006251529272024819,98111.74136600968,613.3484230789327,489025.33577235107,0.9926663460417101,5674023.528711494,57.83225788995354
Luquillo,2020-2024,1,25,5,0.0016916412241484583,2.5,0.008422586135938553,97498.39294293075,821.1886126774334,485438.99318296014,0.9910427098835777,5184998.192939143,53.180345197834235
Luquillo,2020-2024,1,30,5,0.0019083686339236383,2.5,0.009496535941314858,96677.20433025331,918.098545628076,481090.7752871964,0.9881592152110492,4699559.199756183,48.61083057079614
Luquillo,2020-2024,1,35,5,0.0028618316138990666,2.5,0.014207509321170108,95759.10578462524,1360.4983880219806,475394.28295307123,0.982323332160877,4218468.424468987,44.05292206839185
Luquillo,2020-2024,1,40,5,0.004284572486425285,2.5,0.021195824812578763,94398.60739660326,2000.856344929809,466990.89612069173,0.978429748219191,3743074.141515915,39.65179407562533
Luquillo,2020-2024,1,45,5,0.004439284714925973,2.5,0.02195278689633258,92397.75105167345,2028.3881385377754,456917.7849120228,0.9746081780728829,3276083.245395223,35.45630935933791
Luquillo,2020-2024,1,50,5,0.00586640270885689,2.5,0.028908047917753265,90369.36291313567,2612.4018733897683,445315.80988220393,0.9618081760094201,2819165.4604832004,31.196031150435605
Luquillo,2020-2024,1,55,5,0.009783995522286891,2.5,0.04775196508012363,87756.9610397459,4190.5673391077,428308.38685096026,0.9418542512156116,2373849.6506009963,27.05027182431555
Luquillo,2020-2024,1,60,5,0.014306145535870134,2.5,0.06906074500713158,83566.3937006382,5771.157406525352,403404.0749868777,0.9220677809622863,1945541.2637500362,23.281383551378237
Luquillo,2020-2024,1,65,5,0.018292301745553758,2.5,0.08746181399571118,77795.23629411285,6804.112486508093,371965.90025429404,0.895642302946576,1542137.1887631586,19.823028532659137
Luquillo,2020-2024,1,70,5,0.026183195008392373,2.5,0.12287295846039531,70991.12380760476,8722.889406668597,333148.3955213523,0.8522936456088344,1170171.2885088646,16.483346448778327
Luquillo,2020-2024,1,75,5,0.0386009527556342,2.5,0.17601855405517394,62268.23440093616,10960.364582821421,283940.26054762723,0.7889239705114652,837022.8929875123,13.442213369951087
Luquillo,2020-2024,1,80,5,0.05809109718147895,2.5,0.2536224674039687,51307.86981811474,13012.82854051188,224007.27773929402,0.5949840682013432,553082.632439885,10.779684177116506
Luquillo,2020-2024,1,85,NA,0.10989453581258862,8.593158375652495,1,38295.04127760286,38295.04127760286,329075.354700591,0,329075.354700591,8.593158375652495
Luquillo,2020-2024,2,0,1,0.005803682028337832,0.1371018664376181,0.0057747620983435955,100000,577.4762098343635,99501.69685635724,0.9940154605010334,8454130.427267693,84.54130427267692
Luquillo,2020-2024,2,1,4,1.863049297054391e-4,1.514604462065995,7.448748109159565e-4,99422.52379016564,74.05733360898739,397506.03339415946,0.9992261422471639,8354628.730411336,84.03154951129628
Luquillo,2020-2024,2,5,5,9.602075575452525e-5,2.5,4.799885566127275e-4,99348.46645655665,47.686127016160754,496623.11696524284,0.9994930917495932,7957122.697017176,80.09306012284233
Luquillo,2020-2024,2,10,5,1.0679668052667204e-4,2.5,5.338408715508324e-4,99300.78032954049,53.01081511680968,496371.3746099104,0.9988693084761167,7460499.580051933,75.13032178894719
Luquillo,2020-2024,2,15,5,3.4587100243743766e-4,2.5,0.0017278609696730549,99247.76951442368,171.48634727107128,495810.1317039407,0.9975772010574554,6964128.2054420225,70.1691155329181
Luquillo,2020-2024,2,20,5,6.247622478939623e-4,2.5,0.003118939749946755,99076.28316715261,309.01295784702234,494608.8834411455,0.9965077589251324,6468318.073738082,65.28624073256076
Luquillo,2020-2024,2,25,5,7.748401105134721e-4,2.5,0.003866710346886099,98767.27020930559,381.90442565201374,492881.5899823979,0.9954596387276141,5973709.190296937,60.48267991651054
Luquillo,2020-2024,2,30,5,0.0010460538608796414,2.5,0.005216627122043748,98385.36578365357,513.2397675591928,490643.72949936986,0.9941092913048327,5480827.600314539,55.707752435120405
Luquillo,2020-2024,2,35,5,0.0013179935331532138,2.5,0.006568325140618612,97872.12601609438,642.8559458772943,487753.49021577864,0.9927366958673675,4990183.870815169,50.98677298574845
Luquillo,2020-2024,2,40,5,0.0015989417199018072,2.5,0.007962878154280602,97229.27007021708,774.2248305988032,484210.7882745884,0.989970891405351,4502430.380599391,46.3073555663621
Luquillo,2020-2024,2,45,5,0.002437144100805541,2.5,0.012111924242236779,96455.04523961828,1168.256200723772,479354.585696282,0.9864835624029316,4018219.5923248017,41.65898820888577
Luquillo,2020-2024,2,50,5,0.0030101169965658296,2.5,0.014938170877687815,95286.78903889451,1423.4103370491794,472875.4193518496,0.980519689388644,3538865.00662852,37.139093911371205
Luquillo,2020-2024,2,55,5,0.004877012975596876,2.5,0.024091330548770017,93863.37870184533,2261.2936827305384,463663.6593024003,0.9725476940397438,3065989.58727667,32.66438551094255
Luquillo,2020-2024,2,60,5,0.006276205728431977,2.5,0.030896250579967238,91602.08501911479,2830.1609723980364,450935.02266457886,0.9606597858203775,2602325.92797427,28.409025050371262
Luquillo,2020-2024,2,65,5,0.009847273803949739,2.5,0.04805338199546096,88771.92404671675,4265.79117668893,433195.1422918614,0.9345319538548474,2151390.905309691,24.235037467223407
Luquillo,2020-2024,2,70,5,0.017484629162984468,2.5,0.08376178638260012,84506.13287002782,7078.384649478889,404834.7027264419,0.9067997105447039,1718195.7630178297,20.33220199130932
Luquillo,2020-2024,2,75,5,0.021830053967753393,2.5,0.10350165315353363,77427.74822054894,8013.899940782387,367103.99125078873,0.8675520971864048,1313361.0602913878,16.962408057513784
Luquillo,2020-2024,2,80,5,0.03590459553807279,2.5,0.1647360266700231,69413.84827976655,11434.96156148456,318481.83749512135,0.663429898792696,946257.0690405992,13.632107893323987
Luquillo,2020-2024,2,85,NA,0.10644811833280589,10.827652393462166,1,57978.88671828199,57978.88671828199,627775.2315454778,0,627775.2315454778,10.827652393462166
Manati,1980-1984,1,0,1,0.022113381049643492,0.1051638537844889,0.02168429540670381,100000,2168.429540670375,98059.61086648665,0.977870477002173,7029910.750367982,70.29910750367982
Manati,1980-1984,1,1,4,4.7793326060858294e-4,1.5876652179396014,0.001909531476707634,97831.57045932963,186.81246320783976,390875.62763459986,0.9979459622763439,6931851.139501495,70.85495108537783
Manati,1980-1984,1,5,5,2.4006913730959475e-4,2.5,0.0011996257037784723,97644.75799612179,117.1371615313692,487930.9470767805,0.9986100925955763,6540975.5118668955,66.98747220128998
Manati,1980-1984,1,10,5,3.1633349873212273e-4,2.5,0.0015804176460520296,97527.62083459042,154.13437294444884,487252.768240591,0.9967811409961822,6053044.564790115,62.06492594601737
Manati,1980-1984,1,15,5,9.74346386433774e-4,2.5,0.004859893882062772,97373.48646164597,473.2248111300869,485684.37028040463,0.9927911747729055,5565791.796549524,57.15921241807246
Manati,1980-1984,1,20,5,0.0019230466113286657,2.5,0.009569227878531225,96900.26165051588,927.260685223082,482183.1565395217,0.9894501189188848,5080107.42626912,52.426147667085004
Manati,1980-1984,1,25,5,0.002321396275768897,2.5,0.011540009043802927,95973.0009652928,1107.5292991003807,477096.181578713,0.9865688152067722,4597924.2697295975,47.908518265385574
Manati,1980-1984,1,30,5,0.0030926151267843985,2.5,0.015344439519496933,94865.47166619242,1455.6574924704473,470688.2145997859,0.9833477768386408,4120828.0881508845,43.43865071003953
Manati,1980-1984,1,35,5,0.0036287000609600164,2.5,0.017980386728753302,93409.81417372197,1679.5445831045072,462850.20941084856,0.9805650741053852,3650139.8735510986,39.07662065104456
Manati,1980-1984,1,40,5,0.004227430087358426,2.5,0.020916097091406325,91730.26959061746,1918.639224978222,453854.7498906418,0.9744361669196326,3187289.66414025,34.74632396007107
Manati,1980-1984,1,45,5,0.00615546030454682,2.5,0.03031085830992538,89811.63036563924,2722.2676025962865,442252.4828217055,0.9590793121564161,2733434.9142496083,30.43519979674464
Manati,1980-1984,1,50,5,0.010648561285222572,2.5,0.051862162876671766,87089.36276304295,4516.642716442482,424155.20702410856,0.9426373912836955,2291182.4314279025,26.30840735006714
Manati,1980-1984,1,55,5,0.013044763888003347,2.5,0.06316392327656002,82572.72004660047,5215.616953760356,399824.5578486015,0.9108744808646215,1867027.2244037942,22.610702703630505
Manati,1980-1984,1,60,5,0.024817298366609734,2.5,0.11683751326525714,77357.10309284012,9038.211558771567,364189.9865672717,0.8771257869220248,1467202.6665551928,18.966618550779103
Manati,1980-1984,1,65,5,0.02774104607044629,2.5,0.12970953489405135,68318.89153406855,8861.611645361176,319440.4285569398,0.8390786997013678,1103012.679987921,16.145061127607466
Manati,1980-1984,1,70,5,0.04365201269206632,2.5,0.19678491900526854,59457.27988870737,11700.29600717286,268035.65942560474,0.7769236046876276,783572.2514309812,13.178743677774667
Manati,1980-1984,1,75,5,0.05866541466610224,2.5,0.2558091924537598,47756.983881534514,12216.67548076257,208243.23070576612,0.7046779751895029,515536.5920053765,10.79499897406024
Manati,1980-1984,1,80,5,0.08438378571730674,2.5,0.3484170536069691,35540.308400771944,12382.84953727997,146744.41816065978,0.5224614760955271,307293.36129961035,8.646333561161104
Manati,1980-1984,1,85,NA,0.20819479302695523,6.932925762077374,1,23157.458863491975,23157.458863491975,160548.94313895053,0,160548.94313895053,6.932925762077374
Manati,1980-1984,2,0,1,0.012078285429228642,0.12420586230586925,0.011951857585232784,100000,1195.1857585232792,98953.2633192298,0.9877510158975844,7700997.337622916,77.00997337622917
Manati,1980-1984,2,1,4,3.0138023825320044e-4,1.5045543277088262,0.001204614988567862,98804.81424147672,119.02176017792954,394922.24462956237,0.9987113945438965,7602044.074303687,76.94001686723952
Manati,1980-1984,2,5,5,1.5397411351169893e-4,2.5,7.695743312449077e-4,98685.79248129879,75.94605275218782,493239.09727461345,0.9991288267556485,7207121.829674124,73.03099715229922
Manati,1980-1984,2,10,5,1.946647709690458e-4,2.5,9.728504055917498e-4,98609.8464285466,95.93262909333862,492809.4005699997,0.9981119418150151,6713882.73239951,68.08531780104168
Manati,1980-1984,2,15,5,5.616188721332501e-4,2.5,0.002804157191668078,98513.91379945326,276.24849986011395,491878.947747616,0.9962645451744219,6221073.331829511,63.149184636942486
Manati,1980-1984,2,20,5,9.36059666697064e-4,2.5,0.004669371308109436,98237.66529959315,458.70813572556654,490041.55615865183,0.9944407434757372,5729194.3840818945,58.31973272786667
Manati,1980-1984,2,25,5,0.0012948412979415405,2.5,0.006453316438125777,97778.95716386758,630.9985515683802,487317.28944041696,0.9932180067643349,5239152.827923243,53.58159853497881
Manati,1980-1984,2,30,5,0.0014276382291374872,2.5,0.007112804865332077,97147.9586122992,690.9944726746326,484012.3068798094,0.9918979869725532,4751835.538482826,48.913385379991205
Manati,1980-1984,2,35,5,0.0018279772775579308,2.5,0.009098307638720124,96456.96413962457,877.5951336393045,480090.8328640246,0.9902879977737827,4267823.231603016,44.245879700559556
Manati,1980-1984,2,40,5,0.0020769953968469705,2.5,0.010331331663464066,95579.36900598527,987.4621613854542,475428.1896264627,0.9872012591751878,3787732.398738992,39.629183976950095
Manati,1980-1984,2,45,5,0.0030819459606645718,2.5,0.015291907720249662,94591.90684459981,1446.4907105500752,469343.3074466239,0.9802861347480556,3312304.209112529,35.0167822978148
Manati,1980-1984,2,50,5,0.004900202063296271,2.5,0.02420449304952554,93145.41613404974,2254.537577411771,460090.73672671925,0.9668816106112703,2842960.9016659055,30.52174781821226
Manati,1980-1984,2,55,5,0.0086330669655807,2.5,0.04225339388066638,90890.87855663797,3840.448091813436,444853.27255365625,0.9493281860945365,2382870.164939186,26.216823984755724
Manati,1980-1984,2,60,5,0.012256729302932536,2.5,0.05946163364589304,87050.43046482453,5176.160805016683,422311.75031158095,0.9348066736433885,1938016.8923855298,22.26315116464182
Manati,1980-1984,2,65,5,0.01478444862384922,2.5,0.07128738154431928,81874.26965980785,5836.602299901206,394779.84254928626,0.8994683754826648,1515705.1420739489,18.512594351947055
Manati,1980-1984,2,70,5,0.028270255938058694,2.5,0.13202063671751915,76037.66735990664,10038.541259369798,355091.9836511087,0.8351486428311795,1120925.2995246626,14.741710765784317
Manati,1980-1984,2,75,5,0.04510608650666801,2.5,0.20267566710073415,65999.12610053684,13376.416910491782,296554.5882264548,0.7523172514763022,765833.315873554,11.60368873228648
Manati,1980-1984,2,80,5,0.07173438173444702,2.5,0.3041303941879241,52622.70919004506,16004.165289204902,223103.13272721306,0.5245828980021695,469278.7276470991,8.917798700791241
Manati,1980-1984,2,85,NA,0.1453852703840014,6.7227029995105285,1,36618.54390084016,36618.54390084016,246175.5949198861,0,246175.5949198861,6.7227029995105285
Manati,1985-1989,1,0,1,0.015601573860274198,0.11815783944051586,0.015389838528814542,100000,1538.983852881458,98642.85915410885,0.9840786428881929,6993210.739071233,69.93210739071233
Manati,1985-1989,1,1,4,4.7539224237864617e-4,1.606630416512682,0.0018994078435309427,98461.01614711854,187.01762635186606,393396.4622899876,0.9980246110444194,6894567.879917124,70.02332648705752
Manati,1985-1989,1,5,5,2.4651624633417843e-4,2.5,0.0012318220712879784,98273.99852076668,121.05608041159576,491067.3524028044,0.9986116438507354,6501171.417627137,66.15352499627201
Manati,1985-1989,1,10,5,3.092555702442698e-4,2.5,0.001545083287188713,98152.94244035508,151.65447095299896,490385.5760243929,0.9967567011255977,6010104.065224333,61.23203151934556
Manati,1985-1989,1,15,5,9.912789935606658e-4,2.5,0.004944142406531411,98001.28796940208,484.5323237442208,488795.1090376499,0.9925929564977387,5519718.48919994,56.322917826583094
Manati,1985-1989,1,20,5,0.0019862506523320683,2.5,0.009882182035374772,97516.75564565786,963.6783307895384,485174.58240131545,0.9878397711419438,5030923.380162289,51.59034821095693
Manati,1985-1989,1,25,5,0.002913266882911236,2.5,0.014461012442947663,96553.07731486832,1396.2552524552011,479274.74844320357,0.9838468163561911,4545748.797760975,47.080309858347405
Manati,1985-1989,1,30,5,0.0036062591407805193,2.5,0.017870184414174966,95156.82206241312,1700.4699585221533,471532.9354157602,0.9800871579267403,4066474.0493177706,42.7344457410587
Manati,1985-1989,1,35,5,0.004447438835688927,2.5,0.021992666579825945,93456.35210389097,2055.3543915876944,462143.3745404856,0.973074406919813,3594941.1139020105,38.466525099392776
Manati,1985-1989,1,40,5,0.0064977542841766905,2.5,0.031969447386586074,91400.99771230327,2922.0393874449364,449699.89009290404,0.9649274575955034,3132797.739361525,34.27531228075234
Manati,1985-1989,1,45,5,0.007805004011792851,2.5,0.03827811789953978,88478.95832485834,3386.807998387405,433927.7716283232,0.9603388817611188,2683097.849268621,30.324699793790398
Manati,1985-1989,1,50,5,0.008392290926490189,2.5,0.04109916427389558,85092.15032647093,3497.216264686649,416717.710970638,0.9469648758167032,2249170.077640298,26.432168760701934
Manati,1985-1989,1,55,5,0.013539846169870343,2.5,0.06548266772971889,81594.93406178428,5343.053955596144,394617.03541993105,0.9211225749020874,1832452.3666696597,22.45791834677032
Manati,1985-1989,1,60,5,0.01955344962771022,2.5,0.09321076799659699,76251.88010618814,7107.496305882232,363490.6597662351,0.8941605609770045,1437835.3312497286,18.856391858763395
Manati,1985-1989,1,65,5,0.025479010119384943,2.5,0.11976623764465279,69144.3838003059,8281.162702020512,325019.01224647823,0.8360122371045529,1074344.6714834936,15.537699700763557
Manati,1985-1989,1,70,5,0.04798505722563601,2.5,0.21422615085782845,60863.221098285394,13038.493584694654,271719.87152969034,0.7725599791990083,749325.6592370153,12.311633293725311
Manati,1985-1989,1,75,5,0.05564739599808641,2.5,0.24425639863996992,47824.72751359074,11681.495708407558,209919.89829693479,0.6897785500973175,477605.787707325,9.986586699769484
Manati,1985-1989,1,80,5,0.09922196617063639,2.5,0.397506411553701,36143.23180518318,14367.166376831963,144798.24308383602,0.4590740535380059,267685.8894103902,7.406252181687922
Manati,1985-1989,1,85,NA,0.2059175440024106,5.643243805033823,1,21776.06542835122,21776.06542835122,122887.64632655421,0,122887.64632655421,5.643243805033823
Manati,1985-1989,2,0,1,0.014566487237237523,0.11909193577592284,0.014381941953844143,100000,1438.194195384407,98733.08313536562,0.985327236201587,7793610.811586536,77.93610811586535
Manati,1985-1989,2,1,4,3.2164488091944833e-4,1.5006005804410956,0.0012855460487469687,98561.8058046156,126.70574000949273,393930.5349654279,0.9986352250802571,7694877.72845117,78.07159848212545
Manati,1985-1989,2,5,5,1.4980524524029956e-4,2.5,7.487458110768703e-4,98435.1000646061,73.70286883630615,491991.24315093976,0.9992294029611325,7300947.193485742,74.17016073223776
Manati,1985-1989,2,10,5,1.5855575290036852e-4,2.5,7.924646399327639e-4,98361.3971957698,77.94792921202315,491612.1161558189,0.9983821365725825,6808955.950334802,69.22386367471846
Manati,1985-1989,2,15,5,4.893813702876779e-4,2.5,0.002443916833016862,98283.44926655777,240.19657606950204,490816.7548926151,0.9965603680843739,6317343.834178983,64.27678191315313
Manati,1985-1989,2,20,5,8.895310553707947e-4,2.5,0.004437786404793558,98043.25269048827,435.09501387158525,489128.52591776237,0.9951191338621684,5826527.079286369,59.42812911032309
Manati,1985-1989,2,25,5,0.0010680283029398693,2.5,0.005325920928970945,97608.15767661668,519.8533298082039,486741.1550585629,0.9937832518050428,5337398.553368606,54.68189012491985
Manati,1985-1989,2,30,5,0.0014275456669915285,2.5,0.007112345340525107,97088.30434680848,690.5255490404961,483715.2078614412,0.9918381048298115,4850657.398310043,49.96129483303202
Manati,1985-1989,2,35,5,0.0018523309319711646,2.5,0.009218963232963019,96397.77879776798,888.6875784759177,479767.17504265014,0.9894732883787731,4366942.190448602,45.301274001447375
Manati,1985-1989,2,40,5,0.0023834435393234777,2.5,0.011846628272569827,95509.09121929207,1131.4607003259298,474716.8043456455,0.9874181957865529,3887175.015405952,40.69952886977919
Manati,1985-1989,2,45,5,0.0026830355743495712,2.5,0.013325793923862421,94377.63051896614,1257.6568553181714,468744.01045653527,0.9830112841370087,3412458.2110603065,36.15748978116736
Manati,1985-1989,2,50,5,0.004183523462253342,2.5,0.020701108379763238,93119.97366364796,1927.6866671318712,460780.65165041015,0.9724172529070421,2943714.200603771,31.612060063897268
Manati,1985-1989,2,55,5,0.0070438645082170955,2.5,0.034609854722794375,91192.2869965161,3156.151804788795,448071.0554706085,0.9555140742091052,2482933.548953361,27.22745125416384
Manati,1985-1989,2,60,5,0.011251017748785246,2.5,0.05471606032915881,88036.1351917273,4816.990484296533,428138.1997478951,0.9286402807526187,2034862.4934827525,23.113946211418504
Manati,1985-1989,2,65,5,0.0186217099436525,2.5,0.08896676642097243,83219.14470743077,7403.738208939103,397586.3780148061,0.8900264315023367,1606724.2937348573,19.307147404404777
Manati,1985-1989,2,70,5,0.02850220685310759,2.5,0.13303178558834483,75815.40649849166,10085.858901600543,353862.38523845695,0.8416964983209928,1209137.9157200512,15.94844598959061
Manati,1985-1989,2,75,5,0.04136787296603031,2.5,0.18745303181237288,65729.54759689112,12321.202976692904,297844.7305427234,0.7807969288264436,855275.5304815943,13.012040425515528
Manati,1985-1989,2,80,5,0.059315493944119786,2.5,0.2582777839030882,53408.344620198215,13794.188890437217,232556.25087489805,0.5828069584594165,557430.799938871,10.437148050607417
Manati,1985-1989,2,85,NA,0.14613413359841287,8.200971170007891,1,39614.155729761,39614.155729761,324874.5490639729,0,324874.5490639729,8.200971170007891
Manati,1990-1994,1,0,1,0.016416371240786674,0.11653195200757224,0.016181682802150443,100000,1618.1682802150463,98570.40002815516,0.9830607946589152,6979903.332287344,69.79903332287344
Manati,1990-1994,1,1,4,6.026214782503428e-4,1.6042445897171207,0.002407010830428958,98381.83171978495,236.80613446696952,392959.9973013024,0.997724444781548,6881332.932259189,69.94515971057416
Manati,1990-1994,1,5,5,2.5548740756239463e-4,2.5,0.0012766216359314676,98145.02558531798,125.29406312125502,490411.89276878675,0.99856383963243045,6488372.934957886,66.11005393561703
Manati,1990-1994,1,10,5,3.194355000706199e-4,2.5,0.0015959030301468519,98019.73152219673,156.42998655045812,489707.58264460746,0.9963237946295816,5997961.0421891,61.19136370854935
Manati,1990-1994,1,15,5,0.0011552937451671554,2.5,0.005759832978303173,97863.30153564627,563.6762715506484,487907.31699935475,0.9916754798614282,5508253.459544492,56.285179154089086
Manati,1990-1994,1,20,5,0.002192768052070213,2.5,0.010904065046670977,97299.62526409562,1060.9614428963978,483845.7227132371,0.9865734707828425,5020346.142545138,51.59676749955261
Manati,1990-1994,1,25,5,0.0032210917168401043,2.5,0.015976801724955893,96238.66382119922,1537.5860501459974,477349.35398063116,0.9815149342930652,4536500.4198319,47.13802373919296
Manati,1990-1994,1,30,5,0.004251524271446105,2.5,0.021034054375469957,94701.07777105323,1991.9476192519214,468525.5198071363,0.9771465142914231,4059151.0658512693,42.86277581406796
Manati,1990-1994,1,35,5,0.005004234206914794,2.5,0.024712009328564967,92709.1301518013,2291.0288891544624,457818.07853612036,0.9737440562968434,3590625.5460441327,38.73001008816355
Manati,1990-1994,1,40,5,0.005646394695601383,2.5,0.027838998543736393,90418.10126264684,2517.1493893782317,445797.6328397886,0.9697314689960788,3132807.4675080124,34.6480121099626
Manati,1990-1994,1,45,5,0.006662687468166729,2.5,0.03276763604572539,87900.95187326861,2880.306399056106,432303.99336870277,0.9616667398471866,2687009.8346682237,30.56860906969729
Manati,1990-1994,1,50,5,0.009016238405350747,2.5,0.04408743496592089,85020.6454742125,3748.3421781049547,415732.37192580017,0.9463067084861958,2254705.8412995213,26.51950980522011
Manati,1990-1994,1,55,5,0.013168117787207605,2.5,0.06374217767688228,81272.30329610755,5180.4735969099565,393410.3324882629,0.9206891279965791,1838973.469373721,22.62730837925934
Manati,1990-1994,1,60,5,0.020154719383446068,2.5,0.09593951205890063,76091.8296991976,7300.213013009983,362208.61596346303,0.8921821722336489,1445563.136885458,18.997613049915945
Manati,1990-1994,1,65,5,0.025748566198740677,2.5,0.12095667839182418,68791.61668618761,8320.805455564841,323156.06979202596,0.8393813279209575,1083354.520921995,15.748350934446309
Manati,1990-1994,1,70,5,0.04586580777086539,2.5,0.2057381704157779,60470.81123062277,12441.154066146199,271251.17098774837,0.7642606910735595,760198.451129969,12.571328805739586
Manati,1990-1994,1,75,5,0.06336831969165008,2.5,0.27351166231570917,48029.65716447657,13136.671371509605,207306.60739360884,0.6873153623663493,488947.28014222067,10.18011181024738
Manati,1990-1994,1,80,5,0.08977761700155368,2.5,0.3666056344149711,34892.98579296697,12791.965193263226,142485.01598167676,0.49408934941418525,281640.67274861183,8.071555538975382
Manati,1990-1994,1,85,NA,0.16722935750582435,6.296345281393946,1,22101.02059970374,22101.02059970374,139155.65676693505,0,139155.65676693505,6.296345281393946
Manati,1990-1994,2,0,1,0.010749388308120278,0.12693710469196962,0.010649444421522157,100000,1064.9444421522203,99070.23652199238,0.9890755087728106,7800181.69680683,78.0018169680683
Manati,1990-1994,2,1,4,2.765681064095311e-4,1.5066733539261834,0.0011055100939250677,98935.05555784778,109.37370256223949,395467.5178644129,0.9988383310672865,7701111.4602848375,77.84006808165142
Manati,1990-1994,2,5,5,1.3372981107530156e-4,2.5,6.684255843087389e-4,98825.68185528554,66.0576141388301,493963.26524108066,0.9992235045762193,7305643.942420425,73.92454881432921
Manati,1990-1994,2,10,5,1.7700580263264675e-4,2.5,8.846375482150818e-4,98759.62424114671,87.36647185133188,493579.7050261052,0.9983625851103161,6811680.677179344,68.97232274342089
Manati,1990-1994,2,15,5,4.787440558864094e-4,2.5,0.0023908587558874343,98672.25776929538,235.91143145089154,492771.51026784966,0.9966368522656401,6318100.972153239,64.0311787222456
Manati,1990-1994,2,20,5,8.694390899630955e-4,2.5,0.004337766889573121,98436.34633784449,426.99392387486296,491114.24687953526,0.9946795335856442,5825329.461885389,59.17864364746138
Manati,1990-1994,2,25,5,0.001265480421861769,2.5,0.006307447231849267,98009.35241396962,618.1888185788266,488501.29002340103,0.9930538503804852,5334215.215005854,54.42557351542657
Manati,1990-1994,2,30,5,0.0015235623177580013,2.5,0.007588906160143516,97391.1635953908,739.0924013526092,485108.0869735725,0.9919076700514725,4845713.924982453,49.755170244333996
Manati,1990-1994,2,35,5,0.001727347931046972,2.5,0.008599603387437075,96652.07119403819,831.1694788430468,481182.43227308337,0.9902752025109306,4360605.838008881,45.11652760399259
Manati,1990-1994,2,40,5,0.0021838081566592426,2.5,0.010859751747184225,95820.90171519514,1040.5912048183673,476503.03056392976,0.9855134324118111,3879423.4057357972,40.48619180464886
Manati,1990-1994,2,45,5,0.0036638961579444464,2.5,0.018153202170504975,94780.31051037677,1720.5661384781124,469600.1372056886,0.981167552423403,3402920.3751718677,35.903241473336465
Manati,1990-1994,2,50,5,0.003943345724324106,2.5,0.019524251438048385,93059.74437189866,1816.921847877442,460756.4172397997,0.9736344869603046,2933320.237966179,31.520828450201034
Manati,1990-1994,2,55,5,0.006781661475620315,2.5,0.033343004947762434,91242.82252402122,3042.3098828662623,448608.3379129404,0.9582313972410207,2472563.8207263793,27.09872132764673
Manati,1990-1994,2,60,5,0.010358437071202323,2.5,0.050484825632596916,88200.51264115496,4452.787501394356,429870.5944522889,0.9377988609166499,2023955.4828134389,22.947207699890935
Manati,1990-1994,2,65,5,0.015485216678492474,2.5,0.07454039786197797,83747.7251397606,6242.588751953343,403132.1538189197,0.905506557950688,1594084.88836115,19.034366434442195
Manati,1990-1994,2,70,5,0.024640528492392556,2.5,0.11605358810132504,77505.13638780726,8994.7491740876,365038.80900381727,0.8462916522013612,1190952.7345422301,15.366113654495615
Manati,1990-1994,2,75,5,0.04353441338010138,2.5,0.19630681212911044,68510.38721371966,13449.055711656278,308929.2967894576,0.7651052644364769,825913.925538413,12.05530955418419
Manati,1990-1994,2,80,5,0.06590397843157736,2.5,0.2829079874073495,55061.33150206338,15577.290479217641,236363.43131227282,0.5428037543703268,516984.6287489553,9.389250398522995
Manati,1990-1994,2,85,NA,0.14932388206882988,7.107205599201793,1,39484.04102284574,39484.04102284574,280621.19743668253,0,280621.19743668253,7.107205599201793
Manati,1995-1999,1,0,1,0.014939814500117162,0.11947834715574121,0.014745835538093005,100000,1474.5835538093088,98701.59725194286,0.9846697252807387,7075275.195555692,70.75275195555692
Manati,1995-1999,1,1,4,4.975857480519262e-4,1.6085707975237258,0.001987977416196909,98525.41644619069,195.8663028164301,393633.2653884265,0.9980097856867921,6976573.598303748,70.8098869301809
Manati,1995-1999,1,5,5,2.3831238971054692e-4,2.5,0.0011908524613131143,98329.55014337426,117.09598680803902,491355.01074985124,0.9986877470561001,6582940.332915322,66.94773161594597
Manati,1995-1999,1,10,5,2.86965358986532e-4,2.5,0.0014337981689170162,98212.45415656622,140.8168369345367,490710.2286904948,0.9959110276252843,6091585.322165471,62.024570859969735
Manati,1995-1999,1,15,5,0.001354160716661101,2.5,0.00674795903071293,98071.63731963169,661.783390707802,488703.72812138894,0.9894095761273394,5600875.093474976,57.110039625634045
Manati,1995-1999,1,20,5,0.002912857225097481,2.5,0.014458993665075024,97409.85392892388,1408.4484608741914,483528.14849243395,0.9864771857258811,5112171.365353587,52.48104949509252
Manati,1995-1999,1,25,5,0.0025304878011074184,2.5,0.012572900079845612,96001.40546804969,1207.016078474524,476989.4871440622,0.984057948613688,4628643.216861153,48.21432763712627
Manati,1995-1999,1,30,5,0.003908644565938353,2.5,0.019354102065029036,94794.38938957517,1834.660287437946,469385.29622928094,0.9801859164621513,4151653.729717091,43.79640774576962
Manati,1995-1999,1,35,5,0.004098190742935773,2.5,0.020283143240019147,92959.72910213722,1885.5155009320151,460084.8567583561,0.9776255955596098,3682268.43348781,39.61143679153807
Manati,1995-1999,1,40,5,0.004962606395798318,2.5,0.02450896116046831,91074.2136012052,2232.1343638721446,449790.73209634563,0.9703036777479553,3222183.576729454,35.37975733547058
Manati,1995-1999,1,45,5,0.007127585583382737,2.5,0.03501401445529391,88842.07923733306,3110.717846654341,436433.60157002945,0.9611533704467748,2772392.8446331085,31.205852771938485
Manati,1995-1999,1,50,5,0.008751013622308384,2.5,0.04281830909608187,85731.36139067872,3670.8719312539906,419479.6271252587,0.9497774434357301,2335959.2430630787,27.24742970566031
Manati,1995-1999,1,55,5,0.011937542928357373,2.5,0.05795802365327748,82060.48945942473,4756.063789088861,398412.2878244015,0.927251724107206,1916479.6159378202,23.35447459017941
Manati,1995-1999,1,60,5,0.018508207623215003,2.5,0.08844848099073858,77304.42567033587,6837.459024402662,369428.4807906727,0.9074081916248076,1518067.3281134188,19.637521590124805
Manati,1995-1999,1,65,5,0.020419162949901013,2.5,0.09713716571161267,70466.96664593321,6844.961416280705,335222.4296889643,0.854277580111166,1148638.847322746,16.30038728776523
Manati,1995-1999,1,70,5,0.04432962527320996,2.5,0.19953486219134053,63622.0052296525,12694.80804583546,286373.0060336739,0.7873525473603754,813416.4176337817,12.785142730060796
Manati,1995-1999,1,75,5,0.051729502773803594,2.5,0.22902866629769952,50927.19718381704,11663.788049289571,225476.51579586128,0.7063762188986008,527043.4116001078,10.348957742516106
Manati,1995-1999,1,80,5,0.09303825342425655,2.5,0.37740784930210136,39263.40913452747,14818.318797730495,159271.24867831112,0.47185433515985964,301566.89580424654,7.680609056921003
Manati,1995-1999,1,85,NA,0.19683035296293172,5.821031755883473,1,24445.090336796977,24445.090336796977,142295.64712593541,0,142295.64712593541,5.821031755883473
Manati,1995-1999,2,0,1,0.010106850132868477,0.1282576941274194,0.010018580737601389,100000,1001.8580737601442,99126.63793262327,0.9896843656944987,7829937.162166305,78.29937162166304
Manati,1995-1999,2,1,4,2.8088725290373865e-4,1.5076997691399225,0.0011227630153421515,98998.14192623986,111.15145234238298,395715.54491462605,0.9988211083553544,7730810.524233682,78.09046082898854
Manati,1995-1999,2,5,5,1.4254461894613443e-4,2.5,7.124691981047854e-4,98886.99047389747,70.45393480591883,494258.81753247255,0.999249268186086,7335094.979319056,74.17654176921535
Manati,1995-1999,2,10,5,1.578666221150613e-4,2.5,7.890217100949362e-4,98816.53653909155,77.96839264573646,493887.7617138434,0.998350572374508,6840836.161786583,69.22764550729185
Manati,1995-1999,2,15,5,5.027336508536997e-4,2.5,0.0025105129559089,98738.56814644582,247.88445457955822,493073.12959578016,0.9965047531362553,6346948.40007274,64.28033664271041
Manati,1995-1999,2,20,5,8.98505593501942e-4,2.5,0.004482459180893019,98490.68369186626,441.480469347036,491349.7172859637,0.9946331494097851,5853875.27047696,59.43582733968162
Manati,1995-1999,2,25,5,0.0012549698784167181,2.5,0.006255224097520753,98049.20322251922,613.3197387402179,488712.7167657456,0.9930699711521387,5362525.553190996,54.69218899230555
Manati,1995-1999,2,30,5,0.001527628168000866,2.5,0.007609081222982246,97435.883483779,741.3975514610938,485325.9235402423,0.9906582967119192,4873812.83642525,50.020717852233936
Manati,1995-1999,2,35,5,0.002229884062510279,2.5,0.011087610099918556,96694.48593231791,1072.1107588296,480792.15276451554,0.9890782893190312,4388486.912885008,45.38507931007323
Manati,1995-1999,2,40,5,0.002162417508274076,2.5,0.010753951210419041,95622.37517348831,1028.3183572400885,475541.0799743413,0.9875615575862957,3907694.760120493,40.86590354015717
Manati,1995-1999,2,45,5,0.0028483889795009984,2.5,0.014141245478064649,94594.05681624822,1337.6777782045392,469626.08963572973,0.983925816504019,3432153.680146151,36.28297374763419
Manati,1995-1999,2,50,5,0.0036397910887388404,2.5,0.018034847748390814,93256.37903804368,1681.8645975173567,462077.233696425,0.9743838130236151,2962527.5905104214,31.767559721591446
Manati,1995-1999,2,55,5,0.0067803709518879825,2.5,0.033336765665568126,91574.51444052633,3052.798128841998,450240.57688052667,0.9592385984823097,2500450.3568139966,27.305089981535534
Manati,1995-1999,2,60,5,0.009928905769906552,2.5,0.04844208656746765,88521.71631168433,4288.176644671432,431888.13994674303,0.9350907466321335,2050209.77993347,23.160529024479104
Manati,1995-1999,2,65,5,0.017147849698001694,2.5,0.0822147337468768,84233.5396670129,6925.238036280454,403854.60324436333,0.8980756059551767,1618321.639986727,19.212319064165907
Manati,1995-1999,2,70,5,0.026302805424498577,2.5,0.12339963561021886,77308.30163073244,9539.816250877266,362691.96752646903,0.8515749313676624,1214467.0367423636,15.709400040157853
Manati,1995-1999,2,75,5,0.03883066634586025,2.5,0.17697334905603987,67768.48537985518,11993.215818128243,308859.3873539553,0.7797666739742277,851775.0692158946,12.568896360034229
Manati,1995-1999,2,80,5,0.06317615988045781,2.5,0.2727953869506716,55775.269561726935,15215.236242369312,240838.25720271136,0.5563984146179898,542915.6818619393,9.733985799227561
Manati,1995-1999,2,85,NA,0.13708404086030043,7.44766214269994,1,40560.03331935762,40560.03331935762,302077.42465922795,0,302077.42465922795,7.44766214269994
Manati,2000-2004,1,0,1,0.012553700269939733,0.12423971879634876,0.012417185336030132,100000,1241.7185336030088,98912.55222783604,0.9870500227152064,7318453.371308292,73.18453371308293
Manati,2000-2004,1,1,4,4.470806783563839e-4,1.6155870205825413,0.001786418346856776,98758.28146639699,176.42360591562465,394612.45912976714,0.9981992800937585,7219540.819080456,73.10314347194206
Manati,2000-2004,1,5,5,2.2164688299494491e-4,2.5,0.0011076206633058182,98581.85786048137,109.1913027933333,492636.3110454235,0.9988338649300701,6824928.359950689,69.2310787001977
Manati,2000-2004,1,10,5,2.450929564689463e-4,2.5,0.0012247143601863113,98472.66655768803,120.6008888190554,492061.8305663925,0.9973371744388063,6332292.0489052655,64.30507337988692
Manati,2000-2004,1,15,5,8.222267143205378e-4,2.5,0.004102700197344927,98352.06566886898,403.50903922894213,490751.55574627256,0.9939283281891745,5840230.218338873,59.38085975745256
Manati,2000-2004,1,20,5,0.0016162553822531758,2.5,0.00804875480308856,97948.55662964004,788.3639156284044,487771.8733591292,0.9904643703392056,5349478.6625926,54.61518624332443
Manati,2000-2004,1,25,5,0.0022191575465878013,2.5,0.011034569114628825,97160.19271401163,1072.1208616934164,483120.66141582467,0.9883193229374121,4861706.789233471,50.03805214285414
Manati,2000-2004,1,30,5,0.0024821059565610674,2.5,0.01233399408235533,96088.07185231821,1185.1497096114326,477477.4849875625,0.9864237404729139,4378586.127817647,45.568466963800454
Manati,2000-2004,1,35,5,0.0029889769814945453,2.5,0.01483403840910418,94902.92214270678,1407.7935922011384,470995.126733031,0.9831233674936218,3901108.642830084,41.10630689499671
Manati,2000-2004,1,40,5,0.0038262502402387397,2.5,0.018949982760964545,93495.12855050564,1771.7310742662376,463046.3150668626,0.9782442578823418,3430113.516097053,36.687617518426336
Manati,2000-2004,1,45,5,0.004984487838834848,2.5,0.024615697581080908,91723.3974762394,2257.8354133843823,452972.39884773607,0.9669114003612277,2967067.20103019,32.347986257255656
Manati,2000-2004,1,50,5,0.008533307202285175,2.5,0.04177533166498912,89465.56206285502,3737.4535277704417,437984.17649484903,0.9521003956967312,2514094.802182454,28.101257558926964
Manati,2000-2004,1,55,5,0.011161149146719968,2.5,0.054290874368274476,85728.10853508458,4654.253970308084,417004.90774965275,0.9333008252698768,2076110.6256876052,24.217385186306174
Manati,2000-2004,1,60,5,0.016627565652094903,2.5,0.07981980561497344,81073.8545647765,6471.2993118171,389191.02454433974,0.9046850098003735,1659105.7179379524,20.464127761587527
Manati,2000-2004,1,65,5,0.023763442739589,2.5,0.1121542839370979,74602.5552529594,8366.996164273442,352095.2858541134,0.8588015933238962,1269914.6933936127,17.02240210255046
Manati,2000-2004,1,70,5,0.038094852391026876,2.5,0.17391143576836576,66235.55908868596,11519.121180033799,302379.9924933453,0.7969518526182919,917819.4075394992,13.856898321196125
Manati,2000-2004,1,75,5,0.054111683685753635,2.5,0.23831883490229264,54716.43790865216,13039.957732393625,240982.29521227675,0.7258321717455923,615439.4150461539,11.247797527931478
Manati,2000-2004,1,80,5,0.07654034882802332,2.5,0.3212334444135208,41676.480176258534,13387.879278051343,174912.7026861643,0.5328899000137535,374457.11983387725,8.984854725020442
Manati,2000-2004,1,85,NA,0.16998090123366041,7.053880743899187,1,28288.60089820719,28288.60089820719,199544.41714771296,0,199544.41714771296,7.053880743899187
Manati,2000-2004,2,0,1,0.008721918765159781,0.13110410201953004,0.008656317388081852,100000,865.6317388081807,99247.85613298787,0.9911269968961994,7984768.311000763,79.84768311000764
Manati,2000-2004,2,1,4,2.2478458525725255e-4,1.5099161716095908,8.986353456557856e-4,99134.36826119182,89.08564728876809,396315.6423151118,0.9990498249486522,7885520.454867776,79.54376058655659
Manati,2000-2004,2,5,5,1.0809023352173521e-4,2.5,5.403051633304825e-4,99045.28261390305,53.514677599814604,495092.6263755157,0.9993868212998226,7489204.8125526635,75.61394762986318
Manati,2000-2004,2,10,5,1.3726541477785867e-4,2.5,6.860916322580996e-4,98991.76793630324,67.91742364353559,494789.04612240737,0.9985016614143787,6994112.1861771485,70.65347282894822
Manati,2000-2004,2,15,5,4.6276339572247447e-4,2.5,0.0023111431974272667,98923.8505126597,228.62718417565338,494047.6846028594,0.9967136134898501,6499323.140054741,65.70026445971182
Manati,2000-2004,2,20,5,8.545997534387441e-4,2.5,0.0042638889710353775,98695.22332848405,420.8254742441932,492424.05295680976,0.9953286515478791,6005275.4554518815,60.84666767979968
Manati,2000-2004,2,25,5,0.0010186983222404006,2.5,0.005080552734834428,98274.39785423985,499.2882607825595,490123.7686192429,0.994405191071886,5512851.402495071,56.09651672118824
Manati,2000-2004,2,30,5,0.0012260849600865033,2.5,0.0061116911688753875,97775.1095934573,597.5712738381553,487381.61978269106,0.9934324642463369,5022727.633875829,51.37020714944747
Manati,2000-2004,2,35,5,0.0014101908200086222,2.5,0.007026183451535482,97177.53831961914,682.7872116022627,484180.72356909,0.9920268441463983,4535346.014093137,46.67072342557476
Manati,2000-2004,2,40,5,0.001793370342677518,2.5,0.008926828937709979,96494.75110801688,861.3921365281712,480320.275198764,0.989516707416498,4051165.290524048,41.9832710484858
Manati,2000-2004,2,45,5,0.0024253725811150613,2.5,0.01205377566309485,95633.3589714887,1152.7430549505516,475284.93722006714,0.9843657920200207,3570845.0153252836,37.33890614874109
Manati,2000-2004,2,50,5,0.0038891138252789034,2.5,0.019258324585402522,94480.61591653815,1819.5383683494292,467854.2336618172,0.9774351446775441,3095560.078105217,32.76397013372307
Manati,2000-2004,2,55,5,0.005255416005527484,2.5,0.02593631471889226,92661.07754818872,2403.2868694815115,457297.1705672398,0.9661884475281888,2627705.8444433995,28.358248295535432
Manati,2000-2004,2,60,5,0.008558583995029406,2.5,0.04189648354143273,90257.79067870721,3781.4840416565276,441835.24328939477,0.9490482862194375,2170408.67387616,24.046773774933342
Manati,2000-2004,2,65,5,0.012456796654982925,2.5,0.060402916164831406,86476.30663705069,5223.421100042033,419322.98043514835,0.9161071350125082,1728573.4305867648,19.98898308460088
Manati,2000-2004,2,70,5,0.02303262198664748,2.5,0.10889288811099998,81252.88553700865,8847.861373477368,384144.7742513498,0.8630232818657695,1309250.4501516165,16.11327944230714
Manati,2000-2004,2,75,5,0.03679861938183985,2.5,0.1684923795497224,72405.02416353129,12199.694812668538,331525.88378598506,0.7905680159705468,925105.6759002667,12.776816064736856
Manati,2000-2004,2,80,5,0.059418257861435515,2.5,0.2586673770347045,60205.32935086275,15573.154626698175,262093.7601875683,0.5584523535513023,593579.7921142817,9.85925662253313
Manati,2000-2004,2,85,NA,0.12278731299823736,7.427064308995939,1,44632.17472416457,44632.17472416457,331486.03192671336,0,331486.03192671336,7.427064308995939
Manati,2005-2009,1,0,1,0.012799694601430557,0.1237488494075754,0.012657728717005103,100000,1265.7728717005084,98890.86506478375,0.986907452873553,7435288.835199851,74.3528883519985
Manati,2005-2009,1,1,4,3.97462968429589e-4,1.6148622633756637,0.001588346115366869,98734.22712829949,156.82412611298787,394562.86137199274,0.9983243480445738,7336397.970135068,74.30450598050297
Manati,2005-2009,1,5,5,2.1123108929242354e-4,2.5,0.0010555980086690525,98577.4030021865,104.05811030886252,492626.8697351603,0.9988111410987376,6941835.1087630745,70.42014597005665
Manati,2005-2009,1,10,5,2.646270754667561e-4,2.5,0.0013222606124365954,98473.34489187764,130.207425325425,492041.20589607465,0.9970762599829027,6449208.239027915,65.4919181034122
Manati,2005-2009,1,15,5,9.075222906095961e-4,2.5,0.004527339798587027,98343.13746655222,445.23280017022626,490602.6053323355,0.9937002449265733,5957167.03313184,60.575320114816854
Manati,2005-2009,1,20,5,0.001622601732256038,2.5,0.008080231168552384,97897.90466638199,791.0377006212657,487511.9290803568,0.9905568622250147,5466564.427799504,55.839442595105055
Manati,2005-2009,1,25,5,0.002175194034695048,2.5,0.01081714669108805,97106.86696576072,1050.419224680605,482908.28676710214,0.9882507543274681,4979052.498719147,51.27394853007389
Manati,2005-2009,1,30,5,0.002554517892612883,2.5,0.012691537563587034,96056.44774108012,1219.1040147306485,477234.47866857395,0.9865160727896227,4496144.211952046,46.807312967385485
Manati,2005-2009,1,35,5,0.0028778578168623813,2.5,0.014286502775094575,94837.34372634947,1354.8939743290975,470799.4836959246,0.9843249522701836,4018909.7332834713,42.376869441640245
Manati,2005-2009,1,40,5,0.00344618031600314,2.5,0.0170837176512807,93482.44975202037,1597.0277769135428,463419.679317818,0.9783928247189541,3548110.2495875466,37.9548274462166
Manati,2005-2009,1,45,5,0.005311455343009072,2.5,0.026209253515985954,91885.42197510683,2408.248318968923,453406.48907811183,0.969313296606581,3084690.5702697285,33.571055168092045
Manati,2005-2009,1,50,5,0.007183669138487676,2.5,0.03528466234260702,89477.17365613791,3157.1718598276493,439492.93863112037,0.9544504932618122,2631284.0811916166,29.40732226638807
Manati,2005-2009,1,55,5,0.011562814032471882,2.5,0.05618978993354627,86320.00179631026,4850.302767998015,419474.2520615562,0.9383044223797432,2191791.1425604965,25.391463124994797
Manati,2005-2009,1,60,5,0.013977784504486583,2.5,0.06752915266319125,81469.69902831224,5501.5797431071405,393594.5457837933,0.9212483254241112,1772316.8904989401,21.754307572475835
Manati,2005-2009,1,65,5,0.019020805620245874,2.5,0.09078692687868214,75968.1192852051,6896.912090656915,362598.31619938323,0.884651960774466,1378722.3447151468,18.148696554393375
Manati,2005-2009,1,70,5,0.030654326528849866,2.5,0.14236163270866994,69071.20719454819,9833.089829374709,320773.3113993042,0.8297414809508208,1016124.0285157636,14.71125335414677
Manati,2005-2009,1,75,5,0.045133432461286566,2.5,0.2027860824190591,59238.11736517348,12012.665750363965,266158.92244995746,0.7513520712944469,695350.7171164594,11.738231193776276
Manati,2005-2009,1,80,5,0.07230397186147507,2.5,0.3061755825448851,47225.45161480951,14459.280159109585,199979.0576762736,0.5340566614707423,429191.794666502,9.08814590418678
Manati,2005-2009,1,85,NA,0.1594960001108586,6.995407971301299,1,32766.17145569993,32766.17145569993,229212.73699022838,0,229212.73699022838,6.995407971301299
Manati,2005-2009,2,0,1,0.006828399558661161,0.13499579523907046,0.006788303801914257,100000,678.8303801914299,99412.80886681496,0.9929570583720214,8126302.300936885,81.26302300936885
Manati,2005-2009,2,1,4,2.2172525939916714e-4,1.5129554297142855,8.864122339003576e-4,99321.16961980857,88.0394998362899,397065.72031919577,0.9991052753230755,8026889.4920700705,80.81750872242236
Manati,2005-2009,2,5,5,1.0590638656902325e-4,2.5,5.293917679220661e-4,99233.13011997228,52.53320219066518,496034.3175943848,0.9994146780298964,7629823.771750875,76.88786761564874
Manati,2005-2009,2,10,5,1.2829749681597116e-4,2.5,6.412817969565979e-4,99180.59691778162,63.60271141465637,495743.97781037143,0.9987529924268062,7133789.45415649,71.9272687990599
Manati,2005-2009,2,15,5,3.709681325322608e-4,2.5,0.0018531220396053368,99116.99420636696,183.67588646325748,495125.78131567664,0.9972849840230871,6638045.476346118,66.9718198125071
Manati,2005-2009,2,20,5,7.169848836472404e-4,2.5,0.0035785100741633157,98933.3183199037,354.03387627817574,493781.5069088231,0.995873313816865,6142919.6950304415,62.091515773959344
Manati,2005-2009,2,25,5,9.375585997261381e-4,2.5,0.004676830990843363,98579.28444362553,461.0386525411159,491743.82558677485,0.9947283654854016,5649138.188121619,57.305530467226994
Manati,2005-2009,2,30,5,0.0011773015093841915,2.5,0.005869232905025922,98118.24579108441,575.8788367804518,489151.5318634709,0.9935339561927662,5157394.362534844,52.56305105083192
Manati,2005-2009,2,35,5,0.0014182867175563038,2.5,0.007066378211883659,97542.36695430396,689.2712565814436,485988.65663006617,0.9919872792736463,4668242.830671373,47.85861750574827
Manati,2005-2009,2,40,5,0.0018012343608816558,2.5,0.008965798045627008,96853.09569772251,868.3652961195621,482094.56524831365,0.9902859730986981,4182254.174041307,43.18141969456586
Manati,2005-2009,2,45,5,0.0021048227040082923,2.5,0.010469024916707674,95984.73040160295,1004.8665341978631,477411.4856725201,0.9860024687003586,3700159.6087929932,38.54946087061365
Manati,2005-2009,2,50,5,0.003543794185884722,2.5,0.017563368521297796,94979.86386740509,1668.1663512059167,470728.9034590107,0.9793961278417556,3222748.1231204732,33.93085641415039
Manati,2005-2009,2,55,5,0.004796582857403335,2.5,0.023698731958382246,93311.69751619917,2211.368908018063,461030.0653109507,0.9671804537963471,2752019.2196614626,29.492756995270657
Manati,2005-2009,2,60,5,0.008613941267481504,2.5,0.042161759046996185,91100.32860818111,3840.950103880299,445899.26778120484,0.9508561863024624,2290989.1543505117,25.14797903972405
Manati,2005-2009,2,65,5,0.011614358060263626,2.5,0.05643320177166022,87259.37850430081,4924.326113602874,423986.07723749685,0.9311788199141188,1845089.886569307,21.144889159144846
Manati,2005-2009,2,70,5,0.01709028774468535,2.5,0.08195006331649168,82335.05239069794,6747.3627565843635,394806.85506202874,0.8782459389070442,1421103.80933181,17.260009777954107
Manati,2005-2009,2,75,5,0.035993718037383174,2.5,0.16511117728671945,75587.68963411357,12480.372423871639,346737.51711088873,0.8055960482517207,1026296.9542697812,13.577567448319018
Manati,2005-2009,2,80,5,0.05184715435555063,2.5,0.22948979032300382,63107.317210241934,14482.484994425715,279330.37356514536,0.5889537275312193,679559.4371588925,10.768314471282961
Manati,2005-2009,2,85,NA,0.12538761326262118,8.230960300641705,1,48624.83221581622,48624.83221581622,400229.06359374715,0,400229.06359374715,8.230960300641705
Manati,2010-2014,1,0,1,0.010284880216748938,0.12876703577148835,0.01019354072315609,100000,1019.3540723156038,99111.90512997807,0.9893995730260874,7562741.953405335,75.62741953405335
Manati,2010-2014,1,1,4,3.5584125427942057e-4,1.6222868618011308,0.0014221617425282634,98980.6459276844,140.7664878890937,395587.8813830656,0.9985413160190885,7463630.048275356,75.40494384860158
Manati,2010-2014,1,5,5,1.7913450487565e-4,2.5,8.952715892960555e-4,98839.8794397953,88.48853595189576,493978.17585909675,0.999014219781631,7068042.166892291,71.51002416183167
Manati,2010-2014,1,10,5,2.1538990958410174e-4,2.5,0.0010763699498550629,98751.3909038434,106.29302967528929,493491.2219450288,0.997326612353172,6574063.991033194,66.57186223771285
Manati,2010-2014,1,15,5,8.5625424867807e-4,2.5,0.004272126177913532,98645.09787416812,421.42430495106964,492171.9286084629,0.9929854027259831,6080572.769088165,61.640901576726655
Manati,2010-2014,1,20,5,0.00196335681831442,2.5,0.009768834820442841,98223.67356921705,959.5308425547701,488719.54073969834,0.989001441465468,5588400.840479703,56.894642985854354
Manati,2010-2014,1,25,5,0.0024631577805273052,2.5,0.012240413726866017,97264.14272666228,1190.5533477632998,483344.33026390313,0.9877734265027882,5099681.299740004,52.43125736553752
Manati,2010-2014,1,30,5,0.0024575186507617094,2.5,0.012212561758073436,96073.58937889898,1173.3046436095901,477434.6852854709,0.9881463205366865,4616336.969476101,48.050010406814316
Manati,2010-2014,1,35,5,0.002311351150225602,2.5,0.01149036010849482,94900.28473528939,1090.4384460071742,471775.327561429,0.9878105111074509,4138902.28419063,43.613170347544255
Manati,2010-2014,1,40,5,0.0025960894098190934,2.5,0.012896744295876294,93809.84628928221,1209.8416000283178,466024.6274463402,0.983121247878172,3667126.956629201,39.09106668100543
Manati,2010-2014,1,45,5,0.004226753768042904,2.5,0.020912785849243113,92600.0046892539,1936.5240677052934,458158.71327700623,0.9751550826145817,3201102.329182861,34.56913787342761
Manati,2010-2014,1,50,5,0.005856722984831794,2.5,0.028861037174691222,90663.4806215486,2616.6420846054098,446775.7978962295,0.9627597678124972,2742943.6159058544,30.25411772305067
Manati,2010-2014,1,55,5,0.009389019143070205,2.5,0.04586844641179299,88046.83853694319,4038.5716951595678,430137.76344681706,0.943148569281998,2296167.818009625,26.078935441233202
Manati,2010-2014,1,60,5,0.014156362612408803,2.5,0.06836240555674927,84008.26684178362,5743.00720795762,405683.816189024,0.9196087226442665,1866030.054562808,22.212457472514966
Manati,2010-2014,1,65,5,0.019573703344316448,2.5,0.09330281277544034,78265.259633826,7302.368866436096,373070.37600303977,0.8878020455415372,1460346.2383737839,18.658933033713808
Manati,2010-2014,1,70,5,0.028503514455897692,2.5,0.13303748274779353,70962.89076738991,9440.72435620019,331212.6429464491,0.8367966371397819,1087275.862370744,15.321752688101988
Manati,2010-2014,1,75,5,0.04395073911135463,2.5,0.19799826980502278,61522.16641118972,12181.28250407226,277157.62579576793,0.7630430201651387,756063.2194242951,12.289281465985267
Manati,2010-2014,1,80,5,0.06661754511769043,2.5,0.28553382021196017,49340.88390711746,14088.491074634076,211483.19184900212,0.558403170347926,478905.59362852713,9.70606028319336
Manati,2010-2014,1,85,NA,0.149086501476064,7.58593616751905,1,35252.39283248338,35252.39283248338,267422.40177952504,0,267422.40177952504,7.58593616751905
Manati,2010-2014,2,0,1,0.0070791857213689195,0.1344803619624421,0.007036074466981157,100000,703.6074466981227,99391.01393741331,0.9927668814631624,8213294.880514883,82.13294880514883
Manati,2010-2014,2,1,4,1.955886891273488e-4,1.5125523068422217,7.819743129990907e-4,99296.39255330188,77.64722835014982,396992.42679416784,0.9991840031086794,8113903.86657747,81.71398434461716
Manati,2010-2014,2,5,5,9.301472746004266e-5,2.5,4.6496551569841075e-4,99218.74532495173,46.133295086969156,495978.3933870412,0.9994852457188544,7716911.439783302,77.77674888459447
Manati,2010-2014,2,10,5,1.1294512398432081e-4,2.5,5.645662074208678e-4,99172.61202986476,55.989505453719175,495723.0863856895,0.9988198647265869,7220933.046396261,72.81176625883117
Manati,2010-2014,2,15,5,3.595332832904714e-4,2.5,0.0017960520652124407,99116.62252441104,178.01861458185886,495138.0660856005,0.9973651390108945,6725209.960010571,67.85148432952552
Manati,2010-2014,2,20,5,6.962456227820347e-4,2.5,0.0034751791681995672,98938.60390982918,343.8293752381869,493833.44611105043,0.9964374101020961,6230071.893924971,62.96907018824466
Manati,2010-2014,2,25,5,7.313960003818875e-4,2.5,0.003650305454884751,98594.774534591,359.9010433067451,492074.12006468815,0.9958531061223999,5736238.447813921,58.17994386509215
Manati,2010-2014,2,30,5,9.312232345883018e-4,2.5,0.004645301640892333,98234.87349128425,456.33061902193003,490033.5409088664,0.9944230076789704,5244164.327749233,53.3839373062817
Manati,2010-2014,2,35,5,0.0013068620534603093,2.5,0.006513031184033007,97778.54287226232,636.8346988563426,487300.6276141707,0.9922292129347426,4754130.786840366,48.62141168386149
Manati,2010-2014,2,40,5,0.001815561111443612,2.5,0.00903678845299904,97141.70817340598,877.8490667260485,483513.91820021474,0.9902728634391098,4266830.159226196,43.923771153061786
Manati,2010-2014,2,45,5,0.002095678463514814,2.5,0.010423780088971888,96263.85910667993,1003.4332978438033,478810.71228879015,0.985098042270232,3783316.2410259806,39.301522670447866
Manati,2010-2014,2,50,5,0.003923573555668532,2.5,0.01942730661213952,95260.42580883612,1850.6535001912416,471675.4952937025,0.97778129169783,3304505.5287371906,34.68917444656932
Manati,2010-2014,2,55,5,0.005076707651646802,2.5,0.025065413812993712,93409.77230864488,2341.3545970936975,461195.4750504902,0.9696417394836293,2832830.033443488,30.326912949570648
Manati,2010-2014,2,60,5,0.007287842784763714,2.5,0.035787185470277164,91068.41771155118,3259.082355127961,447194.38266993605,0.9587312786124488,2371634.558392998,26.04233847462772
Manati,2010-2014,2,65,5,0.009616506706238044,2.5,0.04695370693708225,87809.33535642322,4122.973798665465,428739.2422854525,0.9422548814868387,1924440.175723062,21.916122789355445
Manati,2010-2014,2,70,5,0.01430774301508863,2.5,0.06906819028273656,83686.36155775776,5780.065544141107,403981.64392843604,0.8946090209165748,1495700.9334376093,17.87269640591702
Manati,2010-2014,2,75,5,0.031129407335675,2.5,0.1444086476403954,77906.29601361665,11250.342849998706,361405.6229430865,0.8225316427689013,1091719.2895091732,14.013235712276193
Manati,2010-2014,2,80,5,0.048457631882209494,2.5,0.21610795953601802,66655.95316361795,14404.882029117864,297267.5607452951,0.5929590608059708,730313.6665660868,10.956465730426395
Manati,2010-2014,2,85,NA,0.12411671539210282,8.287793846485611,1,52251.07113450008,52251.07113450008,433046.10582079174,0,433046.10582079174,8.287793846485611
Manati,2015-2019,1,0,1,0.011277484182529867,0.1267863441879708,0.011167510412971694,100000,1116.751041297175,99024.83774059701,0.9884636616290524,7676165.146381218,76.76165146381219
Manati,2015-2019,1,1,4,3.4649863224952177e-4,1.6193522911257163,0.0013848521766588915,98883.24895870282,136.93868255555572,395206.99307392916,0.9985937384747801,7577140.308640621,76.62713744170264
Manati,2015-2019,1,5,5,1.5783201564227022e-4,2.5,7.888488142153896e-4,98746.31027614727,77.89590976947511,493536.8116063127,0.9991286238635566,7181933.315566692,72.73115618682036
Manati,2015-2019,1,10,5,1.9088477136966763e-4,2.5,9.539686116475177e-4,98668.4143663778,94.12657026655506,493106.7554062226,0.997951824910605,6688396.503960379,67.78660168921813
Manati,2015-2019,1,15,5,6.296749489331812e-4,2.5,0.0031434264025172053,98574.28779611124,309.8610188676248,492096.78643338714,0.9940502734807777,6195289.748554156,62.848942529195334
Manati,2015-2019,1,20,5,0.0017606912904184805,2.5,0.00876487585066275,98264.42677724361,861.2755012390844,489168.94513312035,0.9905214830648775,5703192.96212077,58.03924318461025
Manati,2015-2019,1,25,5,0.0020501478446959655,2.5,0.010198468303948476,97403.15127600453,993.3629509930324,484532.34900254005,0.9885208746777799,5214024.016987649,53.53034217766766
Manati,2015-2019,1,30,5,0.0025710152909219353,2.5,0.012772977652471902,96409.7883250115,1231.4400717549142,478970.34144567023,0.9863055895185494,4729491.667985109,49.05613579444133
Manati,2015-2019,1,35,5,0.0029471078056824305,2.5,0.014627765027183898,95178.34825325658,1392.2465139241103,472411.1249814727,0.9862111282695086,4250521.326539438,44.658490135060774
Manati,2015-2019,1,40,5,0.0026043519616544436,2.5,0.012937525135855919,93786.10173933247,1213.3600486465439,465897.108575046,0.9841296134495886,3778110.201557966,40.284329250178054
Manati,2015-2019,1,45,5,0.003804176408620874,2.5,0.018841689268569228,92572.74169068593,1744.226833675435,458503.14136924106,0.9796815829513875,3312213.09298292,35.779572177413144
Manati,2015-2019,1,50,5,0.004412852590124291,2.5,0.021823503194131927,90828.5148570105,1982.1963841002434,449187.0833248019,0.9679382021456825,2853709.951613679,31.41865697249611
Manati,2015-2019,1,55,5,0.00869049959280006,2.5,0.042528512903817754,88846.31847291025,3778.50180163185,434785.3378604716,0.9494755361515548,2404522.868288877,27.06384360790402
Manati,2015-2019,1,60,5,0.012132261978300548,2.5,0.05887557513728121,85067.8166712784,5008.416632194334,412818.04177590617,0.9307314753441529,1969737.5304284054,23.154908724646408
Manati,2015-2019,1,65,5,0.016734308763200586,2.5,0.08031164418818929,80059.40003908407,6429.70204985881,384222.7450707733,0.9026235571147017,1556919.4886524992,19.447054160940866
Manati,2015-2019,1,70,5,0.02461299421647567,2.5,0.11593142250341733,73629.69798922526,8535.9956263879,346808.5008801566,0.8458053756505121,1172696.743581726,15.926953058443004
Manati,2015-2019,1,75,5,0.04382196731111183,2.5,0.19747543176650992,65093.70236283736,12854.406979381994,293332.4943657318,0.7732043347454512,825888.2427015693,12.687682720795387
Manati,2015-2019,1,80,5,0.060651882928393755,2.5,0.26333066324542437,52239.29538345536,13756.208300798935,226805.95616527947,0.5741179080800152,532555.7483358376,10.194543100680923
Manati,2015-2019,1,85,NA,0.11587645785606537,7.945043273525568,1,38483.08708265643,38483.08708265643,305749.7921705581,0,305749.7921705581,7.945043273525568
Manati,2015-2019,2,0,1,0.005353780690168624,0.13802653516091712,0.005329187465833362,100000,532.9187465833384,99540.63818152985,0.9944692479778079,8414285.445027314,84.14285445027315
Manati,2015-2019,2,1,4,1.7643194506454187e-4,1.5153294119930891,7.054185422180077e-4,99467.08125341666,70.16592345645768,397693.98580737406,0.9992887878153854,8314744.806845783,83.59293046572807
Manati,2015-2019,2,5,5,8.339380035640869e-5,2.5,4.1688208832792807e-4,99396.9153299602,41.43679363610863,496880.98466571077,0.9995373685418388,7917050.821038409,79.65087039931564
Manati,2015-2019,2,10,5,1.0170583522684232e-4,2.5,5.083999080410201e-4,99355.4785363241,50.512316151245614,496651.1118912423,0.9988862367360946,7420169.836372699,74.68304662897783
Manati,2015-2019,2,15,5,3.441828085035726e-4,2.5,0.0017194345429927497,99304.96622017285,170.74838920967886,496097.96012784005,0.9977182877691525,6923518.724481456,69.719763149922
Manati,2015-2019,2,20,5,5.698022085037766e-4,2.5,0.002844958383593701,99134.21783096317,282.032724119199,494966.00734451786,0.996512154242806,6427420.764353616,64.83554220716414
Manati,2015-2019,2,25,5,8.282248147800317e-4,2.5,0.004132567336857321,98852.18510684397,408.5133113495249,493239.64225584606,0.9952806866215007,5932454.757009098,60.01339020070249
Manati,2015-2019,2,30,5,0.0010645243606767635,2.5,0.005308494249765348,98443.67179549445,522.5876656521577,490911.88981334184,0.9946713681149675,5439215.114753253,55.25205445457789
Manati,2015-2019,2,35,5,0.0010726441189900357,2.5,0.0053488769913303,97921.08412984229,523.7678338682454,488296.0010645409,0.9936653997200965,4948303.224939911,50.53358292457745
Manati,2015-2019,2,40,5,0.0014705110929522805,2.5,0.007325624434776051,97397.31629597404,713.4961601393879,485202.8410795217,0.9916054857385697,4460007.22387537,45.7918903055004
Manati,2015-2019,2,45,5,0.0019032716526514652,2.5,0.009471292158558913,96683.82013583466,915.7207075120532,481129.79891039315,0.987720174250442,3974804.382795848,41.111370829281455
Manati,2015-2019,2,50,5,0.003046063779607344,2.5,0.0151152141323131,95768.0994283226,1447.555329903742,475221.60881685367,0.9825120997751912,3493674.583885455,36.48056716944965
Manati,2015-2019,2,55,5,0.004019386948231774,2.5,0.01989700038204746,94320.54409841886,1876.6959019611677,466910.9807371914,0.9785273213575284,3018452.9750686013,32.00207339685184
Manati,2015-2019,2,60,5,0.0046699610823510715,2.5,0.023080344633738332,92443.8481964577,2133.635875643231,456885.1512931804,0.9693881808007492,2551541.9943314097,27.600992863354005
Manati,2015-2019,2,65,5,0.007813966321615585,2.5,0.038321229614060016,90310.21232081446,3460.7983828404394,442899.0656469712,0.9496193535418836,2094656.8430382295,23.194019692892013
Manati,2015-2019,2,70,5,0.012992882059123682,2.5,0.06292061012937086,86849.41393797402,5464.618114355617,420585.5244039811,0.9127633979292146,1651757.7773912582,19.018640454740524
Manati,2015-2019,2,75,5,0.023995001134882253,2.5,0.11318530204675177,81384.7958236184,9211.562697309477,383895.0723748184,0.8531017135033157,1231172.252987277,15.127791874732242
Manati,2015-2019,2,80,5,0.0407504907252262,2.5,0.18491410257161106,72173.23312630893,13345.848633243084,327501.5440484369,0.6134658745185363,847277.1806124587,11.739493215298474
Manati,2015-2019,2,85,NA,0.09847477350630031,8.835606767886974,1,58827.384493065845,58827.384493065845,519775.63656402176,0,519775.63656402176,8.835606767886974
Manati,2020-2024,1,0,1,0.009982832951740132,0.12936975598645015,0.009896816196056233,100000,989.681619605617,99138.35325002704,0.9897000231957935,7648467.355680533,76.48467355680533
Manati,2020-2024,1,1,4,3.5045496767064125e-4,1.6231808928012825,0.0014006531713229918,99010.31838039438,138.6791164331953,395711.6583478697,0.9985926406484594,7549329.002430506,76.24790149069345
Manati,2020-2024,1,5,5,1.6562989459396025e-4,2.5,8.27806699128999e-4,98871.63926396119,81.84660533658462,494153.5798064645,0.9990619212306358,7153617.344082636,72.35257144856641
Manati,2020-2024,1,10,5,2.097984205959554e-4,2.5,0.0010484421991860885,98789.7926586246,103.5753874721413,493690.0248244427,0.9976599699928655,6659463.764276172,67.41044378226847
Manati,2020-2024,1,15,5,7.279169297160664e-4,2.5,0.0036329733914881516,98686.21727115246,358.5244014527125,492534.7753521305,0.9938970085205816,6165773.739451729,62.47857005715915
Manati,2020-2024,1,20,5,0.001723799998755916,2.5,0.008582015796730263,98327.69286969975,843.8498134637921,489528.83981483924,0.9900240490224844,5673238.964099598,57.69726511957894
Manati,2020-2024,1,25,5,0.0022894195292410186,2.5,0.011381952485452373,97483.84305623596,1109.55646976539,484645.3241067663,0.9880209834003012,5183710.124284759,53.17506944504033
Manati,2020-2024,1,30,5,0.0025325242607976937,2.5,0.012582954708807038,96374.28658647057,1212.6732832111447,478839.74972432497,0.9878624729635118,4699064.800177993,48.75849115585223
Manati,2020-2024,1,35,5,0.0023510221486906973,2.5,0.011686423144325284,95161.61330325942,1112.0988801585481,473027.81931590074,0.9849474260677544,4220225.0504536675,44.347977130281784
Manati,2020-2024,1,40,5,0.0037260947407715666,2.5,0.01845852814227455,94049.51442310087,1736.015608746049,465907.53309363924,0.9801574951785121,3747197.2311377674,39.842813162014195
Manati,2020-2024,1,45,5,0.00429615363708122,2.5,0.021252508085633122,92313.49881435483,1961.8933799651713,456662.7606218612,0.9765274776701278,3281289.698044128,35.545069141436166
Manati,2020-2024,1,50,5,0.005215270856503178,2.5,0.025740741929491773,90351.60543438965,2325.717358401889,445943.7337759435,0.9688632494815951,2824626.9374222667,31.262609267894163
Manati,2020-2024,1,55,5,0.007472085822981093,2.5,0.03667532615339548,88025.88807598776,3228.378155129132,432058.494992116,0.9502115326055982,2378683.203646323,27.022541386835435
Manati,2020-2024,1,60,5,0.013095295844977282,2.5,0.06340084710086638,84797.50992085863,5376.233961026563,410546.96470172674,0.9251375895337529,1946624.7086542072,22.9561541426274
Manati,2020-2024,1,65,5,0.018213148543681397,2.5,0.08709983704292393,79421.27595983207,6917.58019384247,379812.4293145542,0.8932792493761891,1536077.7439524806,19.340884736343998
Manati,2020-2024,1,70,5,0.027399216676011355,2.5,0.12821369626786772,72503.6957659896,9295.966827238473,339278.56176185183,0.8412480345575205,1156265.3146379264,15.947674148499244
Manati,2020-2024,1,75,5,0.042914298777493295,2.5,0.19378150082732887,63207.72893875113,12248.488577638178,285417.4232496602,0.7760369530071979,816986.7528760745,12.92542489017035
Manati,2020-2024,1,80,5,0.06014007430802675,2.5,0.26139898550878143,50959.24036111295,13320.693732693078,221494.46747383205,0.5833197004998428,531569.3296264143,10.431264788477018
Manati,2020-2024,1,85,NA,0.11905816952118019,8.238226231574334,1,37638.54662841987,37638.54662841987,310074.86215258227,0,310074.86215258227,8.238226231574334
Manati,2020-2024,2,0,1,0.006188270615354091,0.1363114330523812,0.006155371762423321,100000,615.537176242331,99468.36757834828,0.9936204307439992,8451403.953577941,84.51403953577942
Manati,2020-2024,2,1,4,1.9842473752132198e-4,1.5139852101425373,7.933076218815682e-4,99384.46282375767,78.84245185468171,397341.84779365134,0.9992197822322384,8351935.585999592,84.0366325751582
Manati,2020-2024,2,5,5,8.501357171972406e-5,2.5,4.2497753645293404e-4,99305.62037190299,42.20265790159465,496422.5952147609,0.999528380228988,7954593.738205941,80.1021503960774
Manati,2020-2024,2,10,5,1.036832357489774e-4,2.5,5.182818359004468e-4,99263.41771400139,51.44642637055949,496188.47250408056,0.9988913241245607,7458171.14299118,75.13514358814166
Manati,2020-2024,2,15,5,3.4016424632034374e-4,2.5,0.001699376064156522,99211.97128763083,168.59844928399252,495638.36031494424,0.997626724615512,6961982.670487099,70.17280858479504
Manati,2020-2024,2,20,5,6.105950175999492e-4,2.5,0.0030483218626463134,99043.37283834684,301.9160787733708,494462.0739948008,0.9966163262214962,6466344.3101721555,65.28800589945749
Manati,2020-2024,2,25,5,7.453966729785266e-4,2.5,0.003720051080645575,98741.45675957347,367.323262922946,492788.97564056,0.9957872552345308,5971882.236177354,60.479989177376105
Manati,2020-2024,2,30,5,9.436767022971141e-4,2.5,0.004707278139706387,98374.13349665052,463.0744081213488,490712.9814629493,0.9944346339418274,5479093.260536795,55.696483067099635
Manati,2020-2024,2,35,5,0.0012896470790526415,2.5,0.006427512338979359,97911.05908852917,629.3245404140616,487981.9840916107,0.9934904150399941,4988380.279073846,50.94807803644994
Manati,2020-2024,2,40,5,0.0013227977694146387,2.5,0.006592188516410521,97281.73454811511,641.299533344587,484805.42390721414,0.9910231847841403,4500398.294982234,46.26149313524377
Manati,2020-2024,2,45,5,0.002288471502736017,2.5,0.011377266140327129,96640.43501477053,1099.5039490800264,480453.41520115256,0.9867631834075545,4015592.87107502,41.55189150857275
Manati,2020-2024,2,50,5,0.0030465821838435696,2.5,0.01511776711930492,95540.9310656905,1444.3655462126626,474093.74146292085,0.9820229804600313,3535139.455873868,37.001308407212754
Manati,2020-2024,2,55,5,0.0042200902775233595,2.5,0.020880160976788627,94096.56551947784,1964.7514354096347,465570.94900886505,0.9735309967608755,3061045.7144109467,32.53089735541214
Manati,2020-2024,2,60,5,0.0065406351100400564,2.5,0.032177030019494485,92131.8140840682,2964.5281475335505,453247.75005150714,0.9604512449446776,2595474.765402082,28.171319442747212
Manati,2020-2024,2,65,5,0.009660945270182233,2.5,0.04716556646038388,89167.28593653465,4205.625550931669,435322.3658053441,0.9465594721009355,2142227.0153505746,24.024809018806714
Manati,2020-2024,2,70,5,0.012376682326617093,2.5,0.0600261016543817,84961.66038560298,5099.917263031253,412058.5087704368,0.9112118847400072,1706904.6495452307,20.090292983898312
Manati,2020-2024,2,75,5,0.0253931760163357,2.5,0.11938685173154055,79861.74312257173,9534.442085196846,375472.61039986653,0.8565528179455824,1294846.140774794,16.21359727632623
Manati,2020-2024,2,80,5,0.03734235196627825,2.5,0.17076942947961996,70327.30103737488,12009.753074993998,321612.12249938946,0.6501834000286765,919373.5303749273,13.072782785825003
Manati,2020-2024,2,85,NA,0.1067062671960542,10.250112166258054,1,58317.547962380886,58317.547962380886,597761.4078755379,0,597761.4078755379,10.250112166258054
Maricao,1980-1984,1,0,1,0.016181186367268736,0.11700125166343361,0.015953246897131724,100000,1595.3246897131758,98591.33029579284,0.9835501957499073,7156908.107680762,71.56908107680762
Maricao,1980-1984,1,1,4,4.618593612185713e-4,1.6049328670989422,0.0018453960969132847,98404.67531028682,181.59560373562272,393183.7675791608,0.9981107804648712,7058316.777384969,71.72745354962949
Maricao,1980-1984,1,5,5,2.195163166579149e-4,2.5,0.0010969795710023859,98223.0797065512,107.74871183902724,490846.0267531584,0.9988118751953156,6665133.009805808,67.85709661841587
Maricao,1980-1984,1,10,5,2.560378100890014e-4,2.5,0.0012793701326273789,98115.33099471217,125.52582402748521,490262.8404134922,0.9972235721046372,6174286.98305265,62.92887075298565
Maricao,1980-1984,1,15,5,8.569125038356858e-4,2.5,0.004275403402591872,97989.80517068469,418.9459464460524,488901.66098730837,0.9936395375444601,5684024.142639157,58.00628068132571
Maricao,1980-1984,1,20,5,0.0016980730079943626,2.5,0.00845447425365453,97570.85922423864,824.9103172182804,485792.0203281475,0.990758360846949,5195122.481651849,53.24461138250663
Maricao,1980-1984,1,25,5,0.002017225119874377,2.5,0.0100355158626493,96745.94890702036,970.8955049034557,481302.50577284314,0.988533510091382,4709330.461323702,48.677288450079686
Maricao,1980-1984,1,30,5,0.0025991742488682204,2.5,0.012911970093915447,95775.0534021169,1236.6446252712922,475783.6554474063,0.9848133167693267,4228027.955550859,44.14539909259301
Maricao,1980-1984,1,35,5,0.0035290942803275624,2.5,0.01749115159402081,94538.40877684561,1653.585639373312,468558.0797857947,0.9796932880468027,3752244.3001034525,39.690157139840224
Maricao,1980-1984,1,40,5,0.004688804707552475,2.5,0.02317239643404927,92884.8231374723,2152.3639444480505,459043.20582624135,0.9749448199921477,3283686.2203176576,35.35223634390415
Maricao,1980-1984,1,45,5,0.0054703273315831105,2.5,0.026982627150961006,90732.45919302425,2448.2001168951683,447541.7956728833,0.9685691623773677,2824643.0144914165,31.13156018930635
Maricao,1980-1984,1,50,5,0.007332473501466679,2.5,0.03600240088120682,88284.25907612908,3178.445286759117,433475.1821637476,0.9524353163635635,2377101.2188185332,26.92553852401612
Maricao,1980-1984,1,55,5,0.012277369131747208,2.5,0.059558782756391634,85105.81378936996,5068.798674787002,412857.0722598823,0.9281704717807505,1943626.0366547855,22.837758669050547
Maricao,1980-1984,1,60,5,0.01772782334303716,2.5,0.0848773883490117,80037.01511458296,6793.332814176174,383201.74353747437,0.8950390959130542,1530768.964394903,19.125762776178203
Maricao,1980-1984,1,65,5,0.027101093575131924,2.5,0.12690716077674727,73243.68230040678,9295.14776557871,342980.5420880871,0.8445201281535448,1147567.2208574289,15.667798024554747
Maricao,1980-1984,1,70,5,0.04155123601396298,2.5,0.18820572846340772,63948.534534828075,12035.480526294712,289653.9713584036,0.7793617590196312,804586.6787693417,12.581784471247614
Maricao,1980-1984,1,75,5,0.0599260354227978,2.5,0.2605898810129737,51913.05400853336,13528.01656710379,225745.22862490732,0.6850094570390924,514932.70741093805,9.91913724294268
Maricao,1980-1984,1,80,5,0.09645148849061036,2.5,0.38856359876715163,38385.03744142957,14915.02828705373,154637.61648951354,0.46526863079044434,289187.4787860307,7.533859494791222
Maricao,1980-1984,1,85,NA,0.18235600918416503,5.732842344095598,1,23470.009154375843,23470.009154375843,134549.86229651715,0,134549.86229651715,5.732842344095598
Maricao,1980-1984,2,0,1,0.009782288980175996,0.1289247549277137,0.00969963730595525,100000,969.9637305955257,99155.08860566028,0.9900338349897061,7882757.986988016,78.82757986988017
Maricao,1980-1984,2,1,4,2.618774317219818e-4,1.5082186901032109,0.0010468266292890031,99030.03626940447,103.66727906627057,395861.8288891927,0.9989130902864788,7783602.898382356,78.59840500520059
Maricao,1980-1984,2,5,5,1.2373928139626964e-4,2.5,6.185050735479963e-4,98926.3689903382,61.186461128192605,494478.87879887054,0.9993118792763847,7387741.069493163,74.67918963259127
Maricao,1980-1984,2,10,5,1.516133363285833e-4,2.5,7.577794579633587e-4,98865.18252921001,74.91800442844396,494138.61763497896,0.9983348579373005,6893262.190694293,69.72386045671496
Maricao,1980-1984,2,15,5,5.153015390187729e-4,2.5,0.002573192769607937,98790.26452478157,254.20639438282524,493315.80663795077,0.9963599787797167,6399123.573059314,64.77483994846568
Maricao,1980-1984,2,20,5,9.441436520229028e-4,2.5,0.0047096019082514375,98536.05813039874,464.0656074025028,491520.12663348747,0.9944612787699758,5905807.766421363,59.935498521828926
Maricao,1980-1984,2,25,5,0.0012784256834607296,2.5,0.00637176385091376,98071.99252299624,624.8915767451253,488797.7336731184,0.9932966323376735,5414287.639787875,55.20727682287392
Maricao,1980-1984,2,30,5,0.0014123891451923523,2.5,0.0070370979241574224,97447.10094625111,685.7447917840036,485521.14275179553,0.9923355799096982,4925489.906114757,50.54526874874922
Maricao,1980-1984,2,35,5,0.0016661489564637855,2.5,0.008296188069582024,96761.35615446711,802.7504085252731,481799.9047510224,0.9906842484410295,4439968.763362962,45.885764108918856
Maricao,1980-1984,2,40,5,0.0020795239960322938,2.5,0.010343844299083553,95958.60574594184,992.5808769931609,477311.57653722627,0.9877055894450458,3958168.858611939,41.2487116485572
Maricao,1980-1984,2,45,5,0.002873569063777474,2.5,0.014265364046865877,94966.02486894868,1354.7249168392736,471443.3120526452,0.9821403328540288,3480857.282074713,36.65371154450479
Maricao,1980-1984,2,50,5,0.004347950747732544,2.5,0.021505986315460145,93611.2999521094,2013.2033357425098,463023.49142119073,0.973461691191676,3009413.970022068,32.147977557855235
Maricao,1980-1984,2,55,5,0.006438232579984442,2.5,0.03168123500151989,91598.09661636689,2901.9408245950326,450735.63102034683,0.9616503367333598,2546390.478600877,27.799600348309898
Maricao,1980-1984,2,60,5,0.00925662102600599,2.5,0.04523626766403754,88696.15579177186,4012.283044167765,433450.0713484399,0.9439092245743662,2095654.8475805302,23.627346967555265
Maricao,1980-1984,2,65,5,0.01396287778646369,2.5,0.06745956478574015,84683.8727476041,5712.737199924362,409137.5207382096,0.911294513234322,1662204.7762320903,19.62835097523475
Maricao,1980-1984,2,70,5,0.023614009090685978,2.5,0.11148832939389766,78971.13554767973,8804.359972549864,372844.777807024,0.8520770581565128,1253067.2554938807,15.867408348678575
Maricao,1980-1984,2,75,5,0.04172764341717318,2.5,0.18892928273345602,70166.77557512987,13256.558581128666,317692.4814228277,0.7781476594105868,880222.4776868566,12.544718928182379
Maricao,1980-1984,2,80,5,0.060416930193175164,2.5,0.2624444334304835,56910.2169940012,14935.769655396522,247211.66083151472,0.5605360381253633,562529.996264029,9.884516805186742
Maricao,1980-1984,2,85,NA,0.15541964690751003,7.51214978219642,1,41974.44733860468,41974.44733860468,315318.33543251426,0,315318.33543251426,7.51214978219642
Maricao,1985-1989,1,0,1,0.01404948700377271,0.12125495115832174,0.013878148531895096,100000,1387.814853189513,98780.46456905078,0.98552451471232,7289371.104532812,72.89371104532812
Maricao,1985-1989,1,1,4,4.961462227631057e-4,1.6111851384734002,0.0019822355425726337,98612.18514681049,195.47257832875766,393981.79278710927,0.9980888367959947,7190590.639963761,72.91787145025387
Maricao,1985-1989,1,5,5,2.139435638909331e-4,2.5,0.0010691459772029595,98416.71256848173,105.22183233212854,491820.50826157833,0.9987802659733902,6796608.8471766515,69.05949883712421
Maricao,1985-1989,1,10,5,2.7428460101376867e-4,2.5,0.0013704832489410137,98311.4907361496,134.734251232323,491220.6180526672,0.9972169440634537,6304788.338915073,64.13073682135483
Maricao,1985-1989,1,15,5,8.412791003993722e-4,2.5,0.004197567188127127,98176.75648491728,412.10353165783454,489853.5235954418,0.9937576800692649,5813567.720862406,59.21531662899797
Maricao,1985-1989,1,20,5,0.0016660488820365992,2.5,0.008295691839894056,97764.65295325944,811.0254337344377,486795.7011819611,0.9909314654429223,5323714.197266964,54.45438649296073
Maricao,1985-1989,1,25,5,0.0019793144220300227,2.5,0.009847842170067388,96953.627519525,954.7840216277691,482381.1775435556,0.9894955960508249,4836918.496085003,49.88898940486698
Maricao,1985-1989,1,30,5,0.0022460404740657384,2.5,0.011167495751698016,95998.84349789724,1072.0666769307136,477314.0507971594,0.9869757211123881,4354537.318541448,45.36031018578708
Maricao,1985-1989,1,35,5,0.003002780126788464,2.5,0.01490203182143687,94926.77682096652,1414.60184889246,471097.3794826014,0.9827627303037612,3877223.267744288,40.844358120963015
Maricao,1985-1989,1,40,5,0.003960394133489528,2.5,0.019607833792640614,93512.17497207406,1833.5711844407633,462976.9468992684,0.9785055312658116,3406125.8882616865,36.4244109312918
Maricao,1985-1989,1,45,5,0.004739261263231388,2.5,0.023418836356224416,91678.6037876333,2147.0062194697384,453025.5033894921,0.9687815350326892,2943148.9413624182,32.10289882009989
Maricao,1985-1989,1,50,5,0.007997803884062998,2.5,0.039205132027306994,89531.59756816356,3510.0981032755662,438882.7425826289,0.9504241945890411,2490123.437972926,27.812789066754977
Maricao,1985-1989,1,55,5,0.01244972334215128,2.5,0.060369653015010044,86021.499464888,5193.0880745261675,417124.77713812457,0.9240900777104094,2051240.695390297,23.845674722603114
Maricao,1985-1989,1,60,5,0.01938582180004637,2.5,0.09244862745640978,80828.41139036183,7472.47569252098,385460.86772050674,0.894008079881449,1634115.9182521726,20.217098049350362
Maricao,1985-1989,1,65,5,0.025739080848604146,2.5,0.12091481382117769,73355.93569784085,8869.819307582715,344605.13022024743,0.8632985523109973,1248655.0505316658,17.021867946378315
Maricao,1985-1989,1,70,5,0.03352432151023817,2.5,0.15465947282243286,64486.11639025813,9973.3887652833655,297497.1100380823,0.8165729612697935,904049.9203114185,14.019295484322152
Maricao,1985-1989,1,75,5,0.048797224340960337,2.5,0.21745778135155353,54512.72762497477,11854.216804748554,242928.09611300245,0.7280019028747869,606552.8102733361,11.126810869677463
Maricao,1985-1989,1,80,5,0.08242013416748574,2.5,0.34169442081731716,42658.51082022621,14576.175147646452,176852.11623201493,0.5136410993394822,363624.71416033374,8.52408363931738
Maricao,1985-1989,1,85,NA,0.16207763734853228,6.650892579091556,1,28082.33567257976,28082.33567257976,186772.5979283188,0,186772.5979283188,6.650892579091556
Maricao,1985-1989,2,0,1,0.008846995750327168,0.13084703504422507,0.008779486829380609,100000,877.9486829380621,99236.92829914537,0.9909492546533183,7943272.030616309,79.43272030616309
Maricao,1985-1989,2,1,4,2.53871435767892e-4,1.5097157749285979,0.0010148441463919298,99122.05131706194,100.59343355747114,396237.6990275138,0.9989598855458846,7844035.102317163,79.13511673831718
Maricao,1985-1989,2,5,5,1.1961583044862966e-4,2.5,5.979003563740153e-4,99021.45788350447,59.204964957229095,494959.27700512926,0.99931670841603,7447797.40328965,75.21397445038369
Maricao,1985-1989,2,10,5,1.5380589741462416e-4,2.5,7.687338975556543e-4,98962.25291854724,76.07563839695649,494621.0754967438,0.9984191358710016,6952838.12628452,70.2574761713154
Maricao,1985-1989,2,15,5,4.7929745834379575e-4,2.5,0.002393619152778554,98886.17728015028,236.69584788281645,493839.1467810444,0.9964933216735282,6458217.050787776,65.30960371226882
Maricao,1985-1989,2,20,5,9.26623241883964e-4,2.5,0.004622408132397438,98649.48143226746,455.9981652293209,492107.411748264,0.9948488168936984,5964377.904006732,60.46030670827055
Maricao,1985-1989,2,25,5,0.001139720911743158,2.5,0.005682413644566074,98193.48326703814,557.9759891240828,489572.47636238055,0.9939156328396018,5472270.492258468,55.72946707040196
Maricao,1985-1989,2,30,5,0.0013019474789012803,2.5,0.006488617795555209,97635.50727791406,633.519490001534,486593.7376645665,0.992760272382051,4982698.0158960875,51.03366751312218
Maricao,1985-1989,2,35,5,0.0016055674392104278,2.5,0.007995742934781185,97001.98778791253,775.6029585149372,483070.9315432753,0.9908009545821566,4496104.278231521,46.350640649363925
Maricao,1985-1989,2,40,5,0.0020933071555240728,2.5,0.010412046747718735,96226.38482939759,1001.9136172076687,478627.1401039688,0.9882309611909802,4013033.3466882454,41.704085150897676
Maricao,1985-1989,2,45,5,0.002645442685719083,2.5,0.013140308595440665,95224.47121218992,1251.2789375658322,472994.158717035,0.9807055377304722,3534406.2065842766,37.116574779486186
Maricao,1985-1989,2,50,5,0.0051721358011604275,2.5,0.025530560194784325,93973.19227462409,2399.188242063319,463867.9907679621,0.9730977348546584,3061412.047867242,32.577504006894586
Maricao,1985-1989,2,55,5,0.0057432774291792605,2.5,0.028309908006703695,91574.00403256077,2592.4516299673123,451388.89108788554,0.9622304226215848,2597544.0570992795,28.36551797140678
Maricao,1985-1989,2,60,5,0.00973213203618444,2.5,0.04750485146390702,88981.55240259346,4227.05542991306,434340.1234381846,0.9419298172391809,2146155.166011394,24.11910230899548
Maricao,1985-1989,2,65,5,0.01432796883710519,2.5,0.06916245059352144,84754.4969726804,5861.828709451787,409117.9130897725,0.9109778275090002,1711815.0425732094,20.197335878531526
Maricao,1985-1989,2,70,5,0.023360502875778746,2.5,0.11035749776890794,78892.66826322861,8706.39746184244,372697.34766153694,0.8620446307731529,1302697.129483437,16.512271142065252
Maricao,1985-1989,2,75,5,0.03691415000917046,2.5,0.16897667428896807,70186.27080138617,11859.842620763135,321281.747455023,0.795342777222339,929999.7818218999,13.250451565572174
Maricao,1985-1989,2,80,5,0.05651492713477989,2.5,0.24759289905144596,58326.428180623036,14441.209444556414,255529.11729172413,0.5802176001611352,608718.0343668769,10.43640170253221
Maricao,1985-1989,2,85,NA,0.12057292001182027,8.048015419480823,1,43885.21873606662,43885.21873606662,353188.91707515286,0,353188.91707515286,8.048015419480823
Maricao,1990-1994,1,0,1,0.016908408467898973,0.115550116322731,0.01665927500909949,100000,1665.927500909951,98526.57061560544,0.9828367870168765,7165318.059493864,71.65318059493863
Maricao,1990-1994,1,1,4,4.719145624844214e-4,1.6028056043975834,0.0018855252100526364,98334.07249909005,185.41137270416948,392891.8228928328,0.9980431621368991,7066791.4888782585,71.86513595217622
Maricao,1990-1994,1,5,5,2.3369092779197998e-4,2.5,0.0011677723944241427,98148.66112638588,114.61529701307882,490456.76738939673,0.9987022016544866,6673899.665985426,67.9978676162628
Maricao,1990-1994,1,10,5,2.8579932029837717e-4,2.5,0.0014279763148414264,98034.0458293728,139.99029549241823,489820.25340813294,0.9970028667910974,6183442.898596029,63.07444364132686
Maricao,1990-1994,1,15,5,9.157987340612446e-4,2.5,0.004568534026112151,97894.05553388038,447.2323236606462,488352.1968602503,0.9937692073372109,5693622.645187896,58.16106620710362
Maricao,1990-1994,1,20,5,0.0015864028784697687,2.5,0.007900680237671565,97446.82321021974,769.8961903608579,485309.3755751965,0.9909218934539133,5205270.448327646,53.41652274388092
Maricao,1990-1994,1,25,5,0.0020635730762164593,2.5,0.010264909404390543,96676.92701985888,992.3798973537196,480903.6853559101,0.9888082723674055,4719961.07275245,48.82200146662605
Maricao,1990-1994,1,30,5,0.0024404306115318824,2.5,0.012128158236107167,95684.54712250516,1160.477328251989,475521.54229189584,0.986583660081009,4239057.38739654,44.30242411002128
Maricao,1990-1994,1,35,5,0.0029658968361834003,2.5,0.014720336680943092,94524.06979425317,1391.4261318243807,469141.7836417049,0.9805532357729114,3763535.845104643,39.81563482504069
Maricao,1990-1994,1,40,5,0.004908258602459585,2.5,0.02424380584086101,93132.64366242879,2257.8897303980193,460018.49398614885,0.973925724816286,3294394.0614629383,35.373140199948494
Maricao,1990-1994,1,45,5,0.005669273672864096,2.5,0.027950224681970157,90874.75393203077,2539.96979031901,448023.8451843563,0.9643056185499103,2834375.5674767895,31.189911882421644
Maricao,1990-1994,1,50,5,0.008927127190357905,2.5,0.04366121294859598,88334.78414171176,3856.8038211795356,432031.91115560994,0.9496488807337055,2386351.7222924335,27.014858817836814
Maricao,1990-1994,1,55,5,0.01180785945590381,2.5,0.0573464502183363,84477.98032053222,4844.51229299698,410278.62087016867,0.9277453131486368,1954319.8111368234,23.134073562384035
Maricao,1990-1994,1,60,5,0.01842533186896604,2.5,0.08806986798177942,79633.46802753524,7013.309016116284,380634.0675973855,0.9005840450200606,1544041.1902666546,19.38935008748789
Maricao,1990-1994,1,65,5,0.02369690007392301,2.5,0.1118577930109405,72620.15901141896,8123.130715120882,342792.9682692926,0.8509346969247075,1163407.122669269,16.020443063011363
Maricao,1990-1994,1,70,5,0.04222324143796557,2.5,0.19095894327339907,64497.02829629808,12316.284367735614,291694.43056215136,0.7845057562745164,820614.1543999766,12.723286267238413
Maricao,1990-1994,1,75,5,0.056053707318930404,2.5,0.24582064094363593,52180.743928562464,12827.10391743495,228835.95984922495,0.6954470398490622,528919.7238378252,10.136300942009136
Maricao,1990-1994,1,80,5,0.094568634235209,2.5,0.38242875786673386,39353.640011127514,15049.963666990094,159143.29088816233,0.4696704387705296,300083.7639886003,7.6253115062227925
Maricao,1990-1994,1,85,NA,0.1558762974568448,5.799142117625997,1,24303.67634413742,24303.67634413742,140940.47310043793,0,140940.47310043793,5.799142117625997
Maricao,1990-1994,2,0,1,0.008533285090621838,0.13149179515179765,0.008470508221934743,100000,847.0508221934724,99264.32941100156,0.9912615700746684,7970778.057387988,79.70778057387989
Maricao,1990-1994,2,1,4,2.486063112290176e-4,1.5102184831229122,9.938101009126488e-4,99152.94917780653,98.53920242819004,396366.4556263326,0.9989841667127658,7871513.727976987,79.38759051797194
Maricao,1990-1994,2,5,5,1.1693403873482604e-4,2.5,5.844993240076452e-4,99054.40997537834,57.897235670578084,495127.30678771524,0.9993494130817198,7475147.272350654,75.46506282969864
Maricao,1990-1994,2,10,5,1.4339401885011646e-4,2.5,7.16713163298462e-4,98996.51273970776,70.95210380118806,494805.18343903584,0.9984698847596813,6980019.965562939,70.50773580192218
Maricao,1990-1994,2,15,5,4.6937026787758496e-4,2.5,0.002344100711440772,98925.56063590657,231.89147706629592,494048.0744868671,0.9963442287564102,6485214.782123903,65.55651280049449
Maricao,1990-1994,2,20,5,9.965815035609823e-4,2.5,0.004970523687879032,98693.66915884028,490.55922039771394,492241.9477432071,0.9945921257382354,5991166.707637036,60.70467091455167
Maricao,1990-1994,2,25,5,0.0011729111572032604,2.5,0.005847409556243166,98203.10993844256,574.2338035068387,489579.9651834457,0.9939014119252347,5498924.759893829,55.99542380420298
Maricao,1990-1994,2,30,5,0.0012742954758958474,2.5,0.006351243975817499,97628.87613493572,620.0648114178621,486594.21864613396,0.99292957995482,5009344.794710383,51.310073341280926
Maricao,1990-1994,2,35,5,0.0015649373062758473,2.5,0.007794192972989875,97008.81132351786,756.1053955358657,483153.79312874965,0.991051667389404,4522750.5760642495,46.62205952592472
Maricao,1990-1994,2,40,5,0.002032583975433692,2.5,0.010111538499366477,96252.705927982,973.2629416589916,478830.3722857625,0.9885836483319008,4039596.7829354997,41.968656818417124
Maricao,1990-1994,2,45,5,0.0025632193047919302,2.5,0.012734493276452288,95279.442986323,1213.335426093443,473363.8763663814,0.9823765929987377,3560766.410649737,37.371822284486605
Maricao,1990-1994,2,50,5,0.004566622950592612,2.5,0.022575381613476834,94066.10756022956,2123.5782750665385,465021.5921134815,0.9743973906187857,3087402.534283356,32.82162528418138
Maricao,1990-1994,2,55,5,0.005823518060007891,2.5,0.028699756425386788,91942.52928516302,2638.7281956181832,453115.82593676966,0.9617703378045891,2622380.942169874,28.52195782037349
Maricao,1990-1994,2,60,5,0.009844706626916382,2.5,0.048041155431479396,89303.80108954484,4290.257788764735,435793.36097581236,0.9400654431131215,2169265.1162331044,24.290848651089153
Maricao,1990-1994,2,65,5,0.015029928215470834,2.5,0.07242816574744824,85013.5433007801,6157.375004966772,409674.27899148356,0.9151862877284183,1733471.7552572922,20.390536471632814
Maricao,1990-1994,2,70,5,0.020646678109724002,2.5,0.09816636709223411,78856.16829581333,7741.023564413801,374928.28256803215,0.8678665944457955,1323797.4762658086,16.78749430608705
Maricao,1990-1994,2,75,5,0.037110178359295407,2.5,0.16979782305042376,71115.14473139953,12075.196761307452,325387.731753729,0.7964942371973166,948869.1936977764,13.342716200348551
Maricao,1990-1994,2,80,5,0.05560884773960448,2.5,0.2441078482803599,59039.94797009208,14412.11466156358,259169.45319655145,0.5843189108005751,623481.4619440474,10.560332171361075
Maricao,1990-1994,2,85,NA,0.11835104634075108,8.163336235234054,1,44627.8333085285,44627.8333085285,364312.00874749594,0,364312.00874749594,8.163336235234054
Maricao,1995-1999,1,0,1,0.015329340972715516,0.11870106655599483,0.015125006194799426,100000,1512.5006194799353,98667.03481721894,0.9843649950373767,7186299.733112872,71.86299733112871
Maricao,1995-1999,1,1,4,4.6152776220107167e-4,1.6074283563350693,0.0018440747509531237,98487.49938052006,181.61831089213956,393515.4627014694,0.9981028364504065,7087632.698295652,71.96479495241933
Maricao,1995-1999,1,5,5,2.2852660718686074e-4,2.5,0.0011419806035522964,98305.88106962793,112.2634093966335,491248.74682464806,0.9987311740041054,6694117.235594183,68.09477889581078
Maricao,1995-1999,1,10,5,2.793582481784168e-4,2.5,0.0013958164088252137,98193.61766023129,137.06026277206547,490625.4376442263,0.9969799703921012,6202868.488769535,63.16977250224803
Maricao,1995-1999,1,15,5,9.314666518484376e-4,2.5,0.0046465130792903465,98056.55739745923,455.6210764574789,489143.7342961524,0.993487643356807,5712243.0511253085,58.254574734573744
Maricao,1995-1999,1,20,5,0.0016844457166819888,2.5,0.008386910345391218,97600.93632100175,818.5703025504627,485958.2558486326,0.9907654619512652,5223099.316829156,53.514848460580296
Maricao,1995-1999,1,25,5,0.0020280980514344356,2.5,0.01008933485626652,96782.36601845128,976.4696989419026,481470.65584490163,0.9887450993865853,4737141.060980524,48.94632416898551
Maricao,1995-1999,1,30,5,0.002502022205183375,2.5,0.012432346011458893,95805.89631950938,1191.0920529821014,476051.75146509166,0.985310478431097,4255670.405135622,44.41971286342447
Maricao,1995-1999,1,35,5,0.0034240845867689563,2.5,0.016975112382178564,94614.80426652728,1606.096935442125,469058.77899403113,0.9817061199507641,3779618.6536705303,39.947434050843135
Maricao,1995-1999,1,40,5,0.003966021351808095,2.5,0.01963542051649015,93008.70733108516,1826.26508014102,460477.87395507324,0.9765018854677229,3310559.874676499,35.594085432150194
Maricao,1995-1999,1,45,5,0.005563967199613097,2.5,0.027438173258003407,91182.44225094414,2501.8796485692874,449657.51213329745,0.9676523910566075,2850082.0007214257,31.256916686632344
Maricao,1995-1999,1,50,5,0.007621617479486446,2.5,0.03739555093576461,88680.56260237485,3316.2584958093794,435112.1667723508,0.9499755425341032,2400424.4885881282,27.068214478421062
Maricao,1995-1999,1,55,5,0.013040509941788852,2.5,0.06314397560484658,85364.30410656547,5390.241536029687,413345.91669275315,0.9249473698575715,1965312.3218157776,23.02264796023357
Maricao,1995-1999,1,60,5,0.01835838737267535,2.5,0.08776392646490255,79974.06257053578,7018.837746540012,382323.2184863289,0.9032998774713735,1551966.4051230245,19.40587179442355
Maricao,1995-1999,1,65,5,0.022497137601371165,2.5,0.10649604742457384,72955.22482399577,7769.443082726706,345352.51641316205,0.8526639616014526,1169643.1866366956,16.03234298103331
Maricao,1995-1999,1,70,5,0.04273345585007743,2.5,0.19304371641861295,65185.781741269064,12583.705564987147,294469.64479387744,0.781387280960061,824290.6702235335,12.645252510666383
Maricao,1995-1999,1,75,5,0.057220833836663834,2.5,0.2502984536225452,52602.07617628192,13166.218324258683,230094.8350707629,0.6928502845953279,529821.0254296561,10.072245507080394
Maricao,1995-1999,1,80,5,0.0947377143152113,2.5,0.3829815741714457,39435.85785202323,15103.206918969227,159421.2719626931,0.46811030503606815,299726.19035889325,7.600346656171852
Maricao,1995-1999,1,85,NA,0.15867414624865578,5.766117254639397,1,24332.650933054007,24332.650933054007,140304.91839620014,0,140304.91839620014,5.766117254639397
Maricao,1995-1999,2,0,1,0.00869418226642896,0.13116110801327655,0.008629000148134038,100000,862.9000148134073,99250.2789072342,0.9911186374919402,8024281.477002802,80.24281477002802
Maricao,1995-1999,2,1,4,2.4255574554681906e-4,1.5099606167589859,9.696373470617178e-4,99137.09998518659,96.12703462502395,396309.0398387359,0.9989860676144905,7925031.1980955675,79.94011524726619
Maricao,1995-1999,2,5,5,1.1959002084660641e-4,2.5,5.977713855018979e-4,99040.97295056157,59.20385962211003,495056.8551037525,0.9993520046274947,7528722.158256832,76.0162378656655
Maricao,1995-1999,2,10,5,1.396986522356873e-4,2.5,6.982493999282007e-4,98981.76909093946,69.11396087158937,494736.0605525183,0.9985130505399704,7033665.303153079,71.06021005434751
Maricao,1995-1999,2,15,5,4.557588221105896e-4,2.5,0.0022762006142758233,98912.65513006787,225.14504636671336,494000.41303442256,0.9965647375985961,6538929.242600561,66.10811562991631
Maricao,1995-1999,2,20,5,9.215117731978898e-4,2.5,0.004596968464586609,98687.51008370116,453.6633717033401,492303.3919892474,0.9950795683790221,6044928.829566139,61.253230772963796
Maricao,1995-1999,2,25,5,0.0010518363640993063,2.5,0.005245388594328167,98233.84671199782,515.2746991200984,489881.04681218887,0.9939689619256589,5552625.437576891,56.52456483615153
Maricao,1995-1999,2,30,5,0.0013688343577662877,2.5,0.00682083032159969,97718.57201287772,666.5217989688535,486926.5555669665,0.9922699476470764,5062744.390764702,51.809438947772534
Maricao,1995-1999,2,35,5,0.0017366106748362275,2.5,0.008645518624349785,97052.05021390886,839.0653076556773,483162.5878004051,0.990357077456349,4575817.835197736,47.148080077776235
Maricao,1995-1999,2,40,5,0.002141205824540169,2.5,0.010649024738213008,96212.98490625319,1024.5744564040215,478503.48839025584,0.9871252838206971,4092655.2473973306,42.537452209648016
Maricao,1995-1999,2,45,5,0.003047921774970443,2.5,0.015124364177578656,95188.41044984917,1439.6641851283493,472342.8917864249,0.9833527662142384,3614151.759007075,37.96840121530574
Maricao,1995-1999,2,50,5,0.003672102081164602,2.5,0.018193489528916064,93748.74626472082,1705.6168335162074,464479.6892398136,0.9759245277873505,3141808.86722065,33.513076093295595
Maricao,1995-1999,2,55,5,0.00610506922846129,2.5,0.030066451719305085,92043.12943120461,2767.410307137063,453297.1213881804,0.9629356679217257,2677329.1779808365,29.087767816303344
Maricao,1995-1999,2,60,5,0.009056330441752088,2.5,0.04427913599074185,89275.71912406755,3953.0517077658587,436495.96635092306,0.9481490672713092,2224032.056592656,24.91194782202641
Maricao,1995-1999,2,65,5,0.012323001786364644,2.5,0.05977353547086133,85322.66741630169,5100.037487276801,413863.24336331646,0.9168244351870632,1787536.0902417328,20.95030716187159
Maricao,1995-1999,2,70,5,0.022847584919064755,2.5,0.10806534427026657,80222.62992902489,8669.286121546276,379439.9343412587,0.8768187921202047,1373672.8468784164,17.123258712581993
Maricao,1995-1999,2,75,5,0.03013723983829804,2.5,0.1401284848046524,71553.34380747861,10026.661650448332,332700.06491127226,0.816406228808689,994232.9125371577,13.894988824173476
Maricao,1995-1999,2,80,5,0.05303765100054497,2.5,0.23414235387902085,61526.68215703028,14406.002186613427,271618.4053186178,0.5894105541494965,661532.8476258854,10.751966861101026
Maricao,1995-1999,2,85,NA,0.09612303709908383,8.274805086685133,1,47120.67997041685,47120.67997041685,389914.44230726757,0,389914.44230726757,8.274805086685133
Maricao,2000-2004,1,0,1,0.012272777267820239,0.12480028660092812,0.012142354644149107,100000,1214.2354644149164,98937.30146954507,0.9874260646984118,7517602.552463727,75.17602552463727
Maricao,2000-2004,1,1,4,3.9036609301525436e-4,1.6164150854571788,0.0015600128257874796,98785.76453558508,154.1070596807258,394775.7308796608,0.9984169992871795,7418665.250994182,75.09852543907574
Maricao,2000-2004,1,5,5,1.840443304534839e-4,2.5,9.197984430459131e-4,98631.65747590436,90.72124498138146,492931.4842670683,0.998950276223517,7023889.5201145215,71.21333758210899
Maricao,2000-2004,1,10,5,2.3609301258848496e-4,2.5,0.0011797687250612813,98540.93623092298,116.25551470350183,492414.04236785613,0.9975184880508995,6530958.035847453,66.2765981900422
Maricao,2000-2004,1,15,5,7.583937301552295e-4,2.5,0.003784792743060462,98424.68071621947,372.51701731278445,491192.1110378154,0.9946854143150424,6038543.993479596,61.35192869855559
Maricao,2000-2004,1,20,5,0.0013747467532430498,2.5,0.006850190573091615,98052.16369890669,671.6760074414924,488581.6284759297,0.9916671188529808,5547351.882441781,56.57551728767854
Maricao,2000-2004,1,25,5,0.0019748619958578676,2.5,0.00982579848925089,97380.4876914652,956.841048841321,484510.3358352227,0.9901902400254201,5058770.253965852,51.94849988833258
Maricao,2000-2004,1,30,5,0.0019683510452739384,2.5,0.009793562304870324,96423.64664262388,944.3309910573153,479757.40573547606,0.9877886253330604,4574259.918130629,47.43919232887202
Maricao,2000-2004,1,35,5,0.002952249850537247,2.5,0.014653100220347664,95479.31565156656,1399.0679812126327,473898.9083048012,0.9848665318578866,4094502.512395153,42.883660031008745
Maricao,2000-2004,1,40,5,0.0031487895120752545,2.5,0.01562097961839938,94080.24767035393,1469.6256313525664,466727.1742733882,0.9813457656748567,3620603.6040903516,38.48420570465034
Maricao,2000-2004,1,45,5,0.0043948874788451425,2.5,0.021735623346994214,92610.62203900136,2012.949598570558,458020.7361985804,0.9738434213142788,3153876.4298169636,34.05523427419333
Maricao,2000-2004,1,50,5,0.006230718268091262,2.5,0.030675761275046218,90597.6724404308,2779.1525718574994,446040.4807725103,0.9592386129405559,2695855.6936183833,29.756346062763864
Maricao,2000-2004,1,55,5,0.010501908930464035,2.5,0.05116618803467236,87818.5198685733,4493.338900522038,427859.25209156144,0.9390713485092212,2249815.2128458726,25.618915192522966
Maricao,2000-2004,1,60,5,0.01476943332140356,2.5,0.07121755912981549,83325.18096805127,5934.216002594767,401790.36483376945,0.9200253900425417,1821955.9607543114,21.865610606389083
Maricao,2000-2004,1,65,5,0.01871732111739164,2.5,0.0894031375030891,77390.9649654565,6918.99508230346,369657.33712152386,0.8801956612798371,1420165.595920542,18.35053480150343
Maricao,2000-2004,1,70,5,0.033179457313171984,2.5,0.15319035449635607,70471.96988315304,10795.62604845674,325370.78429462336,0.8227157544884057,1050508.258799018,14.906753146546448
Maricao,2000-2004,1,75,5,0.04586546530269156,2.5,0.20573679224765332,59676.3438346963,12277.619553618446,267687.67028943537,0.7571983389267828,725137.4745043947,12.151171266675254
Maricao,2000-2004,1,80,5,0.06769058579716643,2.5,0.2894673865705019,47398.724281077855,13720.384844419401,202692.65929434076,0.556907320919753,457449.8042149593,9.65109950010994
Maricao,2000-2004,1,85,NA,0.14803577161402345,7.56442120312258,1,33678.339436658454,33678.339436658454,254757.1449206186,0,254757.1449206186,7.56442120312258
Maricao,2000-2004,2,0,1,0.0067168144508982786,0.1352251327635023,0.006678024927241058,100000,667.8024927241058,99422.50118801431,0.9930878657105912,8156611.017763282,81.56611017763282
Maricao,2000-2004,2,1,4,2.09964557949515e-4,1.5131348534433788,8.394199257113154e-4,99332.1975072759,83.3814258522907,397121.4316672813,0.9991498324970056,8057188.516575268,81.11356356517828
Maricao,2000-2004,2,5,5,9.859923145141014e-5,2.5,4.928746645992223e-4,99248.8160814236,48.917226938006934,496121.78733977303,0.9994516408710715,7660067.084907986,77.18043788677214
Maricao,2000-2004,2,10,5,1.2081066775248675e-4,2.5,6.038709536295729e-4,99199.8988544856,59.903937521215994,495849.734428625,0.9987104475648523,7163945.297568213,72.2172641332716
Maricao,2000-2004,2,15,5,3.9552035053776955e-4,2.5,0.0019756482299876877,99139.99491696438,195.86575547869143,495210.3101961252,0.9971953941922522,6668095.563139589,67.25938980251627
Maricao,2000-2004,2,20,5,7.28364748565341e-4,2.5,0.0036352043560597424,98944.12916148569,359.68212933436735,493821.44048409257,0.9958995761333563,6172885.252943464,62.387584844662804
Maricao,2000-2004,2,25,5,9.155589779767158e-4,2.5,0.004567340715389944,98584.44703215132,450.2687588341505,491796.56326367124,0.9949933352792405,5679063.812459371,57.606082738459335
Maricao,2000-2004,2,30,5,0.0010925770774353732,2.5,0.005448004475158557,98134.17827331717,534.6354423990415,489334.30276058824,0.9938088097032137,5187267.2491957,52.8589258142912
Maricao,2000-2004,2,35,5,0.0013925204000681118,2.5,0.0069384471772427955,97599.54283091813,677.1892724553763,486304.7409734522,0.9918940104475648,4697932.946435112,48.13478434600694
Maricao,2000-2004,2,40,5,0.001864993034962741,2.5,0.00928168945932787,96922.35355846275,899.6031873968168,482362.7598238217,0.9890516978425254,4211628.205461659,43.45363118861161
Maricao,2000-2004,2,45,5,0.0025421601656533442,2.5,0.01263052876055119,96022.75037106594,1212.8181102289818,477081.7065797572,0.9844471182846446,3729265.445637837,38.83731127494926
Maricao,2000-2004,2,50,5,0.00373711543480293,2.5,0.018512617700645426,94809.93226083695,1755.180030168951,469661.71122876235,0.9779168627072788,3252183.73905808,34.30214178521733
Maricao,2000-2004,2,55,5,0.0052112195592756115,2.5,0.025721003307576467,93054.752230668,2393.4615899107157,459290.10717856325,0.9667684141602383,2782522.027829318,29.901987390519142
Maricao,2000-2004,2,60,5,0.008359204395034752,2.5,0.04094044804215213,90661.29064075729,3711.713858912379,444027.16855650546,0.9500830850347142,2323231.9206507546,25.625400920625463
Maricao,2000-2004,2,65,5,0.012217417375297725,2.5,0.05927657037438834,86949.57678184491,5154.07270713232,421862.70214139373,0.9183721843876561,1879204.752094249,21.612580781262956
Maricao,2000-2004,2,70,5,0.022249921346718923,2.5,0.10538745052103403,81795.50407471259,8620.21963851682,387426.9712772709,0.8718979648770245,1457342.049952855,17.816896740702383
Maricao,2000-2004,2,75,5,0.03325032729782814,2.5,0.15349245091266117,73175.28443619577,11231.853754342781,337796.7877951219,0.8210966282260094,1069915.0786755844,14.621262997733652
Maricao,2000-2004,2,80,5,0.04665835919280251,2.5,0.20892191193789872,61943.43068185299,12941.339970045425,277363.8034841514,0.6211489223270366,732118.2908804624,11.819143415557456
Maricao,2000-2004,2,85,NA,0.1087580445914863,9.280307856063237,1,49002.09071180756,49002.09071180756,454754.4873963111,0,454754.4873963111,9.280307856063237
Maricao,2005-2009,1,0,1,0.012238916119487917,0.12486785482936784,0.01210921829150922,100000,1210.921829150917,98940.28338202121,0.9874680770919136,7552104.695771871,75.52104695771871
Maricao,2005-2009,1,1,4,3.8529573860374524e-4,1.6165149252876827,0.0015397689128039704,98789.07817084908,152.11235149203276,394793.75516393565,0.998455574864578,7453164.41238985,75.4452268448148
Maricao,2005-2009,1,5,5,1.730938269250529e-4,2.5,8.650947782107309e-4,98636.96581935705,85.33032406888378,492971.50328661304,0.9990380073248522,7058370.657225914,71.55908130986671
Maricao,2005-2009,1,10,5,2.1190709620846896e-4,2.5,0.0010589744705298226,98551.63549528817,104.36366601847112,492497.26831139467,0.997758284515489,6565399.153939301,66.61887568830046
Maricao,2005-2009,1,15,5,6.863176264464558e-4,2.5,0.003425710318795058,98447.2718292697,337.25183496274985,491393.2295589416,0.995029572350192,6072901.885627907,61.686847921593206
Maricao,2005-2009,1,20,5,0.0013083565249240663,2.5,0.006520454925253012,98110.01999430695,639.72196308853745,488950.7950638134,0.9927005084890647,5581508.656068965,56.89030189161968
Maricao,2005-2009,1,25,5,0.0016232892656646068,2.5,0.008083641108724839,97470.29803121841,787.914908044826,485381.70288598,0.9913319431984645,5092557.861005152,52.24727905699103
Maricao,2005-2009,1,30,5,0.0018600565306109609,2.5,0.009257235201076892,96682.38312317358,895.0115603718441,481174.38671493833,0.9889735968240054,4607176.158119172,47.652695447624815
Maricao,2005-2009,1,35,5,0.002578941185060488,2.5,0.012812101782914578,95787.37156280174,1227.237553980478,475868.7639290575,0.986231971425611,4126001.7714042333,43.074590147815826
Maricao,2005-2009,1,40,5,0.002969149580967444,2.5,0.01473636174905673,94560.13400882126,1393.4723417932692,469316.9891896231,0.9831049039207819,3650133.007475176,38.6011826837583
Maricao,2005-2009,1,45,5,0.0038540025948494015,2.5,0.019086118102515266,93166.66166702799,1778.1899077939743,461387.83356565505,0.9755243774906734,3180816.018285553,34.14113977437119
Maricao,2005-2009,1,50,5,0.0060851851023456,2.5,0.029969993122560983,91388.47175923402,2738.9118701055995,450095.07912090607,0.9626554647171015,2719428.184719898,29.75679680785474
Maricao,2005-2009,1,55,5,0.00919605127200453,2.5,0.044946920887521696,88649.55988912842,3984.5247550502827,433286.4875580164,0.9447537657695407,2269333.1055989917,25.598921285533564
Maricao,2005-2009,1,60,5,0.013656936746549653,2.5,0.06603025615362687,84665.03513407813,5590.453957158985,409349.0407774932,0.9232245154328764,1836046.6180409754,21.686007867750316
Maricao,2005-2009,1,65,5,0.018471408411749036,2.5,0.08828038446810375,79074.58117691915,6980.734427952717,377921.06981471396,0.8732308368527627,1426697.5772634821,18.042429767303236
Maricao,2005-2009,1,70,5,0.0369160770402126,2.5,0.16898475007050356,72093.84674896643,12182.760674495265,330012.33205859404,0.8157326520441508,1048776.5074487682,14.54737893374796
Maricao,2005-2009,1,75,5,0.04510161760710763,2.5,0.20265762164413859,59911.08607447117,12141.438213969603,269201.83483743184,0.7558764320314947,718764.1753901741,11.997181531590497
Maricao,2005-2009,1,80,5,0.06951904749704514,2.5,0.29612876354066403,47769.647860501565,14145.966755703252,203483.3224132497,0.5473746262574741,449562.3405527423,9.411045730660783
Maricao,2005-2009,1,85,NA,0.12447534450831704,7.318622175023412,1,33623.681104798314,33623.681104798314,246079.01813949263,0,246079.01813949263,7.318622175023412
Maricao,2005-2009,2,0,1,0.006321643758703358,0.13603731523204973,0.00628730461147614,100000,628.7304611476138,99456.80034279151,0.9934989426781903,8292915.7034404585,82.92915703440458
Maricao,2005-2009,2,1,4,1.9479126062232403e-4,1.5137705553971283,7.787878788156414e-4,99371.26953885239,77.38914021938399,397292.6709963036,0.9992078544316148,8193458.903097668,82.45299613379873
Maricao,2005-2009,2,5,5,9.140903098333853e-5,2.5,4.56940733642495e-4,99293.880398633,45.37141855554364,496355.97344677616,0.9994777574708406,7796166.232101364,78.51607975035584
Maricao,2005-2009,2,10,5,1.1754936996068934e-4,2.5,5.8757417736756e-4,99248.50898007746,58.31586101894209,496096.7552478399,0.9987859462116272,7299810.258654588,73.55083047262612
Maricao,2005-2009,2,15,5,3.685195479416993e-4,2.5,0.0018409017190352368,99190.19311905852,182.59939702431438,495494.4671027318,0.9973873659344681,6803713.503406747,68.5926026501452
Maricao,2005-2009,2,20,5,6.78306244271697e-4,2.5,0.0033857897155937897,99007.5937220342,335.2188925897499,494199.9213786966,0.9961925472131185,6308219.036304016,63.714497031555645
Maricao,2005-2009,2,25,5,8.479032219663829e-4,2.5,0.004230548370846103,98672.37482944445,417.43825458223,492318.2785107667,0.9953531945539036,5814019.114925319,58.92246056684935
Maricao,2005-2009,2,30,5,0.001015537963813157,2.5,0.005064830998667174,98254.93657486222,497.6446485364286,490030.57125297,0.9942095859505475,5321700.836414552,54.16217262895337
Maricao,2005-2009,2,35,5,0.0013082026912105665,2.5,0.006519690763546004,97757.2919263258,637.3473132413346,487193.0913485256,0.9927579286451217,4831670.265161582,49.42516481331072
Maricao,2005-2009,2,40,5,0.0016002147199256416,2.5,0.007969192551560885,97119.94461308446,773.9675392185891,483664.8042173758,0.9903769670083252,4344477.173813057,44.73311008486457
Maricao,2005-2009,2,45,5,0.0022708509503587327,2.5,0.011290159080598964,96345.97707386587,1087.7614079397026,479010.4818494801,0.9861884660768354,3860812.3695956813,40.07237755901007
Maricao,2005-2009,2,50,5,0.003299331447112661,2.5,0.016361700552659234,95258.21566592617,1558.586399906504,472394.6123298646,0.9818961314327828,3381801.887746201,35.50141963194331
Maricao,2005-2009,2,55,5,0.00401490122384101,2.5,0.019875015558481042,93699.62926601966,1862.2815894860541,463842.4423563832,0.9750475782364247,2909407.2754163365,31.05036058527329
Maricao,2005-2009,2,60,5,0.006118744987172808,2.5,0.030132787824733713,91837.34767653361,2767.3153119232884,452268.4501028599,0.9634172009143155,2445564.833059953,26.629305995134338
Maricao,2005-2009,2,65,5,0.008837681784195424,2.5,0.043233205636169246,89070.03236461032,3850.7830252394488,435723.204259953,0.9389725390519917,1993296.3829570934,22.378978990346457
Maricao,2005-2009,2,70,5,0.016585471829379604,2.5,0.07962578126667122,85219.24933937087,6785.649307606669,409132.1234278377,0.8935641538801321,1557573.1786971404,18.27724593647118
Maricao,2005-2009,2,75,5,0.02908449998325902,2.5,0.13556537224902682,78433.6000317642,10632.880185137386,365585.79969597753,0.8349917263950395,1148441.0552693028,14.642207610057485
Maricao,2005-2009,2,80,5,0.04421458116491408,2.5,0.19906857199043393,67800.71984662682,13496.992479791472,305261.1180336554,0.6100669748840135,782855.2555733252,11.546415102143984
Maricao,2005-2009,2,85,NA,0.09919161662850193,8.794868431652974,1,54303.727366835345,54303.727366835345,477594.1375396698,0,477594.1375396698,8.794868431652974
Maricao,2010-2014,1,0,1,0.011359368375280003,0.12662294837554752,0.011247779028391152,100000,1124.7779028391087,99017.64479148605,0.9884051577105134,7709156.370478495,77.09156370478495
Maricao,2010-2014,1,1,4,3.3580307973407885e-4,1.6191104417874576,0.0013421392651105212,98875.22209716089,132.70431792312593,395184.9340637707,0.9986146182377287,7610138.725687008,76.96709614678606
Maricao,2010-2014,1,5,5,1.57780921671293e-4,2.5,7.88593545815258e-4,98742.51777923777,77.8677122182562,493517.9196156432,0.999121966848094,7214953.791623238,73.06835954653265
Maricao,2010-2014,1,10,5,1.9360232835367673e-4,2.5,9.675433451573698e-4,98664.65006701951,95.46232557462645,493084.594521161,0.9978680507019791,6721435.872007594,68.12405321908054
Maricao,2010-2014,1,15,5,6.605857261297515e-4,2.5,0.003297482955217824,98569.18774144488,325.0302164870809,492033.3631660067,0.9954678693120572,6228351.277486433,63.187608827861226
Maricao,2010-2014,1,20,5,0.0011575125471841488,2.5,0.005770863119747768,98244.1575249578,566.9535853914713,489803.4036613103,0.9932047995330346,5736317.914320427,58.388387246978844
Maricao,2010-2014,1,25,5,0.0015712445613792337,2.5,0.007825483436173043,97677.20393956633,764.3713415207749,486475.09134402976,0.9918333840757022,5246514.510659116,53.71278352628907
Maricao,2010-2014,1,30,5,0.0017093615072453017,2.5,0.008510438994160563,96912.83259804556,824.7707495769573,482502.2361162854,0.9903157649391946,4760039.419315087,49.11670922939345
Maricao,2010-2014,1,35,5,0.0021854973875022523,2.5,0.010868106392193174,96088.0618484686,1044.2952791887947,477829.57104437106,0.9870814235367632,4277537.183198801,44.516843205189225
Maricao,2010-2014,1,40,5,0.003020959696625641,2.5,0.014991576115047074,95043.7665692798,1424.855860784126,471656.6931944387,0.9833382964035098,3799707.6121544307,39.97850410720758
Maricao,2010-2014,1,45,5,0.003705461035431091,2.5,0.01835724999075939,93618.91070849568,1718.5857477384416,463798.08917313226,0.9736985128981889,3328050.918959992,35.54891734772107
Maricao,2010-2014,1,50,5,0.006999223799786078,2.5,0.034394285740599766,91900.32496075724,3160.8460363542545,451599.5097129005,0.9627253374811855,2864252.8297868595,31.166949964648513
Maricao,2010-2014,1,55,5,0.00821692428749887,2.5,0.0402576365585071,88739.47892440298,3572.441690929918,434766.29039469006,0.9547762331035624,2412653.320073959,27.188049212338676
Maricao,2010-2014,1,60,5,0.010340205514945348,2.5,0.05039820800386443,85167.03723347306,4292.2660575654445,415104.5210234517,0.9418834032772216,1977887.029679269,23.22362141420018
Maricao,2010-2014,1,65,5,0.01370279286083494,2.5,0.06624462342193764,80874.77117590762,5357.518760883366,390980.0589773297,0.9016472613213333,1562782.5086558172,19.323486001050547
Maricao,2010-2014,1,70,5,0.02843495867004542,2.5,0.13273874176054015,75517.25241502425,10024.065066783434,352526.0994081627,0.8392549440434037,1171802.4496784876,15.517016472455188
Maricao,2010-2014,1,75,5,0.04273202555091331,2.5,0.19303787882857468,65493.18734824082,12642.665963426858,295859.27183263696,0.7742744811555712,819276.3502703249,12.509336977509784
Maricao,2010-2014,1,80,5,0.061422897363063875,2.5,0.2662325502877425,52850.52138481396,14070.52909231589,229076.28419328007,0.56234465089096,523417.0784376879,9.903725918361257
Maricao,2010-2014,1,85,NA,0.14020245208594795,7.590016831987551,1,38779.99229249807,38779.99229249807,294340.79424440785,0,294340.79424440785,7.590016831987551
Maricao,2010-2014,2,0,1,0.006163797358070686,0.13636173220387807,0.006131159410684148,100000,613.1159410684049,99470.48961069749,0.9936673519507115,8534134.944972692,85.34134944972692
Maricao,2010-2014,2,1,4,1.8662008485704256e-4,1.514024603638817,7.461341832033539e-4,99386.8840589316,74.15595155845222,397363.1863646583,0.9992480670227443,8434664.455361994,84.86697752150724
Maricao,2010-2014,2,5,5,8.343082451118347e-5,2.5,4.1706713191918605e-4,99312.72810737314,41.420074674795615,496460.0903501787,0.9995355783222446,8037301.268997337,80.92921644754047
Maricao,2010-2014,2,10,5,1.0238539658872084e-4,2.5,5.117959818571669e-4,99271.30803269835,50.80665656483325,496229.5235220797,0.9989012462337142,7540841.178647158,75.96194034396451
Maricao,2010-2014,2,15,5,3.374869249554805e-4,2.5,0.0016860121071736829,99220.50137613351,167.28696660000423,495684.2894641676,0.9975978092422151,7044611.655125078,70.99955712196781
Maricao,2010-2014,2,20,5,6.2489048430447e-4,2.5,0.003119578933545827,99053.21440953351,309.0043209719879,494493.5612452376,0.9963145175523933,6548927.3656609105,66.11524325282876
Maricao,2010-2014,2,25,5,8.524441627375347e-4,2.5,0.00425315686682684,98744.21008856152,419.9746151975414,492671.11390481377,0.9955563151394046,6054433.804415673,61.31431705196268
Maricao,2010-2014,2,30,5,9.291586698147893e-4,2.5,0.0046350266610565875,98324.23547336398,455.7354528470605,490481.83873470227,0.994394683247147,5561762.690510859,56.56553202508795
Maricao,2010-2014,2,35,5,0.0013203691184660261,2.5,0.006580125107361622,97868.50002051692,643.9869742048322,487732.5326670725,0.9926779643104992,5071280.851776157,51.81729413154412
Maricao,2010-2014,2,40,5,0.0016203091185281922,2.5,0.008068860472143098,97224.51304631209,784.4910302427452,484161.33765595354,0.9907175608585718,4583548.319109084,47.14395758326657
Maricao,2010-2014,2,45,5,0.002112273589083902,2.5,0.01050588966226095,96440.02201606934,1013.1882303268358,479667.13950452965,0.9877954705121623,4099386.981453131,42.50711370399801
Maricao,2010-2014,2,50,5,0.0028037567378347756,2.5,0.013921204511802024,95426.8337857425,1328.4564690450643,473813.0277560999,0.9835722953636953,3619719.841948601,37.93188664391603
Maricao,2010-2014,2,55,5,0.0038302472878153112,2.5,0.01896959087903805,94098.37731669744,1785.0077200790984,466029.36728328944,0.9748355786989795,3145906.8141925014,33.432104823706354
Maricao,2010-2014,2,60,5,0.006396485077939912,2.5,0.03147903740709359,92313.36959661834,2905.9360147068073,454302.0079463247,0.9625413786804505,2679877.446909212,29.03022020125005
Maricao,2010-2014,2,65,5,0.008921136940265058,2.5,0.043632554712221945,89407.43358191154,3901.0747374421044,437284.4810659524,0.9445489613034707,2225575.438962887,24.8925100497813
Maricao,2010-2014,2,70,5,0.014037682620548357,2.5,0.0678087198812453,85506.35884446943,5798.076734949864,413036.6023849725,0.9137819353027817,1788290.9578969348,20.914128283134136
Maricao,2010-2014,2,75,5,0.02237901896316548,2.5,0.105966527495141,79708.28210951957,8446.409867748866,377425.38587822573,0.8701133382214282,1375254.3555119622,17.253594220263786
Maricao,2010-2014,2,80,5,0.03399056703201197,2.5,0.15664196235631436,71261.8722417707,11162.599509135922,328402.8624360137,0.6708826137243166,997828.9696337365,14.0022839457318
Maricao,2010-2014,2,85,NA,0.10964718423083925,11.13867234593364,1,60099.27273263478,60099.27273263478,669426.1071977228,0,669426.1071977228,11.13867234593364
Maricao,2015-2019,1,0,1,0.01085857574041182,0.12762225503879523,0.010756680078456888,100000,1075.6680078456848,99061.61116898867,0.9889136465828328,7791094.379294437,77.91094379294438
Maricao,2015-2019,1,1,4,3.211240546672308e-4,1.6205901229236095,0.0012835155027666383,98924.33199215432,126.97091371276474,395395.2121224277,0.9986910919898994,7692032.768125449,77.756731971013
Maricao,2015-2019,1,5,5,1.4352138034570792e-4,2.5,7.173495142473518e-4,98797.36107844155,70.87223897853983,493809.62479476136,0.9992008711290953,7296637.556003021,73.85457947818823
Maricao,2015-2019,1,10,5,1.7627103128641197e-4,2.5,8.809669340570713e-4,98726.48883946301,86.9747721831227,493415.00726685725,0.9981177902626545,6802827.93120826,68.90580239585134
Maricao,2015-2019,1,15,5,5.777002166247472e-4,2.5,0.002884335380188852,98639.51406727989,284.50944030888786,492486.29673562717,0.9956466707049885,6309412.923941403,63.96435529515979
Maricao,2015-2019,1,20,5,0.0011687193214395953,2.5,0.005826572537442282,98355.004626971,573.072568879521,490342.3417126562,0.9935965909314968,5816926.627205775,59.14215193489658
Maricao,2015-2019,1,25,5,0.0014016194486497766,2.5,0.006983626277218257,97781.93205809148,682.8724701580504,487202.4791150623,0.992565362430976,5326584.28549312,54.4741157530886
Maricao,2015-2019,1,30,5,0.0015840121350891372,2.5,0.007888820706120594,97099.05958793343,765.9970718221302,483580.3052601118,0.9912229019478075,4839381.806378057,49.8396362118779
Maricao,2015-2019,1,35,5,0.001943888788285196,2.5,0.0096724385791525,96333.0625161113,931.775630328746,479335.8735047346,0.9875145008421842,4355801.501117946,45.216059651269326
Maricao,2015-2019,1,40,5,0.0030888770466051606,2.5,0.015326034641476968,95401.28688578255,1462.1234276529867,473351.1258597803,0.9833851646256538,3876465.6276132106,40.63326349312497
Maricao,2015-2019,1,45,5,0.0036171555470713283,2.5,0.01792369574662186,93939.16345812957,1683.7369845156936,465486.47482935863,0.9785780035568387,3403114.5017534303,36.226791643405065
Maricao,2015-2019,1,50,5,0.005060039171323556,2.5,0.024984143988508182,92255.42647361387,2304.922858737991,455514.8252212244,0.9698249220750553,2937628.026924072,31.842333174453078
Maricao,2015-2019,1,55,5,0.007228100494319714,2.5,0.035499026150434015,89950.50361487588,3193.1552800692007,441769.6298742064,0.9573512131093825,2482113.201702847,27.594211282351942
Maricao,2015-2019,1,60,5,0.010269391344891939,2.5,0.0500616987839534,86757.34833480668,4343.220239631599,422928.6910749544,0.9396831870652973,2040343.571828641,23.517818501721816
Maricao,2015-2019,1,65,5,0.01474681469215883,2.5,0.07111237106476387,82414.12809517508,5860.664058083086,397418.9803306677,0.9102015426742852,1617414.8807536867,19.625456437345697
Maricao,2015-2019,1,70,5,0.023261406672547967,2.5,0.10991508465379139,76553.464037092,8414.380480177933,361731.36898501514,0.8525164190304961,1219995.900423019,15.936521172077878
Maricao,2015-2019,1,75,5,0.04191359241607215,2.5,0.18969134751849637,68139.08355691406,12925.394578586449,308381.9313381042,0.7773350049843102,858264.5314380038,12.595774504673622
Maricao,2015-2019,1,80,5,0.060659053416944074,2.5,0.2633576957491872,55213.68897832761,14540.949903144654,239716.07013377643,0.5640595463645763,549882.6000998996,9.959171543776737
Maricao,2015-2019,1,85,NA,0.12996159293588647,7.625907106791723,1,40672.73907518296,40672.73907518296,310166.5299661231,0,310166.5299661231,7.625907106791723
Maricao,2015-2019,2,0,1,0.005426379013411925,0.13787732600510486,0.005401111509861792,100000,540.1111509861803,99534.35793025733,0.9944335045274957,8678661.107008414,86.78661107008415
Maricao,2015-2019,2,1,4,1.5904474308999956e-4,1.515212391573455,6.359276585780442e-4,99459.88884901382,63.24929423817957,397682.3943334905,0.9993442532325332,8579126.749078158,86.25715198718748
Maricao,2015-2019,2,5,5,7.445805479211733e-5,2.5,3.7222098683400555e-4,99396.63955477564,36.997515263065,496890.7039857205,0.9995853850574988,8181444.354744667,82.3110760222032
Maricao,2015-2019,2,10,5,9.142582872309218e-5,2.5,4.570246839642651e-4,99359.64203951258,45.40980900191062,496684.6856750581,0.999015017770011,7684553.650758946,77.34079444149982
Maricao,2015-2019,2,15,5,3.0286538029015975e-4,2.5,0.0015131811759700289,99314.23223051066,150.28042671711592,496195.4600857605,0.9978394129038126,7187868.965083889,72.37501417118824
Maricao,2015-2019,2,20,5,5.625849720159357e-4,2.5,0.0028089741434799208,99163.95180379355,278.5489765821403,495123.3865775124,0.99684371789023285,6691673.504998128,67.48090796379634
Maricao,2015-2019,2,25,5,7.021440365519882e-4,2.5,0.003504568403247369,98885.40282721141,346.55065829063824,493560.6374903305,0.9961637015040952,6196550.118420616,62.66395181954441
Maricao,2015-2019,2,30,5,8.355808995580558e-4,2.5,0.004169195248000884,98538.85216892077,410.827714206127,491667.19155908853,0.9953325206329421,5702989.4809302855,57.875542036494444
Maricao,2015-2019,2,35,5,0.0010362475111425364,2.5,0.0051678496274267325,98128.02445471464,507.11087461841817,489372.3450870272,0.9939228163272584,5211322.289371196,53.107380061199365
Maricao,2015-2019,2,40,5,0.0014031531775349365,2.5,0.00699124143110227,97620.91358009622,682.4913755632297,486398.33946157305,0.9918763348062494,4721949.944284169,48.37026996689488
Maricao,2015-2019,2,45,5,0.0018614345712018236,2.5,0.009264061744009,96938.422204533,898.0435286696011,482447.002200991,0.9890130176842941,4235551.604822597,43.69321790575353
Maricao,2015-2019,2,50,5,0.002561501527059985,2.5,0.012726013378543611,96040.3786758634,1222.2111439094442,477146.36551954335,0.9852543597703733,3753104.6026216056,39.07840279647737
Maricao,2015-2019,2,55,5,0.003386693529139419,2.5,0.01679130017656259,94818.16753195395,1592.1203132206283,470110.5368767182,0.9758680722364682,3275958.237102062,34.5499003236701
Maricao,2015-2019,2,60,5,0.006421029393771259,2.5,0.03159791905132981,93226.04721873332,2945.7490934929956,458765.8633599341,0.9666539800051681,2805847.700225344,30.09725054245915
Maricao,2015-2019,2,65,5,0.007156002817186421,2.5,0.03515115959324061,90280.29812524033,3173.4571675256593,443467.84770738747,0.946768388450646,2347081.8368654097,25.99771916580788
Maricao,2015-2019,2,70,5,0.014931467901763532,2.5,0.07197076653293795,87106.84095771467,6269.146113989438,419861.33950359974,0.9211127333633318,1903613.9891580222,21.853782874322313
Maricao,2015-2019,2,75,5,0.018047127295923133,2.5,0.08634015697061881,80837.69484372523,6979.539261950224,386739.6260637506,0.8866848153164459,1483752.6496544224,18.354712520227118
Maricao,2015-2019,2,80,5,0.030765099510318073,2.5,0.14283933190173015,73858.155581775,10549.849598794775,342916.1539118881,0.68740922255464465,1097013.0235906718,14.852970737619762
Maricao,2015-2019,2,85,NA,0.07615185662702527,11.911499730880728,1,63308.30598298023,63308.30598298023,754096.8696787838,0,754096.8696787838,11.911499730880728
Maricao,2020-2024,1,0,1,0.010192986899103817,0.1289504042921833,0.010103283911688023,100000,1010.328391168805,99119.95386334028,0.9895567639840257,7812970.182911366,78.12970182911366
Maricao,2020-2024,1,1,4,3.1920142843434873e-4,1.622558805574084,0.0012758375028238222,98989.6716088312,126.29473543075437,395658.4281286726,0.9986941637919841,7713850.229048026,77.92580886145548
Maricao,2020-2024,1,5,5,1.4943520809191044e-4,2.5,7.468970086847621e-4,98863.37687340044,73.84076045521942,494132.28246586415,0.9991686310769127,7318191.800919353,74.02328377161007
Maricao,2020-2024,1,10,5,1.832647217373791e-4,2.5,9.159039764684313e-4,98789.53611294522,90.4817289593193,493721.47624232783,0.9979642361575889,6824059.518453489,69.07674422776519
Maricao,2020-2024,1,15,5,6.323280858808168e-4,2.5,0.003156650332747331,98699.0543839859,311.55840286305465,492716.37591277185,0.9956495240848633,6330338.042211161,64.13777803364923
Maricao,2020-2024,1,20,5,0.0011127030680722272,2.5,0.005548081920922819,98387.49598112285,545.8618876977416,490572.8251863699,0.9934178671224856,5837621.666298389,59.33296307712137
Maricao,2020-2024,1,25,5,0.0015302222088442576,2.5,0.007621952840443262,97841.6340934251,745.7443208920013,487343.8096648955,0.9914446744580465,5347048.8411120195,54.65003615951809
Maricao,2020-2024,1,30,5,0.0019082335673155254,2.5,0.009495867006147888,97095.8897725331,922.0096561235696,483174.42472235655,0.9896899604394479,4859705.031447124,50.050574157484654
Maricao,2020-2024,1,35,5,0.002238865044080571,2.5,0.011132017508229683,96173.88011640953,1070.6093172902474,478192.877288822,0.9876416260102553,4376530.606724768,45.50643689770429
Maricao,2020-2024,1,40,5,0.0027383258062365938,2.5,0.013598535976206265,95103.27079911929,1293.2652494167123,472283.19087205466,0.9824150173391323,3898337.7294359454,40.99057473712089
Maricao,2020-2024,1,45,5,0.004372558625727513,2.5,0.02162638652131978,93810.00554970258,2028.7714395850198,463978.0991495503,0.9744860860193969,3426054.538563891,36.521206010895
Maricao,2020-2024,1,50,5,0.005985726271721874,2.5,0.02948737300047683,91781.23411011756,2706.387484649138,452140.20183896495,0.9605652624975816,2962076.4394143405,32.273225220097736
Maricao,2020-2024,1,55,5,0.01019000906174258,2.5,0.04968433573041395,89074.84662546842,4425.624584874895,434310.17166515486,0.9493526345579758,2509936.2375753755,28.177833952707932
Maricao,2020-2024,1,60,5,0.010606108571821914,2.5,0.05166074420428028,84649.22204059352,4373.041806930429,412313.5056856415,0.9379111806390221,2075626.0659102208,24.52032063466401
Maricao,2020-2024,1,65,5,0.01517139305544307,2.5,0.07308496350767135,80276.1802336631,5866.9817029125115,386713.4469110342,0.9076123808331846,1663312.5602245794,20.719876747786316
Maricao,2020-2024,1,70,5,0.024001054934140245,2.5,0.11321224159627769,74409.19853075058,8424.03216104873,350985.9122511311,0.860789055085203,1276599.1133135452,17.15646907265066
Maricao,2020-2024,1,75,5,0.03680730237519396,2.5,0.1685287868359786,65985.16636970185,11120.400037456071,302124.8317548691,0.8041529234304305,925613.2010624141,14.027595170047556
Maricao,2020-2024,1,80,5,0.051646306371013036,2.5,0.22870244101404097,54864.76633224578,12547.705985849585,242954.56669660495,0.6103302344413678,623488.369307545,11.36409413523923
Maricao,2020-2024,1,85,NA,0.1368590981134865,8.992444170176086,1,42317.060346396196,42317.060346396196,380533.80261094007,0,380533.80261094007,8.992444170176086
Maricao,2020-2024,2,0,1,0.0052343253727807175,0.13827204809108498,0.0052108216258274324,100000,521.0821625827375,99550.9689352613,0.9946142773445643,8459487.247177044,84.59487247177044
Maricao,2020-2024,2,1,4,1.6140351814234979e-4,1.5155219932147788,0.00064535528284801445,99478.91783741726,64.1992451583792,397756.16973702086,0.9993415943469266,8359936.278241782,84.03726598538991
Maricao,2020-2024,2,5,5,7.556374536643107e-5,2.5,3.7774736681755783e-4,99414.71859225888,37.5536481711315,496979.7088408666,0.999579306018016,7962180.108504762,80.0905562199595
Maricao,2020-2024,2,10,5,9.275286800052951e-5,2.5,4.6365682625164036e-4,99377.16494408775,46.07690089986136,496770.63246818905,0.9989991219553417,7465200.399663895,75.11987692408026
Maricao,2020-2024,2,15,5,3.0790652674520663e-4,2.5,0.0015383484648941596,99331.08804318789,152.80582680751104,496273.42564892065,0.9978015968566767,6968429.767195706,70.15356324463013
Maricao,2020-2024,2,20,5,5.727137863722749e-4,2.5,0.0028594747802902346,99178.28221638038,283.59779675025493,495182.41659002623,0.9967867184508067,6472156.341546785,65.25779834970602
Maricao,2020-2024,2,25,5,7.148959954167616e-4,2.5,0.003568102920860413,98894.68441963012,352.86641233525006,493591.25606731256,0.9960927322943038,5976973.924956759,60.43776730805118
Maricao,2020-2024,2,30,5,8.51337490344362e-4,2.5,0.004247646998882066,98541.81800729487,418.57085752305284,491662.66289266676,0.9952497737422886,5483382.668889446,55.6452354926466
Maricao,2020-2024,2,35,5,0.0010537586045327376,2.5,0.005254949402291067,98123.24714977182,515.6326989605586,489327.15400145773,0.9941455608127603,4991720.00599678,50.871940656199406
Maricao,2020-2024,2,40,5,0.0012956020940334439,2.5,0.006457095902734824,97607.61445081126,630.2617273460637,486462.41793569113,0.9918107181350947,4502392.851995322,46.127475579933105
Maricao,2020-2024,2,45,5,0.0019964602274634507,2.5,0.009932725409242582,96977.3527234652,963.2494155174354,482478.6400785324,0.9878347064707172,4015930.434059631,41.41101320337355
Maricao,2020-2024,2,50,5,0.0029049973294644083,2.5,0.01442025960819209,96014.10330794776,1384.5482957483764,476609.14580036787,0.9826192496270663,3533451.7939810986,36.80138304940676
Maricao,2020-2024,2,55,5,0.004118892257855874,2.5,0.020384556806256587,94629.55501219939,1928.9815396969643,468325.3212117545,0.9780828273020876,3056842.6481807306,32.30325502203461
Maricao,2020-2024,2,60,5,0.004752130076887141,2.5,0.02348168038539746,92700.57347250242,2176.765237824351,458060.9542679512,0.9690119884367935,2588517.3269689763,27.923423016760548
Maricao,2020-2024,2,65,5,0.007887492249425396,2.5,0.03867484244700571,90523.80823467807,3500.99402117914,443866.5561204425,0.9497408281821998,2130456.372701025,23.534763000446603
Maricao,2020-2024,2,70,5,0.012862642223222484,2.5,0.06230954757232812,87022.81421349893,5422.352182113871,421558.19061220996,0.9245064850804952,1686589.8165805824,19.381007518818663
Maricao,2020-2024,2,75,5,0.018750288964246888,2.5,0.08955355713604199,81600.46203138506,7307.611638855073,389733.2810597876,0.8657659819792347,1265031.6259683724,15.502750774644115
Maricao,2020-2024,2,80,5,0.04036115875582794,2.5,0.18330934939794477,74292.85039252999,13618.574070373514,337417.8167867161,0.6145110764239413,875298.3449085848,11.781730547204775
Maricao,2020-2024,2,85,NA,0.06963894476951693,8.865050573754441,1,60674.276322156475,60674.276322156475,537880.5281218687,0,537880.5281218687,8.865050573754441
Maunabo,1980-1984,1,0,1,0.019781288967918573,0.1098174269289669,0.019438988619905225,100000,1943.8988619905285,98269.57510924342,0.9800466474915245,7165320.989637759,71.65320989637759
Maunabo,1980-1984,1,1,4,4.994274637993564e-4,1.5944303272882256,0.0019953126714680933,98056.10113800947,195.6525811154279,391753.74863651884,0.9979586670464388,7067051.414528515,72.07151143590713
Maunabo,1980-1984,1,5,5,2.2838989933713714e-4,2.5,0.0011412978444361743,97860.44855689404,111.687918993528,489023.0229869864,0.9987044973442595,6675297.665891997,68.21241639834827
Maunabo,1980-1984,1,10,5,2.9018710111924353e-4,2.5,0.001449883661754306,97748.76063790052,141.7243310056365,488389.49236198846,0.9969089639425547,6186274.64290501,63.28749952975241
Maunabo,1980-1984,1,15,5,0.00094916121339379505,2.5,0.004734571388159762,97607.03630689488,462.1274813816999,486879.86283102015,0.9927610202682952,5697885.150543022,58.37576230291226
Maunabo,1980-1984,1,20,5,0.0019606235937447013,2.5,0.009755301781630595,97144.90882551318,947.677902141877,483355.34937221115,0.9891096996809288,5211005.287712001,53.64156856713662
Maunabo,1980-1984,1,25,5,0.0024218714412128145,2.5,0.012036480187019905,96197.2309233713,1157.8760640553373,478091.4644567182,0.9878761523213128,4727649.93833979,49.14538488229185
Maunabo,1980-1984,1,30,5,0.0024574615193994733,2.5,0.012212279579172454,95039.35485931596,1160.6471725661395,472295.15636516444,0.9866829621967571,4249558.473883072,44.713671301468445
Maunabo,1980-1984,1,35,5,0.002908080621468717,2.5,0.014435454444016735,93878.70768674983,1355.1818080752564,466005.583913561,0.9825773511943163,3777263.317517908,40.235570030658145
Maunabo,1980-1984,1,40,5,0.004132986472636067,2.5,0.020453596271414052,92523.52587867457,1892.4388439301256,457886.5322835475,0.976440776494457,3311257.733604347,35.78827873406354
Maunabo,1980-1984,1,45,5,0.005418355170065131,2.5,0.0267296983521737,90631.08703474444,2422.541617768322,447099.0811293014,0.9685317720246649,2853371.2013207995,31.48336067321942
Maunabo,1980-1984,1,50,5,0.007401859419730357,2.5,0.036336895615905904,88208.54541697612,3205.2247072475584,433029.6653167617,0.954375527807725,2406272.120191498,27.27935381789439
Maunabo,1980-1984,1,55,5,0.011366520977437629,2.5,0.055262255909547156,85003.32070972856,4697.475262222331,413272.91539308697,0.9254911380303266,1973242.4548747363,23.213710222133713
Maunabo,1980-1984,1,60,5,0.019921340197454798,2.5,0.09488129461621271,80305.84544750623,7619.522581308876,382480.4207842589,0.8928829509120625,1559969.5394816494,19.425354789413923
Maunabo,1980-1984,1,65,5,0.02567579481084539,2.5,0.12063544661849876,72686.32286619736,8768.547022020131,341510.24677593645,0.8492901326174958,1177489.1186973904,16.19959673658192
Maunabo,1980-1984,1,70,5,0.04074950457212388,2.5,0.1849100414153984,63917.775844177224,11819.038578526946,290041.28277456877,0.7963109640113774,835978.871921454,13.0789731163277
Maunabo,1980-1984,1,75,5,0.05114347492865029,2.5,0.22672820408956945,52098.73726565028,11812.253135575222,230963.05348931334,0.708495407316069,545937.5891468852,10.478902518561283
Maunabo,1980-1984,1,80,5,0.09239066544254985,2.5,0.375273830016705,40286.484130075056,15118.463197400473,163636.26265687408,0.48047780333971785,314974.53565757186,7.818367436597279
Maunabo,1980-1984,1,85,NA,0.17789799593037534,6.01311773402976,1,25168.020932674583,25168.020932674583,151338.27300069775,0,151338.27300069775,6.01311773402976
Maunabo,1980-1984,2,0,1,0.010355779089598624,0.12774607791052064,0.010263074086584419,100000,1026.3074086584384,99104.79933752818,0.9894329229351557,7842393.339960956,78.42393339960957
Maunabo,1980-1984,2,1,4,2.8708714617765694e-4,1.5073019784611272,0.001147527389368629,98973.69259134156,113.57502307552204,395611.66213004966,0.9988196145830602,7743288.540623428,78.23582547935398
Maunabo,1980-1984,2,5,5,1.3606267028522224e-4,2.5,6.800820169880003e-4,98860.11756826604,67.23298815550515,494132.5053709415,0.9992451314581775,7347676.878493379,74.32397471527965
Maunabo,1980-1984,2,10,5,1.6601006221736073e-4,2.5,8.297059622407693e-4,98792.88458011053,81.96904536306101,493759.500287145,0.9980866102446426,6853544.373122437,69.37285415089728
Maunabo,1980-1984,2,15,5,6.004948205634809e-4,2.5,0.002997973434019116,98710.91553474747,295.932702420876,492814.7459176852,0.9960134398626912,6359784.8728352925,64.42838503100064
Maunabo,1980-1984,2,20,5,9.981082529338429e-4,2.5,0.004978119509253522,98414.9828323266,489.92154604046664,490850.1102965318,0.9945328252174912,5866970.126917607,59.614602960540985
Maunabo,1980-1984,2,25,5,0.0011952965552541805,2.5,0.005958676811603944,97925.06128628613,583.5037919614842,488166.54695152695,0.99307167934377,5376120.016621075,54.90034875652379
Maunabo,1980-1984,2,30,5,0.0015870271401549588,2.5,0.007903776929532546,97341.55749432465,769.3659564084082,484784.37258060224,0.9916963464107857,4887953.469669548,50.21445717009955
Maunabo,1980-1984,2,35,5,0.0017489570288405875,2.5,0.00870671596399457,96572.19153791624,840.8266417411214,480758.89108522836,0.9903490839429492,4403169.097088946,45.59458604975502
Maunabo,1980-1984,2,40,5,0.0021319850022716263,2.5,0.010603409237688878,95731.36489617512,1015.0788388766523,476119.127383684,0.9865902570891032,3922410.2060037176,40.973093930685565
Maunabo,1980-1984,2,45,5,0.00327584033884819,2.5,0.016246152192482943,94716.28605729846,1538.7751983936323,469734.49229050823,0.9808881335102091,3446291.0786200333,36.38541186607766
Maunabo,1980-1984,2,50,5,0.004454031104886148,2.5,0.022024906478091667,93177.51085890483,2052.2259625287406,460756.9893882023,0.973235224656497,2976556.5863295253,31.945010753043316
Maunabo,1980-1984,2,55,5,0.006423810887775485,2.5,0.031611390453446006,91125.28489637609,2880.59696104085,448424.9320792783,0.9621047810324967,2515799.596941323,27.608139714484146
Maunabo,1980-1984,2,60,5,0.009078300899671803,2.5,0.0443841723196083,88244.68793533524,3916.667435611991,431431.77108764625,0.9354138795212472,2067374.6648620446,23.427752006749625
Maunabo,1980-1984,2,65,5,0.01791308388582526,2.5,0.08572636070288314,84328.02049972325,7229.13430271938,403567.2667418178,0.9086545225223858,1635942.8937743984,19.39975448350252
Maunabo,1980-1984,2,70,5,0.020497457112212406,2.5,0.09749146762018364,77098.88619700387,7516.483567227435,366703.22206695075,0.8594015665662199,1232375.6270325806,15.984350589496216
Maunabo,1980-1984,2,75,5,0.041589307783214964,2.5,0.1883619329099879,69582.40262977644,13106.675855865717,315145.3235092179,0.7756389964859024,865672.4049656299,12.440967432118853
Maunabo,1980-1984,2,80,5,0.06208441535378546,2.5,0.2687146040458941,56475.72677391072,15175.852558255516,244439.00247391482,0.5559909571982277,550527.081456412,9.748030045905157
Maunabo,1980-1984,2,85,NA,0.13909358111473416,7.4113562037549965,1,41299.8742156552,41299.8742156552,306088.0789824972,0,306088.0789824972,7.4113562037549965
Maunabo,1985-1989,1,0,1,0.0168546600388463,0.11565736862548416,0.016607125937450038,100000,1660.7125937450037,98531.36105489075,0.9828961220466088,7214630.9014474545,72.14630901447454
Maunabo,1985-1989,1,1,4,4.676500672752368e-4,1.6029627295504632,0.001868505721570901,98339.287406255,183.74752117379103,392916.6999684137,0.9980519939081925,7116099.540392564,72.36273241430804
Maunabo,1985-1989,1,5,5,2.3403681962937188e-4,2.5,0.0011694998330931238,98155.5398850812,114.79288751278364,490490.71720662405,0.9986387829086313,6723182.84042415,68.4951949558378
Maunabo,1985-1989,1,10,5,3.108731828077804e-4,2.5,0.0015531588254702022,98040.74699756842,152.27285145496717,489823.0528592047,0.9970767166889344,6232692.123217526,63.572466694609204
Maunabo,1985-1989,1,15,5,8.609569627391799e-4,2.5,0.004295539127893703,97888.47414611345,420.4837708644336,488391.1613034062,0.9938032037779172,5742869.070358322,58.66746948967879
Maunabo,1985-1989,1,20,5,0.0016278489744690696,2.5,0.008106255473198272,97467.99037524902,790.1004304410017,485364.7008001426,0.9905972992131247,5254477.909054915,53.909779906462866
Maunabo,1985-1989,1,25,5,0.0021534798671221504,2.5,0.010709741304905252,96677.88994480802,1035.395191212985,480800.9617460076,0.987737115916704,4769113.208254773,49.32992653208908
Maunabo,1985-1989,1,30,5,0.0027858361520033226,2.5,0.013832840690813187,95642.49475359503,1323.0073931984225,474904.9552849791,0.9846554376667151,4288312.246508765,44.83689240391311
Maunabo,1985-1989,1,35,5,0.00340422512595237,2.5,0.016877488702005984,94319.48736039661,1591.8760823040793,467617.74659622286,0.9812239184976544,3813407.2912237863,40.43074658212128
Maunabo,1985-1989,1,40,5,0.004184781269165184,2.5,0.020707267878937514,92727.61127809253,1920.1354865094618,458837.717674189,0.9753659160927719,3345789.544627563,36.08191237228632
Maunabo,1985-1989,1,45,5,0.005812026235687,2.5,0.028643932953881946,90807.47579158307,2601.0832482853584,447534.670837202,0.966874981005132,2886951.8269533743,31.792006129312156
Maunabo,1985-1989,1,50,5,0.007692805697100466,2.5,0.03773824600091626,88206.39254329771,3328.754540652357,432710.07636485767,0.9580715101691564,2439417.156116172,27.65578645469193
Maunabo,1985-1989,1,55,5,0.009475900430056748,2.5,0.04628306779522104,84877.63800264536,3928.3974739746627,414567.19632829016,0.9298719335141261,2006707.0797513146,23.642353003376133
Maunabo,1985-1989,1,60,5,0.019976219837170277,2.5,0.09513024258809365,80949.24052867069,7700.720888814394,385494.4004213175,0.8813934384779136,1592139.8834230246,19.668373329075504
Maunabo,1985-1989,1,65,5,0.031162479288586706,2.5,0.1445509792039625,73248.5196398563,10588.145239181897,339772.2351013267,0.849310105499034,1206645.483001707,16.473308797699467
Maunabo,1985-1989,1,70,5,0.03427897339652329,2.5,0.15786614363769572,62660.3744006744,9891.951665528657,288571.99283955037,0.8078300283321427,866873.2479003803,13.8344728417558
Maunabo,1985-1989,1,75,5,0.0527202676020221,2.5,0.23290438433990102,52768.422735145745,12289.997009716753,233117.12115143685,0.7178997891308863,578301.2550608299,10.95922949911595
Maunabo,1985-1989,1,80,5,0.08374402340806711,2.5,0.3462327981566565,40478.42572542899,14014.958603891664,167354.73211741578,0.5151725827545002,345184.13390939304,8.527607675526387
Maunabo,1985-1989,1,85,NA,0.1822824559910948,6.719807384847566,1,26463.467121537327,26463.467121537327,177829.4017919773,0,177829.4017919773,6.719807384847566
Maunabo,1985-1989,2,0,1,0.010011492501715638,0.1284536798059989,0.009924893051357336,100000,992.4893051357358,99134.99959827705,0.9897809069582281,7932900.91753102,79.3290091753102
Maunabo,1985-1989,2,1,4,2.784083594839111e-4,1.5078521990054417,0.0011128612960621567,99007.51069486426,110.18162667176512,395755.453880837,0.9988695076182923,7833765.917932743,79.12294595584754
Maunabo,1985-1989,2,5,5,1.259575098088311e-4,2.5,6.295892952945615e-4,98897.3290681925,62.2646997145639,494330.98359167605,0.9992823008856812,7438010.464051906,75.20941701998026
Maunabo,1985-1989,2,10,5,1.6123785618531273e-4,2.5,8.0586444128934e-4,98835.06436847794,79.64766392709862,493976.20268257195,0.9983746775041117,6943679.48046023,70.25522292951347
Maunabo,1985-1989,2,15,5,4.8968704153458e-4,2.5,0.0024454414551943,98755.41670455084,241.50058993430866,493173.33204791846,0.9964627615114033,6449703.277777658,65.3098684912991
Maunabo,1985-1989,2,20,5,9.284926538556729e-4,2.5,0.004631711992877958,98513.91611461653,456.28808673343156,491428.8603562491,0.994931547877675,5956529.945729739,60.463842882863204
Maunabo,1985-1989,2,25,5,0.0011044862306540933,2.5,0.005507224519144178,98057.6280278831,540.0253733642894,488938.07670600474,0.9938629925113232,5465101.08537349,55.733563979535234
Maunabo,1985-1989,2,30,5,0.001358654839742708,2.5,0.006770278021213726,97517.6026545188,660.2212819333363,485937.4600677607,0.9920760462334991,4976163.008667486,51.028356657790525
Maunabo,1985-1989,2,35,5,0.0018253909805936452,2.5,0.00908549345843505,96857.38137258547,879.9971048617736,482086.91410077293,0.9904481684498685,4490225.548599725,46.35914666458904
Maunabo,1985-1989,2,40,5,0.0020145846123193405,2.5,0.010022445400890591,95977.3842677237,961.9280935435672,477482.1011047596,0.9876547799413642,4008138.634498952,41.7612822549786
Maunabo,1985-1989,2,45,5,0.002960045828268534,2.5,0.014691510282039386,95015.45617418013,1395.9205513356283,471587.47949256154,0.9809253708415221,3530656.5333941923,37.15876001186454
Maunabo,1985-1989,2,50,5,0.0047606127580496075,2.5,0.023523102831625165,93619.5356228445,2202.221963505159,462592.1232054596,0.9728225089327144,3059069.053901631,32.675541846579875
Maunabo,1985-1989,2,55,5,0.0062810878785775764,2.5,0.030919912671173916,91417.31365933934,2826.61535498008,450020.02990924654,0.9582621508756869,2596476.9306961712,28.40246367741425
Maunabo,1985-1989,2,60,5,0.010867643850517302,2.5,0.05290094760769817,88590.69830435926,4686.531889528313,431237.16179797554,0.9406136145215029,2146456.9007869246,24.22891953523866
Maunabo,1985-1989,2,65,5,0.013700535631133949,2.5,0.06623407248062979,83904.16641483095,5557.314639746735,405627.54547478794,0.9134667217674687,1715219.7389889492,20.44260508481455
Maunabo,1985-1989,2,70,5,0.022893856079851862,2.5,0.108272351327464,78346.85177508421,8482.797860792663,370527.2642234394,0.8656088398868318,1309592.1935141613,16.715313555593774
Maunabo,1985-1989,2,75,5,0.03565421994702639,2.5,0.16368127893429696,69864.05391429155,11435.43769622592,320731.67533089296,0.7992143958029406,939064.9292907218,13.441317482703713
Maunabo,1985-1989,2,80,5,0.05587990152120457,2.5,0.24515185396303504,58428.61621806563,14323.883590353456,256333.37211444453,0.585444628001363,618333.2539598289,10.582712615546173
Maunabo,1985-1989,2,85,NA,0.12040338337044743,8.207733281165618,1,44104.732627712176,44104.732627712176,361999.8818453843,0,361999.8818453843,8.207733281165618
Maunabo,1990-1994,1,0,1,0.016325777909604752,0.11671272647027921,0.01609370107737116,100000,1609.3701077371225,98578.46386543664,0.9833216363262492,7194818.824152211,71.9481882415221
Maunabo,1990-1994,1,1,4,5.099325994995316e-4,1.6045096786538808,0.002037241828453608,98390.62989226288,200.44550674440688,393082.35429768794,0.9979761605541914,7096240.360286774,72.1231317256238
Maunabo,1990-1994,1,5,5,2.3245666309044892e-4,2.5,0.0011616082565044314,98190.18438551847,114.05852888991649,490665.77560536755,0.9987143935184193,6703158.005989087,68.26708848687831
Maunabo,1990-1994,1,10,5,2.821486616900108e-4,2.5,0.0014097489115282873,98076.12585662855,138.2627116733056,490034.9725039595,0.9970541342233726,6212492.230383719,63.34357292482555
Maunabo,1990-1994,1,15,5,8.988455272380876e-4,2.5,0.004484151237981141,97937.86314495525,439.1681902666751,488591.39524910954,0.9932532152759392,5722457.257879759,58.42946817626704
Maunabo,1990-1994,1,20,5,0.001812094171662155,2.5,0.009019609901975683,97498.69495468857,879.4001944430347,485294.9742873353,0.9893780715430622,5233865.8626306495,53.68139404392059
Maunabo,1990-1994,1,25,5,0.002462837292636334,2.5,0.012238830840650118,96619.29476024554,1182.5072045135603,480140.20578994375,0.9850782960907312,4748570.888343315,49.14723192843192
Maunabo,1990-1994,1,30,5,0.0035589498672178345,2.5,0.017637819051659384,95436.78755573198,1683.296789779648,472975.6958042108,0.9803519428763091,4268430.6825533705,44.72521332573926
Maunabo,1990-1994,1,35,5,0.004386458366820532,2.5,0.021694388009608167,93753.49076595233,2033.9246059317957,463682.6423149322,0.9783646248422442,3795454.98674916,40.48334580121601
Maunabo,1990-1994,1,40,5,0.004362066644600843,2.5,0.021575053668101467,91719.56616002053,1978.854562317414,453650.69439430913,0.9722803788173545,3331772.344434228,36.32564439545406
Maunabo,1990-1994,1,45,5,0.006917533229086027,2.5,0.03399968133194989,89740.71159770312,3051.155596824319,441075.6689964548,0.964291996201194,2878121.6500399187,32.07152694467361
Maunabo,1990-1994,1,50,5,0.0076384210586142275,2.5,0.03747645297407283,86689.5560008788,3248.8170688101964,425325.7373323685,0.9562629061852526,2437045.981043464,28.112336635093147
Maunabo,1990-1994,1,55,5,0.010307224512769463,2.5,0.050241496600548816,83440.7389320686,4192.187601402809,406723.22565683606,0.9351304631693973,2011720.2437110955,24.109568892347564
Maunabo,1990-1994,1,60,5,0.01672557021237617,2.5,0.0802713891727465,79248.5513306658,6361.391305240235,380339.2783902284,0.9051641771772997,1604997.0180542595,20.252698517571442
Maunabo,1990-1994,1,65,5,0.02343084210738674,2.5,0.11067140027293722,72887.16002542556,8066.524061931508,344269.489972299,0.8629896984384394,1224657.739664031,16.802105326052324
Maunabo,1990-1994,1,70,5,0.03635417499653444,2.5,0.16662691492214168,64820.63596349405,10800.862593888232,297101.02333274967,0.8104377493887199,880388.249691732,13.581913176346381
Maunabo,1990-1994,1,75,5,0.04870296981816165,2.5,0.21708334062463944,54019.77336960582,11726.79286285997,240781.8846908792,0.7222011489751782,583287.2263589823,10.797661485325081
Maunabo,1990-1994,1,80,5,0.08642546564809227,2.5,0.3553492641794266,42292.98050674585,15028.77950302697,173892.95377616183,0.4922912649208584,342505.3416681031,8.098396886771141
Maunabo,1990-1994,1,85,NA,0.17765835499210378,6.184387646971289,1,27264.20100371888,27264.20100371888,168612.38789194127,0,168612.38789194127,6.184387646971289
Maunabo,1990-1994,2,0,1,0.007993295686209956,0.13260161917500327,0.00793825680087624,100000,793.8256800876261,99311.43689043469,0.9917592784524376,7999576.1716245,79.995761716245
Maunabo,1990-1994,2,1,4,2.598667768901322e-4,1.5110844561849743,0.0010387952288714464,99206.17431991237,103.05490055811242,396568.2023357841,0.9989437432835131,7900264.734734065,79.634808910763
Maunabo,1990-1994,2,5,5,1.289853069091349e-4,2.5,6.447186364676874e-4,99103.11941935426,63.893628021731274,495355.863026717,0.9993019060702851,7503696.532398282,75.71604785361431
Maunabo,1990-1994,2,10,5,1.5035722844533526e-4,2.5,7.515036572090152e-4,99039.22579133253,74.42834038933506,495010.05810568936,0.9983144957458966,7008340.669371564,70.76328205692519
Maunabo,1990-1994,2,15,5,5.247289059993526e-4,2.5,0.002620207283743038,98964.7974509432,259.3082831151114,494175.7165469282,0.9963247541135252,6513330.6112658745,65.81462074425535
Maunabo,1990-1994,2,20,5,9.488567303857927e-4,2.5,0.004733056171420099,98705.48916782808,467.17862465881626,492359.4992774934,0.9945913730279219,6019154.894718947,60.98095400231116
Maunabo,1990-1994,2,25,5,0.0012211990686665393,2.5,0.006087410493270265,98238.31054316927,598.0169224416313,489696.51040974224,0.9936597400197814,5526795.395441453,56.25906395257877
Maunabo,1990-1994,2,30,5,0.001323294957481881,2.5,0.00659465809290775,97640.29362072764,643.9043525198213,486591.70722233865,0.9919207587031544,5037098.885031711,51.58832177008537
Maunabo,1990-1994,2,35,5,0.0019239455818541105,2.5,0.00957367981183041,96996.38926820781,928.6123737574817,482660.41540664533,0.9884078234813168,4550507.177809373,46.91419146775268
Maunabo,1990-1994,2,40,5,0.002744742565941895,2.5,0.013630184461029904,96067.77689445033,1309.4215198324382,477065.33067267056,0.9853249196514042,4067846.7624027273,42.343508863248395
Maunabo,1990-1994,2,45,5,0.0031718365294182583,2.5,0.015734415165116915,94758.3553746179,1490.9673038279143,470064.3586135197,0.9829136110757144,3590781.4317300566,37.89408773014531
Maunabo,1990-1994,2,50,5,0.0037263895819771185,2.5,0.018459975261143888,93267.38807078998,1721.7136764582829,462032.6561628042,0.9749724588496712,3120717.0731165367,33.45989565771812
Maunabo,1990-1994,2,55,5,0.0064459532380733015,2.5,0.031718624268342134,91545.6743943317,2903.702849505804,450469.11484789394,0.9601313686466583,2658684.4169537327,29.042163210262533
Maunabo,1990-1994,2,60,5,0.00989604091016852,2.5,0.048285613533590115,88641.9715448259,4280.131980868959,432509.5277719571,0.947246655275897,2208215.3021058384,24.911622153949416
Maunabo,1990-1994,2,65,5,0.01182933390903237,2.5,0.05744774805985682,84361.83956395694,4846.39770513626,409693.20355694403,0.9226291679942936,1775705.7743338814,21.04868484983275
Maunabo,1990-1994,2,70,5,0.020722300526020636,2.5,0.09850821076093166,79515.44185882068,7832.923905377305,377994.89953066007,0.8748121943652278,1366012.5707769375,17.179211217895098
Maunabo,1990-1994,2,75,5,0.03355328368414775,2.5,0.1547827450366723,71682.51795344337,11095.216899974512,330674.54751728056,0.8095935076167623,988017.6712462774,13.78324449886064
Maunabo,1990-1994,2,80,5,0.05263050267606319,2.5,0.23255393688626227,60587.30105346886,14089.81538529737,267711.9668041009,0.5927363394547798,657343.1237289968,10.84951982180037
Maunabo,1990-1994,2,85,NA,0.11100539539909472,8.379617764829094,1,46497.48566817149,46497.48566817149,389631.156924896,0,389631.156924896,8.379617764829094
Maunabo,1995-1999,1,0,1,0.018637803761591343,0.11209919448393255,0.018334396614686502,100000,1833.4396614686557,98372.08744771687,0.9810876327998382,7142780.019207416,71.42780019207416
Maunabo,1995-1999,1,1,4,5.249092582952124e-4,1.5977584629999495,0.0020969928115923972,98166.56033853134,205.85457136864716,392171.72895220225,0.9979234050912139,7044407.931759699,71.75975105439953
Maunabo,1995-1999,1,5,5,2.2746387953941712e-4,2.5,0.00113667301756123,97960.7057671627,111.34929102679598,489525.1556082465,0.9987399097510786,6652236.202807497,67.90718942571549
Maunabo,1995-1999,1,10,5,2.769211656897022e-4,2.5,0.0013836479249578024,97849.3564761359,135.3890590466617,488908.30973306287,0.9970843879741658,6162711.04719925,62.981620617017036
Maunabo,1995-1999,1,15,5,8.91924149420171e-4,2.5,0.004449698762640744,97713.96741708924,434.7977199085435,487482.84278567485,0.9931872921383084,5673802.737466187,58.06542183726636
Maunabo,1995-1999,1,20,5,0.001845733437959846,2.5,0.009186278635678509,97279.1696971807,893.6335582857573,484161.7645901891,0.9900302752481502,5186319.894680513,53.31377632873465
Maunabo,1995-1999,1,25,5,0.0021637282377482314,2.5,0.010760434548533399,96385.53613889494,1037.1502530478756,479334.805061855,0.9879144105830864,4702158.130090323,48.78489365161956
Maunabo,1995-1999,1,30,5,0.002703177016560602,2.5,0.013425158632157687,95348.38588584706,1280.0672058376804,473541.7614146411,0.9833621638819708,4222823.325028469,44.28835670153992
Maunabo,1995-1999,1,35,5,0.004018821931332171,2.5,0.019894231224778024,94068.31868000938,1871.4168827462127,465663.0511931814,0.9787221380089285,3749281.5636138273,39.85700622935226
Maunabo,1995-1999,1,40,5,0.004589987996220604,2.5,0.0226895777572404,92196.90179726317,2091.9087723056728,455754.73705555167,0.9743024031964331,3283618.512420646,35.61528043145284
Maunabo,1995-1999,1,45,5,0.005839101603918675,2.5,0.028775451063448212,90104.9930249575,2592.8118173620023,444042.9355813825,0.9655286716617508,2827863.7753650947,31.38409626847012
Maunabo,1995-1999,1,50,5,0.008233240466799796,2.5,0.04033596312434228,87512.1812075955,3529.888114120331,428736.1857526766,0.9553293255491017,2383820.839783712,27.239874573904594
Maunabo,1995-1999,1,55,5,0.010085557991242005,2.5,0.04918757949265503,83982.29309347516,4130.88571751077,409584.2511735989,0.9345881983962022,1955084.6540310353,23.279724594504216
Maunabo,1995-1999,1,60,5,0.017204542789936488,2.5,0.08247533775584519,79851.4073759644,6585.77179361225,382792.6073957914,0.9000082507092232,1545500.4028574363,19.35470461504525
Maunabo,1995-1999,1,65,5,0.025324386646915224,2.5,0.11908269284327856,73265.63558235214,8724.66917802082,344516.50496670866,0.8516476653675829,1162707.7954616451,15.869756485695625
Maunabo,1995-1999,1,70,5,0.039942042454105285,2.5,0.1815786562761709,64540.966404331324,11719.261954463967,293406.6771354967,0.7881122187261229,818191.2904949364,12.677084587937435
Maunabo,1995-1999,1,75,5,0.056861280653508775,2.5,0.2489214256553876,52821.70444986736,13148.453977208512,231237.3873063155,0.6890333079648668,524784.6133594397,9.93501854635358
Maunabo,1995-1999,1,80,5,0.0980001915436975,2.5,0.3935749150614469,39673.250472658845,15614.396184988214,159330.26190082368,0.4572244335499557,293547.2260531242,7.399122142901417
Maunabo,1995-1999,1,85,NA,0.13670953933150493,5.5786930893497395,1,24058.85428767063,24058.85428767063,134216.9641523005,0,134216.9641523005,5.5786930893497395
Maunabo,1995-1999,2,0,1,0.010264392383495542,0.12793390226597312,0.010173328593515222,100000,1017.3328593515325,99112.81850324871,0.9895612426562542,7969215.456901441,79.69215456901442
Maunabo,1995-1999,2,1,4,2.6653794411931876e-4,1.5074479943783508,0.001065443938475592,98982.66714064847,105.4604827191506,395667.8028248784,0.998888207134933,7870102.638398193,79.50990679221894
Maunabo,1995-1999,2,5,5,1.258566740417293e-4,2.5,6.290854337077101e-4,98877.20665792932,62.20221043420315,494230.52776356105,0.9993011631427485,7474434.835573315,75.5931026796853
Maunabo,1995-1999,2,10,5,1.537855398622857e-4,2.5,7.686321880214526e-4,98815.00444749511,75.95239307782322,493885.14125478105,0.9984407490834291,6980204.307809753,70.63911343057877
Maunabo,1995-1999,2,15,5,4.706486861613085e-4,2.5,0.0023504778075765743,98739.05205441729,232.08395059507166,493115.05039559875,0.9965052985273951,6486319.1665549725,65.69152763366836
Maunabo,1995-1999,2,20,5,9.304836655167519e-4,2.5,0.004641620946403388,98506.96810382222,457.23200651738443,491391.76050281763,0.994830021318616,5993204.116159374,60.8404078566583
Maunabo,1995-1999,2,25,5,0.0011434192602361678,2.5,0.005700800289057667,98049.73609730483,558.9619638855511,488851.2755768103,0.9932225923490692,5501812.355656556,56.11246470053261
Maunabo,1995-1999,2,30,5,0.0015782401771880247,2.5,0.007860187725767508,97490.77413341928,766.2957862190524,485538.13120154873,0.9915785140843137,5012961.0800797455,51.41985100271484
Maunabo,1995-1999,2,35,5,0.001805559684539828,2.5,0.008987230967920826,96724.47834720023,869.2852271579613,481449.17866810627,0.9905787636421846,4527422.948878197,46.807416553094775
Maunabo,1995-1999,2,40,5,0.001981604018411397,2.5,0.009859177627047013,95855.19312004227,945.0533754453936,476913.3321615979,0.988076181677806,4045973.770210091,42.20922871798088
Maunabo,1995-1999,2,45,5,0.0028215671647222073,2.5,0.014009017365092616,94910.13974459688,1329.5977958054282,471226.70423347084,0.9827954103227527,3569060.438048493,37.604627362817425
Maunabo,1995-1999,2,50,5,0.004131346833257245,2.5,0.02044556486711643,93580.54194879145,1913.3070407139312,463119.4421421724,0.9759929425848758,3097833.7338150223,33.10339595500739
Maunabo,1995-1999,2,55,5,0.005606061165054605,2.5,0.027642886543420328,91667.23490807752,2533.946974313032,452001.307104605,0.9601243821931779,2634714.2916728496,28.74215955477331
Maunabo,1995-1999,2,60,5,0.010773797801119728,2.5,0.052456110193941675,89133.28793376448,4675.585573801873,433977.47573431773,0.9431305722813813,2182712.984568245,24.488191058207487
Maunabo,1995-1999,2,65,5,0.012695986789361857,2.5,0.0615270668761886,84457.70235996261,5196.43470131066,409297.4250465364,0.9117495622620413,1748735.5088339269,20.70545918216832
Maunabo,1995-1999,2,70,5,0.02479210217522988,2.5,0.11672581504353373,79261.26765865195,9251.836068839824,373176.7481211602,0.8666914865366914,1339438.0837873905,16.899024244172317
Maunabo,1995-1999,2,75,5,0.03291979170593326,2.5,0.15208263672220598,70009.43158981213,10647.218951601542,323429.1105700568,0.8084922384160759,966261.3356662303,13.801873743634879
Maunabo,1995-1999,2,80,5,0.054030590340875435,2.5,0.2380041851378805,59362.212638210585,14128.455046938892,261489.9255737057,0.5932221264505144,642832.2250961736,10.828980196779119
Maunabo,1995-1999,2,85,NA,0.128205049652589,8.430480239299236,1,45233.75759127169,45233.75759127169,381342.29952246783,0,381342.29952246783,8.430480239299236
Maunabo,2000-2004,1,0,1,0.016742313651571455,0.11588155022397174,0.016498105584608663,100000,1649.8105584608566,98541.37204662946,0.9830808820935877,7380616.645801183,73.80616645801183
Maunabo,2000-2004,1,1,4,4.2646451000357067e-4,1.6032912078735742,0.0017041162436462684,98350.18944153914,167.6001553930255,392999.06900016434,0.9982430036005915,7282075.273754554,74.04231059547811
Maunabo,2000-2004,1,5,5,1.9250159453730692e-4,2.5,9.620449847026049e-4,98182.58928614612,94.4560676078545,490676.80626171094,0.9989038943930938,6889076.204754389,70.16596582798066
Maunabo,2000-2004,1,10,5,2.4621052095770776e-4,2.5,0.0012302953256558848,98088.13321853826,120.67737180108088,490138.97266318864,0.9974637089424117,6398399.398492678,65.2311262182672
Maunabo,2000-2004,1,15,5,7.702595043705218e-4,2.5,0.0038438955291896946,97967.45584673718,376.57666553536546,488895.83756984747,0.994108022719199,5908260.42582949,60.308399098089524
Maunabo,2000-2004,1,20,5,0.0015959346184635263,2.5,0.0079479620229709,97590.87918120182,775.6486015205301,486015.27440220775,0.9914910336948529,5419364.588259642,55.53146599076374
Maunabo,2000-2004,1,25,5,0.0018231651544633794,2.5,0.009074465150671656,96815.23057968129,878.5464359495672,481879.78680853255,0.9900721407820733,4933349.313857434,50.956334910519764
Maunabo,2000-2004,1,30,5,0.0021695171939800015,2.5,0.010789068296956826,95936.68414373172,1035.0674374102819,477095.7521251329,0.9878442058190023,4451469.527048902,46.40007695471045
Maunabo,2000-2004,1,35,5,0.0027259364002510194,2.5,0.013537426591476519,94901.61670632144,1284.7236695742758,471296.2743576715,0.9851821814233789,3974373.7749237693,41.8788837625675
Maunabo,2000-2004,1,40,5,0.0032493391483922416,2.5,0.016115781641474744,93616.89303674716,1508.7094061335083,464312.69166840205,0.9802824459962631,3503077.5005660974,37.41928819610628
Maunabo,2000-2004,1,45,5,0.0047309655212577255,2.5,0.023378322511916825,92108.18363061365,2153.3348229033436,455157.58109580993,0.9698817145663028,3038764.8088976955,32.99125755301196
Maunabo,2000-2004,1,50,5,0.007543547364941062,2.5,0.03701958926213143,89954.84880771031,3330.0915549985802,441449.0151510551,0.9592385358564655,2583607.2278018855,28.72115580255899
Maunabo,2000-2004,1,55,5,0.009133326034123875,2.5,0.044647186884805894,86624.75725271173,3867.551725912752,423454.90694877674,0.945868410370848,2142158.2126508304,24.72916843393257
Maunabo,2000-2004,1,60,5,0.013235783836599952,2.5,0.06405923375616276,82757.20552679898,5301.363173848018,400532.61969937483,0.9151159203554723,1718703.3057020537,20.768020074644642
Maunabo,2000-2004,1,65,5,0.02263958866890153,2.5,0.10713425469774211,77455.84235295096,8298.173942469206,366533.7769085818,0.8655306983640529,1318170.686002679,17.01835066225264
Maunabo,2000-2004,1,70,5,0.03598732204917829,2.5,0.16508425923962536,69157.66841048175,11416.842460284024,317246.23590169876,0.8165641048461983,951636.9090940971,13.760396077058376
Maunabo,2000-2004,1,75,5,0.04578579414703055,2.5,0.20541612024509387,57740.82595019773,11860.896446436855,259051.88863489652,0.7325959172302646,634390.6731923984,10.98686523361424
Maunabo,2000-2004,1,80,5,0.08350556906207167,2.5,0.34541719643089097,45879.929503760875,15847.716621635998,189780.35596471437,0.4943758445095086,375338.78455750184,8.180892791623286
Maunabo,2000-2004,1,85,NA,0.16447248200756287,6.178646552656517,1,30032.212882124877,30032.212882124877,185558.4285927875,0,185558.4285927875,6.178646552656517
Maunabo,2000-2004,2,0,1,0.0073980270110696866,0.1338250570249588,0.007350922405965875,100000,735.0922405965975,99363.28152041984,0.9924100691353713,8131158.569821813,81.31158569821814
Maunabo,2000-2004,2,1,4,2.2067473625188278e-4,1.5120400492454935,8.822145828181093e-4,99264.9077594034,87.57294918743719,396841.7530472658,0.9990990352121586,8031795.288301393,80.91273612794485
Maunabo,2000-2004,2,5,5,1.0384320941992174e-4,2.5,5.190812894319976e-4,99177.33481021597,51.48109883572033,495757.9713039906,0.9994229849693476,7634953.535254127,76.98284643224424
Maunabo,2000-2004,2,10,5,1.270361045827838e-4,2.5,6.349788598118117e-4,99125.85371138024,62.94282156751433,495471.91150298243,0.9986087541988989,7139195.563950137,72.02152916369299
Maunabo,2000-2004,2,15,5,4.300605357722691e-4,2.5,0.0021479932610296614,99062.91088981273,212.78646500929608,494782.5882865404,0.9969848358257858,6643723.652447155,67.0657019137762
Maunabo,2000-2004,2,20,5,7.783519929575051e-4,2.5,0.003884201774307323,98850.12442480343,383.9538286813331,493290.73755231383,0.9954439696859588,6148941.064160614,62.20468714572224
Maunabo,2000-2004,2,25,5,0.00104883867344973,2.5,0.005230478546797325,98466.1705961221,515.0251928883081,491043.2899983898,0.9945583674216493,5655650.3266083,57.4374964758814
Maunabo,2000-2004,2,30,5,0.0011339850880892504,2.5,0.005653896853642189,97951.1454032338,553.8056728059746,488371.212834154,0.9933868788870934,5164607.03660991,52.72635675008048
Maunabo,2000-2004,2,35,5,0.0015213240573164516,2.5,0.007577799564634257,97397.33973042782,738.0575186057831,485141.5548556247,0.9915165236171718,4676235.823775756,48.01194608311111
Maunabo,2000-2004,2,40,5,0.0018880840119388576,2.5,0.009396068642248016,96659.28221182204,908.2172505727067,481025.86793267843,0.9894034026606708,4191094.2689201315,43.359459878210586
Maunabo,2000-2004,2,45,5,0.0023757295734700094,2.5,0.011808513281794365,95751.06496124933,1130.6777223408571,475928.6305003945,0.9860629895033656,3710068.4009874533,38.74701970666255
Maunabo,2000-2004,2,50,5,0.00324429033361758,2.5,0.01609094244550106,94620.38723890847,1522.5312052322988,469295.60818146163,0.9785584655794681,3234139.770487059,34.18015783766695
Maunabo,2000-2004,2,55,5,0.005449161825438306,2.5,0.02687963048637098,93097.85603367617,2502.4359692585713,459233.1902452344,0.9678529032503601,2764844.162305597,29.69825815650871
Maunabo,2000-2004,2,60,5,0.007655788239652537,2.5,0.03756006150537892,90595.4200644176,3402.76954972517,444470.1764477751,0.9523925245322128,2305610.972060363,25.449531228189738
Maunabo,2000-2004,2,65,5,0.011956416765298919,2.5,0.05804699855961106,87192.65051469243,5061.27165883503,423310.0734263746,0.9272269803501089,1861140.7956125876,21.345156783586656
Maunabo,2000-2004,2,70,5,0.018499020690900137,2.5,0.08840651842080825,82131.3788558574,7260.949257746732,392504.5211349202,0.8843388936564852,1437830.722186213,17.506472461757173
Maunabo,2000-2004,2,75,5,0.03139681183952438,2.5,0.14555884966161362,74870.42959811067,10898.053605971814,347107.0139756238,0.8182800439613458,1045326.2010512928,13.96180316664927
Maunabo,2000-2004,2,80,5,0.05046092823679791,2.5,0.22404131001688854,63972.375992138856,14332.454922171739,284030.7426552649,0.5932069070675892,698219.187075669,10.91438572113483
Maunabo,2000-2004,2,85,NA,0.11008237364186318,8.343857836449988,1,49639.92106996712,49639.92106996712,414188.44442040403,0,414188.44442040403,8.343857836449988
Maunabo,2005-2009,1,0,1,0.012343312222827333,0.12465953762495921,0.012211373212146128,100000,1221.1373212146136,98931.08909262458,0.9873676974170269,7428235.235810938,74.28235235810938
Maunabo,2005-2009,1,1,4,3.8542795170641765e-4,1.6162071325118037,0.0015402966124845319,98778.86267878539,152.148747569212,394752.7596158888,0.9984307978454697,7329304.146718314,74.19911454692644
Maunabo,2005-2009,1,5,5,1.8211120856095577e-4,2.5,9.101416753036507e-4,98626.71393121617,89.76428264705464,492909.1589494632,0.9989889158043499,6934551.387102425,70.31108622293439
Maunabo,2005-2009,1,10,5,2.2254748394289728e-4,2.5,0.0011121186716839134,98536.94964856912,109.58478155494959,492410.7862889582,0.9975408388568546,6441642.2281529615,65.3728601415713
Maunabo,2005-2009,1,15,5,7.629932967831886e-4,2.5,0.003807703353578645,98427.36486701417,374.78220728803717,491199.86881685077,0.9947047962265919,5949231.441864003,60.442860071506004
Maunabo,2005-2009,1,20,5,0.0013623018786282505,2.5,0.006788389802688593,98052.58265972613,665.6191522545705,488598.8654179942,0.9922246836054511,5458031.573047153,55.66433259578965
Maunabo,2005-2009,1,25,5,0.0017615210627901765,2.5,0.00876898841945032,97386.96350747156,853.9851552024484,484799.8546493517,0.9900716902281175,4969432.707629158,51.027699485135926
Maunabo,2005-2009,1,30,5,0.00223196246067162,2.5,0.011097887134664744,96532.97835226911,1071.3120985265123,479986.6115150293,0.9881729896545787,4484632.852979807,46.45700287641017
Maunabo,2005-2009,1,35,5,0.0025287492206910295,2.5,0.012564316092138868,95461.6662537426,1199.4105494942778,474309.8048949773,0.984540725794857,4004646.2414647774,41.95030737071148
Maunabo,2005-2009,1,40,5,0.0037123507089210734,2.5,0.018391068305946872,94262.25570424832,1733.583583329455,466977.319562918,0.9798634238799951,3530336.4365698,37.45228045089834
Maunabo,2005-2009,1,45,5,0.004431515283922573,2.5,0.02191478713428909,92528.67212091887,2027.746153348373,457573.99522122345,0.9726323077528588,3063359.117006882,33.10713367855971
Maunabo,2005-2009,1,50,5,0.006698894909204929,2.5,0.032942774091876736,90500.9259675705,2981.3515592553304,445051.25093971414,0.9567754557080071,2605785.121785659,28.792911165565297
Maunabo,2005-2009,1,55,5,0.011069392242880016,2.5,0.05385656267173341,87519.57440831517,4713.503444124857,425814.11343126366,0.9422998472025526,2160733.8708459446,24.68857836037026
Maunabo,2005-2009,1,60,5,0.012746122066936174,2.5,0.06176252851562394,82806.07096419031,5114.312319192584,401244.5740229701,0.9214026791191454,1734919.757414681,20.951600978205466
Maunabo,2005-2009,1,65,5,0.02028733658911847,2.5,0.09654031812503448,77691.75864499772,7500.387095281476,369707.8254867849,0.8729063966617158,1333675.1833917107,17.16623753473987
Maunabo,2005-2009,1,70,5,0.03499814511960158,2.5,0.1609116981865701,70191.37154971625,11294.612794109358,322720.32576330786,0.8097804814362242,963967.357904926,13.733416752259243
Maunabo,2005-2009,1,75,5,0.05074172970066187,2.5,0.22514769038295837,58896.75875560689,13260.469204867164,261332.62076586654,0.7261229189984751,641247.0321416181,10.887645529060158
Maunabo,2005-2009,1,80,5,0.08099056118633768,2.5,0.33676569863067074,45636.289550739726,15368.736933466447,189759.60542003252,0.5005201178526703,379914.41137575154,8.324831293599184
Maunabo,2005-2009,1,85,NA,0.14118029687975855,6.282463876752303,1,30267.55261727328,30267.55261727328,190154.805955719,0,190154.805955719,6.282463876752303
Maunabo,2005-2009,2,0,1,0.006793156011932242,0.135068230243356,0.006753475182046908,100000,675.3475182046968,99415.87047587846,0.9930226857642509,8286623.675193536,82.86623675193536
Maunabo,2005-2009,2,1,4,2.0569396020949206e-4,1.5130120958788098,8.223551581564379e-4,99324.6524817953,81.6801403004938,397095.472406247,0.9991613816719744,8187207.804717658,82.42875862282276
Maunabo,2005-2009,2,5,5,9.66769246874762e-5,2.5,4.832678213204668e-4,99242.97234149481,47.960935024835635,496094.9593699119,0.9994625304643724,7790112.33231141,78.49535487012274
Maunabo,2005-2009,2,10,5,1.183745122577026e-4,2.5,5.916974565439567e-4,99195.01140646997,58.69343595106329,495828.3234424722,0.9987011562268302,7294017.372941499,73.5320987368297
Maunabo,2005-2009,2,15,5,4.0168472271106143e-4,2.5,0.0020064087541951225,99136.31797051891,198.90797623472463,495184.3199120077,0.9971767902684419,6798189.0494990265,68.5741531324642
Maunabo,2005-2009,2,20,5,7.296591507272798e-4,2.5,0.003641652840339585,98937.40999428419,360.29570012152544,493786.31072111713,0.9956087741961988,6303004.7295870185,63.70699141963748
Maunabo,2005-2009,2,25,5,0.0010313601059032044,2.5,0.005143538428669748,98577.11429416266,507.035175559402,491617.98353191477,0.9948565401207513,5809218.418865901,58.93070070534515
Maunabo,2005-2009,2,30,5,0.001031328442261407,2.5,0.005143380923716999,98070.07911860326,504.411774126027,489089.36615770124,0.9937226677395892,5317600.435333987,54.222454831539665
Maunabo,2005-2009,2,35,5,0.0014889511026940023,2.5,0.0074171460938318775,97565.66734447723,723.6588084362011,486019.18970129563,0.9923929623898565,4828511.0691762855,49.48985847786144
Maunabo,2005-2009,2,40,5,0.0015657748495327582,2.5,0.0077983481043396,96842.00853604103,755.2076936874655,482322.02344598644,0.9891372631339317,4342491.87947499,44.8409935431985
Maunabo,2005-2009,2,45,5,0.0028098424763502946,2.5,0.013951210621251221,96086.80084235356,1340.5271964739077,477082.68622058304,0.9845897101943442,3860169.856029004,40.173778523048725
Maunabo,2005-2009,2,50,5,0.0034067728020943156,2.5,0.016890012918873973,94746.27364587966,1600.2657858940656,469730.7037646631,0.9787743908806767,3383087.169808421,35.706809773363
Maunabo,2005-2009,2,55,5,0.005193710514903232,2.5,0.025635691671044358,93146.00785998559,2387.8623378872726,459760.3834552097,0.9714189134958363,2913356.4660437577,31.2773089580289
Maunabo,2005-2009,2,60,5,0.006422279821906136,2.5,0.03160397517931533,90758.14552209832,2868.3181784010812,446619.9321644889,0.959314804335218,2453596.082588548,27.034444880665088
Maunabo,2005-2009,2,65,5,0.010269619940696886,2.5,0.050062785259027104,87889.82734369724,4400.009552760486,428449.112836585,0.9318688166554089,2006976.150424059,22.835135886382915
Maunabo,2005-2009,2,70,5,0.0182245108899481,2.5,0.08715180681862862,83489.81779093675,7276.2884714382235,399258.3677760882,0.8994677481042186,1578527.0375874739,18.90682096756032
Maunabo,2005-2009,2,75,5,0.02444600144330767,2.5,0.115190160162566,76213.52931949853,8779.048648867465,359120.02497532393,0.8495025543341914,1179268.6698113857,15.473219523369858
Maunabo,2005-2009,2,80,5,0.042086956231741635,2.5,0.19040125766424867,67434.48067063106,12839.609929623613,305073.3785290963,0.628026723631206,820148.6448360619,12.162155572041819
Maunabo,2005-2009,2,85,NA,0.10286046879419461,9.434499236209032,1,54594.87074100745,54594.87074100745,515075.26630696555,0,515075.26630696555,9.434499236209032
Maunabo,2010-2014,1,0,1,0.012240570034168183,0.12486455452531911,0.012110836851924565,100000,1211.0836851924541,98940.13773965198,0.987526477272206,7547068.828153409,75.4706882815341
Maunabo,2010-2014,1,1,4,3.5339453442989344e-4,1.6165100485651513,0.001412388465512038,98788.91631480755,139.52832592347113,394823.10089645104,0.998537445326962,7448128.690413757,75.39437589009519
Maunabo,2010-2014,1,5,5,1.6701005047813723e-4,2.5,8.34701743439921e-4,98649.38798888407,82.3428161436168,493041.08290406136,0.9990721303487663,7053305.589517306,71.49872628010708
Maunabo,2010-2014,1,10,5,2.043273992079879e-4,2.5,0.0010211153914093947,98567.04517274046,100.64832691161428,492583.60504642327,0.9975620028905544,6560264.506613244,66.5563677506642
Maunabo,2010-2014,1,15,5,7.727554200506469e-4,2.5,0.003856327106071472,98466.39684582884,379.7186351937562,491382.6876411598,0.9946424162776751,6067680.901566821,61.62184355204072
Maunabo,2010-2014,1,20,5,0.0013776589922712317,2.5,0.0068646520871644195,98086.67821063509,673.3309203016688,488750.0637524213,0.9925968591359268,5576298.2139256615,56.85071933979562
Maunabo,2010-2014,1,25,5,0.001595408386378088,2.5,0.00794535172993379,97413.34729033342,773.9833074118942,485131.77818313736,0.9913789460789757,5087548.15017324,52.22639701528962
Maunabo,2010-2014,1,30,5,0.0018691270269159354,2.5,0.009302167801463122,96639.36398292152,898.9555799958034,480949.4309646181,0.989246713640805,4602416.371990103,47.624655029843325
Maunabo,2010-2014,1,35,5,0.0024586258243009403,2.5,0.012218030210013631,95740.40840292572,1169.7592021859891,475777.64400916366,0.9847011201764035,4121466.941025485,43.04835345677863
Maunabo,2010-2014,1,40,5,0.0037178043470507713,2.5,0.018417836949567914,94570.64920073973,1741.786797194014,468498.7790107136,0.9801720993038681,3645689.297016321,38.54990240447461
Maunabo,2010-2014,1,45,5,0.004298587905526316,2.5,0.02126442205893027,92828.86240354572,1973.952109399368,459209.43174423015,0.9724123213853275,3177190.5180056076,34.22632181135348
Maunabo,2010-2014,1,50,5,0.006927599941088482,2.5,0.03404831690989454,90854.91029414635,3093.4567785151157,446540.90952444397,0.9623892280508631,2717981.086261377,29.915621263196524
Maunabo,2010-2014,1,55,5,0.008433914888059512,2.5,0.041298798070532494,87761.45351563123,3624.4425471184804,429746.16121035995,0.9459961447835701,2271440.176736933,25.881979909691967
Maunabo,2010-2014,1,60,5,0.013919324376871597,2.5,0.06725621906068883,84137.01096851275,5658.7372408098745,406538.2117405391,0.9227904828529155,1841694.0155265734,21.889225613396285
Maunabo,2010-2014,1,65,5,0.018383894066087928,2.5,0.0878805055683334,78478.27372770288,6896.710371320587,375149.5927102129,0.885196633723661,1435155.8037860342,18.287300874705956
Maunabo,2010-2014,1,70,5,0.03110885355337247,2.5,0.14432017944869746,71581.56335638229,10330.664068811398,332081.15660988295,0.8333544098078158,1060006.2110758214,14.808369101948513
Maunabo,2010-2014,1,75,5,0.04265818012734747,2.5,0.19273643656636016,61250.899287570894,11805.280065171428,276741.2962749259,0.7575417664018208,727925.0544659384,11.884316196703576
Maunabo,2010-2014,1,80,5,0.07171236718730138,2.5,0.3040512489206236,49445.619222399466,15034.002278224143,209643.090416437,0.5353487650863469,451183.7581910125,9.124847970083076
Maunabo,2010-2014,1,85,NA,0.1403839274404817,7.019160656310277,1,34411.61694417532,34411.61694417532,241540.6677745755,0,241540.6677745755,7.019160656310277
Maunabo,2010-2014,2,0,1,0.006823319216128139,0.13500623671466833,0.00678328340536426,100000,678.32834053642,99413.25021597631,0.9930277541993636,8469214.798309663,84.69214798309663
Maunabo,2010-2014,2,1,4,1.8839515429526507e-4,1.5129635978994724,7.532276956534082e-4,99321.67165946358,74.81183387250348,397100.6268837055,0.9992049413831076,8369801.548093687,84.26964033378907
Maunabo,2010-2014,2,5,5,9.286452398199006e-5,2.5,4.642148471829278e-4,99246.85982559108,46.0718658673286,496119.11946328706,0.9994967152362224,7972700.921209981,80.33202194226197
Maunabo,2010-2014,2,10,5,1.0850398993397404e-4,2.5,5.423728256308384e-4,99200.78795972375,53.803811670528376,495869.43026944244,0.9988475844668699,7476581.801746694,75.36816950266808
Maunabo,2010-2014,2,15,5,3.52868874890569e-4,2.5,0.001762789290768588,99146.98414805322,174.7752418681921,495297.9826355956,0.9971977512778888,6980712.371477252,70.40771266479638
Maunabo,2010-2014,2,20,5,7.701888747439652e-4,2.5,0.0038435437371549543,98972.20890618503,380.40401369376923,493910.0344966907,0.9957848750563403,6485414.388841656,65.52763104427758
Maunabo,2010-2014,2,25,5,9.197379129383479e-4,2.5,0.00458813984926865,98591.80489249126,452.35298883855285,491828.1419903599,0.9953204147397613,5991504.354344965,60.770815189744816
Maunabo,2010-2014,2,30,5,9.565725539811451e-4,2.5,0.004771452169435935,98139.4519036527,468.2677006929298,489526.5902665312,0.9940115035381255,5499676.212354605,56.03940215351773
Maunabo,2010-2014,2,35,5,0.0014474943455354031,2.5,0.007211375663934325,97671.18420295978,704.3436008288845,486595.0620127266,0.991938542900496,5010149.622088074,51.29608761246338
Maunabo,2010-2014,2,40,5,0.0017915308433019393,2.5,0.008917713320346882,96966.84060213089,864.7224860695715,482672.3967954805,0.9900127049414635,4523554.560075347,46.65053055235812
Maunabo,2010-2014,2,45,5,0.002225615054347138,2.5,0.01106650084453931,96102.11811606132,1063.5141712934128,477851.80515207304,0.9873595219114532,4040882.1632798673,42.04779501737667
Maunabo,2010-2014,2,50,5,0.0028668140816547356,2.5,0.014232068671080352,95038.6039447679,1352.5959377455438,471811.5298794757,0.9838028593257446,3563030.358127794,37.49034823994747
Maunabo,2010-2014,2,55,5,0.003671510154506902,2.5,0.018190583492511604,93686.00800702236,1704.203150731846,464169.5321582822,0.9725049217070895,3091218.8282483183,32.995522960233416
Maunabo,2010-2014,2,60,5,0.007533659726674379,2.5,0.03697196315870975,91981.80485629052,3400.7479004184133,451407.1545304066,0.9575337369453917,2627049.296090036,28.560532163882364
Maunabo,2010-2014,2,65,5,0.009872075656910265,2.5,0.04817149663630092,88581.0569558721,4267.082087189774,432237.5795613861,0.9392349965731432,2175642.1415596297,24.561031628279807
Maunabo,2010-2014,2,70,5,0.015367746907318715,2.5,0.0739958603995689,84313.97486868233,6238.885114115779,405972.6615581222,0.9121499473589599,1743404.5619982434,20.67752783229077
Maunabo,2010-2014,2,75,5,0.02167656119078445,2.5,0.10281131647237585,78075.08975456655,8027.0027613658895,370307.941869418,0.8678853601870883,1337431.9004401213,17.130071891616314
Maunabo,2010-2014,2,80,5,0.03591406902826559,2.5,0.1647759114924866,70048.08699320066,11542.237382609637,321384.8415094792,0.667690125281925,967123.9585707033,13.80657202907738
Maunabo,2010-2014,2,85,NA,0.11793528959992863,11.037171861603547,1,58505.84961059102,58505.84961059102,645739.1170612241,0,645739.1170612241,11.037171861603547
Maunabo,2015-2019,1,0,1,0.010219804806862144,0.12889689049814695,0.01012962577545303,100000,1012.9625775453023,99117.60514889128,0.9895246323672244,7767084.593086059,77.6708459308606
Maunabo,2015-2019,1,1,4,3.2258283817671e-4,1.62247943753856,0.0012893424949217923,98987.0374224547,127.62819379518623,395644.71103472094,0.9986810298285175,7667966.987937168,77.46435480447796
Maunabo,2015-2019,1,5,5,1.5163165730346957e-4,2.5,7.578709934304577e-4,98859.40922865951,74.92267868208,494109.7394465924,0.9991571398701907,7272322.276902447,73.56226719989532
Maunabo,2015-2019,1,10,5,1.8566888752278934e-4,2.5,9.279137258409616e-4,98784.48654997743,91.66348096987349,493693.27404746244,0.9980393285921391,6778212.537455855,68.61616407781393
Maunabo,2015-2019,1,15,5,5.997756385673241e-4,2.5,0.0029943882899647906,98692.82306900756,295.52463370139594,492725.3037607843,0.9955723182519935,6284519.263408393,63.67757115443094
Maunabo,2015-2019,1,20,5,0.0011765062559109284,2.5,0.005865279933219388,98397.29843530616,577.1276999956171,490543.67292654177,0.9932076985807317,5791793.959647608,58.861310744782
Maunabo,2015-2019,1,25,5,0.0015509488236927725,2.5,0.007724792224927556,97820.17073531054,755.6404943372036,487211.75244070974,0.9917831268923893,5301250.286721067,54.19383596319417
Maunabo,2015-2019,1,30,5,0.0017501814381440575,2.5,0.008712784805119129,97064.53024097334,845.7023641995766,483208.3952943678,0.9899859961468618,4814038.534280356,49.596268815487775
Maunabo,2015-2019,1,35,5,0.0022782343506772655,2.5,0.01132665978985711,96218.82787677376,1089.8379287390417,478369.54456202127,0.9873163558787039,4330830.138985989,45.010215095661195
Maunabo,2015-2019,1,40,5,0.002831132373324631,2.5,0.0140561746389595,95128.98994803472,1337.1496959374053,472302.07550033013,0.9841410757530658,3852460.5944239674,40.49723009282888
Maunabo,2015-2019,1,45,5,0.003569038435634136,2.5,0.017687374876273455,93791.84025209732,1658.931438874395,464811.8726633006,0.9781142255822294,3380158.5189236375,36.03894016620548
Maunabo,2015-2019,1,50,5,0.005301294261810335,2.5,0.026159769716332985,92132.90881322292,2410.1756778498093,454639.1048714901,0.9708709146852729,2915346.6462603365,31.642837329390012
Maunabo,2015-2019,1,55,5,0.006540869407071596,2.5,0.032178164112313085,89722.73313537311,2887.112831435312,441395.8835982773,0.9599990884221172,2460707.5413888465,27.42568639406187
Maunabo,2015-2019,1,60,5,0.0098536502150532,2.5,0.04808374994285359,86835.6203039378,4175.382252827127,423739.64588762115,0.9377005632076588,2019311.6577905694,23.254416225998884
Maunabo,2015-2019,1,65,5,0.016067095502582958,2.5,0.07723319472391785,82660.23805111067,6384.114261326831,397340.9046022363,0.9051510086600811,1595572.0119029481,19.302775427725848
Maunabo,2015-2019,1,70,5,0.02416447733485164,2.5,0.11393918456672304,76276.12378978384,8690.83934651839,359653.52058262326,0.852190857789976,1198231.1073007118,15.709124268074024
Maunabo,2015-2019,1,75,5,0.04102271132058263,2.5,0.18603446157113177,67585.28444326545,12573.192001534677,306493.44221249054,0.7750368197770308,838577.5867180886,12.407694864730999
Maunabo,2015-2019,1,80,5,0.06317449638417316,2.5,0.27278918367635696,55012.092441730776,15006.703789508028,237543.70273488382,0.5535598923820504,532084.144505598,9.672130633263688
Maunabo,2015-2019,1,85,NA,0.16982630484810682,7.3625191928825124,1,40005.38865222275,40005.38865222275,294540.44177071424,0,294540.44177071424,7.3625191928825124
Maunabo,2015-2019,2,0,1,0.005274110322078104,0.13819027927834254,0.005250246484134253,100000,525.0246484134259,99547.52865437884,0.99454644756814,8539143.07197862,85.3914307197862
Maunabo,2015-2019,2,1,4,1.7629247703287258e-4,1.5154578489703137,7.048611746443226e-4,99474.97535158657,70.11604797403561,397725.69512969116,0.9993024727918843,8439595.543324241,84.84139366202551
Maunabo,2015-2019,2,5,5,7.883207243803464e-5,2.5,3.9408269630101974e-4,99404.85930361254,39.173734979791334,496926.3621806132,0.9995613978362915,8041869.84819455,80.90016830698633
Maunabo,2015-2019,2,10,5,9.66511844639798e-5,2.5,4.83139182384303e-4,99365.68556863275,48.007456082690624,496708.409202957,0.9989668964519336,7544943.486013937,75.93107663714129
Maunabo,2015-2019,2,15,5,3.16917643504534e-4,2.5,0.0015833337515191385,99317.67811255006,157.2530318781064,496195.257983055,0.9976872717454344,7048235.076810979,70.9665712162913
Maunabo,2015-2019,2,20,5,6.095834592113931e-4,2.5,0.0030432794639994364,99160.42508067195,301.7728852894652,495047.6931901361,0.9966725944230143,6552039.818827924,66.07514856352736
Maunabo,2015-2019,2,25,5,7.237871048320844e-4,2.5,0.003612399004617796,98858.65219538248,357.11689678844414,493400.4687349413,0.9959375258300378,6056992.125637788,61.26921610934829
Maunabo,2015-2019,2,30,5,9.048786091293335e-4,2.5,0.004514181080902056,98501.53529859404,444.65376708473195,491396.0420752584,0.9948763109835416,5563591.656902847,56.48228365210323
Maunabo,2015-2019,2,35,5,0.001150491759445434,2.5,0.005735960857978156,98056.88153150931,562.4504343201406,488878.2815717462,0.9930040014817605,5072195.614827589,51.72707448581979
Maunabo,2015-2019,2,40,5,0.0016595176307360026,2.5,0.008263305401176492,97494.43109718917,805.6262590700208,485458.0898382708,0.9915847016427658,4583317.333255842,47.01106803410008
Maunabo,2015-2019,2,45,5,0.001721085157254191,2.5,0.008568557742397167,96688.80483811915,828.4836072987964,481372.81517234875,0.9892485390055972,4097859.2434175718,42.38194122141024
Maunabo,2015-2019,2,50,5,0.002607534041040772,2.5,0.012953230233267152,95860.32123082035,1241.7008111377654,476197.35412625736,0.98451813379711,3616486.428245223,37.72662538379305
Maunabo,2015-2019,2,55,5,0.0036415910657609436,2.5,0.018043686014346617,94618.62041968259,1707.268677963395,468824.9304035044,0.9777633633621305,3140289.074118966,33.18891207872359
Maunabo,2015-2019,2,60,5,0.005372530600168689,2.5,0.02650663374853971,92911.35174171919,2462.7671716994955,458399.8407793472,0.9631681006397139,2671464.1437154613,28.75282829962226
Maunabo,2015-2019,2,65,5,0.009718167719351281,2.5,0.04743830508393775,90448.5845700197,4290.727549242933,441516.10397699114,0.9444564365586193,2213064.302936114,24.467649919086313
Maunabo,2015-2019,2,70,5,0.01323434006415941,2.5,0.06405246989930519,86157.85702077676,5518.623543411944,416992.72624535393,0.9215479970869861,1771548.1989591229,20.5616557818043
Maunabo,2015-2019,2,75,5,0.019691281580999736,2.5,0.0938369818254104,80639.23347736482,7566.942286230522,384278.8116712478,0.8731496277724047,1354555.472713769,16.797722576244336
Maunabo,2015-2019,2,80,5,0.03555961810262781,2.5,0.1632824376948974,73072.2911911343,11931.421833639775,335532.90137157205,0.6541884239377085,970276.6610425211,13.278311727007168
Maunabo,2015-2019,2,85,NA,0.11055245059897978,10.381660685253955,1,61140.86935749452,61140.86935749452,634743.7596709491,0,634743.7596709491,10.381660685253955
Maunabo,2020-2024,1,0,1,0.011032962512019628,0.12727427495539045,0.010927742013834313,100000,1092.7742013834213,99046.3078427876,0.9887137036355133,7619461.7590281125,76.19461759028113
Maunabo,2020-2024,1,1,4,3.38388589077133e-4,1.6200747133123172,0.0013524651626097347,98907.22579861658,133.76857722301793,395310.543974969,0.9986137473641764,7520415.451185325,76.03504587720944
Maunabo,2020-2024,1,5,5,1.5859757666292256e-4,2.5,7.926735930372618e-4,98773.45722139356,78.29511123239354,493671.5483288868,0.9991186770529795,7125104.907210357,72.13582583466679
Maunabo,2020-2024,1,10,5,1.9410266928180476e-4,2.5,9.700426267511e-4,98695.16211016117,95.73851430095965,493236.4642650534,0.9979490710532947,6631433.35888147,67.19106810402342
Maunabo,2020-2024,1,15,5,6.275559821297816e-4,2.5,0.0031328647905476278,98599.42359586021,308.89866255177185,492224.8713229216,0.99533204665424,6138196.894616416,62.253882129937054
Maunabo,2020-2024,1,20,5,0.001245439007355548,2.5,0.006207866239858825,98290.52493330844,610.1744314314856,489927.18858796346,0.9918940330952896,5645972.023293494,57.44167128138108
Maunabo,2020-2024,1,25,5,0.0020132672320822224,2.5,0.010015924329780705,97680.35050187695,978.3589991332556,485955.8550115516,0.9890832236631224,5156044.834705531,52.78487237416758
Maunabo,2020-2024,1,30,5,0.0023794188864641394,2.5,0.011826742496168866,96701.9915027437,1143.6695523696544,480650.78363279434,0.9861816196466013,4670088.979693979,48.29361740250692
Maunabo,2020-2024,1,35,5,0.003192042106831656,2.5,0.015833854706814265,95558.32195037404,1513.056585789207,474008.96828739723,0.9850173461231181,4189438.196061185,43.84168862066112
Maunabo,2020-2024,1,40,5,0.002843624485340732,2.5,0.014117758417915387,94045.26536458483,1327.7083367659652,466907.05598100927,0.9836609425719615,3715429.227773788,39.506818481187764
Maunabo,2020-2024,1,45,5,0.0037533242666128765,2.5,0.018592165270369,92717.55702781887,1723.8201437260723,459278.23477977916,0.9784677811401158,3248522.1717927787,35.036753296013785
Maunabo,2020-2024,1,50,5,0.004966503109257627,2.5,0.02452796994875249,90993.7368840928,2231.8916438177257,449388.9553109197,0.9686128695640888,2789243.9370129993,30.653141991145162
Maunabo,2020-2024,1,55,5,0.007834243487309768,2.5,0.03841876258511647,88761.84524027507,3410.120258902971,435283.92555411794,0.955799039572436,2339854.9817020795,26.361044831460834
Maunabo,2020-2024,1,60,5,0.010301475808262342,2.5,0.05021417867420159,85351.7249813721,4285.866768365944,416043.9579859456,0.917035986254615,1904571.0561479619,22.31438270947227
Maunabo,2020-2024,1,65,5,0.02495445111522364,2.5,0.11744529819482889,81065.85821300615,9520.803891246222,381527.2813369153,0.8729421591800879,1488527.0981620161,18.361948309370984
Maunabo,2020-2024,1,70,5,0.029633905225792245,2.5,0.13794956527101032,71545.05432175993,9869.60914097759,333051.24875635566,0.8411938729655465,1106999.816825101,15.472765061391735
Maunabo,2020-2024,1,75,5,0.04028624871995142,2.5,0.18300025875019277,61675.44518078234,11286.6224266165,280160.66983737046,0.7736389466930751,773948.5680687452,12.548730954436667
Maunabo,2020-2024,1,80,5,0.06496334345323153,2.5,0.279434258067554,50388.82275416584,14080.363301207813,216743.20551780966,0.561060110435817,493787.8982313748,9.79955218720706
Maunabo,2020-2024,1,85,NA,0.13060574100018824,7.6303070107535085,1,36308.45945295803,36308.45945295803,277044.69271356513,0,277044.69271356513,7.6303070107535085
Maunabo,2020-2024,2,0,1,0.005473387523092012,0.13778071082541468,0.005447678510174303,100000,544.7678510174301,99530.29065073059,0.9943634331318293,8326155.780036144,83.26155780036144
Maunabo,2020-2024,2,1,4,1.7154241206643109e-4,1.5151366270639464,6.858772865862163e-4,99455.23214898257,68.21408476313809,397651.425915184,0.9993032601342019,8226625.489385413,82.71686980793571
Maunabo,2020-2024,2,5,5,8.03325171159865e-5,2.5,4.015819353606929e-4,99387.01806421943,39.91203106395551,496835.31024343724,0.999553007821811,7828974.063470229,78.77260245811478
Maunabo,2020-2024,2,10,5,9.850838663794498e-5,2.5,4.924206642767622e-4,99347.10603315548,48.92056794682867,496613.22874591034,0.9989454114944545,7332138.7532267915,73.8032444627004
Maunabo,2020-2024,2,15,5,3.2366835250439204e-4,2.5,0.0016170333062565084,99298.18546520865,160.56847314807237,496089.506143173,0.9977039388511716,6835525.524480881,68.8383729516977
Maunabo,2020-2024,2,20,5,5.961248461260577e-4,2.5,0.0029761887804333437,99137.61699206058,295.05226341067464,494950.4543017762,0.9964853254235679,6339436.018337708,63.94581805255013
Maunabo,2020-2024,2,25,5,8.126010125663927e-4,2.5,0.0040547677917986205,98842.5647286499,400.7836479204998,493210.8645234482,0.9954626072343449,5844485.5640359325,59.12923830012563
Maunabo,2020-2024,2,30,5,0.00100692490748651,2.5,0.00502198263892231,98441.7810807294,494.3729155320034,490972.973114817,0.9944267104232565,5351274.699512484,54.35979155155726
Maunabo,2020-2024,2,35,5,0.0012292418439672035,2.5,0.00612737914274573,97947.4081651974,600.1609058774338,488236.6385612934,0.9935175566664358,4860301.726397667,49.62154504589154
Maunabo,2020-2024,2,40,5,0.0013726335083943308,2.5,0.006839696550291208,97347.24725931996,665.825631259926,485071.67221845,0.9913313083367792,4372065.087836374,44.912056693188056
Maunabo,2020-2024,2,45,5,0.0021131615023928436,2.5,0.010510282700011891,96681.42162806004,1016.1490731499507,480866.73545742535,0.9883966581842036,3886993.4156179237,40.204140052588905
Maunabo,2020-2024,2,50,5,0.002557854888512266,2.5,0.012708011320363677,95665.27255491009,1215.7153665934748,475287.0743580667,0.9831871733496705,3406126.6801604982,35.604630491231234
Maunabo,2020-2024,2,55,5,0.004238537569018336,2.5,0.02097047745377152,94449.55718831661,1980.6523095362936,467296.1551677423,0.975577886411587,2930839.6058024317,31.030739508485233
Maunabo,2020-2024,2,60,5,0.00566875074084414,2.5,0.027947682588277754,92468.90487878032,2584.2916028378095,455883.79538680706,0.9596261645289267,2463543.450634689,26.641858188590064
Maunabo,2020-2024,2,65,5,0.01092173581233077,2.5,0.05315725531403265,89884.61327594251,4778.019336712372,437478.01803793164,0.9346685051058775,2007659.6552478822,22.33596587977121
Maunabo,2020-2024,2,70,5,0.016274071568930352,2.5,0.0781892156174591,85106.59393923014,6654.417823982003,408896.92513619567,0.9055904037106659,1570181.6372099505,18.449588504636075
Maunabo,2020-2024,2,75,5,0.023730117786969464,2.5,0.11200581120315735,78452.17611524813,8787.099626441326,370293.13151013735,0.8449235447564446,1161284.7120737548,14.802453795135008
Maunabo,2020-2024,2,80,5,0.04533009471465627,2.5,0.20357975017925242,69665.07648880681,14182.39886780981,312869.38527450955,0.604459272434258,790991.5805636175,11.354205298126779
Maunabo,2020-2024,2,85,NA,0.08902224633811508,8.617503981245603,1,55482.677620997,55482.677620997,478122.1952891079,0,478122.1952891079,8.617503981245603
Mayaguez,1980-1984,1,0,1,0.023454598714358916,0.10478691727454008,0.0229722534418161,100000,2297.2253441816138,97943.49381792013,0.976616402237738,7039810.708490345,70.39810708490344
Mayaguez,1980-1984,1,1,4,4.732706246332438e-4,1.5837846003798082,0.0018909201863500133,97702.77465581839,184.74814885908563,390364.7073009489,0.9978534315750056,6941867.214672424,71.05087075701614
Mayaguez,1980-1984,1,5,5,2.709997722173874e-4,2.5,0.0013540814716609772,97518.0265069593,132.04735284602793,487260.01415268146,0.9986377770960043,6551502.507371475,67.18247632814771
Mayaguez,1980-1984,1,10,5,2.7426299671666845e-4,2.5,0.0013703753754406045,97385.97915411327,133.45534774597036,486596.2574012014,0.9967590008990443,6064242.4932187935,62.270180429383295
Mayaguez,1980-1984,1,15,5,0.0010254601591194238,2.5,0.005114189800879677,97252.5238063673,497.36786536031286,485019.1993684357,0.9936424516023387,5577646.235817593,57.35220041099246
Mayaguez,1980-1984,1,20,5,0.0015272688858028985,2.5,0.007607298453432134,96755.15594100699,736.0453481516015,481935.66633465595,0.9905827580969241,5092627.036449157,52.63416700557234
Mayaguez,1980-1984,1,25,5,0.0022609195012944835,2.5,0.011241059678864518,96019.11059285539,1079.3565524857986,477397.16158306244,0.9884232407785782,4610691.370114501,48.018476130912774
Mayaguez,1980-1984,1,30,5,0.002397539929764878,2.5,0.01191627528430392,94939.75404036959,1131.3282445691439,471870.4495904251,0.9849333123208963,4133294.2085314384,43.53596920815604
Mayaguez,1980-1984,1,35,5,0.0036846506220049383,2.5,0.01825509400135754,93808.42579580045,1712.4816310217138,464760.92490144796,0.9803321130172514,3661423.7589410134,39.03086239727653
Mayaguez,1980-1984,1,40,5,0.004266415549952359,2.5,0.021106950198415318,92095.94416477873,1943.8645069620252,455620.0595564886,0.9728931871082901,3196662.834039565,34.710136945011094
Mayaguez,1980-1984,1,45,5,0.006759539170253887,2.5,0.033236044981477884,90152.0796578167,2996.298574680972,443269.6518523811,0.9587071559293474,2741042.7744830768,30.40465383479828
Mayaguez,1980-1984,1,50,5,0.01017787172825291,2.5,0.0496266250803303,87155.78108313573,4325.247271396132,424965.7872371883,0.946086310596683,2297773.122630696,26.36397831646884
Mayaguez,1980-1984,1,55,5,0.01203653821593919,2.5,0.058424615778278906,82830.5338117396,4839.342112660626,402054.31377704645,0.9262022930872503,1872807.3353935073,22.610108244021404
Mayaguez,1980-1984,1,60,5,0.018875514215028814,2.5,0.0901246961183752,77991.19169907898,7028.932451789442,372383.6273659213,0.888245952160605,1470753.021616461,18.857937538526286
Mayaguez,1980-1984,1,65,5,0.029075398382518665,2.5,0.1355258236297113,70962.25924728953,9617.218631114018,330768.24965866265,0.835266030414667,1098369.3942505396,15.478219068856559
Mayaguez,1980-1984,1,70,5,0.04407959633332168,2.5,0.19852115115073188,61345.040616175516,12178.288080511564,276279.4828795987,0.7713038173581466,767601.144591877,12.512847605637988
Mayaguez,1980-1984,1,75,5,0.061452926404240125,2.5,0.2663453751744393,49166.75253566395,13095.337150220228,213095.41980276917,0.6842627919970449,491321.6617122783,9.992965497485107
Mayaguez,1980-1984,1,80,5,0.09476177508892233,2.5,0.3830602114397016,36071.415385443725,13817.524004477378,145813.2669160252,0.47591835365605156,278226.2419095091,7.71320556558434
Mayaguez,1980-1984,1,85,NA,0.1802503514988211,5.950104308801299,1,22253.891380966346,22253.891380966346,132412.97499348395,0,132412.97499348395,5.950104308801299
Mayaguez,1980-1984,2,0,1,0.015556252963488568,0.11705769997173085,0.01534547861357785,100000,1534.547861357787,98645.0827817893,0.9843841750947585,7739943.036243085,77.39943036243085
Mayaguez,1980-1984,2,1,4,3.198419038675045e-4,1.4990329062957088,0.00127834504927015,98465.45213864221,125.87282326558488,393547.00476558995,0.9986480900930773,7641297.953461296,77.60384772013363
Mayaguez,1980-1984,2,5,5,1.3932784760821445e-4,2.5,6.963966694184932e-4,98339.57931537663,68.48335550724005,491526.688188115,0.9992213620259787,7247750.948695706,73.70126046047086
Mayaguez,1980-1984,2,10,5,1.7226147132338995e-4,2.5,8.609365911071991e-4,98271.09595986939,84.60518236004282,491143.96684344683,0.9983495214778664,6756224.260507591,68.75087933553327
Mayaguez,1980-1984,2,15,5,4.887365867695231e-4,2.5,0.0024407007844208565,98186.49077750935,239.64384506019996,490333.3442748962,0.9971443342765279,6265080.293664144,63.80796628999422
Mayaguez,1980-1984,2,20,5,6.554013096744814e-4,2.5,0.0032716459457782713,97946.84693244915,320.4474046683026,488933.11615057493,0.9958023574532995,5774746.949389248,58.95796679776644
Mayaguez,1980-1984,2,25,5,0.0010279707628164864,2.5,0.005126678624740958,97626.39952778084,500.49917566949443,486880.7496997304,0.9945794741478253,5285813.833238673,54.14328356680333
Mayaguez,1980-1984,2,30,5,0.0011464539613894426,2.5,0.00571588730284421,97125.90035211135,555.160700599954,484241.60000905686,0.9937369785604243,4798933.083538943,49.40940641107398
Mayaguez,1980-1984,2,35,5,0.0013673181573751886,2.5,0.006813300911755183,96570.7396515114,657.9655085165141,481208.7844862657,0.9921164516094777,4314691.483529885,44.679076696523545
Mayaguez,1980-1984,2,40,5,0.0018002939029347128,2.5,0.008961137810265618,95912.77414299488,859.4875868602539,477415.1517478238,0.9881324252520083,3833482.69904362,39.96842686802427
Mayaguez,1980-1984,2,45,5,0.0029821266066746214,2.5,0.014800292170701092,95053.28655613463,1406.8164128161588,471749.3917486327,0.9817364803044879,3356067.547295796,35.307222599965954
Mayaguez,1980-1984,2,50,5,0.004403708488238492,2.5,0.02177877401125053,93646.47014331847,2039.5053102026577,463133.5874410857,0.9754869144557227,2884318.1555471634,30.80007341582597
Mayaguez,1980-1984,2,55,5,0.005537261084108145,2.5,0.02730827282950812,91606.96483311581,2501.6279887458804,451780.75419371435,0.9603326203039437,2421184.5681060776,26.430136316783877
Mayaguez,1980-1984,2,60,5,0.01075636771668238,2.5,0.05237346788547679,89105.33684436993,4666.7554976432,433859.79547774163,0.9330692626885742,1969403.8139123635,22.101973727478246
Mayaguez,1980-1984,2,65,5,0.01716477848786832,2.5,0.08229255859081351,84438.58134672673,6948.666902800687,404821.239476632,0.8981517596748575,1535544.0184346219,18.18533653626036
Mayaguez,1980-1984,2,70,5,0.0262478110054841,2.5,0.12315751695506721,77489.91444392604,9543.465451974524,363590.9085896939,0.8388853258919202,1130722.7789579898,14.59187027204958
Mayaguez,1980-1984,2,75,5,0.04553430303138853,2.5,0.20440313000177932,67946.44899195152,13888.466846461139,305011.0778436047,0.745592482551326,767131.8703682959,11.290242267983206
Mayaguez,1980-1984,2,80,5,0.07541479462839187,2.5,0.3172589304350104,54057.98214549038,17150.377596953163,227413.966735069,0.5078906415514334,462120.7925246912,8.548613436604981
Mayaguez,1980-1984,2,85,NA,0.15919099404644832,6.359308025015797,1,36907.604548537216,36907.604548537216,234706.82578962223,0,234706.82578962223,6.359308025015797
Mayaguez,1985-1989,1,0,1,0.01782615203782805,0.11371880491611602,0.01754889730186385,100000,1754.8897301863763,98444.67423268998,0.9818468081646401,7053792.967210863,70.53792967210863
Mayaguez,1985-1989,1,1,4,5.326587995613791e-4,1.6001251724294843,0.0021279150536951744,98245.11026981362,209.05724909508717,392478.72984963004,0.9978341505968978,6955348.292978173,70.79587242435254
Mayaguez,1985-1989,1,5,5,2.6140292560413277e-4,2.5,0.0013061610422262936,98036.05302071854,128.05087318929145,489860.13792061945,0.998593359123694,6562869.563128543,66.94342908462026
Mayaguez,1985-1989,1,10,5,3.016777772112196e-4,2.5,0.001507252124879272,97908.00214752925,147.57204427954275,489171.0806269474,0.9967217827236277,6073009.425207924,62.02771266905255
Mayaguez,1985-1989,1,15,5,0.0010129297371016636,2.5,0.005051855748221016,97760.4301032497,493.87159076565877,487567.4715393344,0.9941283973034308,5583838.344580976,57.117571380195486
Mayaguez,1985-1989,1,20,5,0.001343600429430573,2.5,0.006695511915440756,97266.55851248404,651.2494014942495,484704.6690586846,0.9909599372761916,5096270.873041642,52.39489245820846
Mayaguez,1985-1989,1,25,5,0.0022931549244452156,2.5,0.011400417314462601,96615.3091109898,1101.454842831081,480322.9084478713,0.9868842124064424,4611566.203982958,47.73121616456539
Mayaguez,1985-1989,1,30,5,0.0029924078993793395,2.5,0.014850939326512054,95513.85426815871,1418.470454577735,474023.0952043492,0.981649581223971,4131243.295535086,43.252817375963765
Mayaguez,1985-1989,1,35,5,0.004429034244186504,2.5,0.021902652229030307,94095.38381358098,2060.9384680259973,465324.5728978399,0.9775496867122394,3657220.2003307366,38.8671585375146
Mayaguez,1985-1989,1,40,5,0.004655610996331339,2.5,0.023010238186829672,92034.44534555498,2117.7345087939757,454877.89045579,0.9751212082812014,3191895.6274328968,34.6815327179788
Mayaguez,1985-1989,1,45,5,0.005431022980746107,2.5,0.026791353758856416,89916.710836761,2408.9904088604526,443561.0781616539,0.965087568323801,2737017.736977107,30.43947795139011
Mayaguez,1985-1989,1,50,5,0.008842668758603452,2.5,0.04325707385412117,87507.72042790055,3785.327925355494,428075.282326114,0.9477774817145662,2293456.658815453,26.208620766268044
Mayaguez,1985-1989,1,55,5,0.012710091543616077,2.5,0.061593316005808633,83722.39250254506,5156.739778171599,405720.1130672963,0.9222405427228021,1865381.376489339,22.280555066945006
Mayaguez,1985-1989,1,60,5,0.01994457033189849,2.5,0.09498668034276772,78565.65272437346,7462.690541250951,374171.53726873995,0.8861008603626168,1459661.2634220428,18.578872736447227
Mayaguez,1985-1989,1,65,5,0.02890764095700387,2.5,0.13479657714888663,71102.96218312251,9584.435927431645,331553.7210970334,0.8343868718439866,1085489.7261533027,15.266448722033159
Mayaguez,1985-1989,1,70,5,0.044748559170023565,2.5,0.2012308224383323,61518.526255690864,12379.423633626815,276644.0721943873,0.7588839817396623,753936.0050562694,12.25543020849797
Mayaguez,1985-1989,1,75,5,0.06812352003477468,2.5,0.2910493368490184,49139.10262206405,14301.903231507597,209940.75503155126,0.669215956713303,477291.9328618821,9.713077923559236
Mayaguez,1985-1989,1,80,5,0.09591836033790753,2.5,0.386831252920545,34837.19939055645,13476.1174884918,140495.70323155276,0.47449005322611443,267351.1778303308,7.674301680599601
Mayaguez,1985-1989,1,85,NA,0.1743655188293451,5.938625917000808,1,21361.081902064652,21361.081902064652,126855.47459877805,0,126855.47459877805,5.938625917000808
Mayaguez,1985-1989,2,0,1,0.011696564520075968,0.12499040183882346,0.011578067557826366,100000,1157.806755782629,98986.90797587435,0.9880330403214723,7788091.703661188,77.88091703661188
Mayaguez,1985-1989,2,1,4,3.441388651811088e-4,1.5051624840834166,0.0013753746045915985,98842.19324421737,135.94504245022836,395029.6121848618,0.998645440920553,7689104.795685314,77.7917258137648
Mayaguez,1985-1989,2,5,5,1.4910015227277994e-4,2.5,7.452229792147046e-4,98706.24820176714,73.55816435204179,493347.34559795563,0.9991533191032248,7294075.183500452,73.89679292227284
Mayaguez,1985-1989,2,10,5,1.8973284961656478e-4,2.5,9.482144794947183e-4,98632.6900374151,93.52494484497583,492929.6378249631,0.9983602086691088,6800727.837902496,68.95003913330076
Mayaguez,1985-1989,2,15,5,4.6694938228895817e-4,2.5,0.002332024567866171,98539.16509257013,229.79575389290403,492121.33607811836,0.996984968383955,6307798.200077533,64.01310782521682
Mayaguez,1985-1989,2,20,5,7.412983019463262e-4,2.5,0.003699635176546144,98309.36933867722,363.708800989436,490637.5746909125,0.995542713083964,5815676.863999414,59.15689321497244
Mayaguez,1985-1989,2,25,5,0.0010462800347776397,2.5,0.005217752099268489,97945.66053768779,511.05617588474706,488450.66224872705,0.9945843521908168,5325039.289308502,54.36728140967021
Mayaguez,1985-1989,2,30,5,0.0011260775281942087,2.5,0.005614581505811272,97434.60436180304,547.0545276758203,485805.3854898256,0.9932919228374909,4836588.627059775,49.63933151614302
Mayaguez,1985-1989,2,35,5,0.001567669384002665,2.5,0.007807747005168225,96887.54983412722,756.4734770554933,482546.5654779974,0.9922076760945152,4350783.241569949,44.90549352335309
Mayaguez,1985-1989,2,40,5,0.0015614273256676938,2.5,0.007776779438535917,96131.07635707172,747.5901780179993,478786.4063403136,0.9884219018937564,3868236.676091952,40.239190308487494
Mayaguez,1985-1989,2,45,5,0.0031057708362675295,2.5,0.015409210489963555,95383.48617905373,1469.7842157995765,473242.9703557697,0.9818064896896835,3389450.269751638,35.53497995857446
Mayaguez,1985-1989,2,50,5,0.004248936355246115,2.5,0.021021385453997742,93913.70196325415,1974.1961283814308,464633.0194953172,0.9739520510467888,2916207.2993958686,31.05198962912675
Mayaguez,1985-1989,2,55,5,0.006335263855552907,2.5,0.03118244670885869,91939.50583487272,2866.8987411347334,452530.2823215268,0.9590537138190495,2451574.2799005513,26.665080017981428
Mayaguez,1985-1989,2,60,5,0.010472041838860118,2.5,0.05102438544631086,89072.60709373798,4544.875037058679,434000.84787604323,0.9345735449242463,1999043.9975790246,22.442859402052488
Mayaguez,1985-1989,2,65,5,0.01679754394579384,2.5,0.08060289313018805,84527.7320566793,6813.179753501696,405605.71089964226,0.8979355780089754,1565043.1497029813,18.51514422099431
Mayaguez,1985-1989,2,70,5,0.02675940840198648,2.5,0.12540746788542,77714.55230317761,9745.985222190546,364207.79846041166,0.8437932577391174,1159437.4388033391,14.9191805709718
Mayaguez,1985-1989,2,75,5,0.0423365417710074,2.5,0.19142231207714486,67968.56708098706,13010.70025921306,307316.08475690265,0.758572189217832,795229.6403429275,11.699961827875258
Mayaguez,1985-1989,2,80,5,0.07149561150901329,2.5,0.30327158838315743,54957.866821774005,16667.159565189424,233121.43519589645,0.5222075047373952,487913.5555860248,8.877956583873742
Mayaguez,1985-1989,2,85,NA,0.12873909132789768,6.654150279407899,1,38290.70725658458,38290.70725658458,254792.12039012837,0,254792.12039012837,6.654150279407899
Mayaguez,1990-1994,1,0,1,0.01636191308224847,0.1166406205400273,0.016128796340663634,100000,1612.8796340663685,98575.24764730751,0.9832915214500025,7032366.926588658,70.32366926588658
Mayaguez,1990-1994,1,1,4,5.075924058319802e-4,1.6044039366255805,0.0020279037200462745,98387.12036593363,199.51960739471542,393070.51307769376,0.9979508252365776,6933791.678941351,70.47458705115395
Mayaguez,1990-1994,1,5,5,2.4434387418244676e-4,2.5,0.0012209735274073313,98187.60075853892,119.88446124580514,490638.29263958003,0.9986571067302306,6540721.165863657,66.614532948498
Mayaguez,1990-1994,1,10,5,2.932071796736079e-4,2.5,0.0014649620548869337,98067.71629729311,143.66548318495916,489979.41777850315,0.9969048724224886,6050082.873224078,61.69291079322374
Mayaguez,1990-1994,1,15,5,9.477773431230067e-4,2.5,0.004727684734423247,97924.05081410815,462.95404016673274,488462.86897012393,0.9937510627187673,5560103.455445575,56.77975338255224
Mayaguez,1990-1994,1,20,5,0.0015615556325792137,2.5,0.007777415993517098,97461.09677394142,757.9954927953804,485410.4951377187,0.9894418990925712,5071640.586475451,52.03758991384013
Mayaguez,1990-1994,1,25,5,0.0026900869397519095,2.5,0.013360581881690991,96703.10128114604,1292.0097028801974,480285.48214852967,0.9832034198939448,4586230.091337731,47.42588428476696
Mayaguez,1990-1994,1,30,5,0.0040973668532446605,2.5,0.02027910691500593,95411.09157826584,1934.8517269930744,472218.32857384655,0.977480399551239,4105944.609189202,43.03424833810952
Mayaguez,1990-1994,1,35,5,0.0050236028553760975,2.5,0.02480646964749806,93476.23985127277,2318.8155066328472,461584.16048978176,0.9724258893907465,3633726.2806153554,38.87326112386279
Mayaguez,1990-1994,1,40,5,0.006176348710839266,2.5,0.030412153393186692,91157.42434463992,2772.2935720970127,448856.3877929571,0.9659464939331173,3172142.1201255736,34.79850536509917
Mayaguez,1990-1994,1,45,5,0.007707521858275195,2.5,0.037809073637618276,88385.1307725429,3341.759917849602,433571.2540680905,0.9630441601804061,2723285.7323326166,30.81158231627138
Mayaguez,1990-1994,1,50,5,0.007346302861373541,2.5,0.03606907837272604,85043.3708546933,3067.43600843873,417548.2642523697,0.95514210434094,2289714.478264526,26.924079504994868
Mayaguez,1990-1994,1,55,5,0.011094532796836976,2.5,0.05397557939462988,81975.93484625457,4424.698579743024,398817.9277819153,0.9269440306154171,1872166.2140121562,22.837997730960847
Mayaguez,1990-1994,1,60,5,0.019556579856240906,2.5,0.09322499417333355,77551.23626651155,7229.7135490803485,369681.8974598569,0.8940533708245425,1473348.286230241,18.998385546904135
Mayaguez,1990-1994,1,65,5,0.02552652062918171,2.5,0.11997616783761587,70321.5227174312,8436.90681214325,330515.3465567979,0.8400192623111292,1103666.388770384,15.694574663935835
Mayaguez,1990-1994,1,70,5,0.045791538566075776,2.5,0.2054392450487864,61884.61590528795,12713.528771716476,277639.2575971486,0.7741330208762299,773151.0422135862,12.493428793302432
Mayaguez,1990-1994,1,75,5,0.05755503496414713,2.5,0.2515764468362019,49171.08713357148,12370.287388137192,214929.7171975144,0.6908441069423052,495511.7846164376,10.077299760942804
Mayaguez,1990-1994,1,80,5,0.09569065089304096,2.5,0.38609019847618176,36800.799745434284,14208.42807779694,148482.92853267907,0.470803925929498,280582.0674189232,7.62434700766887
Mayaguez,1990-1994,1,85,NA,0.16028680184524927,5.847068241864612,1,22592.371667637344,22592.371667637344,132099.13888624415,0,132099.13888624415,5.847068241864612
Mayaguez,1990-1994,2,0,1,0.010560627721852225,0.12732505866210878,0.010464189799125381,100000,1046.4189799125306,99086.81637808998,0.9891767754881722,7846767.685993937,78.46767685993937
Mayaguez,1990-1994,2,1,4,3.171949025263612e-4,1.506974763196823,0.0012677770838125948,98953.58102008747,125.4510823784658,395501.5713659961,0.9987852458435853,7747680.869615847,78.2961140945781
Mayaguez,1990-1994,2,5,5,1.2394258398834356e-4,2.5,6.19520957370989e-4,98828.129937709,61.22609767419635,493987.5844443595,0.999323801045523,7352179.298249851,74.3935891823907
Mayaguez,1990-1994,2,10,5,1.4663615301586296e-4,2.5,7.329120865571359e-4,98766.9038400348,72.38745757617289,493653.5505562336,0.9984728179908412,6858191.713805491,69.43815637790144
Mayaguez,1990-1994,2,15,5,4.6494670889670007e-4,2.5,0.0023220344887497782,98694.51638245863,229.1720708905632,492899.6517350668,0.996896588706863,6364538.163249258,64.48725214464349
Mayaguez,1990-1994,2,20,5,7.788348532370682e-4,2.5,0.0038866067042800457,98465.34431156807,382.6960673405847,491369.9813894889,0.995372985372955,5871638.5115141915,59.63152368547976
Mayaguez,1990-1994,2,25,5,0.001076954079861084,2.5,0.0053703114522339005,98082.64824422749,526.7343691314018,489096.40529830894,0.9945469705286738,5380268.5301247025,54.85443782806252
Mayaguez,1990-1994,2,30,5,0.0011103122742231269,2.5,0.005536194110432398,97555.91387509608,540.0884758331522,486429.3481858976,0.9930353944362992,4891172.124826393,50.137115532418825
Mayaguez,1990-1994,2,35,5,0.0016872811992852566,2.5,0.008400969003786615,97015.82539926293,815.026942055978,483041.5596411747,0.9908107373137796,4404742.776640495,45.40231203015627
Mayaguez,1990-1994,2,40,5,0.002006865489360532,2.5,0.009984234905628225,96200.79845720695,960.4913699057652,478602.76386127033,0.9886863484129588,3921701.2169993212,40.76578656198798
Mayaguez,1990-1994,2,45,5,0.002547415719352058,2.5,0.012656475336202703,95240.30708730119,1205.4065976628044,473188.01894234895,0.983124232490294,3443098.4531380506,36.1516941559414
Mayaguez,1990-1994,2,50,5,0.004275035794697279,2.5,0.021149145587452338,94034.90048963838,1988.7578007569537,465202.60794629954,0.9735682470837479,2969910.434195702,31.583065635539793
Mayaguez,1990-1994,2,55,5,0.006468642943797519,2.5,0.03182849676643784,92046.14268888143,2929.6903549361305,452906.48755706684,0.9586370728306143,2504707.826249402,27.211437145339
Mayaguez,1990-1994,2,60,5,0.010511306321800515,2.5,0.05121080057931795,89116.4523339453,4563.724868809964,434172.9494977016,0.9383663815961112,2051801.3386923354,23.023822032363206
Mayaguez,1990-1994,2,65,5,0.015071022701921595,2.5,0.0726190067608968,84552.72746513534,6140.135087442934,407413.29960706935,0.9040948707191513,1617628.3891946338,19.13159323998922
Mayaguez,1990-1994,2,70,5,0.025761709047072992,2.5,0.12101468262485167,78412.5923776924,9489.074980378311,368340.27443751623,0.8539884486056893,1210215.0895875643,15.433938005241343
Mayaguez,1990-1994,2,75,5,0.03822406680552585,2.5,0.17444987485129995,68923.51739731409,12023.698984272836,314558.3395258883,0.7748104432438637,841874.8151500482,12.214623497767914
Mayaguez,1990-1994,2,80,5,0.06692185985496439,2.5,0.28665121772517443,56899.818413041256,16310.402236439579,243723.08647410732,0.5378049089294551,527316.4756241599,9.267454454710538
Mayaguez,1990-1994,2,85,NA,0.13703147532139526,6.986880223064993,1,40589.41617660168,40589.41617660168,283593.38915005256,0,283593.38915005256,6.986880223064993
Mayaguez,1995-1999,1,0,1,0.016300436743127925,0.11676329350092539,0.016069087771512485,100000,1606.9087771512568,98580.71918402446,0.983419605226581,7086228.615489599,70.862286154896
Mayaguez,1995-1999,1,1,4,4.707208339625598e-4,1.6045838385444329,0.0018807626400072666,98393.09122284874,185.0540500067582,393129.083429266,0.9980329698800164,6987647.896305575,71.01766810516581
Mayaguez,1995-1999,1,5,5,2.4256402131195328e-4,2.5,0.0012120850859781984,98208.03717284199,119.03649718039378,490742.59462125896,0.9985702544350311,6594518.812876309,67.14846363613026
Mayaguez,1995-1999,1,10,5,3.2980574297391646e-4,2.5,0.0016476701871439648,98089.00067566159,161.61832210002467,490040.9575730579,0.9965244542253734,6103776.2182550505,62.2269181683034
Mayaguez,1995-1999,1,15,5,0.001064110933134044,2.5,0.005306438068757811,97927.38235356157,519.6455896947591,488337.7977935709,0.9936054250831705,5613735.260681992,57.3254908460016
Mayaguez,1995-1999,1,20,5,0.001503332204001142,2.5,0.007488516699220364,97407.73676386681,729.4394633894699,485215.0851608604,0.9896727049178986,5125397.4628884215,52.61797094529843
Mayaguez,1995-1999,1,25,5,0.002655004847342331,2.5,0.013187492098099798,96678.29730047734,1274.9442817077797,480204.1257981172,0.9833861431160216,4640182.377727561,47.99611192267709
Mayaguez,1995-1999,1,30,5,0.004057956209962901,2.5,0.020086010670480364,95403.35301876956,1916.2727667346044,472226.0831770113,0.9792353743328424,4159978.251929444,43.60410950243032
Mayaguez,1995-1999,1,35,5,0.00433797038816567,2.5,0.021457150729629497,93487.08025203495,2005.9663722408877,462420.4853295726,0.9774889091557747,3687752.1687524323,39.44665036933978
Mayaguez,1995-1999,1,40,5,0.004773932374899948,2.5,0.023588141394828514,91481.11387979407,2157.869449153004,452010.8957760878,0.9713687203969094,3225331.6834228598,35.25680379953546
Mayaguez,1995-1999,1,45,5,0.0068754318788516455,2.5,0.03379624986007425,89323.24443064106,3018.790687090426,439069.2454354792,0.9618884273996104,2773320.787646772,31.048142119381232
Mayaguez,1995-1999,1,50,5,0.008700798266104225,2.5,0.04257783837475724,86304.45374355064,3674.6570825146046,422335.62601146667,0.9516983123676397,2334251.542211293,27.046710117039897
Mayaguez,1995-1999,1,55,5,0.011158868991182451,2.5,0.054280084087991586,82629.79666103603,4485.152310934689,401936.10252784344,0.9285544184009543,1911915.9161998262,23.13833500090637
Mayaguez,1995-1999,1,60,5,0.018759658349839434,2.5,0.08959630172478206,78144.64435010134,7001.471133367464,373219.543917088,0.8909603430944326,1509979.8136719826,19.32288292089494
Mayaguez,1995-1999,1,65,5,0.027898216351648585,2.5,0.13039650685863907,71143.17321673388,9276.821274301183,332523.8128979164,0.8495502064613443,1136760.2697548945,15.978487019292984
Mayaguez,1995-1999,1,70,5,0.037998579505121484,2.5,0.1735100581744109,61866.351942432695,10734.434324570073,282495.6739007383,0.7877019208148395,804236.4568569782,12.999577825525076
Mayaguez,1995-1999,1,75,5,0.05956650723970001,2.5,0.2592291052604119,51131.91761786262,13254.881254327622,222522.38495349407,0.6929662244919785,521740.78295623994,10.20381803114642
Mayaguez,1995-1999,1,80,5,0.0912699648671559,2.5,0.371567453311892,37877.036363535,14073.873940600628,154200.49696617344,0.48465569632266275,299218.3980027459,7.899730990854648
Mayaguez,1995-1999,1,85,NA,0.16753924173105433,6.092379594773823,1,23803.162422934372,23803.162422934372,145017.9010365724,0,145017.9010365724,6.092379594773823
Mayaguez,1995-1999,2,0,1,0.010093391525029981,0.12828535520035161,0.010005358803212695,100000,1000.535880321273,99127.81822047645,0.9897467979868203,7938602.292590392,79.38602292590392
Mayaguez,1995-1999,2,1,4,2.557777406846019e-4,1.507721281227173,0.0010224591762804899,98999.46411967873,101.22291053603112,395745.5807729337,0.9988963424064449,7839474.474369916,79.18703948632401
Mayaguez,1995-1999,2,5,5,1.326876834562204e-4,2.5,6.632184149933246e-4,98898.2412091427,65.59113478033396,494327.22820876265,0.9992390740212262,7443728.893596982,75.26654470887438
Mayaguez,1995-1999,2,10,5,1.7181344536741435e-4,2.5,8.5869838701606e-4,98832.65007436236,84.86743720338563,493951.0817788034,0.9984388923671325,6949401.665388219,70.31483684955774
Mayaguez,1995-1999,2,15,5,4.5333731612398663e-4,2.5,0.0022641205547807193,98747.78263715898,223.57688440781203,493179.9709747753,0.9971813361770077,6455450.583609416,65.3731193876977
Mayaguez,1995-1999,2,20,5,6.760337248764185e-4,2.5,0.003374465493190022,98524.20575275116,332.46653255660203,491789.8624323643,0.995854714084687,5962270.612634641,60.51579474385311
Mayaguez,1995-1999,2,25,5,9.861685920234528e-4,2.5,0.004918716251416708,98191.73922019456,482.97730345724267,489751.2528423297,0.9936513701852674,5470480.750202277,55.712229904949
Mayaguez,1995-1999,2,30,5,0.0015632075599915452,2.5,0.007785611483133747,97708.76191673732,760.7224587817327,486642.0034367322,0.9921277590127804,4980729.497359946,50.975259533062996
Mayaguez,1995-1999,2,35,5,0.0015982708078586163,2.5,0.00795955024728329,96948.03945795559,771.6627914411947,482811.04031117493,0.9907431923207776,4494087.493923214,46.355630490828126
Mayaguez,1995-1999,2,40,5,0.002124114785891982,2.5,0.010564473543313618,96176.37666651439,1016.0527867851633,478341.75136560906,0.9869512074155401,4011276.45361204,41.70750232690603
Mayaguez,1995-1999,2,45,5,0.003136327535378049,2.5,0.015559637379009535,95160.32387972923,1480.6601324376825,472099.96906755195,0.9825311052789649,3532934.7022464303,37.12613154523957
Mayaguez,1995-1999,2,50,5,0.003919703236206992,2.5,0.019408328956484703,93679.66374729155,1818.1657305403205,463852.90441010694,0.9761459970492733,3060834.7331788787,32.67341716165557
Mayaguez,1995-1999,2,55,5,0.005759279821950497,2.5,0.02838766780381561,91861.49801675123,2607.7336896603956,452788.1558596051,0.9642160466467368,2596981.8287687716,28.27062354562522
Mayaguez,1995-1999,2,60,5,0.008871768468388589,2.5,0.04339633671271436,89253.76432709083,3873.2864096156845,436585.60561141494,0.9447384159288285,2144193.6729091667,24.023565718206335
Mayaguez,1995-1999,2,65,5,0.01400690914751249,2.5,0.06766509851902866,85380.47791747515,5777.278449887715,412459.1934626564,0.9098553336427792,1707608.0672977515,19.99998253638551
Mayaguez,1995-1999,2,70,5,0.024235674156121795,2.5,0.11425571036349429,79603.19946758743,9095.120102376124,375278.1970819968,0.8676670019276957,1295148.8738350952,16.270060531454515
Mayaguez,1995-1999,2,75,5,0.033074353420197704,2.5,0.1527421476658386,70508.0793652113,10769.555470035775,325616.50815096713,0.7986355650438263,919870.6767530984,13.046315897904924
Mayaguez,1995-1999,2,80,5,0.05944065433608217,2.5,0.2587522622349443,59738.52389517553,15457.47820045294,260048.9239747453,0.5623944471665038,594254.1686021312,9.947587082079258
Mayaguez,1995-1999,2,85,NA,0.14575632690982135,7.547365681728164,1,44281.04569472259,44281.04569472259,334205.2446273859,0,334205.2446273859,7.547365681728164
Mayaguez,2000-2004,1,0,1,0.012351890786171245,0.1246424195307346,0.012219766742758612,100000,1221.9766742758657,98930.33345501599,0.9873281680719236,7347279.477854717,73.47279477854717
Mayaguez,2000-2004,1,1,4,4.0207585998029265e-4,1.6161818428040684,0.0016067633961930835,98778.02332572413,158.71291222807486,394733.7505809458,0.9983624527949683,7248349.144399701,73.38018012871147
Mayaguez,2000-2004,1,5,5,1.9548624840771728e-4,2.5,9.769537894606629e-4,98619.31041349606,96.34650902244903,492855.68579492415,0.9988581893608591,6853615.393818755,69.49567346478663
Mayaguez,2000-2004,1,10,5,2.6153663255826335e-4,2.5,0.0013068287038449813,98522.96390447361,128.7526372182474,492292.9379293224,0.9976105407637801,6360759.70802383,64.56118914765017
Mayaguez,2000-2004,1,15,5,6.959099102924222e-4,2.5,0.0034735064325873556,98394.21126725536,341.7729257661849,491116.62402186135,0.995381159039644,5868466.770094508,59.6423986178898
Mayaguez,2000-2004,1,20,5,0.0011569703358270495,2.5,0.005768167681885204,98052.43834148918,565.5829059714015,488848.2344425174,0.992260171442954,5377350.146072647,54.84157494732403
Mayaguez,2000-2004,1,25,5,0.0019540853727623786,2.5,0.009722928283961624,97486.85543551778,947.8577040284872,485064.6329175177,0.9880321285103576,4888501.911630129,50.14524152811151
Mayaguez,2000-2004,1,30,5,0.0028673796543093296,2.5,0.014234856427292565,96538.99773148929,1374.2187723424722,479259.4417265903,0.9850056467124553,4403437.278712612,45.61304117699877
Mayaguez,2000-2004,1,35,5,0.003178013924241345,2.5,0.015764817596618776,95164.77895914682,1500.2553819134919,472073.2563409503,0.9802465595742423,3924177.836986021,41.235611324969575
Mayaguez,2000-2004,1,40,5,0.004818545089424567,2.5,0.02380595033441538,93664.52357723333,2229.772996376283,462748.18539522594,0.9734185475943803,3452104.580645071,36.85605231097509
Mayaguez,2000-2004,1,45,5,0.005972801614671923,2.5,0.029424639241428754,91434.75058085704,2690.4345499717456,450447.66652935586,0.9649838004758398,2989356.395249845,32.6938759744996
Mayaguez,2000-2004,1,50,5,0.008325194879987311,2.5,0.04077727744639518,88744.3160308853,3618.7515965819766,434674.70116297156,0.9535126307676103,2538908.728720489,28.609254567209508
Mayaguez,2000-2004,1,55,5,0.010770442342962034,2.5,0.05244020130333299,85125.56443430332,4464.001734994716,414467.81783402985,0.9373259927699008,2104234.0275575174,24.71917856335021
Mayaguez,2000-2004,1,60,5,0.01525526941466976,2.5,0.07347417619130078,80661.5626993086,5926.5418696346605,388491.4588224564,0.9130086848933295,1689766.2097234877,20.948840478365437
Mayaguez,2000-2004,1,65,5,0.02140314429788961,2.5,0.10158037303470968,74735.02082967394,7591.611294635062,354696.07591178204,0.8760468667073714,1301274.7509010313,17.4118470357655
Mayaguez,2000-2004,1,70,5,0.03216507026053239,2.5,0.14885548358242628,67143.40953503888,9994.664695711115,310730.3859359166,0.809661924610712,946578.6749892493,14.097864281009976
Mayaguez,2000-2004,1,75,5,0.054306814435325874,2.5,0.23907550012352666,57148.74483932777,13662.864753894093,251586.56231190357,0.7255463030873174,635848.2890533326,11.126198674021692
Mayaguez,2000-2004,1,80,5,0.07645916476135776,2.5,0.3209473987121375,43485.88008543367,13956.680094127882,182537.70019184865,0.5249651800095126,384261.7267414291,8.836471194477308
Mayaguez,2000-2004,1,85,NA,0.16147198956850337,6.831340727448544,1,29529.19999130579,29529.19999130579,201724.02654958045,0,201724.02654958045,6.831340727448544
Mayaguez,2000-2004,2,0,1,0.007869384976519133,0.13285628913930952,0.007816049135036416,100000,781.6049135036446,99322.2362148775,0.9919040343373502,8106273.182434834,81.06273182434833
Mayaguez,2000-2004,2,1,4,2.469857143049057e-4,1.5112832880572957,9.873359640424643e-4,99218.39508649636,97.96188976346457,396629.78095379757,0.9990032948978207,8006950.946219956,80.70026671203134
Mayaguez,2000-2004,2,5,5,1.166329405335742e-4,2.5,5.829947116990186e-4,99120.43319673289,57.78668837501027,495457.69926272694,0.9994011638291149,7610321.165266158,76.77853011559479
Mayaguez,2000-2004,2,10,5,1.2297516980026e-4,2.5,6.146868709454786e-4,99062.64650835788,60.892508209799416,495161.0012712649,0.9987468142653965,7114863.466003431,71.82185936656914
Mayaguez,2000-2004,2,15,5,3.7877379796135953e-4,2.5,0.0018920773165287525,99001.75400014808,187.31897304023732,494540.4725681398,0.9975945916912672,6619702.464732166,66.86449681206926
Mayaguez,2000-2004,2,20,5,5.847961991681655e-4,2.5,0.0029197124040494468,98814.43502710784,288.50973164779134,493350.9008064197,0.9962959154193183,6125161.992164027,61.98651027538341
Mayaguez,2000-2004,2,25,5,9.001719461301903e-4,2.5,0.004490753604621294,98525.92529546005,442.45565416921454,491523.48734187725,0.9943995391535447,5631811.091357606,57.16070236812192
Mayaguez,2000-2004,2,30,5,0.0013475593458063771,2.5,0.006715173990358328,98083.46964129084,658.6475642193109,488770.7292959059,0.9935056058851331,5140287.604015729,52.407277422125254
Mayaguez,2000-2004,2,35,5,0.0012583706551172443,2.5,0.006272121641040194,97424.82207707153,611.0603349240846,485596.4595480474,0.9925171891505457,4651516.874719824,47.74467918494189
Mayaguez,2000-2004,2,40,5,0.0017478323837889936,2.5,0.008701141576387112,96813.76174214744,842.3902474610513,481962.8330920846,0.9897614781303257,4165920.4151717764,43.03025045413726
Mayaguez,2000-2004,2,45,5,0.002371860711850799,2.5,0.0117893965430617,95971.37149468639,1131.4445553323312,477028.2460851011,0.9856865651763803,3683957.582079692,38.38600537540156
Mayaguez,2000-2004,2,50,5,0.003402210536365628,2.5,0.01686758499335951,94839.92693935406,1599.7205284135707,470200.3333757364,0.9777714116266836,3206929.3359945905,33.81412701894298
Mayaguez,2000-2004,2,55,5,0.005614016474288953,2.5,0.027681570390922693,93240.20641094049,2581.035337028603,459748.44371213095,0.9644875515474588,2736729.0026188544,29.35138292763084
Mayaguez,2000-2004,2,60,5,0.008907282310636252,2.5,0.04356626891212772,90659.17107391189,3949.681826356624,443421.65080366784,0.9454331935612659,2276980.5589067233,25.115832539990517
Mayaguez,2000-2004,2,65,5,0.013665101196830594,2.5,0.06606842664413429,86709.48924755526,5728.759529702453,419225.54741352017,0.9196800958325654,1833558.9081030556,21.146000559042065
Mayaguez,2000-2004,2,70,5,0.020075307222376323,2.5,0.09557956336504686,80980.72971785281,7740.10278741525,385553.3916207259,0.8747559888851819,1414333.3606895353,17.465060707865355
Mayaguez,2000-2004,2,75,5,0.03432076785414438,2.5,0.15804341120372187,73240.62693043756,11575.198518785539,337265.1383552239,0.8118242898517054,1028779.9690688094,14.046575134398063
Mayaguez,2000-2004,2,80,5,0.05044135377207501,2.5,0.22396413361992748,61665.42841165202,13810.844248517307,273800.03143696685,0.6040576148534252,691514.8307135855,11.213979186154814
Mayaguez,2000-2004,2,85,NA,0.12972143790781648,8.728835629469529,1,47854.584163134714,47854.584163134714,417714.7992766186,0,417714.7992766186,8.728835629469529
Mayaguez,2005-2009,1,0,1,0.01315311927784492,0.12304360813702436,0.013003131896018904,100000,1300.3131896018895,98859.6820369549,0.9866050315229673,7398927.601855168,73.98927601855168
Mayaguez,2005-2009,1,1,4,3.78144245050484e-4,1.613821563597295,0.0015112133826813898,98699.68681039811,149.1562875743257,394442.8337245287,0.9984126589545337,7300067.919818213,73.96242233110252
Mayaguez,2005-2009,1,5,5,1.8937418306807816e-4,2.5,9.464228452075205e-4,98550.53052282378,93.27047349412169,492519.4764303836,0.9989871879243623,6905625.086093685,70.07192198213868
Mayaguez,2005-2009,1,10,5,2.159693835866574e-4,2.5,0.0010792641978744318,98457.26004932966,106.26139579205483,492020.6467571682,0.9972330470820521,6413105.609663301,65.13593417539923
Mayaguez,2005-2009,1,15,5,8.932834568600413e-4,2.5,0.004456465067996915,98350.99865353761,438.29778990210616,490659.2487929328,0.9945910462666854,5921084.962906133,60.20360793452052
Mayaguez,2005-2009,1,20,5,0.0012772063867194589,2.5,0.006365706132276987,97912.7008636355,623.2834803154401,488005.2956173889,0.9922841394439427,5430425.7141132,55.46191317586302
Mayaguez,2005-2009,1,25,5,0.0018232054346019313,2.5,0.009074664727886973,97289.41738332006,882.8688443250867,484239.9148057876,0.9888926427582728,4942420.4184958115,50.801213034534754
Mayaguez,2005-2009,1,30,5,0.002649162658124152,2.5,0.013158664682849309,96406.54853899498,1268.5814454554784,478861.2890813362,0.9842159696473832,4458180.503690024,46.24354435722547
Mayaguez,2005-2009,1,35,5,0.00372321685070344,2.5,0.018444402973635688,95137.9670935395,1754.7630031657172,471302.9279597832,0.9819949711171672,3979319.2146086874,41.82682619964149
Mayaguez,2005-2009,1,40,5,0.003542578938537829,2.5,0.017557398517182927,93383.20409037378,1639.5661290261341,462817.1051293036,0.9764783468775942,3508016.2866489044,37.565816260212486
Mayaguez,2005-2009,1,45,5,0.00600738595912752,2.5,0.02959249593421081,91743.63796134765,2714.9232333608816,451930.88172333606,0.9645619040432354,3045199.181519601,33.19248341560827
Mayaguez,2005-2009,1,50,5,0.008467940097302704,2.5,0.041461957064662276,89028.71472798676,3691.304747573842,435915.3117709992,0.9534596634319568,2593268.2997962646,29.128448138553814
Mayaguez,2005-2009,1,55,5,0.010643548876925112,2.5,0.05183838346436614,85337.40998041292,4423.753382420473,415627.66644601343,0.9381061706623897,2157352.9880252657,25.28027260870036
Mayaguez,2005-2009,1,60,5,0.015045187100894208,2.5,0.07249903176078437,80913.65659799245,5866.161759579045,389902.87859101465,0.916773515215726,1741725.3215792521,21.52572748297308
Mayaguez,2005-2009,1,65,5,0.0199017603693776,2.5,0.09479245979759882,75047.4948384134,7113.936637380815,357452.63259861496,0.877617660612339,1351822.4429882374,18.01289231437877
Mayaguez,2005-2009,1,70,5,0.0331023140138463,2.5,0.15286140453540972,67933.55820103259,10384.419121697843,313706.74320091837,0.8271180191749044,994369.8103896225,14.637387422678945
Mayaguez,2005-2009,1,75,5,0.0435856522049347,2.5,0.19651515773011663,57549.139079334745,11309.278143407893,259472.500038154,0.7535423668128226,680663.0671887042,11.827510855555486
Mayaguez,2005-2009,1,80,5,0.07298514787237888,2.5,0.3086149668787138,46239.86093592685,14270.313151217397,195523.52180159074,0.5357837115765631,421190.56715055014,9.108819936421973
Mayaguez,2005-2009,1,85,NA,0.15858184513575393,7.0588125571451625,1,31969.547784709455,31969.547784709455,225667.04534895942,0,225667.04534895942,7.0588125571451625
Mayaguez,2005-2009,2,0,1,0.008451131473465458,0.13166064301653063,0.008389565069101441,100000,838.9565069101518,99271.50104625254,0.991402797460117,8139722.151219924,81.39722151219924
Mayaguez,2005-2009,2,1,4,2.17104811594464e-4,1.510350177632572,8.679501063646328e-4,99161.04349308985,86.06683824704669,396429.8976838059,0.999089461350362,8040450.650173672,81.08477247654196
Mayaguez,2005-2009,2,5,5,1.008297348222314e-4,2.5,5.040216231946286e-4,99074.9766548428,49.93593055155361,495250.04344783514,0.9994576801231396,7644020.752489866,77.15389910330325
Mayaguez,2005-2009,2,10,5,1.1616121245628656e-4,2.5,5.806374434078733e-4,99025.04072429125,57.4976464795036,494981.45950525743,0.998864559040561,7148770.70904203,72.19154525718268
Mayaguez,2005-2009,2,15,5,3.383994038631468e-4,2.5,0.0016905668023204938,98967.54307781174,167.31124283457757,494419.43728197226,0.997716474534601,6653789.249536773,67.2320342872949
Mayaguez,2005-2009,2,20,5,5.763268393104177e-4,2.5,0.00287748826226373,98800.23183497717,284.29650741408113,493290.41790635063,0.9966182430274362,6159369.8122548,62.341653433997976
Mayaguez,2005-2009,2,25,5,7.79010373477314e-4,2.5,0.003887480897521909,98515.93532756309,382.9788166874059,491622.2295960969,0.9954879407650986,5666079.39434845,57.51434400443821
Mayaguez,2005-2009,2,30,5,0.0010304628298106937,2.5,0.005139075084418221,98132.95651087568,504.31263176533685,489404.00097496505,0.9937888111094035,5174457.164752353,52.72904586522764
Mayaguez,2005-2009,2,35,5,0.0014631003188743182,2.5,0.007288840831011398,97628.64387911034,711.5996457823348,486364.2202810959,0.9915137911847639,4685053.163777388,47.988510109581185
Mayaguez,2005-2009,2,40,5,0.001947913608858918,2.5,0.009692368303991047,96917.04423332801,939.355687643605,482236.831947531,0.9879958448079283,4198688.943496292,43.32250304072356
Mayaguez,2005-2009,2,45,5,0.002888421528255012,2.5,0.014338568069534081,95977.6885456844,1376.1826203688397,476447.9861774999,0.9838539425441848,3716452.111548761,38.722042256516396
Mayaguez,2005-2009,2,50,5,0.0036285888582600462,2.5,0.017979840667501763,94601.50592531556,1700.920003442894,468755.22961797053,0.9798631227897958,3240004.125371261,34.24896986237329
Mayaguez,2005-2009,2,55,5,0.004517122772433573,2.5,0.022333407008705237,92900.58592187267,2074.7865967403777,459315.9631175124,0.9686228357137409,2771248.8957532905,29.83026283691956
Mayaguez,2005-2009,2,60,5,0.008293984661377849,2.5,0.04062751337498414,90825.79932513229,3690.0263768754376,444903.9306834729,0.9543085509582968,2311932.932635778,25.454583937760578
Mayaguez,2005-2009,2,65,5,0.010460552769100831,2.5,0.050969832294628696,87135.77294825685,4441.2957340354915,424575.6254061955,0.9242640731602548,1867029.0019523052,21.426664833293994
Mayaguez,2005-2009,2,70,5,0.021459038106913797,2.5,0.10183214104650505,82694.47721422136,8420.955667445596,392419.9969024928,0.8833669246050169,1442453.3765461098,17.4431645877561
Mayaguez,2005-2009,2,75,5,0.028520642271437305,2.5,0.13311210456634903,74273.52154677577,9886.704766645395,346650.84581726533,0.8244847894780453,1050033.379643617,14.137385137748316
Mayaguez,2005-2009,2,80,5,0.0505593826221274,2.5,0.22442938521393643,64386.81678013037,14450.29370584702,285808.34963603434,0.5936658419974449,703382.5338263516,10.924325335546234
Mayaguez,2005-2009,2,85,NA,0.12805293963586237,8.362099691425302,1,49936.52307428335,49936.52307428335,417574.1841903173,0,417574.1841903173,8.362099691425302
Mayaguez,2010-2014,1,0,1,0.00871730079445396,0.13189506212970686,0.008651827811801413,100000,865.182781180134,99248.93055549717,0.9909021225520206,7495567.030748925,74.95567030748926
Mayaguez,2010-2014,1,1,4,3.5857575662436535e-4,1.6269320428030423,0.0014330835803702201,99134.81721881987,142.06847879930865,396202.1307205131,0.9985540164563331,7396318.100193428,74.60868247598184
Mayaguez,2010-2014,1,5,5,1.8522778357160394e-4,2.5,9.257102497135599e-4,98992.74874002056,91.63860215594468,494734.6471947129,0.9990510587995711,7000115.969472915,70.71342152400426
Mayaguez,2010-2014,1,10,5,1.9453329726058736e-4,2.5,9.721936761994194e-4,98901.11013786461,96.1510338451335,494265.1731047102,0.9972833498741155,6505381.3222782025,65.77662589641243
Mayaguez,2010-2014,1,15,5,8.945569513478165e-4,2.5,0.00446280417549485,98804.95910401948,440.9471840490005,492922.42755997495,0.9944438291089236,6011116.149173493,60.83820289673046
Mayaguez,2010-2014,1,20,5,0.0013353307308192758,2.5,0.006654438961990611,98364.01191997048,654.557313377969,490183.6663164075,0.9927092734518392,5518193.721613517,56.09972198066861
Mayaguez,2010-2014,1,25,5,0.0015925708872928112,2.5,0.007931276635790989,97709.45460659251,774.9607144171459,486609.8712469197,0.9899519088269465,5028010.055297109,51.458787438138735
Mayaguez,2010-2014,1,30,5,0.0024512964319691626,2.5,0.01218182897509206,96934.49389217536,1180.8394263815862,481720.3708949228,0.9858588910678038,4541400.18405019,46.85019750659446
Mayaguez,2010-2014,1,35,5,0.0032511216056871992,2.5,0.01612455083939609,95753.65446579378,1543.9846694916632,474908.31065523974,0.9825978342187585,4059679.8131552674,42.3971266246085
Mayaguez,2010-2014,1,40,5,0.00377544563769465,2.5,0.018700719315568957,94209.66979630211,1761.7885916730738,466643.8775023279,0.9789201557041715,3584771.5025000274,38.05099317565738
Mayaguez,2010-2014,1,45,5,0.004756763923496088,2.5,0.023504308500673626,92447.88120462904,2172.9235200672265,456807.09722297714,0.96999686039034,3118127.6249976996,33.7284920364575
Mayaguez,2010-2014,1,50,5,0.0074685725451240845,2.5,0.03665839796416199,90274.95768456181,3309.335324998552,443101.45011031267,0.9551175295020055,2661320.5277747223,29.48016366924138
Mayaguez,2010-2014,1,55,5,0.010977094787005188,2.5,0.053419496737131915,86965.62235956326,4645.659779879337,423213.96234811796,0.9395766393567683,2218219.0776644098,25.506849919305857
Mayaguez,2010-2014,1,60,5,0.014040631618213534,2.5,0.06782248188221482,82319.96257968392,5583.144170605214,397641.95247190655,0.921200534367058,1795005.1153162918,21.805222683122167
Mayaguez,2010-2014,1,65,5,0.018974320989699534,2.5,0.09057510228731185,76736.81840907871,6950.445176605179,366307.9791038806,0.8830389513118827,1397363.1628443853,18.209813643760132
Mayaguez,2010-2014,1,70,5,0.03149362601075685,2.5,0.14597493039200413,69786.37323247353,10187.06097492075,323464.21372506575,0.829691626075094,1031055.1837405047,14.774448591931213
Mayaguez,2010-2014,1,75,5,0.0441485998026576,2.5,0.19880103110658698,59599.31225755278,11848.404730044938,268375.54946265154,0.755029990174884,707590.9700154389,11.872468711679952
Mayaguez,2010-2014,1,80,5,0.07130763655483184,2.5,0.30259487020442505,47750.90752750784,14449.179665429736,202631.5884739649,0.5386510149872766,439215.4205527874,9.198053886196169
Mayaguez,2010-2014,1,85,NA,0.14297766498664086,7.1042509583482945,1,33301.72786207811,33301.72786207811,236583.83207882248,0,236583.83207882248,7.1042509583482945
Mayaguez,2010-2014,2,0,1,0.0075275271672265755,0.13355889923901423,0.007478749573946664,100000,747.8749573946698,99352.01039868339,0.9923199975742845,8277281.742613295,82.77281742613295
Mayaguez,2010-2014,2,1,4,2.030859143440992e-4,1.5118320744431888,8.11933377812517e-4,99252.12504260533,80.58611314090376,396807.98838845885,0.9991571049669508,8177929.732214612,82.39551272785468
Mayaguez,2010-2014,2,5,5,9.352179829394964e-5,2.5,4.67499687940953e-4,99171.53892946443,46.3626635021501,495741.7879885668,0.9994842096632864,7781121.743826153,78.46123825264486
Mayaguez,2010-2014,2,10,5,1.1285254464347595e-4,2.5,5.641035719085489e-4,99125.17626596228,55.91686599768582,495486.0891648172,0.998931528995039,7285379.955837586,73.49676671736975
Mayaguez,2010-2014,2,15,5,3.148722892522355e-4,2.5,0.00157312311407067,99069.25939996459,155.84814185595314,494956.67664518306,0.9980075376192937,6789893.866672769,68.5368388519032
Mayaguez,2010-2014,2,20,5,4.830751721377933e-4,2.5,0.002412462359015573,98913.41125810864,238.62488146200485,493970.49408688815,0.9969569206290054,6294937.190027586,63.6408866094136
Mayaguez,2010-2014,2,25,5,7.363974922777036e-4,2.5,0.0036752214018288378,98674.78637664663,362.6516867123428,492467.30266645236,0.995609167820277,5800966.695940698,58.78874339588753
Mayaguez,2010-2014,2,30,5,0.001024433495168021,2.5,0.00510908268725409,98312.13468993429,502.2848252913391,490304.9613864431,0.9940685772087081,5308499.393274245,53.99638010116117
Mayaguez,2010-2014,2,35,5,0.0013561796965097007,2.5,0.0067579858744678725,97809.84986464295,660.9975837690727,487396.75536379206,0.9925876332751151,4818194.431887802,49.2608304639625
Mayaguez,2010-2014,2,40,5,0.0016207808152273885,2.5,0.00807119996100529,97148.85228087388,784.107812741102,483783.99187251664,0.9899411448323763,4330797.6765240105,44.57898961073608
Mayaguez,2010-2014,2,45,5,0.0024271758622871707,2.5,0.012062683674811085,96364.74446813278,1162.4174299230945,478917.67876585614,0.984183662233365,3847013.6846514936,39.92138105989247
Mayaguez,2010-2014,2,50,5,0.0039620239534541735,2.5,0.01961582385729749,95202.32703820968,1867.472077986342,471342.9549960825,0.9761403834637513,3368096.0058856374,35.37829495001571
Mayaguez,2010-2014,2,55,5,0.005718258106727115,2.5,0.02818832030587535,93334.85496022334,2630.9527873212064,460096.89283281367,0.9666174337695964,2896753.050889555,31.03613384436145
Mayaguez,2010-2014,2,60,5,0.007898438532874755,2.5,0.03872747618884634,90703.90217290213,3512.733211636514,444737.67783541937,0.9526167151186536,2436656.158056741,26.86385149573746
Mayaguez,2010-2014,2,65,5,0.011604746425520002,2.5,0.05638781635196661,87191.16896126562,4916.519622901134,423664.54574907525,0.9331120598292609,1991918.4802213218,22.84541546984219
Mayaguez,2010-2014,2,70,5,0.016236452506623745,2.5,0.07801552415145747,82274.64933836448,6418.699892509874,395326.49696054775,0.8994512010091094,1568253.9344722466,19.06120472203548
Mayaguez,2010-2014,2,75,5,0.02666411147466972,2.5,0.12498877106167258,75855.94944585461,9481.141898953734,355576.8924818887,0.8432337425716213,1172927.4375116988,15.462563531011174
Mayaguez,2010-2014,2,80,5,0.04274306123799402,2.5,0.1930829186502721,66374.80754690088,12815.841566005729,299834.43381949,0.6331629854011358,817350.54502981,12.314168209862828
Mayaguez,2010-2014,2,85,NA,0.11488931030482592,9.662548589808877,1,53558.96598089515,53558.96598089515,517516.11121032,0,517516.11121032,9.662548589808877
Mayaguez,2015-2019,1,0,1,0.009290927986958747,0.13075041774842316,0.00921649433200544,100000,921.6494332005386,99198.85661520803,0.9904114405672687,7721050.185474804,77.21050185474803
Mayaguez,2015-2019,1,1,4,3.2595753820872513e-4,1.6252307025776676,0.0013028216725115007,99078.35056679946,129.08142239511653,396006.86366842635,0.9986969214520214,7621851.328859596,76.92751529730886
Mayaguez,2015-2019,1,5,5,1.503698061343138e-4,2.5,7.515664983999155e-4,98949.26914440434,74.3669557300891,494560.4283326965,0.9990862169230744,7225844.46519117,73.02574872630878
Mayaguez,2015-2019,1,10,5,2.1534019886539063e-4,2.5,0.001076121663694295,98874.90218867426,106.401424240903,494108.507382769,0.9977306186352138,6731284.036858473,68.07879338291286
Mayaguez,2015-2019,1,15,5,6.939872688243225e-4,2.5,0.0034639265418211955,98768.50076443335,342.12683129380457,492987.18674393225,0.9954297118630787,6237175.529475704,63.14944016768672
Mayaguez,2015-2019,1,20,5,0.0011393350755238268,2.5,0.005680495408456119,98426.37393313955,559.1105651981779,490734.09325270227,0.9932525368782238,5744188.342731772,58.36025562247945
Mayaguez,2015-2019,1,25,5,0.001570245345749281,2.5,0.007820526365927885,97867.26336794137,765.3735135301977,487422.88305588136,0.9900552347449564,5253454.249479069,53.679382345945484
Mayaguez,2015-2019,1,30,5,0.0024318448827639824,2.5,0.012085747754243578,97101.88985441117,1173.5489472407498,482575.57690395403,0.9855205320591341,4766031.366423188,49.08278689085344
Mayaguez,2015-2019,1,35,5,0.0034093072485888113,2.5,0.016902471942661097,95928.34090717042,1621.4260906894924,475588.1393091284,0.9824908157045269,4283455.789519234,44.65266207057955
Mayaguez,2015-2019,1,40,5,0.003658422462731028,2.5,0.01812632790075774,94306.91481648093,1709.4380612723617,467260.9789292237,0.9786218133796821,3807867.650210106,40.3773960543628
Mayaguez,2015-2019,1,45,5,0.004999737506870643,2.5,0.02469007776473349,92597.47675520857,2286.238901904202,457271.78652128234,0.970390053870832,3340606.671280882,36.07664904425135
Mayaguez,2015-2019,1,50,5,0.007053082332712809,2.5,0.03465436150142125,90311.23785330437,3129.678284209236,443731.9935559988,0.9605088832381344,2883334.8847596,31.92664560132704
Mayaguez,2015-2019,1,55,5,0.00910284592325394,2.5,0.044501503785488686,87181.55956909513,3879.710503188893,426208.52158750343,0.9485226477302573,2439602.891203601,27.983015023608413
Mayaguez,2015-2019,1,60,5,0.012111566352298727,2.5,0.05877809477419522,83301.84906590624,4896.3239792615495,404268.4353813773,0.9281967007845483,2013394.3696160973,24.169864080965986
Mayaguez,2015-2019,1,65,5,0.01789464810620715,2.5,0.08564191088496188,78405.52508664469,6714.798992359065,375240.62795232574,0.9017875969995198,1609125.9342347202,20.523119161009394
Mayaguez,2015-2019,1,70,5,0.02371990163222033,2.5,0.11196029046947475,71690.72609428562,8026.514517483782,338387.3441777187,0.8613980749054511,1233885.3062823943,17.211226242284436
Mayaguez,2015-2019,1,75,5,0.036824865680226845,2.5,0.16860242432803313,63664.21157680184,10733.940414781617,291486.2068470552,0.8019301443446035,895497.9621046757,14.06595542339175
Mayaguez,2015-2019,1,80,5,0.05287627218027407,2.5,0.23351310469728423,52930.271162020224,12359.911951512477,233751.5759313199,0.6130016114808542,604011.7552576205,11.411461570048129
Mayaguez,2015-2019,1,85,NA,0.11719717238070645,9.12637172880646,1,40570.35921050775,40570.35921050775,370260.1793263006,0,370260.1793263006,9.12637172880646
Mayaguez,2015-2019,2,0,1,0.005858165530160857,0.1369898881308263,0.00582869763944595,100000,582.8697639445891,99496.97749981302,0.9939476027954552,8490607.977311667,84.90607977311667
Mayaguez,2015-2019,2,1,4,1.9404066865281119e-4,1.5145167089406215,7.757885235674974e-4,99417.13023605541,77.12666868315137,397476.8238979146,0.9992284478118993,8391110.999811854,84.40306997283118
Mayaguez,2015-2019,2,5,5,8.832846694196683e-5,2.5,4.41544832264534e-4,99340.00356737226,43.863065212310175,496590.36017383053,0.9995351611567002,7993634.175913939,80.46742388621585
Mayaguez,2015-2019,2,10,5,9.765246303596758e-5,2.5,4.8814314422896776e-4,99296.14050215995,48.47073023453413,496359.52568521345,0.9989771503420896,7497043.8157401085,75.50186520670486
Mayaguez,2015-2019,2,15,5,3.1180633112731234e-4,2.5,0.0015578173123847086,99247.66977192542,154.60973818453203,495851.82451416575,0.9979294666275617,7000684.290054895,70.53751797037361
Mayaguez,2015-2019,2,20,5,5.174784742985948e-4,2.5,0.0025840493966447537,99093.06003374088,256.0613619918877,494825.14676372474,0.9969615408040469,6504832.465540729,65.64367336447026
Mayaguez,2015-2019,2,25,5,7.000322234293515e-4,2.5,0.0034940462547256063,98836.998671749,345.3410450373485,493321.6407461516,0.9960060194064684,6010007.318777004,60.807262457827655
Mayaguez,2015-2019,2,30,5,9.011592264453541e-4,2.5,0.004495667850819771,98491.65762671165,442.78577876635245,491351.32368664234,0.9948793017324764,5516685.678030853,56.0117050617563
Mayaguez,2015-2019,2,35,5,0.001153024370460375,2.5,0.0057485513029340634,98048.8718479453,563.6389700127183,488835.26181469474,0.9926871313557644,5025334.354344211,51.25336232463261
Mayaguez,2015-2019,2,40,5,0.00178517785841905,2.5,0.008886230537096172,97485.23287793258,866.2762533158239,485260.47375637334,0.9908193135503757,4536499.092529516,46.53524394007401
Mayaguez,2015-2019,2,45,5,0.0019045820924389527,2.5,0.009477782425485734,96618.95662461675,915.7334490655485,480805.4495004199,0.9881126640288447,4051238.6187731423,41.93005969328549
Mayaguez,2015-2019,2,50,5,0.0028846430167198114,2.5,0.0143199452583756,95703.2231755512,1370.4649169239856,475089.95358544606,0.9829761795659518,3570433.1692727227,37.30734504859229
Mayaguez,2015-2019,2,55,5,0.0039928588693090685,2.5,0.019766977468286144,94332.75825862722,1864.6735070195718,467002.10752558714,0.9733823660249709,3095343.2156872763,32.81302564270341
Mayaguez,2015-2019,2,60,5,0.006836157046769346,2.5,0.03360643801373569,92468.08475160765,3107.522958453759,454571.61636190384,0.9621570447589061,2628341.1081616892,28.42430569663111
Mayaguez,2015-2019,2,65,5,0.008627515741724079,2.5,0.042226797801727875,89360.56179315389,3773.4103742883162,437369.2830300486,0.9434846012314899,2173769.4917997853,24.325826160666804
Mayaguez,2015-2019,2,70,5,0.014815974471055744,2.5,0.07143396292752724,85587.15141886557,6113.82940152791,412651.18359050807,0.9128311262481251,1736400.2087697368,20.288094415851656
Mayaguez,2015-2019,2,75,5,0.02196635768995875,2.5,0.10411426072074972,79473.32201733766,8274.30616885719,376680.8446645453,0.8659005097574924,1323749.0251792287,16.656520598074955
Mayaguez,2015-2019,2,80,5,0.03657861157272552,2.5,0.16756941638050094,71199.01584848047,11930.777532595901,326168.1354109126,0.6556022658963615,947068.1805146835,13.301703250086367
Mayaguez,2015-2019,2,85,NA,0.09537221332737046,10.476100905758868,1,59268.23831588457,59268.23831588457,620900.0451037708,0,620900.0451037708,10.476100905758868
Mayaguez,2020-2024,1,0,1,0.012079268809859298,0.12518642305336627,0.01195296058025128,100000,1195.2960580251238,98954.33877996884,0.98772052361185,7645109.252761693,76.45109252761692
Mayaguez,2020-2024,1,1,4,3.3248740506457115e-4,1.616985729771703,0.0013288967058556122,98804.70394197488,131.30124559153046,394905.92302595614,0.9986054989768622,7546154.913981724,76.37444992915884
Mayaguez,2020-2024,1,5,5,1.5851709790386625e-4,2.5,7.922715180648425e-4,98673.40269638335,78.17612654688128,493171.57316554955,0.9991080416603956,7151248.990955768,72.47392707191885
Mayaguez,2020-2024,1,10,5,1.9844324104169978e-4,2.5,9.91724202795943e-4,98595.22656983646,97.7792724694591,492731.6846680087,0.9977312342578484,6658077.417790218,67.52940937839625
Mayaguez,2020-2024,1,15,5,7.106754118471226e-4,2.5,0.0035470750117485455,98497.447297367,349.37783402951027,491613.79190176126,0.9950941286996077,6165345.733122209,62.59396463858428
Mayaguez,2020-2024,1,20,5,0.0012578439287402152,2.5,0.006269504498277655,98148.0694633375,615.339762997668,489201.99790919333,0.9918224562396967,5673731.941220448,57.807881217060824
Mayaguez,2020-2024,1,25,5,0.002029772125763009,2.5,0.010097620954937912,97532.72970033983,984.8485352144489,485201.52716366306,0.9882979668131109,5184529.9433112545,53.15682191240045
Mayaguez,2020-2024,1,30,5,0.0026824310461157404,2.5,0.013322811423121386,96547.88116512538,1286.2892140649055,479523.6827904646,0.9864039616908052,4699328.416147592,48.673553054057734
Mayaguez,2020-2024,1,35,5,0.0027939712172669173,2.5,0.013872954497423946,95261.59195106047,1321.559730489229,473004.0604290793,0.9823641838367744,4219804.733357127,44.29702093919449
Mayaguez,2020-2024,1,40,5,0.004336838942339964,2.5,0.021451614221866214,93940.03222057124,2015.1653311853734,464662.2477748928,0.9755081215775798,3746800.672928048,39.88502648296477
Mayaguez,2020-2024,1,45,5,0.00559699330621498,2.5,0.027598790911102237,91924.86688938587,2537.0151808110822,453281.79649490165,0.9692133471962564,3282138.4251531553,35.7045763155968
Mayaguez,2020-2024,1,50,5,0.006931051697456855,2.5,0.03406499291978298,89387.85170857479,3044.9965355671884,439326.76720395597,0.9581174282745821,2828856.6286582537,31.646992008276303
Mayaguez,2020-2024,1,55,5,0.010251329015482117,2.5,0.04997584792757735,86342.8551730076,4315.057399759084,420926.6323656403,0.9411839023777945,2389529.8614542973,27.674899754777964
Mayaguez,2020-2024,1,60,5,0.014104693035932672,2.5,0.06812138704599892,82027.79777324852,5587.8473606423795,396169.3704646366,0.9249207130920438,1968603.2290886573,23.999220782819457
Mayaguez,2020-2024,1,65,5,0.01721987787905113,2.5,0.08254581716762327,76439.95041260614,6309.798171061178,366425.25663537777,0.899728952203908,1572433.8586240206,20.570838287261655
Mayaguez,2020-2024,1,70,5,0.025439373917355478,2.5,0.11959106503526047,70130.15224154496,8386.939597651319,329683.4122135965,0.8605683378115967,1206008.601988643,17.19672014734635
Mayaguez,2020-2024,1,75,5,0.03524797465259139,2.5,0.16196732302189717,61743.21264389364,10000.382866703207,283715.1060527102,0.8042149769631679,876325.1897750463,14.19306110340072
Mayaguez,2020-2024,1,80,5,0.05355040106908357,2.5,0.23613870009973562,51742.82977719043,12218.484563067643,228167.93747828307,0.6149779699239984,592610.0837223361,11.452989453305351
Mayaguez,2020-2024,1,85,NA,0.11413752663620427,9.220700413117308,1,39524.34521412279,39524.34521412279,364442.1462440531,0,364442.1462440531,9.220700413117308
Mayaguez,2020-2024,2,0,1,0.005807142604579771,0.13709475401908533,0.005778188024547775,100000,577.8188024547708,99501.39712413537,0.9940026834839757,8482179.422994604,84.82179422994605
Mayaguez,2020-2024,2,1,4,1.9108333717884633e-4,1.5145988880840608,7.639705247973499e-4,99422.18119754523,75.95561594598985,397499.9446178525,0.9992508571516,8382678.025870469,84.313962185306
Mayaguez,2020-2024,2,5,5,8.224341581131425e-5,2.5,4.111325466940929e-4,99346.22558159924,40.84446672780905,496629.01674117666,0.9995330875109041,7985178.081252617,80.37726682121298
Mayaguez,2020-2024,2,10,5,1.0457040505516866e-4,2.5,5.227153738799053e-4,99305.38111487143,51.9084494177514,496397.13445081277,0.9989867306176404,7488549.06451144,75.40929786925712
Mayaguez,2020-2024,2,15,5,3.0104238492008903e-4,2.5,0.0015040799450660122,99253.47266545368,149.28515771425737,495894.1504329827,0.9977684341367188,6992151.930060627,70.44742861167745
Mayaguez,2020-2024,2,20,5,5.92907071573461e-4,2.5,0.002960147626715352,99104.18750773942,293.36302544859063,494787.5299750756,0.9957725814654611,6496257.779627644,65.54978092242901
Mayaguez,2020-2024,2,25,5,0.0011027220097043627,2.5,0.005498451888729308,98810.82448229083,543.3065645015595,492695.85600020026,0.9949037407375328,6001470.249652569,60.73697169411
Mayaguez,2020-2024,2,30,5,9.405751098983051e-4,2.5,0.0046918429726923614,98267.51791778927,461.0557633864955,490184.9501804801,0.9945271072565448,5508774.393652368,56.05895529243973
Mayaguez,2020-2024,2,35,5,0.0012554529468061042,2.5,0.006257624351699654,97806.46215440278,612.0360993309878,487502.2205236864,0.9932787904481638,5018589.443471889,51.3114300724758
Mayaguez,2020-2024,2,40,5,0.0014427277494587188,2.5,0.007187713961325654,97194.42605507179,698.6057331190677,484225.61594256124,0.9918942713038685,4531087.222948202,46.6187970530411
Mayaguez,2020-2024,2,45,5,0.0018142697070206372,2.5,0.009030389629235896,96495.82032195272,871.3948550999776,480300.61447201367,0.9882438427804321,4046861.607005641,41.9382061679306
Mayaguez,2020-2024,2,50,5,0.0029225511516272717,2.5,0.01450676385957589,95624.42546685274,1387.200959455251,474654.1249356256,0.9797117280687307,3566560.9925336274,37.29759394758341
Mayaguez,2020-2024,2,55,5,0.005300291373582599,2.5,0.026154885581846744,94237.22450739749,2464.763824541791,465024.212975633,0.9697134505535228,3091906.867598002,32.80982524432573
Mayaguez,2020-2024,2,60,5,0.007027156734928875,2.5,0.03452917879631909,91772.4606828557,3168.827703496485,450940.2341555373,0.9648960140984928,2626882.654622369,28.62386640912098
Mayaguez,2020-2024,2,65,5,0.007269630637066795,2.5,0.035699350455841064,88603.63297935922,3163.0921453908522,435110.43453331897,0.9473811891866226,2175942.4204668314,24.5581625414133
Mayaguez,2020-2024,2,70,5,0.01454313622177071,2.5,0.07016464609362379,85440.54083396836,5994.905309663212,412215.44089568383,0.9113913648080761,1740831.9859335124,20.374777230359182
Mayaguez,2020-2024,2,75,5,0.022932319376758672,2.5,0.10844439323318769,79445.63552430515,8615.433739458254,375689.5932728801,0.8656466999469764,1328616.5450378286,16.72359389247203
Mayaguez,2020-2024,2,80,5,0.03559073308583965,2.5,0.16341363753863863,70830.2017848469,11574.6209212576,325214.4566210905,0.658720475878293,952926.9517649485,13.453681166397772
Mayaguez,2020-2024,2,85,NA,0.10527658035946137,10.5933059130565,1,59255.5808635893,59255.5808635893,627712.4951438581,0,627712.4951438581,10.5933059130565
Moca,1980-1984,1,0,1,0.015848288668359335,0.11766553237672238,0.015629730467641375,100000,1562.9730467641348,98620.93500887383,0.9836955990476441,7231272.554411072,72.31272554411072
Moca,1980-1984,1,1,4,5.536768936154783e-4,1.6059076221009965,0.0022117757470897907,98437.02695323587,217.72062883079343,393226.8645149483,0.9979832745497027,7132651.619402198,72.45903132355554
Moca,1980-1984,1,5,5,1.9610976189379198e-4,2.5,9.800683070631156e-4,98219.30632440507,96.26162927025871,490855.8775488497,0.9988700962172197,6739424.75488725,68.61608992256413
Moca,1980-1984,1,10,5,2.5614116609085e-4,2.5,0.0012798862515619033,98123.04469513481,125.58633586671203,490301.25763600727,0.9972308867901742,6248568.8773384,63.68095177593098
Moca,1980-1984,1,15,5,8.538685765943574e-4,2.5,0.004260248651841073,97997.4583592681,417.493539858915,488943.5579466932,0.9936533479434667,5758267.619702393,58.759356784458944
Moca,1980-1984,1,20,5,0.0016955533330672366,2.5,0.008441982088167965,97579.96481940919,823.7683151695237,485840.40330912214,0.9908340484571727,5269324.0617557,54.000061093561726
Moca,1980-1984,1,25,5,0.0019890589015713065,2.5,0.009896084769104802,96756.19650423966,957.5075225421024,481387.21371484303,0.989565819668272,4783483.658446577,49.43852519292627
Moca,1980-1984,1,30,5,0.00220764823086989,2.5,0.010977654157400235,95798.68898169756,1051.644876373437,476364.33271755424,0.9867675823409495,4302096.444731735,44.90767556906394
Moca,1980-1984,1,35,5,0.0031266925342549826,2.5,0.015512207909622839,94747.04410532412,1469.735846983982,470060.88090916065,0.9840361609970045,3825732.1120141805,40.37837959104416
Moca,1980-1984,1,40,5,0.0033117106831130013,2.5,0.016422586279499597,93277.30825834014,1531.8546427920664,462556.90468472056,0.978089455634411,3355671.23110502,35.97521512746892
Moca,1980-1984,1,45,5,0.005574650694486753,2.5,0.027490133739576605,91745.45361554807,2522.094789889554,452422.03110301646,0.9659002448226448,2893114.3264202992,31.53414379031425
Moca,1980-1984,1,50,5,0.00834998377905602,2.5,0.04089621212559619,89223.35882565852,3648.897409092315,436994.5506055618,0.9567152563662481,2440692.295317283,27.354857824691056
Moca,1980-1984,1,55,5,0.009369468726244718,2.5,0.04577512219168601,85574.4614165662,3917.181427831034,418079.35351325345,0.9360964084413367,2003697.744711721,23.41466965194161
Moca,1980-1984,1,60,5,0.017297329368223268,2.5,0.08290170174063155,81657.27998873517,6769.527470577363,391362.5812672325,0.8958867001869193,1585618.3911984675,19.41796728249101
Moca,1980-1984,1,65,5,0.027177533221476535,2.5,0.1272423341954453,74887.75251815781,9528.892433061228,350616.53150813596,0.8487714865343654,1194255.8099312352,15.94727802308752
Moca,1980-1984,1,70,5,0.0392495185020904,2.5,0.1787117200990335,65358.86008509658,11680.394309519674,297593.31465168373,0.7925972119328417,843639.2784230991,12.907802818541958
Moca,1980-1984,1,75,5,0.05514982397954319,2.5,0.24233701112898556,53678.46577557691,13008.27895804285,235871.63148277742,0.6973071741842904,546045.9637714154,10.17253298658659
Moca,1980-1984,1,80,5,0.09454557300928725,2.5,0.38235332866891014,40670.18681753406,15550.381307270574,164474.98081949385,0.4697337474512917,310174.332288638,7.626577514389807
Moca,1980-1984,1,85,NA,0.16065275106072538,5.8001783258080595,1,25119.805510263483,25119.805510263483,145699.3514691441,0,145699.3514691441,5.8001783258080595
Moca,1980-1984,2,0,1,0.011097061977582175,0.12622254142933467,0.010990494160908837,100000,1099.0494160908856,99039.67539436453,0.9887806207779839,7828532.627965105,78.28532627965104
Moca,1980-1984,2,1,4,2.5677303838056025e-4,1.5061184660002014,0.0010264348641131319,98900.95058390911,101.5153837732505,395350.63499462744,0.9989218229549786,7729492.95257074,78.15387927958203
Moca,1980-1984,2,5,5,1.1331686630836289e-4,2.5,5.664238680974768e-4,98799.43520013586,55.96235825189797,493857.27010504954,0.9993737318987392,7334142.317576112,74.23263405017954
Moca,1980-1984,2,10,5,1.3727634599254026e-4,2.5,6.861462508373727e-4,98743.47284188397,67.75246368513035,493547.983050207,0.998399903774047,6840285.047471063,69.27328815368162
Moca,1980-1984,2,15,5,5.035679014873138e-4,2.5,0.0025146737349974247,98675.72037819884,248.13724231701053,492758.25878520164,0.9966543827091889,6346737.064420856,64.3191358532315
Moca,1980-1984,2,20,5,8.374809054350358e-4,2.5,0.004178655666347794,98427.583135881825,411.2949779956689,491109.6782344199,0.99533267861431,5853978.805635654,59.474982714490565
Moca,1980-1984,2,25,5,0.001034274942398324,2.5,0.005158037639285969,98016.28815788616,505.5717035814887,488817.51153047703,0.9945247093507207,5362869.127401235,54.71406057289827
Moca,1980-1984,2,30,5,0.0011622047259821726,2.5,0.005794188546630549,97510.71645430467,564.9954764532595,486141.0935803902,0.9937547163989932,4874051.615870757,49.98477903866934
Moca,1980-1984,2,35,5,0.0013443042758694394,2.5,0.006699007617885186,96945.72097785141,649.4401233520039,483105.0045808771,0.9922369904117425,4387910.522290368,45.26151828086199
Moca,1980-1984,2,40,5,0.001774676389259351,2.5,0.008834187386862362,96296.2808544994,850.6993897265784,479354.65579818055,0.9885859637153696,3904805.51770949,40.54990995560385
Moca,1980-1984,2,45,5,0.0028231617957671052,2.5,0.01401687918431294,95445.58146477283,1337.849184068211,473883.28436369356,0.9809828412232942,3425450.8619113094,35.889045981406476
Moca,1980-1984,2,50,5,0.0048764377050163135,2.5,0.024088523069693547,94107.73228070461,2266.9162800803024,464871.37070332235,0.973922413381179,2951567.577547616,31.363709506288792
Moca,1980-1984,2,55,5,0.0057033259181582165,2.5,0.028115746427519985,91840.81600062431,2582.1730943700677,452748.64726719644,0.9642560293079864,2486696.2068442935,27.076155408150875
Moca,1980-1984,2,60,5,0.008912842748636936,2.5,0.04359287269495595,89258.64290625424,3891.0406571368803,436565.61288842896,0.9383118095341638,2033947.5595770972,22.78712171003197
Moca,1980-1984,2,65,5,0.016798715818703222,2.5,0.08060828971464601,85367.60224911736,6881.336414341524,409634.67020973307,0.8982126859606099,1597381.9466886683,18.711805235283904
Moca,1980-1984,2,70,5,0.026626444015845907,2.5,0.12482322363897791,78486.26583477584,9796.90871288249,367939.057391673,0.8567952878108223,1187747.2764789353,15.133186218583813
Moca,1980-1984,2,75,5,0.035779189376907224,2.5,0.1642078844015732,68689.35712189335,11279.334013890242,315248.4505747411,0.7729777848405953,819808.2190872622,11.935010799889476
Moca,1980-1984,2,80,5,0.07119182176523092,2.5,0.30217766301004223,57410.02310800311,17348.026616128904,243680.0489996933,0.5170442349811603,504559.76851252106,8.788705198103013
Moca,1980-1984,2,85,NA,0.1403669408880766,6.511900113758488,1,40061.996491874204,40061.996491874204,260879.71951282778,0,260879.71951282778,6.511900113758488
Moca,1985-1989,1,0,1,0.010224289697612429,0.12888794112289928,0.010134030930366057,100000,1013.4030930365989,99117.21234515247,0.9893906945622299,7338825.533152036,73.38825533152037
Moca,1985-1989,1,1,4,3.915497449913469e-4,1.622466164806807,0.0015647423257100863,98986.5969069634,154.88851785832958,395578.1349359625,0.9983701425890684,7239708.320806884,73.13826868511724
Moca,1985-1989,1,5,5,2.1824945053640875e-4,2.5,0.0010906521670915586,98831.70838910507,107.79101693195116,493889.06440319546,0.9988044365398587,6844130.185870921,69.25034786331184
Moca,1985-1989,1,10,5,2.602871232938715e-4,2.5,0.0013005892998507451,98723.91737217312,128.39927057360183,493298.5886844316,0.9974529169144619,6350241.121467726,64.3232287625738
Moca,1985-1989,1,15,5,7.604831246249195e-4,2.5,0.0037952001589359858,98595.51810159952,374.1897259695543,492042.1161930737,0.994512560320836,5856942.532783294,59.40374010457456
Moca,1985-1989,1,20,5,0.001442407873237845,2.5,0.007186126054192606,98221.32837562996,705.8308469175245,489342.064760856,0.9914608048644932,5364900.41659022,54.62052392605723
Moca,1985-1989,1,25,5,0.001990265445979588,2.5,0.009902057920589347,97515.49752871244,965.6041046843893,485163.47738185123,0.9896359231000404,4875558.351829365,49.997779587739956
Moca,1985-1989,1,30,5,0.002177937627054369,2.5,0.010830716572394395,96549.89342402805,1045.7045307705412,480135.2057932139,0.9876253315311839,4390394.874447513,45.472809122282165
Moca,1985-1989,1,35,5,0.0028066612631072367,2.5,0.013935525566067876,95504.18889325751,1330.901065988568,474193.6918013161,0.9844000406055333,3910259.6686542993,40.94333153307749
Moca,1985-1989,1,40,5,0.0034877309559714132,2.5,0.01728791578226201,94173.28782726894,1628.0598688965401,466796.28946410335,0.980497326253686,3436065.9768529832,36.48663072224215
Moca,1985-1989,1,45,5,0.004399133406140649,2.5,0.021756393833428776,92545.2279583724,2013.4504268667952,457692.513724695,0.9723609546783318,2969269.68738888,32.08452507918055
Moca,1985-1989,1,50,5,0.006845693145637128,2.5,0.033652528518651914,90531.7775315056,3046.623225223244,445042.3295944699,0.9561048795922644,2511577.173664185,27.742492659996003
Moca,1985-1989,1,55,5,0.011204163106065795,2.5,0.054494405024668,87485.15430628236,4767.451432412126,425507.1429503815,0.9336035693490589,2066534.8440697151,23.62154882684268
Moca,1985-1989,1,60,5,0.016446390800558198,2.5,0.07898443191663819,82717.70287387024,6533.410770941904,397254.9874419964,0.9031821868060581,1641027.7011193337,19.838893539169103
Moca,1985-1989,1,65,5,0.02466914737967811,2.5,0.11618054917289533,76184.29210292833,8851.132894866489,358793.6282774755,0.8520629536568491,1243772.7136773372,16.325841972738232
Moca,1985-1989,1,70,5,0.04049662176895753,2.5,0.18386802426011878,67333.15920806184,12380.414950778351,305714.75866336335,0.7917506591671645,884979.0853998618,13.14328773235257
Moca,1985-1989,1,75,5,0.05406135639874419,2.5,0.23812357355189234,54952.74425728349,13085.543839027574,242049.86168884853,0.70935407864425,579264.3267364984,10.541135562301278
Moca,1985-1989,1,80,5,0.08768119337867146,2.5,0.35958406667771314,41867.20041825592,15054.778186807314,171699.0566242613,0.49083128269720133,337214.46504764986,8.054382946049808
Moca,1985-1989,1,85,NA,0.15182612419663988,6.173086750411294,1,26812.422231448603,26812.422231448603,165515.40842338858,0,165515.40842338858,6.173086750411294
Moca,1985-1989,2,0,1,0.008915735947809296,0.13070575537854598,0.008847166883765483,100000,884.7166883765458,99230.92087467371,0.9909122361975644,7899279.622263064,78.99279622263063
Moca,1985-1989,2,1,4,2.391024589417656e-4,1.5096056594801135,9.558406714442615e-4,99115.28331162345,94.73841895097576,396225.1972241085,0.9990131520485247,7800048.70138839,78.69673011844846
Moca,1985-1989,2,5,5,1.0953956199914692e-4,2.5,5.475478646125766e-4,99020.54489267248,54.21848790875811,494967.1782435905,0.9993790086357984,7403823.504164281,74.77057929936886
Moca,1985-1989,2,10,5,1.3894326624995217e-4,2.5,6.944750996530733e-4,98966.32640476372,68.72964939223311,494659.807900338,0.9986097347116561,6908856.325920691,69.81017257995478
Moca,1985-1989,2,15,5,4.177436235468041e-4,2.5,0.002086539021804919,98897.59675537149,206.35369479282235,493972.09953987534,0.9971488990839398,6414196.518020353,64.85695030472998
Moca,1985-1989,2,20,5,7.247631156602901e-4,2.5,0.003617261434133549,98691.24306057866,356.99202740972396,492563.735234369,0.99599161992957,5920224.418480477,59.98733256249012
Moca,1985-1989,2,25,5,8.821248039957762e-4,2.5,0.004400918621288367,98334.25103316894,432.7610364823049,490589.35257463896,0.9950526721625461,5427660.683246109,55.19603420191114
Moca,1985-1989,2,30,5,0.0011022595704427557,2.5,0.005496152385794146,97901.48999668664,538.0815078180894,488162.246213888,0.9935260968242327,4937071.33067147,50.42897029287868
Moca,1985-1989,2,35,5,0.0014969930881717395,2.5,0.007457057531900313,97363.40848886855,726.0445386034116,485001.9310978342,0.9916484550530167,4448909.084457582,45.69385104226524
Moca,1985-1989,2,40,5,0.0018591516794356053,2.5,0.009252752720279749,96637.36395026513,894.1616321714828,480951.41567089694,0.9878030264119835,3963907.1533597475,41.01837003128304
Moca,1985-1989,2,45,5,0.003056922964428768,2.5,0.015168691022327645,95743.20231809365,1452.2990534513665,475085.26395683986,0.9825727503910288,3482955.7376888506,36.378099471931264
Moca,1985-1989,2,50,5,0.003983396524686964,2.5,0.019720595247005618,94290.90326464229,1859.4727387565654,466805.83447632,0.9768905197654334,3007870.4737320105,31.899900940496327
Moca,1985-1989,2,55,5,0.005384836338060466,2.5,0.02656654050853504,92431.43052588572,2455.5833433277876,456018.1942711091,0.9617289700337601,2541064.6392556904,27.49134817884331
Moca,1985-1989,2,60,5,0.010318474287082309,2.5,0.05029495347490941,89975.84718255793,4525.331047912303,438565.9082930089,0.9446871714623081,2085046.4449845813,23.1734016435999
Moca,1985-1989,2,65,5,0.012497954333092767,2.5,0.0605964427304803,85450.51613464563,5177.997307243029,414307.5874051206,0.9079567014244273,1646480.5366915725,19.26823395773513
Moca,1985-1989,2,70,5,0.026784718983827505,2.5,0.12551864109662503,80272.5188274026,10075.697480618837,376173.3504354659,0.8523649255942085,1232172.9492864518,15.349872749549569
Moca,1985-1989,2,75,5,0.037858562464889244,2.5,0.17292598893929373,70196.82134678376,12138.854751787505,320636.96985445,0.7762760538581083,855999.598850986,12.194278635811843
Moca,1985-1989,2,80,5,0.06651115377739693,2.5,0.2851428234409751,58057.96659499626,16554.812518139042,248902.80167963367,0.5350762488854182,535362.6289965359,9.221174291740976
Moca,1985-1989,2,85,NA,0.15941838192512867,6.902121867326622,1,41503.154076857216,41503.154076857216,286459.8273169022,0,286459.8273169022,6.902121867326622
Moca,1990-1994,1,0,1,0.014269562674404906,0.12081580116135873,0.014092760899288565,100000,1409.276089928855,98760.98672993344,0.9854842314373352,7352668.293585629,73.52668293585629
Moca,1990-1994,1,1,4,4.0552957557619354e-4,1.6105385114104436,0.0016205479956670668,98590.72391007114,159.7710000238294,393981.1289887342,0.9982437545320763,7253907.306855696,73.57596150193905
Moca,1990-1994,1,5,5,2.2609317885194784e-4,2.5,0.001129827278657276,98430.95291004732,111.20997566200094,491876.73961108155,0.9988425669860959,6859926.177866962,69.69277422454716
Moca,1990-1994,1,10,5,2.3715451717733403e-4,2.5,0.0011850699741428221,98319.74293438531,116.51577521697618,491307.42523388413,0.9973040128799171,6368049.43825588,64.76877632303884
Moca,1990-1994,1,15,5,8.435144349079374e-4,2.5,0.004208696933001838,98203.22715916834,413.30762095568934,489982.8667434525,0.9941904341286313,5876742.013021996,59.842656733642166
Moca,1990-1994,1,20,5,0.0014889621372559192,2.5,0.007417200858173989,97789.91953821265,725.3274751195859,487136.2790032643,0.9913920909295564,5386759.146278543,55.085014608009764
Moca,1990-1994,1,25,5,0.001971169135603223,2.5,0.009807515000849516,97064.59206309306,951.9624427101226,482943.05420868995,0.9892563732922558,4899622.867275279,50.47796279914791
Moca,1990-1994,1,30,5,0.002351545676428247,2.5,0.011689010278187742,96112.62962038294,1123.4615154963103,477754.4943131739,0.98708038928289,4416679.81306659,45.95316797086081
Moca,1990-1994,1,35,5,0.002853160331208469,2.5,0.014164765786435553,94989.16810488663,1345.49931845408,471582.09222829796,0.9829437729803127,3938925.3187534153,41.46709985294398
Moca,1990-1994,1,40,5,0.00403820705291348,2.5,0.01998923360425976,93643.66878643255,1871.8651709319092,463538.68100483296,0.978574488617354,3467343.2265251176,37.02699041440674
Moca,1990-1994,1,45,5,0.004631223839227905,2.5,0.022891084851464797,91771.80361550064,2100.7561435344105,453607.1277186672,0.9676901397088002,3003804.5455202847,32.731235817326024
Moca,1990-1994,1,50,5,0.00856960295136151,2.5,0.041949292798376316,89671.04747196623,3761.637025938602,438951.14479498466,0.9547733858788411,2550197.417801617,28.43947394055905
Moca,1990-1994,1,55,5,0.009972044505972758,2.5,0.04864743652455297,85909.41044602763,4179.2725915349,419098.87075130094,0.9352708042916197,2111246.2730066325,24.575262035269322
Moca,1990-1994,1,60,5,0.017021416368745677,2.5,0.08163329604009936,81730.13785449273,6671.9005388739315,391970.9379252788,0.904905201334659,1692147.4022553316,20.70408109757414
Moca,1990-1994,1,65,5,0.023225088182047302,2.5,0.10975288956432182,75058.2373156188,8237.858430993772,354696.54050060955,0.8709253900806411,1300176.464330053,17.322235517773084
Moca,1990-1994,1,70,5,0.03261445367101556,2.5,0.15077838197157153,66820.37888462502,10075.068610951123,308914.2228957473,0.8134068011969369,945479.9238294433,14.149574420431678
Moca,1990-1994,1,75,5,0.05166274217079655,2.5,0.22876689771883046,56745.3102736739,12981.448591400862,251272.92988986734,0.7288730064254754,636565.700933696,11.217943788898811
Moca,1990-1994,1,80,5,0.07791213936912296,2.5,0.32605214620399625,43763.86168227304,14269.301027679958,183146.0558421653,0.5246574303847198,385292.7710438287,8.803902494735631
Moca,1990-1994,1,85,NA,0.1435710265384924,6.853694739480168,1,29494.560654593082,29494.560654593082,202146.71520166335,0,202146.71520166335,6.853694739480168
Moca,1990-1994,2,0,1,0.006429319700255584,0.13581601209965571,0.006393795038850617,100000,639.3795038850658,99447.45847055086,0.9932751215178045,7934866.462244014,79.34866462244014
Moca,1990-1994,2,1,4,2.555550844270784e-4,1.51359729547179,0.001021571218225921,99360.62049611493,101.50395012389345,397190.1022883514,0.9990444721231376,7835419.003773464,78.85839444893396
Moca,1990-1994,2,5,5,1.0687858825147405e-4,2.5,5.34250191491771e-4,99259.11654599104,53.029202021993115,496163.0097249002,0.9993780161029556,7438228.9014851125,74.93748846775863
Moca,1990-1994,2,10,5,1.420032943287005e-4,2.5,7.097644994007213e-4,99206.08734396905,70.41295892120979,495854.40432254225,0.9986244793610419,6942065.891760212,69.97620889624002
Moca,1990-1994,2,15,5,4.087672290145231e-4,2.5,0.002041749644211601,99135.67438504784,202.41022790434363,495172.34635547834,0.9972259252537967,6446211.48743767,65.0241351302082
Moca,1990-1994,2,20,5,7.028123233843998e-4,2.5,0.0035078981318314288,98933.2641571435,347.0478125128284,493798.7012544354,0.9960460061084772,5951039.141082191,60.15205494109329
Moca,1990-1994,2,25,5,8.82273738196242e-4,2.5,0.004401660018384488,98586.21634463067,433.943006847956,491846.22420603345,0.9947807212754219,5457240.439827756,55.35500440295552
Moca,1990-1994,2,30,5,0.0012117622767050362,2.5,0.0060405122214204484,98152.27333778271,592.8900066570786,489279.14167227084,0.9936826200830342,4965394.215621723,50.58868273517966
Moca,1990-1994,2,35,5,0.0013235510649983523,2.5,0.006595930198893261,97559.38333112563,643.4948826991749,486188.1794488802,0.9924008706461225,4476115.073949452,45.88092832400447
Moca,1990-1994,2,40,5,0.0017292414056784833,2.5,0.008608989475736184,96915.88844842646,834.3478636841319,482493.57258292194,0.9890128872770876,3989926.8945005713,41.168965774108344
Moca,1990-1994,2,45,5,0.002695216329106994,2.5,0.013385886992530347,96081.54058474232,1286.1366443355655,477192.3613128727,0.9839668051359046,3507433.3219176494,36.50475731937449
Moca,1990-1994,2,50,5,0.0037786453741370423,2.5,0.018716420085246405,94795.40394040676,1774.2306022992852,469541.4431962856,0.9782642291010845,3030240.9606047766,31.966116864798014
Moca,1990-1994,2,55,5,0.005024882684247888,2.5,0.024812711016400545,93021.17333810747,2308.107492444964,459335.59795942495,0.9648957773173144,2560699.517408491,27.52813607393472
Moca,1990-1994,2,60,5,0.009344850087224675,2.5,0.04565759205341629,90713.06584566251,4141.7401542959415,443210.9788425727,0.9353070354896466,2101363.9194490663,23.164953139432935
Moca,1990-1994,2,65,5,0.01767583808269101,2.5,0.08463902611092178,86571.32569136657,7327.312695648681,414538.34671771113,0.89365276861068,1658152.9406064935,19.153604584015916
Moca,1990-1994,2,70,5,0.027821828954539506,2.5,0.13006268998721834,79244.01299571789,10306.68949560517,370453.3412395765,0.8567987805886448,1243614.5938887824,15.693483291362133
Moca,1990-1994,2,75,5,0.03438223708694307,2.5,0.15830406564281932,68937.32350011272,10913.058584602113,317403.9710390583,0.787567989221172,873161.252649206,12.666016147954718
Moca,1990-1994,2,80,5,0.06423644423971236,2.5,0.2767402044228278,58024.264915510605,16057.646934202712,249977.20724204625,0.5502043508673268,555757.2816101477,9.578015032493534
Moca,1990-1994,2,85,NA,0.12781455475762582,7.286269160509839,1,41966.61798130789,41966.61798130789,305780.07436810137,0,305780.07436810137,7.286269160509839
Moca,1995-1999,1,0,1,0.012773964706196624,0.12380019212701995,0.012632574047382779,100000,1263.2574047382805,98893.1341046742,0.9868743640919925,7336715.863956431,73.36715863956431
Moca,1995-1999,1,1,4,4.2817991910078587e-4,1.6149380543952356,0.0017109723704549164,98736.74259526172,168.93583852921438,394544.04794132203,0.9982830667133163,7237822.729851757,73.30424864754545
Moca,1995-1999,1,5,5,2.022375353459161e-4,2.5,0.0010106766848251541,98567.8067567325,99.62018416337378,492589.9833232541,0.9988325261176068,6843278.681910435,69.42711730210043
Moca,1995-1999,1,10,5,2.6506146995475456e-4,2.5,0.0013244297115582795,98468.18657256913,130.41419193998445,492014.8973829957,0.997216409759701,6350688.698587181,64.4948274121698
Moca,1995-1999,1,15,5,8.507427453678047e-4,2.5,0.004244685887526079,98337.77238062915,417.4129546348122,490645.3295165587,0.9941596437216641,5858673.801204185,59.5770440937733
Moca,1995-1999,1,20,5,0.0014941259940967821,2.5,0.007442828661053689,97920.35942599433,728.8044576364773,487779.7859858805,0.9917041647151538,5368028.471687626,54.82035097864038
Moca,1995-1999,1,25,5,0.0018394680437443728,2.5,0.009155238298016698,97191.55496835786,889.8118462900893,483733.24522606406,0.9906165264446094,4880248.685701746,50.21268244232313
Moca,1995-1999,1,30,5,0.001932050725300398,2.5,0.009613817668006048,96301.74312206777,925.8273994867341,479194.14711162203,0.9889192001414341,4396515.440475682,45.65353957199774
Moca,1995-1999,1,35,5,0.00252828463414229,2.5,0.012562022251133216,95375.91572258103,1198.1143755292578,473884.292674082,0.9841260249138971,3917321.2933640596,41.072437037022354
Moca,1995-1999,1,40,5,0.003882943143011827,2.5,0.019228062035969204,94177.80134705178,1810.856606712303,466361.86521847814,0.9777260840952875,3443437.000689978,36.56314918629999
Moca,1995-1999,1,45,5,0.005141136460038768,2.5,0.02537948382610545,92366.94474033947,2344.2253801042098,455974.1602514369,0.9670626556378338,2977075.1354714995,32.23095820523898
Moca,1995-1999,1,50,5,0.008307425830158812,2.5,0.04069201442157656,90022.71936023526,3663.2057944762346,440955.58231498575,0.9540076208740841,2521100.975220063,28.00516350913168
Moca,1995-1999,1,55,5,0.010575938388168496,2.5,0.05151757518809954,86359.51356575903,4449.032733331696,420674.9859954659,0.9401399918915991,2080145.392905077,24.087043882213816
Moca,1995-1999,1,60,5,0.014219227955928927,2.5,0.06865556688953024,81910.48083242733,5623.610495744302,395493.37792277586,0.9084375923457673,1659470.406909611,20.259561292340106
Moca,1995-1999,1,65,5,0.024664033384955066,2.5,0.11615786337430317,76286.87033668303,8861.319861821612,359281.05202886113,0.8623657416851519,1263977.0289868352,16.56873618498731
Moca,1995-1999,1,70,5,0.035239885436079185,2.5,0.1619331619884577,67425.55047486142,10918.432587206662,309831.67090629047,0.8060927191861631,904695.976957974,13.417702496849113
Moca,1995-1999,1,75,5,0.052503919068001476,2.5,0.2320595108928163,56507.11788765476,13113.01413897187,249753.05409084412,0.7127083377827294,594864.3060516836,10.527245562839882
Moca,1995-1999,1,80,5,0.0875712300673735,2.5,0.3592140990569634,43394.103748682886,15587.773882467525,178001.0840372456,0.4842211517999309,345111.25196083944,7.95295263982297
Moca,1995-1999,1,85,NA,0.1619190957655853,6.0097887325515895,1,27806.32986621536,27806.32986621536,167110.16792359384,0,167110.16792359384,6.0097887325515895
Moca,1995-1999,2,0,1,0.008010230487091702,0.13256681358679503,0.00795495674488932,100000,795.495674488935,99309.96065230014,0.9917874619578769,7971958.358435925,79.71958358435926
Moca,1995-1999,2,1,4,2.3731443393251148e-4,1.511057285376065,9.486973762106187e-4,99204.50432551106,94.11505296188989,396583.7703266383,0.9990506281704136,7872648.397783625,79.35777161843168
Moca,1995-1999,2,5,5,1.0415579187476573e-4,2.5,5.206433893125831e-4,99110.38927254918,51.60116898693377,495422.9434402785,0.9994232756453634,7476064.627456987,75.43169472272116
Moca,1995-1999,2,10,5,1.2660696730140355e-4,2.5,6.328345333543388e-4,99058.78810356224,62.687821944186,495137.2209629507,0.9987290762965176,6980641.684016708,70.469685907309
Moca,1995-1999,2,15,5,3.822483225452193e-4,2.5,0.0019094169341757762,98996.10028161806,189.02483029507857,494507.93933235254,0.9972287777540201,6485504.463053757,65.51272670947836
Moca,1995-1999,2,20,5,7.282587426752861e-4,2.5,0.0036346762514840873,98807.07545132298,359.13173062152055,493137.54793006106,0.9961304961138675,5990996.523721405,60.63327445282856
Moca,1995-1999,2,25,5,8.227263546040603e-4,2.5,0.004105188156802278,98447.94372070146,404.14733262376103,491229.35027194786,0.9954176008149217,5497858.975791344,55.84534087770149
Moca,1995-1999,2,30,5,0.0010148839226875714,2.5,0.005061577329799225,98043.7963880777,496.25625712533656,488978.34129757516,0.9937855196640454,5006629.625519396,51.065236251176124
Moca,1995-1999,2,35,5,0.0014801063032106676,2.5,0.00737324853696658,97547.54013095236,719.2422575552337,485939.5950108737,0.9927447044858233,4517651.2842218215,46.31230349998694
Moca,1995-1999,2,40,5,0.0014324044198216724,2.5,0.007136466334310424,96828.29787339712,691.0118879820657,482413.95964703045,0.9890915602103632,4031711.689210947,41.63774204192255
Moca,1995-1999,2,45,5,0.002963296436792679,2.5,0.01470752529074315,96137.28598541506,1413.941565013898,477151.5760145405,0.9848784210823617,3549297.729563917,36.919054799429006
Moca,1995-1999,2,50,5,0.0031327066003455782,2.5,0.01554181315013597,94723.34442040116,1472.1725199378561,469936.29080216115,0.9811300253750803,3072146.1535493764,32.43283028431278
Moca,1995-1999,2,55,5,0.004500201946153261,2.5,0.022250678365556536,93251.1719004633,2074.9018331684347,461068.60491939547,0.9666117653798411,2602209.862747215,27.90538509826799
Moca,1995-1999,2,60,5,0.009160960190082704,2.5,0.04477924866451982,91176.27006729487,4082.804869646803,445674.33816235734,0.9445423448206909,2141141.25782782,23.483536409720404
Moca,1995-1999,2,65,5,0.013786678758285886,2.5,0.0666366486212544,87093.46519764807,5803.6166375831235,420958.2843942825,0.9123420798166321,1695466.9196654623,19.46721164231789
Moca,1995-1999,2,70,5,0.02332073658088593,2.5,0.110179986783756,81289.84856006494,8956.514440001483,384057.956700321,0.8645587287360137,1274508.63527118,15.67857066838361
Moca,1995-1999,2,75,5,0.03568961933889649,2.5,0.16383047818789415,72333.33412006346,11850.404717814708,332040.6588057805,0.7823812673430113,890450.6785708589,12.310377910865167
Moca,1995-1999,2,80,5,0.06564302580800768,2.5,0.28194570591538676,60482.92940224875,17052.90222614752,259782.39144587496,0.5347820020221615,558410.0197650784,9.232522718126097
Moca,1995-1999,2,85,NA,0.12270751736914907,6.876063584034156,1,43430.027176101234,43430.027176101234,298627.62831920345,0,298627.62831920345,6.876063584034156
Moca,2000-2004,1,0,1,0.011611013194212897,0.1261208037216079,0.011494384014402276,100000,1149.4384014402312,98995.52969357789,0.9881595620302025,7584239.604731438,75.84239604731438
Moca,2000-2004,1,1,4,3.3795269169783056e-4,1.618367420964606,0.0013507235975427814,98850.56159855977,133.51978618152498,395084.25132152333,0.9985682941053549,7485244.07503786,75.72282801423071
Moca,2000-2004,1,5,5,1.7253091574183154e-4,2.5,8.622826526699241e-4,98717.04181237824,85.12199267771211,493372.4040801969,0.998975178411218,7090159.823716337,71.82305804089941
Moca,2000-2004,1,10,5,2.376412596642979e-4,2.5,0.0011875008003563669,98631.91981970053,117.1254837265733,492866.78538918623,0.9979084034547798,6596787.41963614,66.88288569963039
Moca,2000-2004,1,15,5,6.002528452010209e-4,2.5,0.002996767180938197,98514.79433597396,295.2259025029198,491835.90692361246,0.9958180880775572,6103920.634246954,61.959431325920434
Moca,2000-2004,1,20,5,0.0010770159094484909,2.5,0.005370618942131801,98219.56843347104,527.4998747168138,489779.09248056315,0.9943394960555689,5612084.727323341,57.138152985519206
Moca,2000-2004,1,25,5,0.0011939439930057924,2.5,0.005951954215074628,97692.06855875422,581.4587192376348,487006.69599567703,0.9927899673396751,5122305.634842779,52.433178152657376
Moca,2000-2004,1,30,5,0.0017023430198966937,2.5,0.008475643966121327,97110.60983951659,823.0749543326674,483495.36181175127,0.989446889347739,4635298.938847101,47.73215765514521
Moca,2000-2004,1,35,5,0.002545767001873418,2.5,0.012648335720104941,96287.53488518392,1217.877066889123,478392.98175869684,0.9864700542094886,4151803.57703535,43.1188064164908
Moca,2000-2004,1,40,5,0.002905522881409642,2.5,0.014422849608169048,95069.6578182948,1371.1753770133655,471920.3506489406,0.9830202517887914,3673410.595276653,38.639148173832574
Moca,2000-2004,1,45,5,0.003953505938460378,2.5,0.019574064244228487,93698.48244128143,1834.0601148923452,463907.2619191763,0.9769741990974979,3201490.2446277123,34.16800529970172
Moca,2000-2004,1,50,5,0.005380709569809066,2.5,0.02654645099180515,91864.42232638909,2438.6743851779756,453225.4256690005,0.9631654854836473,2737582.982708536,29.80025251758574
Moca,2000-2004,1,55,5,0.009710788413514818,2.5,0.047403137472249654,89425.74794121111,4239.061023215982,436531.08714801556,0.9398204335702225,2284357.5570395356,25.54474085630553
Moca,2000-2004,1,60,5,0.015280619196415058,2.5,0.07359177621139017,85186.68691799513,6269.03959985885,410260.83559032856,0.9130147875339266,1847826.46989152,21.691493550750813
Moca,2000-2004,1,65,5,0.02137256269717228,2.5,0.10144259303628221,78917.64731813628,8005.610780274554,374574.209639995,0.8909543011203415,1437565.6343011914,18.216022437998106
Moca,2000-2004,1,70,5,0.024968415132760508,2.5,0.11750715697287928,70912.03653786173,8332.671808721068,333728.503167506,0.8363718743273946,1062991.4246611965,14.990281996676806
Moca,2000-2004,1,75,5,0.048402913080784336,2.5,0.21589027041875647,62579.36472914066,13510.275974008167,279121.13371068286,0.7448638885056027,729262.9214936905,11.653408829733653
Moca,2000-2004,1,80,5,0.07202863817792807,2.5,0.3051875769909424,49069.08875513249,14975.276302332386,207907.2530198315,0.5381294101936303,450141.78778300766,9.173632508835292
Moca,2000-2004,1,85,NA,0.1618400130308263,7.1049412587263046,1,34093.812452800106,34093.812452800106,242234.53476317614,0,242234.53476317614,7.1049412587263046
Moca,2000-2004,2,0,1,0.006901280738410262,0.13484600473676753,0.006860320027294279,100000,686.0320027294365,99406.47667196019,0.9929505951143704,8152953.880141386,81.52953880141386
Moca,2000-2004,2,1,4,1.894045731617773e-4,1.5128382593155922,7.572615620159609e-4,99313.96799727056,75.2066505356197,397068.820885225,0.9991847922999229,8053547.403469426,81.09178966337102
Moca,2000-2004,2,5,5,9.937268617544814e-5,2.5,4.967400249007277e-4,99238.76134673494,49.295864782485296,496070.5670717185,0.9994354734583775,7656478.5825842,77.15209741315566
Moca,2000-2004,2,10,5,1.2650934835851832e-4,2.5,6.323467473552303e-4,99189.46548195246,62.72213586940779,495790.5220700888,0.9988398623328291,7160408.015512481,72.18919852749201
Moca,2000-2004,2,15,5,3.3793777284928377e-4,2.5,0.0016882625450352837,99126.74334608305,167.3519680025347,495215.3368104089,0.9976668101283844,6664617.493442393,67.23329414922964
Moca,2000-2004,2,20,5,5.967304612652249e-4,2.5,0.002979207846145536,98959.39137808052,294.82059524336364,494059.9054022942,0.9963262801410797,6169402.156631984,62.34276576198209
Moca,2000-2004,2,25,5,8.759755711545646e-4,2.5,0.004370307150018179,98664.57078283715,431.1944791457063,492244.8677163215,0.9953042136353404,5675342.251229689,57.5215825315983
Moca,2000-2004,2,30,5,0.0010070679506602818,2.5,0.0050226942672451395,98233.37630369145,493.396216012683,489933.3909784255,0.9945041899222098,5183097.383513369,52.76309924938003
Moca,2000-2004,2,35,5,0.0011978391770767487,2.5,0.0059713142001647625,97739.98008767876,583.6361310213688,487240.81011084036,0.9935557114744995,4693163.992534943,48.01682984102193
Moca,2000-2004,2,40,5,0.001388826230061752,2.5,0.006920104095103666,97156.3439566574,672.3320136797702,484100.8897490875,0.9913631366513664,4205923.182424103,43.290257857998604
Moca,2000-2004,2,45,5,0.002083917621115028,2.5,0.010365585539676873,96484.01194297762,1000.1132790061529,479919.7765173727,0.9864654263391919,3721822.292675015,38.574497657442194
Moca,2000-2004,2,50,5,0.003375599138396164,2.5,0.016736754258841583,95483.89866397147,1598.090547615022,473424.26695081976,0.9804253052949312,3241902.5161576425,33.95234758445086
Moca,2000-2004,2,55,5,0.004543210706185789,2.5,0.022460941555563326,93885.80811635645,2108.7636489983124,464157.1314592865,0.9651002306383255,2768478.2492068224,29.487718162640046
Moca,2000-2004,2,60,5,0.009757221829960305,2.5,0.047624404452885155,91777.04446735814,4370.827085203884,447958.154623781,0.9441091875167238,2304321.117747536,25.10781569749832
Moca,2000-2004,2,65,5,0.013344964046467345,2.5,0.06457058973611751,87406.21738215425,5643.871002968997,422921.4094033488,0.9237058507957955,1856362.963123755,21.238340002833358
Moca,2000-2004,2,70,5,0.018591086784196187,2.5,0.0888269596327109,81762.34637918526,7262.7006412996125,390654.98029267724,0.8791723300464751,1433441.5537204063,17.531805497271375
Moca,2000-2004,2,75,5,0.0338272488576178,2.5,0.155948013623828,74499.64573788564,11618.071768502145,343453.0492681729,0.811637668112476,1042786.5734277291,13.997201773235226
Moca,2000-2004,2,80,5,0.05115297814349144,2.5,0.22676555679178953,62881.5739693835,14259.375133111353,278759.43201413914,0.6013927226652745,699333.5241595561,11.121437966868571
Moca,2000-2004,2,85,NA,0.12527723625438636,8.649836951258338,1,48622.198836272146,48622.198836272146,420574.092145417,0,420574.092145417,8.649836951258338
Moca,2005-2009,1,0,1,0.009914135009884343,0.1295068392945263,0.009829306261515321,100000,982.9306261515303,99144.36561248715,0.9897329901097762,7713515.978433551,77.13515978433551
Moca,2005-2009,1,1,4,3.680548915573147e-4,1.6233843002340544,0.001470932904394964,99017.06937384847,145.64746543875663,395722.129442401,0.9985443033692093,7614371.612821064,76.89958570751344
Moca,2005-2009,1,5,5,1.7079156820144995e-4,2.5,8.535933746296014e-4,98871.42190840971,84.39599068122334,494146.1195653455,0.99910203970666,7218649.483378663,73.0104750598784
Moca,2005-2009,1,10,5,1.8856187020682314e-4,2.5,9.423651157125247e-4,98787.02591772849,93.09344710985897,493702.39597086783,0.9979771669608792,6724503.363813317,68.07071375358134
Moca,2005-2009,1,15,5,6.21829202096112e-4,2.5,0.003104320118225143,98693.93247061863,306.3775601153029,492703.7184528049,0.9959810481467882,6230800.967842449,63.132563591965194
Moca,2005-2009,1,20,5,9.897292132443288e-4,2.5,0.0049364317394673006,98387.55491050333,485.6834488287859,490723.5659304447,0.9939550057693789,5738097.249389645,58.321372602553375
Moca,2005-2009,1,25,5,0.0014369548628597167,2.5,0.00715905621270276,97901.87146167454,700.885001122937,487757.14480556536,0.9922062729261995,5247373.6834592,53.59829802143649
Moca,2005-2009,1,30,5,0.0016937364865717648,2.5,0.008432974342025295,97200.9864605516,819.6934248413745,483955.69874065457,0.9903240355841026,4759616.5386536345,48.96675138770628
Moca,2005-2009,1,35,5,0.0021979162391059484,2.5,0.010929525740254164,96381.29303571023,1053.4018231127702,479272.96062076924,0.9876154361809294,4275660.83991298,44.361936899194795
Moca,2005-2009,1,40,5,0.0027904680177734784,2.5,0.013855680505579126,95327.89121259746,1320.832803912359,473337.3740532064,0.9835603095094879,3796387.8792922106,39.82452387230111
Moca,2005-2009,1,45,5,0.0038486792745013754,2.5,0.01906000674022448,94007.0584086851,1791.7751668982237,465555.85412617994,0.9782779302967949,3323050.5052390043,35.34894678644678
Moca,2005-2009,1,50,5,0.004947621178893622,2.5,0.024435857479493193,92215.28324178688,2253.3595187273895,455443.0174121159,0.968330250886572,2857494.651112824,30.987213297610577
Moca,2005-2009,1,55,5,0.007972774225951548,2.5,0.03908483472250484,89961.92372305949,3516.146920034371,441019.2513152115,0.95019896107452,2402051.6337007084,26.70075887989268
Moca,2005-2009,1,60,5,0.012573831201340915,2.5,0.06095312038928003,86445.77680302512,5269.1398406196095,419056.0344135766,0.9309817802978427,1961032.382385497,22.685114934577946
Moca,2005-2009,1,65,5,0.016147960140221445,2.5,0.07760682106806616,81176.63696240551,6299.860739648779,390133.5329629056,0.89650693774933,1541976.3479719204,18.99532187673702
Moca,2005-2009,1,70,5,0.02816404837137634,2.5,0.13155727800362962,74876.77622275673,9850.584865552766,349757.41894990177,0.8459924484756159,1151842.8150090147,15.383178511616315
Moca,2005-2009,1,75,5,0.03952632473094832,2.5,0.1798587365848631,65026.19135720396,11695.528622432248,295892.1352299392,0.7724901687937482,802085.396059113,12.334805088815239
Moca,2005-2009,1,80,5,0.06663852801121767,2.5,0.28561091299180386,53330.662734771715,15231.81927413612,228573.7654885183,0.5484456566764613,506193.2608291737,9.491598920242454
Moca,2005-2009,1,85,NA,0.15120809938506838,7.286822121713402,1,38098.843460635595,38098.843460635595,277619.49534065544,0,277619.49534065544,7.286822121713402
Moca,2005-2009,2,0,1,0.00678253359959051,0.13509006216876962,0.006742977401306557,100000,674.2977401306562,99416.79318350386,0.9930372472257513,8203084.120150156,82.03084120150156
Moca,2005-2009,2,1,4,2.0350601922206578e-4,1.5130291757680743,8.136122966948106e-4,99325.70225986934,80.81261273648124,397101.8304293718,0.9991868709684989,8103667.326966653,81.5868112944698
Moca,2005-2009,2,5,5,8.833303136713964e-5,2.5,4.4156764431425833e-4,99244.88964713286,43.82333213170932,496114.88990533503,0.9994980973255945,7706565.496537281,77.65201335744464
Moca,2005-2009,2,10,5,1.1248449466371892e-4,2.5,5.622643582630781e-4,99201.06631500115,55.77722389063274,495865.88851527916,0.998890351678601,7210450.606631946,72.68521271471035
Moca,2005-2009,2,15,5,3.317429519055832e-4,2.5,0.0016573402321755817,99145.28909111052,164.31747644137067,495315.65176444914,0.9976883486524355,6714584.718116667,67.72469755921772
Moca,2005-2009,2,20,5,5.942913815933429e-4,2.5,0.002967048679319496,98980.97161466915,293.68136110706837,494170.6546705781,0.9966003852802674,6219269.066352217,62.83297652970817
Moca,2005-2009,2,25,5,7.681659746543525e-4,2.5,0.0038334680240193196,98687.29025356208,378.31457156412944,492490.6648389001,0.9959338730201703,5725098.411681639,58.01252012262029
Moca,2005-2009,2,30,5,8.617889606211967e-4,2.5,0.0042996812584990725,98308.97568199795,422.6972602821479,490488.1352592844,0.9952674833680186,5232607.746842739,53.226144515723185
Moca,2005-2009,2,35,5,0.0010361211527595054,2.5,0.005167221096100889,97886.2784217158,505.8000428794767,488166.89200138033,0.9935925873974871,4742119.6115834545,48.44519260558003
Moca,2005-2009,2,40,5,0.0015366900957311715,2.5,0.007654045737961361,97380.47837883633,745.3546354961873,485039.00530544115,0.99186058131027,4253952.719582074,43.683834690491565
Moca,2005-2009,2,45,5,0.001733184494427517,2.5,0.008628535362886151,96635.12374334014,833.8195825162838,481091.06976041,0.988653212466704,3768913.7142766337,39.00148898537917
Moca,2005-2009,2,50,5,0.002837729634126299,2.5,0.014088698378394897,95801.30416082386,1349.7156785787083,475632.2316076725,0.9833319883266467,3287822.6445162236,34.319184621922055
Moca,2005-2009,2,55,5,0.003894386718499532,2.5,0.01928418342299857,94451.58848224515,1821.421756885189,467704.38801901275,0.9734791654142128,2812190.412908551,29.773881605359996
Moca,2005-2009,2,60,5,0.006896857533626462,2.5,0.03389978273821639,92630.16672535996,3140.142526994474,455300.47730931366,0.9562852384571028,2344486.024889538,25.310178182456763
Moca,2005-2009,2,65,5,0.011073105238576133,2.5,0.053874141107575456,89490.02419836549,4821.198191383068,435397.12551336974,0.9352264519221755,1889185.5475802245,21.110571424057454
Moca,2005-2009,2,70,5,0.015863873356084576,2.5,0.07629358726479754,84668.82600698242,6459.688465571686,407194.9088709829,0.8919846485322027,1453788.4220668548,17.170291483041996
Moca,2005-2009,2,75,5,0.03065329350233454,2.5,0.14235717671188955,78209.13754141073,11133.632013467068,363211.607673386,0.8135793467025084,1046593.513195872,13.38198509914157
Moca,2005-2009,2,80,5,0.05397748602475274,2.5,0.23779807451424875,67075.50552794366,15950.42606161486,295501.4624856812,0.5675895716616131,683381.905522486,10.188248305304072
Moca,2005-2009,2,85,NA,0.10449062277548543,7.586891738569609,1,51125.0794663288,51125.0794663288,387880.44303680473,0,387880.44303680473,7.586891738569609
Moca,2010-2014,1,0,1,0.009544164617625642,0.13024509671375892,0.00946558996050054,100000,946.5589960500511,99176.72567193577,0.9901904271313491,7786822.921797955,77.86822921797956
Moca,2010-2014,1,1,4,3.1395245803778277e-4,1.6244801774490119,0.0012548739468009468,99053.44100394995,124.2995824568352,395918.4878937388,0.9987163363870964,7687646.19612602,77.61109677976215
Moca,2010-2014,1,5,5,1.504909384522091e-4,2.5,7.521717046967529e-4,98929.14142149311,74.41170094719564,494459.6778550976,0.9991894401484147,7291727.708232281,73.70657021236512
Moca,2010-2014,1,10,5,1.7387393741477927e-4,2.5,8.689919494443172e-4,98854.72972054592,85.9039642916614,494058.8886920004,0.9981134703080299,6797268.030377183,68.7601700959832
Moca,2010-2014,1,15,5,5.818355894887058e-4,2.5,0.00290495243566143,98768.82575625426,286.91874094803643,493126.8319289012,0.995554573119482,6303209.141685183,63.817799730053494
Moca,2010-2014,1,20,5,0.001201677130536302,2.5,0.005990389367915431,98481.90701530622,589.9449687165325,490934.6726547398,0.9932598854445318,5810082.309756282,58.996443974762485
Moca,2010-2014,1,25,5,0.0015045092563887085,2.5,0.007494357954659852,97891.96204658969,733.6374044611148,487625.7167217956,0.9923583670417425,5319147.637101542,54.336919251552054
Moca,2010-2014,1,30,5,0.0015640961758012167,2.5,0.007790020027669353,97158.32464212857,756.8652948169765,483899.4599736004,0.9908379221689237,4831521.920379746,49.72833710519502
Moca,2010-2014,1,35,5,0.0021201600278184826,2.5,0.010544907908480942,96401.4593473116,1016.5445110605797,479465.9354589065,0.9886875456316114,4347622.460406146,45.09913532265827
Moca,2010-2014,1,40,5,0.002432337425673394,2.5,0.012088180791995279,95384.91483625102,1153.0300953696715,474041.9989428309,0.9836082076160131,3868156.524947239,40.553126577591144
Moca,2010-2014,1,45,5,0.004193112151755715,2.5,0.02074806336720254,94231.88474088135,1955.129115814736,466271.60091486986,0.9739776199846807,3394114.5260044085,36.01874816934351
Moca,2010-2014,1,50,5,0.006381912404177986,2.5,0.031408447125130336,92276.75562506661,2898.269599928477,454138.10412551183,0.9683762189578147,2927842.9250895386,31.72893222412126
Moca,2010-2014,1,55,5,0.006472277912236924,2.5,0.031846097576348764,89378.48602513813,2846.3559871828766,439776.5401577335,0.9589658525096584,2473704.8209640267,27.676736661977976
Moca,2010-2014,1,60,5,0.010366772766603407,2.5,0.05052442573122031,86532.13003795526,4371.98617746697,421730.6847461089,0.933627813396554,2033928.2808062932,23.5048909568522
Moca,2010-2014,1,65,5,0.017332497642614346,2.5,0.08306325407448693,82160.14386048829,6824.488904280137,393739.4970417411,0.900677010063462,1612197.5960601843,19.622623821080087
Moca,2010-2014,1,70,5,0.024866514945710374,2.5,0.11705565899392109,75335.65495620815,8818.464736637601,354632.1129394467,0.8593317292802268,1218458.0990184431,16.17372411146781
Moca,2010-2014,1,75,5,0.036540944867123774,2.5,0.1674113060723148,66517.19021957055,11135.72969091891,304746.62687055545,0.7895324088784286,863825.9860789966,12.986507446083365
Moca,2010-2014,1,80,5,0.06034722710013709,2.5,0.2621813428975431,55381.46052865164,14519.985693029157,240607.3384106853,0.5696365203835402,559079.3592084411,10.095063471993502
Moca,2010-2014,1,85,NA,0.12020145634577567,7.793943367901057,1,40861.47483562248,40861.47483562248,318472.02079775574,0,318472.02079775574,7.793943367901057
Moca,2010-2014,2,0,1,0.0055137818162253665,0.13769768964656648,0.0054876903357062926,100000,548.7690335706284,99526.79519450162,0.9943398929983117,8272935.193046608,82.72935193046608
Moca,2010-2014,2,1,4,1.6371838874939157e-4,1.5150715278238058,6.546072421245754e-4,99451.23096642937,65.1014960288303,397643.1513046542,0.9993060676960974,8173408.397852106,82.18509030432324
Moca,2010-2014,2,5,5,8.510292446738457e-5,2.5,4.2542411024712045e-4,99386.12947040054,42.28125570085831,496824.94421275053,0.9995516551090561,7775765.246547452,78.23793207344143
Moca,2010-2014,2,10,5,9.427730065624992e-5,2.5,4.712754268434786e-4,99343.84821469968,46.818314471660415,496602.19528731925,0.9989980258818353,7278940.302334702,73.27016652912036
Moca,2010-2014,2,15,5,3.0681977208023585e-4,2.5,0.0015329230326624342,99297.02990022802,152.21470420900732,496104.6127406176,0.9978945046346267,6782338.107047383,68.30353449506156
Moca,2010-2014,2,20,5,5.365079891537797e-4,2.5,0.0026789467549275577,99144.81519601902,265.6036809372745,495060.0667777519,0.9970258868988389,6286233.494306765,63.40456111475184
Moca,2010-2014,2,25,5,6.550855498267425e-4,2.5,0.0032700723063467715,98879.21151508174,323.342171248878,493587.7021472865,0.9962692915369916,5791173.427529013,58.56815946237297
Moca,2010-2014,2,30,5,8.403328723352299e-4,2.5,0.004192855875124074,98555.86934383286,413.2305558062508,491746.27032964875,0.9949284986694369,5297585.725381726,53.75210792266451
Moca,2010-2014,2,35,5,0.0011943246790891225,2.5,0.005953846331422806,98142.63878802661,584.3261899042409,489252.3784653725,0.9936339090066635,4805839.455052078,48.96790543233681
Moca,2010-2014,2,40,5,0.0013607745327423365,2.5,0.006780804797511805,97558.31259812237,661.5238741025096,486137.7533053556,0.9922435793266297,4316587.076586705,44.24622527419342
Moca,2010-2014,2,45,5,0.001755409430603488,2.5,0.008738697174439444,96896.78872401986,846.7516938348417,482367.06438551215,0.9892961754397339,3830449.3232813496,39.53123084595904
Moca,2010-2014,2,50,5,0.0025534520967699006,2.5,0.01268627598879006,96050.03703018502,1218.5172784984316,477203.89195467904,0.9842468411029445,3348082.2588958372,34.857688371777066
Moca,2010-2014,2,55,5,0.003807796281929147,2.5,0.018859449059624563,94831.51975168659,1788.4702160037123,469686.4232184237,0.9767782939813883,2870878.366941158,30.27346155010976
Moca,2010-2014,2,60,5,0.005611187471391538,2.5,0.027667814126982406,93043.04953568288,2574.297800360888,458779.5031775122,0.9596274403587907,2401191.9437227347,25.807322048293948
Moca,2010-2014,2,65,5,0.010981174507840492,2.5,0.05343882001890088,90468.75173532199,4834.543341318495,440257.4003233137,0.9325123305456812,1942412.4405452225,21.470534336850374
Moca,2010-2014,2,70,5,0.01717284881854182,2.5,0.08232965720169154,85634.2083940035,7050.235021816523,410545.4544154762,0.8927564504030415,1502155.0402219088,17.54153005432694
Moca,2010-2014,2,75,5,0.02881476914406834,2.5,0.13439261526175408,78583.97337218697,10561.105699148247,366517.1026130642,0.825232369850363,1091609.5858064326,13.890995058704721
Moca,2010-2014,2,80,5,0.04979480255147733,2.5,0.2214111958120214,68022.86767303872,15061.024474050399,302461.7771800677,0.5828645528802057,725092.4831933683,10.659540063477257
Moca,2010-2014,2,85,NA,0.10623040394016535,7.979909317456945,1,52961.843198988325,52961.843198988325,422630.7060133007,0,422630.7060133007,7.979909317456945
Moca,2015-2019,1,0,1,0.010149219924267025,0.12903773910212138,0.010060291100490965,100000,1006.0291100491013,99123.78661178255,0.9896503747291969,7856071.491403717,78.56071491403716
Moca,2015-2019,1,1,4,2.917839766011135e-4,1.6226883429142207,0.0011663268704176005,98993.9708899509,115.45932825829368,395701.4007528159,0.9987955159545212,7756947.704791933,78.35777911581238
Moca,2015-2019,1,5,5,1.3222973835849133e-4,2.5,6.609302052221823e-4,98878.5115616926,65.35179493852775,494229.1783211167,0.9992688474003243,7361246.304039118,74.44738182012645
Moca,2015-2019,1,10,5,1.603485407642058e-4,2.5,8.014214369261583e-4,98813.15976675408,79.19098448748991,493867.82137255167,0.9982435776649803,6867017.125718001,69.4949654674278
Moca,2015-2019,1,15,5,5.431744369565566e-4,2.5,0.0027121892051716855,98733.96878226659,267.78520431501966,493000.3809005454,0.9962440038988096,6373149.304345449,64.54869973271163
Moca,2015-2019,1,20,5,9.628404284147494e-4,2.5,0.004802641698098448,98466.18357795157,472.89779910408834,491148.6733919976,0.9945152625002778,5880148.923444904,59.717445215999824
Moca,2015-2019,1,25,5,0.0012378438198919679,2.5,0.006170124971799082,97993.28577884748,604.6308196527098,488454.85184510564,0.9925977870806113,5389000.250052907,54.99356621447384
Moca,2015-2019,1,30,5,0.001735890781029463,2.5,0.008641950200937509,97388.65495919477,841.6279062936374,484839.2050302397,0.9912988161681896,4900545.3982078,50.31946893877011
Moca,2015-2019,1,35,5,0.0017598959297039593,2.5,0.008760933819098204,96547.02705290113,845.842114441155,480620.5299784028,0.9897861870327646,4415706.193177561,45.736324856052356
Moca,2015-2019,1,40,5,0.0023496279172799286,2.5,0.01167953319327038,95701.18493845998,1117.7451661240484,475711.5617769898,0.9870721442089565,3935085.6631991584,41.118463326546994
Moca,2015-2019,1,45,5,0.002858468264646084,2.5,0.01419093051194494,94583.43977233593,1342.2270213899465,469561.6313082048,0.980297377051841,3459374.1014221683,36.5748392080997
Moca,2015-2019,1,50,5,0.00512352785205083,2.5,0.025293657365276095,93241.21275094598,2358.4112876452564,460310.03553561674,0.9707132365208061,2989812.470113964,32.06535374116132
Moca,2015-2019,1,55,5,0.006790035709465114,2.5,0.03338349081054998,90882.80146330073,3033.9851674871315,446829.0443977858,0.9584156145880399,2529502.434578347,27.832575513198528
Moca,2015-2019,1,60,5,0.010270824374611371,2.5,0.050068509698526616,87848.8162958136,4398.459310711027,428247.93320229044,0.9348483715922259,2082673.3901805612,23.707472428172153
Moca,2015-2019,1,65,5,0.016890254578510067,2.5,0.081029740527692,83450.35698510257,6761.9607734461315,400346.8829918975,0.9111246054905612,1654425.4569782708,19.825265184588922
Moca,2015-2019,1,70,5,0.020480078260227345,2.5,0.09741283508586396,76688.39621165644,7470.434093165473,364765.89582536847,0.8670116447995112,1254078.5739863731,16.352911730285427
Moca,2015-2019,1,75,5,0.03773336150235126,2.5,0.1724034072835848,69217.96211849096,11933.41251445395,316256.2793063199,0.7869465134903586,889312.6781610047,12.84800434659767
Moca,2015-2019,1,80,5,0.060344676909337563,2.5,0.26217171583031956,57284.54960403701,15018.388660257442,248876.77636954148,0.5657028228513833,573056.3988546848,10.00368167011476
Moca,2015-2019,1,85,NA,0.128669852441085,7.66995665672952,1,42266.16094377957,42266.16094377957,324179.62248514337,0,324179.62248514337,7.66995665672952
Moca,2015-2019,2,0,1,0.00499826352621405,0.13875721892247805,0.004976839633171447,100000,497.6839633171476,99571.37327933505,0.9948556950751016,8525651.701859953,85.25651701859952
Moca,2015-2019,2,1,4,1.5459647186026948e-4,1.51590268191683,6.181484982159696e-4,99502.31603668285,61.50720722708502,397856.4742582158,0.9993762882251652,8426080.328580618,84.68225328015713
Moca,2015-2019,2,5,5,6.95595698686701e-5,2.5,3.477373781872157e-4,99440.80882945577,34.57928614715638,497117.59593191097,0.9996139454711094,8028223.854322402,80.7336942330293
Moca,2015-2019,2,10,5,8.489501579287067e-5,2.5,4.243850085343489e-4,99406.22954330861,42.18651357310591,496925.68143261026,0.99909144224726,7531106.258390491,75.76090847615734
Moca,2015-2019,2,15,5,2.787813742820692e-4,2.5,0.0013929360598377244,99364.0430297355,138.40775858738925,496474.19575220905,0.9980245516963759,7034180.5769578805,70.79201250751083
Moca,2015-2019,2,20,5,5.124101870022497e-4,2.5,0.0025587730815282432,99225.63527114812,253.89588452935277,495493.43664441723,0.9971412656901535,6537706.3812056715,65.8872716041622
Moca,2015-2019,2,25,5,6.328928093247671e-4,2.5,0.0031594650398612326,98971.73938661876,312.69775052627665,494076.9525567781,0.9965024921212717,6042212.944561254,61.04988132984331
Moca,2015-2019,2,30,5,7.68799223507928e-4,2.5,0.0038366221372396316,98659.04163609249,378.5174631798873,492348.9145225127,0.9954944830929648,5548135.992004476,56.23545394317715
Moca,2015-2019,2,35,5,0.00103808464723522,2.5,0.005176987857142543,98280.5241729126,508.7970802367636,490130.6281639711,0.9945660419582888,5055787.077481964,51.442410589781986
Moca,2015-2019,2,40,5,0.0011417025331102617,2.5,0.0056922654807550245,97771.72709267584,556.5426271234464,487467.27889557055,0.9932909503615994,4565656.449317992,46.697103396673135
Moca,2015-2019,2,45,5,0.001552331994657425,2.5,0.0077316547357422815,97215.18446555239,751.6342413591483,484196.8367243641,0.990045562579691,4078189.170422422,41.950125310593876
Moca,2015-2019,2,50,5,0.0024538698674997704,2.5,0.012194539803071891,96463.55022419324,1176.3286027545546,479376.9296140798,0.9825666924485589,3593992.3336980576,37.25751670289114
Moca,2015-2019,2,55,5,0.004599640093451721,2.5,0.022736748319347622,95287.22162143869,2166.521576056548,471019.80416705203,0.9756102261963461,3114615.404083978,32.68660111067002
Moca,2015-2019,2,60,5,0.005285173617042619,2.5,0.02608125814163942,93120.70004538214,2428.705016213775,459531.73768637626,0.9667371345604844,2643595.5999169257,28.388914587503915
Moca,2015-2019,2,65,5,0.008295918582262595,2.5,0.04063679407361576,90691.99502916836,3685.4319261256896,444246.39533052756,0.9515297179088936,2184063.8622305496,24.08221212388272
Moca,2015-2019,2,70,5,0.01165722314859115,2.5,0.05663558170766446,87006.56310304267,4927.66731372544,422713.6472308997,0.9222301704138127,1739817.4669000218,19.99639343114312
Moca,2015-2019,2,75,5,0.02109094812757651,2.5,0.10017288769259726,82078.89578931723,8222.080009835685,389839.27892199694,0.8661639276288202,1317103.819669122,16.04680237231635
Moca,2015-2019,2,80,5,0.03745651346819707,2.5,0.17124679740730453,73856.81577948155,12647.743168937479,337664.72097506403,0.6358485565478463,927264.5407471252,12.554894642570444
Moca,2015-2019,2,85,NA,0.09854581638219603,9.632556002335098,1,61209.07261054407,61209.07261054407,589599.8197720612,0,589599.8197720612,9.632556002335098
Moca,2020-2024,1,0,1,0.008241423385162257,0.13284465170607798,0.008182943209325211,100000,818.2943209325167,99290.41170312483,0.9914848348759335,7906387.954748333,79.06387954748334
Moca,2020-2024,1,1,4,2.9228154494100533e-4,1.6283447921103031,0.001168316313354104,99181.70567906748,115.87560473114718,396452.0057348419,0.9988215884589359,7807097.543045209,78.71509659561052
Moca,2020-2024,1,5,5,1.3807426382888218e-4,2.5,6.901330950967873e-4,99065.83007433634,68.36860792753578,495158.22885186283,0.9992167570163998,7410645.5373103665,74.80526364892533
Moca,2020-2024,1,10,5,1.7536027931961721e-4,2.5,8.764171746966976e-4,98997.4614664088,86.76307548052864,494770.3996433427,0.9981343054573405,6915487.308458503,69.85519836591995
Moca,2020-2024,1,15,5,5.719846864521702e-4,2.5,0.00285583969083555,98910.69839092827,282.47309831308667,493847.30920885864,0.9959233091523787,6420716.908815161,64.91428139995871
Moca,2020-2024,1,20,5,0.0010630252780180094,2.5,0.005301038545156923,98628.22529261519,522.8320239165769,491834.0464032845,0.9934706199775873,5926869.599606303,60.09303707962064
Moca,2020-2024,1,25,5,0.0015589054168325149,2.5,0.007764267686775943,98105.39326869861,761.7165348545968,488622.6750063565,0.9909404546089804,5435035.553203017,55.39996703664521
Moca,2020-2024,1,30,5,0.0020837909381650646,2.5,0.010364958673429951,97343.67673384401,1008.9631864660187,484195.975703055,0.9886116880195756,4946412.878196661,50.813910509267984
Moca,2020-2024,1,35,5,0.0025000046873366014,2.5,0.012422383394895181,96334.71354737799,1196.7067459229438,478681.8008720826,0.9874358582595534,4462216.902493606,46.319927035430084
Moca,2020-2024,1,40,5,0.0025577884251577862,2.5,0.012707683213205657,95138.00680145505,1208.9836519686942,472667.5748773535,0.9855715799408477,3983535.101621524,41.87112212614275
Moca,2020-2024,1,45,5,0.0032606252695477228,2.5,0.01617130493396549,93929.02314948635,1518.9548754998395,465847.7285586822,0.9782844402201338,3510867.52674417,37.37787756140812
Moca,2020-2024,1,50,5,0.005546033872498161,2.5,0.027350946177625842,92410.06827398652,2527.5028036325384,455731.58436085127,0.9697035110121953,3045019.798185488,32.95116922928043
Moca,2020-2024,1,55,5,0.006777908554505624,2.5,0.03332486062771242,89882.56547035398,2995.3239671607735,441924.51743386796,0.9600707058735115,2589288.213824637,28.807457823159968
Moca,2020-2024,1,60,5,0.009576179170808923,2.5,0.0467614068288639,86887.2415031932,4062.969648168568,424278.78339554457,0.9470018539571288,2147363.696390769,24.71437301081599
Moca,2020-2024,1,65,5,0.012273554901473065,2.5,0.059540830380965144,82824.27185502464,4931.425921946968,401792.7944702558,0.9194915912472764,1723084.9129952244,20.80410578207445
Moca,2020-2024,1,70,5,0.021674813330899406,2.5,0.10280345254527026,77892.84593307767,8007.653490497192,369445.09593914537,0.8690856870610559,1321292.1185249684,16.96294573265648
Moca,2020-2024,1,75,5,0.03531402288819657,2.5,0.1622461994396464,69885.19244258048,11338.606870916985,321079.4450356099,0.8045597619661866,951847.0225858231,13.620153129976508
Moca,2020-2024,1,80,5,0.05327394477270696,2.5,0.23506290351377263,58546.58557166349,13762.130395292763,258327.60187008558,0.5904551675382823,630767.5775502132,10.77377222584786
Moca,2020-2024,1,85,NA,0.10805409514488856,8.316277918607689,1,44784.45517637073,44784.45517637073,372439.9756801277,0,372439.9756801277,8.316277918607689
Moca,2020-2024,2,0,1,0.005090295551334815,0.13856806826220808,0.005068072342335442,100000,506.8072342335363,99563.42006519552,0.9947458193552539,8508072.105572497,85.08072105572498
Moca,2020-2024,2,1,4,1.6522172613446962e-4,1.5157542462990203,6.606157538956121e-4,99493.19276576646,65.72677054644737,397809.4896124314,0.9993499185676967,8408508.685507301,84.51340691521655
Moca,2020-2024,2,5,5,7.06192670381263e-5,2.5,3.530340076834761e-4,99427.46599522002,35.1012767941138,497049.5767841148,0.9996080588553695,8010699.19589487,80.56827271731923
Moca,2020-2024,2,10,5,8.619097260248638e-5,2.5,4.308620219706041e-4,99392.3647184259,42.82439523101493,496854.76260405197,0.9990030948392444,7513649.619110756,75.59584320582961
Moca,2020-2024,2,15,5,3.128830063834829e-4,2.5,0.0015631922911583816,99349.54032319489,155.30243556335336,496359.445527066,0.9980273387932325,7016794.856506703,70.6273510041446
Moca,2020-2024,2,20,5,4.7712267772077703e-4,2.5,0.002382771203161764,99194.23788763153,236.3571735582227,495380.29650426214,0.9972773976326975,6520435.410979637,65.73401388865014
Moca,2020-2024,2,25,5,6.135888275947794e-4,2.5,0.003063245205388373,98957.88071407331,303.1322536327789,494031.57293628465,0.9965056844917559,6025055.114475375,60.88504595085291
Moca,2020-2024,2,30,5,7.868870071752092e-4,2.5,0.0039267103425024074,98654.74846044053,387.3886211165809,492305.2707494112,0.9952362913496455,5531023.541539091,56.06444320069368
Moca,2020-2024,2,35,5,0.001123950626287633,2.5,0.005604006564717828,98267.35983932395,550.6909296370577,489960.07187252713,0.9944029348023643,5038718.270789679,51.275604422754824
Moca,2020-2024,2,40,5,0.0011211506058036763,2.5,0.005590084711865377,97716.6689096869,546.2444569664513,487217.73340601835,0.9922615785543937,4548758.198917152,46.55048365516093
Moca,2020-2024,2,45,5,0.001989614447548243,2.5,0.00989883507454568,97170.42445272044,961.8740057810937,483447.4372491495,0.9890997251886443,4061540.465511134,41.798113864237884
Moca,2020-2024,2,50,5,0.002396619285827748,2.5,0.011911726744033091,96208.55044693935,1146.0099633634527,478177.7273262881,0.9862161625543573,3578093.0282619842,37.19100861243475
Moca,2020-2024,2,55,5,0.0031604792243075195,2.5,0.01567851705300268,95062.5404835759,1490.439662073506,471586.6032626957,0.9784118542060606,3099915.3009356963,32.60922004784075
Moca,2020-2024,2,60,5,0.0055955772303176,2.5,0.02759190456921649,93572.10082150239,2581.832476208001,461405.922916992,0.9708265619268616,2628328.6976730004,28.088807182888683
Moca,2020-2024,2,65,5,0.006256316253731952,2.5,0.03079984730538687,90990.26834529439,2802.4863713112427,447945.12579819385,0.9523612777521512,2166922.7747560083,23.814884977950193
Moca,2020-2024,2,70,5,0.013439408913828787,2.5,0.06501271346694432,88187.78197398315,5733.327000759906,426605.592368016,0.9190648846107701,1718977.6489578146,19.492242694854728
Moca,2020-2024,2,75,5,0.020602067992057035,2.5,0.09796465381357136,82454.45497322324,8077.62213683853,392078.21952401986,0.8643159301185553,1292372.0565897985,15.673768712794127
Moca,2020-2024,2,80,5,0.038957467735093315,2.5,0.1774999657078566,74376.83283638471,13201.885277917267,338879.45098713035,0.6235901690812412,900293.8370657787,12.104492793424786
Moca,2020-2024,2,85,NA,0.1039237597248841,9.177194398770531,1,61174.947558467444,61174.947558467444,561414.3860786484,0,561414.3860786484,9.177194398770531
Morovis,1980-1984,1,0,1,0.0204459485212865,0.10849113202319886,0.02007993656950912,100000,2007.9936569509155,98209.8558479871,0.9794541645955172,7269546.662685875,72.69546662685875
Morovis,1980-1984,1,1,4,4.7826163575418514e-4,1.592499151116069,0.001910846365287137,97992.00634304908,187.24766914780776,391517.22644977144,0.9980294226839945,7171336.8068378875,73.18287556775365
Morovis,1980-1984,1,5,5,2.1421970711719442e-4,2.5,0.0010705252165900735,97804.75867390128,104.70246046292596,488762.03721834905,0.99881942817145,6779819.580388117,69.31993567913459
Morovis,1980-1984,1,10,5,2.583139825135192e-4,2.5,0.0012907363744344578,97700.05621343835,126.10501633897366,488185.0185263443,0.9971904660062505,6291057.543169768,64.39154476458174
Morovis,1980-1984,1,15,5,8.679381166294353e-4,2.5,0.00433029451398488,97573.95119709938,422.52394557662774,486813.44612155535,0.994595273148831,5802872.524643423,59.47153367727849
Morovis,1980-1984,1,20,5,0.0013009840874685626,2.5,0.006483832031595501,97151.42725152275,629.9135359286447,484182.3524177921,0.9924454038516487,5316059.078521867,54.71931014208073
Morovis,1980-1984,1,25,5,0.0017339536917531132,2.5,0.00863234822856701,96521.5137155941,833.2073179414292,480524.5502831169,0.9905441086837401,4831876.726104075,50.060101008584084
Morovis,1980-1984,1,30,5,0.002067957213407492,2.5,0.010286605417351737,95688.30639765268,984.3078509673069,475980.7623608451,0.9879410188293954,4351352.175820959,45.47423127898208
Morovis,1980-1984,1,35,5,0.0027892710215630828,2.5,0.013849778145723055,94703.99854668537,1311.6293693844636,470240.9193099657,0.9817685074317068,3875371.4134601136,40.92088478766509
Morovis,1980-1984,1,40,5,0.004586953005382955,2.5,0.02267474505200827,93392.3691773009,2117.6481608983304,461667.7254842587,0.9758352073025877,3405130.494150148,36.46047877515209
Morovis,1980-1984,1,45,5,0.005204735426201026,2.5,0.02568941066656884,91274.72101640257,2344.7937916668743,450511.62060284574,0.9703535478310504,2943462.768665889,32.24838965146694
Morovis,1980-1984,1,50,5,0.0068571351712492104,2.5,0.03370782802352964,88929.9272247357,2997.6346930363943,437155.5493910875,0.9556298782271508,2492951.148063043,28.032758216062422
Morovis,1980-1984,1,55,5,0.011396581235085385,2.5,0.055404355577631834,85932.2925316993,4761.023291027348,417758.9044309282,0.9303463046032676,2055795.5986719558,23.923434812513577
Morovis,1980-1984,1,60,5,0.017697600175483885,2.5,0.0847388166369581,81171.26924067196,6878.357300374453,388660.45295242366,0.9038678251651935,1638036.6942410276,20.180005925301796
Morovis,1980-1984,1,65,5,0.022962726607339293,2.5,0.1085803791342442,74292.9119402975,8066.7525454645365,351297.67833782616,0.854385433653154,1249376.241288604,16.816896910604537
Morovis,1980-1984,1,70,5,0.041296467076383514,2.5,0.18715974478551878,66226.15939483297,12394.871090462017,300143.6192480098,0.7875771752654985,898078.5629507777,13.560782795761016
Morovis,1980-1984,1,75,5,0.05545191530302365,2.5,0.24350283066053235,53831.28830437095,13108.071080217538,236386.2638213109,0.7205189567926007,597934.943702768,11.107572613197467
Morovis,1980-1984,1,80,5,0.07819433680237448,2.5,0.3270399951837581,40723.21722415341,13318.12076485427,170320.7842086314,0.5289132731324716,361548.679881457,8.878195401197779
Morovis,1980-1984,1,85,NA,0.17632664871709675,6.97782238996418,1,27405.096459299144,27405.096459299144,191227.89567282563,0,191227.89567282563,6.97782238996418
Morovis,1980-1984,2,0,1,0.009910783755894301,0.1286606634700231,0.009825930403580659,100000,982.5930403580714,99143.82803213543,0.989871739323837,7945265.712083576,79.45265712083577
Morovis,1980-1984,2,1,4,2.814395271393105e-4,1.5080132112333744,0.0011249691186842531,99017.40695964193,111.39152504177764,395792.04162978305,0.9988727102020816,7846121.884051441,79.23982383470623
Morovis,1980-1984,2,5,5,1.2309907644723244e-4,2.5,6.153060232281826e-4,98906.01543460015,60.85746703042241,494377.9335054247,0.9993015767930234,7450329.842421657,75.32736820591116
Morovis,1980-1984,2,10,5,1.563794253631188e-4,2.5,7.815915647161966e-4,98845.15796756973,77.25654168048641,494032.6484836474,0.9983724569654202,6955951.908916233,70.37220691375113
Morovis,1980-1984,2,15,5,4.95444145136272e-4,2.5,0.0024741562101601687,98767.90142588924,244.36721667736128,493228.5890877528,0.9965739566680979,6461919.260432586,65.42529675272391
Morovis,1980-1984,2,20,5,8.779811892234274e-4,2.5,0.0043802914124584985,98523.53420921188,431.56179082166636,491538.7665690052,0.9952935322693208,5968690.6713448325,60.58136991584661
Morovis,1980-1984,2,25,5,0.0010093564064038156,2.5,0.005034079082089452,98091.97241839021,493.8027464723127,489225.3552257703,0.9942415786121404,5477151.904775828,55.83690254911191
Morovis,1980-1984,2,30,5,0.0013015067731790963,2.5,0.006486428539201698,97598.1696719179,633.0635531337757,486408.18947675504,0.9927588087451849,4987926.549550057,51.10676323456958
Morovis,1980-1984,2,35,5,0.0016066034516107528,2.5,0.00800088164787525,96965.10611878413,775.8063380300591,482886.0147488455,0.9910914790429619,4501518.360073302,46.42410595166941
Morovis,1980-1984,2,40,5,0.001974393860286301,2.5,0.009823480751226849,96189.29978075407,944.9137348702207,478584.2145665948,0.9883248628810278,4018632.3453244567,41.778371965324574
Morovis,1980-1984,2,45,5,0.0027275049819596017,2.5,0.013545163656412203,95244.38604588385,1290.1007963460142,472996.6782385542,0.9836997399562456,3540048.1307578622,37.168050293824656
Morovis,1980-1984,2,50,5,0.003855443771603352,2.5,0.01909318708494994,93954.28524953783,1793.8867457021697,465286.70938343374,0.9765931180027727,3067051.452519308,32.64408264480299
Morovis,1980-1984,2,55,5,0.005639307635661598,2.5,0.027804542259630954,92160.39850383566,2562.477694864312,454395.7982820175,0.966312183577017,2601764.743135874,28.230832172753573
Morovis,1980-1984,2,60,5,0.008108993208101357,2.5,0.039739350727644715,89597.92080897135,3560.56319949546,439088.1960461181,0.9456027426002586,2147368.9448538567,23.96672741359912
Morovis,1980-1984,2,65,5,0.014435141880257404,2.5,0.06966176572173093,86037.35760947589,5993.5142491080915,415203.00242460927,0.9064969507952512,1708280.7488077385,19.855104762301462
Morovis,1980-1984,2,70,5,0.02533497523791381,2.5,0.11912951773478084,80043.8433603678,9535.584457158955,376380.2556589416,0.8669184437804959,1293077.7463831292,16.154618420326532
Morovis,1980-1984,2,75,5,0.0321802442317764,2.5,0.14892047779267892,70508.25890320884,10500.123604195767,326290.9855055548,0.7996360206284302,916697.4907241877,13.001278218805494
Morovis,1980-1984,2,80,5,0.05998397555822431,2.5,0.2608089792059793,60008.135299013076,15650.660511389899,260914.02521659064,0.5580773197612857,590406.5052186329,9.83877439744979
Morovis,1980-1984,2,85,NA,0.14971395565066756,7.428116266302397,1,44357.47478762318,44357.47478762318,329492.4800020422,0,329492.4800020422,7.428116266302397
Morovis,1985-1989,1,0,1,0.014253788576150655,0.12084727758572018,0.014077381292840481,100000,1407.7381292840582,98762.38319119354,0.9854228476040732,7279686.079748226,72.79686079748227
Morovis,1985-1989,1,1,4,4.461950377854562e-4,1.6105848501646716,0.0017828793429183845,98592.26187071594,175.7781070609053,393949.04061084305,0.9982027542608508,7180923.696557033,72.83455679283816
Morovis,1985-1989,1,5,5,2.0862546941359398e-4,2.5,0.0010425835733494874,98416.48376365504,102.60740931879263,491825.90029497823,0.9988466273996678,6786974.65594619,68.96176734219601
Morovis,1985-1989,1,10,5,2.530153917395631e-4,2.5,0.0012642772546856613,98313.87635433624,124.295997694775,491258.6417774443,0.9972251205291228,6295148.755651211,64.03113160712594
Morovis,1985-1989,1,15,5,8.593209085593135e-4,2.5,0.0042873939246897775,98189.58035664147,420.97741028890596,489895.45825748506,0.9942320629832133,5803890.113873767,59.1090224929472
Morovis,1985-1989,1,20,5,0.0014562534764882315,2.5,0.00725485511249369,97768.60294635256,709.2970489267173,487069.77210944606,0.9912299582548215,5313994.655616282,54.352772725331555
Morovis,1985-1989,1,25,5,0.002069916475482109,2.5,0.010296301168845749,97059.30589742585,999.3518447590177,482798.14987523167,0.9876794836314909,4826924.883506835,49.731706185989246
Morovis,1985-1989,1,30,5,0.002893944968272728,2.5,0.014365790324799356,96059.95405266683,1379.9771585304698,476849.82736700797,0.9851671772586255,4344126.733631604,45.223077363225144
Morovis,1985-1989,1,35,5,0.0030849425340520164,2.5,0.01530666223678849,94679.97689413636,1449.2344269054884,469776.7984034181,0.9841277922377029,3867276.906264596,40.84577365907766
Morovis,1985-1989,1,40,5,0.0033165820502287697,2.5,0.01644654446573548,93230.74246723087,1533.3235515608394,462320.40345725225,0.9746272942500156,3397500.107861178,36.441843301369666
Morovis,1985-1989,1,45,5,0.007010372364979522,2.5,0.03444812634255469,91697.41891567003,3158.8042720931553,450590.0838981173,0.9651279755923924,2935179.7044039257,32.009403744540265
Morovis,1985-1989,1,50,5,0.0071891371647420784,2.5,0.03531104594194255,88538.61464357688,3126.3910893152934,434877.0954945962,0.9564855255464938,2484589.6205058084,28.062214780611043
Morovis,1985-1989,1,55,5,0.01068145031345147,2.5,0.05201817761819475,85412.22355426158,4442.9882156105305,415953.64723228157,0.9375357311464807,2049712.5250112123,23.997882735239287
Morovis,1985-1989,1,60,5,0.01525729287188243,2.5,0.073483563726789,80969.23533865105,5949.907964917133,389971.4067809624,0.9144835737014371,1633758.8777789308,20.17752632769459
Morovis,1985-1989,1,65,5,0.020721288159222195,2.5,0.09850363526829768,75019.32737373392,7389.676461695315,356622.44571443135,0.8691149022929653,1243787.4709979682,16.579560421831353
Morovis,1985-1989,1,70,5,0.03639651194581487,2.5,0.1668047793669535,67629.6509120386,11280.94899904669,309945.8820625763,0.7930806000299873,887165.025283537,13.117989126358403
Morovis,1985-1989,1,75,5,0.05846977979342432,2.5,0.25506492410369735,56348.70191299191,14372.57737677914,245812.0661230117,0.6994857064084468,577219.1432209606,10.243699031651968
Morovis,1985-1989,1,80,5,0.0882590410034024,2.5,0.36152547558371734,41976.124536212774,15175.438386115671,171942.02671577467,0.4811757545390125,331407.077097949,7.895132787021449
Morovis,1985-1989,1,85,NA,0.179828243249649,5.950036110608926,1,26800.686150097103,26800.686150097103,159465.0503821743,0,159465.0503821743,5.950036110608926
Morovis,1985-1989,2,0,1,0.008112075240374392,0.1323574951207157,0.008055378415719183,100000,805.5378415719169,99301.08112936349,0.9916431774615093,7918345.077267355,79.18345077267355
Morovis,1985-1989,2,1,4,2.6073538608649947e-4,1.5108938993176249,0.0010422651163281616,99194.46215842808,103.38692764066218,396520.5076013912,0.9989632604128179,7819043.996137992,78.82540845526067
Morovis,1985-1989,2,5,5,1.1938060878901804e-4,2.5,5.967249504754218e-4,99091.07523078742,59.130116959655425,495307.550861538,0.9993215307780928,7422523.4885366,74.90607475243579
Morovis,1985-1989,2,10,5,1.5211028211862946e-4,2.5,7.602623013103061e-4,99031.94511382777,75.29025449547044,494971.4999329002,0.9984070034279718,6927215.937675063,69.9493070616041
Morovis,1985-1989,2,15,5,4.858623237087198e-4,2.5,0.0024263644209043373,98956.6548593323,240.10490656239563,494183.01203025546,0.9966680756798817,6432244.4377421625,65.0006252422907
Morovis,1985-1989,2,20,5,8.497386692765547e-4,2.5,0.00423968678187233,98716.5499527699,418.5272519868013,492536.4316338825,0.9949009325960383,5938061.4257119065,60.15264338708071
Morovis,1985-1989,2,25,5,0.0011959867091522465,2.5,0.005962107043803902,98298.0227007831,586.0633335363527,490024.9551700746,0.9938823257203029,5445524.994078024,55.39811325253282
Morovis,1985-1989,2,30,5,0.0012587838322005796,2.5,0.006274174587176046,97711.95936724675,613.0618923251459,487027.1421054209,0.9934998528696788,4955500.03890795,50.71538909871706
Morovis,1985-1989,2,35,5,0.001350050547117573,2.5,0.0067275464162876945,97098.8974749216,653.2373397329065,483861.3940252758,0.991837785578772,4468472.896802529,46.019810863008324
Morovis,1985-1989,2,40,5,0.001930593136513934,2.5,0.009606599594463897,96445.6601351887,926.5148395425058,479912.0135770872,0.9893452212505321,3984611.502777253,41.31457545307886
Morovis,1985-1989,2,45,5,0.0023564255562142835,2.5,0.011713125013260469,95519.14529564619,1118.827690007689,474798.6572532117,0.984792725071531,3504699.4892001655,36.69106835443922
Morovis,1985-1989,2,50,5,0.003784029187362892,2.5,0.018742837328056063,94400.3176056385,1769.3297965993115,467578.2635366942,0.9769460002514853,3029900.831946954,32.09629913115864
Morovis,1985-1989,2,55,5,0.005565886661743094,2.5,0.027447508998138435,92630.98780903919,2542.489871395039,456798.7143667083,0.9643511056290367,2562322.5684102597,27.661613343609634
Morovis,1985-1989,2,60,5,0.009015047565037505,2.5,0.044081740359951035,90088.49793764415,3971.2577755052334,440514.3452494577,0.9449470984822691,2105523.8540435513,23.371727825908643
Morovis,1985-1989,2,65,5,0.013763853090765178,2.5,0.06652999283504774,86117.24016213891,5729.379370961178,416262.7523832916,0.9038404708452618,1665009.5087940937,19.334218161883317
Morovis,1985-1989,2,70,5,0.02732778556378542,2.5,0.127900812851339,80387.86079117774,10281.672738571928,376235.1221094589,0.8455447282031406,1248746.756410802,15.534021481858456
Morovis,1985-1989,2,75,5,0.04074807873047339,2.5,0.18490416951036417,70106.18805260581,12962.926479404487,318123.62406451785,0.7774976921408111,872511.6343013432,12.445572331598372
Morovis,1985-1989,2,80,5,0.06206172044104685,2.5,0.2686295691485014,57143.26157320132,15350.369736149187,247340.38352563363,0.5538496883798517,554388.0102368253,9.701721514909444
Morovis,1985-1989,2,85,NA,0.13086239598577096,7.346886353506026,1,41792.891837052135,41792.891837052135,307047.6267111917,0,307047.6267111917,7.346886353506026
Morovis,1990-1994,1,0,1,0.013152642546305998,0.1230445594309737,0.013002666135642191,100000,1300.2666135642212,98859.7241190446,0.9864515964766626,7343973.954904576,73.43973954904575
Morovis,1990-1994,1,1,4,4.5998606083087637e-4,1.6138229669333102,0.001837926919713424,98699.73338643578,181.40289695946558,394366.07411928667,0.9981766094429442,7245114.230785531,73.40561095964644
Morovis,1990-1994,1,5,5,2.1546473432358039e-4,2.5,0.0010767436708954416,98518.33048947631,106.0789888217405,492326.4549753272,0.9988088503881073,6850748.156666244,69.53780197684165
Morovis,1990-1994,1,10,5,2.61306365409286e-4,2.5,0.0013056788715456416,98412.25150065457,128.49479748563317,491740.0205095588,0.9973024333518524,6358421.701690917,64.61006231168916
Morovis,1990-1994,1,15,5,8.199321153779699e-4,2.5,0.004091274159199989,98283.75670316894,402.10579406877514,490413.5190306728,0.993747171667578,5866681.681181358,59.691264131260056
Morovis,1990-1994,1,20,5,0.0016917776125789205,2.5,0.008423262346238988,97881.65090910016,824.4828244903329,487347.047484275,0.9908160061883078,5376268.162150686,54.9262105023491
Morovis,1990-1994,1,25,5,0.002000189641386626,2.5,0.009951187551284194,97057.16808460983,965.8340828064684,482871.25521603297,0.9887436061283902,4888921.114666411,50.37156153582063
Morovis,1990-1994,1,30,5,0.002530856221721425,2.5,0.012574719093471843,96091.33400180336,1208.3215323896584,477435.86617804266,0.9847835520608569,4406049.8594503775,45.852728606803275
Morovis,1990-1994,1,35,5,0.003610664441434646,2.5,0.01789181882213901,94883.0124694137,1697.629668401496,470170.9881760648,0.981917368532751,3928613.9932723353,41.40481937732274
Morovis,1990-1994,1,40,5,0.0036890967219346997,2.5,0.01827692029282519,93185.38280101221,1703.1418139105226,461669.05947028473,0.9776667684183209,3458443.0050962702,37.11357834394928
Morovis,1990-1994,1,45,5,0.005363991167687021,2.5,0.026465059968625075,91482.24098710169,2421.0829937878443,451358.49745103886,0.9707788373429052,2996773.9456259855,32.75798573898631
Morovis,1990-1994,1,50,5,0.006514845247823329,2.5,0.03205218861737602,89061.15799331384,2854.605034483626,438169.2773803601,0.9545555674362103,2545415.4481749465,28.58053393339036
Morovis,1990-1994,1,55,5,0.012218175845977631,2.5,0.05928014125482359,86206.55295883022,5110.336636490887,418256.92320292385,0.9316539647213842,2107246.1707945867,24.444153007729554
Morovis,1990-1994,1,60,5,0.016229457328602162,2.5,0.07798322316139886,81096.21632233933,6324.14433501006,389670.7207741715,0.9064539755350588,1688989.2475916627,20.826979656835135
Morovis,1990-1994,1,65,5,0.02337565174764325,2.5,0.11042511136930713,74772.07198732927,8256.71437651469,353218.5739953596,0.8790504380239421,1299318.5268174913,17.37705659725026
Morovis,1990-1994,1,70,5,0.02844452600352257,2.5,0.1327804384331833,66515.35761081458,8831.938346103925,310496.94218881306,0.8264468507835414,946099.9528221316,14.22378209793023
Morovis,1990-1994,1,75,5,0.049581813572417345,2.5,0.22056859096873077,57683.419264710654,12723.150509475774,256609.22004986386,0.7280602613748185,635603.0106333186,11.018816476820149
Morovis,1990-1994,1,80,5,0.0813038219746772,2.5,0.3378482291751044,44960.26875523488,15189.74718219287,186826.9758206922,0.5070447578228785,378993.79058345465,8.429526803914559
Morovis,1990-1994,1,85,NA,0.16839127584218969,6.454936111592166,1,29770.52157304201,29770.52157304201,192166.8147627625,0,192166.8147627625,6.454936111592166
Morovis,1990-1994,2,0,1,0.009165064227654405,0.13019331844482873,0.009092579690799265,100000,909.2579690799175,99209.121343237,0.9906652122355998,7939296.672450329,79.3929667245033
Morovis,1990-1994,2,1,4,2.427207951407106e-4,1.5092063728430696,9.702965708783311e-4,99090.74203092008,96.14740719839756,396123.4847745629,0.998969725501446,7840087.551107093,79.12028298930981
Morovis,1990-1994,2,5,5,1.21817921323569e-4,2.5,6.08904168017762e-4,98994.59462372168,60.27822127760737,494822.27756541444,0.9993413998526176,7443964.066332529,75.19566189070248
Morovis,1990-1994,2,10,5,1.4171547145978858e-4,2.5,7.083264052727663e-4,98934.31640244408,70.07778869546019,494496.38754048175,0.9985087131742143,6949141.788767115,70.23995355160147
Morovis,1990-1994,2,15,5,4.554785079527924e-4,2.5,0.002274802230948861,98864.23861374862,224.89659055961238,493758.95159234403,0.9970333071492415,6454645.401226633,65.28796956040092
Morovis,1990-1994,2,20,5,7.333743287286027e-4,2.5,0.0036601609734007476,98639.342023189,361.0358701152145,492294.120440657,0.9956009991167217,5960886.449634289,60.43112542491364
Morovis,1990-1994,2,25,5,0.0010307603402297638,2.5,0.00514055500059536,98278.30615307379,505.2050381452282,490128.5181700059,0.9941106399706591,5468592.329193632,55.64394161083732
Morovis,1990-1994,2,30,5,0.0013328332061165189,2.5,0.0066420342211672605,97773.10111492856,649.4122835149901,487241.97486585536,0.9927311521596353,4978463.8110236265,50.9185425669544
Morovis,1990-1994,2,35,5,0.0015862360384316216,2.5,0.007899852614868103,97123.68883141357,767.2628271805006,483700.28708911664,0.9913903095234249,4491221.836157771,46.24229052866385
Morovis,1990-1994,2,40,5,0.0018737727556479655,2.5,0.0093251806048427,96356.42600423307,898.5410749266302,479535.7773338488,0.9869370311558285,4007521.5490686544,41.590599768536435
Morovis,1990-1994,2,45,5,0.003395773667642888,2.5,0.016835940727731372,95457.88492930644,1607.1232926644007,473271.6164148712,0.9830593177448609,3527985.771734806,36.95855794780638
Morovis,1990-1994,2,50,5,0.0034387540745431607,2.5,0.017047217401964236,93850.76163664204,1599.8943369597546,465254.0723408108,0.9787158212534436,3054714.1553199342,32.54863468393298
Morovis,1990-1994,2,55,5,0.005185281890692172,2.5,0.02559462113972352,92250.86729968229,2361.1259983462805,455351.5215025457,0.9657510910649164,2589460.0829791236,28.06976409844595
Morovis,1990-1994,2,60,5,0.008816227868769686,2.5,0.04313051815350002,89889.741301336,3876.9911190107086,439756.22870915325,0.9411790493238567,2134108.561476578,23.741402862896653
Morovis,1990-1994,2,65,5,0.015631619097616827,2.5,0.07521862331626664,86012.7501823253,6469.760656360464,413889.34927072533,0.9188567734118768,1694352.3327674246,19.698850800326994
Morovis,1990-1994,2,70,5,0.018311528003603642,2.5,0.08754971726930698,79542.98952596483,6963.966243753661,380305.03202044,0.8708729483472013,1280462.9834966992,16.097747785538335
Morovis,1990-1994,2,75,5,0.03828261369329407,2.5,0.17469373640307742,72579.02328221117,12679.100761655412,331197.36450691737,0.7813076650583758,900157.9514762594,12.402453364192413
Morovis,1990-1994,2,80,5,0.06296408250350387,2.5,0.27200417865257326,59899.92252055576,16293.029226556551,258767.0395363874,0.5451933834033202,568960.586969342,9.498519581124544
Morovis,1990-1994,2,85,NA,0.1335871658009207,7.113406253034785,1,43606.89329399921,43606.89329399921,310193.5474329546,0,310193.5474329546,7.113406253034785
Morovis,1995-1999,1,0,1,0.012373214564119535,0.12459986899802768,0.012240630013044412,100000,1224.0630013044429,98928.45508830342,0.987142750991924,7265443.91760998,72.6544391760998
Morovis,1995-1999,1,1,4,4.898347345988246e-4,1.6161189817706971,0.0019570536717028898,98775.93699869556,193.30981017918384,394642.92040765856,0.99811734551835,7166515.462521677,72.55325214091685
Morovis,1995-1999,1,5,5,2.2002567834504062e-4,2.5,0.001099523583169595,98582.62718851637,108.39392348458932,492642.15113387036,0.9988159138157513,6771872.542114018,68.6923521439978
Morovis,1995-1999,1,10,5,2.5390944602155256e-4,2.5,0.0012687418662467554,98474.23326503178,124.93838248989778,492058.8203689342,0.997069933623916,6279230.390980149,63.765212307673835
Morovis,1995-1999,1,15,5,9.208151539331903e-4,2.5,0.004593501355521509,98349.29488254189,451.76761935753166,490617.05536431563,0.9937368738371373,5787171.570611214,58.84304079172918
Morovis,1995-1999,1,20,5,0.0015944213734304386,2.5,0.007940455786101844,97897.52726318435,777.3509868020192,487544.25884891674,0.9907348380805986,5296554.515246899,54.10304696468812
Morovis,1995-1999,1,25,5,0.002131391077779364,2.5,0.010600471015539868,97120.17627638234,1029.5196136418963,483027.08234780695,0.9887595376521406,4809010.256397982,49.51607833487259
Morovis,1995-1999,1,30,5,0.0023916774213674497,2.5,0.011887310576073307,96090.65666274044,1142.2594792088348,477597.6346156801,0.9842799071793176,4325983.174050175,45.01981071097824
Morovis,1995-1999,1,35,5,0.0039585890949165505,2.5,0.01959898465724375,94948.3971835316,1860.892179629911,470089.7554685832,0.9809246446550416,3848385.539434495,40.531337585359275
Morovis,1995-1999,1,40,5,0.0037429511666087533,2.5,0.018541258272341626,93087.5050039017,1725.9594722052425,461122.62633899535,0.9774016629082087,3378295.7839659117,36.29161382963603
Morovis,1995-1999,1,45,5,0.005418840453318454,2.5,0.02673206034164266,91361.54553169645,2442.282348059045,450702.02178833465,0.9687839389949686,2917173.157626916,31.929989150794835
Morovis,1995-1999,1,50,5,0.007295314945070328,2.5,0.035823220534978197,88919.2631836374,3185.3743748352135,436632.879981099,0.9540279963744919,2466471.1358385817,27.738321793611675
Morovis,1995-1999,1,55,5,0.011628051322697567,2.5,0.056497856671005674,85733.88880880219,4843.780961767639,416559.99163959187,0.9307164734463438,2029838.2558574826,23.676031544355673
Morovis,1995-1999,1,60,5,0.01728277059414509,2.5,0.0828348151999525,80890.10784703455,6700.517135013346,387699.2463976394,0.9110019267492243,1613278.2642178908,19.944073597585565
Morovis,1995-1999,1,65,5,0.020105839700608346,2.5,0.09571797295146826,74189.5907120212,7101.277237053742,353194.76046747173,0.8654274189209462,1225579.0178202514,16.51955491407862
Morovis,1995-1999,1,70,5,0.038967095326215485,2.5,0.17753993746277197,67088.31347496746,11910.854978828567,305664.4299277659,0.7931410060910267,872384.2573527796,13.003520466769382
Morovis,1995-1999,1,75,5,0.05519384561028453,2.5,0.24250699407539397,55177.4584961389,13380.91960061845,242434.99347914837,0.7022189335262352,566719.8274250136,10.2708577537088
Morovis,1995-1999,1,80,5,0.09102372198688859,2.5,0.37075081268403204,41796.53889552045,15496.100762893955,170242.44257036736,0.4750218796886847,324284.8339458653,7.758652809900979
Morovis,1995-1999,1,85,NA,0.17349253326654038,5.857027574928634,1,26300.438132626492,26300.438132626492,154042.39137549791,0,154042.39137549791,5.857027574928634
Morovis,1995-1999,2,0,1,0.007362913435244407,0.13389722490394523,0.007316257371101398,100000,731.6257371101383,99366.33691875721,0.9923909339211464,8066788.500170675,80.66788500170675
Morovis,1995-1999,2,1,4,2.475172605117562e-4,1.512096449257218,9.894597336619496e-4,99268.37426288986,98.2220591592195,396829.130041816,0.9989945761350987,7967422.163251918,80.26143494756951
Morovis,1995-1999,2,5,5,1.244154818715253e-4,2.5,6.218839793702228e-4,99170.15220373064,61.67232888720173,495696.5801964352,0.9993440945732377,7570593.033210102,76.33943142143636
Morovis,1995-1999,2,10,5,1.3803722820047938e-4,2.5,6.899480447131606e-4,99108.47987484344,68.37970190413762,495371.45011945686,0.9984561570780193,7074896.453013666,71.38537955529148
Morovis,1995-1999,2,15,5,4.8024135781292215e-4,2.5,0.0023983273491080723,99040.1001729393,237.53058090317063,494606.6744124386,0.9968775206848138,6579525.00289421,66.43293970225538
Morovis,1995-1999,2,20,5,7.711582940835367e-4,2.5,0.0038483722100464387,98802.56959203613,380.2290630991629,493062.2753024327,0.9955532978486336,6084918.328481771,61.58664044474648
Morovis,1995-1999,2,25,5,0.0010120227301143024,2.5,0.0050473435844860205,98422.34052893697,496.77136903883365,490869.77422208776,0.9947897031763804,5591856.053179339,56.814906281722564
Morovis,1995-1999,2,30,5,0.0010777111945472896,2.5,0.00537407671614309,97925.56915989814,526.2595211372536,488312.1969966475,0.9929504021997817,5100986.2789572505,52.09044300399302
Morovis,1995-1999,2,35,5,0.0017544964196404532,2.5,0.008734171914819578,97399.30963876088,850.7023147696891,484869.7924068802,0.9913026486406598,4612674.081960603,47.35838579419407
Morovis,1995-1999,2,40,5,0.0017395738087256,2.5,0.008660206373165707,96548.6073239912,836.1308644675009,480652.70945878717,0.9885437326962575,4127804.289553723,42.75363885573119
Morovis,1995-1999,2,45,5,0.002875879962353665,2.5,0.014276754233201544,95712.47645952369,1366.463503463703,475146.2235389592,0.9828737966114963,3647151.580094936,38.105289038647925
Morovis,1995-1999,2,50,5,0.004043857315914205,2.5,0.02001692263200225,94346.01295605999,1888.5168419793335,467008.7726753516,0.9773375741225186,3172005.3565559764,33.62097938397548
Morovis,1995-1999,2,55,5,0.0051375422044797605,2.5,0.025361965600742855,92457.49611408066,2344.9038359761325,456425.2209804629,0.9689298793924419,2704996.5838806247,29.25664978578921
Morovis,1995-1999,2,60,5,0.007524286528468787,2.5,0.036926812841340466,90112.59227810452,3327.5708297015954,442244.0343162686,0.9468592461205616,2248571.362900162,24.95290953300561
Morovis,1995-1999,2,65,5,0.014502699402861571,2.5,0.06997638096810643,86785.02144840293,6072.901723198724,418742.85293401784,0.9165648133000384,1806327.3285838934,20.813814393741037
Morovis,1995-1999,2,70,5,0.020589242575413468,2.5,0.09790665329117032,80712.1197252042,7902.2535223310115,383804.9648201935,0.8861858109095127,1387584.4756498756,17.191773433458355
Morovis,1995-1999,2,75,5,0.028139057016934893,2.5,0.13144821317164654,72809.86620287319,9570.726813634326,340122.51398028014,0.8190026564469769,1003779.510829682,13.786311707163545
Morovis,1995-1999,2,80,5,0.05404119273102719,2.5,0.2380453297903349,63239.139389238866,15053.781791568326,278561.2424672735,0.5802632326793882,663656.9968494019,10.494402726839347
Morovis,1995-1999,2,85,NA,0.14009717568352847,7.991966306393986,1,48185.35759767054,48185.35759767054,385095.7543821284,0,385095.7543821284,7.991966306393986
Morovis,2000-2004,1,0,1,0.012565991841434806,0.12421519158000892,0.012429207115081194,100000,1242.9207115081226,98911.46892279062,0.9872114477118886,7451428.535173797,74.51428535173797
Morovis,2000-2004,1,1,4,3.549592388449534e-4,1.6155507989622604,0.0014186362468080207,98757.07928849188,140.10037230755552,394694.2549331537,0.9984970765821609,7352517.066251006,74.45053174135124
Morovis,2000-2004,1,5,5,1.7937798973081728e-4,2.5,8.964879231504048e-4,98616.97891618432,88.40893061594397,492863.8722543818,0.9989870985725114,6957822.811317853,70.55400487609121
Morovis,2000-2004,1,10,5,2.2601150864430886e-4,2.5,0.001129419388771673,98528.56998556838,111.2800772896444,492364.6497346178,0.9971261016222727,6464958.939063471,65.61506921302525
Morovis,2000-2004,1,15,5,9.262096749288527e-4,2.5,0.004620349842829303,98417.28990827873,454.72230995939753,490949.64376649517,0.9937979410937172,5972594.289328853,60.686433195783884
Morovis,2000-2004,1,20,5,0.0015643158667377878,2.5,0.00779110994143672,97962.56759831934,763.2371343039413,487904.7451558368,0.9908258588015514,5481644.645562357,55.95652278163033
Morovis,2000-2004,1,25,5,0.0021248341410752174,2.5,0.010568032415176693,97199.3304640154,1027.2056750771735,483428.63813238405,0.9894346396266196,4993739.900406521,51.37627879294165
Morovis,2000-2004,1,30,5,0.002123748173067708,2.5,0.01056265979174988,96172.12478893822,1015.8334355952684,478321.0403557029,0.9877988623013542,4510311.262274137,46.89832185960932
Morovis,2000-2004,1,35,5,0.002790757320744512,2.5,0.013857107046387446,95156.29135334295,1318.5909154205146,472484.97947816347,0.9852685145319121,4031990.221918434,42.372292620636955
Morovis,2000-2004,1,40,5,0.003148214746275849,2.5,0.015618150502078746,93837.70043792244,1465.571328208447,465524.5738690911,0.9800492283183544,3559505.2424402703,37.932571086341056
Morovis,2000-2004,1,45,5,0.004930460416436116,2.5,0.024352134000319766,92372.12910971399,2249.4584659745888,456236.9993836335,0.9714761572437141,3093980.6685711793,33.49474239027594
Morovis,2000-2004,1,50,5,0.006669311066224057,2.5,0.032799677205728434,90122.6706437394,2955.9945060328173,443223.366953615,0.9560968346652068,2637743.669187546,29.268369993325127
Morovis,2000-2004,1,55,5,0.011392104515759876,2.5,0.05538319472207304,87166.676137706585,4827.568997810493,423764.4581940067,0.9425223601976986,2194520.3022339307,25.176138399117235
Morovis,2000-2004,1,60,5,0.01230628778157333,2.5,0.05969488288809609,82339.10713989609,4915.2233578265,399407.4773049142,0.930236232457941,1770755.8440399242,21.50564786950347
Morovis,2000-2004,1,65,5,0.016769094441777276,2.5,0.08047187118919118,77423.88378206959,6230.444802677608,371543.30690365395,0.886831081706522,1371348.36673501,17.712213592837063
Morovis,2000-2004,1,70,5,0.03213517598049731,2.5,0.14872742496643043,71193.43897939198,10588.416853909664,329496.1527621857,0.8191053683259952,999805.059831356,14.04349999331771
Morovis,2000-2004,1,75,5,0.049105619672970405,2.5,0.21868183127491533,60605.02212548232,13253.217222857238,269892.0675702685,0.7341557307383796,670308.9070691703,11.060286483870922
Morovis,2000-2004,1,80,5,0.0779563321995953,2.5,0.3262069228828236,47351.80490262508,15446.48657023313,198142.8080875426,0.5051586533285995,400416.8394989018,8.456210704582954
Morovis,2000-2004,1,85,NA,0.16358556784431177,6.339821759621812,1,31905.31833239195,31905.31833239195,202274.0314113592,0,202274.0314113592,6.339821759621812
Morovis,2000-2004,2,0,1,0.006891305168370274,0.13486650722660362,0.006850463398103581,100000,685.0463398103602,99407.34346732823,0.9929262643963798,8202644.496070028,82.02644496070029
Morovis,2000-2004,2,1,4,2.0660106842567362e-4,1.5128542960512854,8.259798464697579e-4,99314.95366018964,82.03215017638286,397055.7887308617,0.9991523038751542,8103237.1526027005,81.59130980746639
Morovis,2000-2004,2,5,5,9.864096632750317e-5,2.5,4.930832361202889e-4,99232.92151001326,48.93009006783541,496042.2823248967,0.9994536884101493,7706181.363871839,77.65750767596049
Morovis,2000-2004,2,10,5,1.1994919925050188e-4,2.5,5.995662025377791e-4,99183.99141994542,59.467369088190026,495771.2886770066,0.9986906995847064,7210139.081546942,72.69458486520455
Morovis,2000-2004,2,15,5,4.0430031744050326e-4,2.5,0.002019460415984414,99124.52405085723,200.17805257400323,495122.17512285116,0.9973693146412693,6714367.792869935,67.73669641455261
Morovis,2000-2004,2,20,5,6.496829374431633e-4,2.5,0.0032431471438084418,98924.34599828323,320.8262101774453,493819.6644659726,0.996305811566779,6219245.617747084,62.86870592861959
Morovis,2000-2004,2,25,5,8.31062537458352e-4,2.5,0.004146697275392362,98603.51978810578,408.8789468494506,491995.4015734053,0.9952567706809968,5725425.953281111,58.065127549044654
Morovis,2000-2004,2,30,5,0.0010713106622859928,2.5,0.005342245300552391,98194.64084125633,524.5798585736338,489661.7545598476,0.9937321141570495,5233430.551707706,53.29649873833938
Morovis,2000-2004,2,35,5,0.0014449001440515847,2.5,0.007198497943469239,97670.0609826827,703.0777331223508,486592.6105806076,0.9923967882040097,4743768.797147859,48.569323592302744
Morovis,2000-2004,2,40,5,0.0016086152165340779,2.5,0.008010860104018266,96966.98324956035,776.7889375209197,482892.9439039994,0.9906172242732079,4257176.186567251,43.903358069939266
Morovis,2000-2004,2,45,5,0.0021648069724974784,2.5,0.01076577032582327,96190.19431203943,1035.561539559727,478362.0677112978,0.9874378622065793,3774283.2426632517,39.237713050246455
Morovis,2000-2004,2,50,5,0.0028964335421366597,2.5,0.014378055008688669,95154.6327724797,1368.1385443342879,472352.81750156276,0.9828962684885034,3295921.174951954,34.63752713788192
Morovis,2000-2004,2,55,5,0.004013708454228492,2.5,0.0198691696357784,93786.49422814541,1863.4597633639787,464273.8217323171,0.9696663461805465,2823568.357450391,30.106342930163986
Morovis,2000-2004,2,60,5,0.008373759804633927,2.5,0.04101027357213125,91923.03446478143,3769.7887909811398,450190.70034645434,0.9504058104520892,2359294.535718074,25.665977515374482
Morovis,2000-2004,2,65,5,0.01206212744961776,2.5,0.05854518843687025,88153.2456738003,5160.948379294365,427863.85742076556,0.9229070633638735,1909103.8353716196,21.656648269492106
Morovis,2000-2004,2,70,5,0.02034337795227216,2.5,0.09679409273140517,82992.29729450593,8033.164120316738,394878.5761717378,0.8769760125268096,1481239.977950854,17.847921147363053
Morovis,2000-2004,2,75,5,0.032915628962111,2.5,0.1520648678867253,74959.13317418919,11398.650683036532,346299.03916335467,0.8207377812732417,1086361.4017791164,14.492715640863162
Morovis,2000-2004,2,80,5,0.047261451115869144,2.5,0.21133701998219126,63560.48249115266,13432.682958310448,284220.70505998714,0.6159503314620611,740062.3626157616,11.643435254267855
Morovis,2000-2004,2,85,NA,0.1276346865383744,9.09359001998723,1,50127.79953284221,50127.79953284221,455841.65755577444,0,455841.65755577444,9.09359001998723
Morovis,2005-2009,1,0,1,0.009736490059152399,0.12986132091146435,0.00965469455425463,100000,965.4694554254675,99159.90768335576,0.9899325065570473,7610533.30804543,76.1053330804543
Morovis,2005-2009,1,1,4,3.527769207551475e-4,1.6239104053080309,0.001409925841487826,99034.53054457453,139.63134381439886,395806.3455951679,0.9986020015770533,7511373.400362074,75.84600400545418
Morovis,2005-2009,1,5,5,1.620191624947291e-4,2.5,8.097678177145423e-4,98894.89920076013,80.08190670890326,494274.29123702843,0.9991065051192911,7115567.054766906,71.95079940697502
Morovis,2005-2009,1,10,5,1.9555351585409612e-4,2.5,9.772897981303987e-4,98814.81729405123,96.57071284559788,493832.6596881421,0.9979546786513882,6621292.763529878,67.00708400670683
Morovis,2005-2009,1,15,5,6.238509993579437e-4,2.5,0.0031143976965013176,98718.24658120563,307.44787975515646,492822.61320664024,0.9952232100750149,6127460.103841736,62.07018779249981
Morovis,2005-2009,1,20,5,0.0012930415585254839,2.5,0.006444375678699147,98410.79870145048,634.1961576729809,490468.5031130699,0.9926459604231409,5634637.490635096,57.256292652688806
Morovis,2005-2009,1,25,5,0.0016607877712163986,2.5,0.008269603714278297,97776.6025437775,808.5737555655505,486861.57832997356,0.990645497124257,5144168.987522026,52.6114515506798
Morovis,2005-2009,1,30,5,0.0021006640469490054,2.5,0.010448448534289083,96968.02878821194,1013.1654582650808,482307.23029539705,0.9891523142502212,4657307.409192053,48.0293089113329
Morovis,2005-2009,1,35,5,0.0022629581114200835,2.5,0.011251138419726345,95954.86332994686,1079.60144937117,477075.3130263064,0.9869365067465553,4175000.1788966553,43.51004247216374
Morovis,2005-2009,1,40,5,0.0030016512406897283,2.5,0.014896471175484165,94875.2618805757,1413.3066038705,470843.0428932022,0.9829795979549297,3697924.865870349,38.97670259424543
Morovis,2005-2009,1,45,5,0.0038724197178230282,2.5,0.019176450427234443,93461.9552767052,1792.2685521961394,462829.1050030356,0.9740890402590723,3227081.8229771466,34.52829350106135
Morovis,2005-2009,1,50,5,0.00666465170044556,2.5,0.03277713798127125,91669.68672450905,3004.6699704691564,450836.7586963724,0.9651648490294709,2764252.717974111,30.154490723650014
Morovis,2005-2009,1,55,5,0.007531779358806806,2.5,0.036962905669133274,88665.0167540399,3277.3166504316905,435131.79214412026,0.9468858489542333,2313415.959277739,26.091642949724378
Morovis,2005-2009,1,60,5,0.014483140786870869,2.5,0.0698853070808888,85387.70010360821,5967.345642671498,412020.1364113623,0.9189114270846436,1878284.1671336184,21.99712798042968
Morovis,2005-2009,1,65,5,0.019536473102992592,2.5,0.09313360985516296,79420.35446093671,7396.704306923639,378610.01153737446,0.8812600451252077,1466264.030722256,18.46206858020818
Morovis,2005-2009,1,70,5,0.031726740593296596,2.5,0.1469760272421227,72023.65015401307,10585.749967113326,333653.87585228204,0.8333447270156095,1087654.0191848816,15.101345417221664
Morovis,2005-2009,1,75,5,0.04192186914720259,2.5,0.18972525269274945,61437.900186899744,11656.321137871477,278048.69808982004,0.764701960707418,754000.1433325997,12.272557184390447
Morovis,2005-2009,1,80,5,0.06825841864135274,2.5,0.2915416612878157,49781.57904902827,14513.40425748442,212624.3846014303,0.5532645467796152,475951.4452427796,9.560794461220896
Morovis,2005-2009,1,85,NA,0.15163051978342623,7.466421559884253,1,35268.17479154385,35268.17479154385,263327.0606413493,0,263327.0606413493,7.466421559884253
Morovis,2005-2009,2,0,1,0.006114588200558816,0.13646287030903748,0.006082471692015804,100000,608.2471692015824,99474.75598536502,0.9937193232038619,8278022.6210410325,82.78022621041032
Morovis,2005-2009,2,1,4,1.843440826339408e-4,1.5141038185570903,7.370385750532952e-4,99391.75283079842,73.25555587845156,397384.90561656596,0.9992436459353718,8178547.865055668,82.28598079941891
Morovis,2005-2009,2,5,5,8.751671993521726e-5,2.5,4.3748788091521357e-4,99318.49727491997,43.45063890849997,496483.85977732856,0.9995029358588778,7781162.959439102,78.34555669826884
Morovis,2005-2009,2,10,5,1.1136429170962214e-4,2.5,5.566664766283901e-4,99275.04663601147,55.26309042799403,496237.07545398735,0.9988211026398341,7284679.099661773,73.37875273300851
Morovis,2005-2009,2,15,5,3.6061978607050915e-4,2.5,0.0018014748116995296,99219.78354558347,178.74194087964133,495652.0628757182,0.9975170394609563,6788442.024207786,68.41823053452889
Morovis,2005-2009,2,20,5,6.341389715897292e-4,2.5,0.003165676161385228,99041.04160470383,313.5318644067738,494421.3783625022,0.9965662786884134,6292789.961332068,63.53719487773642
Morovis,2005-2009,2,25,5,7.418970206557566e-4,2.5,0.0037026177006768846,98727.50974029706,365.550225108178,492723.67313871486,0.9960635364340468,5798368.582969566,58.73103249765124
Morovis,2005-2009,2,30,5,8.359792074173738e-4,2.5,0.004171178490864895,98361.95951518888,410.2852898490819,490784.0843513217,0.9948225367962671,5305644.909830851,53.940008271302915
Morovis,2005-2009,2,35,5,0.0012414335506039259,2.5,0.006187962891162176,97951.6742253398,606.121325233602,488243.06781361497,0.9929317323569631,4814860.825479529,49.1554724669927
Morovis,2005-2009,2,40,5,0.0015971626799018395,2.5,0.007954053605577282,97345.5529001062,774.2917460320168,484792.0351354509,0.9913451773775558,4326617.757665914,44.44597240210645
Morovis,2005-2009,2,45,5,0.0018810464928157432,2.5,0.009361210284642622,96571.26115407418,904.0238831164315,480596.2460625798,0.9889557861334617,3841825.7225304632,39.782287987324096
Morovis,2005-2009,2,50,5,0.0025649670990016186,2.5,0.012743121277966663,95667.23727095775,1219.0992068718188,475288.4383376092,0.9830770841112139,3361229.476467883,35.13459332945816
Morovis,2005-2009,2,55,5,0.004276571313137497,2.5,0.0211566616351113,94448.13806408593,1998.2072990881425,467245.1720727093,0.9730731778630547,2885941.038130274,30.55582775143831
Morovis,2005-2009,2,60,5,0.006673863476436855,2.5,0.03282169854431054,92449.93076499779,3034.363758011139,454663.7444299611,0.9567417305398045,2418695.866057565,26.162224742014633
Morovis,2005-2009,2,65,5,0.011110045656359174,2.5,0.054049010836606494,89415.56700698665,4832.822950121932,434995.77765962837,0.9321890309937023,1964032.1216276037,21.965214641809972
Morovis,2005-2009,2,70,5,0.017179285974958106,2.5,0.08235924722297608,84582.74405686471,6966.171128577029,405498.29246288096,0.8886531248371243,1529036.3439679754,18.077402914949282
Morovis,2005-2009,2,75,5,0.030787563027144867,2.5,0.142936173973086,77616.57292828769,11094.215971272453,360347.3247132573,0.8277100066754757,1123538.0515050944,14.475491626552044
Morovis,2005-2009,2,80,5,0.046064967192808184,2.5,0.2065392737865332,66522.35695701523,13739.479296470461,298263.0865439,0.6091893204760437,763190.726791837,11.472695221622832
Morovis,2005-2009,2,85,NA,0.1245327651087726,8.808304148136106,1,52782.87766054477,52782.87766054477,464927.64024793706,0,464927.64024793706,8.808304148136106
Morovis,2010-2014,1,0,1,0.010779067414686157,0.12778090992736452,0.010678669676583128,100000,1067.8669676583086,99068.58604515044,0.9889493364575289,7723469.035816741,77.23469035816741
Morovis,2010-2014,1,1,4,3.427619507272748e-4,1.620825168264455,0.0013699306373428624,98932.13303234169,135.53016005869722,395406.082183614,0.9985778927361195,7624400.449771591,77.06697729118117
Morovis,2010-2014,1,5,5,1.713684666278563e-4,2.5,8.564754009488688e-4,98796.602872283,84.61686005741649,493771.4722112714,0.9990996442740311,7228994.367587977,73.17047507122376
Morovis,2010-2014,1,10,5,1.8894394051848537e-4,2.5,9.442736656241498e-4,98711.98601222558,93.2111288728047,493326.9022389459,0.9975471015239603,6735222.895376706,68.2310544794686
Morovis,2010-2014,1,15,5,7.941634522191163e-4,2.5,0.003962949187576146,98618.77488335277,390.8211938037275,492116.82143225457,0.9952168722323981,6241895.99313776,63.29318124789863
Morovis,2010-2014,1,20,5,0.0011244661199436852,2.5,0.005606569605791379,98227.95368954905,550.7218595949234,489762.96379875793,0.992236139184715,5749779.171705505,58.53506008969473
Morovis,2010-2014,1,25,5,0.001996579370509606,2.5,0.009933315221915914,97677.23182995412,970.2587337710866,485960.5123153429,0.9903983266534813,5260016.207906747,53.850995870397796
Morovis,2010-2014,1,30,5,0.0018619679763888783,2.5,0.009266704116166957,96706.97309618304,896.1549056524382,481294.4782167841,0.9897828799962064,4774055.695591404,49.36619917617743
Morovis,2010-2014,1,35,5,0.002247846543008579,2.5,0.01117642549153206,95810.8181905306,1070.8224707891932,476377.03477568,0.9884099038260262,4292761.21737462,44.804556504652545
Morovis,2010-2014,1,40,5,0.0024161958690787394,2.5,0.012008442472652465,94739.9957197414,1137.679788459849,470855.7791275574,0.984529833157282,3816384.18259894,40.28271432361594
Morovis,2010-2014,1,45,5,0.0038311392311113565,2.5,0.01897396638805908,93602.31593128156,1776.00719632463,463571.56166559615,0.9789947651325241,3345528.403471383,35.74194046574139
Morovis,2010-2014,1,50,5,0.004669028761619862,2.5,0.023075789990196,91826.30873495693,2118.964615942765,453834.1321349277,0.9718022262521795,2881956.841805787,31.384870866628532
Morovis,2010-2014,1,55,5,0.006801878570499411,2.5,0.033440743166679526,89707.34411901416,2999.8802548488893,441037.01995794853,0.9579139326117972,2428122.709670859,27.067156357337744
Morovis,2010-2014,1,60,5,0.010473329641868328,2.5,0.05103050008635712,86707.46386416527,4424.725242208078,422475.5062153062,0.9239404172577308,1987085.6897129104,22.917123868665467
Morovis,2010-2014,1,65,5,0.02159284633770299,2.5,0.10243459548840046,82282.73862195719,8428.599046417978,390342.195493741,0.8907355521007012,1564610.1834976042,19.015047502078243
Morovis,2010-2014,1,70,5,0.024825474597781082,2.5,0.11687375678817521,73854.139575539215,8631.610746551523,347691.67101131723,0.853072455552962,1174267.9880038633,15.899826262315369
Morovis,2010-2014,1,75,5,0.03979209850238404,2.5,0.1809586786024003,65222.52882898769,11802.58263200058,296606.187564937,0.778216043243976,826576.3169925461,12.67317185998437
Morovis,2010-2014,1,80,5,0.0628636284547636,2.5,0.2716291563656848,53419.94619698711,14510.41491858787,230823.69368846586,0.564459049913312,529970.129427609,9.920828588507627
Morovis,2010-2014,1,85,NA,0.12592076764176796,7.688255959670615,1,38909.53127839924,38909.53127839924,299146.43573914317,0,299146.43573914317,7.688255959670615
Morovis,2010-2014,2,0,1,0.0050531847199077684,0.13864434104071516,0.005031285600268929,100000,503.1285600268893,99566.6273676368,0.9947568139615839,8332113.884403698,83.32113884403698
Morovis,2010-2014,2,1,4,1.7779732519098158e-4,1.5158140983283626,7.108753202089864e-4,99496.87143997311,70.72987034467224,397811.7796131552,0.9993014138855271,8232547.257036061,82.74177004653652
Morovis,2010-2014,2,5,5,8.028676447025093e-5,2.5,4.013532639638216e-4,99426.14156962844,39.90500644230633,497030.94533203647,0.999554701538209,7834735.477422906,78.79955265020735
Morovis,2010-2014,2,10,5,9.787620436931643e-5,2.5,4.892613042480707e-4,99386.23656318613,48.62583972522407,496809.6182166176,0.998922074387249,7337704.53209087,73.83018802030828
Morovis,2010-2014,2,15,5,3.336536945942647e-4,2.5,0.001666878072902668,99337.61072346091,165.58368512947345,496274.0944044809,0.9975823194635919,6840894.913874252,68.86510420426907
Morovis,2010-2014,2,20,5,6.349536350138748e-4,2.5,0.0031697365856516338,99172.02703833143,314.3492023766303,495074.2621857156,0.996600903345265,6344620.819469771,63.97591144343034
Morovis,2010-2014,2,25,5,7.271567027960928e-4,2.5,0.0036291860465817987,98857.6778359548,358.7729049997288,493391.45691727474,0.9962440685999927,5849546.557284055,59.171393515745315
Morovis,2010-2014,2,30,5,7.781384920024221e-4,2.5,0.0038831384113430126,98498.90493095508,382.4848812126147,491538.3124517438,0.9952420452231375,5356155.1003667805,54.377813683525645
Morovis,2010-2014,2,35,5,0.0011304219150933574,2.5,0.005636181417985954,98116.42004974246,553.0019434836722,489199.5953900031,0.9938933123889411,4864616.787915037,49.5800477172812
Morovis,2010-2014,2,40,5,0.0013203158859938812,2.5,0.0065798606934663805,97563.41810625879,641.9536999175907,486212.20628149994,0.9918291107968356,4375417.192525034,44.84690345473194
Morovis,2010-2014,2,45,5,0.001964088141864333,2.5,0.009772455797947558,96921.4644063412,947.1607267833315,482239.42021474766,0.9886742323864034,3889204.986243534,40.12738571445974
Morovis,2010-2014,2,50,5,0.00259561625003631,2.5,0.012894408906947832,95974.30367955787,1237.5319162038068,476777.68860727985,0.9814796687772545,3406965.566028786,35.49872659044314
Morovis,2010-2014,2,55,5,0.004903327488237652,2.5,0.024219744098695227,94736.77176335406,2294.5003688449215,467947.607894658,0.9723437500154408,2930187.877421506,30.929783893638618
Morovis,2010-2014,2,60,5,0.0063343570681544045,2.5,0.03117805303917209,92442.27139450914,2882.1700405995507,455005.93187104684,0.9604974751792539,2462240.269526848,26.63543671508162
Morovis,2010-2014,2,65,5,0.009855989323009151,2.5,0.04809488981380534,89560.10135390959,4307.383206329527,437032.0487537241,0.9400610629777839,2007234.3376558013,22.41214901850018
Morovis,2010-2014,2,70,5,0.015019859923940929,2.5,0.0723814032740195,85252.71814758006,6170.7113724463125,410836.81230678456,0.9046905692981715,1570202.2889020774,18.41820792369244
Morovis,2010-2014,2,75,5,0.025537916654435427,2.5,0.12002651540531879,79082.00677513375,9491.937704479118,371680.18961447093,0.8403807351070505,1159365.4765952928,14.660294090562196
Morovis,2010-2014,2,80,5,0.04558622979126755,2.5,0.2046123813683478,69590.06907065463,14238.989752134454,312352.870972937,0.6034547348596827,787685.2869808218,11.318932392222326
Morovis,2010-2014,2,85,NA,0.11488439388501974,8.587590736443708,1,55351.07931852018,55351.07931852018,475332.41600788484,0,475332.41600788484,8.587590736443708
Morovis,2015-2019,1,0,1,0.008752934084280937,0.1318239576815216,0.008686921406910351,100000,868.692140691026,99245.8222953017,0.990997019111011,7838536.573528543,78.38536573528543
Morovis,2015-2019,1,1,4,2.898245441714687e-4,1.626826305800979,0.001158501354838361,99131.30785930897,114.8437544619228,396252.6872602038,0.9988177024840468,7739290.7512332415,78.07110506619307
Morovis,2015-2019,1,5,5,1.3710509477528484e-4,2.5,6.852905818010082e-4,99016.46410484705,67.85505029428168,494912.68289849954,0.9992432847734922,7343038.0639730375,74.15976858351156
Morovis,2015-2019,1,10,5,1.657063883751049e-4,2.5,8.281888514168723e-4,98948.60905455277,81.94813488218642,494538.1749355584,0.9980935161861451,6848125.381074538,69.20891002418236
Morovis,2015-2019,1,15,5,5.980272664706688e-4,2.5,0.0029856725483716454,98866.66091967058,295.18347545703,493595.3459097104,0.9957861567004817,6353587.20613898,64.26420339310626
Morovis,2015-2019,1,20,5,0.001092112042348581,2.5,0.005445691947356332,98571.47744421355,536.7899009569664,491515.4124686753,0.9934550288797247,5859991.86022927,59.449163309393704
Morovis,2015-2019,1,25,5,0.001535929016819473,2.5,0.0076502694071749495,98034.68754325659,749.9917709541478,488298.4582888976,0.9922340668082987,5368476.447760594,54.76098901617676
Morovis,2015-2019,1,30,5,0.001582735679407403,2.5,0.007882488656937367,97284.69577230244,766.845510918778,484506.3650842153,0.9906522432144217,4880177.989471696,50.1638819007451
Morovis,2015-2019,1,35,5,0.002176714431925193,2.5,0.01082466663938912,96517.85026138366,1044.7735538299457,479977.3174223434,0.9892360759123645,4395671.624387481,45.542576968751334
Morovis,2015-2019,1,40,5,0.0021520193763310317,2.5,0.010702516822710206,95473.07670755372,1021.8022095784982,474810.87801382237,0.9864403705005079,3915694.306965138,41.01359715220462
Morovis,2015-2019,1,45,5,0.0033168070988474274,2.5,0.016447651277942024,94451.27449797522,1553.5016256998642,468372.6184256264,0.9796555598395873,3440883.4289513156,36.43024879484373
Morovis,2015-2019,1,50,5,0.00492108569884202,2.5,0.02430639387597638,92897.77287227535,2258.009857634519,458843.8397172905,0.972991563033699,2972510.8105256893,31.997654180715166
Morovis,2015-2019,1,55,5,0.006045570497382171,2.5,0.029777793118032043,90639.76301464083,2699.0521113174327,446451.18479491054,0.9574680845729422,2513666.9708083984,27.73249716465357
Morovis,2015-2019,1,60,5,0.011454372057041095,2.5,0.0556774837500239,87940.7109033234,4896.317502285339,427462.76076090365,0.937448966851552,2067215.786013488,23.50692602753755
Morovis,2015-2019,1,65,5,0.014471231695843738,2.5,0.06982984868037033,83044.39340103806,5798.977424947618,400724.5234428213,0.9122070904024973,1639753.0252525844,19.745499462364517
Morovis,2015-2019,1,70,5,0.022632944164079752,2.5,0.10710449564619322,77245.41597609044,8273.331319099569,365543.7515827033,0.8604674539988879,1239028.501809763,16.040155731613588
Morovis,2015-2019,1,75,5,0.038560522053641674,2.5,0.1758504020064315,68972.08465699088,12128.768814153467,314538.5012495707,0.7823091743003898,873484.7502270598,12.664322886150797
Morovis,2015-2019,1,80,5,0.06201615655292498,2.5,0.26845882194087684,56843.31584283741,15260.089606381312,246066.35519823377,0.5597674093915536,558946.2489774891,9.833104221486396
Morovis,2015-2019,1,85,NA,0.12103450813680056,7.524185160625005,1,41583.226236456096,41583.226236456096,312879.89377925533,0,312879.89377925533,7.524185160625005
Morovis,2015-2019,2,0,1,0.004821511029688381,0.13912049302601237,0.004801580915536051,100000,480.1580915536033,99586.64173887376,0.9950159530499868,8622623.22721772,86.22623227217721
Morovis,2015-2019,2,1,4,1.5989371390898142e-4,1.5161878278504228,6.393209519072988e-4,99519.8419084464,63.625120062570204,397921.3347861197,0.9993646212379752,8523036.585478848,85.64158083490167
Morovis,2015-2019,2,5,5,7.177383576588386e-5,2.5,3.588047968380187e-4,99456.21678838383,35.685367659054464,497191.8705227715,0.9996011117973904,8125115.250692727,81.69539836791495
Morovis,2015-2019,2,10,5,8.781647423349365e-5,2.5,4.3898599566152607e-4,99420.53142072477,43.64422097490751,496993.5465511866,0.9990870325171612,7627923.380169956,76.7238242560819
Morovis,2015-2019,2,15,5,2.7762398056874616e-4,2.5,0.0013871571326316422,99376.88719974986,137.85135789787455,496539.8076040046,0.9980732273322479,7130929.833618769,71.75642178533359
Morovis,2015-2019,2,20,5,4.940369834887312e-4,2.5,0.0024671377741841334,99239.03584185199,244.83637399904546,495583.0882742623,0.9972311828839339,6634390.026014765,66.85262477345482
Morovis,2015-2019,2,25,5,6.151932204562136e-4,2.5,0.0030712425832421005,98994.19946785294,304.03520089962694,494210.90933701565,0.9965036855926888,6138806.937740503,62.0117842332166
Morovis,2015-2019,2,30,5,7.860809285441331e-4,2.5,0.003922695751922996,98690.16426695332,387.1314881265571,492482.9926144502,0.9956394708253248,5644596.028403487,57.1951224352516
Morovis,2015-2019,2,35,5,9.623269962687549e-4,2.5,0.004800086848447036,98303.03277882676,471.86309480409545,490335.50615712354,0.9942529277077851,5152113.035789036,52.41051969760527
Morovis,2015-2019,2,40,5,0.0013442272920417852,2.5,0.006698625272931337,97831.16968402267,655.3343457258306,487517.51255579875,0.9922844731191707,4661777.529631913,47.651250053419865
Morovis,2015-2019,2,45,5,0.0017555282859704616,2.5,0.008739286269240197,97175.83533829683,849.2474434739124,483756.0580827994,0.9898750265840186,4174260.017076114,42.95574102907707
Morovis,2015-2019,2,50,5,0.002317930060666423,2.5,0.01152287724445638,96326.58789482292,1109.9594476893835,478858.0408548911,0.9868860336807065,3690503.9589933148,38.31241238424123
Morovis,2015-2019,2,55,5,0.0029665598327823406,2.5,0.014723603040477422,95216.62844713354,1401.9318401082128,472578.3126353972,0.9778958526575785,3211645.918138424,33.729884900530834
Morovis,2015-2019,2,60,5,0.006007898579608213,2.5,0.029594983746013066,93814.69660702533,2776.4444212220696,462132.37198207143,0.9683023198860953,2739067.6055030264,29.196572654032448
Morovis,2015-2019,2,65,5,0.006889556421529973,2.5,0.03386450358727085,91038.25218580326,3082.96521772501,447483.8478847037,0.953236172331341,2276935.2335209553,25.01075294013637
Morovis,2015-2019,2,70,5,0.01239564232758307,2.5,0.06011529247797771,87955.28696807825,5287.457801070486,426557.790337715,0.9238173701710626,1829451.3856362514,20.799788718786367
Morovis,2015-2019,2,75,5,0.019568163781813898,2.5,0.09327763863413545,82667.82916700776,7711.0598957085895,394061.49609576736,0.876321942781091,1402893.5952985364,16.970248395713565
Morovis,2015-2019,2,80,5,0.03412337138432198,2.5,0.15720587111221496,74956.76927129917,11783.64420905189,345324.7358338662,0.6576985049278671,1008832.099202769,13.458852469366622
Morovis,2015-2019,2,85,NA,0.11972640399732801,10.50300048818417,1,63173.12506224728,63173.12506224728,663507.3633689028,0,663507.3633689028,10.50300048818417
Morovis,2020-2024,1,0,1,0.010627900760770494,0.1280825554269205,0.010530319949585504,100000,1053.0319949585537,99081.84303390204,0.9891685259698212,7847301.011477005,78.47301011477005
Morovis,2020-2024,1,1,4,3.0341656841296517e-4,1.6212721459918988,0.0012127909473127487,98946.96800504145,120.00198706056108,395502.4199510085,0.9986976921045339,7748219.168443102,78.3067872079549
Morovis,2020-2024,1,5,5,1.5764508386314742e-4,2.5,7.879148920426544e-4,98826.96601798089,77.86723826096568,493940.161994252,0.9991713679633736,7352716.748492094,74.39990363717448
Morovis,2020-2024,1,10,5,1.7395187288217143e-4,2.5,8.6938128815255e-4,98749.09877971992,85.85061870100617,493530.8673518471,0.9981745221940942,6858776.586497842,69.45659931335422
Morovis,2020-2024,1,15,5,5.572565088692888e-4,2.5,0.0027824062593505895,98663.24816101891,274.521239251073,492629.9377069669,0.9958513882463945,6365245.719145995,64.51486077934392
Morovis,2020-2024,1,20,5,0.0011067797922276056,2.5,0.005518629192959115,98388.72692176784,542.97090064855,490586.20735721785,0.9937209826772455,5872615.781439028,59.68789276141911
Morovis,2020-2024,1,25,5,0.0014137038075712229,2.5,0.0070436250390142185,97845.75602111929,689.1888170716265,487505.80806291744,0.9905863887685239,5382029.57408181,55.005242873488946
Morovis,2020-2024,1,30,5,0.0023740894400364537,2.5,0.011800409133402965,97156.56720404766,1146.4872430047253,482916.61791272653,0.9867749130684881,4894523.766018893,50.377693519568695
Morovis,2020-2024,1,35,5,0.0029550258057339713,2.5,0.014666777265404302,96010.07996104294,1408.1584580222843,476530.003660159,0.9862671008303535,4411607.148106166,45.949416456024416
Morovis,2020-2024,1,40,5,0.0025734751366923874,2.5,0.012785120211005321,94601.92150302065,1209.4969386082084,469985.86516858276,0.9856404677400913,3935077.144446007,41.59616508762308
Morovis,2020-2024,1,45,5,0.0032165255699577217,2.5,0.01595433404129989,93392.42456441245,1490.0139384275244,463237.0879759934,0.9792996709906949,3465091.2792774243,37.10248765292052
Morovis,2020-2024,1,50,5,0.005170639982592665,2.5,0.02552327080172843,91902.41062598492,2345.650113738666,453647.92784557794,0.9691414970077984,3001854.191301431,32.66349784357749
Morovis,2020-2024,1,55,5,0.0074011496117271985,2.5,0.03633347435951444,89556.76051224626,3253.9082617928652,439649.0319067491,0.9579701892057657,2548206.263455853,28.453533255118174
Morovis,2020-2024,1,60,5,0.009823661333103521,2.5,0.04794091830202492,86302.85225045339,4137.43798897072,421170.66627984017,0.9409585089408293,2108557.2315491037,24.43206888956589
Morovis,2020-2024,1,65,5,0.014658388185564575,2.5,0.07070103296212482,82165.41426148267,5809.179662047725,396304.12215229403,0.921879079922066,1687386.5652692637,20.536457832480902
Morovis,2020-2024,1,70,5,0.01799583069724446,2.5,0.08610531194641934,76356.23459943495,6574.677399238324,365344.4794990789,0.8798922290617835,1291082.4431169697,16.90867091456241
Morovis,2020-2024,1,75,5,0.03414881582723046,2.5,0.15731387295005306,69781.55720019662,10977.607023648598,321463.7684418616,0.8006734417954161,925737.9636178908,13.266226790583607
Morovis,2020-2024,1,80,5,0.05692933607538082,2.5,0.24918223270299739,58803.95017654802,14652.899596748044,257387.50189087001,0.5740551161283807,604274.1951760292,10.276081680938224
Morovis,2020-2024,1,85,NA,0.11565169440258037,7.856816287036827,1,44151.05057979998,44151.05057979998,346886.69328515924,0,346886.69328515924,7.856816287036827
Morovis,2020-2024,2,0,1,0.00629916608261065,0.1360835129253928,0.00626507185332676,100000,626.5071853326808,99458.75011332039,0.99358284820722,8567132.67399273,85.67132673992731
Morovis,2020-2024,2,1,4,1.6328182494288588e-4,1.5138067280946375,6.528622702189601e-4,99373.49281466732,64.87720411857299,397332.6739902896,0.9993173689382671,8467673.923879411,85.21058970596634
Morovis,2020-2024,2,5,5,7.31423394677328e-5,2.5,3.6564483704167516e-4,99308.61561054875,36.311682571758865,496452.2988463143,0.9995830632311185,8070341.24988912,81.26526787502488
Morovis,2020-2024,2,10,5,9.367142314534142e-5,2.5,4.682474622112832e-4,99272.30392797699,46.48400438214594,496245.30962892954,0.9990520630497941,7573888.951042807,76.29407852302629
Morovis,2020-2024,2,15,5,2.8577425291082713e-4,2.5,0.0014278511568101226,99225.81992359484,141.6797017633362,495774.9003635659,0.9979713523849896,7077643.641413877,71.32864860037189
Morovis,2020-2024,2,20,5,5.267533901019184e-4,2.5,0.0026303031477593964,99084.1402218315,260.6213259185024,494769.1477943613,0.9970525393890521,6581868.741050311,66.42706619156905
Morovis,2020-2024,2,25,5,6.541589620511629e-4,2.5,0.0032654544944490287,98823.518895913,322.70370393594203,493310.83521972515,0.9964476294859005,6087099.59325595,61.595657200461126
Morovis,2020-2024,2,30,5,7.695228739560219e-4,2.5,0.003840226514420063,98500.81519197706,378.2654421922052,491558.4123544048,0.9955898395983328,5593788.758036224,56.78926359273259
Morovis,2020-2024,2,35,5,9.989468023419753e-4,2.5,0.004982291401550091,98122.54974978486,488.8751359165326,489390.560909133,0.9941080591299221,5102230.34568182,51.99855037086424
Morovis,2020-2024,2,40,5,0.0013658772134666425,2.5,0.006806145170832247,97633.67461386832,664.5089629837894,486507.1006618821,0.9906993405059036,4612839.784772687,47.24640143901188
Morovis,2020-2024,2,45,5,0.0023764895038384877,2.5,0.011812268190762757,96969.16565088453,1145.4257909027365,481982.26377716585,0.9877744436897904,4126332.684110805,42.55303896257836
Morovis,2020-2024,2,50,5,0.0025448451681493204,2.5,0.012643784655030417,95823.7398599818,1211.574731629269,476089.7624708358,0.9841883401499467,3644350.420333639,38.031811591352884
Morovis,2020-2024,2,55,5,0.003840544149604668,2.5,0.019020101895375417,94612.16512835253,1799.5330212833505,468561.9930885543,0.9789324004148112,3168260.657862803,33.48682120914033
Morovis,2020-2024,2,60,5,0.004685201636524996,2.5,0.02315479596277944,92812.63210706918,2149.0575592077075,458690.5166373266,0.9703592921362018,2699698.664774249,29.08762097878941
Morovis,2020-2024,2,65,5,0.007390130199307418,2.5,0.03628035954475355,90663.57454786147,3289.307082208965,445094.60503378493,0.9434040467259347,2241008.148136922,24.717844617453174
Morovis,2020-2024,2,70,5,0.016163012193171584,2.5,0.07767635142773885,87374.2674656525,6786.91430540329,419904.0515647543,0.9247644283181212,1795913.5431031373,20.55426151422814
Morovis,2020-2024,2,75,5,0.01506461110849261,2.5,0.07258923408700296,80587.35316024921,5849.774243001302,388312.3301937429,0.8861163535123363,1376009.4915383828,17.07475723643841
Morovis,2020-2024,2,80,5,0.03440727322740734,2.5,0.15841020787603396,74737.57891724791,11839.195412432731,344089.9060551577,0.6516240812247375,987697.1613446401,13.215535954653458
Morovis,2020-2024,2,85,NA,0.0904362697186557,10.232492783224087,1,62898.38350481518,62898.38350481518,643607.2552894823,0,643607.2552894823,10.232492783224087
Naguabo,1980-1984,1,0,1,0.01573733758925652,0.1178869297075181,0.01552186138381993,100000,1552.1861383819924,98630.79631980642,0.9838082895900729,7148834.441522946,71.48834441522946
Naguabo,1980-1984,1,1,4,5.501426289675478e-4,1.6062326316505506,0.0021976763662538254,98447.81386161801,216.3564338330325,393273.34847523004,0.9977129322342122,7050203.64520314,71.61361302662519
Naguabo,1980-1984,1,5,5,3.0821233972476935e-4,2.5,0.0015398751772956506,98231.45742778498,151.26418292263406,490779.12668161833,0.9983005407187029,6656930.29672791,67.76780545704275
Naguabo,1980-1984,1,10,5,3.7220391819734144e-4,2.5,0.0018592895038906793,98080.19324486234,182.3594738397369,489945.06753971236,0.9963184602238494,6166151.170046291,62.868464733263444
Naguabo,1980-1984,1,15,5,0.0011044781725872306,2.5,0.00550718445039148,97897.8337710226,539.1414278707816,488141.3152854361,0.9926965767465681,5676206.102506579,57.98091626606262
Naguabo,1980-1984,1,20,5,0.0018302582796649793,2.5,0.009109609054832104,97358.69234315182,886.8996253357909,484576.21265241964,0.9902007722900538,5188064.787221143,53.28815190877068
Naguabo,1980-1984,1,25,5,0.002110110255197269,2.5,0.010495186275510939,96471.79271781603,1012.4894349059614,479827.74000181525,0.9876766526443534,4703488.574568723,48.755065517716886
Naguabo,1980-1984,1,30,5,0.002854404505273363,2.5,0.014170898832687327,95459.30328291007,1352.7441294609307,473914.65609089803,0.9838322653868683,4223660.834566908,44.24567003227923
Naguabo,1980-1984,1,35,5,0.003672058202480998,2.5,0.018193274108851507,94106.55915344914,1712.1064261195424,466252.5297019468,0.9788542663837232,3749746.1784760095,39.84574733374019
Naguabo,1980-1984,1,40,5,0.0048896300587339,2.5,0.02415290338764469,92394.4527273296,2231.5942902774987,456393.27791095426,0.9700656290997665,3283493.6487740627,35.537779074942556
Naguabo,1980-1984,1,45,5,0.0073027206498736215,2.5,0.03585893380835627,90162.8584370521,3233.1439726664394,442731.4322535944,0.9617643734522674,2827100.3708631084,31.355487391039965
Naguabo,1980-1984,1,50,5,0.008309238925677542,2.5,0.040700714720736615,86929.71446438566,3538.1015091700538,425803.31854900316,0.9473556165723692,2384368.9386095144,27.428698613595117
Naguabo,1980-1984,1,55,5,0.013456947129843556,2.5,0.06509479269007172,83391.6129552156,5428.359757410464,403387.16538255184,0.9131860870751458,1958565.6200605112,23.486362125077658
Naguabo,1980-1984,1,60,5,0.023290562943440847,2.5,0.11004527377830003,77963.25319780514,8579.487542799397,368367.5471320272,0.8867308339198853,1555178.4546779592,19.94758287897793
Naguabo,1980-1984,1,65,5,0.024829522834202356,2.5,0.11689170125727134,69383.76565500574,8110.386407049446,326642.8622574051,0.851421529306658,1186810.907545932,17.10502300274486
Naguabo,1980-1984,1,70,5,0.04064011098158619,2.5,0.18445942604296633,61273.3792479563,11302.452367791026,278110.7653203039,0.8019170248775629,860168.0452885269,14.038201513379349
Naguabo,1980-1984,1,75,5,0.04812602534941951,2.5,0.21478790620068972,49970.92688016527,10733.150755498464,223021.7575120802,0.7368821840461433,582057.279968223,11.647918425928902
Naguabo,1980-1984,1,80,5,0.07751727788895259,2.5,0.3246679501594049,39237.77612466681,12739.248343209212,164340.759765311,0.5422715873876082,359035.52245614276,9.150251566638488
Naguabo,1980-1984,1,85,NA,0.16821083295528577,7.3473803637902435,1,26498.527781457597,26498.527781457597,194694.7626908318,0,194694.7626908318,7.3473803637902435
Naguabo,1980-1984,2,0,1,0.010306185186106601,0.12784800677255068,0.010214372684850277,100000,1021.4372684850241,99109.15145033399,0.9894389409146692,7678102.1269255085,76.78102126925509
Naguabo,1980-1984,2,1,4,3.082143376965115e-4,1.5073812156417485,0.0012319109218568668,98978.56273151498,121.93277245864738,395610.3190070006,0.9987305530307561,7578992.975475174,76.5720653676658
Naguabo,1980-1984,2,5,5,1.551935134428586e-4,2.5,7.756666211438039e-4,98856.62995905633,76.67978813800437,494091.4503249366,0.9991590428107896,7183382.656468174,72.66465243093288
Naguabo,1980-1984,2,10,5,1.8134186298471668e-4,2.5,9.062984403046209e-4,98779.95017091832,89.52411477327405,493675.94056765846,0.9978417240661468,6689291.206143238,67.7191190577521
Naguabo,1980-1984,2,15,5,6.834435703666336e-4,2.5,0.0034113891219296646,98690.42605614505,336.67144588653173,492610.4516660089,0.9954497087731733,6195615.265575579,62.778280661701565
Naguabo,1980-1984,2,20,5,0.0011418687557454882,2.5,0.005693091869404287,98353.75461025852,559.9369606970431,490368.93064954993,0.9938010069738153,5703004.81390957,57.98461722695367
Naguabo,1980-1984,2,25,5,0.001346072750320375,2.5,0.006707790815522814,97793.81764956148,655.980471844654,487329.13706819573,0.992779985396476,5212635.88326002,53.3023048751323
Naguabo,1980-1984,2,30,5,0.0015531468339114534,2.5,0.00773569748441722,97137.83717771682,751.4289226973924,483810.61358184065,0.9911814575330815,4725306.746191825,48.645377367695794
Naguabo,1980-1984,2,35,5,0.0019918352364758874,2.5,0.009909829314340026,96386.40825501943,955.1728540295444,479544.1091400233,0.9888457852627328,4241496.132609984,44.00512696134315
Naguabo,1980-1984,2,40,5,0.0024977106594783888,2.5,0.012411055235002345,95431.23540098988,1184.4023337061808,474195.171170684,0.9871658156090225,3761952.0234699603,39.420552481194626
Naguabo,1980-1984,2,45,5,0.002670233364276681,2.5,0.013262631021752468,94246.8330672837,1249.9609719400905,468109.2629065683,0.9792971613903515,3287756.8522992763,34.88453399757333
Naguabo,1980-1984,2,50,5,0.005729519394926735,2.5,0.028243049228812794,92996.87209534361,2626.5152367144037,458418.0723849321,0.9676866178103225,2819647.589392708,30.319811041622
Naguabo,1980-1984,2,55,5,0.007436119657443446,2.5,0.03650201491068317,90370.35685862921,3298.7001135374303,443605.0340093025,0.9561457876982556,2361229.517007776,26.128363316098923
Naguabo,1980-1984,2,60,5,0.010569063204871247,2.5,0.05148494688016644,87071.65674509178,4482.87962228914,424151.08466973604,0.9299784464761275,1917624.4829984736,22.023521254596663
Naguabo,1980-1984,2,65,5,0.018752647731525077,2.5,0.08956431837798415,82588.77712280264,7397.00752867508,394451.3667923255,0.8812993125059183,1493473.3983287376,18.08324872165218
Naguabo,1980-1984,2,70,5,0.03259690193609975,2.5,0.15070335358487955,75191.76959412756,11331.651839816594,347629.7183710963,0.8292257213660444,1099022.031536412,14.616254378221802
Naguabo,1980-1984,2,75,5,0.04306765769234716,2.5,0.19440668685527052,63860.117754310966,12414.833914803035,288263.5039845472,0.757138393536231,751392.3131653157,11.766221854712942
Naguabo,1980-1984,2,80,5,0.07142285393901737,2.5,0.30300972191838854,51445.28383950793,15588.42115022186,218255.366321985,0.5287372281848363,463128.80918076844,9.002356962896256
Naguabo,1980-1984,2,85,NA,0.14474645488903665,6.829193200216899,1,35856.86268928607,35856.86268928607,244873.44285878347,0,244873.44285878347,6.829193200216899
Naguabo,1985-1989,1,0,1,0.0167837824514004,0.11579880130735308,0.016538349368274738,100000,1653.8349368274648,98537.67716641737,0.9826809282526437,7046295.818119107,70.46295818119107
Naguabo,1985-1989,1,1,4,6.180400560924984e-4,1.6031699533533883,0.002468503538801411,98346.16506317254,242.76785648599616,392802.78695990454,0.9976921381305581,6947758.14095269,70.64594879210395
Naguabo,1985-1989,1,5,5,2.533363532733718e-4,2.5,0.0012658800327888884,98103.39720668654,124.18713167270471,490206.5182042509,0.9986044320656995,6554955.353992785,66.81680288994123
Naguabo,1985-1989,1,10,5,3.053169109375547e-4,2.5,0.0015254202132193187,97979.21007501383,149.45946752368764,489522.40170625993,0.9966428671607668,6064748.835788534,61.89832344173119
Naguabo,1985-1989,1,15,5,0.0010410311044631653,2.5,0.00519164386544776,97829.75060749015,507.89722459967015,487879.0099759515,0.9920161589745452,5575226.434082274,56.98906927046196
Naguabo,1985-1989,1,20,5,0.002169828874505241,2.5,0.010790609930026967,97321.85338289048,1050.1621575220488,483983.86152064725,0.9888924545167571,5087347.424106323,52.27343343011896
Naguabo,1985-1989,1,25,5,0.0022987224833288986,2.5,0.01142793827004587,96271.69122536843,1100.186944476416,478607.9887656511,0.9855042925312301,4603363.562585675,47.81637783644388
Naguabo,1985-1989,1,30,5,0.0035510352727034524,2.5,0.017598940219810396,95171.50428089201,1674.9176144688536,471670.2273682879,0.9817596278087745,4124755.5738200243,43.340237237882654
Naguabo,1985-1989,1,35,5,0.0038146950615046368,2.5,0.018893294910546154,93496.58666642316,1766.458585018161,463066.7868695704,0.9779084663037574,3653085.3464517365,39.071857879530974
Naguabo,1985-1989,1,40,5,0.005135366539952336,2.5,0.025351361367489562,91730.128081405,2325.483625277804,452836.9313438305,0.9719355547134667,3190018.559582166,34.77612673505934
Naguabo,1985-1989,1,45,5,0.006266270994126247,2.5,0.030848098606821552,89404.6444561272,2757.963288090439,440128.3140604099,0.95948364019986,2737181.6282383357,30.615653637340177
Naguabo,1985-1989,1,50,5,0.010360023359917937,2.5,0.05049236168324995,86646.68116803675,4374.995564189769,422295.9169297093,0.9391671202490484,2297053.3141779257,26.510574706527706
Naguabo,1985-1989,1,55,5,0.01487821308816402,2.5,0.0717232798387623,82271.68560384699,5900.795129371385,396606.44019580644,0.9189118895048908,1874757.3972482164,22.787395000942507
Naguabo,1985-1989,1,60,5,0.0191063270705306,2.5,0.09117651458082252,76370.8904744756,6963.231608896414,364446.373350137,0.8922627290657074,1478150.9570524099,19.354900117950464
Naguabo,1985-1989,1,65,5,0.026885109645121055,2.5,0.12595946327325042,69407.65886557919,8742.55145776122,325181.9156834929,0.8401145452123678,1113704.583702273,16.0458456877096
Naguabo,1985-1989,1,70,5,0.044123831067061546,2.5,0.19870057844474895,60665.107407817966,12054.191933346257,273190.0572057242,0.7712166765828973,788522.6680187801,12.997960470389977
Naguabo,1985-1989,1,75,5,0.0614477094942406,2.5,0.2663257752935386,48610.91547447171,12946.339751467349,210688.72799369018,0.7000336076957873,515332.61081305594,10.60117065854655
Naguabo,1985-1989,1,80,5,0.08362291007731677,2.5,0.34581864644893673,35664.57572300436,12333.475302704981,147489.19035825934,0.5158636077202609,304643.88281936577,8.541918041740908
Naguabo,1985-1989,1,85,NA,0.16230180782226064,6.735845700804275,1,23331.10042029938,23331.10042029938,157154.6924611064,0,157154.6924611064,6.735845700804275
Naguabo,1985-1989,2,0,1,0.00924786976763709,0.13002313070266852,0.00917406048064592,100000,917.4060480646003,99201.87795843033,0.9904143101696546,7726451.364069292,77.26451364069293
Naguabo,1985-1989,2,1,4,3.295743275039957e-4,1.5090738035979891,0.0013172159477402984,99082.5939519354,130.51317289695726,396005.277126397,0.9987373557845965,7627249.486110861,76.97870213017245
Naguabo,1985-1989,2,5,5,1.44379942497006e-4,2.5,7.216392369062099e-4,98952.08077903844,71.4077040636621,494581.8846350331,0.9991997735549635,7231244.208984464,73.07824304505478
Naguabo,1985-1989,2,10,5,1.7585135642336327e-4,2.5,8.788704057343945e-4,98880.67307497478,86.90329726469645,494186.10713171214,0.9981663306856857,6736662.324349431,68.12921185560154
Naguabo,1985-1989,2,15,5,5.586407316697563e-4,2.5,0.002789308105546444,98793.76977771008,275.5662628184509,493279.9332315043,0.9961293860252327,6242476.217217719,63.18694216511364
Naguabo,1985-1989,2,20,5,9.934501201554504e-4,2.5,0.004954944375564083,98518.20351489163,488.15221839680453,491370.63702846615,0.9941557878216639,5749196.2839862155,58.356690224433386
Naguabo,1985-1989,2,25,5,0.0013521369262702622,2.5,0.006737908195160073,98030.05129649483,660.5174860026018,488498.96276746766,0.9931489951728368,5257825.6469577495,53.63483521043255
Naguabo,1985-1989,2,30,5,0.0013978416243107617,2.5,0.00696486866324047,97369.53381049223,678.1660147910297,485152.25401548354,0.9912762514304206,4769326.684190282,48.98171427494659
Naguabo,1985-1989,2,35,5,0.002110065484271146,2.5,0.010494964764087374,96691.3677957012,1014.7724980072962,480919.9077334878,0.9891304254523621,4284174.430174798,44.307723924505986
Naguabo,1985-1989,2,40,5,0.002262355172990045,2.5,0.011248157546420846,95676.5952976939,1076.1854174136097,475692.5129449355,0.9857784978542957,3803254.5224413103,39.75114823649019
Naguabo,1985-1989,2,45,5,0.0034756750048306113,2.5,0.01722867186374494,94600.40988028029,1629.8394200031325,468927.45085139363,0.9774837478144583,3327562.0094963745,35.17492169122212
Naguabo,1985-1989,2,50,5,0.005658227956988902,2.5,0.027896527505360168,92970.57046027716,2593.556076034147,458368.96211130044,0.9679085220274675,2858634.558644981,30.747736025416437
Naguabo,1985-1989,2,55,5,0.007416365357531566,2.5,0.03640681125326556,90377.01438424301,3290.338904320801,443659.22466041305,0.9535933029765886,2400265.596533681,26.558363460966028
Naguabo,1985-1989,2,60,5,0.011688749718606868,2.5,0.05678440193761058,87086.67547992221,4945.1647838621575,423070.46543995565,0.9326642174206454,1956606.3718732675,22.467344873262064
Naguabo,1985-1989,2,65,5,0.016346250910427015,2.5,0.07852238791478278,82141.51069606005,6449.9475667823135,394582.68456334446,0.8975911801866587,1533535.906433312,18.66943879456637
Naguabo,1985-1989,2,70,5,0.027425934610665618,2.5,0.12833069961300966,75691.56312927774,9713.551251182493,354173.93751843245,0.8438132714008704,1138953.2218699674,15.047294239711858
Naguabo,1985-1989,2,75,5,0.04153615262627896,2.5,0.18814383546724253,65978.01187809525,12413.35621124813,298856.66886235593,0.7624646472510374,784779.284351535,11.894557929413487
Naguabo,1985-1989,2,80,5,0.07013831876155002,2.5,0.2983731211117193,53564.65566684712,15982.25349259172,227867.6446027563,0.5310618659447213,485922.61548917904,9.07170240226023
Naguabo,1985-1989,2,85,NA,0.14186774065215346,6.866377771434603,1,37582.402174255396,37582.402174255396,258054.97088642276,0,258054.97088642276,6.866377771434603
Naguabo,1990-1994,1,0,1,0.01683265645459322,0.11570127567768196,0.016585775582370246,100000,1658.577558237026,98533.32198106137,0.9827303446639167,6999086.290496574,69.99086290496574
Naguabo,1990-1994,1,1,4,5.669448474912214e-4,1.6030270581703185,0.0022647017701902077,98341.42244176297,222.7139934868901,392831.850350897,0.9978011330148735,6900552.9685155125,70.16934265519666
Naguabo,1990-1994,1,5,5,2.519487541264822e-4,2.5,0.0012589507929229523,98118.70844827608,123.52662580153265,490284.7256768766,0.9985432598932624,6507721.118164616,66.3249773777363
Naguabo,1990-1994,1,10,5,3.3122980430903083e-4,2.5,0.0016547787414483925,97995.18182247455,162.16034364419465,489570.50825326226,0.9957320544927268,6017436.392487739,61.405431170981096
Naguabo,1990-1994,1,15,5,0.001381846042207844,2.5,0.006885443653386027,97833.02147883036,673.6237568329962,487481.0480020693,0.9909593335778559,5527865.884234477,56.503068193908604
Naguabo,1990-1994,1,20,5,0.002254805470757727,2.5,0.011210831741930013,97159.39772199736,1089.23766000857,483073.8944599654,0.9882247034667961,5040384.836232408,51.877481277256216
Naguabo,1990-1994,1,25,5,0.0024845696873498184,2.5,0.012346161192116423,96070.16006198879,1186.0976818777272,477385.5561052497,0.9843900106441346,4557310.941772442,47.43732017133999
Naguabo,1990-1994,1,30,5,0.0038190412482308578,2.5,0.018914616985003744,94884.06238011106,1794.6956979010138,469933.5726558028,0.9827271787008555,4079925.3856671927,42.99905888644159
Naguabo,1990-1994,1,35,5,0.003144399929502228,2.5,0.015599372979270401,93089.36668221005,1452.1357512798568,461816.4940328506,0.9775053232239588,3609991.8130113897,38.779851466121116
Naguabo,1990-1994,1,40,5,0.005988172792357448,2.5,0.029499247483842823,91637.23093093019,2703.2293539655657,451428.08126973704,0.9685855477123756,3148175.318978539,34.35476265483639
Naguabo,1990-1994,1,45,5,0.00679094184114912,2.5,0.0333878714723248,88934.00157696463,2969.3170141712326,437246.71534939506,0.953053129100262,2696747.2377088023,30.323016955163123
Naguabo,1990-1994,1,50,5,0.012578319248648079,2.5,0.060974213436879685,85964.6845627934,5241.629024565802,416719.3502525525,0.9372693860257154,2259500.522359407,26.284055293763593
Naguabo,1990-1994,1,55,5,0.013351472402324299,2.5,0.06460106371329923,80723.05553822759,5214.795253957229,390578.2895562449,0.925126535476028,1842781.1721068546,22.828436805568867
Naguabo,1990-1994,1,60,5,0.017941235896691676,2.5,0.08585530383571177,75508.26028427036,6482.7846288120345,361334.33984932175,0.9003910272167195,1452202.8825506098,19.23237109533999
Naguabo,1990-1994,1,65,5,0.024325379256971157,2.5,0.1146543687750514,69025.47565545833,7914.0723406742545,325342.197425606,0.8598967136735242,1090868.542701288,15.803854045807293
Naguabo,1990-1994,1,70,5,0.0368834242174586,2.5,0.1688478993384738,61111.403314784075,10318.532075327537,279760.6863856015,0.775643388104386,765526.3452756819,12.52673484410864
Naguabo,1990-1994,1,75,5,0.06814887015277853,2.5,0.2911418760042651,50792.87123945654,14787.931820298458,216994.52664653654,0.6676468840382511,485765.65889008035,9.563658187386176
Naguabo,1990-1994,1,80,5,0.09704587526871306,2.5,0.39049061705319693,36004.93941915808,14059.591010750013,144875.71956891537,0.460969939890576,268771.1322435438,7.464840562973751
Naguabo,1990-1994,1,85,NA,0.17588081062654068,5.645634344413488,1,21945.348408408066,21945.348408408066,123895.41267462846,0,123895.41267462846,5.645634344413488
Naguabo,1990-1994,2,0,1,0.011893871011046248,0.12458488372712698,0.011771307282958922,100000,1177.1307282958878,98969.52196662048,0.9879122480760112,7782572.848381012,77.82572848381012
Naguabo,1990-1994,2,1,4,3.093445563325312e-4,1.504848083050626,0.0012364238771404748,98822.86927170411,122.18695517508604,394986.60207138513,0.9987140463745096,7683603.326414391,77.75126732344769
Naguabo,1990-1994,2,5,5,1.4797038277855482e-4,2.5,7.395783246732826e-4,98700.68231652903,72.99688527175749,493320.91936946573,0.9992008367378196,7288616.7243430065,73.84565692229677
Naguabo,1990-1994,2,10,5,1.7183224411041853e-4,2.5,8.587923000317446e-4,98627.68543125727,84.70069681831228,492926.67541424057,0.9982080519035379,6795295.804973541,68.89846167696807
Naguabo,1990-1994,2,15,5,5.459252642123823e-4,2.5,0.00272590596872143,98542.98473443896,268.61891026324884,492043.37639653665,0.996023408986326,6302369.1295593,63.955533177155104
Naguabo,1990-1994,2,20,5,0.0010488821164559507,2.5,0.005230694627152099,98274.36582417571,514.0431973032828,490086.7211276204,0.9937416115080213,5810325.753162763,59.12351307927148
Naguabo,1990-1994,2,25,5,0.0014636332659234543,2.5,0.007291486175306771,97760.32262687242,712.8180409273773,487019.5680320437,0.9928174185418551,5320239.032035143,54.4212507597915
Naguabo,1990-1994,2,30,5,0.0014195956789360763,2.5,0.007072876831212292,97047.50458594505,686.4050467128982,483521.510312943,0.9913870669031375,4833219.464003099,49.80261455072048
Naguabo,1990-1994,2,35,5,0.0020431752919032346,2.5,0.010163959581802568,96361.09953923215,979.4103209747991,479356.9718937237,0.988354451670927,4349697.953690156,45.13956331433551
Naguabo,1990-1994,2,40,5,0.002645856489344494,2.5,0.013142350513245693,95381.68921825735,1253.539592251822,473774.59711065725,0.9843091579066361,3870340.9817964323,40.57740026956449
Naguabo,1990-1994,2,45,5,0.003688353723866668,2.5,0.018273272884109994,94128.14962600553,1720.0293641923345,466340.6747195468,0.9792432825114834,3396566.3846857753,36.084491176987704
Naguabo,1990-1994,2,50,5,0.004712141869082396,2.5,0.02328638744229569,92408.1202618132,2151.8512912308215,456660.973080989,0.9719102568935297,2930225.7099662283,31.709612766326522
Naguabo,1990-1994,2,55,5,0.006712302218475675,2.5,0.03300761831821843,90256.26897058237,2979.144477007445,443833.4836603933,0.961120380174327,2473564.7368852394,27.406015837985276
Naguabo,1990-1994,2,60,5,0.009197126493343309,2.5,0.04495205805651191,87277.12449357493,3923.2863672406093,426577.4065497731,0.9324956788504781,2029731.2532248462,23.256165518769684
Naguabo,1990-1994,2,65,5,0.019093495412669147,2.5,0.09111807089188219,83353.83812633432,7595.040931505791,397781.58830290707,0.9039798298642546,1603153.846675073,19.233113707916733
Naguabo,1990-1994,2,70,5,0.021366154424628497,2.5,0.10141371916215616,75758.79719482853,7682.981382779093,359586.5325171949,0.8620419727951777,1205372.258372166,15.9106572834349
Naguabo,1990-1994,2,75,5,0.03922901381199381,2.5,0.1786266962263348,68075.81581204943,12160.158071418868,309978.68388170004,0.7777586703662364,845785.725854971,12.424173192284634
Naguabo,1990-1994,2,80,5,0.06385980630485784,2.5,0.275340977756059,55915.657740630566,15395.871874178367,241088.6090177069,0.5500458371546865,535807.0419732709,9.582415080560377
Naguabo,1990-1994,2,85,NA,0.13231768553865367,7.273444976410207,1,40519.7858664522,40519.7858664522,294718.43295556406,0,294718.43295556406,7.273444976410207
Naguabo,1995-1999,1,0,1,0.015521375992353812,0.11831787027605759,0.015311834761027685,100000,1531.1834761027712,98649.9828917916,0.9840466436736782,7016790.102492169,70.16790102492169
Naguabo,1995-1999,1,1,4,5.331736133071365e-4,1.6068654418650237,0.002129976696258184,98468.81652389723,209.73628450401884,393373.3389450475,0.9978462985570876,6918140.119600377,70.2571673329843
Naguabo,1995-1999,1,5,5,2.7028534432354027e-4,2.5,0.0013505141611550473,98259.08023939321,132.70027932537778,490963.6504986526,0.9984732439926827,6524766.78065533,66.40370299374607
Naguabo,1995-1999,1,10,5,3.4093758711264965e-4,2.5,0.00170323619246889,98126.37996006783,167.13240178393607,490214.0687958793,0.9951212141287369,6033803.130156677,61.49012256043799
Naguabo,1995-1999,1,15,5,0.0016184729443264496,2.5,0.008059753489231592,97959.2475582839,789.5273873103724,487822.41932314355,0.9909109575255067,5543589.061360798,56.590768095298685
Naguabo,1995-1999,1,20,5,0.0020356461195141597,2.5,0.010126694680744891,97169.72017097352,984.0080883848714,483388.5806339054,0.989237355195834,5055766.642037654,52.03026861806184
Naguabo,1995-1999,1,25,5,0.002294102411552109,2.5,0.011405100884154707,96185.71208258865,1097.0077499161998,478186.04103815276,0.9829563107262399,4572378.061403749,47.536977815143
Naguabo,1995-1999,1,30,5,0.004601805033033361,2.5,0.022747328241195814,95088.70433267245,2163.0139694853133,470035.986739649,0.9793680312900905,4094192.0203655963,43.05655491993946
Naguabo,1995-1999,1,35,5,0.003727896290550887,2.5,0.018467370349201886,92925.69036318714,1716.0931388922327,460338.2189687051,0.9774022471670765,3624156.0336259473,39.00058228743244
Naguabo,1995-1999,1,40,5,0.0054340010553614254,2.5,0.02680584776420575,91209.5972242949,2444.950577828975,449935.60967690207,0.9695214913835913,3163817.814657242,34.6873345671843
Naguabo,1995-1999,1,45,5,0.006969832490828675,2.5,0.034252329948735186,88764.64664646593,3040.3959647176525,436222.2433205355,0.9581697387631659,2713882.20498034,30.573908729556017
Naguabo,1995-1999,1,50,5,0.010188457857692686,2.5,0.04967696024848843,85724.25068174828,4258.520193448669,417974.9529251197,0.9413239082819801,2277659.9616598045,26.569610624135155
Naguabo,1995-1999,1,55,5,0.014109892155779145,2.5,0.06814564164273242,81465.73048829961,5551.534476019078,393449.81625145033,0.9245255162651904,1859685.0087346847,22.827819717418222
Naguabo,1995-1999,1,60,5,0.017392598749575633,2.5,0.08333927722571204,75914.19601228053,6326.634226834489,363754.3944943164,0.8943924664844245,1466235.1924832345,19.314374247552376
Naguabo,1995-1999,1,65,5,0.027784686910807446,2.5,0.1299003342613828,69587.56178544604,9039.447536364067,325339.19008632004,0.8392029843139133,1102480.797988918,15.843072665602394
Naguabo,1995-1999,1,70,5,0.04353430581934308,2.5,0.19630637471850998,60548.11424908198,11885.98080427944,273025.6192347113,0.7732196101276569,777141.6079025979,12.835108368620759
Naguabo,1995-1999,1,75,5,0.061014813271232426,2.5,0.2646978427364984,48662.13344480254,12880.761745794844,211108.76285952557,0.6955271411015398,504115.9886678866,10.359512684327854
Naguabo,1995-1999,1,80,5,0.08737880478955928,2.5,0.3585662894277389,35781.371699007694,12829.993680747892,146831.87429316874,0.49887968159118734,293007.225808361,8.188820380424009
Naguabo,1995-1999,1,85,NA,0.18204522357600011,6.368913944901137,1,22951.378018259802,22951.378018259802,146175.35151519228,0,146175.35151519228,6.368913944901137
Naguabo,1995-1999,2,0,1,0.00951240581850393,0.12947943769340342,0.00943428292861602,100000,943.4282928616012,99178.72627200217,0.9902384919909087,7734565.3744882075,77.34565374488207
Naguabo,1995-1999,2,1,4,2.8969941342548154e-4,1.5086504216751417,0.0011579619033695917,99056.5717071384,114.70373631527764,395940.5197234522,0.9988429610717487,7635386.648216206,77.08107111550652
Naguabo,1995-1999,2,5,5,1.3181057150814625e-4,2.5,6.588357537476526e-4,98941.86797082312,65.18644016174949,494546.37375371123,0.9992500208474863,7239446.128492753,73.16868255031922
Naguabo,1995-1999,2,10,5,1.6830731647591993e-4,2.5,8.411826393978416e-4,98876.68153066137,83.17334794485942,494175.4742834447,0.9981777611752015,6744899.754739042,68.21527230004648
Naguabo,1995-1999,2,15,5,5.616116039126333e-4,2.5,0.0028041209523990617,98793.50818271651,277.0289462561632,493274.9685479422,0.9962548588093304,6250724.280455598,63.27059738474936
Naguabo,1995-1999,2,20,5,9.399651746486212e-4,2.5,0.004688807583644969,98516.47923646035,461.9248149579071,491427.584144907,0.9943811850974674,5757449.311907656,58.44148467880751
Naguabo,1995-1999,2,25,5,0.001314949242765737,2.5,0.006553203389242749,98054.55442150244,642.5714383656887,488666.343511598,0.9928381408375706,5266021.7277627485,53.705019199066996
Naguabo,1995-1999,2,30,5,0.0015609738974155232,2.5,0.00777452989151429,97411.98298313675,757.3323734940641,485166.5839819486,0.9904156193366824,4777355.38425115,49.042789582449736
Naguabo,1995-1999,2,35,5,0.002294772339549369,2.5,0.011408412424571648,96654.65060964269,1102.6761169076926,480516.5627559442,0.9880609989198021,4292188.800269201,44.407473134469065
Naguabo,1995-1999,2,40,5,0.0025108045912569685,2.5,0.012475712764066785,95551.974492735,1192.0789878107898,474779.674994148,0.985042795177499,3811672.2375132577,39.891088151224615
Naguabo,1995-1999,2,45,5,0.0035247984704236024,2.5,0.01747004637030729,94359.8955049242,1648.4717499683757,467678.2981497001,0.978095437308095,3336892.5625191093,35.36346182520913
Naguabo,1995-1999,2,50,5,0.005354310434932305,2.5,0.02641792770964887,92711.42375495583,2449.243690617048,457434.00954823656,0.9702116920334887,2869214.2643694095,30.947796378933695
Naguabo,1995-1999,2,55,5,0.006762454839026788,2.5,0.03325014272373285,90262.18006433878,3001.2303696945455,443807.8243974576,0.9587480274727219,2411780.254821173,26.71972085210061
Naguabo,1995-1999,2,60,5,0.010157344675383453,2.5,0.04952901518036899,87260.94969464424,4321.948902079443,425499.8762180226,0.9329451980446297,1967972.4304237152,22.55272762112171
Naguabo,1995-1999,2,65,5,0.017862331186968,2.5,0.08549385696589958,82939.0007925648,7090.77507065417,396968.06628618855,0.9062104220084498,1542472.5542056926,18.597674670129017
Naguabo,1995-1999,2,70,5,0.021687567845549274,2.5,0.1028608358380285,75848.225721910625,7801.811894587183,359736.5988730852,0.8492497806627318,1145504.487919504,15.102587793145924
Naguabo,1995-1999,2,75,5,0.045466623328681635,2.5,0.20413032513609752,68046.41382732344,13890.336578916977,305506.22768932476,0.7524549533385115,785767.8890464188,11.547528295031187
Naguabo,1995-1999,2,80,5,0.07116890532558207,2.5,0.3020950853129991,54156.077248406466,16360.284776574721,229879.67430059554,0.521344940066597,480261.66135709407,8.868102819822049
Naguabo,1995-1999,2,85,NA,0.12081004695143083,6.624599477391616,1,37795.792471831744,37795.792471831744,250381.98705649853,0,250381.98705649853,6.624599477391616
Naguabo,2000-2004,1,0,1,0.01543435454636306,0.11849151722045984,0.015227180916239697,100000,1522.7180916239595,98657.7110853516,0.9842388462008236,7224328.583347464,72.24328583347464
Naguabo,2000-2004,1,1,4,4.752124769617386e-4,1.60712050389937,0.0018986908567424575,98477.28190837604,186.97791475628037,393461.7120150602,0.9980959039059029,7125670.872262112,72.35852507476686
Naguabo,2000-2004,1,5,5,2.1917686770988917e-4,2.5,0.0010952841861565112,98290.30399361976,107.6558156167448,491182.38042905694,0.9987882326110297,6732209.160247052,68.49311566565156
Naguabo,2000-2004,1,10,5,2.658522389516128e-4,2.5,0.0013283783138857608,98182.64817800302,130.4237006395415,490587.1816384162,0.9968526894898693,6241026.779817995,63.56547613691524
Naguabo,2000-2004,1,15,5,9.96207338928812e-4,2.5,0.004968662150396852,98052.22447736347,487.1883765228704,489043.1514455102,0.993901587457139,5750439.598179579,58.64670208993715
Naguabo,2000-2004,1,20,5,0.0014520126503750615,2.5,0.00723380431344167,97565.0361008406,705.7663789873623,486060.76455673465,0.9907245628974624,5261396.446734068,53.92706913259408
Naguabo,2000-2004,1,25,5,0.0022793037290159937,2.5,0.011331946276566997,96859.26972185324,1097.6040408755507,481552.3385070773,0.9878818064855118,4775335.682177334,49.30179316745282
Naguabo,2000-2004,1,30,5,0.00259947461317783,2.5,0.012913452585478087,95761.66568097769,1236.6137292776984,475716.7940816942,0.9849270176411771,4293783.343670256,44.83822741737441
Naguabo,2000-2004,1,35,5,0.0034822055532248678,2.5,0.017260763945960524,94525.05195169999,1631.5746087179577,468546.32323670504,0.9808088784933281,3818066.549588562,40.39211268076849
Naguabo,2000-2004,1,40,5,0.004276310238837648,2.5,0.021155383734017444,92893.47734298203,1965.1971595780342,459554.39381596504,0.9749653721053008,3349520.226351857,36.057647126124174
Naguabo,2000-2004,1,45,5,0.005884866358538125,2.5,0.0289977126338075,90928.280183404,2636.7121390446846,448049.6205694083,0.9649340796004802,2889965.8325358923,31.78291535600122
Naguabo,2000-2004,1,50,5,0.008437365798750483,2.5,0.041315347249143854,88291.56804435932,3647.796792924113,432338.34823948634,0.9470549853449372,2441916.211966484,27.65741130273754
Naguabo,2000-2004,1,55,5,0.013452904277394385,2.5,0.06507587267239774,84643.7712514352,5508.267280469969,409448.1880560011,0.9281559785346458,2009577.8637269975,23.741591779476906
Naguabo,2000-2004,1,60,5,0.016467818623415502,2.5,0.07908327072112274,79135.50397096523,6258.294484188329,380031.78364435537,0.9135822640854413,1600129.6756709963,20.220123653449946
Naguabo,2000-2004,1,65,5,0.019811325650598746,2.5,0.094382044695418,72877.2094867769,6878.30004305832,347190.29732623877,0.8681475791210702,1220097.892026641,16.741830547834297
Naguabo,2000-2004,1,70,5,0.03793092729039429,2.5,0.1732278993177483,65998.90944371858,11432.852440197668,301412.4161180988,0.7875392049946067,872907.5947004022,13.22609118935193
Naguabo,2000-2004,1,75,5,0.059747362941868026,2.5,0.2599138907923336,54566.05700352092,14182.476180981386,237374.09456515108,0.7034165686478774,571495.1785823035,10.473455660272966
Naguabo,2000-2004,1,80,5,0.08371427717742426,2.5,0.3461310989864301,40383.58082253953,13978.013211112931,166972.87108491533,0.5002623926709647,334121.08401715243,8.273686414421858
Naguabo,2000-2004,1,85,NA,0.16912849610471892,6.330036732855775,1,26405.5676114266,26405.5676114266,167148.2129322371,0,167148.2129322371,6.330036732855775
Naguabo,2000-2004,2,0,1,0.008333540809609996,0.13190232358023285,0.008273686254332297,100000,827.3686254332279,99281.7632187188,0.9914476843671707,8003860.330202908,80.03860330202909
Naguabo,2000-2004,2,1,4,2.5173744456813467e-4,1.5105387124642013,0.0010063191275117068,99172.63137456677,99.79931587789906,396442.0789648665,0.9989613941054609,7904578.56698419,79.70524183359878
Naguabo,2000-2004,2,5,5,1.253449113660006e-4,2.5,6.265282265174501e-4,99072.83205868887,62.07192576579109,495208.9804790299,0.999304380003297,7508136.488019323,75.78400992485655
Naguabo,2000-2004,2,10,5,1.5300952379968352e-4,2.5,7.647550819711281e-4,99010.76013292308,75.71898198148119,494864.50320966175,0.9984835209157751,7012927.507540293,70.82995321039206
Naguabo,2000-2004,2,15,5,4.54271002363929e-4,2.5,0.0022687784112121376,98935.0411509416,224.46168547563138,494114.05154101894,0.9967317001711927,6518063.004330631,65.88224888274175
Naguabo,2000-2004,2,20,5,8.558460907910203e-4,2.5,0.004270094095607513,98710.57946546597,421.5034625494882,492499.13867095613,0.9951947711863857,6023948.952789612,61.026376153501346
Naguabo,2000-2004,2,25,5,0.0010713937266607903,2.5,0.00534265840655277,98289.07600291648,525.1249581792799,490132.5676191342,0.9940316191896714,5531449.814118656,56.277361015730015
Naguabo,2000-2004,2,30,5,0.0013238598974783034,2.5,0.006597464191720348,97763.9510447372,644.9941662587662,487207.26980803907,0.9926289416031202,5041317.246499522,51.566218351717325
Naguabo,2000-2004,2,35,5,0.001636627135463032,2.5,0.008149790257605339,97118.95687847844,791.4991285970027,483616.03657089965,0.9898446667640183,4554109.976691483,46.89208083638997
Naguabo,2000-2004,2,40,5,0.002450390692975224,2.5,0.012177355269830508,96327.45774988143,1173.0136752599064,478704.75456125743,0.9861699615301576,4070493.9401205834,42.25683969247692
Naguabo,2000-2004,2,45,5,0.0031248413713394715,2.5,0.015503095074515716,95154.44407462153,1475.1883932515484,472084.24938997877,0.9829618836952042,3591789.185559326,37.74694099145376
Naguabo,2000-2004,2,50,5,0.00375437258737403,2.5,0.01859730986101739,93679.25568136998,1742.1821454559104,464040.8230432101,0.9760071493101661,3119704.936169347,33.30198253047994
Naguabo,2000-2004,2,55,5,0.005986398452807647,2.5,0.02949063552681316,91937.07353591407,2711.28272704946,452907.1608619467,0.9649126819610216,2655664.113126137,28.885671590239763
Naguabo,2000-2004,2,60,5,0.008341199067283889,2.5,0.040854065601690505,89225.7908088646,3645.2363110680744,437015.86326665286,0.9446425186426081,2202756.95226419,24.68744667091643
Naguabo,2000-2004,2,65,5,0.014610599463070134,2.5,0.07047865868355117,85580.55449779653,6031.602690399246,412823.7657629846,0.9184945903975682,1765741.0889975373,20.63250348585905
Naguabo,2000-2004,2,70,5,0.019588100535371706,2.5,0.09336823666056472,79548.95180739729,7427.345358452934,379176.39564085414,0.8742022579927481,1352917.3232345528,17.007355753853496
Naguabo,2000-2004,2,75,5,0.035153187933980354,2.5,0.16156695576967095,72121.60644894435,11652.468399174199,331476.8612467863,0.8037886674245706,973740.9275936986,13.501376016672896
Naguabo,2000-2004,2,80,5,0.05390887785844244,2.5,0.2375317183166206,60469.138049770154,14363.338266086852,266437.34458363365,0.5851591914536283,642264.0663469123,10.62135309119647
Naguabo,2000-2004,2,85,NA,0.13288694347231544,8.151397948339737,1,46105.7997836833,46105.7997836833,375826.7217632787,0,375826.7217632787,8.151397948339737
Naguabo,2005-2009,1,0,1,0.012507922551723717,0.12433106594416292,0.01237241002895602,100000,1237.2410028956074,98916.58648982423,0.9871617194683584,7374081.890300111,73.74081890300111
Naguabo,2005-2009,1,1,4,4.1101712246784474e-4,1.6157219285827555,0.0016424589144427802,98762.75899710439,162.21377392976137,394664.273244355,0.9982887015750802,7275165.303810286,73.66304240268931
Naguabo,2005-2009,1,5,5,2.163677293570114e-4,2.5,0.0010812537757242764,98600.54522317463,106.6122118110361,492736.19558634557,0.9988601654347431,6880501.030565931,69.78157184620486
Naguabo,2005-2009,1,10,5,2.39839474068413e-4,2.5,0.0011984787640509345,98493.9330113636,118.04288710196852,492174.55783906305,0.9967589268172378,6387764.834979586,64.85439904448334
Naguabo,2005-2009,1,15,5,0.0010600254189950446,2.5,0.005286118544911655,98375.89012426163,520.0266171580442,490579.384078413,0.9928678857872114,5895590.277140523,59.92921913787637
Naguabo,2005-2009,1,20,5,0.0018056987155939017,2.5,0.008987919889468824,97855.86350710358,879.520661916642,487080.5158807263,0.9894001550493566,5405010.89306211,55.2344100736462
Naguabo,2005-2009,1,25,5,0.0024603182567138563,2.5,0.012226389261783144,96976.34284518694,1185.6705168093904,481917.5379339112,0.9874911710302171,4917930.377181384,50.71268139109318
Naguabo,2005-2009,1,30,5,0.002575428931223823,2.5,0.012794764638573163,95790.67232837755,1225.6191070122877,475889.31387435703,0.9851716186043417,4436012.839247473,46.30944466117213
Naguabo,2005-2009,1,35,5,0.0034064355526133394,2.5,0.016888355030563525,94565.05322136526,1597.0481922865438,468832.6456261099,0.9828831768156338,3960123.525373115,41.87724101527177
Naguabo,2005-2009,1,40,5,0.00350020613057915,2.5,0.017349216071757975,92968.00502907872,1612.9220070097654,460807.72012786916,0.9794620440899133,3491290.8797470056,37.55368181402831
Naguabo,2005-2009,1,45,5,0.004813842723059803,2.5,0.023782994626263487,91355.08302206895,2172.6974485957326,451343.67148885544,0.9685746267792588,3030483.1596191362,33.17257299067915
Naguabo,2005-2009,1,50,5,0.00800795968714175,2.5,0.039253938542190246,89182.38557347322,3500.7598823470325,437160.02816149854,0.9475754948327335,2579139.4881302807,28.9198306542882
Naguabo,2005-2009,1,55,5,0.013678954817265391,2.5,0.06613319173225914,85681.62569112619,5666.399379762908,414242.1300062237,0.9355668751270999,2141979.4599687825,24.999285934307633
Naguabo,2005-2009,1,60,5,0.012927237435861102,2.5,0.06261266520530294,80015.22631136328,5009.966576359948,387551.21511591657,0.9138585039540461,1727737.3299625586,21.59260692757918
Naguabo,2005-2009,1,65,5,0.023558746665231094,2.5,0.11124193208481309,75005.25973500333,8343.730009445004,354166.9736514042,0.8736348232939898,1340186.1148466421,17.867895126042825
Naguabo,2005-2009,1,70,5,0.030890851987125205,2.5,0.14338133123349858,66661.52972555833,9558.018874111993,309412.60144251166,0.8305583506285209,986019.1411952379,14.791426858258756
Naguabo,2005-2009,1,75,5,0.04441085654433946,2.5,0.19986395872355803,57103.510851446335,11412.933735783714,256985.2199177724,0.7535969349933918,676606.5397527262,11.84877303801696
Naguabo,2005-2009,1,80,5,0.0718558780480957,2.5,0.30456705698078224,45690.57711566262,13915.844603870839,193663.274068636,0.5384808518670882,419621.3198349539,9.183979418178737
Naguabo,2005-2009,1,85,NA,0.18776609178923212,7.11124934513496,1,31774.732511791783,31774.732511791783,225958.04576631784,0,225958.04576631784,7.11124934513496
Naguabo,2005-2009,2,0,1,0.008626145543322566,0.13130094184917543,0.008561986090706514,100000,856.1986090706487,99256.22107471028,0.9912212690256467,8087911.2571769385,80.87911257176938
Naguabo,2005-2009,2,1,4,2.2372405531951323e-4,1.5100696486304206,8.943979903344153e-4,99143.80139092935,88.67401671815605,396354.413438113,0.9990460589800259,7988655.036102228,80.57644476029853
Naguabo,2005-2009,2,5,5,1.1131095883404034e-4,2.5,5.563999606374173e-4,99055.1273742112,55.11426897194178,495137.8511986261,0.9993821358704099,7592300.622664114,76.64722487289188
Naguabo,2005-2009,2,10,5,1.3591867227414557e-4,2.5,6.793625162427266e-4,99000.01310523925,67.25689801124099,494831.92328116816,0.9985574359803592,7097162.771465489,71.68850335323738
Naguabo,2005-2009,2,15,5,4.4174417984189647e-4,2.5,0.002206284366015074,98932.75620722801,218.27379330678377,494118.0965528731,0.9969568470194712,6602330.848184321,66.73553938348637
Naguabo,2005-2009,2,20,5,7.778842330920488e-4,2.5,0.003881872047808067,98714.48241392123,383.1969899964606,492614.419594615,0.9953843452606044,6108212.751631447,61.8775746198922
Naguabo,2005-2009,2,25,5,0.0010733317916371676,2.5,0.005352296981913409,98331.28542392477,526.2982422021305,490340.6815141185,0.9943086412096184,5615598.332036832,57.1089690104927
Naguabo,2005-2009,2,30,5,0.0012100988311353098,2.5,0.006032245123743141,97804.98718172264,589.9836570047046,487549.97676610143,0.9928628745200072,5125257.6505227145,52.40282523630349
Naguabo,2005-2009,2,35,5,0.0016565745412294888,2.5,0.00824871119374367,97215.00352471793,801.898487774175,484070.2714041542,0.9907497823993843,4637707.6737566125,47.70567819377208
Naguabo,2005-2009,2,40,5,0.002062591923127062,2.5,0.010260053855104343,96413.10503694376,989.2036500168615,479592.51605967665,0.9884106760600275,4153637.4023524583,43.08166821057012
Naguabo,2005-2009,2,45,5,0.0026033082353166454,2.5,0.012932373788617972,95423.9013869269,1234.0575611039676,474034.3630318746,0.9850179244511873,3674044.8862927817,38.50235457671328
Naguabo,2005-2009,2,50,5,0.0034410764515751414,2.5,0.01705863211471067,94189.84382582293,1606.7498947667627,466932.34439219773,0.978286225162676,3200010.5232609073,33.97405063308533
Naguabo,2005-2009,2,55,5,0.005360837501808177,2.5,0.026449706068530924,92583.09393105617,2448.795621391633,456793.48060180177,0.9687057731074988,2733078.1788687096,29.520272685032005
Naguabo,2005-2009,2,60,5,0.007388056780371872,2.5,0.03627036510967167,90134.29830966453,3269.203908595591,442498.48177683365,0.9459232431787239,2276284.6982669076,25.254367548816163
Naguabo,2005-2009,2,65,5,0.015056872796863472,2.5,0.07255329948111754,86865.09440106894,6302.3492085363105,418569.59898400394,0.9175930222692692,1833786.216490074,21.11073762290769
Naguabo,2005-2009,2,70,5,0.019514008782615146,2.5,0.09303150013627777,80562.74519253263,7494.8730403579975,384076.5433617682,0.8906308038024214,1415216.61750607,17.56663845210238
Naguabo,2005-2009,2,75,5,0.027209557083534616,2.5,0.12738271713436494,73067.87215217463,9307.584089970405,342070.4005359472,0.825088860445547,1031140.0741443019,14.112085705695664
Naguabo,2005-2009,2,80,5,0.0518185383270827,2.5,0.22937765466174811,63760.28806220423,14625.185336265858,282238.4769703565,0.5904064744390829,689069.6736083548,10.807191977177107
Naguabo,2005-2009,2,85,NA,0.14023547584876359,8.27984829719777,1,49135.10272593837,49135.10272593837,406831.1966379983,0,406831.1966379983,8.27984829719777
Naguabo,2010-2014,1,0,1,0.011279020501272665,0.12678327854073548,0.01116901653017687,100000,1116.9016530176887,99024.70280035946,0.9884046242817697,7494846.603684432,74.94846603684432
Naguabo,2010-2014,1,1,4,3.7711672504327725e-4,1.619347753194577,0.0015071138378167388,98883.09834698231,149.0280858449405,395177.60934052535,0.9984738643485943,7395821.900884072,74.7935898502292
Naguabo,2010-2014,1,5,5,1.8016803453294673e-4,2.5,9.004345988349896e-4,98734.07026113737,88.9035729469324,493448.0923733195,0.9989761222303601,7000644.291543547,70.90403822133386
Naguabo,2010-2014,1,10,5,2.2961817426717045e-4,2.5,0.0011474321931226516,98645.16668819044,113.18863995396532,492942.86184106726,0.9968585511978914,6507196.199170227,65.96568709482705
Naguabo,2010-2014,1,15,5,0.001030197659780592,2.5,0.005137756038285047,98531.97804823647,506.2332651815086,491394.3070782286,0.9937575942211714,6014253.33732916,61.038593322310795
Naguabo,2010-2014,1,20,5,0.0014759783072655585,2.5,0.007352760249759868,98025.74478305496,720.7597996939439,488326.82441604,0.9907757011635793,5522859.030250932,56.340903529718766
Naguabo,2010-2014,1,25,5,0.0022343515537400684,2.5,0.01110970032822545,97304.98498336102,1081.0292236076202,483822.35185778607,0.9890212802696714,5034532.205834892,51.7397151512411
Naguabo,2010-2014,1,30,5,0.002181081824450898,2.5,0.010846267629281101,96223.9557597534,1043.6707765183965,478510.601857471,0.9869359241274666,4550709.853977106,47.29289934139752
Naguabo,2010-2014,1,35,5,0.003084849228944746,2.5,0.015306202824768583,95180.284983235,1456.8487468726526,472259.30304899334,0.9848036520041604,4072199.2521196348,42.784062401545754
Naguabo,2010-2014,1,40,5,0.0030398851215658242,2.5,0.015084785569790083,93723.43623636235,1413.797938489428,465082.68633558817,0.9823978703570204,3599939.9490706413,38.41024287662593
Naguabo,2010-2014,1,45,5,0.0040726541214630135,2.5,0.020158028908527855,92309.63829787292,1860.7803573442798,456896.24059600395,0.9712909789155664,3134857.262735053,33.96023774483026
Naguabo,2010-2014,1,50,5,0.007630004265647131,2.5,0.037435930553702604,90448.85794052864,3386.037164523339,443779.19679133483,0.9584723761025324,2677961.022139049,29.607460869211252
Naguabo,2010-2014,1,55,5,0.009370166023834557,2.5,0.04577845090591679,87062.8207760053,3985.601066624993,425350.10121346405,0.9426419314535069,2234181.8253477146,25.66172110476186
Naguabo,2010-2014,1,60,5,0.014398957803451004,2.5,0.06949321436411726,83077.21970938031,5773.303038038837,400952.8409518044,0.9227308903814145,1808831.7241342503,21.77289671539181
Naguabo,2010-2014,1,65,5,0.01789111670159788,2.5,0.08562573352988179,77303.91667134147,6619.204569716472,369971.5719324162,0.8901865086565584,1407878.883182446,18.212258108060162
Naguabo,2010-2014,1,70,5,0.029245871042315467,2.5,0.13626628939399807,70684.712101625,9631.943434971465,329343.7019206963,0.8225559874777264,1037907.3112500297,14.683618004382716
Naguabo,2010-2014,1,75,5,0.05073421700395082,2.5,0.2251181077007345,61052.76866665354,13744.083752127743,270903.6339529483,0.7420603513438109,708563.6093293334,11.60575719666493
Naguabo,2010-2014,1,80,5,0.07067031995922878,2.5,0.30029647913788365,47308.684914525795,14206.631512475607,201026.84579143996,0.5406780215198842,437659.9753763851,9.251154965882485
Naguabo,2010-2014,1,85,NA,0.18016116948921312,7.148593675167269,1,33102.05340205019,33102.05340205019,236633.12958494513,0,236633.12958494513,7.148593675167269
Naguabo,2010-2014,2,0,1,0.007830996617892313,0.13293518758114445,0.0077781828990211655,100000,777.8182899021194,99325.58113037006,0.9920249450226347,8244598.532548265,82.44598532548265
Naguabo,2010-2014,2,1,4,2.0444895978294665e-4,1.5113448964232925,8.173799538023223e-4,99222.18171009788,81.1022223023756,396686.8913809473,0.9991391580009253,8145272.951417895,82.09125027321333
Naguabo,2010-2014,2,5,5,9.678515606252353e-5,2.5,4.838087165572767e-4,99141.0794877955,47.965318425092846,495585.48414291476,0.9994478614932029,7748586.060036947,78.15716855282795
Naguabo,2010-2014,2,10,5,1.241387884616746e-4,2.5,6.205013715871038e-4,99093.11416937041,61.48741325693845,495311.85231370974,0.9987171819856605,7253000.575894033,73.19378986815542
Naguabo,2010-2014,2,15,5,3.894880595732936e-4,2.5,0.001945545880641813,99031.62675611347,192.67057348860544,494676.4573468458,0.9973838451832464,6757688.723580323,68.23768269729199
Naguabo,2010-2014,2,20,5,6.586971207734943e-4,2.5,0.0032880709966215376,98838.95618262487,324.9895051604253,493382.3071502233,0.9961763598979906,6263012.266233477,63.36582768702353
Naguabo,2010-2014,2,25,5,8.741011683105818e-4,2.5,0.004360976005998365,98513.96667746444,429.6170449361525,491495.7907749818,0.9953477696824178,5769629.9590832535,58.566619066036296
Naguabo,2010-2014,2,30,5,9.914031947218162e-4,2.5,0.004944760345599678,98084.34963252829,485.00360258686123,489209.23915617436,0.9941307637168182,5278134.168308272,53.81219519814049
Naguabo,2010-2014,2,35,5,0.001364298710040968,2.5,0.006798306249089599,97599.34602994143,663.5102440224,486337.95453965117,0.9923249560598155,4788924.929152098,49.06718255758554
Naguabo,2010-2014,2,40,5,0.0017189115879999617,2.5,0.008557782760114938,96935.83578591903,829.5558243260894,482605.2893687799,0.9904180419129334,4302586.9746124465,44.38592745117119
Naguabo,2010-2014,2,45,5,0.0021343226368774606,2.5,0.010614973737542563,96106.27996159294,1020.1656378052285,477980.98571345164,0.9869389178290784,3819981.6852436666,39.74747213990855
Naguabo,2010-2014,2,50,5,0.00313100453905331,2.5,0.015533434559980581,95086.11432378771,1477.013934411385,471738.0367829101,0.979643494947717,3342000.699530215,35.14709506532171
Naguabo,2010-2014,2,55,5,0.005115735987332158,2.5,0.025255676503724483,93609.10038937633,2364.161157238763,462135.09905378474,0.9696471671151904,2870262.662747305,30.66221821177816
Naguabo,2010-2014,2,60,5,0.0072453129394406774,2.5,0.03558205685484754,91244.93923213756,3246.682615475016,448107.98962200026,0.9551558296638307,2408127.56369352,26.39190276149966
Naguabo,2010-2014,2,65,5,0.011194356839962205,2.5,0.05444800811952327,87998.25661666255,4791.329790767937,428012.9586063929,0.9311582443265375,1960019.5740715198,22.273390967388647
Naguabo,2010-2014,2,70,5,0.01755055655576823,2.5,0.08406434277342015,83206.92682589461,6994.735617814891,398547.7950849358,0.8984713458766603,1532006.615465127,18.412008157334746
Naguabo,2010-2014,2,75,5,0.02566682309836668,2.5,0.12059583554828925,76212.19120807972,9190.872877704358,358083.7738461377,0.8395889168666096,1133458.820380191,14.872408238277057
Naguabo,2010-2014,2,80,5,0.04585292800036548,2.5,0.20568633789628446,67021.31833037536,13785.36952835603,300643.1678309867,0.6122609707716679,775375.0465340534,11.569080791755157
Naguabo,2010-2014,2,85,NA,0.11302225923895066,8.917505734115126,1,53235.94880201933,53235.94880201933,474731.8787030667,0,474731.8787030667,8.917505734115126
Naguabo,2015-2019,1,0,1,0.009954165753175113,0.12942695994782671,0.009868645763035254,100000,986.8645763035311,99140.86230568764,0.9896966055729048,7605259.609439226,76.05259609439226
Naguabo,2015-2019,1,1,4,3.6693712153870517e-4,1.6232657703159747,0.0014664695604287485,99013.13542369647,145.19974918145454,395707.4404807648,0.9985591158039985,7506118.747133538,75.80932282381924
Naguabo,2015-2019,1,5,5,1.6545645840184938e-4,2.5,8.269402355025562e-4,98867.93567451501,81.75787401033449,494135.28368754924,0.9990592083260794,7110411.306652774,71.91827419216168
Naguabo,2015-2019,1,10,5,2.1105877350312947e-4,2.5,0.001054737338593019,98786.17780050468,104.19347026309697,493670.4053268656,0.9976411890031625,6616276.022965224,66.97572646576698
Naguabo,2015-2019,1,15,5,7.341974582703143e-4,2.5,0.00366426156253744,98681.98433024158,361.5966020962078,492505.93014596734,0.9939636096813624,6122605.617638359,62.04380322500321
Naguabo,2015-2019,1,20,5,0.0016905635707563124,2.5,0.00841724314222545,98320.38772814538,827.5866093456862,489532.97211736266,0.9916176859765252,5630099.687492391,57.26278971823774
Naguabo,2015-2019,1,25,5,0.0016764142694737265,2.5,0.008347088402104018,97492.80111879969,813.7810295073577,485429.55302023,0.9897523483030873,5140566.715375029,52.72765431276305
Naguabo,2015-2019,1,30,5,0.002447729892679712,2.5,0.012164212695807454,96679.02008929233,1176.0241635883867,480455.0400374907,0.9876670857467688,4655137.162354799,48.15043799632365
Naguabo,2015-2019,1,35,5,0.0025164712325444617,2.5,0.012503693202113109,95502.99592570394,1194.1401609376626,474529.62922617554,0.9864435355169655,4174682.122317308,43.712577619711325
Naguabo,2015-2019,1,40,5,0.0029460526183552604,2.5,0.014622565969869782,94308.85576476628,1379.0374649632286,468096.68516142335,0.9826138673111273,3700152.4930911325,39.234411902105876
Naguabo,2015-2019,1,45,5,0.004079324127759924,2.5,0.020190709517570574,92929.81829980305,1876.3189668119448,459958.29408198537,0.975504752174273,3232055.807929709,34.77953435250135
Naguabo,2015-2019,1,50,5,0.005862375339314779,2.5,0.028888488785951807,91053.49933299111,2630.397994402796,448691.5016789485,0.9592665962976663,2772097.513847724,30.444711451559986
Naguabo,2015-2019,1,55,5,0.010873917826261896,2.5,0.05293067948333452,88423.10133858831,4680.294835875218,430414.7696032536,0.9394475897348835,2323406.0121687753,26.27600680134512
Naguabo,2015-2019,1,60,5,0.014207334635401242,2.5,0.06860011133268319,83742.8065027131,5744.765849397474,404352.11789007176,0.9195604310872875,1892991.2425655217,22.60482209303784
Naguabo,2015-2019,1,65,5,0.01954030678379439,2.5,0.09315103444334506,77998.04065331562,7265.598171410427,371826.20783805207,0.8939840423218519,1488639.12467545,19.085596409942244
Naguabo,2015-2019,1,70,5,0.025577723096798427,2.5,0.1202023588578706,70732.4424819052,8502.20643410366,332406.69632426684,0.840069752081692,1116812.916837398,15.789259887683103
Naguabo,2015-2019,1,75,5,0.04570379539958861,2.5,0.20508596009874047,62230.23604780153,12762.547707034617,279244.81097142113,0.7661802796683501,784406.2205131311,12.604905112533999
Naguabo,2015-2019,1,80,5,0.0624188510225982,2.5,0.26996672339185335,49467.688340766916,13354.629735126233,213951.867366019,0.5764683063179364,505161.40954171,10.211946959433728
Naguabo,2015-2019,1,85,NA,0.13062567372476716,8.06382935756667,1,36113.05860564068,36113.05860564068,291209.542175691,0,291209.542175691,8.06382935756667
Naguabo,2015-2019,2,0,1,0.006614907588087985,0.1354345788814304,0.006577291921644472,100000,657.7291921644501,99431.35008399436,0.9932360599720038,8424969.45668558,84.24969456685581
Naguabo,2015-2019,2,1,4,1.8467770639584447e-4,1.5132987460434844,7.38371737013864e-4,99342.27080783555,73.35152505528822,397186.67990200757,0.9992324405414604,8325538.106601586,83.80660154936699
Naguabo,2015-2019,2,5,5,8.685392464422993e-5,2.5,4.3417534863861697e-4,99268.91928278026,43.100117638576194,496236.84611980483,0.9995173079210548,7928351.426699578,79.86740949717253
Naguabo,2015-2019,2,10,5,1.0627420465069353e-4,2.5,5.312298831701662e-4,99225.81916514169,52.71172032254981,495997.316524902,0.9988481180105643,7432114.580579773,74.90101510989285
Naguabo,2015-2019,2,15,5,3.548873795043396e-4,2.5,0.0017728639798915943,99173.10744481914,175.820429962856,495425.98614918854,0.9975425811683358,6936117.264054871,69.93949713549304
Naguabo,2015-2019,2,20,5,6.296274114190464e-4,2.5,0.0031431894614846463,98997.28701485628,311.1672292606527,494208.51700112975,0.9965586518472698,6440691.277905682,65.05927053272826
Naguabo,2015-2019,2,25,5,7.49491109518324e-4,2.5,0.003740446968220854,98686.11978559563,369.1301975575043,492507.7734340844,0.995888400662951,5946482.760904552,60.25652618447067
Naguabo,2015-2019,2,30,5,8.988443129826125e-4,2.5,0.004484145193897754,98316.98958803812,440.8676563397021,490482.77879934135,0.9948854278993375,5453974.9874704685,55.47337250991292
Naguabo,2015-2019,2,35,5,0.0011528810203846164,2.5,0.005747838666655532,97876.12193169842,562.5761581812985,487974.16926303884,0.9933650700300776,4963492.208671127,50.711982766693964
Naguabo,2015-2019,2,40,5,0.001511117123877692,2.5,0.007527149607722911,97313.54577351712,732.493617895263,484736.4948228475,0.9914352163744137,4475518.039408088,45.99069948416219
Naguabo,2015-2019,2,45,5,0.0019313378168662205,2.5,0.009610287306068206,96581.05215562186,928.1716595378821,480584.83162926463,0.9869065944215554,3990781.5445852405,41.320543269241476
Naguabo,2015-2019,2,50,5,0.0033498858283030303,2.5,0.016610322432217082,95652.88049608398,1588.82518661028,474292.33951389417,0.9798759552993159,3510196.712955976,36.697240007316694
Naguabo,2015-2019,2,55,5,0.004796252042469038,2.5,0.02369711684961866,94064.0553094737,2229.0469100175833,464747.6592723245,0.9731875247361397,3035904.3734420817,32.274861672228155
Naguabo,2015-2019,2,60,5,0.006092081857176103,2.5,0.030003450593349457,91835.00839945611,2755.367137252906,452286.62415414833,0.9630064449785609,2571156.7141697574,27.99756605875135
Naguabo,2015-2019,2,65,5,0.009039752741834805,2.5,0.0441998738814036,89079.64126220321,3937.308909190062,435554.9340380409,0.9440959377034909,2118870.090015609,23.786244084423053
Naguabo,2015-2019,2,70,5,0.014110718672483839,2.5,0.06814949739875663,85142.33235301315,5802.407157215741,411205.64387202635,0.9117942903108972,1683315.1559775681,19.77060187872568
Naguabo,2015-2019,2,75,5,0.02321967293295765,2.5,0.10972870316751974,79339.9251957974,8705.867101142881,374934.9582261298,0.8594392833760082,1272109.5121055418,16.033661601850422
Naguabo,2015-2019,2,80,5,0.038402496086741525,2.5,0.17519287152572816,70634.05809465452,12374.583465117626,322233.8318104786,0.6408348515713814,897174.5538794119,12.70172743971663
Naguabo,2015-2019,2,85,NA,0.12488441947771259,9.868621811729227,1,58259.4746295369,58259.4746295369,574940.7220689333,0,574940.7220689333,9.868621811729227
Naguabo,2020-2024,1,0,1,0.01058331358422744,0.12817152690835337,0.010486555872675123,100000,1048.655587267509,99085.75220055354,0.989091798769273,7664004.093003005,76.64004093003005
Naguabo,2020-2024,1,1,4,3.6701660112964667e-4,1.62140400715563,0.0014667859235579631,98951.34441273249,145.14043910172768,395460.14718408295,0.998525717302616,7564918.340802451,76.45088993686315
Naguabo,2020-2024,1,5,5,1.7352260717730183e-4,2.5,8.672368229001347e-4,98806.20397363076,85.68837841691857,493816.7989221115,0.9990400882168005,7169458.193618368,72.56081000269721
Naguabo,2020-2024,1,10,5,2.1064430605391795e-4,2.5,0.0010526671843981816,98720.51559521384,103.91984719395987,493342.7783580843,0.997383392928727,6675641.394696256,67.62162205542516
Naguabo,2020-2024,1,15,5,8.381917408915529e-4,2.5,0.004182195001185785,98616.59574801988,412.43383377132704,492051.8941556711,0.9937007210104956,6182298.616338172,62.690245687803575
Naguabo,2020-2024,1,20,5,0.0016921793648295381,2.5,0.008425254220807954,98204.16191424856,827.395029668929,488952.32199707045,0.991306227150843,5690246.722182501,57.9430302266741
Naguabo,2020-2024,1,25,5,0.001800987148002251,2.5,0.008964573037939613,97376.76688457963,872.9411389352463,484701.48157556006,0.9898665058489561,5201294.40018543,53.414120909872764
Naguabo,2020-2024,1,30,5,0.0022754689638514267,2.5,0.011312988931253478,96503.82574564438,1091.7467124840623,479789.7619470118,0.9865951727870766,4716592.918609871,48.87467291754234
Naguabo,2020-2024,1,35,5,0.0031283975499280486,2.5,0.015520601222545189,95412.07903316032,1480.8528304876527,473358.2630895825,0.9847666160983861,4236803.156662859,44.405312195223885
Naguabo,2020-2024,1,40,5,0.003010821002913885,2.5,0.014941638516907791,93931.22620267267,1403.4864273702406,466147.41494493774,0.9817532134622261,3763444.8935732762,40.06596150946652
Naguabo,2020-2024,1,45,5,0.004367588059196743,2.5,0.021602067960785013,92527.73977530243,1998.7905228839081,457641.72256930236,0.9758794943158605,3297297.4786283383,35.63577243576478
Naguabo,2020-2024,1,50,5,0.005411133490576136,2.5,0.026694548045518435,90528.94925241852,2416.6293853289826,446603.17279877013,0.9679601700911836,2839655.756059036,31.367377833374924
Naguabo,2020-2024,1,55,5,0.0076498999667029876,2.5,0.0375317151669991,88112.31986708954,3307.006491955137,432294.0831055598,0.9473655290418304,2393052.583260266,27.159114490118938
Naguabo,2020-2024,1,60,5,0.014148592075248587,2.5,0.06832616286029948,84805.3133751344,5794.421653088153,409540.5127429516,0.9254642566321568,1960758.5001547062,23.120703433773482
Naguabo,2020-2024,1,65,5,0.01692740174417704,2.5,0.08120071587217739,79010.89172204625,6415.7409695292445,379015.1061864081,0.9006298800938005,1551217.9874117544,19.632963931970423
Naguabo,2020-2024,1,70,5,0.02533853997374153,2.5,0.11914528119321526,72595.150752517,8649.369649672488,341352.3296384038,0.8482910737949705,1172202.8812253464,16.14712372760937
Naguabo,2020-2024,1,75,5,0.041666158704403676,2.5,0.1886771620747598,63945.781102844514,12065.108505138516,289566.13425137626,0.7790106936874968,830850.5515869426,12.993047191818317
Naguabo,2020-2024,1,80,5,0.05998577965521915,2.5,0.26081580043705394,51880.672597706,13531.299150783416,225575.11511157145,0.5832595436204339,541284.4173355664,10.4332575163935
Naguabo,2020-2024,1,85,NA,0.1341514510241514,8.232450072775038,1,38349.37344692258,38349.37344692258,315709.3022239949,0,315709.3022239949,8.232450072775038
Naguabo,2020-2024,2,0,1,0.006735421745660708,0.13518688974879592,0.006696415919610162,100000,669.6415919610154,99420.88517210263,0.9931125285322719,8374898.876876887,83.74898876876887
Naguabo,2020-2024,2,1,4,1.8838409282371222e-4,1.5131049312987943,7.531835112433833e-4,99330.35840803898,74.81398811883992,397135.3790940333,0.9992073105485134,8275477.991704783,83.31267624858418
Naguabo,2020-2024,2,5,5,9.277018039797803e-5,2.5,4.63743348104735e-4,99255.54441992014,46.029098487240844,496162.64935338264,0.9994979978669314,7878342.612610751,79.37433277560666
Naguabo,2020-2024,2,10,5,1.0808493169571667e-4,2.5,5.402786685211239e-4,99209.5153214329,53.60078484249243,495913.57464505825,0.9988681363292597,7382179.963257368,74.40999927617372
Naguabo,2020-2024,2,15,5,3.450510873907908e-4,2.5,0.0017237684664945195,99155.91453659041,170.92183874458715,495352.26808609057,0.9973094624246805,6886266.3886123095,69.44887171678646
Naguabo,2020-2024,2,20,5,7.331364739680752e-4,2.5,0.0036589760478452486,98984.99269784582,362.18371737757116,494019.5041957852,0.9960153648281626,6390914.120526219,64.56447534460749
Naguabo,2020-2024,2,25,5,8.6416096092592e-4,2.5,0.004311490250734357,98622.80898046825,425.21127941932355,492051.01670379296,0.9955320377249126,5896894.616330434,59.79240175057561
Naguabo,2020-2024,2,30,5,9.271664940270756e-4,2.5,0.0046251118482932155,98197.59770104893,454.17487260105554,489852.551323742,0.9948179749572666,5404843.599626641,55.040486999295574
Naguabo,2020-2024,2,35,5,0.0011516112011501606,2.5,0.00574152599164163,97743.42282844787,561.1964026815403,487314.12313553557,0.9932397691864566,4914991.048302899,50.28462177889281
Naguabo,2020-2024,2,40,5,0.0015630476874065968,2.5,0.007784818331308902,97182.22642576633,756.5459777567303,484019.7671844399,0.9911901040015869,4427676.925167363,45.56056274908963
Naguabo,2020-2024,2,45,5,0.0019783396787781318,2.5,0.009843016319531186,96425.6804480096,949.1195462716714,479755.60337436886,0.9859578951378369,3943657.1579829236,40.89841149847263
Naguabo,2020-2024,2,50,5,0.003690322156787837,2.5,0.018282935974643286,95476.56090173793,1745.5918500455882,473018.82488357567,0.9790316989676232,3463901.5546085546,36.28012490074412
Naguabo,2020-2024,2,55,5,0.004797595686754469,2.5,0.023703676789953092,93730.96905169234,2221.7685956104106,463100.4237694357,0.9681889795828161,2990882.729724979,31.90922658737814
Naguabo,2020-2024,2,60,5,0.008187257495468097,2.5,0.04011520372146354,91509.20045608193,3670.9102186839737,448368.72673369973,0.9558104874489285,2527782.305955543,27.623258572439426
Naguabo,2020-2024,2,65,5,0.00992722684000421,2.5,0.048434093614761704,87838.29023739796,4254.367972318752,428555.53125619295,0.9411475418155573,2079413.5792218435,23.673201898646635
Naguabo,2020-2024,2,70,5,0.014465060820868481,2.5,0.06980111082087216,83583.9222650792,5834.250620867941,403333.9847732262,0.9137071028733369,1650858.0479656504,19.750904279534723
Naguabo,2020-2024,2,75,5,0.0219458708011998,2.5,0.10402220910245438,77749.67164421127,8087.692601421324,368529.12671750307,0.8582304338781512,1247524.0631924244,16.045393334922295
Naguabo,2020-2024,2,80,5,0.04050422156489849,2.5,0.18389935706407798,69661.97904278994,12810.79315778034,316282.91231949884,0.640176639028315,878994.9364749212,12.618001218928875
Naguabo,2020-2024,2,85,NA,0.10878294754286048,9.897982168632247,1,56851.1858850096,56851.1858850096,562712.0241554223,0,562712.0241554223,9.897982168632247
Naranjito,1980-1984,1,0,1,0.01822960373880798,0.11291373721939563,0.01793949994030466,100000,1793.9499940304668,98408.61160418023,0.9814630538132223,7408033.161937332,74.08033161937331
Naranjito,1980-1984,1,1,4,5.321563863583551e-4,1.598948286679862,0.002125909196838952,98206.05000596953,208.77714489291247,392322.9153024309,0.9979287678786389,7309624.550333152,74.43150956472468
Naranjito,1980-1984,1,5,5,2.215625336701714e-4,2.5,0.0011071993835990862,97997.27286107662,108.50252010617987,489715.1080051176,0.9988362448722029,6917301.63503072,70.58667484386896
Naranjito,1980-1984,1,10,5,2.4422373407150075e-4,2.5,0.0012203735598881086,97888.77034097044,119.46086713408295,489145.199537017,0.9971877055464146,6427586.527025603,65.66214392761042
Naranjito,1980-1984,1,15,5,8.831778034007262e-4,2.5,0.004406160459214131,97769.30947383636,430.7872655282845,487769.5792053611,0.9937741768186382,5938441.327488586,60.73931952109929
Naranjito,1980-1984,1,20,5,0.0016172199948774582,2.5,0.008053539113178888,97338.52220830807,783.9195958236378,484732.8120519813,0.9915970281759633,5450671.748283225,55.99706698462695
Naranjito,1980-1984,1,25,5,0.0017587474399204403,2.5,0.008755241552934431,96554.60261248444,845.358868919895,480659.6158901224,0.9908113976554739,4965938.936231243,51.43140566961591
Naranjito,1980-1984,1,30,5,0.001934468560238048,2.5,0.009625790826885148,95709.24374356454,921.2771604749141,476243.0258166354,0.9883270863711034,4485279.320341121,46.86359587542672
Naranjito,1980-1984,1,35,5,0.0027669957942382858,2.5,0.013739933128244014,94787.96658308963,1302.3803222138813,470683.88210991345,0.9840726949485222,4009036.294524486,42.2947810681246
Naranjito,1980-1984,1,40,5,0.0036622560963764173,2.5,0.01814515001621571,93485.58626087575,1696.3099870574806,463187.15633673506,0.9768920352412147,3538352.4124145727,37.84917604881506
Naranjito,1980-1984,1,45,5,0.005712944323227639,2.5,0.028162494705498926,91789.27627381826,2585.015007082984,452483.84385138383,0.9706098113851684,3075165.2560778377,33.50244582933911
Naranjito,1980-1984,1,50,5,0.006226117902188524,2.5,0.030653459380411644,89204.26126673528,2734.4191992994893,439185.2583354277,0.96116688509977,2622681.412226454,29.400853445601765
Naranjito,1980-1984,1,55,5,0.009683155133811497,2.5,0.047271434094715306,86469.84206743579,4087.553440471238,422130.32673600083,0.942336956537148,2183496.153891026,25.25153396473384
Naranjito,1980-1984,1,60,5,0.014200931162145018,2.5,0.0685702522314507,82382.28862696455,5648.9743105551315,397789.0073584349,0.910271612897725,1761365.8271550252,21.380394457486734
Naranjito,1980-1984,1,65,5,0.02382851818230003,2.5,0.11244414738533824,76733.31431640942,8628.21210435983,362096.0413211475,0.8718384359228561,1363576.8197965904,17.770336547355278
Naranjito,1980-1984,1,70,5,0.03146925659398803,2.5,0.14587021491359953,68105.10221204959,9934.505896384333,315689.24631928717,0.8271261331798124,1001480.7784754428,14.70493026142547
Naranjito,1980-1984,1,75,5,0.04555567599977578,2.5,0.20448926342394394,58170.59631566526,11895.262393521974,261114.82559452133,0.7498497970405834,685791.5321561556,11.789315832945533
Naranjito,1980-1984,1,80,5,0.07268709733482927,2.5,0.3075484723177927,46275.33392214328,14231.908253750898,195796.89897633914,0.5389506983757238,424676.70656163426,9.177172168571246
Naranjito,1980-1984,1,85,NA,0.16441712411963208,7.142800833902788,1,32043.425668392385,32043.425668392385,228879.80758529512,0,228879.80758529512,7.142800833902788
Naranjito,1980-1984,2,0,1,0.009488936454395075,0.1295276735733754,0.009411201281463302,100000,941.1201281463291,99180.78097260554,0.9902843197911819,8053283.833614051,80.53283833614051
Naranjito,1980-1984,2,1,4,2.7790243392812006e-4,1.5086879755150593,0.0011108406544328227,99058.87987185367,110.03863094424014,395961.37892298546,0.9988770370736592,7954103.052641446,80.29671911222069
Naranjito,1980-1984,2,5,5,1.2784232071732203e-4,2.5,6.390073731227714e-4,98948.84124090943,63.22903911488538,494586.1336067599,0.9993272226872059,7558141.673718461,76.38433739023536
Naranjito,1980-1984,2,10,5,1.413637106978549e-4,2.5,7.065688455046144e-4,98885.61220179455,69.86949285044102,494253.3872768467,0.9985188254103763,7063555.540111701,71.43158021509942
Naranjito,1980-1984,2,15,5,4.517752832212981e-4,2.5,0.0022563280330161,98815.7427089441,222.96073037749738,493521.31171877676,0.9969102714334068,6569302.152834854,66.48031955985336
Naranjito,1980-1984,2,20,5,7.865463581677801e-4,2.5,0.0039250137776075614,98592.7819785666,386.97802763852815,491996.46482373675,0.9957058356669588,6075780.841116077,61.625006609884586
Naranjito,1980-1984,2,25,5,9.351349984054076e-4,2.5,0.00466476951893541,98205.80395092808,458.1074408528366,489883.7511525083,0.9947064216116627,5583784.37629234,56.85798752874597
Naranjito,1980-1984,2,30,5,0.0011885882419597985,2.5,0.005925334253241282,97747.69651007524,579.1877743065852,487290.51311460976,0.9931323606893988,5093900.6251398325,52.11274338945454
Naranjito,1980-1984,2,35,5,0.0015692444874103432,2.5,0.007815561121536741,97168.50873576866,759.4264191129769,483943.9776310608,0.9915339894499932,4606610.112025223,47.40846774289833
Naranjito,1980-1984,2,40,5,0.0018326751800010026,2.5,0.009121583650110362,96409.08231665568,879.403508981748,479846.902810824,0.9885838316078891,4122666.1343941614,42.76221736924393
Naranjito,1980-1984,2,45,5,0.0027653620152749206,2.5,0.013731876055270332,95529.67880767393,1311.8017089867644,474368.8897659028,0.9840886272712407,3642819.2315833378,38.13285333992674
Naranjito,1980-1984,2,50,5,0.003657381028992157,2.5,0.018121214677996787,94217.87709868717,1707.3423774104303,466821.02954990976,0.9774763585490412,3168450.341817435,33.62897190411844
Naranjito,1980-1984,2,55,5,0.0054754015323050164,2.5,0.02700731788716796,92510.53472127674,2498.4614191294095,456306.5200585602,0.9672742831680646,2701629.312267525,29.203477424568064
Naranjito,1980-1984,2,60,5,0.007872519028965045,2.5,0.038602841141185,90012.07330214733,3474.7217664714844,441373.5620945579,0.9529394888229119,2245322.792208965,24.944684749922324
Naranjito,1980-1984,2,65,5,0.01149252976744405,2.5,0.05585778081531192,86537.35153567584,4833.784414417372,420602.2966423358,0.9344840054744242,1803949.230114407,20.845902932108014
Naranjito,1980-1984,2,70,5,0.015745446638561034,2.5,0.07574561196457187,81703.56712125847,6188.686691288196,393046.1188780719,0.8826847613933184,1383346.9334720713,16.931291768681394
Naranjito,1980-1984,2,75,5,0.035324784303393836,2.5,0.1622916295010426,75514.88042997028,12255.432996556272,346935.81965846074,0.8012290849264289,990300.8145939993,13.113982422475898
Naranjito,1980-1984,2,80,5,0.05514475517334924,2.5,0.24231743658057303,63259.447433414,15328.867141568386,277975.069313149,0.5679356640455695,643364.9949355386,10.170259479625324
Naranjito,1980-1984,2,85,NA,0.13341623899147018,7.623315290521384,1,47930.58029184562,47930.58029184562,365389.9256223896,0,365389.9256223896,7.623315290521384
Naranjito,1985-1989,1,0,1,0.013929722383658624,0.12149393546952841,0.01376132035073451,100000,1376.1320350734459,98791.05966159332,0.985777400962244,7332760.6907117,73.327606907117
Naranjito,1985-1989,1,1,4,4.226455863661847e-4,1.611537141783237,0.0016888774687779892,98623.86796492655,166.56362848970457,394097.6408195287,0.9982622556870775,7233969.631050107,73.34907644894552
Naranjito,1985-1989,1,5,5,2.0676349596000643e-4,2.5,0.001033283366597045,98457.30433643685,101.734294890819,492032.1859449572,0.9988032266992036,6839871.990230578,69.47043732639848
Naranjito,1985-1989,1,10,5,2.7227167182590376e-4,2.5,0.0013604323411596847,98355.57004154603,133.80609841771366,491443.3349616858,0.9973496623937436,6347839.804285621,64.53970834192972
Naranjito,1985-1989,1,15,5,7.899570234833805e-4,2.5,0.00394200009077121,98221.76394312832,387.1902023795119,490140.8442096928,0.993933124584138,5856396.469323935,59.624224145626876
Naranjito,1985-1989,1,20,5,0.0016467839760811725,2.5,0.008200160149566846,97834.5737407488,802.2591728387488,487167.2207716471,0.990250180400988,5366255.625114243,54.85029902960735
Naranjito,1985-1989,1,25,5,0.0022753279000780158,2.5,0.011312291568839086,97032.31456791006,1097.657833991514,482417.4282545715,0.9891370376550231,4879088.4043425955,50.28312914176509
Naranjito,1985-1989,1,30,5,0.0020925887507152337,2.5,0.010408492020292237,95934.65673391854,998.5351090844779,477176.9458968815,0.9872063450822797,4396670.976088024,45.82985050212351
Naranjito,1985-1989,1,35,5,0.003064073920757473,2.5,0.015203904882675654,94936.12162483406,1443.3997631140955,471072.1087163851,0.9840632061660567,3919494.030191142,41.28559249218217
Naranjito,1985-1989,1,40,5,0.0033642591167677566,2.5,0.016680997588305685,93492.72186171997,1559.551867899485,463564.72963885113,0.9806233724426944,3448421.921474757,36.88438899634489
Naranjito,1985-1989,1,45,5,0.00447306481715619,2.5,0.022117986121910283,91933.16999382048,2033.3765780665417,454582.40852393606,0.9733462895487507,2984857.191835906,32.46768486321684
Naranjito,1985-1989,1,50,5,0.006357880468432827,2.5,0.031292024956443426,89899.79341575394,2813.1465791448863,442466.1006309075,0.9590855479420218,2530274.78331197,28.14550164326148
Naranjito,1985-1989,1,55,5,0.010434835949966153,2.5,0.05084771094448817,87086.64683660906,4428.156645472613,424362.8425693637,0.940195646310691,2087808.6826810625,23.97392434454601
Naranjito,1985-1989,1,60,5,0.014344786192831124,2.5,0.06924081909965307,82658.49019113644,5723.341566374918,398984.0970397449,0.9104564404857463,1663445.8401116987,20.12431918687612
Naranjito,1985-1989,1,65,5,0.023584475498261395,2.5,0.11135665664101137,76935.14862476152,8567.240929032749,363257.64080122573,0.859457604221871,1264461.7430719538,16.435423414064708
Naranjito,1985-1989,1,70,5,0.03796869403760156,2.5,0.1733854248237285,68367.90769572878,11853.998720133393,312204.54167831043,0.7951491373549985,901204.1022707281,13.18168322894325
Naranjito,1985-1989,1,75,5,0.05529987892166648,2.5,0.24291629091858696,56513.90897559538,13728.14915366227,248249.17199382122,0.706961882084472,588999.5605924176,10.42220528130106
Naranjito,1985-1989,1,80,5,0.08757950013088082,2.5,0.35924192919255993,42785.75982193311,15370.438900400768,175502.70185866364,0.4849523060547244,340750.38859859644,7.964107451094483
Naranjito,1985-1989,1,85,NA,0.14994619899259168,6.02756711157611,1,27415.320921532344,27415.320921532344,165247.6867399328,0,165247.6867399328,6.02756711157611
Naranjito,1985-1989,2,0,1,0.009711542664382896,0.12907015770817376,0.009630090661112445,100000,963.0090661112481,99161.28666592613,0.9901318181005665,8050685.693635706,80.50685693635705
Naranjito,1985-1989,2,1,4,2.4668068214512645e-4,1.5083318424943701,9.861166155520145e-4,99036.99093388875,97.66202231417992,395904.62238435715,0.99893022481262,7951524.406969779,80.28842891922824
Naranjito,1985-1989,2,5,5,1.296929938338244e-4,2.5,6.482547839098911e-4,98939.32891157457,64.13789328375424,494536.2998246635,0.9993161707519158,7555619.784585422,76.36619196536228
Naranjito,1985-1989,2,10,5,1.439371338218318e-4,2.5,7.194267885343183e-4,98875.19101829082,71.13346114000888,494198.1214386041,0.9985328675583466,7061083.4847607585,71.41410713891351
Naranjito,1985-1989,2,15,5,4.4356661380860957e-4,2.5,0.0022153764015212123,98804.05755715081,218.88817748666042,493473.06734203734,0.9969109873646695,6566885.363322155,66.4637214875887
Naranjito,1985-1989,2,20,5,7.944926381214273e-4,2.5,0.003964588599468492,98585.16937966415,390.8496385992912,491948.7228018225,0.9956105113227359,6073412.295980117,61.60573983081194
Naranjito,1985-1989,2,25,5,9.655410643536362e-4,2.5,0.004816080014210848,98194.31974106486,472.91170081397286,489789.3194532894,0.9948786616145096,5581463.573178295,56.841002492775836
Naranjito,1985-1989,2,30,5,0.001088569221180252,2.5,0.005428074020129757,97721.40804025088,530.439036193784,487280.94261077,0.993340682270991,5091674.253725005,52.103979627757454
Naranjito,1985-1989,2,35,5,0.0015857176682043768,2.5,0.007897281195216802,97190.9690040571,767.5444118606392,484035.9839906339,0.9911657176625484,4604393.311114236,47.374703208505224
Naranjito,1985-1989,2,40,5,0.0019653577924085316,2.5,0.009778742144359233,96423.42459219646,942.8998057631543,479759.87344657443,0.9887665352753938,4120357.3271236015,42.73191233924564
Naranjito,1985-1989,2,45,5,0.00255674924994282,2.5,0.012702553141670786,95480.5247864333,1212.8464400942903,474370.5078319308,0.983554735882538,3640597.453677027,38.12921495582641
Naranjito,1985-1989,2,50,5,0.004088594412016781,2.5,0.02023612875273569,94267.67834633902,1907.6128762379958,466569.3595411001,0.9768359438559796,3166226.9458450964,33.58761986491694
Naranjito,1985-1989,2,55,5,0.005299792742223944,2.5,0.026152457203918098,92360.06547010102,2415.4426595578843,455761.72070161044,0.9629352140069061,2699657.5863039964,29.229706286619457
Naranjito,1985-1989,2,60,5,0.009892796022459382,2.5,0.04827016292287959,89944.62281054314,4341.641597101872,438869.010059961,0.9470066965669088,2243895.8656023857,24.947526550073658
Naranjito,1985-1989,2,65,5,0.011937112368643492,2.5,0.05795599381665298,85602.98121344126,4961.20584989326,415611.89144247316,0.919594234718663,1805026.8555424248,21.086027962528505
Naranjito,1985-1989,2,70,5,0.021993606506329328,2.5,0.10423668115928886,80641.775363548,8405.83102668915,382194.29925101716,0.8757826789408716,1389414.9640999516,17.229468942569934
Naranjito,1985-1989,2,75,5,0.031621225885413703,2.5,0.14652303449881063,72235.94433685885,10584.229764123738,334719.14727398497,0.8142809484598751,1007220.6648489345,13.943483041516682
Naranjito,1985-1989,2,80,5,0.052397633533407754,2.5,0.23164415394555063,61651.714572735116,14281.259261493797,272555.4247099411,0.594714037683097,672501.5175749495,10.908074856240201
Naranjito,1985-1989,2,85,NA,0.1359106472770313,8.442943818825794,1,47370.45531124132,47370.45531124132,399946.0928650084,0,399946.0928650084,8.442943818825794
Naranjito,1990-1994,1,0,1,0.012844653691973741,0.12365913579035101,0.012701679837779678,100000,1270.1679837779666,98886.8998914046,0.986671716249693,7262896.14438989,72.6289614438989
Naranjito,1990-1994,1,1,4,4.999321544314725e-4,1.6147298386487698,0.0019973468350527883,98729.83201622203,197.19771750290238,394448.95823344187,0.998076087197769,7164009.244498486,72.56174854345328
Naranjito,1990-1994,1,5,5,2.2457838857882587e-4,2.5,0.0011222618534975743,98532.63429871913,110.57941679807846,492386.72295160044,0.9987626531236915,6769560.286265044,68.70373794880915
Naranjito,1990-1994,1,10,5,2.7069530593578354e-4,2.5,0.0013525611997595034,98422.05488192105,133.12185263389256,491777.4697780205,0.9969522974455525,6277173.563313443,63.77811935388157
Naranjito,1990-1994,1,15,5,9.512849494135395e-4,2.5,0.004745139796888589,98288.93302928716,466.3947277109837,490278.6783271583,0.9930066443581664,5785396.093535423,58.86111401587347
Naranjito,1990-1994,1,20,5,0.0018590583636155784,2.5,0.00925229044822695,97822.53830157618,905.0825367489888,486849.9851660084,0.9900784380873521,5295117.415208264,54.12983047816646
Naranjito,1990-1994,1,25,5,0.002130706336276643,2.5,0.010597083498989837,96917.45576482719,1027.0423712495249,482019.67289601214,0.9875052115124037,4808267.430042256,49.61198570574991
Naranjito,1990-1994,1,30,5,0.002903487521215836,2.5,0.014412819005757284,95890.41339357766,1382.0511726288823,475996.9390363161,0.9840761763978663,4326247.757146244,45.11658260757898
Naranjito,1990-1994,1,35,5,0.0035221276591867524,2.5,0.017456924504331162,94508.36222094878,1649.825344319077,468417.2477439462,0.9787038366351515,3850250.8181099277,40.73978987286353
Naranjito,1990-1994,1,40,5,0.0051050557888180055,2.5,0.025203614301369175,92858.5368766297,2340.3707480280427,458441.7575130784,0.97510062237415,3381833.5703659817,36.419199398532726
Naranjito,1990-1994,1,45,5,0.004978660817282569,2.5,0.02458727483188963,90518.16612860166,2225.5950278825767,447026.8430733019,0.9666723025830423,2923391.8128529033,32.29618912848455
Naranjito,1990-1994,1,50,5,0.008640382192788653,2.5,0.04228844024872847,88292.57110071908,3733.755117399356,432128.46771009703,0.9548921071317822,2476364.9697796013,28.047263081224656
Naranjito,1990-1994,1,55,5,0.009846950125854202,2.5,0.048051840438634176,84558.81598331973,4063.2067333103187,412636.06308332284,0.9403889517134549,2044236.5020695042,24.17532079059332
Naranjito,1990-1994,1,60,5,0.014884765674096256,2.5,0.07175373455765141,80495.60925000941,5775.860579181608,388038.39480209304,0.9169959739311386,1631600.4389861815,20.269434000041322
Naranjito,1990-1994,1,65,5,0.01997483661234025,2.5,0.09512396872852703,74719.7486708278,7107.639035967222,355829.645764221,0.8719057719225931,1243562.0441840885,16.643016957437947
Naranjito,1990-1994,1,70,5,0.03585577206317423,2.5,0.1645304449838842,67612.10963486058,11124.250484522774,310249.92196299596,0.7935259003023609,887732.3984198675,13.129784046290956
Naranjito,1990-1994,1,75,5,0.058893941329544716,2.5,0.256677789900265,56487.859150337805,14499.17884290617,246191.3486444236,0.699056401448534,577482.4764568715,10.223125555527767
Naranjito,1990-1994,1,80,5,0.08795212798801355,2.5,0.36049490490253205,41988.680307431634,15136.705314410392,172101.63825113216,0.4805123838131786,331291.12781244796,7.890010483463856
Naranjito,1990-1994,1,85,NA,0.16682299503931886,5.928408975603796,1,26851.974993021242,26851.974993021242,159189.4895613158,0,159189.4895613158,5.928408975603796
Naranjito,1990-1994,2,0,1,0.008776916360800848,0.13099106711113684,0.008710479627519085,100000,871.0479627519089,99243.05153939394,0.9910406763947948,8056538.714509824,80.56538714509824
Naranjito,1990-1994,2,1,4,2.4171243747727955e-4,1.5098280496460266,9.662681477657202e-4,99128.95203724809,95.78514887497295,396277.2866580034,0.9989819900142801,7957295.66297043,80.27216569363556
Naranjito,1990-1994,2,5,5,1.21160470874345e-4,2.5,6.05618911690448e-4,99033.16688837312,59.97635875218839,495015.8935449851,0.9993282315913493,7561018.376312426,76.34834484122834
Naranjito,1990-1994,2,10,5,1.4764607655584424e-4,2.5,7.379579912740346e-4,98973.19052962093,73.0380568732362,494683.35750592157,0.9983986800383848,7066002.482767441,71.39309589754724
Naranjito,1990-1994,2,15,5,4.936724356158303e-4,2.5,0.002465319527340069,98900.1524727477,243.820477147965,493891.21117086854,0.9965895903112127,6571319.12526152,66.4439736538553
Naranjito,1990-1994,2,20,5,8.734703315807748e-4,2.5,0.004357835557729912,98656.33199559973,429.9280715656496,492206.8397990845,0.9948802639005156,6077427.914090651,61.602005579953214
Naranjito,1990-1994,2,25,5,0.0011804677917808197,2.5,0.005884971410888836,98226.40392403408,578.0595788873616,489686.87067295203,0.994115780503172,5585221.074291567,56.8606897042779
Naranjito,1990-1994,2,30,5,0.0011801643530460286,2.5,0.005883463131579268,97648.34434514672,574.5104338144156,486805.44564119756,0.9927466335298609,5095534.203618615,52.18249462180329
Naranjito,1990-1994,2,35,5,0.0017337578158182479,2.5,0.008631377284520457,97073.8339113323,837.8808849435882,483274.46734430257,0.9913816047758734,4608728.757977418,47.47652969168862
Naranjito,1990-1994,2,40,5,0.001728497145374971,2.5,0.008605300135078412,96235.95302638871,828.1392595773941,479109.4169830001,0.9897374366624688,4125454.2906331145,42.86811904384508
Naranjito,1990-1994,2,45,5,0.0024011703524638465,2.5,0.011934211574785717,95407.81376681132,1138.6170353808702,474192.52624560444,0.9849406591259743,3646344.8736501145,38.21851407854538
Naranjito,1990-1994,2,50,5,0.003677953553426341,2.5,0.018222216601380823,94269.19673143045,1717.793721678303,467051.4993529565,0.9751150396582403,3172152.3474045102,33.64993505186915
Naranjito,1990-1994,2,55,5,0.006436195041640583,2.5,0.031671367462640355,92551.40300975215,2931.2294939047715,455428.9413139988,0.9625552119752431,2705100.8480515536,29.22809120210222
Naranjito,1990-1994,2,60,5,0.008874005420150304,2.5,0.04340704130130045,89620.17351584737,3890.1465732321085,438375.50114615663,0.9494493829350342,2249671.906737555,25.102293585045885
Naranjito,1990-1994,2,65,5,0.011950338385350647,2.5,0.05801834479461912,85730.02694261527,4973.914262408638,416215.3490570548,0.9196887137391205,1811296.4055913982,21.12791130701286
Naranjito,1990-1994,2,70,5,0.021935874407961613,2.5,0.10397729009765233,80756.11268020663,8396.801755308537,382788.5590127618,0.8764999179045386,1395081.0565343434,17.275237876528927
Naranjito,1990-1994,2,75,5,0.03133389732184107,2.5,0.14528836020722566,72359.31092489809,10512.965630003237,335514.14054948237,0.8164345664550895,1012292.4975215817,13.989802895887754
Naranjito,1990-1994,2,80,5,0.05155621506679376,2.5,0.22834904424543295,61846.345294894854,14122.553838162275,273925.3418790686,0.5952510315125793,676778.3569720993,10.942899758184488
Naranjito,1990-1994,2,85,NA,0.11242171148072222,8.441345559442107,1,47723.79145673258,47723.79145673258,402853.0150930307,0,402853.0150930307,8.441345559442107
Naranjito,1995-1999,1,0,1,0.015948785872525417,0.11746499523066917,0.015727416790763223,100000,1572.7416790763236,98612.00041475546,0.9838250367480924,7209871.447127999,72.09871447127999
Naranjito,1995-1999,1,1,4,4.337999938760284e-4,1.6056132932094305,0.0017333995195303541,98427.25832092368,170.61376228216977,393300.51795929077,0.9981463121433095,7111259.446713244,72.24888275894942
Naranjito,1995-1999,1,5,5,2.30188429895733e-4,2.5,0.001150280196497735,98256.6445586415,113.02267241012305,491000.6661121822,0.9988174530101002,6717958.928753953,68.3715483968572
Naranjito,1995-1999,1,10,5,2.4311786436289836e-4,2.5,0.0012148509418982078,98143.62188623138,119.22987148979155,490420.03475243243,0.9968464377570585,6226958.262641771,63.44740639244081
Naranjito,1995-1999,1,15,5,0.0010215284864787692,2.5,0.005094631653987186,98024.39201474159,499.39817042114737,488873.4646476551,0.9926309068725809,5736538.2278893385,58.52153846592221
Naranjito,1995-1999,1,20,5,0.00194040781034853,2.5,0.009655201480832907,97524.99384432044,941.6234649839025,485270.9105591425,0.990069901534463,5247664.763241683,53.808409069151566
Naranjito,1995-1999,1,25,5,0.0020520082195383932,2.5,0.010207675512556599,96583.37037933654,985.8917047413415,480452.1226348294,0.9886523797202963,4762393.852682541,49.30863184809119
Naranjito,1995-1999,1,30,5,0.0025155858048373707,2.5,0.012499321236505217,95597.4786745952,1194.903595353724,475000.1343845917,0.9861170932602601,4281941.730047711,44.79136677467234
Naranjito,1995-1999,1,35,5,0.0030803409775768294,2.5,0.015284005020469045,94402.57507924148,1442.8494314563286,468405.7518175665,0.9824971572344474,3806941.5956631196,40.32667109416851
Naranjito,1995-1999,1,40,5,0.0039906437385331265,2.5,0.019756119605165472,92959.72564778515,1836.523458361,460207.3195930232,0.9770744352585096,3338535.843845553,35.91378761696138
Naranjito,1995-1999,1,45,5,0.005301113171273068,2.5,0.026158887794778454,91123.20218942415,2383.681621574069,449656.8068931856,0.9693340011167513,2878328.52425253,31.587218788351493
Naranjito,1995-1999,1,50,5,0.007185641248529175,2.5,0.035294177989657345,88739.52056785008,3131.9884336385585,435867.631755154,0.9565105083614521,2428671.7173593445,27.36854675141485
Naranjito,1995-1999,1,55,5,0.010674378710570032,2.5,0.05198463436694203,85607.53213421152,4450.276257053221,416911.9700284246,0.9335979932081288,1992804.0856041904,23.27837324500798
Naranjito,1995-1999,1,60,5,0.017016343353082653,2.5,0.08160995905465086,81157.2558771583,6623.240329122724,389228.1785629847,0.901145644518442,1575892.1155757657,19.41775998391415
Naranjito,1995-1999,1,65,5,0.024996402053940707,2.5,0.11763112314898212,74534.01554803558,8767.519961719125,350751.27783588006,0.8485000413141224,1186663.9370127812,15.92110566279636
Naranjito,1995-1999,1,70,5,0.04196061247712962,2.5,0.18988394572967054,65766.49558631645,12488.00167874273,297612.47373472544,0.7813059070517872,835912.6591769011,12.710311713048357
Naranjito,1995-1999,1,75,5,0.05825762264349365,2.5,0.2542570805802647,53278.49390757372,13546.434318653111,232526.38374123583,0.6928126176996073,538300.1854421756,10.103517309930083
Naranjito,1995-1999,1,80,5,0.09326811987232095,2.5,0.3781639887713107,39732.05958892061,15025.234136245614,161097.212603989,0.4731490673568263,305773.8017009398,7.695896081516137
Naranjito,1995-1999,1,85,NA,0.15797490335187803,5.855733646318643,1,24706.825452674995,24706.825452674995,144676.5890969508,0,144676.5890969508,5.855733646318643
Naranjito,1995-1999,2,0,1,0.0077129437606121174,0.13317781807712673,0.0076617194143707105,100000,766.17194143706,99335.86516599545,0.99207528213519,8100529.381811763,81.00529381811764
Naranjito,1995-1999,2,1,4,2.3656945355451312e-4,1.511534382512819,9.457210729970241e-4,99233.82805856294,93.84752234915504,396701.77590159955,0.9990366722747603,8001193.516645768,80.62969728350957
Naranjito,1995-1999,2,5,5,1.1309103563367847e-4,2.5,5.652953535759554e-4,99139.98053621378,56.043370350744226,495559.7942551921,0.9993730130363384,7604491.740744168,76.70459182676967
Naranjito,1995-1999,2,10,5,1.3779014245393812e-4,2.5,6.88713467452715e-4,99083.93716586304,68.24044193436566,495249.0847244793,0.9986445240396955,7108931.9464889765,71.74656306388869
Naranjito,1995-1999,2,15,5,4.049491404929545e-4,2.5,0.002022697977945658,99015.69672392868,200.27884954835463,494577.7864957725,0.9969319782276344,6613682.861764497,66.7942869725442
Naranjito,1995-1999,2,20,5,8.247900422606001e-4,2.5,0.004115464226519718,98815.41787438032,406.67131729061657,493060.41107867507,0.9952949994016904,6119105.075268725,61.92459847761483
Naranjito,1995-1999,2,25,5,0.0010622078858014252,2.5,0.005296973212214892,98408.7465570897,521.2684943605564,490740.5615495471,0.9942345708376077,5626044.664190049,57.170168923208685
Naranjito,1995-1999,2,30,5,0.0012511773535570266,2.5,0.006236379725084612,97887.47806272915,610.4634835300676,487911.2316048206,0.9925907812014321,5135304.102640502,52.46129744347535
Naranjito,1995-1999,2,35,5,0.001725293240984234,2.5,0.008589418042688573,97277.01457919908,835.5529441654508,484296.1905355817,0.9914833929893787,4647392.871035682,47.77483037631628
Naranjito,1995-1999,2,40,5,0.0016957919569333172,2.5,0.008443165155761089,96441.46163503363,814.2711884475721,480171.63020404923,0.9895940592365727,4163096.6805001,43.16708405202976
Naranjito,1995-1999,2,45,5,0.0024925213782512217,2.5,0.012385429521602563,95627.19044658606,1184.3838276250608,475174.9926638676,0.9850875709478418,3682925.050296051,38.51336668050706
Naranjito,1995-1999,2,50,5,0.0035250168056337387,2.5,0.017471119057441916,94442.806618961,1650.0215185588313,468088.9792984079,0.9802933839911806,3207750.057632183,33.96500138516821
Naranjito,1995-1999,2,55,5,0.004445230039350366,2.5,0.021981864090313878,92792.78510040216,2039.7583906387445,458864.529525414,0.9601763883037907,2739661.078333775,29.524505330553996
Naranjito,1995-1999,2,60,5,0.011960525981503118,2.5,0.05806636911634656,90753.02670976342,5269.698747354778,440590.88668043015,0.9388992135182073,2280796.5488083614,25.131906135787183
Naranjito,1995-1999,2,65,5,0.013291936377761108,2.5,0.0643222633098357,85483.32796240864,5498.481129799096,413670.43698754546,0.9219757329413196,1840205.6621279311,21.52707090366396
Naranjito,1995-1999,2,70,5,0.019434102011068315,2.5,0.09266820183617533,79984.84683260955,7412.051930119822,381394.1043377482,0.886678168222759,1426535.2251403856,17.83506853649174
Naranjito,1995-1999,2,75,5,0.029204091887962906,2.5,0.13608487169589326,72572.79490248972,9876.059482917692,338173.8258051544,0.8215457145913605,1045141.1208026374,14.401279738597779
Naranjito,1995-1999,2,80,5,0.05133934913953285,2.5,0.22749777628478454,62696.73541957203,14263.36788826812,277825.2573771898,0.6070182321826091,706967.294997483,11.275982557407433
Naranjito,1995-1999,2,85,NA,0.1287890764662868,8.860462517765797,1,48433.36753130391,48433.36753130391,429142.0376202932,0,429142.0376202932,8.860462517765797
Naranjito,2000-2004,1,0,1,0.012110842520039305,0.12512341929338758,0.011983867541461747,100000,1198.3867541461805,98951.5594941685,0.9876141039328014,7489974.219748534,74.89974219748534
Naranjito,2000-2004,1,1,4,3.7297219509415866e-4,1.6168926070975758,0.0014905639182823123,98801.61324585382,147.27011977233633,394855.4924722322,0.9984679803729539,7391022.660254366,74.80670018882033
Naranjito,2000-2004,1,5,5,0.00017944267063332592,2.5,8.968110377474625e-4,98654.34312608148,88.4743038371962,493050.5298708144,0.9990091813459123,6996167.167782134,70.91595712964147
Naranjito,2000-2004,1,10,5,2.1709989763012364e-4,2.5,0.0010849106531712648,98565.86882224429,106.93516112433281,492562.0062084106,0.997612173331423,6503116.63791132,65.97736838944903
Naranjito,2000-2004,1,15,5,7.397972774690793e-4,2.5,0.003692157766685945,98458.93366111995,363.52591661653423,491385.8535140584,0.9939226154521309,6010554.631702909,61.04631045863533
Naranjito,2000-2004,1,20,5,0.0017014971944362782,2.5,0.008471450598615517,98095.40774450342,831.0104006586043,488399.5127208706,0.9917480800839124,5519168.778188851,56.26327373615618
Naranjito,2000-2004,1,25,5,0.0016125776334887543,2.5,0.008030513600898181,97264.39734384482,781.083065752915,484369.2790548418,0.991320496933583,5030769.26546798,51.72261796557918
Naranjito,2000-2004,1,30,5,0.0018755020185995711,2.5,0.00933374644226395,96483.3142780919,900.5507913809706,480165.1944120071,0.9885559029592819,4546399.986413138,47.12110089117732
Naranjito,2000-2004,1,35,5,0.002733418301988488,2.5,0.013574330700010805,95582.76348671093,1297.4720407895365,474670.1373315808,0.9844695211760582,4066234.792001131,42.54150689592134
Naranjito,2000-2004,1,40,5,0.0035336525435875426,2.5,0.017513545754183943,94285.2914459214,1651.2697656847158,467298.28281539516,0.9803505852330674,3591564.6546695502,38.09252323019589
Naranjito,2000-2004,1,45,5,0.004412822747646961,2.5,0.021823357220305335,92634.02168023668,2021.5853458813217,458116.1450364801,0.9718447793784127,3124266.3718541553,33.72698621073377
Naranjito,2000-2004,1,50,5,0.0070476949059382465,2.5,0.03462834942508076,90612.43633435536,3137.7591076439276,445217.78390266694,0.9606558349825278,2666150.226817675,29.423667817292916
Naranjito,2000-2004,1,55,5,0.009045873438335737,2.5,0.04422913920288901,87474.67722671143,3868.9296757880074,427701.06194408715,0.9432005893172485,2220932.442915008,25.38943284304935
Naranjito,2000-2004,1,60,5,0.014497330673492237,2.5,0.06995138255745281,83605.74755092342,5848.3376309364685,403407.893677276,0.9102621091187276,1793231.380970921,21.448661527470723
Naranjito,2000-2004,1,65,5,0.023507323291456075,2.5,0.11101259410939834,77757.40991998695,8632.05178644562,367206.9201338207,0.877906131850658,1389823.487293645,17.873839788693907
Naranjito,2000-2004,1,70,5,0.028852998115964482,2.5,0.1345589199223108,69125.35813354133,9301.433529692244,322373.20684347604,0.8280718216051108,1022616.5671598243,14.793653078574438
Naranjito,2000-2004,1,75,5,0.04820629346451468,2.5,0.21510761525409622,59823.92460384909,12868.581756674837,266948.1686275584,0.7451945898822899,700243.3603163483,11.705072259189334
Naranjito,2000-2004,1,80,5,0.07208301202381802,2.5,0.30538278306096395,46955.34284717425,14339.353278251798,198928.33104024176,0.540894210561376,433295.1916887898,9.227814459773779
Naranjito,2000-2004,1,85,NA,0.14771089584377273,7.185643107755351,1,32615.989568922454,32615.989568922454,234366.86064854806,0,234366.86064854806,7.185643107755351
Naranjito,2000-2004,2,0,1,0.006813267892936047,0.13502689489768532,0.006773350550264878,100000,677.3350550264877,99414.12339425909,0.9929829158403819,8196154.362179676,81.96154362179676
Naranjito,2000-2004,2,1,4,2.1601696175374598e-4,1.5129797586547191,8.636038857101619e-4,99322.66494497351,85.7754393855721,397077.33452593186,0.999136269280249,8096740.238785417,81.51956296451723
Naranjito,2000-2004,2,5,5,9.823318782833061e-5,2.5,4.910453467672001e-4,99236.88950558794,48.72981281936518,496062.6229958913,0.9994688461187936,7699662.904259485,77.58871668207541
Naranjito,2000-2004,2,10,5,1.1428906973722975e-4,2.5,5.712821204308947e-4,99188.15969276858,56.66442219092278,495799.1374083656,0.9987065340977996,7203600.281263594,72.6256067616988
Naranjito,2000-2004,2,15,5,4.036193590212494e-4,2.5,0.0020160624904808602,99131.49527057765,199.85528924029495,495157.83812978753,0.9973777284573189,6707801.143855228,67.66569116652991
Naranjito,2000-2004,2,20,5,6.469858305832516e-4,2.5,0.00322970521913191,98931.63998133736,319.520033984998,493859.3998217243,0.9963650454464064,6212643.30572544,62.797334673693925
Naranjito,2000-2004,2,25,5,8.099400862589303e-4,2.5,0.0040415169647969405,98612.11994735236,398.54255570181704,492064.24334750726,0.9955659952870889,5718783.905903717,57.99270828937554
Naranjito,2000-2004,2,30,5,9.679537102185305e-4,2.5,0.00482808514377224,98213.57739165054,474.1835139213508,489882.42817344936,0.9941805428424829,5226719.662556209,53.21789309958024
Naranjito,2000-2004,2,35,5,0.0013677889419364635,2.5,0.006815638821152804,97739.39387772919,666.1564072689798,487031.5783704735,0.9920588481214594,4736837.23438276,48.463951396184086
Naranjito,2000-2004,2,40,5,0.0018231497182900748,2.5,0.009074388668588394,97073.23747046021,880.8802861251315,483163.98663698824,0.9900792029788458,4249805.656012286,43.77937490037375
Naranjito,2000-2004,2,45,5,0.0021666641251704673,2.5,0.01077495634743169,96192.35718433508,1036.4684496177651,478370.614797631,0.986879582528509,3766641.669375298,39.15739025042517
Naranjito,2000-2004,2,50,5,0.003122470986308875,2.5,0.015491426110130796,95155.88873471731,1474.1004192777036,472094.1926253923,0.9815565066853759,3288271.054577667,34.55667429837111
Naranjito,2000-2004,2,55,5,0.00433487660726665,2.5,0.02144201184740809,93681.78831543961,2008.7260149460344,463387.12653983297,0.9727695085583142,2816176.8619522746,30.061092049927733
Naranjito,2000-2004,2,60,5,0.0067408773730232106,2.5,0.0331458073088687,91673.06230049358,3038.577658426075,450768.8673564027,0.9552842187111393,2352789.7354124417,25.665006451952834
Naranjito,2000-2004,2,65,5,0.011667140442829082,2.5,0.056682398455600684,88634.4846420675,5024.015175388486,430612.38527186634,0.9315244933897612,1902020.8680560389,21.459151883569547
Naranjito,2000-2004,2,70,5,0.016878850006456773,2.5,0.08097724317842149,83610.46946667902,6770.545318265256,401125.98403773195,0.8963663944233252,1471408.4827841725,17.59837604273431
Naranjito,2000-2004,2,75,5,0.027415789321311144,2.5,0.12828627302161383,76839.92414841376,9857.507488263509,359555.8520214101,0.8257516292721532,1070282.4987464407,13.928729246000108
Naranjito,2000-2004,2,80,5,0.05120614658320176,2.5,0.22697450808666864,66982.41666015025,15203.301071893875,296903.83062101656,0.5822531320738784,710726.6467250306,10.61064503436858
Naranjito,2000-2004,2,85,NA,0.13108703514817535,7.992079652242457,1,51779.115588256376,51779.115588256376,413822.816104014,0,413822.816104014,7.992079652242457
Naranjito,2005-2009,1,0,1,0.012725488074310112,0.1238969248221179,0.012585177948616584,100000,1258.517794861662,98897.40868975561,0.9870252809339458,7603634.9026281275,76.03634902628127
Naranjito,2005-2009,1,1,4,3.726358209125145e-4,1.6150808588408183,0.001489219804624661,98741.48220513834,147.04777083787485,394615.2317772173,0.9984977817934341,7504737.493938372,76.00389751439074
Naranjito,2005-2009,1,5,5,1.63073935247723e-4,2.5,8.150373978490118e-4,98594.43443430046,80.35815128374088,492771.27679329296,0.9990517306023035,7110122.262161154,72.11484403715573
Naranjito,2005-2009,1,10,5,2.1643906637395906e-4,2.5,0.0010816100751826624,98514.07628301672,106.5538174550311,492303.996871446,0.997763106401162,6617350.985367862,67.17162902037641
Naranjito,2005-2009,1,15,5,6.798391008943133e-4,2.5,0.0033934280417993504,98407.52246556169,333.93884625863575,491202.7652121619,0.9942194024286876,6125046.988496415,62.24165424589276
Naranjito,2005-2009,1,20,5,0.0016418910389829897,2.5,0.008175895371549424,98073.58361930306,801.8393583843135,488363.3197005545,0.9911895021365695,5633844.223284254,57.44507353940912
Naranjito,2005-2009,1,25,5,0.0018990395906451796,2.5,0.009450331568741487,97271.74426091874,919.25023553551,484060.59571575496,0.9904862632434304,5145480.903583699,52.89800180596761
Naranjito,2005-2009,1,30,5,0.001924766836987485,2.5,0.009577746861109114,96352.49402538323,922.8397972116509,479455.370633887,0.98981779548645,4661420.307867944,48.3788235584222
Naranjito,2005-2009,1,35,5,0.0021702125161094034,2.5,0.010792507493440842,95429.65422817158,1029.925258354022,474573.4579949729,0.9858982264401431,4181964.937234057,43.822488628482404
Naranjito,2005-2009,1,40,5,0.003520137083889989,2.5,0.017447144567945903,94399.72896981756,1647.005718511311,467881.1305528095,0.9803117997906712,3707391.4792390843,39.27332757940914
Naranjito,2005-2009,1,45,5,0.0044426099948725395,2.5,0.021969050169708192,92752.72325130625,2037.6892304850044,458669.3931803187,0.9726249161144274,3239510.348686275,34.92630981743873
Naranjito,2005-2009,1,50,5,0.006690578712864219,2.5,0.03290255079937796,90715.03402082124,2984.7560151373764,446113.28006626276,0.9647444544170222,2780840.955505956,30.654686794999023
Naranjito,2005-2009,1,55,5,0.00768248989293814,2.5,0.0376885938611474,87730.27800568387,3306.4308170817676,430385.3129857149,0.9502734887219831,2334727.6754396935,26.612564424889104
Naranjito,2005-2009,1,60,5,0.012846948550240298,2.5,0.06223588957289786,84423.8471886021,5254.193230949051,408983.7528656379,0.9266753318294844,1904342.3624539785,22.55692468266336
Naranjito,2005-2009,1,65,5,0.01778715603168653,2.5,0.08514936744650659,79169.65395765305,6741.245955452978,378995.1548996328,0.897508812560974,1495358.6095883406,18.888027606994353
Naranjito,2005-2009,1,70,5,0.025859711480378484,2.5,0.12144709059462165,72428.40800220007,8796.219428267403,340151.49144033185,0.8312587797935492,1116363.4546887078,15.413336914084836
Naranjito,2005-2009,1,75,5,0.05008882626483981,2.5,0.2225730715446231,63632.18857393267,14162.811660006868,282753.91371964617,0.7552774671156417,776211.963248376,12.198416880577893
Naranjito,2005-2009,1,80,5,0.06328824699543793,2.5,0.27321326369007215,49469.3769139258,13515.689919367978,213557.65977120906,0.5672222593690298,493458.0495287298,9.975020513949907
Naranjito,2005-2009,1,85,NA,0.16942870400732668,7.785026047534103,1,35953.68699455782,35953.68699455782,279900.38975752075,0,279900.38975752075,7.785026047534103
Naranjito,2005-2009,2,0,1,0.006852067381070094,0.13494715147370806,0.0068116917565846005,100000,681.1691756584623,99410.75266426834,0.9929896812263849,8207375.982348605,82.07375982348606
Naranjito,2005-2009,2,1,4,1.936401784426649e-4,1.5129173775120368,7.741878655737013e-4,99318.83082434154,76.89143364716438,397084.0879489241,0.9992067664810513,8107965.229684336,81.63572972404742
Naranjito,2005-2009,2,5,5,8.763754872876895e-5,2.5,4.3809176042384026e-4,99241.93939069437,43.4770759355597,496101.00426363293,0.9995141799629582,7710881.141735412,77.69780789328709
Naranjito,2005-2009,2,10,5,1.0674232364759655e-4,2.5,5.33569232188806e-4,99198.46231475881,52.92924737159046,495859.9884553651,0.9988624317951179,7214780.137471779,72.73076587194598
Naranjito,2005-2009,2,15,5,3.4868160741545863e-4,2.5,0.0017418896248914246,99145.53306738722,172.70057540440757,495295.9138984251,0.9974047057107565,6718920.149016415,67.76825885286935
Naranjito,2005-2009,2,20,5,6.912300536928604e-4,2.5,0.003450188084227524,98972.83249198282,341.47488732608326,494010.47524159885,0.9964742862307491,6223624.23511799,62.882147336968735
Naranjito,2005-2009,2,25,5,7.215996076802224e-4,2.5,0.0036015009342480787,98631.35760465673,355.2209265593265,492268.73570688535,0.9956422360250232,5729613.75987639,58.09119836758563
Naranjito,2005-2009,2,30,5,0.0010259769476922882,2.5,0.00511676054255264,98276.1366780974,502.8554584289959,490123.5447444145,0.9939503563713469,5237345.024169505,53.2921337895524
Naranjito,2005-2009,2,35,5,0.0014023643080703751,2.5,0.006987324603768807,97773.28121966841,683.1736534574011,487158.4719646986,0.9924291922599126,4747221.47942509,48.55336161583297
Naranjito,2005-2009,2,40,5,0.0016383625155785293,2.5,0.008158396550155149,97090.10756621101,792.0995986223716,483470.2888344991,0.9906447910558918,4260063.007460392,43.87741567342712
Naranjito,2005-2009,2,45,5,0.002123587668413949,2.5,0.010561865722560064,96298.00796758864,1017.0866295036831,478947.323264184,0.9850992245456439,3776592.718625893,39.21776574959883
Naranjito,2005-2009,2,50,5,0.0038947574190793827,2.5,0.019286001353259457,95280.92133808495,1837.5879778661038,471810.6367457595,0.9797725218629888,3297645.395361709,34.60971356123526
Naranjito,2005-2009,2,55,5,0.004282865402008007,2.5,0.021187469311860354,93443.33336021885,1979.8277579675778,462267.09740617534,0.9728249052744826,2825834.758615949,30.24115960977669
Naranjito,2005-2009,2,60,5,0.006771179944596868,2.5,0.03329232884944856,91463.50560225127,3045.0331062335317,449704.94524567254,0.9601085605603054,2363567.661209774,25.841647394188634
Naranjito,2005-2009,2,65,5,0.00956703877936527,2.5,0.046717816003348143,88418.47249601774,4130.717929366045,431765.5676566736,0.9397336097916699,1913862.7159641015,21.645507572530157
Naranjito,2005-2009,2,70,5,0.015471956257039725,2.5,0.07447894388071623,84287.7545666517,6277.662942201234,405744.6154777554,0.8935161468850545,1482097.1483074278,17.583777808856436
Naranjito,2005-2009,2,75,5,0.030353771538979783,2.5,0.14106427570244012,78010.09162445046,11004.437072484085,362539.36544104206,0.8212849279275619,1076352.5328296726,13.797606314979827
Naranjito,2005-2009,2,80,5,0.05008281035156579,2.5,0.22254931403599007,67005.65455196638,14912.062457072643,297748.11661715026,0.5828766822747002,713813.1673886304,10.653028795279226
Naranjito,2005-2009,2,85,NA,0.11116236310591682,7.986875814084305,1,52093.592094893735,52093.592094893735,416065.05077148014,0,416065.05077148014,7.986875814084305
Naranjito,2010-2014,1,0,1,0.010880024968075096,0.12757945417745456,0.010777723278693911,100000,1077.7723278693884,99059.72927744775,0.9889085720292637,7751418.133822345,77.51418133822345
Naranjito,2010-2014,1,1,4,3.1286598683403073e-4,1.6205267197612954,0.0012505329802356933,98922.22767213061,123.70550818237825,395394.5567371841,0.9986933565619368,7652358.404544897,77.35731983218164
Naranjito,2010-2014,1,5,5,1.493699370782655e-4,2.5,7.465708972714527e-4,98798.52216394823,73.76010134103126,493808.2105663886,0.9991737059566498,7256963.847807714,73.45214977776048
Naranjito,2010-2014,1,10,5,1.8129748529397715e-4,2.5,9.060767528779355e-4,98724.7620626072,89.45221183834656,493400.1797834402,0.9981349172385101,6763155.637241325,68.50516016389494
Naranjito,2010-2014,1,15,5,5.657908660929084e-4,2.5,0.0028249584911860305,98635.30985076886,278.64065609368845,492479.9476136101,0.9960554794605078,6269755.457457885,63.56502014282477
Naranjito,2010-2014,1,20,5,0.0010160250815066452,2.5,0.005067254263966822,98356.66919467517,498.39825136629224,490537.3503449601,0.9939267640555551,5777275.509844275,58.73801499326337
Naranjito,2010-2014,1,25,5,0.0014219048599765072,2.5,0.0070843411520977884,97858.27094330887,693.2613759168162,487558.20127675234,0.9915178404567189,5286738.159499315,54.02443869626534
Naranjito,2010-2014,1,30,5,0.001987819963408912,2.5,0.009889951210909097,97165.00956739206,960.9572040290077,483422.65482688777,0.9894911057807017,4799179.958222562,49.39205975062381
Naranjito,2010-2014,1,35,5,0.0022392699756126006,2.5,0.01113401968807454,96204.05236336305,1071.1378130862577,478342.4172840996,0.9866627377657903,4315757.303395675,44.86045231332921
Naranjito,2010-2014,1,40,5,0.0031374803157977155,2.5,0.015565311929518289,95132.9145502768,1480.7734897392656,471962.6390270358,0.9839729095043657,3837414.886111575,40.33740482200343
Naranjito,2010-2014,1,45,5,0.0033266727679574326,2.5,0.016496170437363258,93652.14106053753,1544.9016807586158,464398.4511007911,0.9780502080382718,3365452.2470845394,35.9356679833842
Naranjito,2010-2014,1,50,5,0.0055756278889524296,2.5,0.027494886307512786,92107.23937977891,2532.4780748458725,454205.0017117799,0.9690298379843679,2901053.795983748,31.496479706899578
Naranjito,2010-2014,1,55,5,0.007030162178979504,2.5,0.03454369151094114,89574.76130493304,3094.2429216838063,440138.19922045566,0.9565325918675486,2446848.7942719683,27.316274792431024
Naranjito,2010-2014,1,60,5,0.010827441910557643,2.5,0.05271041223636134,86480.51838324923,4558.4237743952835,421006.5324802579,0.936432105891316,2006710.5950515126,23.204192488284168
Naranjito,2010-2014,1,65,5,0.01559078938138256,2.5,0.07502952317393678,81922.09460885395,6146.575695912441,394244.03380448866,0.9049146513038187,1585704.0625712546,19.35624412610997
Naranjito,2010-2014,1,70,5,0.024801620865297202,2.5,0.11676801427818323,75775.51891294151,8848.156874363107,356757.20237879973,0.8476743323281557,1191460.028766766,15.723548262805489
Naranjito,2010-2014,1,75,5,0.042620903837223,2.5,0.19258423390187257,66927.3620385784,12889.154745272892,302413.9233297098,0.7731444653703281,834702.8263879662,12.471772395673165
Naranjito,2010-2014,1,80,5,0.06224103278240007,2.5,0.2693012016166035,54038.20729330551,14552.554157294275,233809.65107329187,0.5607467115509216,532288.9030582564,9.850232450701574
Naranjito,2010-2014,1,85,NA,0.13454778199056383,7.559182342934301,1,39485.653136011235,39485.653136011235,298479.25198496453,0,298479.25198496453,7.559182342934301
Naranjito,2010-2014,2,0,1,0.005849346514456113,0.13700801358923378,0.0058199676716913454,100000,581.9967671691411,99497.74145381605,0.9939373410212041,8361100.623372785,83.61100623372785
Naranjito,2010-2014,2,1,4,2.0354643893133063e-4,1.5145309125981583,8.13774060607158e-4,99418.00323283086,80.90379218822636,397470.929056786,0.9992304894627957,8261602.881918969,83.0996661899435
Naranjito,2010-2014,2,5,5,7.994528374697615e-5,2.5,3.9964654409396555e-4,99337.09944064263,39.699728491774295,496586.24788198376,0.9995564266407226,7864131.952862183,79.16611212874476
Naranjito,2010-2014,2,10,5,9.752732048512122e-5,2.5,4.875177366792379e-4,99297.39971215086,48.409243565794895,496365.9754518398,0.9989530283709696,7367545.704980198,74.19676372531076
Naranjito,2010-2014,2,15,5,3.2159803514584585e-4,2.5,0.0016066983981094692,99248.99046858506,159.46319399985077,495846.2943579257,0.9976706506304561,6871179.729528359,69.23173421802481
Naranjito,2010-2014,2,20,5,6.115662641634986e-4,2.5,0.003053163291647108,99089.52727458521,302.5365072614368,494691.29510477243,0.9965869211246593,6375333.4351704335,64.33912453234197
Naranjito,2010-2014,2,25,5,7.562464146351892e-4,2.5,0.0037740967054210434,98786.99076732378,372.83165639340586,493002.8746956354,0.9960120139495876,5880642.140065661,59.52850769507221
Naranjito,2010-2014,2,30,5,8.423071145527468e-4,2.5,0.004202685692615935,98414.15911093037,413.6037784463406,491036.786108536,0.9951873851701258,5387639.265370025,54.7445541784002
Naranjito,2010-2014,2,35,5,0.0010879748211557274,2.5,0.0054251181259715045,98000.55533248403,531.6645890895306,488673.6151896963,0.9938640003322128,4896602.47926149,49.965048286195
Naranjito,2010-2014,2,40,5,0.00137486119378753,2.5,0.006850758862666959,97468.8907433945,667.7358670946269,485675.11404923594,0.9910206613095046,4407928.864071793,45.22395638703337
Naranjito,2010-2014,2,45,5,0.002236960710265417,2.5,0.011122601494976582,96801.15487629987,1076.6806699425942,481314.07270664285,0.986153582386174,3922253.750022557,40.518666900562515
Naranjito,2010-2014,2,50,5,0.003347963637951969,2.5,0.016600870413502944,95724.47420635728,1589.1095917004423,474649.5970525353,0.9810340288470202,3440939.677315914,35.946289659404506
Naranjito,2010-2014,2,55,5,0.004320364736197021,2.5,0.0213709974218879,94135.36461465684,2011.7666344883037,465647.4064870634,0.9780212057742004,2966290.080263379,31.51090020637716
Naranjito,2010-2014,2,60,5,0.004571631911174666,2.5,0.022599863908294916,92123.59798016853,2081.980777094286,455413.03795810696,0.9634024270754626,2500642.6737763155,27.144431270635234
Naranjito,2010-2014,2,65,5,0.010449835889661595,2.5,0.05091894295443575,90041.61720307425,4584.823969888472,438746.02609065006,0.9419990387810551,2045229.6358182086,22.7142703490712
Naranjito,2010-2014,2,70,5,0.01353562803462682,2.5,0.065462935316874,85456.79323318577,5594.252527811521,413298.3348464001,0.9056979842328732,1606483.6097275584,18.79878180478818
Naranjito,2010-2014,2,75,5,0.02670335883844187,2.5,0.12516123103006685,79862.54070537425,9995.693907873458,374323.4687571876,0.8447058389084202,1193185.2748811585,14.940487296578889
Naranjito,2010-2014,2,80,5,0.0419250157474401,2.5,0.1897381422345198,69866.8467975008,13256.405715141605,316193.21969964996,0.6138625378116852,818861.8061239709,11.720320061063102
Naranjito,2010-2014,2,85,NA,0.10834700747075614,8.879432430017953,1,56610.44108235919,56610.44108235919,502668.5864243209,0,502668.5864243209,8.879432430017953
Naranjito,2015-2019,1,0,1,0.008098353750768929,0.13313014000802814,0.008041897868310133,100000,804.1897868310043,99302.87211208283,0.9916296007617645,7942585.166267465,79.42585166267465
Naranjito,2015-2019,1,1,4,2.885625427213898e-4,1.6287697617227817,0.0011534609172980592,99195.810213169,114.4184902406123,396511.92826879944,0.9988026936110296,7843282.294155382,79.06868523277737
Naranjito,2015-2019,1,5,5,1.500747364630932e-4,2.5,7.500922575707712e-4,99081.39172292838,74.3201848007011,495221.15815264016,0.9991896998008055,7446770.365886583,75.15811229933833
Naranjito,2015-2019,1,10,5,1.741864865594568e-4,2.5,8.705533362297828e-4,99007.07153812768,86.19093643785163,494819.88034954376,0.9981784215160006,6951549.207733942,70.21265349775442
Naranjito,2015-2019,1,15,5,5.554567150412422e-4,2.5,0.0027734322712592535,98920.88060168983,274.3503625621088,493918.52710204385,0.9957799695204089,6456729.327384398,65.27165233579714
Naranjito,2015-2019,1,20,5,0.001137355150195123,2.5,0.005670651888150736,98646.53023912772,559.390132960034,491834.1758632385,0.9932168834170493,5962810.8002823545,60.446229439879794
Naranjito,2015-2019,1,25,5,0.0015866539416481752,2.5,0.007901925654524968,98087.14010616769,775.0772887839121,488498.0073088787,0.9909258631741548,5470976.624419116,55.77669629777597
Naranjito,2015-2019,1,30,5,0.002061709018418029,2.5,0.010255684499035864,97312.06281738378,998.0018142054614,484065.3095514052,0.9890398875110604,4982478.6171102375,51.20103790688702
Naranjito,2015-2019,1,35,5,0.0023480711005518986,2.5,0.011671839728865438,96314.06100317831,1124.1622836652532,478759.89930672845,0.9872032451844134,4498413.307558833,46.70567579338584
Naranjito,2015-2019,1,40,5,0.002806545500329276,2.5,0.013934954789988544,95189.89871951306,1326.466935119999,472633.3262597653,0.98494253661933,4019653.4082521037,42.22773069752318
Naranjito,2015-2019,1,45,5,0.0032656116802292612,2.5,0.01619583513021556,93863.43178439306,1520.196665936266,465516.6672571246,0.9786278710325007,3547020.0819923384,37.78915829691741
Naranjito,2015-2019,1,50,5,0.00539861990768402,2.5,0.026633637326705133,92343.2351184568,2459.436233719636,455567.5850079849,0.9676988052348999,3081503.414735214,33.370104597075226
Naranjito,2015-2019,1,55,5,0.007772933021788902,2.5,0.038123830162967505,89883.79888473716,3426.71468308405,440852.2077159757,0.9560346827906088,2625935.829727229,29.214784669867015
Naranjito,2015-2019,1,60,5,0.010264474750354724,2.5,0.05003833079430356,86457.08420165311,4326.168178793276,421470.0005612824,0.9363143819769382,2185083.6220112536,25.27362149890169
Naranjito,2015-2019,1,65,5,0.016244300794307952,2.5,0.07805176317518046,82130.91602285983,6410.462806776894,394628.4230973569,0.9128028709847688,1763613.621449971,21.473200432332902
Naranjito,2015-2019,1,70,5,0.02041464965122295,2.5,0.09711673781186737,75720.45321608294,7353.72340198209,360217.95757545944,0.8794692410588285,1368985.1983526142,18.079463872805285
Naranjito,2015-2019,1,75,5,0.031607306574791626,2.5,0.14646325997409643,68366.72981410085,10013.214122341466,316800.6137646506,0.8213710332769589,1008767.2407771547,14.755236114410335
Naranjito,2015-2019,1,80,5,0.04850947805580777,2.5,0.21631417140206682,58353.515691759385,12622.692395260441,260210.84747064582,0.6239546282830434,691966.627012504,11.858182301605913
Naranjito,2015-2019,1,85,NA,0.12086466468739272,9.441242217367046,1,45730.823296498944,45730.823296498944,431755.77954185824,0,431755.77954185824,9.441242217367046
Naranjito,2015-2019,2,0,1,0.005080733941563722,0.13858771995192232,0.005058594463602474,100000,505.8594463602494,99564.24646092697,0.9947666220690216,8665095.06105502,86.6509506105502
Naranjito,2015-2019,2,1,4,1.5936634083273433e-4,1.5157696668077187,6.372130889498298e-4,99494.14055363975,63.39896863458853,397819.06457358383,0.9993416800359489,8565530.814594094,86.09080662369463
Naranjito,2015-2019,2,5,5,7.87309911316411e-5,2.5,3.9357748879375595e-4,99430.74158500516,39.13370158192993,497055.87367107096,0.9995842704729405,8167711.75002051,82.14473330703044
Naranjito,2015-2019,2,10,5,8.759723644987791e-5,2.5,4.378902873017999e-4,99391.60788342323,43.52261973146233,496849.23286778753,0.9990844584316831,7670655.876349438,77.17609202324584
Naranjito,2015-2019,2,15,5,2.7887471226827965e-4,2.5,0.0013934020998172469,99348.08526369177,138.43183061924356,496394.34674191073,0.9980619090681258,7173806.643481651,72.20880628389348
Naranjito,2015-2019,2,20,5,4.973255225669667e-4,2.5,0.0024835397935207616,99209.65343307253,246.3911222024326,495432.2893598566,0.997043864051805,6677412.29673974,67.30607421428365
Naranjito,2015-2019,2,25,5,6.871601956676341e-4,2.5,0.003429908736442032,98963.2623108701,339.4349579868576,493967.72415938333,0.9961564457523103,6181980.007379884,62.46742339556906
Naranjito,2015-2019,2,30,5,8.535421389219205e-4,2.5,0.0042586234082776925,98623.82735288324,420.0017397789197,492069.1324149689,0.995167952858699,5688012.283220501,57.67381408620838
Naranjito,2015-2019,2,35,5,0.0010845171556199357,2.5,0.005407923314073703,98203.82561310432,531.0787580643519,489691.4311703607,0.9940909266187572,5195943.150805531,52.909783487214625
Naranjito,2015-2019,2,40,5,0.0012867154931469277,2.5,0.006412948365687435,97672.74685503996,626.3702823162166,486797.80856940924,0.9921316337585564,4706251.719635171,48.18387801276755
Naranjito,2015-2019,2,45,5,0.0018753872370562536,2.5,0.009333177878594539,97046.37657272375,905.7510950262949,482967.505126053,0.9885216620407965,4219453.911065761,43.47873728086926
Naranjito,2015-2019,2,50,5,0.002747484502280001,2.5,0.01364370782191414,96140.62547769745,1311.7146038337814,477423.8408789028,0.983094302980055,3736486.4059397085,38.864802339012165
Naranjito,2015-2019,2,55,5,0.004083834372275316,2.5,0.020212807466645406,94828.91087386367,1916.7585177650908,469352.65807490563,0.976076186522099,3259062.5650608055,34.3678160492198
Naranjito,2015-2019,2,60,5,0.0056201463519270885,2.5,0.0277113767768867,92912.15235609858,2574.7236610913533,458123.95262776455,0.9684082898425173,2789709.9069859,30.025242513960432
Naranjito,2015-2019,2,65,5,0.007245433341144775,2.5,0.03558263763304307,90337.42869500723,3214.443989955311,443651.03350014787,0.9554788716920614,2331585.9543581354,25.809744510549674
Naranjito,2015-2019,2,70,5,0.011055208330587804,2.5,0.053789408850875055,87122.98470505192,4686.293844608561,423899.1889137382,0.9269040896278208,1887934.9208579876,21.669768629362782
Naranjito,2015-2019,2,75,5,0.019617084466187817,2.5,0.09349993216383702,82436.69086044336,7707.825003262667,392913.8917940601,0.8824182208775465,1464035.7319442492,17.759516019665416
Naranjito,2015-2019,2,80,5,0.031068745560953244,2.5,0.14414752115940688,74728.86585718069,10771.980772366427,346714.3773549874,0.6763072468895115,1071121.8401501891,14.333441674296
Naranjito,2015-2019,2,85,NA,0.08683478731115034,11.32649693359133,1,63956.88508481426,63956.88508481426,724407.4627952018,0,724407.4627952018,11.32649693359133
Naranjito,2020-2024,1,0,1,0.010083678315897508,0.12916852410454233,0.00999590245251497,100000,999.5902452514856,99129.52535143694,0.9896915891306067,7751303.492747815,77.51303492747816
Naranjito,2020-2024,1,1,4,3.03370561457984e-4,1.6228823459105723,0.0012126077767441901,99000.40975474851,120.04866676947859,395716.26921386644,0.9987465882804454,7652173.9673963785,77.29436662285477
Naranjito,2020-2024,1,5,5,1.426525951256203e-4,2.5,7.130086942766373e-4,98880.36108797904,70.5025571489241,494225.5490470229,0.9992104529632573,7256457.698182512,73.38623785693967
Naranjito,2020-2024,1,10,5,1.733030504814784e-4,2.5,8.661399906510826e-4,98809.85853083011,85.58316994413326,493835.3347292903,0.9981143773668824,6762232.149135489,68.43681642379413
Naranjito,2020-2024,1,15,5,5.820435171949767e-4,2.5,0.00290598905574754,98724.27536088598,286.8916637353541,492904.1476450915,0.9959848870586296,6268396.814406198,63.49397644593604
Naranjito,2020-2024,1,20,5,0.0010281297162823794,2.5,0.005127469322462522,98437.38369715062,504.7346650906111,490925.0818230266,0.9926677497819814,5775492.666761107,58.671740855382815
Naranjito,2020-2024,1,25,5,0.0019188397843522295,2.5,0.009548394324494839,97932.64903206001,935.0995502004662,487325.4962847989,0.9898507483083377,5284567.58493808,53.96124415268377
Naranjito,2020-2024,1,30,5,0.002162811813772355,2.5,0.010755901591288248,96997.54948185955,1043.296096822989,482379.50716724026,0.9883476418926301,4797242.088653281,49.457353451495806
Naranjito,2020-2024,1,35,5,0.002527583740061117,2.5,0.01255856165968167,95954.25338503656,1205.0474076447135,476758.648406071,0.9842371642492058,4314862.581486042,44.96791365956182
Naranjito,2020-2024,1,40,5,0.0038380490977884415,2.5,0.019007862713099958,94749.20597739184,1800.9798993934965,469243.58013847546,0.9799294892895488,3838103.9330799705,40.508032689960295
Naranjito,2020-2024,1,45,5,0.004275976212768041,2.5,0.02115374874770011,92948.22607799835,1966.2034209983976,459825.6218374957,0.9724148237013508,3368860.352941495,36.24448249409822
Naranjito,2020-2024,1,50,5,0.0069498059284699,2.5,0.034155592789207406,90982.02265699995,3107.544917010935,447141.2509924724,0.9630395763272755,2909034.731103999,31.973731141051793
Naranjito,2020-2024,1,55,5,0.00813503799137474,2.5,0.03986444305988089,87874.47773998902,3503.067114282574,430614.7209142386,0.956988242728712,2461893.480111527,28.016024031414453
Naranjito,2020-2024,1,60,5,0.009477300255308983,2.5,0.04628974670586081,84371.41062570644,3905.5312270801223,412093.22506083193,0.9355473247025616,2031278.7591972882,24.07543911063156
Naranjito,2020-2024,1,65,5,0.017426985715393677,2.5,0.08349716866305136,80465.87939862632,6718.673103767855,385532.71423371194,0.9037984776089683,1619185.5341364562,20.122635162104476
Naranjito,2020-2024,1,70,5,0.023294599141964842,2.5,0.1100632948739905,73747.20629485846,8116.860512564017,348443.88019288226,0.8648096888853533,1233652.8199027444,16.728129537142244
Naranjito,2020-2024,1,75,5,0.03559340939342153,2.5,0.1634249216166358,65630.34578229445,10725.63411514416,301337.64362361183,0.7994173973855209,885208.939709862,13.48779941897961
Naranjito,2020-2024,1,80,5,0.05584020537752017,2.5,0.24499903570934084,54904.71166715029,13451.601414351222,240894.55479987338,0.5874183978307984,583871.2960862502,10.634265773507064
Naranjito,2020-2024,1,85,NA,0.1108910366158148,8.273848191239589,1,41453.110252799066,41453.110252799066,342976.7412863768,0,342976.7412863768,8.273848191239589
Naranjito,2020-2024,2,0,1,0.004700287647467331,0.13936963980678982,0.004681350600031318,100000,468.1350600031292,99597.10875469043,0.9951424905935661,8525413.973300736,85.25413973300736
Naranjito,2020-2024,2,1,4,1.551202620964236e-4,1.516383442573749,6.202420943807669e-4,99531.86493999687,61.73385236800823,397974.1365420926,0.9993747574247298,8425816.864546046,84.65446588010361
Naranjito,2020-2024,2,5,5,7.280926855167839e-5,2.5,3.639800899481007e-4,99470.13108762886,36.2051472604071,497260.1425699933,0.9995956567571115,8027842.728003954,80.7060636215687
Naranjito,2020-2024,2,10,5,8.89640005962466e-5,2.5,4.4472109256237327e-4,99433.92594036846,44.220364181979676,497059.0787913873,0.999065996533516,7530582.585433961,75.73453943626976
Naranjito,2020-2024,2,15,5,2.849034868416659e-4,2.5,0.0014235035314092547,99389.70557618648,141.4815968734183,496594.8238887488,0.9979185352508756,7033523.5066425735,70.76712287120195
Naranjito,2020-2024,2,20,5,5.488247722249568e-4,2.5,0.00274036391212507,99248.22397931306,271.9762513354217,495561.1792682267,0.9967316391309201,6536928.682753825,65.86443989281217
Naranjito,2020-2024,2,25,5,7.610068203195814e-4,2.5,0.003797808705779489,98976.24772797764,375.89285528670007,493941.5065016714,0.9962785178841532,6041367.503485598,61.038558666008946
Naranjito,2020-2024,2,30,5,7.303038386940138e-4,2.5,0.0036448645470445033,98600.35487269094,359.38493780148565,492103.312018951,0.9956949091506776,5547425.996983927,56.261724454709665
Naranjito,2020-2024,2,35,5,9.96020459601293e-4,2.5,0.004967732390260157,98240.96993488945,488.0348483961134,489984.76255345694,0.9943665703802783,5055322.684964975,51.45839549747381
Naranjito,2020-2024,2,40,5,0.0012644747176149993,2.5,0.006302450365210417,97752.93508649334,616.083021436265,487224.467878876,0.9927950031448407,4565337.922411518,46.702821949765855
Naranjito,2020-2024,2,45,5,0.001629262858218438,2.5,0.008113267676880377,97136.85206505707,788.0972820933239,483714.01712005207,0.9893546227538789,4078113.4545326424,41.983174951987735
Naranjito,2020-2024,2,50,5,0.0026571746669687554,2.5,0.013198198537832894,96348.75478296375,1271.6299944985367,478564.6989285724,0.983542062000798,3594399.4374125903,37.30613276226946
Naranjito,2020-2024,2,55,5,0.0039916956115994325,2.5,0.019761275565610033,95077.12478846521,1878.8452629307576,470688.5107849992,0.9790395236552589,3115834.738484018,32.77165506862311
Naranjito,2020-2024,2,60,5,0.004486534833545357,2.5,0.022183852599155916,93198.27952553445,2067.4968954893848,460822.6553889488,0.9698630299716313,2645146.2276990185,28.381921223924543
Naranjito,2020-2024,2,65,5,0.007803424755785888,2.5,0.03827052095238772,91130.78263004507,3487.622526050618,446934.85683509876,0.9471300947467407,2184323.57231007,23.96910801455047
Naranjito,2020-2024,2,70,5,0.014089444965938074,2.5,0.06805024922621264,87643.16010399445,5964.138888049682,423305.4532998481,0.9117492976088203,1737388.715474971,19.823437600988413
Naranjito,2020-2024,2,75,5,0.023263890683724107,2.5,0.10992617700576592,81679.02121594477,8978.662543841652,385948.44972011977,0.8636587577691412,1314083.262175123,16.088381601695755
Naranjito,2020-2024,2,80,5,0.03620944722357418,2.5,0.16601862914268994,72700.35867210312,12069.613884924438,333327.7586482045,0.640862777502633,928134.8124550033,12.766578176610166
Naranjito,2020-2024,2,85,NA,0.08610498742476251,9.810320752196665,1,60630.74478717868,60630.74478717868,594807.0538067988,0,594807.0538067988,9.810320752196665
Orocovis,1980-1984,1,0,1,0.014812831839556975,0.11973173470575604,0.01462216948524891,100000,1462.2169485248887,98712.85682323815,0.9847630536661178,7336306.09450677,73.3630609450677
Orocovis,1980-1984,1,1,4,5.125574853435121e-4,1.608943403340945,0.002047720349597798,98537.78305147511,201.77782355876116,393668.6700098208,0.9980781746029829,7237593.237683532,73.44992969755255
Orocovis,1980-1984,1,5,5,1.992291982053588e-4,2.5,9.95650084606671e-4,98336.00522791635,97.90825192505145,491435.2555097691,0.9988742754434115,6843924.567673711,69.59734180589642
Orocovis,1980-1984,1,10,5,2.5134356805682284e-4,2.5,0.00125592866630358,98238.0969759913,123.38004211525549,490882.03477466834,0.9972479063991808,6352489.3121639425,64.66421386110977
Orocovis,1980-1984,1,15,5,8.518382107596713e-4,2.5,0.004250139974719498,98114.71693387604,417.00128054893867,489531.0814680079,0.9940241964237332,5861607.277389274,59.742385857767665
Orocovis,1980-1984,1,20,5,0.0015477321631426756,2.5,0.007708832794572257,97697.7156533271,753.1353543831647,486605.7398806776,0.9913995230508427,5372076.1959212655,54.986712432291334
Orocovis,1980-1984,1,25,5,0.0019088758593473747,2.5,0.009499048038020479,96944.58029894394,920.8812252854113,482420.69843150617,0.9898400225214091,4885470.456040588,50.39446703441768
Orocovis,1980-1984,1,30,5,0.002177235798770062,2.5,0.010827245328522,96023.69907365853,1039.6721472226636,477519.315000236,0.9877140083939582,4403049.757609082,45.8537819318079
Orocovis,1980-1984,1,35,5,0.002771207880403982,2.5,0.013760704966909376,94984.02692643586,1307.0471711036662,471652.5167044202,0.9802825624994391,3925530.4426088464,41.32832192563418
Orocovis,1980-1984,1,40,5,0.005218665837303667,2.5,0.025757282560122614,93676.9797553322,2412.864436936972,462352.73768431856,0.9731778751883404,3453877.925904426,36.87008200867863
Orocovis,1980-1984,1,45,5,0.005662052362517773,2.5,0.02791511963982231,91264.11531839523,2547.648697935554,449951.45484713727,0.9640379559854978,2991525.1882201075,32.778767183394095
Orocovis,1980-1984,1,50,5,0.009048155406252768,2.5,0.0442400499142525,88716.46662045967,3924.820911505245,433770.2808235352,0.9510232263723382,2541573.73337297,28.648275006782516
Orocovis,1980-1984,1,55,5,0.01108548535142133,2.5,0.05393274998237786,84791.64570895443,4573.046628615397,412525.61197323364,0.9349121387775637,2107803.4525494347,24.858621800836683
Orocovis,1980-1984,1,60,5,0.015990442863540656,2.5,0.07687889535859398,80218.59908033903,6167.1172845103865,385675.2021904192,0.9087838861936065,1695277.8405762012,21.133226708165
Orocovis,1980-1984,1,65,5,0.022553219715264926,2.5,0.10674735708066448,74051.48179582864,7904.799969611646,350495.4090551141,0.8691717029871118,1309602.638385782,17.685029477148863
Orocovis,1980-1984,1,70,5,0.03426031817137055,2.5,0.1577870081044362,66146.681826217,10437.087021394858,304640.69157759787,0.8247512975102745,959107.229330668,14.499702824859302
Orocovis,1980-1984,1,75,5,0.0434545091747166,2.5,0.19598181222956496,55709.59480482214,10918.0673484238,251252.8056530512,0.7504154756783468,654466.5377530701,11.747824410606205
Orocovis,1980-1984,1,80,5,0.07513078072247908,2.5,0.3162530560879932,44791.52745639834,14165.457444935233,188543.99366965363,0.5323968936085628,403213.73210001894,9.002008973516732
Orocovis,1980-1984,1,85,NA,0.16736474356486553,7.009379210261585,1,30626.070011463107,30626.070011463107,214669.73843036528,0,214669.73843036528,7.009379210261585
Orocovis,1980-1984,2,0,1,0.011638003389800203,0.12511076077304534,0.011520700037548532,100000,1152.0700037548522,98992.06635087873,0.9882732919257936,7931534.648136349,79.31534648136349
Orocovis,1980-1984,2,1,4,2.5070422379867754e-4,1.5052558210389086,0.0010021900825201784,98847.92999624515,99.06441511989397,395144.5796120181,0.9988784821626185,7832542.58178547,79.23830657943974
Orocovis,1980-1984,2,5,5,1.311756534699799e-4,2.5,6.556632497118065e-4,98748.86558112525,64.74600211226789,493582.46290034556,0.999308699001906,7437398.002173453,75.31628802422443
Orocovis,1980-1984,2,10,5,1.4544529224334927e-4,2.5,7.269621281687929e-4,98684.11957901299,71.73961758562655,493241.24885110086,0.9984749805543969,6943815.539273107,70.3640623121072
Orocovis,1980-1984,2,15,5,4.652720348986381e-4,2.5,0.00232365734254276,98612.37996142736,229.14138076298696,492489.04635522934,0.9966494298181319,6450574.2904220065,65.41343280575092
Orocovis,1980-1984,2,20,5,8.778974950181267e-4,2.5,0.004379874772362758,98383.23858066437,430.9062646828097,490838.92724161485,0.995077532426212,5958085.244066777,60.55996255075244
Orocovis,1980-1984,2,25,5,0.001096486955982948,2.5,0.005467447318247284,97952.33231598156,535.5492166370968,488422.7885383151,0.9938754182665213,5467246.316825162,55.8153765975529
Orocovis,1980-1984,2,30,5,0.001361685491496494,2.5,0.006785328748203812,97416.78309934447,661.0048989214993,485431.4032494186,0.9922274883643923,4978823.528286847,51.108478127526574
Orocovis,1980-1984,2,35,5,0.00176100660709058,2.5,0.008766438644518771,96755.77820042297,848.2035930966813,481658.3820193731,0.9908281322466249,4493392.125037428,46.44055588834885
Orocovis,1980-1984,2,40,5,0.0019254000085098322,2.5,0.00958088246460197,95907.57460732629,918.8791997778317,477240.6750371868,0.988303055025954,4011733.7430180553,41.82916479165768
Orocovis,1980-1984,2,45,5,0.002785965263495318,2.5,0.013833477349057034,94988.69540754845,1314.023966336812,471658.41712190025,0.9824101810568169,3534493.0679808683,37.20961797418257
Orocovis,1980-1984,2,50,5,0.004326056870874469,2.5,0.021398852719779263,93674.67144121164,2004.5304977441992,463362.0309616977,0.971949831351461,3062834.650858968,32.69650807135355
Orocovis,1980-1984,2,55,5,0.007092969581521849,2.5,0.034846927417160695,91670.14094346744,3194.4227477778913,450364.6478478925,0.9578198787919584,2599472.6198972706,28.3568083690452
Orocovis,1980-1984,2,60,5,0.010209726398692595,2.5,0.049778080536147594,88475.71819568955,4404.151425838543,431368.2124138514,0.9485115786543743,2149107.972049378,24.290370464086045
Orocovis,1980-1984,2,65,5,0.010949409973773335,2.5,0.0532883596278779,84071.56676985101,4480.035884510959,409157.74413797766,0.9173995344708504,1717739.7596355265,20.431875194355566
Orocovis,1980-1984,2,70,5,0.02407977703043881,2.5,0.1135624867521587,79591.53088534005,9038.612171750472,375361.12399732403,0.8738625124151382,1308582.0154975487,16.441221835306806
Orocovis,1980-1984,2,75,5,0.030182342907251358,2.5,0.1403234856329692,70552.91871358958,9900.231475470428,328014.0148792718,0.8060553200891869,933220.8915002248,13.227247129047152
Orocovis,1980-1984,2,80,5,0.05879935021312154,2.5,0.25631836743364195,60652.68723811915,15546.397773337994,264397.44175725075,0.5631288209521693,605206.876620953,9.978236813233744
Orocovis,1980-1984,2,85,NA,0.13629461960161096,7.555696531629034,1,45106.289464781155,45106.289464781155,340809.4348637022,0,340809.4348637022,7.555696531629034
Orocovis,1985-1989,1,0,1,0.015575487190035804,0.11820989408664306,0.0153644668319154,100000,1536.4466831915342,98645.17651649831,0.9841334999073595,7262920.975594599,72.629209755946
Orocovis,1985-1989,1,1,4,4.594861578296982e-4,1.606706861435439,0.0018359256912487017,98463.55331680847,180.77176718597184,393421.5734371815,0.9981175799212927,7164275.7990781,72.76068715524514
Orocovis,1985-1989,1,5,5,2.2269321246719248e-4,2.5,0.0011128465039286055,98282.7815496225,109.37364984388114,491140.47362350277,0.9987988342166014,6770854.225640919,68.89156085007981
Orocovis,1985-1989,1,10,5,2.580831014830459e-4,2.5,0.001289583458168966,98173.40789977861,126.60280285961926,490550.53249174403,0.9974016570281334,6279713.752017416,63.9655267791878
Orocovis,1985-1989,1,15,5,7.832893416193232e-4,2.5,0.003908792419494635,98046.805096919,383.24460851850745,489275.9139632987,0.9942766213446769,5789163.2195256725,59.04489405649782
Orocovis,1985-1989,1,20,5,0.0015147315024596677,2.5,0.007545085565312009,97663.56048840049,736.8799204980023,486475.60264075745,0.992034930846281,5299887.305562373,54.26678363002997
Orocovis,1985-1989,1,25,5,0.0016847150307521595,2.5,0.00838824564496153,96926.68056790248,813.0448061542847,482600.7908241267,0.9901997338573714,4813411.702921616,49.66033784216468
Orocovis,1985-1989,1,30,5,0.002257515680792259,2.5,0.01122423120906305,96113.6357617482,1078.8016701335291,477871.1746334072,0.9854992484826263,4330810.912097489,45.059276738140916
Orocovis,1985-1989,1,35,5,0.0035949138790435787,2.5,0.017814465720055954,95034.83409161467,1692.994794136277,470941.68347273266,0.9795548856689374,3852939.737464082,40.542394526093496
Orocovis,1985-1989,1,40,5,0.004678790255077515,2.5,0.023123476533713938,93341.8392974784,2158.387830608932,461313.2269108696,0.9755842196352194,3381998.0539913494,36.232391384671516
Orocovis,1985-1989,1,45,5,0.005214846436053558,2.5,0.02573867409804545,91183.45146686946,2346.9411404407,450049.90448324557,0.967413428656685,2920684.82708048,32.030865031926105
Orocovis,1985-1989,1,50,5,0.008083185398956732,2.5,0.03961538082513408,88836.51032642876,3519.292187757441,435384.3211627502,0.9526368543654525,2470634.922597234,27.811030774609605
Orocovis,1985-1989,1,55,5,0.011402112783152262,2.5,0.05543050183197407,85317.21813867132,4729.176216334541,414763.1501525203,0.9393065649823152,2035250.6014344841,23.855098019329066
Orocovis,1985-1989,1,60,5,0.013707198165025148,2.5,0.06626521475005824,80588.04192233678,5340.183904270336,389589.74985100806,0.913903787329571,1620487.4512819638,20.108286696475865
Orocovis,1985-1989,1,65,5,0.02268432103090785,2.5,0.10733457524793834,75247.85801806644,8076.696878686329,356047.54789361643,0.8636822411950796,1230897.7014309557,16.357910163176026
Orocovis,1985-1989,1,70,5,0.03686863174007059,2.5,0.1687858960860655,67171.16113938011,11337.544624051785,307511.9441367711,0.7946329645140606,874850.1535373393,13.024192803843688
Orocovis,1985-1989,1,75,5,0.056979995137747645,2.5,0.24937632169466037,55833.61651532833,13923.581913502814,244359.12779288462,0.6987851711550994,567338.2094005682,10.161229825490768
Orocovis,1985-1989,1,80,5,0.09088048662400287,2.5,0.3702754095972616,41910.034601825515,15518.255228426351,170754.5349380617,0.471313949844362,322979.08160768356,7.706485682395864
Orocovis,1985-1989,1,85,NA,0.1700262618203727,5.767877357411233,1,26391.779373399164,26391.779373399164,152224.54666962186,0,152224.54666962186,5.767877357411233
Orocovis,1985-1989,2,0,1,0.009761946913185637,0.12896656336773696,0.009679641097540477,100000,967.9641097540443,99156.87089494425,0.9900685990212021,8106621.108499636,81.06621108499635
Orocovis,1985-1989,2,1,4,2.541646978048892e-4,1.5082512239343018,0.001016015333900505,99032.03589024596,100.61806701187743,395877.42861565686,0.9989347655142103,8007464.237604692,80.85731213765118
Orocovis,1985-1989,2,5,5,1.2142778289172636e-4,2.5,6.069546615614588e-4,98931.41782323408,60.046885222691344,494506.97190311365,0.9993267084657345,7611586.808989035,76.93801399459426
Orocovis,1985-1989,2,10,5,1.4798847019865767e-4,2.5,7.396686948967593e-4,98871.37093801139,73.13205790436768,494174.024545296,0.9983926450384629,7117079.837085921,71.98322193335481
Orocovis,1985-1989,2,15,5,4.957503612190021e-4,2.5,0.0024756835036170554,98798.23888010702,244.59317018190632,493379.71147508034,0.9968114492488964,6622905.812540625,67.0346545405289
Orocovis,1985-1989,2,20,5,7.821639085405174e-4,2.5,0.0039031872122882653,98553.64570992511,384.6733296593593,491806.5452254772,0.9954421789349183,6129526.101065544,62.19481843529867
Orocovis,1985-1989,2,25,5,0.0010457307712296669,2.5,0.005215020088699999,98168.97238026575,511.95316305012966,489564.97899370344,0.9945512469825274,5637719.555840068,57.42873149371359
Orocovis,1985-1989,2,30,5,0.0011399819156621748,2.5,0.005683711258190417,97657.01921721562,555.0542995662108,486897.4603371626,0.993166597868477,5148154.576846364,52.71668762892994
Orocovis,1985-1989,2,35,5,0.0016043420513402963,2.5,0.007989664868390294,97101.96491764941,775.8121577542042,483570.29419386154,0.9911064377477242,4661257.116509201,48.003736283424715
Orocovis,1985-1989,2,40,5,0.001970608579648013,2.5,0.009804739638109879,96326.15275989521,944.4528481515736,479269.63167909713,0.988004507279757,4177686.82231534,43.37022400062773
Orocovis,1985-1989,2,45,5,0.0028619186325721173,2.5,0.01420793825480593,95381.69991174364,1355.1773029844771,473520.556301257,0.9838847289270559,3698417.1906362427,38.774913783863944
Orocovis,1985-1989,2,50,5,0.0036428960540063593,2.5,0.018050093731955336,94026.52260875916,1697.1875463779288,465889.644177851,0.9789454585859968,3224896.6343349856,34.29773371236603
Orocovis,1985-1989,2,55,5,0.004881702519461765,2.5,0.0241142165184761,92329.33506238123,2226.449576701183,456080.5513701532,0.9644456771531831,2759006.990157135,29.88223610939085
Orocovis,1985-1989,2,60,5,0.009684347019766372,2.5,0.04727711512638838,90102.88548568005,4259.804490326293,439864.9162025845,0.9487749842920559,2302926.4387869816,25.558853374934184
Orocovis,1985-1989,2,65,5,0.011389064258976062,2.5,0.05536882357089814,85843.08099535375,4753.030406414051,417332.8289607336,0.9227613748547088,1863061.522584397,21.703106423745847
Orocovis,1985-1989,2,70,5,0.021139144236733794,2.5,0.1003903081725925,81090.0505889397,8140.655168354773,385098.6150238116,0.8819533362359738,1445728.6936236634,17.828681609194284
Orocovis,1985-1989,2,75,5,0.029570182681296554,2.5,0.13767334826046357,72949.39542058493,10043.18752112845,339639.00830010354,0.825507123107243,1060630.0785998518,14.539257967593276
Orocovis,1985-1989,2,80,5,0.04873000722803004,2.5,0.21719076702292847,62906.20789945648,13662.647544186766,280374.4206368155,0.6111263617727591,720991.0702997483,11.461365966489577
Orocovis,1985-1989,2,85,NA,0.1350329650414904,8.947700907166048,1,49243.560355269714,49243.560355269714,440616.64966293285,0,440616.64966293285,8.947700907166048
Orocovis,1990-1994,1,0,1,0.017905346001427416,0.11356077732145167,0.017625592578548517,100000,1762.559257854853,98437.59834154227,0.9817059341455654,7142688.523836093,71.42688523836092
Orocovis,1990-1994,1,1,4,5.673948007761984e-4,1.5998940895608333,0.00226649267611935,98237.44074214515,222.65443996277463,392415.3687312404,0.9978338468011071,7044250.925494551,71.70637663479434
Orocovis,1990-1994,1,5,5,2.3212179465336726e-4,2.5,0.0011599358572846469,98014.78630218237,113.69086517600226,489789.7043479719,0.9987464038305129,6651835.55676331,67.86563341836518
Orocovis,1990-1994,1,10,5,2.6965471125451934e-4,2.5,0.0013473652478054683,97901.09543700637,131.9085337139113,489175.70585074706,0.996862254156396,6162045.852415338,62.941541408801235
Orocovis,1990-1994,1,15,5,9.885454305028957e-4,2.5,0.004930541990627635,97769.18690329246,482.05508141619794,487640.7968129218,0.9934951961486479,5672870.146564592,58.023088114416474
Orocovis,1990-1994,1,20,5,0.0016239395180694138,2.5,0.00808686613660564,97287.13182187626,786.7480118578242,484468.78907973674,0.990384334095485,5185229.34975167,53.29820349977369
Orocovis,1990-1994,1,25,5,0.0022439034698244556,2.5,0.011156929666146146,96500.38381001844,1076.6479949244676,479810.29906278104,0.9863426828280839,4700760.560671933,48.71235092625519
Orocovis,1990-1994,1,30,5,0.0032635953558374643,2.5,0.016185916077833342,95423.73581509397,1544.520579736447,473257.3776261287,0.98394755445783455,4220950.261609152,44.23375615673065
Orocovis,1990-1994,1,35,5,0.0032088934483591076,2.5,0.0159167791211931,93879.21523535752,1494.254732972142,465660.4393443573,0.9812374784080912,3747692.883983023,39.92036868424458
Orocovis,1990-1994,1,40,5,0.00437826243181641,2.5,0.02165429172916852,92384.96050238538,2000.5308861063677,456923.475296661,0.9754769380302548,3282032.4446386658,35.525613982959094
Orocovis,1990-1994,1,45,5,0.005567494365421054,2.5,0.027455328362211772,90384.42961627901,2481.5341939461505,445718.31259652966,0.9677457166921482,2825108.9693420045,31.256589009144758
Orocovis,1990-1994,1,50,5,0.0075786633112557966,2.5,0.03718871468729557,87902.89542233286,3268.995698048311,431341.9878665435,0.9522659356802954,2379390.6567454753,27.06839911602002
Orocovis,1990-1994,1,55,5,0.012092170879135578,2.5,0.05868672949228219,84633.89972428455,4966.886778996035,410752.2816739327,0.9279105492597193,1948048.6688789316,23.017356818310066
Orocovis,1990-1994,1,60,5,0.018044421879172105,2.5,0.08632777252742535,79667.01294528852,6877.475771480313,381141.3752977418,0.8894594250555459,1537296.3872049989,19.296523496628904
Orocovis,1990-1994,1,65,5,0.029424397967310462,2.5,0.13704110947860196,72789.5371738082,9975.158932732615,339009.78853720945,0.8424600740220671,1156155.0119072571,15.883532947140038
Orocovis,1990-1994,1,70,5,0.039873192166235374,2.5,0.18129403144516537,62814.37824107559,11387.87186404608,285602.2115452628,0.7829218236955289,817145.2233700476,13.008888191711813
Orocovis,1990-1994,1,75,5,0.059977991332394565,2.5,0.260786352662915,51426.50637702951,13411.331028261666,223604.20431449337,0.6957043947905368,531543.0118247848,10.335973591669202
Orocovis,1990-1994,1,80,5,0.08874494859268431,2.5,0.36315443811018727,38015.17534876784,13805.379643442026,155562.42763523414,0.49482681675308116,307938.80751029146,8.100417916927285
Orocovis,1990-1994,1,85,NA,0.1561435144631201,6.2939969312312964,1,24209.795705325818,24209.795705325818,152376.37987505732,0,152376.37987505732,6.2939969312312964
Orocovis,1990-1994,2,0,1,0.009375324299077883,0.1297611772278342,0.009299452196496746,100000,929.9452196496713,99190.72556680947,0.9904264209390071,8027873.577866127,80.27873577866127
Orocovis,1990-1994,2,1,4,2.612497056536051e-4,1.5088697912762998,0.0010443191723515492,99070.05478035033,103.46075761303655,396022.48490269406,0.9989055993127163,7928682.852299318,80.03107366679181
Orocovis,1990-1994,2,5,5,1.307707472126534e-4,2.5,6.536400435710022e-4,98966.59402273729,64.68852882910869,494671.24879161373,0.9992929664672815,7532660.367396624,76.11316163579416
Orocovis,1990-1994,2,10,5,1.521502411972307e-4,2.5,7.604619448153412e-4,98901.90549390818,75.21113539783983,494321.4996310463,0.998446648311734,7037989.11860501,71.161309617422
Orocovis,1990-1994,2,15,5,4.6992038573368585e-4,2.5,0.0023468448530718977,98826.69435851034,231.93091900138825,493553.64449504827,0.9968331147715904,6543667.618973964,66.21356366768391
Orocovis,1990-1994,2,20,5,7.993652034851198e-4,2.5,0.003988854638426304,98594.76343950896,393.28017947022454,491990.6167488692,0.9952585709808844,6050113.974478915,61.36344125609525
Orocovis,1990-1994,2,25,5,0.0011024335144180475,2.5,0.005497017331750591,98201.48326003873,539.815255484049,489657.87816148356,0.9942880068211994,5558123.357730046,56.59917929153949
Orocovis,1990-1994,2,30,5,0.0011891562092579625,2.5,0.005928157283681444,97661.66800455468,578.9537285176921,486860.9557014792,0.9932141668434712,5068465.4795685625,51.898207179219824
Orocovis,1990-1994,2,35,5,0.001535597360839796,2.5,0.00764862378794193,97082.71427603699,742.5491578096553,483557.19848566083,0.9915253127665127,4581604.523867084,47.192793877189374
Orocovis,1990-1994,2,40,5,0.0018701262677615635,2.5,0.009307117625934301,96340.16511822733,896.649248857284,479459.2024689935,0.9892673411852155,4098047.3253814224,42.53726698882397
Orocovis,1990-1994,2,45,5,0.0024492239430944783,2.5,0.01217159232708966,95443.51586937005,1161.6995654260681,474313.3304332851,0.9837619284958429,3618588.122912429,37.913399249301065
Orocovis,1990-1994,2,50,5,0.00411278841086543,2.5,0.020354656070343997,94281.81630394398,1919.0739445541403,466611.39665833453,0.9751678731288749,3144274.792479144,33.34974776411486
Orocovis,1990-1994,2,55,5,0.005968267103499457,2.5,0.029402628663968356,92362.74235938984,2715.707415978919,455024.44325700187,0.9619487087605442,2677663.3958208095,28.99073075809979
Orocovis,1990-1994,2,60,5,0.009618235679326645,2.5,0.046961950623977435,89647.03494341092,4209.9996285984525,437710.17564555845,0.9476971947434853,2222638.9525638074,24.793223266857996
Orocovis,1990-1994,2,65,5,0.011926685534126333,2.5,0.05790683610925352,85437.03531481247,4947.38840163534,414816.705569974,0.9227786519294235,1784928.776918249,20.891745252410352
Orocovis,1990-1994,2,70,5,0.020548647993164186,2.5,0.09772304864714818,80489.64691317713,7865.693680888202,382784.00036366517,0.8766412270964503,1370112.071348275,17.022214954256075
Orocovis,1990-1994,2,75,5,0.03284680240698685,2.5,0.15177102949279703,72623.95323228893,11022.212147901235,335564.2357916915,0.8084121771206461,987328.0709846099,13.595074724541979
Orocovis,1990-1994,2,80,5,0.054165842603605255,2.5,0.23852891398916168,61601.74108438769,14693.796400700514,271274.21442018717,0.5837844940569746,651763.8351929183,10.58028269525812
Orocovis,1990-1994,2,85,NA,0.14058279713832544,8.111411048564896,1,46907.94468368718,46907.94468368718,380489.6207727312,0,380489.6207727312,8.111411048564896
Orocovis,1995-1999,1,0,1,0.014461081034389846,0.12043363584992679,0.014279453800691129,100000,1427.9453800691117,98744.02727384772,0.9851489120656216,7308468.907526414,73.08468907526414
Orocovis,1995-1999,1,1,4,4.863562570440158e-4,1.6099760056985177,0.0019431662856149918,98572.05461993089,191.5418932412431,393830.42875896307,0.9980716933997579,7209724.880252566,73.14167192772288
Orocovis,1995-1999,1,5,5,2.2614178638308814e-4,2.5,0.001130070041770481,98380.51272668965,111.17687012645183,491624.62145813205,0.9986863914005514,6815894.451493603,69.28094052964332
Orocovis,1995-1999,1,10,5,2.9969533576658494e-4,2.5,0.0014973548032066527,98269.3358565632,147.14406205277191,490978.819127684,0.9971828870190614,6324269.830035471,64.35649304953644
Orocovis,1995-1999,1,15,5,8.294866141170077e-4,2.5,0.004138850268346469,98122.19179451042,406.11305983945203,489595.6763229535,0.9940822204705856,5833291.010907787,59.44925306116264
Orocovis,1995-1999,1,20,5,0.0015467786929343186,2.5,0.007704102112183305,97716.07873467097,752.8146485740435,486698.3570519197,0.9913560242490318,5343695.334584834,54.685937092242526
Orocovis,1995-1999,1,25,5,0.0019274726341633934,2.5,0.009591146489843404,96963.26408609693,929.9888699831208,482491.3482555268,0.9893633576829557,4856996.977532914,50.091104330194824
Orocovis,1995-1999,1,30,5,0.002352203843595484,2.5,0.01169226275449877,96033.2752161138,1122.8462870018993,477359.2603630643,0.9853240752492342,4374505.629277388,45.55197788925741
Orocovis,1995-1999,1,35,5,0.0035705674357148936,2.5,0.0176948852261564,94910.4289291119,1679.4291466659051,470353.57177889475,0.9789527524938134,3897146.368914323,41.06130815007781
Orocovis,1995-1999,1,40,5,0.004952569523308468,2.5,0.02445999801477198,93230.999782446,2280.430069593829,460453.92373824544,0.974770948912562,3426792.7971354285,36.75593745783945
Orocovis,1995-1999,1,45,5,0.005272059982296105,2.5,0.026017386851323574,90950.56971285217,2366.2961565675505,448837.10817284195,0.9709095738362817,2966338.8733971827,32.61484653435888
Orocovis,1995-1999,1,50,5,0.006554792181155669,2.5,0.03224555364844863,88584.27355628462,2856.448945368029,435780.24541800306,0.9550715764740023,2517501.765224341,28.419285547617797
Orocovis,1995-1999,1,55,5,0.01195363521485155,2.5,0.05803388630673068,85727.82461091659,4975.118826793274,416201.3259875998,0.9330732301679385,2081721.5198063378,24.28291548577626
Orocovis,1995-1999,1,60,5,0.015879860485662176,2.5,0.076367537813049,80752.70578412332,6166.885312475075,388346.3156394289,0.9100999901466076,1665520.193818738,20.624945971113128
Orocovis,1995-1999,1,65,5,0.022063667369626158,2.5,0.10455137020976363,74585.82047164824,7798.049728530255,353433.9780369156,0.8728787482241933,1277173.8781793092,17.123548016271965
Orocovis,1995-1999,1,70,5,0.03297689787872268,2.5,0.15232636216983358,66787.77074311799,10173.538154732007,308505.0083287599,0.8014658367462157,923739.9001423935,13.830973692703742
Orocovis,1995-1999,1,75,5,0.05793979642515351,2.5,0.25304547400096206,56614.23258838598,14325.975320528836,247256.22464060783,0.714863334576271,615234.8918136336,10.86714177134046
Orocovis,1995-1999,1,80,5,0.07849733932374592,2.5,0.3280993764131904,42288.257267857145,13874.750839184497,176754.40924132447,0.5196612602593795,367978.66717302584,8.701674908053553
Orocovis,1995-1999,1,85,NA,0.16537193346932189,6.730047852831464,1,28413.50642867265,28413.50642867265,191224.25793170134,0,191224.25793170134,6.730047852831464
Orocovis,1995-1999,2,0,1,0.010242247742535722,0.1279794154821986,0.010151579409852526,100000,1015.1579409852566,99114.76137892414,0.9896497389016384,8006496.743126515,80.06496743126516
Orocovis,1995-1999,2,1,4,2.324413516321381e-4,1.50748338030017,9.292270458934776e-4,98984.84205901474,91.97939237473474,395710.1080718951,0.9989821370218872,7907381.981747591,79.88477646944379
Orocovis,1995-1999,2,5,5,1.15801463535672e-4,2.5,5.788397414553272e-4,98892.86266664001,57.243119057733566,494321.2055355557,0.9993418182566356,7511671.873675696,75.9576745087959
Orocovis,1995-1999,2,10,5,1.475683606109351e-4,2.5,7.375696981766847e-4,98835.61954758228,72.8981580788095,493995.8523427143,0.998435179860977,7017350.66814014,71.00021935676529
Orocovis,1995-1999,2,15,5,4.7910941505971985e-4,2.5,0.002392681185091066,98762.72138950347,236.3077052570734,493222.8376843746,0.9965144522968336,6523354.815797426,66.05078033512683
Orocovis,1995-1999,2,20,5,9.183104811954323e-4,2.5,0.0045810353739805295,98526.41368424639,451.35298635897925,491503.6859553346,0.9951228435286555,6030131.9781130515,61.203201787473795
Orocovis,1995-1999,2,25,5,0.0010376127068703644,2.5,0.0051746403528927076,98075.06069788741,507.50316669968015,489106.5455726879,0.9946535007935814,5538628.292157716,56.47336083960253
Orocovis,1995-1999,2,30,5,0.0011069050426290954,2.5,0.005519251993487647,97567.55753118773,538.4999364037358,486491.5378149293,0.9930470388099698,5049521.746585028,51.75410632751502
Orocovis,1995-1999,2,35,5,0.0016860021408345203,2.5,0.008394627305152613,97029.057594784,814.5227762783907,483108.98103322403,0.991130251854344,4563030.208770099,47.02746086462448
Orocovis,1995-1999,2,40,5,0.0018785594667747787,2.5,0.009348891213640811,96214.5348185056,899.499219189267,478823.92604455486,0.9889872793139532,4079921.2277368754,42.404416707237004
Orocovis,1995-1999,2,45,5,0.0025546625932302406,2.5,0.01269225191318503,95315.03559931634,1209.7624429407297,473550.7718892299,0.9847713854983305,3601097.3016923205,37.78099938849679
Orocovis,1995-1999,2,50,5,0.0035914764172882423,2.5,0.017797583086590667,94105.27315637561,1674.846417886889,466339.2497371608,0.9788216225115483,3127546.5298030907,33.23455131580159
Orocovis,1995-1999,2,55,5,0.0049854585001619205,2.5,0.02462043214403426,92430.42673848872,2275.6770495591045,456462.94106854586,0.9661025725757034,2661207.28006593,28.79146374164454
Orocovis,1995-1999,2,60,5,0.0088743294065547,2.5,0.043408591678695076,90154.74968892962,3913.4907171417,440990.02165179385,0.9454266143878438,2204744.338997384,24.455110203340862
Orocovis,1995-1999,2,65,5,0.013702834933091084,2.5,0.06624482007867928,86241.25897178792,5713.036683944869,416923.7031490774,0.9116341023460166,1763754.31734559,20.45139807064466
Orocovis,1995-1999,2,70,5,0.02374145950969189,2.5,0.11205634462656998,80528.22228784305,9023.698228851572,380081.8658670863,0.8772405271361873,1346830.6141965126,16.724951525470804
Orocovis,1995-1999,2,75,5,0.028911488755119712,2.5,0.13481331003295308,71504.52405899148,9639.761570723575,333423.2163681484,0.8121084764334587,966748.7483294264,13.520106049959235
Orocovis,1995-1999,2,80,5,0.05694451174132773,2.5,0.2492403794251654,61864.7624882679,15419.196875623631,270775.82025228045,0.5724539646874115,633325.531961278,10.237257955712389
Orocovis,1995-1999,2,85,NA,0.12400095995285487,7.80590583679527,1,46445.56561264427,46445.56561264427,362549.71170899755,0,362549.71170899755,7.80590583679527
Orocovis,2000-2004,1,0,1,0.012471912506016846,0.12440292218986869,0.012337185869771623,100000,1233.7185869771638,98919.75961040275,0.9872498573346934,7431783.392872896,74.31783392872896
Orocovis,2000-2004,1,1,4,3.825073182880514e-4,1.615828058974378,0.0015286352140670596,98766.28141302284,150.97761573040043,394705.16905694397,0.9984295939191856,7332863.633262493,74.24460583463475
Orocovis,2000-2004,1,5,5,1.8405764814319165e-4,2.5,9.198649702583706e-4,98615.30379729244,90.71276349452091,492849.73707772593,0.9990068544902874,6938158.464205549,70.35579871525013
Orocovis,2000-2004,1,10,5,2.13412505413297e-4,2.5,0.0010664935194315127,98524.59103379791,105.07583784218878,492360.26557438413,0.9976723714382919,6445308.727127823,65.41827435667123
Orocovis,2000-2004,1,15,5,7.193132132498705e-4,2.5,0.0035901100322912327,98419.51519595573,353.33688887824246,491214.233757583,0.9939162205666368,5952948.461553439,60.48544792870569
Orocovis,2000-2004,1,20,5,0.0017246912009527058,2.5,0.00858643363840423,98066.17830707748,842.0387322056486,488225.79470487335,0.9914748229217372,5461734.227795856,55.69437212790498
Orocovis,2000-2004,1,25,5,0.0016998713344891635,2.5,0.008463389987365504,97224.13957487184,822.8458094082016,484063.5833508387,0.9913677164558908,4973508.433090983,51.155077893601806
Orocovis,2000-2004,1,30,5,0.001768306607180572,2.5,0.0088026187138225,96401.29376546363,848.5838325365621,479885.00924597675,0.9886116077074711,4489444.849740144,46.57037965343693
Orocovis,2000-2004,1,35,5,0.0028191559638815287,2.5,0.01399712959099843,95552.70993292707,1337.4636637022631,474419.8905053797,0.984104890150497,4009559.840494167,41.961759570279746
Orocovis,2000-2004,1,40,5,0.003596047546698491,2.5,0.01782003351399226,94215.24626922481,1678.9188460466248,466878.9342310075,0.979979286551476,3535139.9499887875,37.52195201917689
Orocovis,2000-2004,1,45,5,0.004502378665816147,2.5,0.022261321086251677,92536.32742317818,2059.980896909896,457531.6848736162,0.9709375350260775,3068261.01575778,33.157367503102925
Orocovis,2000-2004,1,50,5,0.007335803866683843,2.5,0.036018458466198396,90476.34652626829,3258.8185295297735,444234.686307517,0.9584670307482002,2610729.3308841637,28.85537967789385
Orocovis,2000-2004,1,55,5,0.009679397972399723,2.5,0.04725352566082334,87217.52799673851,4121.335697267452,425784.30074052396,0.9439573052486961,2166494.644576647,24.840128977946527
Orocovis,2000-2004,1,60,5,0.013493915304533735,2.5,0.06526778172585981,83096.19229947106,5423.5041412519495,401922.20114422543,0.9159216841855699,1740710.3438361227,20.948136077797187
Orocovis,2000-2004,1,65,5,0.02198595291380658,2.5,0.10420229755039906,77672.68815821911,8093.67256300211,368129.2593835903,0.8705705196235718,1338788.1426918972,17.236279243545535
Orocovis,2000-2004,1,70,5,0.0342141602148943,2.5,0.15759117665790343,69579.015595217,10965.038938348851,320482.48063021287,0.8016633863815881,970658.883308307,13.950454386351394
Orocovis,2000-2004,1,75,5,0.05628357986526954,2.5,0.24670438450530624,58613.97665686815,14460.325034541049,256919.07069798815,0.7231462771110951,650176.4026780941,11.09251478507062
Orocovis,2000-2004,1,80,5,0.07530690679601765,2.5,0.3168769724120012,44153.6516223271,13991.275447017262,185790.06949409237,0.5275610792591883,393257.331980106,8.906564180554621
Orocovis,2000-2004,1,85,NA,0.15560048591539877,6.878346098469558,1,30162.37617530984,30162.37617530984,207467.2624860136,0,207467.2624860136,6.878346098469558
Orocovis,2000-2004,2,0,1,0.007807496968750976,0.13298348570503518,0.007755001588597444,100000,775.500158859737,99327.62855543024,0.9920512346529428,8236637.567061166,82.36637567061166
Orocovis,2000-2004,2,1,4,2.02597867053565e-4,1.511382612415352,8.099830839976591e-4,99224.49984114026,80.37016638946079,396697.98877104116,0.9991341026094224,8137309.938505736,82.00907993019544
Orocovis,2000-2004,2,5,5,1.0051599071309523e-4,2.5,5.024536919888818e-4,99144.1296747508,49.81533399410546,495596.11003876873,0.999456873978598,7740611.949734695,78.07433455846866
Orocovis,2000-2004,2,10,5,1.1679785380142893e-4,2.5,5.838187970508835e-4,99094.3143407567,57.85312339299708,495326.938895301,0.9987443953580758,7245015.839695927,73.11232625095333
Orocovis,2000-2004,2,15,5,3.85928576680621e-4,2.5,0.0019277829171097318,99036.4612173637,190.920798105828,494705.004091554,0.9973934690329996,6749688.900800626,68.15357513619668
Orocovis,2000-2004,2,20,5,6.583999499777585e-4,2.5,0.003286590023121741,98845.54041925787,324.8647669720085,493415.5401788593,0.9960672305839797,6254983.8967090715,63.28038543952789
Orocovis,2000-2004,2,25,5,9.18319354702688e-4,2.5,0.004581079538499349,98520.67565228586,451.33105134982907,491475.05063305475,0.9950466972778923,5761568.356530212,58.48080434268249
Orocovis,2000-2004,2,30,5,0.0010682933143222784,2.5,0.00532723893726021,98069.34460093603,522.4388311096845,489040.625926906,0.9942695962355808,5270093.305897158,53.738437096140814
Orocovis,2000-2004,2,35,5,0.0012309218707673615,2.5,0.006135727849828233,97546.90576982635,598.5212663964921,486238.2256831405,0.9925821185471192,4781052.679970251,49.01285840118517
Orocovis,2000-2004,2,40,5,0.0017492061139750966,2.5,0.00870795056893704,96948.38450342986,844.2217399941728,482631.36816716386,0.9895951903202815,4294814.454287111,44.3000105291612
Orocovis,2000-2004,2,45,5,0.0024380855742956744,2.5,0.012116574756171134,96104.16276343568,1164.4532725023892,477609.6806359224,0.9863769218421241,3812183.086119947,39.667200426102156
Orocovis,2000-2004,2,50,5,0.0030527333133780394,2.5,0.0151480591052313,94939.7094909333,1438.152330802157,471103.1666276611,0.9816492278178981,3334573.4054840244,35.12306308249737
Orocovis,2000-2004,2,55,5,0.004367726717407522,2.5,0.021602746355966772,93501.55716013114,2019.8904232182394,462458.0597426101,0.9710500814486996,2863470.2388563636,30.624840118463194
Orocovis,2000-2004,2,60,5,0.00742725925356263,2.5,0.036459314318683184,91481.6667369129,3335.3588419581356,449069.9365796691,0.9586490018548198,2401012.179113753,26.24582897050501
Orocovis,2000-2004,2,65,5,0.009506232194345474,2.5,0.04642777787974645,88146.30789495476,4092.437203866706,430500.44646510703,0.9337688770636778,1951942.2425340842,22.144344886915086
Orocovis,2000-2004,2,70,5,0.018191029276535937,2.5,0.08699865852218847,84053.87069108806,7312.5739937221515,401987.91847113497,0.8903425994385965,1521441.796068977,18.100793973671106
Orocovis,2000-2004,2,75,5,0.028833766871553437,2.5,0.134475263372578,76741.2966973659,10319.806084931435,357906.9682745009,0.8319750495402577,1119453.8775978421,14.587372454917961
Orocovis,2000-2004,2,80,5,0.046126639655299506,2.5,0.206787201458937,66421.49061243447,13735.11416047639,297769.66766098136,0.6089936627468435,761546.9093233413,11.465369149375512
Orocovis,2000-2004,2,85,NA,0.10917691653639601,8.802602738969036,1,52686.37645195808,52686.37645195808,463777.2416623599,0,463777.2416623599,8.802602738969036
Orocovis,2005-2009,1,0,1,0.011564241846674641,0.1262141336070531,0.011448557934393824,100000,1144.8557934393757,98999.64118863459,0.9881806760278092,7556192.0274115205,75.56192027411521
Orocovis,2005-2009,1,1,4,3.505981336691203e-4,1.6185054949436715,0.0014012225873398605,98855.14420656062,138.51806093698542,395090.69682527,0.9985556409337695,7457192.386222886,75.43555215134653
Orocovis,2005-2009,1,5,5,1.673662950898015e-4,2.5,8.364814784341157e-4,98716.62614562364,82.57462938431127,493376.69415465737,0.9990521945682378,7062101.689397615,71.53913140203785
Orocovis,2005-2009,1,10,5,2.1195677139435607e-4,2.5,0.0010592225834743273,98634.05151623933,104.47541486556293,492909.0690440327,0.9975560488999144,6568724.995242958,66.59692970395187
Orocovis,2005-2009,1,15,5,7.67499399641954e-4,2.5,0.003830147907660597,98529.57610137376,377.38284974737326,491704.4233825004,0.9946183360768082,6075815.926198926,61.664894609388384
Orocovis,2005-2009,1,20,5,0.0013926610031124128,2.5,0.0069391453228469175,98152.19325162639,681.0923327291821,489058.235426309,0.9918878102542549,5584111.502816425,56.8923761948019
Orocovis,2005-2009,1,25,5,0.0018673633006044263,2.5,0.00929343097318208,97471.10091889721,905.8409482698335,485090.9022238115,0.9903927975205626,5095053.267390116,52.27245018633326
Orocovis,2005-2009,1,30,5,0.0019946809953749938,2.5,0.009923917353513155,96565.25997062738,958.305659169011,480430.53570521437,0.9891213240653683,4609962.365166305,47.73934608127741
Orocovis,2005-2009,1,35,5,0.002382710109606245,2.5,0.011843004432060274,95606.95431145836,1132.273583646398,475204.08759817586,0.9850100347439086,4129531.8294610903,43.192797628594384
Orocovis,2005-2009,1,40,5,0.0036682631296946267,2.5,0.018174642223562916,94474.68072781197,1717.043521413303,468080.79483552655,0.9807280425282066,3654327.7418629145,38.68049845430315
Orocovis,2005-2009,1,45,5,0.004119918758116479,2.5,0.020389585204199902,92757.63720639866,1891.2897471601318,459059.961664093,0.9735124526289042,3186246.947027388,34.35023835220753
Orocovis,2005-2009,1,50,5,0.0066512761833053356,2.5,0.03271243236087696,90866.34745923853,2972.459245140286,446900.58918334194,0.9649479039120219,2727186.985363295,30.013168368924212
Orocovis,2005-2009,1,55,5,0.0076372643766660885,2.5,0.037470884259536603,87893.88821409825,3293.4617123911157,431235.7867895134,0.9557646333071219,2280286.3961799527,25.943628647141736
Orocovis,2005-2009,1,60,5,0.010522341955347849,2.5,0.05126318779742494,84600.42650170713,4336.887551499254,412159.9136297875,0.9244195569952219,1849050.6093904395,21.856279995859452
Orocovis,2005-2009,1,65,5,0.021321309244721323,2.5,0.10121163481117448,80263.53895020788,8123.603992880919,381008.6847688371,0.8809082151215125,1436890.695760652,17.902159742196748
Orocovis,2005-2009,1,70,5,0.029873038138307897,2.5,0.13898540028321807,72139.93495732696,10026.397736449399,335633.6804455113,0.8283285347237174,1055882.0109918148,14.63658113382556
Orocovis,2005-2009,1,75,5,0.04683594292105986,2.5,0.20963373096122714,62113.53722087756,13021.09255081162,278014.95472735877,0.7485621041083285,720248.3305463035,11.595674031332
Orocovis,2005-2009,1,80,5,0.07178992249363426,2.5,0.3043300378871611,49092.44467006594,14940.305546414529,208111.45948429336,0.5294080662751774,442233.3758189447,9.008175876981657
Orocovis,2005-2009,1,85,NA,0.1563113015400677,6.855263604045075,1,34152.13912365141,34152.13912365141,234121.91633465138,0,234121.91633465138,6.855263604045075
Orocovis,2005-2009,2,0,1,0.006909703088373565,0.13482869453355845,0.00686864181977919,100000,686.864181977915,99405.74481900003,0.9929232678546974,8168552.233135589,81.6855223313559
Orocovis,2005-2009,2,1,4,1.9913385975527448e-4,1.5128247197592193,7.961411255967976e-4,99313.135818022085,79.06727173671243,397055.8891083487,0.9991784125199359,8069146.488316589,81.24953886364247
Orocovis,2005-2009,2,5,5,9.401841432541997e-5,2.5,4.699816043141005e-4,99234.06854628537,46.638186737996875,496053.74726458185,0.9994921046918795,7672090.59920824,77.31307112163577
Orocovis,2005-2009,2,10,5,1.0919516863659006e-4,2.5,5.458268390486096e-4,99187.43035954738,54.13916158649954,495801.8038937706,0.9988272233995438,7176036.851943659,72.34824842150901
Orocovis,2005-2009,2,15,5,3.60338067599886e-4,2.5,0.0018000687547578388,99133.29119796088,178.4467400417634,495220.3391397,0.9974886888957976,6680235.048049888,67.38639429119748
Orocovis,2005-2009,2,20,5,6.458081993833581e-4,2.5,0.0032238360475343774,98954.84445791911,319.014194641597,493976.68680299155,0.9963224292999749,6185014.708910188,62.503404889291566
Orocovis,2005-2009,2,25,5,8.282660877227036e-4,2.5,0.004132772849614526,98635.83026327752,407.6394813112711,492160.0526131094,0.9954718676760627,5691038.022107196,57.697471668426665
Orocovis,2005-2009,2,30,5,9.874581831699884e-4,2.5,0.004925132509849822,98228.19078196624,483.7868558039918,489931.48677032127,0.9945024678852743,5198877.969494087,52.92653695550454
Orocovis,2005-2009,2,35,5,0.0012182520424474242,2.5,0.006072764816883443,97744.40392616225,593.5787772100448,487238.07268778613,0.9935479012969104,4708946.482723766,48.176123579217716
Orocovis,2005-2009,2,40,5,0.0013714360797398948,2.5,0.006833750269500659,97150.82514895221,663.9044775438524,484094.3645509014,0.9915440278508558,4221708.41003598,43.45519869299341
Orocovis,2005-2009,2,45,5,0.0020281023569638976,2.5,0.010089356167261808,96486.92067140836,973.4909081361693,480000.87608670135,0.9867537003131913,3737614.0454850784,38.73700206698205
Orocovis,2005-2009,2,50,5,0.003314319993653442,2.5,0.01643541937070618,95513.42976327219,1569.8032736938767,473642.6406321262,0.9816762001546684,3257613.1693983767,34.10633643323557
Orocovis,2005-2009,2,55,5,0.004090146979061541,2.5,0.02024373526372311,93943.62648957831,1901.76990436911,464963.7076869688,0.9734721831426009,2783970.5287662507,29.634480089770562
Orocovis,2005-2009,2,60,5,0.006698681150648573,2.5,0.0329417402175802,92041.8565852092,3032.0189287737303,452629.23560411163,0.9577006538593468,2319006.821079282,25.195133030942557
Orocovis,2005-2009,2,65,5,0.010672496948210201,2.5,0.051975708271285115,89009.83765643547,4626.349355305327,433483.31489391404,0.9258574363341078,1866377.5854751703,20.968216936639138
Orocovis,2005-2009,2,70,5,0.020504807514767142,2.5,0.09752472337214389,84383.48830113014,8229.476353744263,401343.75062129,0.879736381600277,1432894.2705812561,16.9807423161726
Orocovis,2005-2009,2,75,5,0.031373761984147305,2.5,0.14545976018495196,76154.01194738588,11077.344314988724,353076.6989494576,0.8142206110833099,1031550.5199599662,13.545583398451223
Orocovis,2005-2009,2,80,5,0.05273508555058589,2.5,0.23296222110311168,65076.667632397155,15160.405033632218,287482.3255779052,0.5762808870801627,678473.8210105086,10.425761577760069
Orocovis,2005-2009,2,85,NA,0.1355478785701034,7.832948123048731,1,49916.26259876494,49916.26259876494,390991.4954326034,0,390991.4954326034,7.832948123048731
Orocovis,2010-2014,1,0,1,0.00906919768534022,0.13119286947878786,0.008998296654101814,100000,899.8296654101723,99218.22157043712,0.9906306650072617,7759974.740516525,77.59974740516525
Orocovis,2010-2014,1,1,4,3.228171332864872e-4,1.6258881321811913,0.001290279657671615,99100.17033458983,127.86693385451508,396097.1109331937,0.9987011699489768,7660756.518946087,77.30316197319576
Orocovis,2010-2014,1,5,5,1.5324492822946e-4,2.5,7.6593120346654e-4,98972.30340073531,75.80597545359342,494672.0020650426,0.9991524640845378,7264659.408012894,73.40093297211189
Orocovis,2010-2014,1,10,5,1.8592701778065242e-4,2.5,9.292031789633196e-4,98896.49742528172,91.89493979589315,494252.7497769189,0.9978810037090848,6769987.405947851,68.4552798349882
Orocovis,2010-2014,1,15,5,6.630765553467737e-4,2.5,0.0033098959906537715,98804.60248548583,327.03295762484777,493205.430033367,0.9952915108260084,6275734.656170932,63.516622690656774
Orocovis,2010-2014,1,20,5,0.0012260921558922182,2.5,0.0061117269283465885,98477.56952786098,601.8680135215545,490883.177605501,0.9930432506332494,5782529.226137565,58.71925204755982
Orocovis,2010-2014,1,25,5,0.0015675123815758797,2.5,0.007806968109942143,97875.70151433942,764.1124804606661,487468.22637054545,0.9917740831064579,5291646.048532064,54.06496164685781
Orocovis,2010-2014,1,30,5,0.0017371439778346785,2.5,0.008648162132254932,97111.58903387876,839.8367668859137,483458.353252179,0.9897763310548943,4804177.822161519,49.470695206990314
Orocovis,2010-2014,1,35,5,0.002376621390512074,2.5,0.011812919857515926,96271.75226699284,1137.2504940726067,478515.6350997827,0.9867175355934078,4320719.46890934,44.88044901194466
Orocovis,2010-2014,1,40,5,0.002975891545657858,2.5,0.0147695760867654,95134.50177292024,1405.0962624116655,472159.768208572,0.9839282044365956,3842203.833809557,40.38707053914723
Orocovis,2010-2014,1,45,5,0.003509226246523769,2.5,0.01739353659477322,93729.40551050857,1630.28584475338,464571.3129406594,0.9763727467874094,3370044.0656009847,35.9550351060655
Orocovis,2010-2014,1,50,5,0.0060854576882267315,2.5,0.029971315510140033,92099.11966575519,2760.331773708487,453594.76889450476,0.9643707311672713,2905472.7526603253,31.54723696822321
Orocovis,2010-2014,1,55,5,0.008467956959851287,2.5,0.04146203791786591,89338.7878920467,3704.1682111162227,437433.518932443,0.9503922471949608,2451877.9837658205,27.444719607440483
Orocovis,2010-2014,1,60,5,0.011968894102132617,2.5,0.05810581465485774,85634.61968093048,4975.869339219382,415733.42505660397,0.9319296810685916,2014444.4648333776,23.523715902973333
Orocovis,2010-2014,1,65,5,0.016373803496561878,2.5,0.07864953731027453,80658.7503417111,6343.77339440053,387434.31822255417,0.9053304823587461,1598711.0397767737,19.82067702516873
Orocovis,2010-2014,1,70,5,0.023741610360825588,2.5,0.11205701673059235,74314.97694731057,8327.514615118373,350756.0981987569,0.860637671504797,1211276.7215542195,16.29922757579561
Orocovis,2010-2014,1,75,5,0.03718559168029316,2.5,0.17011352792928452,65987.4623321922,11225.360016429979,301873.91161988606,0.7886154492240445,860520.6233554627,13.040668529173836
Orocovis,2010-2014,1,80,5,0.06006505284254431,2.5,0.26111547691539777,54762.10231576222,14299.23246307006,238062.43042113594,0.5738587099500951,558646.7117355766,10.201337934661082
Orocovis,2010-2014,1,85,NA,0.1463656221229373,7.922924955188538,1,40462.86985269216,40462.86985269216,320584.28131444065,0,320584.28131444065,7.922924955188538
Orocovis,2010-2014,2,0,1,0.005577125726532654,0.13756750080802924,0.005550428749934253,100000,555.0428749934217,99521.31298616073,0.9942588521153229,8340762.030971902,83.40762030971902
Orocovis,2010-2014,2,1,4,1.737890258378692e-4,1.514969452423857,6.948560151629196e-4,99444.95712500658,69.09992663592857,397608.11307150073,0.9992920632364903,8241240.717985741,82.87238444505685
Orocovis,2010-2014,2,5,5,8.196517209262264e-5,2.5,4.0974189904994027e-4,99375.85719837065,40.71845244818542,496777.4898607328,0.9995451731121032,7843632.604914241,78.92895544294076
Orocovis,2010-2014,2,10,5,1.0001107079009834e-4,2.5,4.999303575245504e-4,99335.13874592246,49.660651427999255,496551.5421010423,0.9989586919378173,7346855.1150535075,73.96028442508299
Orocovis,2010-2014,2,15,5,3.1684208429984734e-4,2.5,0.001582956553364926,99285.47809449447,157.16459820365708,496034.4789769632,0.997792599744967,6850303.572952465,68.99602745965248
Orocovis,2010-2014,2,20,5,5.673704313482173e-4,2.5,0.00283283399113237,99128.31349629081,280.8140559559106,494939.5323415643,0.9966521558875939,6354269.093975502,64.10145466878407
Orocovis,2010-2014,2,25,5,7.743596490060081e-4,2.5,0.003864317316527854,98847.4994403349,381.97810378276336,493282.5519422176,0.9957965539787185,5859329.561633938,59.27645711635502
Orocovis,2010-2014,2,30,5,9.108474576283898e-4,2.5,0.004543890310798616,98465.52133655213,447.41652834888373,491209.06536188844,0.9947621453133917,5366047.009691721,54.49671049169319
Orocovis,2010-2014,2,35,5,0.0011905302414195159,2.5,0.005934986754064733,98018.10480820325,581.736153695223,488636.1836567782,0.9936843877994073,4874837.944329832,49.734056314072404
Orocovis,2010-2014,2,40,5,0.001344204110699184,2.5,0.00669851014132709,97436.36865450803,652.6785035663197,485550.1470136244,0.9910038651773179,4386201.760673054,45.01606352167887
Orocovis,2010-2014,2,45,5,0.0022747134472278344,2.5,0.011309253956009548,96783.69015094171,1094.551330716742,481182.0724279167,0.9877308593659682,3900651.6136594294,40.30277836664482
Orocovis,2010-2014,2,50,5,0.0026656480167836167,2.5,0.013240007087331715,95689.13882022497,1266.9248761604395,475278.3819107237,0.9822690587300212,3419469.5412315126,35.735189838585626
Orocovis,2010-2014,2,55,5,0.004506635378428019,2.5,0.022282133266921206,94422.21394406453,2103.9283544593927,466851.2488341741,0.9731631325422301,2944191.159320789,31.181128214859694
Orocovis,2010-2014,2,60,5,0.0063998639040198915,2.5,0.031495403775683134,92318.28558960513,2907.6016805234394,454322.42374671705,0.9623906832299192,2477339.910486615,26.83476945726079
Orocovis,2010-2014,2,65,5,0.00898165677893143,2.5,0.04392205190653,89410.6839090817,3927.100699653034,437235.66779627587,0.9423213228423423,2023017.4867398979,22.626126971548803
Orocovis,2010-2014,2,70,5,0.014952239477752986,2.5,0.07206727934073302,85483.58320942866,6160.569270200693,412016.4928716416,0.9021026191862714,1585781.818943622,18.55071768644244
Orocovis,2010-2014,2,75,5,0.026833657649252524,2.5,0.12573355998698157,79323.01393922797,9973.564931476096,371681.1573674496,0.840390615724436,1173765.3260719804,14.797286030649838
Orocovis,2010-2014,2,80,5,0.044039159134433646,2.5,0.1983570963438417,69349.44900775187,13755.955338222964,312357.35669320193,0.610567856989748,802084.1687045308,11.565833329330042
Orocovis,2010-2014,2,85,NA,0.09572473431678415,8.809067027204133,1,55593.49366952891,55593.49366952891,489726.8120113288,0,489726.8120113288,8.809067027204133
Orocovis,2015-2019,1,0,1,0.009868961586167983,0.1295969806028811,0.009784909468603203,100000,978.4909468603291,99148.31852540003,0.9899098131492439,7808236.055972277,78.08236055972277
Orocovis,2015-2019,1,1,4,2.9708705192125264e-4,1.6235180677710985,0.0011875097996279693,99021.50905313967,117.58901237454847,395806.5880492219,0.99876964959988,7709087.737446877,77.85265859066854
Orocovis,2015-2019,1,5,5,1.405182751482565e-4,2.5,7.023446450960612e-4,98903.92004076512,69.46463861965458,494345.9386072765,0.999221382587539,7313281.149397655,73.94328906663506
Orocovis,2015-2019,1,10,5,1.710618815957248e-4,2.5,8.549437872463616e-4,98834.45540214547,84.497903611933,493961.0322516975,0.9982518127082345,6818935.210790379,68.99350214502579
Orocovis,2015-2019,1,15,5,5.291380675558066e-4,2.5,0.0026421951227256716,98749.95749853353,260.91665607198956,493097.4958524877,0.9958980647037128,6324974.178538681,64.05039899518547
Orocovis,2015-2019,1,20,5,0.0011162146914000524,2.5,0.005565542605944342,98489.04084246155,548.1449530273094,491074.8418297395,0.9932741854199781,5831876.682686194,59.21345799290086
Orocovis,2015-2019,1,25,5,0.0015847700098468626,2.5,0.007892580238080264,97940.89588943424,773.0063793968293,487771.9634986791,0.9923446616389524,5340801.840856454,54.530865705840604
Orocovis,2015-2019,1,30,5,0.0014887623138236277,2.5,0.007416209137430039,97167.8895100374,720.6173900491412,484037.9040750642,0.9906537570930007,4853029.877357775,49.94479042231806
Orocovis,2015-2019,1,35,5,0.0022709597908129996,2.5,0.011290697155936552,96447.27211998827,1088.9569410229888,479513.96824738383,0.9874516616186446,4368991.973282711,45.29927987851568
Orocovis,2015-2019,1,40,5,0.002783301369126298,2.5,0.013820341407726694,95358.31517896528,1317.884471838901,473496.86471522914,0.9842507771001855,3889478.005035327,40.78803193759963
Orocovis,2015-2019,1,45,5,0.0035726543200296653,2.5,0.017705135775609716,94040.43070712638,1664.998594066492,466039.6570504657,0.9768447139830421,3415981.140320098,36.324601180939034
Orocovis,2015-2019,1,50,5,0.005824323974232256,2.5,0.02870367117079,92375.43211305988,2651.514027632904,455248.37549621717,0.9666772944860021,2949941.4832696323,31.93426450941142
Orocovis,2015-2019,1,55,5,0.007763457644215457,2.5,0.038078241189475504,89723.91808542698,3416.5289933216263,440078.2679438308,0.9520468287772178,2494693.107773415,27.804103532328963
Orocovis,2015-2019,1,60,5,0.011992908856765119,2.5,0.05821900619621886,86307.38909210535,5024.730420332766,418975.11940969486,0.9350837594325659,2054614.8398295841,23.805781421993245
Orocovis,2015-2019,1,65,5,0.014943674541720249,2.5,0.0720274844928031,81282.65867177259,5854.585437014903,391776.8297663257,0.9051012742955383,1635639.7204198893,20.122861962780576
Orocovis,2015-2019,1,70,5,0.025428994957473836,2.5,0.11954518972086392,75428.07323475768,9017.063325128329,354597.7078609676,0.8593491046490549,1243862.8906535637,16.490715423450386
Orocovis,2015-2019,1,75,5,0.03587757643093751,2.5,0.16462226263030585,66411.00990962936,10932.73071488685,304723.22276092967,0.7959439958711328,889265.1827925959,13.390327658059837
Orocovis,2015-2019,1,80,5,0.057472416976452285,2.5,0.25126068739314,55478.27919474251,13939.510565859542,242542.6195590637,0.5850723538376535,584541.9600316663,10.536411159758204
Orocovis,2015-2019,1,85,NA,0.12656220787888606,8.233256588034768,1,41538.768628882965,41538.768628882965,341999.34047260263,0,341999.34047260263,8.233256588034768
Orocovis,2015-2019,2,0,1,0.004917691463725913,0.13892281626534803,0.004896955248374254,100000,489.6955248374288,99578.33435658552,0.9949305634232558,8528577.766651325,85.28577766651325
Orocovis,2015-2019,2,1,4,1.560908482494332e-4,1.516032653810895,6.241214057939871e-4,99510.30447516257,62.10651112002961,397886.9473550424,0.9993656447770904,8428999.43229474,84.7047898883536
Orocovis,2015-2019,2,5,5,7.344090204566644e-5,2.5,3.6713710302828005e-4,99448.19796404254,36.5111233018979,497149.71201195795,0.9995915982273422,8031112.484939697,80.75674219701301
Orocovis,2015-2019,2,10,5,8.995654543009688e-5,2.5,4.496815976428159e-4,99411.68684074064,44.70360616290418,496946.67518829595,0.999020727234212,7533962.77292774,75.78548370270879
Orocovis,2015-2019,2,15,5,3.0204834860682805e-4,2.5,0.001509102188474371,99366.98323457774,149.95493186140084,496460.02884323517,0.9978939771964123,7037016.097739444,70.81845366208826
Orocovis,2015-2019,2,20,5,5.415011866756129e-4,2.5,0.0027038455943831996,99217.02830271634,268.2675248641026,495414.4727014215,0.9968220027973212,6540556.068896209,65.92170901289877
Orocovis,2015-2019,2,25,5,7.320240648261274e-4,2.5,0.0036534343195277473,98948.76077785224,361.502798500529,493840.0468930098,0.9959157127333118,6045141.596194787,61.09365644069668
Orocovis,2015-2019,2,30,5,9.053887094265693e-4,2.5,0.0045167200787255505,98587.2579793517,445.2910476218385,491823.06227770395,0.9948955929254536,5551301.549301777,56.30850946746538
Orocovis,2015-2019,2,35,5,0.0011422043965945313,2.5,0.005694760531680561,98141.96693172987,558.8949997843156,489312.5971591886,0.9933641228676617,5059478.4870240735,51.55265015774118
Orocovis,2015-2019,2,40,5,0.0015222479064126576,2.5,0.007582383862163798,97583.07193194555,739.9123098371492,486065.5788851349,0.9919901154822007,4570165.889864884,46.83359315693729
Orocovis,2015-2019,2,45,5,0.001695284937279452,2.5,0.008440651413392385,96843.1596221084,817.4193521417328,482172.2497301877,0.9890816767251119,4084100.31097975,42.17231580337025
Orocovis,2015-2019,2,50,5,0.00270154066701855,2.5,0.013417086324248114,96025.74026996667,1288.3856465519639,476907.73723345343,0.9829020225526158,3601928.061249562,37.51002649001305
Orocovis,2015-2019,2,55,5,0.004209626409344037,2.5,0.020828927043320532,94737.3546234147,1973.2774477282946,468753.5794977528,0.9765135982862089,3125020.3240161086,32.98614719017864
Orocovis,2015-2019,2,60,5,0.0053096385808369916,2.5,0.02620040618539601,92764.07717568641,2430.4565014163963,457744.2446248911,0.9702845521958202,2656266.744518356,28.634648512566315
Orocovis,2015-2019,2,65,5,0.006777950371312967,2.5,0.03332506280208135,90333.62067427002,3010.3735821094597,444142.16941607645,0.9580230381295128,2198522.4998934646,24.33781003665312
Orocovis,2015-2019,2,70,5,0.010451559073601624,2.5,0.05092712571096589,87323.24709216056,4447.121982152181,425498.43050542235,0.9192230508542334,1754380.3304773883,20.090644689676086
Orocovis,2015-2019,2,75,5,0.02378010490967477,2.5,0.11222851018333344,82876.12511000838,9301.064050863803,391127.96542288235,0.8630194988735067,1328881.899971966,16.034556372031517
Orocovis,2015-2019,2,80,5,0.03593440887651133,2.5,0.1648615394647161,73575.06105914457,12129.697832421072,337551.06071467017,0.6400430344480712,937753.9345490836,12.745540690686672
Orocovis,2015-2019,2,85,NA,0.10473676985681228,9.768074307246936,1,61445.3632267235,61445.3632267235,600202.8738344135,0,600202.8738344135,9.768074307246936
Orocovis,2020-2024,1,0,1,0.011372955712497735,0.1265958355234964,0.011261097130210354,100000,1126.10971302104,99016.45108698998,0.9884403752106542,7837892.669484618,78.37892669484619
Orocovis,2020-2024,1,1,4,3.101375351850855e-4,1.6190703143466763,0.001239634775004644,98873.89028697896,122.56751273974078,395203.7365183371,0.9986972503034088,7738876.2183976285,78.27017017268903
Orocovis,2020-2024,1,5,5,1.460940890662283e-4,2.5,7.302037492022105e-4,98751.32277423922,72.10858612842276,493576.34240587504,0.9991903169313942,7343672.481879291,74.36530747712678
Orocovis,2020-2024,1,10,5,1.7792319977853922e-4,2.5,8.892204665159184e-4,98679.2141881108,87.74757687577221,493176.7019983646,0.9977530583796885,6850096.139473416,69.41782214048821
Orocovis,2020-2024,1,15,5,7.224768115636135e-4,2.5,0.003605871162067868,98591.46661123502,355.50812627944106,492068.5627404765,0.9948952633918442,6356919.437475052,64.47737979739766
Orocovis,2020-2024,1,20,5,0.0013261876704493592,2.5,0.0066090263291682496,98235.95848495558,649.2440360981418,489556.6823345326,0.9926614145027677,5864850.874734575,59.701671009121895
Orocovis,2020-2024,1,25,5,0.0016211434280939247,2.5,0.008072998419637106,97586.71444885744,787.8173915232037,485964.0287654792,0.9908430967490148,5375294.192400043,55.082233506458394
Orocovis,2020-2024,1,30,5,0.0020604855390310827,2.5,0.010249629660913572,96798.89705733424,992.1528464225848,481514.10317061475,0.9900993980946198,4889330.163634563,50.510184643308484
Orocovis,2020-2024,1,35,5,0.001918752023056431,2.5,0.009547959697816539,95806.74421091165,914.7589325048029,476746.8237232963,0.9877668855650131,4407816.060463948,46.00736719286127
Orocovis,2020-2024,1,40,5,0.0030113317164270244,2.5,0.014944154069324799,94891.98527840685,1418.0804479446087,470914.7252721727,0.9833396057381413,3931069.236740652,41.426778301741216
Orocovis,2020-2024,1,45,5,0.0037147145980909327,2.5,0.018402671311047124,93473.90483046224,1720.1695467551035,463069.10028542345,0.9764763214728699,3460154.5114684794,37.017331390448646
Orocovis,2020-2024,1,50,5,0.005831945626875425,2.5,0.02874069274101627,91753.73528370714,2637.065913629558,452176.01163446176,0.9643621017107941,2997085.411183056,32.66445122823521
Orocovis,2020-2024,1,55,5,0.00873449264945616,2.5,0.042739200172896306,89116.66937007758,3808.775170949564,436061.408923014,0.9514204582747918,2544909.3995485944,28.557052429554673
Orocovis,2020-2024,1,60,5,0.011243529553720632,2.5,0.05468063930840226,85307.89419912802,4664.690192861875,414877.7455134854,0.9385477036736714,2108847.9906255803,24.72043191809482
Orocovis,2020-2024,1,65,5,0.01421066710259419,2.5,0.06861565010866516,80643.20400626614,5533.385869735663,389382.55535699154,0.9013905689033007,1693970.2451120948,21.005740855490686
Orocovis,2020-2024,1,70,5,0.027993531557342594,2.5,0.13081287212674622,75109.81813653048,9825.331035357129,350985.7630942596,0.8605164617759409,1304587.6897551033,17.369070011375822
Orocovis,2020-2024,1,75,5,0.03230604522649976,2.5,0.14945914165772783,65284.48710117335,9757.363405706361,302029.02699160087,0.8170843726579371,953601.9266608438,14.606868629955198
Orocovis,2020-2024,1,80,5,0.05000732736744072,2.5,0.2222511693753318,55527.12369546699,12340.96817336623,246783.19804391934,0.6212500578688992,651572.8996692429,11.734317506570843
Orocovis,2020-2024,1,85,NA,0.11117534570572692,9.373135828637723,1,43186.15552210076,43186.15552210076,404789.7016253235,0,404789.7016253235,9.373135828637723
Orocovis,2020-2024,2,0,1,0.005576172353855572,0.13756946024629124,0.0055494845423255746,100000,554.9484542325663,99521.39550508073,0.9942899202766264,8487767.362857694,84.87767362857694
Orocovis,2020-2024,2,1,4,1.585270557830777e-4,1.5149709886496363,6.338585181613443e-4,99445.05154576743,63.03409301127249,397623.56463323254,0.9993416050706667,8388245.967352614,84.35056181244076
Orocovis,2020-2024,2,5,5,7.44296002987382e-5,2.5,3.7207876730886485e-4,99382.01745275616,36.97793854647898,496817.6424174146,0.9995862488670718,7990622.402719381,80.40310115980421
Orocovis,2020-2024,2,10,5,9.110854913798471e-5,2.5,4.554390097214322e-4,99345.03951420968,45.245606417098315,496612.08355500567,0.9990350419838343,7493804.760301966,75.43209803877626
Orocovis,2020-2024,2,15,5,2.951594738285736e-4,2.5,0.0014747091831764769,99299.79390779258,146.4383179633587,496132.8737440545,0.9979388761533238,6997192.676746961,70.46532929609488
Orocovis,2020-2024,2,20,5,5.303832504072092e-4,2.5,0.0026484045784642483,99153.35558982923,262.5982009142026,495110.2824468606,0.9970448123663745,6501059.803002906,65.5657064184095
Orocovis,2020-2024,2,25,5,6.536233827808078e-4,2.5,0.0032627853319391648,98890.75738891502,322.6593126728985,493647.13866289286,0.996281977255742,6005949.520556046,60.73317344447067
Orocovis,2020-2024,2,30,5,8.366965718064483e-4,2.5,0.004174750360744784,98568.09807624212,411.4972030017234,491811.7473737063,0.9953722111566805,5512302.381893152,55.92379775482127
Orocovis,2020-2024,2,35,5,0.001019135308532035,2.5,0.005082726577363662,98156.6008732404,498.90316400208394,489535.7464561968,0.9939897548637595,5020490.634519447,51.14776377599828
Orocovis,2020-2024,2,40,5,0.0013933370431509103,2.5,0.006942502102376067,97657.69770923832,677.9887716595986,486593.5166170426,0.9921843238953469,4530954.88806325,46.39629024998637
Orocovis,2020-2024,2,45,5,0.0017465841345958614,2.5,0.008694954499031703,96979.70893757872,843.2341565415845,482790.45929653966,0.9894832577360216,4044361.371446207,41.703170856589935
Orocovis,2020-2024,2,50,5,0.002486260127962487,2.5,0.012354509329943487,96136.47478103713,1187.7189746302029,477713.0764686102,0.983411339414435,3561570.9121496673,37.04703048724838
Orocovis,2020-2024,2,55,5,0.004219194898376978,2.5,0.020875777061689058,94948.75580640693,1982.1290584992967,469788.4563857864,0.9777527711739246,3083857.835681057,32.47918110658345
Orocovis,2020-2024,2,60,5,0.004786175779828942,2.5,0.0236479211307465,92966.62674790763,2198.4674571260693,459336.96509672306,0.9706003133175064,2614069.379295271,28.118363231395882
Orocovis,2020-2024,2,65,5,0.0071849336925643255,2.5,0.03529076396519693,90768.15929078156,3203.277685086374,445832.6022411919,0.9559355377339476,2154732.4141985476,23.738857668091796
Orocovis,2020-2024,2,70,5,0.01092212895296975,2.5,0.053159117912677765,87564.88160569519,4654.87186628682,426187.22836275893,0.9075689481821543,1708899.8119573558,19.515812510916586
Orocovis,2020-2024,2,75,5,0.028703374907599964,2.5,0.1339078560498224,82910.00973940837,11102.301649274072,386794.2945738567,0.849588821136501,1282712.583594597,15.471142599382718
Orocovis,2020-2024,2,80,5,0.03703096822262074,2.5,0.16946610613533183,71807.7080901343,12168.97268053762,328616.1087493274,0.6332075003084126,895918.2890207402,12.476631170238267
Orocovis,2020-2024,2,85,NA,0.08871551562324013,9.512310688266643,1,59638.73540959668,59638.73540959668,567302.1802714128,0,567302.1802714128,9.512310688266643
Patillas,1980-1984,1,0,1,0.01926839938562509,0.11084087244595442,0.01894384075309414,100000,1894.3840753094119,98315.5911083456,0.9805067762602653,7168364.950221391,71.68364950221391
Patillas,1980-1984,1,1,4,5.143722102866332e-4,1.5959222078109274,0.0020549477116960087,98105.61592469059,201.60191094897164,391937.79702178703,0.9979601430660568,7070049.359113046,72.0656946340388
Patillas,1980-1984,1,5,5,2.180700174695164e-4,2.5,0.0010897559795838186,97904.01401374162,106.6914846967411,489253.34135696624,0.9987029991530654,6678111.562091258,68.21080452486791
Patillas,1980-1984,1,10,5,3.0112087533470705e-4,2.5,0.001504471807004931,97797.32252904488,147.1333145455137,488618.77935886063,0.9971660177817786,6188858.220734293,63.28249138821015
Patillas,1980-1984,1,15,5,8.348379277963316e-4,2.5,0.004165495854163821,97650.18921449936,406.7614583313116,487234.0424266686,0.9938628395469753,5700239.441375432,58.374074717399985
Patillas,1980-1984,1,20,5,0.0016300300091227106,2.5,0.008117072366753481,97243.42775616805,789.3319402879861,484243.80893012026,0.9895665525815057,5213005.3989487635,53.60779149023887
Patillas,1980-1984,1,25,5,0.0025701646358601386,2.5,0.012768778521801036,96454.09581588006,1231.6009869935515,479191.47661191644,0.98732150981314315,4728761.590018643,49.02603202092437
Patillas,1980-1984,1,30,5,0.0025333504983153657,2.5,0.012587034068999298,95222.49482888651,1198.568786546297,473116.0521780668,0.9838751192312258,4249570.113406726,44.627796415575375
Patillas,1980-1984,1,35,5,0.003980791599095055,2.5,0.019707826123800152,94023.92604234022,1853.0071859194868,465487.11224690237,0.9803429492409792,3776454.0612286595,40.1648199579336
Patillas,1980-1984,1,40,5,0.003959868031405563,2.5,0.01960525460463665,92170.91885642073,1807.034331323448,456337.008453795,0.9753750862101278,3310966.9489817573,35.92203473787016
Patillas,1980-1984,1,45,5,0.006038802474881327,2.5,0.029744952640357095,90363.88452509728,2687.869465597716,445099.7489614921,0.9588760659696292,2854629.940527962,31.590385423671435
Patillas,1980-1984,1,50,5,0.010857264569159385,2.5,0.0528517590192532,87676.01505949956,4633.831619693083,426795.4962482651,0.9485334556269979,2409530.19156647,27.482204681990744
Patillas,1980-1984,1,55,5,0.010257258847670514,2.5,0.050004033451990955,83042.18343980648,4152.4441186504555,404829.8069024063,0.9313966222374047,1982734.695318205,23.876235103516994
Patillas,1980-1984,1,60,5,0.018449811656056803,2.5,0.08818171805617422,78889.73932115603,6956.632750343269,377057.114729922,0.9040559131243614,1577904.8884157988,20.0013956440169
Patillas,1980-1984,1,65,5,0.022042688737391628,2.5,0.10445715244273447,71933.10657081276,7513.927478746853,340880.7141571967,0.8634812988450132,1200847.7736858767,16.693951240709062
Patillas,1980-1984,1,70,5,0.03771337233146976,2.5,0.1723199459527151,64419.179092065904,11100.709459463076,294344.1218116719,0.800017398033638,859967.05952868,13.349550113012798
Patillas,1980-1984,1,75,5,0.052848436245254364,2.5,0.23340452131596906,53318.46963260283,12444.771881897686,235480.41845826994,0.71236207559589,565622.9377170082,10.60838658000688
Patillas,1980-1984,1,80,5,0.08732460029452548,2.5,0.3583837148452958,40873.69775070514,14648.46763936152,167747.31965512192,0.4918942278875158,330142.51925873826,8.07713853716704
Patillas,1980-1984,1,85,NA,0.17750608606402918,6.192326965831768,1,26225.230111343622,26225.230111343622,162395.19960361638,0,162395.19960361638,6.192326965831768
Patillas,1980-1984,2,0,1,0.010241108572898363,0.12798175678337917,0.010150460559810356,100000,1015.0460559810454,99114.86132147945,0.9895164223662274,7770037.272893608,77.70037272893607
Patillas,1980-1984,2,1,4,3.0063057846910413e-4,1.5074852006691886,0.0012016219071397992,98984.95394401895,118.9424891363451,395643.34986163425,0.9987762019012661,7670922.411572128,77.49584260968011
Patillas,1980-1984,2,5,5,1.435428682511329e-4,2.5,7.174568767108405e-4,98866.01145488261,70.93209979128733,494152.72702493484,0.9991642890127412,7275279.061710494,73.58726173585508
Patillas,1980-1984,2,10,5,1.909010647696192e-4,2.5,9.54050000945536e-4,98795.07935509132,94.25544555214583,493739.75816157623,0.9982426020690395,6781126.334685559,68.63830039867365
Patillas,1980-1984,2,15,5,5.129595817222512e-4,2.5,0.002561513026984012,98700.82390953918,252.8234462183318,492872.0609321501,0.996521614244627,6287386.576523983,63.701459901555324
Patillas,1980-1984,2,20,5,8.814607810516138e-4,2.5,0.004397613096570904,98448.00046332084,432.93621616873133,491157.6617761824,0.9945376785226057,5794514.515591833,58.858630833753885
Patillas,1980-1984,2,25,5,0.001310626875235552,2.5,0.006531732715082156,98015.06424715211,640.208201713991,488474.8007314756,0.9929487801754134,5303356.853815651,54.10756902064412
Patillas,1980-1984,2,30,5,0.0015205830197327409,2.5,0.007574122393909812,97374.85604543812,737.5290777775081,485030.45753274683,0.9917238542519827,4814882.053084174,49.44687210461601
Patillas,1980-1984,2,35,5,0.0018048121680245112,2.5,0.008983526893499646,96637.32696766061,868.1440257298964,481016.27477397834,0.9900281934714522,4329851.595551427,44.80516723108865
Patillas,1980-1984,2,40,5,0.002205907324453992,2.5,0.010969044881155942,95769.18294193072,1050.496465921664,476219.67354484944,0.9870131965985893,3848835.3207774493,40.188661973979414
Patillas,1980-1984,2,45,5,0.0030281398935801925,2.5,0.01502694027459112,94718.68647600905,1423.3320445627178,470035.1022686385,0.9822401957073763,3372615.6472326,35.60665558941041
Patillas,1980-1984,2,50,5,0.004149475699814974,2.5,0.020534361414819836,93295.35443144634,1915.7605262190336,461687.3708416841,0.9741434928413432,2902580.5449639615,31.111737156181608
Patillas,1980-1984,2,55,5,0.006357510170892734,2.5,0.03129023095066754,91379.5939052273,2859.2885974727687,449749.74803245463,0.9559135227804402,2440893.174122277,26.711578261704748
Patillas,1980-1984,2,60,5,0.011797176677791746,2.5,0.05729605420302518,88520.30530775453,5071.864210981439,429921.86601131904,0.9318501216282833,1991143.4260898228,22.49363486905411
Patillas,1980-1984,2,65,5,0.01659362843015556,2.5,0.07966338079958216,83448.4410967731,6647.784940223733,400622.74313330615,0.886351731694234,1561221.5600785038,18.708816360847216
Patillas,1980-1984,2,70,5,0.032566844357572275,2.5,0.15057485233727982,76800.65615654936,11564.247460178623,355092.6621323002,0.8412838558374359,1160598.8169451975,15.111834651248936
Patillas,1980-1984,2,75,5,0.03675289035075465,2.5,0.1683006164938647,65236.40869637074,10979.327801444917,298733.7239782414,0.7760833434395277,805506.1548128973,12.347493844456672
Patillas,1980-1984,2,80,5,0.06805167604727697,2.5,0.2907870200229908,54257.08089492582,15777.254868581818,231842.26730317457,0.5425120760390821,506772.43083465594,9.340208180680982
Patillas,1980-1984,2,85,NA,0.18755771340176752,7.144787072146821,1,38479.826026344,38479.826026344,274930.1635314814,0,274930.1635314814,7.144787072146821
Patillas,1985-1989,1,0,1,0.01637711691560225,0.11661028205076149,0.01614356192408148,100000,1614.3561924081441,98573.89433851896,0.9833603584574399,7095385.239883973,70.95385239883973
Patillas,1985-1989,1,1,4,4.632804291295014e-4,1.6043594479227425,0.0018510673032093663,98385.64380759186,182.11844835744705,393106.28489020094,0.9980695098523727,6996811.345545454,71.11618194244667
Patillas,1985-1989,1,5,5,2.3363619732428954e-4,2.5,0.0011674990615186654,98203.52535923441,114.65252369473455,490730.99548693525,0.9986816021139643,6603705.060655253,67.24509162475077
Patillas,1985-1989,1,10,5,2.941107120309731e-4,2.5,0.0014694730907123161,98088.87283553967,144.13895913012675,490084.01677987305,0.9971330532261206,6112974.065168317,62.32076981267398
Patillas,1985-1989,1,15,5,8.551195798415027e-4,2.5,0.004266477029096203,97944.73387640955,417.8789572046371,488678.97198903613,0.9937980248719893,5622890.048388445,57.408804188325476
Patillas,1985-1989,1,20,5,0.0016358157600204367,2.5,0.008145766367598279,97526.85491920491,794.4309747384978,485648.1971591783,0.9907750875097237,5134211.076399408,52.64407511810764
Patillas,1985-1989,1,25,5,0.0020732750166873393,2.5,0.01031292127834804,96732.42394446641,997.5938732030627,481168.1350393244,0.9881360184551684,4648562.879240231,48.055891599583475
Patillas,1985-1989,1,30,5,0.002704402583586716,2.5,0.013431204457842405,95734.83007126335,1285.8340764239547,475459.56516525685,0.9854980290712734,4167394.744200906,43.53060156996956
Patillas,1985-1989,1,35,5,0.003141950259222679,2.5,0.015587314876074723,94448.9959948394,1472.2062403006712,468564.4643734453,0.9829333247546715,3691935.179035649,39.08919454514236
Patillas,1985-1989,1,40,5,0.0037486976441951365,2.5,0.018569459993645294,92976.78975453872,1726.528777684478,460567.62682848243,0.9760585776687654,3223370.7146622036,34.668552476074844
Patillas,1985-1989,1,45,5,0.005970821241301043,2.5,0.02941502654326038,91250.26097685425,2684.12884871359,449540.98276248726,0.9637966614397804,2762803.087833721,30.277207519817505
Patillas,1985-1989,1,50,5,0.00883019678660571,2.5,0.0431973805066789,88566.13212814066,3825.824909544099,433266.09836684307,0.9490637201135077,2313262.105071234,26.11903726047699
Patillas,1985-1989,1,55,5,0.0121638989283148,2.5,0.05902457231185303,84740.30721859656,5001.760391152697,411197.13511510106,0.920379349363675,1879996.006704391,22.18538105903656
Patillas,1985-1989,1,60,5,0.021387226190835787,2.5,0.101508659311614,79738.54682744386,8094.152983910171,378457.3516774439,0.8836789227245259,1468798.87158929,18.420186096039675
Patillas,1985-1989,1,65,5,0.02845061036630755,2.5,0.13280695453780986,71644.39384353369,9514.873756067129,334434.78482750064,0.8379373492223595,1090341.519911846,15.21879747204052
Patillas,1985-1989,1,70,5,0.04340951024382145,2.5,0.19579873340989679,62129.52008746656,12164.881340490683,280235.39708610607,0.7618612035187752,755906.7350843453,12.166627619530495
Patillas,1985-1989,1,75,5,0.06805177650365925,2.5,0.29078738686563754,49964.63874697588,14529.086736918704,213500.47689258264,0.6631828549098474,475671.33799823927,9.520159655452916
Patillas,1985-1989,1,80,5,0.10053800552709638,2.5,0.4017197671981925,35435.552010057174,14235.161704019607,141589.85579023685,0.4599329033245416,262170.86110565666,7.398526232390803
Patillas,1985-1989,1,85,NA,0.19891324347912911,5.687678555666971,1,21200.390306037567,21200.390306037567,120581.00531541981,0,120581.00531541981,5.687678555666971
Patillas,1985-1989,2,0,1,0.008946472937958992,0.13064258256480102,0.008877427127382145,100000,887.7427127382107,99228.23428790699,0.9907789020750204,7863663.74601688,78.6366374601688
Patillas,1985-1989,2,1,4,2.9171639429615565e-4,1.5095564260637493,0.001166018461018595,99112.25728726179,115.56672171017271,396161.21674960316,0.9988636939522887,7764435.511728972,78.33981108133717
Patillas,1985-1989,2,5,5,1.268451125381224e-4,2.5,6.340245054162584e-4,98996.69056555162,62.7663277736865,494826.5370083239,0.9992598385984809,7368274.294979369,74.42950115691387
Patillas,1985-1989,2,10,5,1.6934479054704342e-4,2.5,8.463656337078009e-4,98933.92423777793,83.73427348269615,494460.2855051829,0.9982776779481531,6873447.757971046,69.47513515638369
Patillas,1985-1989,2,15,5,5.204804651744754e-4,2.5,0.0025990204774046836,98850.18996429523,256.91366791253677,493608.6656516949,0.9965759043760716,6378987.4724658625,64.53186862635224
Patillas,1985-1989,2,20,5,8.520753719491881e-4,2.5,0.004251320745482235,98593.2762963827,419.1516408838943,491918.50237970374,0.9950031023087709,5885378.806814168,59.693510834572976
Patillas,1985-1989,2,25,5,0.0011524423410155672,2.5,0.005745657856600498,98174.1246554988,564.074930641742,489460.4359508897,0.9936910588269401,5393460.304434463,54.93769690700646
Patillas,1985-1989,2,30,5,0.0013798394541528608,2.5,0.006875479625630132,97610.04972485706,671.1159081399965,486372.4588539353,0.9922960560104779,4903999.868483574,50.240727079916006
Patillas,1985-1989,2,35,5,0.0017149500205592364,2.5,0.008538143877749472,96938.93381671706,827.6785642827599,482625.4726728784,0.9903475583982634,4417627.409629638,45.571239910499415
Patillas,1985-1989,2,40,5,0.0021669429100287336,2.5,0.010776335291752282,96111.2552524343,1035.7271119114303,477966.95848239295,0.9870835396735406,3935001.9369567605,40.94215528266233
Patillas,1985-1989,2,45,5,0.0030388929609211214,2.5,0.015079899304982332,95075.52814052287,1433.7293907270796,471793.31722579664,0.9819539042537742,3457034.9784743674,36.36093373433408
Patillas,1985-1989,2,50,5,0.004256355944473229,2.5,0.021057706981645385,93641.7987497958,1971.8815593074105,463279.2898507104,0.9732832079036015,2985241.661248571,31.87937119004862
Patillas,1985-1989,2,55,5,0.006606875410844567,2.5,0.03249760793724323,91669.91719048838,2979.0530284960405,450901.95338120183,0.9595713366501822,2521962.3713978603,27.51134121957664
Patillas,1985-1989,2,60,5,0.009967565269792355,2.5,0.04862611637695229,88690.86416199234,4312.6922823134955,432672.590104178,0.9436860987716683,2071060.4180166584,23.351451556880786
Patillas,1985-1989,2,65,5,0.01330738604487889,2.5,0.06439462005372393,84378.17187967885,5433.500319019746,408307.10860084486,0.9084397938781147,1638387.8279124806,19.417199868335384
Patillas,1985-1989,2,70,5,0.025666749256256845,2.5,0.1205955095205481,78944.6715606591,9520.372890790008,370922.4255763205,0.8583419553686972,1230080.7193116357,15.581554714132576
Patillas,1985-1989,2,75,5,0.03611202784902885,2.5,0.16560895156750843,69424.2986698691,11497.285316026588,318378.280059279,0.7820008474231632,859158.2937353151,12.375469543031901
Patillas,1985-1989,2,80,5,0.06532938340162801,2.5,0.28078769891581046,57927.01335384251,16265.192784690866,248972.08480748537,0.5396056094694421,540780.0136760361,9.3355410950108
Patillas,1985-1989,2,85,NA,0.12821546335775325,7.00420492628733,1,41661.82056915164,41661.82056915164,291807.92886855075,0,291807.92886855075,7.00420492628733
Patillas,1990-1994,1,0,1,0.016112670711216852,0.11713797122930235,0.015886678497193506,100000,1588.6678497193498,98597.42547915399,0.9835358853398977,7154647.4978040615,71.54647497804062
Patillas,1990-1994,1,1,4,5.042650664613899e-4,1.605133437687956,0.0020146273061227922,98411.33215028065,198.26215698187298,393170.51719079487,0.9979923030069339,7056050.072324907,71.69956871988938
Patillas,1990-1994,1,5,5,2.320615800782309e-4,2.5,0.0011596351334876762,98213.06999329878,113.89132653191336,490780.6216501641,0.9986895773275162,6662879.555134113,67.84106795143182
Patillas,1990-1994,1,10,5,2.924907754589079e-4,2.5,0.0014613852730151684,98099.17866676686,143.36069499851146,490137.491596338,0.9969631582815957,6172098.933483949,62.91692771913977
Patillas,1990-1994,1,15,5,9.250551579984979e-4,2.5,0.004614603882184154,97955.81797176835,452.0272978950379,488649.02161410416,0.9939546412555,5681961.441887611,58.00534934561209
Patillas,1990-1994,1,20,5,0.0015021694932834178,2.5,0.007482746582312289,97503.79067387331,729.596156427433,485694.96297829796,0.9911885584733114,5193312.420273507,53.262671988250034
Patillas,1990-1994,1,25,5,0.0020403858580723107,2.5,0.010150153715117589,96774.19451744588,982.2729500087589,481415.29021220753,0.988106505299187,4707617.457295209,48.64537990493476
Patillas,1990-1994,1,30,5,0.0027497157519778192,2.5,0.013654712316028822,95791.92156743712,1308.0111312029476,475689.58000917826,0.9818528174111356,4226202.167083002,44.11856551084814
Patillas,1990-1994,1,35,5,0.004592498186701017,2.5,0.022701845473080365,94483.910436234175,2144.9591344157525,467057.1543451315,0.9780277509679326,3750512.587073823,39.69472230518009
Patillas,1990-1994,1,40,5,0.0042906772552955335,2.5,0.021225704655989976,92338.95130181842,1959.9593085762317,456794.8582376515,0.9756140782413119,3283455.4327286915,35.5587256129476
Patillas,1990-1994,1,45,5,0.005600258924132058,2.5,0.027614671346546608,90378.99199324219,2495.7861605255603,445655.4945648971,0.9624030381537646,2826660.57449104,31.275637315167163
Patillas,1990-1994,1,50,5,0.009807248564456472,2.5,0.047862738391333946,87883.20583271663,4206.330889763063,428900.2019391755,0.9401762248988816,2381005.079926143,27.092833691778647
Patillas,1990-1994,1,55,5,0.015020866409922024,2.5,0.0723860780295596,83676.87494295357,6057.040798890332,403241.772717542,0.9173245098935382,1952104.8779869673,23.329084401369055
Patillas,1990-1994,1,60,5,0.019676057314501946,2.5,0.0937678334113631,77619.83414406324,7278.2436774381495,369903.56152672076,0.8926927592788252,1548863.1052694253,19.954475841763834
Patillas,1990-1994,1,65,5,0.02604125409592022,2.5,0.12224757037287855,70341.59046662509,8599.088530708956,330210.23100635305,0.8589253853231326,1178959.5437427047,16.760490286356045
Patillas,1990-1994,1,70,5,0.03537978070515912,2.5,0.16252376556328163,61742.50193591613,10034.623909923306,283625.9499047724,0.8045221003526838,848749.3127363516,13.746597337718624
Patillas,1990-1994,1,75,5,0.05321342836324804,2.5,0.23482723605708247,51707.878025992824,12142.418079220639,228183.34493191255,0.7180444873998514,565123.3628315792,10.92915401686953
Patillas,1990-1994,1,80,5,0.08295972982470633,2.5,0.3435471932817966,39565.459946772186,13592.602715616926,163845.79294481862,0.5137241519539293,336940.0178996666,8.516014178855887
Patillas,1990-1994,1,85,NA,0.18636222341191924,6.664427537345257,1,25972.85723115526,25972.85723115526,173094.224954848,0,173094.224954848,6.664427537345257
Patillas,1990-1994,2,0,1,0.011751041096958958,0.12487843776465316,0.01163142826405959,100000,1163.142826405965,98982.10863265277,0.9880961415152981,7842631.048226093,78.42631048226093
Patillas,1990-1994,2,1,4,2.8556161362619e-4,1.5050756662143752,0.0011414332351245367,98836.85717359403,112.81567363318754,395065.9621249963,0.9988245717070221,7743648.939593441,78.34778604901138
Patillas,1990-1994,2,5,5,1.239026831546992e-4,2.5,6.193215767607554e-4,98724.04149996085,61.14192904594529,493467.3526771894,0.9993128738352048,7348582.977468444,74.43559710297474
Patillas,1990-1994,2,10,5,1.5105157425223596e-4,2.5,7.549727716969738e-4,98662.8995709149,74.48780275271565,493128.2783476927,0.9984001144089707,6855115.624791255,69.4801759790576
Patillas,1990-1994,2,15,5,4.896861039012583e-4,2.5,0.002445436778485308,98588.41176816219,241.09172807031428,492339.32952063513,0.9966061483482748,6361987.346443562,64.5307823946311
Patillas,1990-1994,2,20,5,8.708099565983914e-4,2.5,0.004344591499154914,98347.32004009187,427.2789306108607,490668.4028739322,0.9948156074473307,5869648.016922927,59.682846614733684
Patillas,1990-1994,2,25,5,0.0012092161154930831,2.5,0.006027858119515356,97920.04110948101,590.248114865055,488124.58526024246,0.9933911712962109,5378979.614048995,54.93236678725394
Patillas,1990-1994,2,30,5,0.0014438575733977802,2.5,0.007193322533942586,97329.79299461596,700.1245931721351,484898.6534901494,0.9924515687078513,4890855.028788752,50.25033834253919
Patillas,1990-1994,2,35,5,0.0015874980635205913,2.5,0.007906112970028219,96629.66840144382,763.9650746381812,481238.42932062363,0.9907447937314996,4405956.3752986025,45.596310617503576
Patillas,1990-1994,2,40,5,0.0021343381840194246,2.5,0.01061505065027666,95865.70332680564,1017.619296438439,476784.4683929321,0.9887389643642059,3924717.9459779793,40.93975018989469
Patillas,1990-1994,2,45,5,0.002397069555989655,2.5,0.011913951354738314,94848.0840303672,1130.0154592279287,471415.38150376617,0.9839203780864684,3447933.477585047,36.3521679202411
Patillas,1990-1994,2,50,5,0.004100717191435633,2.5,0.020295520482795832,93718.06857113927,1902.056980293608,463835.20040496235,0.9750834484026845,2976518.096081281,31.760343991957892
Patillas,1990-1994,2,55,5,0.006015796347584153,2.5,0.02963331181545517,91816.01159084566,2720.8125011229713,452278.0267014209,0.9599728872526321,2512682.8956763186,27.36650015765704
Patillas,1990-1994,2,60,5,0.010411803170783326,2.5,0.050738322291626184,89095.1990897227,4520.540926050962,434174.64313348604,0.9326514796545163,2060404.8689748978,23.125879845669143
Patillas,1990-1994,2,65,5,0.01772109445806328,2.5,0.0848465384830709,84574.65816367173,7175.866988576541,404933.62334691733,0.9003788035340766,1626230.2258414119,19.228339329427452
Patillas,1990-1994,2,70,5,0.024575638655034773,2.5,0.11576565595183543,77398.79117509519,8960.121830264019,364593.65129981586,0.8540635527386247,1221296.6024944945,15.779272311005734
Patillas,1990-1994,2,75,5,0.03957426837983703,2.5,0.18005725642539577,68438.66934483117,12322.879035635138,311386.149135068,0.777485739249196,856702.9511946785,12.51782010661464
Patillas,1990-1994,2,80,5,0.06357857568965787,2.5,0.27429471085920276,56115.79030919603,15392.264477496574,242098.29035223872,0.556041021589916,545316.8020596106,9.717706888826374
Patillas,1990-1994,2,85,NA,0.11050611768949524,7.445782395181131,1,40723.52583169946,40723.52583169946,303218.51170737186,0,303218.51170737186,7.445782395181131
Patillas,1995-1999,1,0,1,0.014677355543196388,0.12000207088132878,0.014490199510729369,100000,1449.0199510729435,98724.86544380417,0.984964883829628,7127616.018246482,71.27616018246482
Patillas,1995-1999,1,1,4,4.741577809446184e-4,1.6093410288741725,0.0018944836327039402,98550.98004892706,186.70321868961037,393757.5764710098,0.9980639500623999,7028891.152802678,71.3223871473737
Patillas,1995-1999,1,5,5,2.3796183287416077e-4,2.5,0.0011891017622837365,98364.27683023745,116.96513492461236,491528.9713138757,0.9986525577600103,6635133.576331668,67.45470805201924
Patillas,1995-1999,1,10,5,3.0142121079318766e-4,2.5,0.001505971224790948,98247.31169531283,147.95762432619813,490866.6644157487,0.996772496546497,6143604.605017792,62.53203776272782
Patillas,1995-1999,1,15,5,9.92784385641236e-4,2.5,0.0049516321704505244,98099.35407098664,485.75191751831153,489282.39056113735,0.9929489422923558,5652737.940602044,57.62258063913051
Patillas,1995-1999,1,20,5,0.0018406169940593383,2.5,0.009160930559125383,97613.60215346832,894.2314309540088,485832.43218995666,0.9890777795161936,5163455.550040906,52.89688564020934
Patillas,1995-1999,1,25,5,0.0025561904754345167,2.5,0.0126997946419135,96719.37072251432,1228.3161460710398,480526.063247394,0.9855284823212829,4677623.117850949,48.362836553919934
Patillas,1995-1999,1,30,5,0.0032798814585640744,2.5,0.01626603066188946,95491.05457644328,1553.2604216765758,473572.121828025,0.9838665509750992,4197097.054603555,43.95277728599867
Patillas,1995-1999,1,35,5,0.003225537191249154,2.5,0.015998675151962353,93937.7941547667,1502.8802531740366,465931.7701408984,0.9785326269508715,3723524.9327755305,39.63819851508177
Patillas,1995-1999,1,40,5,0.005479032462216912,2.5,0.027024985380606364,92434.91390159266,2498.052196848148,455929.439015843,0.9692179512631303,3257593.162634632,35.24202084617838
Patillas,1995-1999,1,45,5,0.007050825898988803,2.5,0.03464346686149945,89936.86170474452,3115.724688095579,441894.99680348363,0.9584186276117608,2801663.723618789,31.151450812420226
Patillas,1995-1999,1,50,5,0.009997429912420534,2.5,0.04876825649641795,86821.13701664894,4234.1154793385795,423520.3963848982,0.9470874466662883,2359768.7268153057,27.17965702709921
Patillas,1995-1999,1,55,5,0.011791510340859946,2.5,0.057269322192191566,82587.02153731036,4729.702745313683,401110.8508232676,0.9247057274381165,1936248.3304304073,23.444946849859065
Patillas,1995-1999,1,60,5,0.019818411566094495,2.5,0.09441420871544776,77857.31879199667,7350.83714645273,370909.5010938515,0.8962103395652561,1535137.4796071397,19.71731756790145
Patillas,1995-1999,1,65,5,0.02421022348205475,2.5,0.11414257432708434,70506.48164554394,8047.791321767712,332412.9299233004,0.8640077300201601,1164227.978513288,16.512353918979986
Patillas,1995-1999,1,70,5,0.03493797967429865,2.5,0.16065729509509288,62458.69032377623,10034.444242599937,287207.3410123813,0.794894298010508,831815.0485899877,13.317843270135613
Patillas,1995-1999,1,75,5,0.059258572164113635,2.5,0.25806191002543943,52424.246081176294,13528.701075352015,228299.47771750143,0.6989569369043147,544607.7075776064,10.388469997914877
Patillas,1995-1999,1,80,5,0.08749988711040285,2.5,0.35897397896458166,38895.54500582428,13962.488554736701,159571.50364227965,0.4955189635348596,316308.22986010497,8.132248302800244
Patillas,1995-1999,1,85,NA,0.16350921057455853,6.286302143714455,1,24933.056451087577,24933.056451087577,156736.72621782534,0,156736.72621782534,6.286302143714455
Patillas,1995-1999,2,0,1,0.009330158507721023,0.1298540051238362,0.009255020696169076,100000,925.5020696169086,99194.67808087324,0.9904809890222933,7840297.109311991,78.40297109311992
Patillas,1995-1999,2,1,4,2.5560731348645775e-4,1.5089420813273329,0.001021778654143936,99074.49793038309,101.23220715530624,396045.8164302734,0.9989275299991643,7741102.431231118,78.13415755758436
Patillas,1995-1999,2,5,5,1.2691466141263118e-4,2.5,6.343720292848901e-4,98973.26572322779,62.785871421787306,494709.36393758445,0.9992777731147844,7345056.614800844,74.21253164809991
Patillas,1995-1999,2,10,5,1.6209316071223167e-4,2.5,8.101375091874692e-4,98910.479851806,80.13108977967931,494352.0715345808,0.9982823213924186,6850347.25086326,69.25805294976718
Patillas,1995-1999,2,15,5,5.258815778567198e-4,2.5,0.00262595553518304,98830.34876202632,259.5241013757186,493502.93355669227,0.9966200835415934,6355995.179328679,64.312180002858085
Patillas,1995-1999,2,20,5,8.2888657287574e-4,2.5,0.0041358624622232065,98570.8246606506,407.67537358436675,491834.9348692921,0.995088710207515,5862492.245771986,59.474923395992334
Patillas,1995-1999,2,25,5,0.0011412342763706242,2.5,0.005689937502582237,98163.14928706623,558.5421845000674,489419.390974081,0.9942063418049327,5370657.310902695,54.711542466887025
Patillas,1995-1999,2,30,5,0.0011830833823901403,2.5,0.005897972429024267,97604.60710256617,575.6692816366703,486583.86230873916,0.9927794922445744,4881237.919928614,50.01032292255679
Patillas,1995-1999,2,35,5,0.0017175210941605989,2.5,0.008550889637487433,97028.9378209295,829.6837389493885,483070.479757274,0.9910363424782264,4394654.057619874,45.29220000048203
Patillas,1995-1999,2,40,5,0.001884836947430033,2.5,0.009379985379625488,96199.2540819801,902.3475968198618,478740.40141785087,0.9879147238359529,3911583.577862601,40.6612672332073
Patillas,1995-1999,2,45,5,0.0029853523254892607,2.5,0.014816182812907832,95296.90648516025,1411.9363879887242,472954.69145582936,0.9828126207034013,3432843.17644475,36.02260873997328
Patillas,1995-1999,2,50,5,0.003957620518107015,2.5,0.019594236212358413,93884.97009717152,1839.6042808741768,464825.8397836722,0.9775944314252203,2959888.4849889204,31.5267553680362
Patillas,1995-1999,2,55,5,0.005119307916380739,2.5,0.025273087785968457,92045.36581629734,2326.2706105668767,454411.15255506954,0.9647412099281323,2495062.645205248,27.106879559638603
Patillas,1995-1999,2,60,5,0.009312557626760462,2.5,0.04550340542081436,89719.09520573047,4082.5243631349877,438389.16512081487,0.9386147998977907,2040651.4926501787,22.74489603323418
Patillas,1995-1999,2,65,5,0.016238314605504796,2.5,0.07802412241119544,85636.57084259548,6681.7182862976915,411478.5584972332,0.8965432012085741,1602262.3275293638,18.710024371181397
Patillas,1995-1999,2,70,5,0.028045949015250943,2.5,0.13104176820162683,78954.85255629779,10346.38348707599,368908.304063799,0.8497975808909113,1190783.7690321307,15.081831331178245
Patillas,1995-1999,2,75,5,0.03769723443411042,2.5,0.17225255938776207,68608.4690692218,11817.984392849568,313497.3843639851,0.771136293173025,821875.4649683316,11.979213005600066
Patillas,1995-1999,2,80,5,0.06982974186717113,2.5,0.2972555189446188,56790.48467637223,16881.284993591456,241749.21089788253,0.5244696415500499,508378.0806043465,8.951817958614077
Patillas,1995-1999,2,85,NA,0.12078476506149036,6.680887410065096,1,39909.199682780774,39909.199682780774,266628.869706464,0,266628.869706464,6.680887410065096
Patillas,2000-2004,1,0,1,0.012328964928214366,0.12468816693399465,0.012197335082701091,100000,1219.733508270103,98932.35282702406,0.9872712382878439,7356835.789062484,73.56835789062484
Patillas,2000-2004,1,1,4,4.4405477194186865e-4,1.6162494293958216,0.0017743409198408542,98780.2664917299,175.2698689090612,394703.2663168979,0.9982572195202284,7257903.43623546,73.47523644151242
Patillas,2000-2004,1,5,5,2.0265827519992346e-4,2.5,0.0010127782562631815,98604.99662282084,99.86499653849751,492775.32062275795,0.9989052587948984,6863200.169918562,69.60296541737485
Patillas,2000-2004,1,10,5,2.3549601403089707e-4,2.5,0.0011767872483885906,98505.13162628234,115.91958279865503,492235.85917441506,0.9973242772861418,6370424.849295804,64.67099474029939
Patillas,2000-2004,1,15,5,8.370327390244273e-4,2.5,0.0041764241856834606,98389.21204348368,410.91508478873584,490918.77250544657,0.9929664916920877,5878188.990121389,59.74424297171411
Patillas,2000-2004,1,20,5,0.001990369867136851,2.5,0.009902574869117858,97978.29695869495,970.2374211821298,487465.8912405194,0.990452314132006,5387270.2176159425,54.98432188392775
Patillas,2000-2004,1,25,5,0.0018463326845406202,2.5,0.00918924740313625,97008.05953751282,891.4310591883841,482811.7200395932,0.9892173048314606,4899804.326375423,50.50924995031654
Patillas,2000-2004,1,30,5,0.0024936334724708163,2.5,0.01239092132194619,96116.62847832443,1190.973581205646,477605.7084386081,0.9864441716966422,4416992.60633583,45.95451043449698
Patillas,2000-2004,1,35,5,0.0029689443487055703,2.5,0.014735350653406289,94925.65489711879,1398.7628109132784,471131.3674583108,0.9845262148102292,3939386.897897222,41.49970734641507
Patillas,2000-2004,1,40,5,0.0032711873780055076,2.5,0.016223263552619077,93526.89208620551,1517.3114195718663,463841.1818820979,0.980528898539825,3468255.530438911,37.08297638332892
Patillas,2000-2004,1,45,5,0.004606955708079068,2.5,0.022772498806980235,92009.58066663364,2095.288065961664,454809.68316826405,0.9736176386230224,3004414.3485568133,32.653277265139565
Patillas,2000-2004,1,50,5,0.006107108793880681,2.5,0.030076345188925706,89914.29260067198,2704.2933016758616,442810.72974917025,0.9607896693419121,2549604.665388549,28.35594421803297
Patillas,2000-2004,1,55,5,0.009967866823458023,2.5,0.048627551718585904,87209.99929899612,4240.808751289791,425447.9746167561,0.9378711634026432,2106793.935639379,24.1577107278297
Patillas,2000-2004,1,60,5,0.015869629429148907,2.5,0.07632021338481795,82969.19054770633,6332.226326966571,399015.3869211152,0.906461059621843,1681345.9610226229,20.264702474780304
Patillas,2000-2004,1,65,5,0.023769302049337256,2.5,0.1121803865187475,76636.96422073976,8597.164267906002,361691.9104339338,0.8632922763154046,1282330.5741015077,16.732533538358492
Patillas,2000-2004,1,70,5,0.035809178736595657,2.5,0.164334210859927,68039.79995283375,11181.266832316236,312245.83268337813,0.7937812390963173,920638.6636675738,13.530884339838959
Patillas,2000-2004,1,75,5,0.05880502501925911,2.5,0.25633993444945674,56858.53312051752,14575.11265300573,247854.88397007325,0.7091443996525386,608392.8309841957,10.700114786546541
Patillas,2000-2004,1,80,5,0.08113610591568807,2.5,0.3372688306618417,42283.42046751179,14260.87977746068,175764.90289390722,0.5124926395417057,360537.9470141224,8.526697770137577
Patillas,2000-2004,1,85,NA,0.17277195281053379,6.593729175521029,1,28022.540690051108,28022.540690051108,184773.0441202152,0,184773.0441202152,6.593729175521029
Patillas,2000-2004,2,0,1,0.00800272096890465,0.13258224767423935,0.007947551433354275,100000,794.7551433354238,99310.61527991865,0.991802432728772,8070671.468760087,80.70671468760086
Patillas,2000-2004,2,1,4,2.3339225093248285e-4,1.5110693338179326,9.330270110164641e-4,99205.24485666458,92.56117308576358,396590.6010844674,0.9990434240085119,7971360.853480168,80.35221187143367
Patillas,2000-2004,2,5,5,1.1026390795063666e-4,2.5,5.511676050180207e-4,99112.68368357881,54.627700492797885,495426.8491666621,0.9993878782293656,7574770.252395701,76.42584148541933
Patillas,2000-2004,2,10,5,1.3466723304823071e-4,2.5,6.731095507393124e-4,99058.05598308601,66.67692355989129,495123.58760653035,0.9986012357268234,7079343.403229038,71.46660948442016
Patillas,2000-2004,2,15,5,4.254335574832095e-4,2.5,0.0021249077697365407,98991.37905952612,210.347550500519,494431.0264213793,0.996689138794516,6584219.8156225085,66.51306283614095
Patillas,2000-2004,2,20,5,9.018969804342566e-4,2.5,0.004499340049160571,98781.0315090256,444.4494511659432,492794.03391721315,0.9952248909023863,6089788.789201129,61.64937434009997
Patillas,2000-2004,2,25,5,0.0010129837666109135,2.5,0.005052124532708243,98336.58205785966,496.8086586771824,490440.88864260534,0.9947150341640922,5596994.755283915,56.91671032445213
Patillas,2000-2004,2,30,5,0.0011068522440474012,2.5,0.005518989455577557,97839.77339918248,539.976677726183,487848.92530159693,0.9935720658575717,5106553.86664131,52.19302630441271
Patillas,2000-2004,2,35,5,0.001473794869283093,2.5,0.0073419231248353315,97299.7967214563,714.3676275910402,484713.0645383039,0.9912377401329822,4618704.9413397135,47.46880360461441
Patillas,2000-2004,2,40,5,0.002049063504433908,2.5,0.010193101740237284,96585.42909386526,984.5051053782372,480465.8827058807,0.9886282213810754,4133991.8768014098,42.80140302305688
Patillas,2000-2004,2,45,5,0.002528400352201195,2.5,0.012562593595825362,95600.92398848702,1200.995555452755,475002.1310538032,0.9851471141025363,3653525.994095529,38.21642973383305
Patillas,2000-2004,2,50,5,0.0034642074852884613,2.5,0.017172316260122167,94399.92843303426,1621.0654259849543,467946.97860020894,0.9781665749332689,3178523.863041726,33.67082916060173
Patillas,2000-2004,2,55,5,0.005386774273863784,2.5,0.02657597443090082,92778.86300704931,2465.688691003408,457730.093307738,0.9655730648355256,2710576.884441517,29.21545701886396
Patillas,2000-2004,2,60,5,0.008682926333859628,2.5,0.04249223921219751,90313.1743160459,3837.6090070503124,441971.8490626037,0.9448342242834618,2252846.7911337786,24.94483012245885
Patillas,2000-2004,2,65,5,0.014164795906821993,2.5,0.0684017378918355,86475.56530899559,5915.078952314201,417590.1291641924,0.9219558309386959,1810874.9420711752,20.94088585140246
Patillas,2000-2004,2,70,5,0.01849640855390784,2.5,0.08839458679141929,80560.48635668139,7121.110903214634,384999.6545253704,0.8863568995069097,1393284.8129069826,17.294890782290178
Patillas,2000-2004,2,75,5,0.030417579711205314,2.5,0.14133985759417358,73439.37545346675,10379.910868398038,341247.10009633866,0.8141849654361887,1008285.1583816123,13.729489829614495
Patillas,2000-2004,2,80,5,0.05392931087937233,2.5,0.23761105346952832,63059.464585068716,14983.625811282596,277838.2583971371,0.58347465343827,667038.0582852736,10.577921374283529
Patillas,2000-2004,2,85,NA,0.13342044120011284,8.095538420441498,1,48075.83877378612,48075.83877378612,389199.79988813656,0,389199.79988813656,8.095538420441498
Patillas,2005-2009,1,0,1,0.012857624594324074,0.12363325300325603,0.012714359262307481,100000,1271.4359262307407,98885.75583331437,0.9868751119894973,7437996.785024597,74.37996785024598
Patillas,2005-2009,1,1,4,3.851295951908702e-4,1.6146916355426675,0.0015391044780562562,98728.56407376926,151.9535750780051,394551.8001614343,0.9984188928207685,7339111.029191283,74.33624805590763
Patillas,2005-2009,1,5,5,1.8323010750977636e-4,2.5,9.157310637957085e-4,98576.61049869125,90.26966439734679,492657.3783324629,0.9989316551749794,6944559.229029848,70.44834666050977
Patillas,2005-2009,1,10,5,2.4436889274036564e-4,2.5,0.0012210984675007528,98486.34083429391,120.26151986251352,492131.05037181324,0.9973224686103317,6451901.850697385,65.51062610350094
Patillas,2005-2009,1,15,5,8.288629697462354e-4,2.5,0.004135744934160574,98366.0793144314,406.817014217886,490813.35403661226,0.9944684969148087,5959770.8003255725,60.58766235131635
Patillas,2005-2009,1,20,5,0.0013914349912773575,2.5,0.006933057708655866,97959.26230021351,679.1572186247504,488098.4184545056,0.9916148386698328,5468957.44628896,55.828895786580865
Patillas,2005-2009,1,25,5,0.001979225667318807,2.5,0.00984740275586694,97280.10508158876,957.9563748714572,484005.63447076513,0.9898425584496237,4980859.027834455,51.20120937016887
Patillas,2005-2009,1,30,5,0.0021051337256053435,2.5,0.010470563785648541,96322.1487067173,1008.5472020044108,479089.3755285755,0.9888350477585524,4496853.393363689,46.68555938318772
Patillas,2005-2009,1,35,5,0.0023875035339059984,2.5,0.011866688269084493,95313.60150471289,1131.0567968601827,473740.365531414,0.9855473062616196,4017764.0178351137,42.15310254157641
Patillas,2005-2009,1,40,5,0.0034433394925695304,2.5,0.01706975505854372,94182.5447078527,1607.6729689533677,466893.5411168801,0.9810353592632278,3544023.6523037,37.62930448839538
Patillas,2005-2009,1,45,5,0.004222596834073852,2.5,0.02089243336293321,92574.87173889934,1934.114338887055,458039.0728472791,0.9699492651349579,3077130.1111868196,33.2393667243271
Patillas,2005-2009,1,50,5,0.008039283488562666,2.5,0.039404458413073384,90640.75740001228,3571.6499554982584,444274.6621113158,0.9511667135793725,2619091.0383395404,28.895290744108294
Patillas,2005-2009,1,55,5,0.012084139316056003,2.5,0.0586488930931061,87069.10744451403,5106.506774225476,422579.27028700645,0.9369965999308215,2174816.3762282245,24.978048357899567
Patillas,2005-2009,1,60,5,0.013999219114118285,2.5,0.06762920540803927,81962.60067028855,5543.065556508038,395955.3394601727,0.91599687016093,1752237.1059412183,21.378495699397742
Patillas,2005-2009,1,65,5,0.02139967226969439,2.5,0.10156473143148849,76419.53511378051,7761.529559950315,362693.8516690268,0.8674416721212742,1356281.7664810456,17.747841104525005
Patillas,2005-2009,1,70,5,0.036456236653309854,2.5,0.16705563395245113,68658.0055538302,11469.70664370602,314615.76115988597,0.8132471697402454,993587.9148120187,14.471552250858966
Patillas,2005-2009,1,75,5,0.04702739446705673,2.5,0.2104005036341117,57188.29891012418,12032.446892668246,255860.37731895028,0.7497499117481695,678972.1536521328,11.87257125306682
Patillas,2005-2009,1,80,5,0.07078712514940824,2.5,0.30071818606740086,45155.85201745593,13579.185909017331,191831.29531473632,0.5466179245181837,423111.7763331825,9.370031954432394
Patillas,2005-2009,1,85,NA,0.15530428563678103,7.324411013632577,1,31576.6661084386,31576.6661084386,231280.4810184462,0,231280.4810184462,7.324411013632577
Patillas,2005-2009,2,0,1,0.006277724873268947,0.13612758039971654,0.006243863444153404,100000,624.3863444153394,99460.60985788454,0.9935162925513351,8165065.359318447,81.65065359318447
Patillas,2005-2009,2,1,4,2.0746068655253826e-4,1.5138412341763625,8.294149503974744e-4,99375.61365558466,82.42361967086617,397297.536417783,0.9991555650078239,8065604.749460563,81.16281704095215
Patillas,2005-2009,2,5,5,1.0257823853245244e-4,2.5,5.127596976958119e-4,99293.1900359138,50.91354610606504,496338.6663143038,0.9993993213185172,7668307.21304278,77.22893393060689
Patillas,2005-2009,2,10,5,1.3777599316260424e-4,2.5,6.886427697091939e-4,99242.27648980773,68.3424761541828,496040.5262586532,0.9986626947740845,7171968.546728476,72.26727157417679
Patillas,2005-2009,2,15,5,3.9767791395613715e-4,2.5,0.0019864146866585804,99173.93401365355,197.00055905843328,495377.16867062164,0.997220064664016,6675928.020469823,67.31534940976255
Patillas,2005-2009,2,20,5,7.162874532394318e-4,2.5,0.003575035383721542,98976.93345459511,353.8460392724228,494000.0521747945,0.9961133782962337,6180550.851799201,62.44435583200282
Patillas,2005-2009,2,25,5,8.416323347660234e-4,2.5,0.004199325952565364,98623.08741532269,414.15049050528614,492080.06085035024,0.9952722360988308,5686550.799624407,57.659427915465045
Patillas,2005-2009,2,30,5,0.0010544584563267532,2.5,0.005258430290915614,98208.9369248174,516.4248487640871,489753.6225021768,0.9939835129542364,5194470.738774057,52.89203713456971
Patillas,2005-2009,2,35,5,0.0013603207139321252,2.5,0.0067785510611134275,97692.51207605332,662.2136813959805,486807.0261767766,0.9926914999499699,4704717.1162718795,48.15842090957055
Patillas,2005-2009,2,40,5,0.00157458717653844,2.5,0.00784206584191159,97030.29839465734,760.9179886712227,483249.1970016086,0.990769819590855,4217910.090095104,43.47003111274931
Patillas,2005-2009,2,45,5,0.0021372118379565114,2.5,0.010629266703215285,96269.38040598611,1023.2729196885193,478788.7197307093,0.9874910895398062,3734660.8930934947,38.793860283962836
Patillas,2005-2009,2,50,5,0.0029026614786536956,2.5,0.014408748098118394,95246.1074862976,1372.3771700963698,472799.594506247,0.9803740644438323,3255872.1733627855,34.18378198637866
Patillas,2005-2009,2,55,5,0.005046760132950122,2.5,0.024919395139927074,93873.73031620122,2339.276579008365,463520.4601334852,0.969572285028034,2783072.5788565385,29.646979719268927
Patillas,2005-2009,2,60,5,0.00734790584038849,2.5,0.036076806754311026,91534.45373719286,3302.27079883813,449416.591688869,0.957428857399665,2319552.118723053,25.340754481179122
Patillas,2005-2009,2,65,5,0.010110987490013042,2.5,0.04930854231384993,88232.18293835473,4350.60032585921,430284.4138771256,0.9374049599461765,1870135.5270341842,21.19561666450884
Patillas,2005-2009,2,70,5,0.015923778056789288,2.5,0.07657065499445954,83881.58261249552,6422.867722610652,403350.74375595094,0.8862298030275247,1439851.1131570586,17.16528310879258
Patillas,2005-2009,2,75,5,0.03338220022745266,2.5,0.1540543206893713,77458.71488988487,11932.849703832908,357461.450189842,0.8095860748841246,1036500.3694011077,13.381326696093451
Patillas,2005-2009,2,80,5,0.052845980367215516,2.5,0.2333949407008643,65525.86518605196,15293.405419471434,289395.8123815812,0.5738155734611978,679038.9192112656,10.362914206218035
Patillas,2005-2009,2,85,NA,0.12091923448095497,7.756799261678054,1,50232.45976658053,50232.45976658053,389643.1068296844,0,389643.1068296844,7.756799261678054
Patillas,2010-2014,1,0,1,0.012329379538021873,0.12468733960085426,0.012197740763388606,100000,1219.7740763388574,98932.31630815392,0.9874389626585933,7594921.715195183,75.94921715195183
Patillas,2010-2014,1,1,4,3.5463572079168476e-4,1.6162482070799102,0.0014173447116306176,98780.22592366114,140.0056308265921,394787.16502114275,0.9985300927836828,7495989.398887028,75.88552596225121
Patillas,2010-2014,1,5,5,1.6823090298622887e-4,2.5,8.408008931974089e-4,98640.22029283455,82.93678532738704,492993.7595008543,0.999067247836086,7101202.233865886,71.99094053910719
Patillas,2010-2014,1,10,5,2.05061233889058e-4,2.5,0.0010247808124006481,98557.28350750716,100.99961306081968,492533.91850488377,0.9979075684888811,6608208.474365031,67.04941775167414
Patillas,2010-2014,1,15,5,6.332363743021071e-4,2.5,0.0031611774401587066,98456.28389444634,311.23778348899214,491503.32501350925,0.9945075410660205,6115674.555860148,62.11563461420786
Patillas,2010-2014,1,20,5,0.0015723834508217724,2.5,0.00783113339273906,98145.04611095735,768.5869479314424,488803.76318495814,0.9911450760837418,5624171.230846638,57.304687844236796
Patillas,2010-2014,1,25,5,0.0019871824652187516,2.5,0.009886795161140188,97376.45916302591,962.7411052619718,484475.44305197464,0.9897037983448668,5135367.46766168,52.73725818130376
Patillas,2010-2014,1,30,5,0.0021534707661007074,2.5,0.010709696285840103,96413.71805776394,1032.5616381872678,479487.1861933515,0.9882985432323361,4650892.024609705,48.23890332518072
Patillas,2010-2014,1,35,5,0.002557032951500347,2.5,0.012703953687021614,95381.15641957667,1211.7177937688684,473876.4876134612,0.9845869321385533,4171404.838416354,43.734056023252265
Patillas,2010-2014,1,40,5,0.0036646781257204243,2.5,0.018157041347962918,94169.4386258078,1709.8383908432443,466572.5971519309,0.9782117034950215,3697528.350802893,39.264631973600395
Patillas,2010-2014,1,45,5,0.00516313642356322,2.5,0.02548670379610056,92459.60023496456,2356.49044429441,456406.7750640868,0.9734586770474686,3230955.753650962,34.944513554463136
Patillas,2010-2014,1,50,5,0.005602079354811086,2.5,0.02762352384249253,90103.10979067015,2488.965401585301,444293.1354493875,0.9663169698004995,2774548.978586875,30.79304349242527
Patillas,2010-2014,1,55,5,0.008145497772448466,2.5,0.03991467658913043,87614.14438908485,3497.090237923694,429327.996350615,0.9478260566350655,2330255.843137488,26.596799630765965
Patillas,2010-2014,1,60,5,0.013424488052900628,2.5,0.06494287803862683,84117.05415116115,5462.803588707437,406928.26178403717,0.9283458184807077,1900927.8467868727,22.59860222126707
Patillas,2010-2014,1,65,5,0.01641326351827898,2.5,0.07883160771394834,78654.25056245372,6200.441025373948,377770.1502488337,0.9056042871291886,1493999.5850028354,18.994518087951995
Patillas,2010-2014,1,70,5,0.02356992113819426,2.5,0.11129176063710301,72453.80953707977,8063.512028246929,342110.2676147815,0.8462364907618419,1116229.4347540017,15.406083432821399
Patillas,2010-2014,1,75,5,0.04482846458549287,2.5,0.20155393889761816,64390.29750883284,12978.118089694755,289506.19231992733,0.7599705986357964,774119.1671392203,12.022295238394097
Patillas,2010-2014,1,80,5,0.06734904751850444,2.5,0.2882173308199063,51412.17941913808,14817.881123818093,220016.19428614518,0.5459960716730977,484612.9748192929,9.426034459042922
Patillas,2010-2014,1,85,NA,0.15813748781756976,7.2305466386545465,1,36594.29829531999,36594.29829531999,264596.78053314774,0,264596.78053314774,7.2305466386545465
Patillas,2010-2014,2,0,1,0.005876891091983425,0.13695140204537923,0.005847233673597811,100000,584.7233673597802,99495.35531760883,0.9939189768052246,8316277.298418062,83.16277298418062
Patillas,2010-2014,2,1,4,1.9938552221015416e-4,1.5144865508130563,7.971470423786013e-4,99415.27663264022,79.2485937349702,397464.1330850035,0.9992140243606132,8216781.943100453,82.65109972447337
Patillas,2010-2014,2,5,5,8.961483147432494e-5,2.5,4.4797379463134765e-4,99336.02803890525,44.49993742420338,496568.8903509657,0.9995017287598651,7819317.810015449,78.71582913455117
Patillas,2010-2014,2,10,5,1.097483490256205e-4,2.5,5.485912276742844e-4,99291.52810148105,54.47046129882801,496321.46435415815,0.9988068061590112,7322748.9196644835,73.74998713062666
Patillas,2010-2014,2,15,5,3.679682448133573e-4,2.5,0.0018381502717437946,99237.05764018222,182.4126244683721,495729.2566397402,0.997280520653357,6826427.455310325,68.78909570315824
Patillas,2010-2014,2,20,5,7.217863769887189e-4,2.5,0.0036024314201358685,99054.64501571385,356.8375655150012,494381.13116478175,0.9959652500920463,6330698.198670586,63.91116941226023
Patillas,2010-2014,2,25,5,8.957276231377949e-4,2.5,0.0044686314241783286,98697.80745019884,441.04412386946206,492386.4269413206,0.9951094557617545,5836317.067505804,59.13319878408348
Patillas,2010-2014,2,30,5,0.0010657019346163924,2.5,0.005314350888025465,98256.76332632938,522.1709174377902,489978.3893380524,0.9941378789821089,5343930.640564483,54.38740764151037
Patillas,2010-2014,2,35,5,0.0012866892003449192,2.5,0.006412817743389098,97734.59240889159,626.7541283426253,487106.07672360144,0.9924150655957298,4853952.251226431,49.6646287828058
Patillas,2010-2014,2,40,5,0.0017606388918675567,2.5,0.008764616149176457,97107.83828054897,851.1129276053252,483411.40908373153,0.9904654904966198,4366846.174502829,44.96903907887241
Patillas,2010-2014,2,45,5,0.00207292927334105,2.5,0.010311210342299926,96256.72535294364,992.5233419751894,478802.3184097803,0.9873136700852748,3883434.7654190976,40.344555158922596
Patillas,2010-2014,2,50,5,0.003040171308769319,2.5,0.015086195000846413,95264.20201096845,1437.1743281375093,472728.0742344985,0.9812137219956929,3404632.4470093176,35.738843921847135
Patillas,2010-2014,2,55,5,0.004560005422522127,2.5,0.02254303619439426,93827.02768283094,2115.1460810664867,463847.2732114885,0.9743840081271896,2931904.372774819,31.247972414576626
Patillas,2010-2014,2,60,5,0.005835883264885988,2.5,0.028759818959019703,91711.88160176446,2637.6171112578013,451965.36523067777,0.9585105107700332,2468057.0995633304,26.910985321184896
Patillas,2010-2014,2,65,5,0.011225659297629,2.5,0.054596103350176936,89074.26449050666,4863.107749964678,433213.55307762156,0.9410736808655448,2016091.7343326525,22.63382971349175
Patillas,2010-2014,2,70,5,0.013117855282913723,2.5,0.06350660042970198,84211.15674054198,5347.9642828446085,407685.87299559836,0.9049419517598379,1582878.1812550311,18.7965376859974
Patillas,2010-2014,2,75,5,0.027521504517187746,2.5,0.12874910022722047,78863.19245769737,10153.565069974662,368932.0496135502,0.8402861263189679,1175192.3082594327,14.90165781571437
Patillas,2010-2014,2,80,5,0.043275788825081075,2.5,0.1952544664791423,68709.6273877227,13415.861637570459,310008.48284468736,0.6154982469738147,806260.2586458825,11.734312778269382
Patillas,2010-2014,2,85,NA,0.11074752158203863,8.97482327471662,1,55293.76575015225,55293.76575015225,496251.7758011951,0,496251.7758011951,8.97482327471662
Patillas,2015-2019,1,0,1,0.009959594259859041,0.12941612763416427,0.009873980312611707,100000,987.3980312611675,99140.38719837824,0.9897677510392908,7724360.747638351,77.24360747638352
Patillas,2015-2019,1,1,4,3.2630762517026784e-4,1.623249697318101,0.001304219011348492,99012.60196873883,129.1341178506991,395743.4883212671,0.9986737551495342,7625220.360439973,77.01262474495395
Patillas,2015-2019,1,5,5,1.5361420524948236e-4,2.5,7.677761729308762e-4,98883.46785088813,75.92037051270017,494227.5383281589,0.9991475129546143,7229476.872118706,73.11107740497567
Patillas,2015-2019,1,10,5,1.875404887419185e-4,2.5,9.372630068036534e-4,98807.54748037543,92.60865904633829,493806.2157542613,0.9979783175896096,6735249.333790547,68.16533256357023
Patillas,2015-2019,1,15,5,6.22390751849626e-4,2.5,0.0031071191536827625,98714.9388213291,306.71907716638816,492807.89641372947,0.995076334655765,6241443.118036286,63.22693598922347
Patillas,2015-2019,1,20,5,0.0013537407522714255,2.5,0.00674587335219082,98408.2197441627,663.8493872086838,490381.47525279183,0.9927758445019763,5748635.221622556,58.41620991181023
Patillas,2015-2019,1,25,5,0.001547097922903782,2.5,0.007705685987554175,97744.37035695402,753.1874250218825,486838.8832222154,0.9913742034372911,5258253.746369765,53.79597543231467
Patillas,2015-2019,1,30,5,0.0019197803368102091,2.5,0.009553052279245506,96991.18293193214,926.5618411746109,482639.5100567242,0.9895746779752692,4771414.863147549,49.19431559563616
Patillas,2015-2019,1,35,5,0.0022740562417041888,2.5,0.011306004980534138,96064.62109075753,1086.107084505231,477607.83774252457,0.9869946484506935,4288775.3530908255,44.6446912962784
Patillas,2015-2019,1,40,5,0.002966666924298617,2.5,0.01472413064307344,94978.5140062523,1398.4760485130391,471396.3799099789,0.981562115839351,3811167.5153483003,40.126628166633736
Patillas,2015-2019,1,45,5,0.004491296749152945,2.5,0.022207136644219284,93580.03795773926,2078.1446900987357,462704.8280634494,0.969657155345591,3339771.1354383216,35.68892691565868
Patillas,2015-2019,1,50,5,0.007885097398044412,2.5,0.03866332674738323,91501.89326764052,3537.767597410988,448665.0473446752,0.9629629903333456,2877066.3073748723,31.44269702660176
Patillas,2015-2019,1,55,5,0.0071962334359479555,2.5,0.03534528487764082,87964.12567022954,3109.1170808268507,432047.8356490805,0.954340307093454,2428401.260030197,27.606723099074262
Patillas,2015-2019,1,60,5,0.01159716680140883,2.5,0.056352024439489584,84855.00858940269,4781.75151784312,412320.66415240563,0.9288330791684345,1996353.4243811166,23.526642181383693
Patillas,2015-2019,1,65,5,0.018162145502311745,2.5,0.08686652150444994,80073.25707155956,6955.685307337975,382977.0720894529,0.8914313209760111,1584032.760228711,19.78229459072832
Patillas,2015-2019,1,70,5,0.02834242584119806,2.5,0.13233536596585282,73117.57176422159,9676.040617952778,341397.757276226,0.860847665923242,1201055.688139258,16.42636180550743
Patillas,2015-2019,1,75,5,0.03173442743810725,2.5,0.1470090195327619,63441.53114626881,9326.477291470146,293891.46250266867,0.8025786734553033,859657.930863032,13.550396961274966
Patillas,2015-2019,1,80,5,0.05885292587755513,2.5,0.25652195968893104,54115.053854798665,13881.699663504995,235871.02011523084,0.583094733770978,565766.4683603634,10.454881369580193
Patillas,2015-2019,1,85,NA,0.1342071790537098,8.199551215059284,1,40233.35419129367,40233.35419129367,329895.4482451325,0,329895.4482451325,8.199551215059284
Patillas,2015-2019,2,0,1,0.0065716309865973665,0.13552352398217601,0.006534508311594939,100000,653.4508311594982,99435.10712822832,0.9933056074276797,8551481.702547513,85.51481702547512
Patillas,2015-2019,2,1,4,1.705925620306719e-4,1.5133683549770351,6.820809088124305e-4,99346.5491688405,67.76238454446138,397217.69658561156,0.9992787057274692,8452046.595419284,85.07639838657045
Patillas,2015-2019,2,5,5,8.008391485495885e-5,2.5,4.00339422404252e-4,99278.78678429604,39.745212158202776,496294.57089108473,0.9995545967318767,8054828.8988336725,81.13343403696578
Patillas,2015-2019,2,10,5,9.812109585109096e-5,2.5,4.904851619014937e-4,99239.04157213784,48.67527737247292,496073.519667258,0.998919471914398,7558534.327942588,76.16492670828764
Patillas,2015-2019,2,15,5,3.344515226531682e-4,2.5,0.001670860558620911,99190.36629476536,165.73327083708136,495537.4982967341,0.9976574722570446,7062460.80827533,71.20107599247812
Patillas,2015-2019,2,20,5,6.039744013201539e-4,2.5,0.003015319067778892,99024.63302392828,298.5908641368587,494376.6879592993,0.9966237759517054,6566923.309978596,66.31605802963962
Patillas,2015-2019,2,25,5,7.49044158900203e-4,2.5,0.0037382205638060158,98726.04215979142,369.05972098490747,492707.56149649486,0.9958075670384339,6072546.6220192965,61.50906578621551
Patillas,2015-2019,2,30,5,9.318356843641596e-4,2.5,0.004648349676565732,98356.98243880652,457.1976475074043,490641.9180752641,0.9949530804132406,5579839.060522801,56.730482393503046
Patillas,2015-2019,2,35,5,0.001092445635615461,2.5,0.005447350841446293,97899.78479129911,533.294475060291,488165.68776884483,0.9935994136232997,5089197.142447538,51.983741877437126
Patillas,2015-2019,2,40,5,0.001477244143806555,2.5,0.007359042961236507,97366.49031623882,716.5241852220206,485041.141118139,0.9915754983111151,4601031.454678693,47.25477358519239
Patillas,2015-2019,2,45,5,0.0019086358375846471,2.5,0.009497859301316164,96649.9661310168,917.9677797893673,480954.9112056106,0.9888463406298721,4115990.313560554,42.586567572936325
Patillas,2015-2019,2,50,5,0.002581622447872334,2.5,0.012825336795926949,95731.99835122743,1227.795121001618,475590.50395363313,0.9847977526872338,3635035.402354943,37.97095500940555
Patillas,2015-2019,2,55,5,0.0035532945396002527,2.5,0.017610038563328205,94504.20323022582,1664.2226632808743,468360.4594929269,0.9777474519680094,3159444.8984013097,33.43179234794931
Patillas,2015-2019,2,60,5,0.0054694335049731615,2.5,0.02697827778382253,92839.98056694494,2504.6627851797384,457938.2458717753,0.9649483121052832,2691084.4389083833,28.98626671908768
Patillas,2015-2019,2,65,5,0.008861864978298035,2.5,0.04334894367694778,90335.3177817652,3915.940602560906,441886.73740242375,0.9541225852491086,2233146.193036608,24.720632504238377
Patillas,2015-2019,2,70,5,0.009945368728045587,2.5,0.048520459001176144,86419.3771792043,4193.107847330772,421614.1162776945,0.9271564360106684,1791259.455634184,20.7275210039957
Patillas,2015-2019,2,75,5,0.02069991225026259,2.5,0.09840701957621895,82226.26933187353,8091.642095821124,390902.2414198148,0.8719069187228454,1369645.3393564895,16.657028836228267
Patillas,2015-2019,2,80,5,0.03502360126391678,2.5,0.16101931555970422,74134.6272360524,11937.106936822966,340830.3688382046,0.6517672823882773,978743.0979366746,13.202239418028693
Patillas,2015-2019,2,85,NA,0.10665727729847256,10.256240538682265,1,62197.520299229436,62197.520299229436,637912.7290984701,0,637912.7290984701,10.256240538682265
Patillas,2020-2024,1,0,1,0.011700831003061445,0.12594157677494106,0.011582375616525817,100000,1158.2375616525824,98987.6327031419,0.988066836213502,7645550.073268734,76.45550073268734
Patillas,2020-2024,1,1,4,3.414223896975004e-4,1.6181023022674077,0.0013645798371569513,98841.76243834742,134.87747609244252,395045.7854036091,0.998589863448378,7546562.440565593,76.34993806664227
Patillas,2020-2024,1,5,5,1.6026479251712877e-4,2.5,8.01003031124172e-4,98706.88496225498,79.06451404758263,493336.7635261559,0.9991108930860092,7151516.655161983,72.45205496958685
Patillas,2020-2024,1,10,5,1.9555183957183813e-4,2.5,9.772814249081403e-4,98627.82044820739,96.3871369032131,492898.13439877896,0.9978789102662514,6658179.891635828,67.50813169527811
Patillas,2020-2024,1,15,5,6.54271823174808e-4,2.5,0.0032660169586988205,98531.43331130418,321.80533215960895,491852.65322612185,0.9954443565811472,6165281.757237048,62.57172508348892
Patillas,2020-2024,1,20,5,0.0011733308212001298,2.5,0.005849495622245509,98209.62797914457,574.4767889263603,489611.94792340696,0.992239453230196,5673429.104010927,57.76856323308459
Patillas,2020-2024,1,25,5,0.0019459898318249125,2.5,0.009682842377102052,97635.15119021821,945.3857794394135,485812.2915024925,0.9897972462953172,5183817.15608752,53.09375868111393
Patillas,2020-2024,1,30,5,0.0021571202163267454,2.5,0.010727748473862136,96689.7654107788,1037.2634833235788,480855.668345585,0.9881785322203114,4698004.864585027,48.588439992856806
Patillas,2020-2024,1,35,5,0.0026022290625672094,2.5,0.012927047466310996,95652.50192745522,1236.5044326876232,475171.24855555705,0.9870880961014202,4217149.196239442,44.08822677150476
Patillas,2020-2024,1,40,5,0.0025960524769629116,2.5,0.012896562005468055,94415.9974947676,1217.6417659993895,469035.88305883954,0.9812905013170035,3741977.9476838848,39.63288051785144
Patillas,2020-2024,1,45,5,0.004980937846311349,2.5,0.024598381705568547,93198.3557287682,2292.5287285475933,460260.45682247204,0.9725728372393199,3272942.0646250453,35.118023692930485
Patillas,2020-2024,1,50,5,0.006158846955836584,2.5,0.03032728205724034,90905.82700022061,2756.9266560823744,447636.81836089713,0.9650172559293366,2812681.6078025736,30.940608546421867
Patillas,2020-2024,1,55,5,0.008118249310354757,2.5,0.03978380934483138,88148.90034413824,3506.8990452477447,431977.25410757185,0.9584813040784054,2365044.7894416763,26.830111098475523
Patillas,2020-2024,1,60,5,0.008856958421787482,2.5,0.043325462557740856,84642.0012988905,3667.153858087331,414042.12184923416,0.9426496027094887,1933067.5353341044,22.838159609529974
Patillas,2020-2024,1,65,5,0.014940016368688037,2.5,0.072010487199737,80974.84744080316,5831.038215136621,390296.6416661743,0.9080774075236058,1519025.4134848702,18.75922538286172
Patillas,2020-2024,1,70,5,0.024038722295050823,2.5,0.1133798449582367,75143.80922566654,8519.793439577377,354419.5625293893,0.8410497569829616,1128728.771818696,15.020915008832972
Patillas,2020-2024,1,75,5,0.04701431108381574,2.5,0.21034812496193436,66624.01578608916,14014.236798038168,298084.4869353504,0.75421257831313,774309.2092893067,11.622073514382473
Patillas,2020-2024,1,80,5,0.06801883058708881,2.5,0.2906670678261604,52609.778988050995,15291.930197439135,224819.06944665714,0.5279139051509398,476224.7223539563,9.05201906402456
Patillas,2020-2024,1,85,NA,0.12368311200690896,6.736874205100103,1,37317.84879061186,37317.84879061186,251405.65290729914,0,251405.65290729914,6.736874205100103
Patillas,2020-2024,2,0,1,0.006863504614067444,0.1349236448718456,0.006822993394038671,100000,682.299339403864,99409.75897436216,0.9930183630242769,8540610.514158467,85.40610514158467
Patillas,2020-2024,2,1,4,1.7352726593038872e-4,1.512898989747899,6.938096294737849e-4,99317.70066059614,68.90757709550962,397099.4225377763,0.9992627009034399,8441200.755184105,84.99190677028143
Patillas,2020-2024,2,5,5,8.131498768017674e-5,2.5,4.0649230360923356e-4,99248.79308350063,40.3438705309527,496143.10574117576,0.9995477657077356,8044101.332646327,81.04986552207856
Patillas,2020-2024,2,10,5,9.962378251636269e-5,2.5,4.979948822472053e-4,99208.44921296967,49.405299983744044,495918.73281488905,0.998860213405784,7547958.226905151,76.08180842240597
Patillas,2020-2024,2,15,5,3.5669741410084026e-4,2.5,0.0017818980744158629,99159.04391298593,176.69130940946343,495353.49129140604,0.9974903116301939,7052039.494090263,71.11847004372663
Patillas,2020-2024,2,20,5,6.488062352845049e-4,2.5,0.003238777828298272,98982.35260357647,320.5818490052625,494110.30839536915,0.9964723295697583,6556686.002798856,66.24095942696302
Patillas,2020-2024,2,25,5,7.649604652256286e-4,2.5,0.003817501731377059,98661.7707545712,376.6414806763205,492367.2500711652,0.9954024917290725,6062575.694403487,61.44807302804866
Patillas,2020-2024,2,30,5,0.0010790035709873531,2.5,0.0053805038976386076,98285.12927389488,528.8235211380961,490103.58756662917,0.9942888172941129,5570208.444332322,56.67396976006016
Patillas,2020-2024,2,35,5,0.0012123937133760973,2.5,0.0060436503576318966,97756.30575275679,590.8049322234147,487304.5164332254,0.9933508325548441,5080104.856765693,51.967029826333544
Patillas,2020-2024,2,40,5,0.0014569608412809314,2.5,0.0072583663176633865,97165.50082053337,705.2627983946586,484064.3471066802,0.9911812355929799,4592800.340332468,47.26780906337798
Patillas,2020-2024,2,45,5,0.002088967029615316,2.5,0.010390571246196148,96460.23802213871,1002.2769755940681,479795.4976717084,0.9877592645261986,4108735.9932257873,42.59512600707854
Patillas,2020-2024,2,50,5,0.0028421167593420216,2.5,0.014110325813027654,95457.96104654465,1346.9429318140465,473922.4479031881,0.9838188368594395,3628940.495554079,38.0161115507656
Patillas,2020-2024,2,55,5,0.003690057926183909,2.5,0.01828163886492666,94111.0181147306,1720.503646384066,466253.83145769284,0.9770240696618525,3155018.047650891,33.52442796660231
Patillas,2020-2024,2,60,5,0.005629660905875923,2.5,0.027757639287538462,92390.51446834653,2564.542574202467,455541.21590622654,0.9621821042653314,2688764.216193198,29.10216737795505
Patillas,2020-2024,2,65,5,0.009870789890904572,2.5,0.048165373743915156,89825.97189414407,4326.501508191868,438313.6057002407,0.9504094046134262,2233223.0002869717,24.861662536963433
Patillas,2020-2024,2,70,5,0.010485426822747258,2.5,0.05108793705007704,85499.4703859522,4367.991560892464,416577.3730275298,0.9239522032849666,1794909.3945867307,20.993222373008283
Patillas,2020-2024,2,75,5,0.0215743755925848,2.5,0.10235145607348094,81131.47882505973,8303.924991139647,384897.5816474496,0.8715862325854187,1378332.021559201,16.98886845796609
Patillas,2020-2024,2,80,5,0.034180360197839744,2.5,0.1574477490518688,72827.55383392009,11466.534420104523,335471.43311933917,0.6623114524304797,993434.4399117514,13.640914566171388
Patillas,2020-2024,2,85,NA,0.08970075701313407,10.722817402285049,1,61361.019413815564,61361.019413815564,657963.0067924123,0,657963.0067924123,10.722817402285049
Penuelas,1980-1984,1,0,1,0.023104403892590185,0.10364520861466145,0.02263562589469651,100000,2263.5625894696423,97971.04482732828,0.9769994571517125,7159548.9083508225,71.59548908350823
Penuelas,1980-1984,1,1,4,4.421793257934651e-4,1.5847988591792794,0.0017668304130791664,97736.43741053036,172.68371008294343,390528.68374852795,0.998044111706807,7061577.863523494,72.25123045832099
Penuelas,1980-1984,1,5,5,2.25202788176709e-4,2.5,0.001125380343905528,97563.75370044741,109.79633069211559,487544.2776755068,0.9987506960711083,6671049.179774966,68.37630704797671
Penuelas,1980-1984,1,10,5,2.7486216976858413e-4,2.5,0.001373367132168329,97453.9573697553,133.8400619513559,486935.1866938981,0.9969826947193603,6183504.902099459,63.45052647414092
Penuelas,1980-1984,1,15,5,9.348807631507232e-4,2.5,0.004663504264688793,97320.11730780394,453.85278210495017,485465.9545837573,0.9937597936658844,5696569.715405562,58.53434904304994
Penuelas,1980-1984,1,20,5,0.0015710051668888583,2.5,0.007824295811576159,96866.26452569899,757.9103078114567,482436.5468589663,0.9912640665462514,5211103.760821804,53.79688982885552
Penuelas,1980-1984,1,25,5,0.0019403187097379532,2.5,0.009654760268721179,96108.35421788754,927.903119795039,478222.0132899501,0.9894962507247695,4728667.213962838,49.20141700941484
Penuelas,1980-1984,1,30,5,0.0022851840001394895,2.5,0.011361014976572924,95180.4510980925,1081.3465304023848,473198.8891644565,0.9869464217695164,4250445.200672888,44.65670367849382
Penuelas,1980-1984,1,35,5,0.0029750827677043697,2.5,0.01476559169500493,94099.10456769011,1389.4289569120883,467021.95044617035,0.9832057657048446,3777246.3115084316,40.14115042711456
Penuelas,1980-1984,1,40,5,0.003806538855754908,2.5,0.018853279922317723,92709.67561077802,1747.8814657972835,459178.6743893969,0.9768730187569276,3310224.361062261,35.70527390214952
Penuelas,1980-1984,1,45,5,0.005573143629662123,2.5,0.02748280411166024,90961.79414498074,2499.8851701316744,448559.25779957447,0.9673381145231295,2851045.686672864,31.34333170835092
Penuelas,1980-1984,1,50,5,0.00774456257704605,2.5,0.037987324849158045,88461.90897484907,3360.4312730042293,433908.46669173473,0.9549409787140235,2402486.42887329,27.158428488767406
Penuelas,1980-1984,1,55,5,0.010764064132201032,2.5,0.052409960228345126,85101.47770184484,4460.165061727093,414356.9758549064,0.93010950100463,1968577.9621815549,23.132124321959687
Penuelas,1980-1984,1,60,5,0.01848399080686457,2.5,0.08833786339700224,80641.31264011774,7123.681260157668,385397.36005019455,0.8961150079189663,1554220.9863266484,19.273260013298056
Penuelas,1980-1984,1,65,5,0.02574447009778812,2.5,0.12093860005686011,73517.63137996008,8891.119418588649,345360.3583533288,0.8476216010246247,1168823.626276454,15.898548475203727
Penuelas,1980-1984,1,70,5,0.04153609281524099,2.5,0.1881435900309133,64626.51196137143,12159.063971588184,292734.89987788664,0.7777300590817804,823463.2679231252,12.74188011903421
Penuelas,1980-1984,1,75,5,0.06091044443875041,2.5,0.2643048998940387,52467.44798978324,13867.403588635345,227668.73097732785,0.6895309441903776,530728.3680452385,10.115383697499162
Penuelas,1980-1984,1,80,5,0.09176843826696754,2.5,0.3732180885392608,38600.0444011479,14406.234788927017,156984.63503342195,0.4820008479115143,303059.6370679107,7.8512769031659
Penuelas,1980-1984,1,85,NA,0.17423210832513084,6.037701559852844,1,24193.80961222088,24193.80961222088,146075.00203448875,0,146075.00203448875,6.037701559852844
Penuelas,1980-1984,2,0,1,0.01246521152705099,0.12341062470479791,0.012330477972723991,100000,1233.0477972724038,98919.12340167986,0.9874157047681797,7763070.931162284,77.63070931162284
Penuelas,1980-1984,2,1,4,2.832098720796465e-4,1.503938312338378,0.0011320392392396496,98766.9522027276,111.80806543359358,394788.72898241004,0.9987349549987035,7664151.807760604,77.59834273340012
Penuelas,1980-1984,2,5,5,1.5610421780348692e-4,2.5,7.802166012617915e-4,98655.144137294,76.97238125579315,493083.28973333054,0.9991959106803443,7269363.078778193,73.68458221156457
Penuelas,1980-1984,2,10,5,1.6566471929023286e-4,2.5,8.279806784844671e-4,98578.17175603821,81.6208215343213,492686.8067263553,0.9982667577917032,6776279.789044864,68.74016497095155
Penuelas,1980-1984,2,15,5,5.285482661925715e-4,2.5,0.0026392538982829093,98496.55093450389,259.9574060213199,491832.8611574662,0.9963388845841055,6283592.9823185075,63.795055996395604
Penuelas,1980-1984,2,20,5,9.393369210475888e-4,2.5,0.004685681022276753,98236.59352848257,460.305341989515,490032.20428743906,0.9948696921032405,5791760.121161042,58.95725730230851
Penuelas,1980-1984,2,25,5,0.001118524613312627,2.5,0.005577027958960061,97776.28818649305,545.3010929394077,487518.18820011674,0.9938105841972835,5301727.916873603,54.22304339024797
Penuelas,1980-1984,2,30,5,0.001365694559260745,2.5,0.006805238104668674,97230.98709355365,661.6800183236046,484500.73542195925,0.9925335595900571,4814209.728673486,49.513122026019886
Penuelas,1980-1984,2,35,5,0.001633074860849947,2.5,0.00813217318526739,96569.30707523004,785.3183295170456,480883.23955235764,0.9903395367116098,4329708.993251527,44.835249670773436
Penuelas,1980-1984,2,40,5,0.0022528742636231626,2.5,0.011201283609208985,95783.988745713,1072.903623162012,476237.68467065995,0.9867452739264018,3848825.753699169,40.18234993237772
Penuelas,1980-1984,2,45,5,0.0030899729103172646,2.5,0.015331430290898092,94711.08512255098,1452.0563993317046,469925.2846144257,0.9812515588033314,3372588.0690285093,35.60922213766809
Penuelas,1980-1984,2,50,5,0.004493652548921862,2.5,0.022218655450363948,93259.02872321928,2072.090226836808,461114.91804900434,0.9729492696889676,2902662.784414083,31.12473745602488
Penuelas,1980-1984,2,55,5,0.006502537976634325,2.5,0.03199260702774795,91186.93849638247,2917.3078893781785,448641.4227584669,0.9612055074182592,2441547.8663650793,26.775192879865568
Penuelas,1980-1984,2,60,5,0.009379117146630209,2.5,0.04582118019112746,88269.63060700429,4044.6186494478025,431236.60641140194,0.9375493932680126,1992906.4436066123,22.577487068904453
Penuelas,1980-1984,2,65,5,0.016640323867934043,2.5,0.07987860470849992,84225.01195755649,6727.776436726344,404305.6186959666,0.8907818622913876,1561669.8371952102,18.541639839507322
Penuelas,1980-1984,2,70,5,0.030363136431558226,2.5,0.1411047269676498,77497.23552083015,10935.22625891438,360148.11195686477,0.8434973850456996,1157364.2184992437,14.9342645672588
Penuelas,1980-1984,2,75,5,0.03821933549730612,2.5,0.17443016499458436,66562.00926191577,11610.42225792702,303783.9906647613,0.7697860332179468,797216.1065423789,11.977043893092263
Penuelas,1980-1984,2,80,5,0.06997561515936761,2.5,0.2977840249675041,54951.587003988745,16363.704756399755,233848.67312894436,0.5260773151884905,493432.11587761756,8.979397007074628
Penuelas,1980-1984,2,85,NA,0.1209939697357465,6.727071495738595,1,38587.88224758899,38587.88224758899,259583.44274867323,0,259583.44274867323,6.727071495738595
Penuelas,1985-1989,1,0,1,0.018039489864000384,0.11329309995088044,0.017755477854257174,100000,1775.5477854257188,98425.60952729608,0.9817204807225351,7180749.868396415,71.80749868396416
Penuelas,1985-1989,1,1,4,4.91676449826892e-4,1.5995027452251231,0.001964387295905373,98224.45221457428,192.95086607757548,392434.6308339715,0.9979401375675416,7082324.258869119,72.1034742285716
Penuelas,1985-1989,1,5,5,0.00025180891616732583,2.5,0.0012582524828516999,98031.5013484967,123.34837996942224,489849.13579255994,0.9986399731383339,6689889.628035148,68.24224393190664
Penuelas,1985-1989,1,10,5,2.9259977204884114e-4,2.5,0.0014619294596775727,97908.15296852728,143.13481316731486,489182.9278097181,0.9970797395054506,6200040.492242588,63.32506848776526
Penuelas,1985-1989,1,15,5,8.78068614858397e-4,2.5,0.004380726627886432,97765.01815535997,428.28181830898393,487754.38623102737,0.9938109539516954,5710857.56443287,58.414120635232265
Penuelas,1985-1989,1,20,5,0.001607498687865231,2.5,0.008005322077487406,97336.73633705098,779.211924349569,484735.651874381,0.9911260541976151,5223103.178201842,53.6601428685223
Penuelas,1985-1989,1,25,5,0.001959467844542712,2.5,0.009749579255093122,96557.52441270142,941.3952369372128,480434.13397116406,0.9892128194190317,4738367.526327461,49.07300135487074
Penuelas,1985-1989,1,30,5,0.0023810896316809834,2.5,0.011834997682721672,95616.1291757642,1131.616667225986,475251.604210756,0.985180906553849,4257933.392356297,44.531539072547545
Penuelas,1985-1989,1,35,5,0.0035998949260854273,2.5,0.01783892895583982,94484.51250853822,1685.5025060669723,468208.8062775237,0.9810356156769183,3782681.788145541,40.0349399887491
Penuelas,1985-1989,1,40,5,0.00406290937806262,2.5,0.020110281264451062,92799.01000247124,1866.214192212312,459329.51453182544,0.9762246049661638,3314472.9818680175,35.71668471225881
Penuelas,1985-1989,1,45,5,0.005579913277908714,2.5,0.02751572795019207,90932.79581025893,2502.082071265453,448408.7738731311,0.9677724557000758,2855143.4673361923,31.398390887417083
Penuelas,1985-1989,1,50,5,0.007554569670793337,2.5,0.037072678031290995,88430.71373899348,3278.3633785229613,433957.66024866,0.9565960787134066,2406734.693463061,27.21604962464317
Penuelas,1985-1989,1,55,5,0.010251974748876427,2.5,0.04997891725031608,85152.35036047052,4255.822272335878,415122.1961215129,0.9357956315342246,1972777.033214401,23.167616922646975
Penuelas,1985-1989,1,60,5,0.016488399942770387,2.5,0.07917819533526531,80896.52808813464,6405.241102907094,388469.53768340545,0.8934720417099202,1557654.837092888,19.254903441540336
Penuelas,1985-1989,1,65,5,0.029237381981497702,2.5,0.13622943018862219,74491.28698522755,10147.905580014682,347086.6709761011,0.821765582144028,1169185.2994094826,15.695598058889024
Penuelas,1985-1989,1,70,5,0.0511780805557271,2.5,0.2268642150908121,64343.381405212866,14597.210718782371,285223.8802291084,0.7786331057444694,822098.6284333816,12.776739588118353
Penuelas,1985-1989,1,75,5,0.04799266415824439,2.5,0.21425647336623327,49746.170686430494,10658.439094749294,222084.75569527922,0.7195935789354406,536874.7482042732,10.792282919391003
Penuelas,1985-1989,1,80,5,0.08917520409577813,2.5,0.36459413048384215,39087.7315916812,14251.157512254817,159810.76417776896,0.49232577915194387,314789.992508994,8.053421871531395
Penuelas,1985-1989,1,85,NA,0.22828684565135623,6.239959981421253,1,24836.574079426384,24836.574079426384,154979.22833122505,0,154979.22833122505,6.239959981421253
Penuelas,1985-1989,2,0,1,0.009602056702646706,0.1292951809207513,0.009522443768322727,100000,952.2443768322701,99170.87623215103,0.9901050967161504,7813208.70701085,78.1320870701085
Penuelas,1985-1989,2,1,4,3.136357535585038e-4,1.508506983988939,0.0012535634530639738,99047.75562316773,124.16264655720443,395881.6721259242,0.9988080036505722,7714037.830778699,77.88200532404946
Penuelas,1985-1989,2,5,5,1.2580721239624298e-4,2.5,6.288382810032622e-4,98923.59297661053,62.2069421580818,494462.44752765744,0.9992652209900118,7318156.158652775,73.97786451593078
Penuelas,1985-1989,2,10,5,1.6822800200382807e-4,2.5,8.407864004784792e-4,98861.38603445244,83.12130891020934,494099.1268999867,0.9983449434732184,6823693.711125118,69.02284081620212
Penuelas,1985-1989,2,15,5,4.946132215493423e-4,2.5,0.002470011856442761,98778.26472554223,243.98348503094167,493281.3649151338,0.9965717516435659,6329594.584225131,64.07881938209849
Penuelas,1985-1989,2,20,5,8.797019578153297e-4,2.5,0.004388857572578723,98534.28124051129,432.4529263810109,491590.27388660394,0.9948026602942884,5836313.219309998,59.23129641616
Penuelas,1985-1989,2,25,5,0.0012054993139187082,2.5,0.006009385793465802,98101.82831413028,589.5317333839484,489035.3122371915,0.9938762669304835,5344722.9454233935,54.48137957540549
Penuelas,1985-1989,2,30,5,0.0012516587378929422,2.5,0.006238771656819768,97512.29658074633,608.3569520993769,486040.59052348323,0.9930480975155442,4855687.6331862025,49.79564427718495
Penuelas,1985-1989,2,35,5,0.001539806842906158,2.5,0.007669510303413451,96903.93962864696,743.2057634232478,482661.6837346767,0.9911119691420202,4369647.042662719,45.09256341288063
Penuelas,1985-1989,2,40,5,0.002033479125502287,2.5,0.010115969097526321,96160.73386522371,972.7590121760732,478371.77179567836,0.9876177756501194,3886985.358928042,40.42175223387891
Penuelas,1985-1989,2,45,5,0.0029560126259657034,2.5,0.014671639252642454,95187.97485304764,1396.5636282335036,472448.4651946544,0.9823470123149772,3408613.5871323636,35.809287805467264
Penuelas,1985-1989,2,50,5,0.0041789534620452285,2.5,0.02067872869801795,93791.41122481413,1939.487146922169,464108.3382567653,0.9729960090847098,2936165.1219377094,31.30526648010278
Penuelas,1985-1989,2,55,5,0.006806444057566791,2.5,0.03346281336980796,91851.92407789196,3073.6237930762727,451575.5609067692,0.958976785867996,2472056.7836809442,26.913500272292595
Penuelas,1985-1989,2,60,5,0.010013633006291154,2.5,0.04884536610585097,88778.30028481569,4336.408579666997,433050.47997491097,0.9299069655074822,2020481.222774175,22.758728386240016
Penuelas,1985-1989,2,65,5,0.019382133330811093,2.5,0.0924318505267479,84441.8917051487,7805.120312286119,402696.65774502815,0.8914392303299694,1587430.742799264,18.79909024708021
Penuelas,1985-1989,2,70,5,0.026970065618832948,2.5,0.12633234875491162,76636.77139286257,9681.703331053548,358979.598636679,0.8495738416346058,1184734.0850542358,15.459081372060172
Penuelas,1985-1989,2,75,5,0.03907888414201423,2.5,0.178003933021633,66955.06806180903,11918.265450733139,304979.6766822123,0.7742103034152353,825754.4864175568,12.332964633166652
Penuelas,1985-1989,2,80,5,0.06617968563047066,2.5,0.2839235070527277,55036.80261107589,15626.24201430539,236118.40801961595,0.546601710363813,520774.80973534455,9.462301315275557
Penuelas,1985-1989,2,85,NA,0.11474349432026733,7.222845790705519,1,39410.5605967705,39410.5605967705,284656.40171572857,0,284656.40171572857,7.222845790705519
Penuelas,1990-1994,1,0,1,0.018647591272907885,0.11207966399447597,0.01834386140261238,100000,1834.3861402612383,98371.21124197537,0.9811063363367891,7109240.396379556,71.09240396379556
Penuelas,1990-1994,1,1,4,5.100146024102687e-4,1.597729945593929,0.002037562003331429,98165.61385973876,200.01852483428956,392181.95692641917,0.9979252414370651,7010869.18513758,71.4187882037275
Penuelas,1990-1994,1,5,5,2.390739456756662e-4,2.5,0.0011946557007480767,97965.59533490447,117.0351569440245,489535.3887821623,0.9985423240914894,6618687.228211161,67.56134340412636
Penuelas,1990-1994,1,10,5,3.444985850164974e-4,2.5,0.0017210107106959047,97848.56017796045,168.39842009244603,488821.8048395711,0.996812244443408,6129151.8394289985,62.63916227568096
Penuelas,1990-1994,1,15,5,9.335796613733424e-4,2.5,0.004657029037886223,97680.161757868,454.89934973181516,487263.56041501043,0.9934519921934807,5640330.0345894275,57.74284085002661
Penuelas,1990-1994,1,20,5,0.0016967336866602646,2.5,0.008447834121468292,97225.26240813619,821.3428892401716,484072.9548175805,0.989602528939074,5153066.474174418,53.00131207198664
Penuelas,1990-1994,1,25,5,0.002488124944819867,2.5,0.01236371853286843,96403.91951889601,1191.9109263969294,479039.82027848775,0.9864952740752716,4668993.519356837,48.43157355694104
Penuelas,1990-1994,1,30,5,0.00295365370888653,2.5,0.014660017010394918,95212.00859249909,1395.809665559893,472570.51879859564,0.9848480003362398,4189953.699078349,44.006567669537
Penuelas,1990-1994,1,35,5,0.0031549499573099446,2.5,0.01565130209932445,93816.19892693919,1468.3456712158513,465410.13045665633,0.982252959002277,3717383.180279753,39.62410780652841
Penuelas,1990-1994,1,40,5,0.004015122994167593,2.5,0.019876102480577466,92347.85325572334,1835.5153951720858,457150.4777906865,0.977632231694334,3251973.049823097,35.21438707208446
Penuelas,1990-1994,1,45,5,0.005044825823255863,2.5,0.02490996305410013,90512.33786055126,2254.6589920465485,446925.0418226399,0.968149682843272,2794822.5720324107,30.877807800504304
Penuelas,1990-1994,1,50,5,0.007948462077512404,2.5,0.03896797177287632,88257.6788685047,3439.2227388874744,432690.3374953049,0.9512393565995797,2347897.530209771,26.602756386873807
Penuelas,1990-1994,1,55,5,0.01214814673350398,2.5,0.0589503887365967,84818.45612961723,5000.080960878928,411592.0782458888,0.9236306548834016,1915207.1927144658,22.58007608376765
Penuelas,1990-1994,1,60,5,0.019920940492667086,2.5,0.09487948121517868,79818.3751687383,7573.126027448379,380159.06077507057,0.8938812760526398,1503615.114468577,18.83795694023954
Penuelas,1990-1994,1,65,5,0.02520082889055897,2.5,0.11853612306595634,72245.24914128993,8563.671743142608,339817.0663485931,0.8505372722991716,1123456.0536935064,15.550587298776769
Penuelas,1990-1994,1,70,5,0.04066166565079999,2.5,0.1845482319899463,63681.57739814732,11752.322519159025,289027.080692839,0.7670251822861959,783638.9873449133,12.305583802446948
Penuelas,1990-1994,1,75,5,0.06848309892271837,2.5,0.2923610225435921,51929.25487898829,15182.090056347835,221691.04925407187,0.6647168882534074,494611.90665207437,9.52472566388017
Penuelas,1990-1994,1,80,5,0.09873398274619856,2.5,0.3959384608305042,36747.16482264046,14549.615879761106,147361.78441379953,0.4600567145408724,272920.85739800247,7.42699086351968
Penuelas,1990-1994,1,85,NA,0.17357979610025076,5.656438614339916,1,22197.54894287935,22197.54894287935,125559.07298420295,0,125559.07298420295,5.656438614339916
Penuelas,1990-1994,2,0,1,0.010375167962224019,0.12770622854227984,0.010282112842248637,100000,1028.2112842248607,99103.0977010281,0.9894269034429883,7823171.086806978,78.23171086806978
Penuelas,1990-1994,2,1,4,2.8068854708358207e-4,1.5072710024056615,0.00112196916840735,98971.78871577514,111.04329548122769,395610.35402046604,0.9988193230930258,7724067.98910595,78.04312814116906
Penuelas,1990-1994,2,5,5,1.4115504471645362e-4,2.5,7.055262521081058e-4,98860.74542029391,69.74885119698592,494129.3549734771,0.9992550231552371,7328457.635085484,74.12909546584417
Penuelas,1990-1994,2,10,5,1.5695261925582424e-4,2.5,7.844552904977895e-4,98790.99656909693,77.49711991217919,493761.2400457042,0.9984024289924015,6834328.280112007,69.179667352904
Penuelas,1990-1994,2,15,5,4.828471664177334e-4,2.5,0.002411325078385141,98713.49944918475,238.03033679697546,492972.4214039313,0.9965755332522316,6340567.040066303,64.23201563561496
Penuelas,1990-1994,2,20,5,8.899872644828054e-4,2.5,0.0044400573362070326,98475.46911238777,437.2367290688853,491284.25373926666,0.9950844251437928,5847594.618662371,59.38123140077299
Penuelas,1990-1994,2,25,5,0.001081559163027311,2.5,0.00539321311747315,98038.23238331889,528.7410809035937,488869.3092143354,0.993935802954915,5356310.364923105,54.63491369347124
Penuelas,1990-1994,2,30,5,0.0013523203923339543,2.5,0.0067388193545861175,97509.49130241529,657.0988472445752,485904.7093939651,0.992839847428211,4867441.055708769,49.91761305176867
Penuelas,1990-1994,2,35,5,0.0015226429925203912,2.5,0.007584344340693908,96852.39245517072,734.5618946000322,482425.5575393535,0.9912634342562399,4381536.346314804,45.23931970336045
Penuelas,1990-1994,2,40,5,0.001989363510077688,2.5,0.009897592775624848,96117.83056057068,951.3351453650394,478210.8149394408,0.9884469312483145,3899110.7887754506,40.565946672280994
Penuelas,1990-1994,2,45,5,0.002662625485895057,2.5,0.013225093750293081,95166.49541520565,1258.585823752932,472686.0125166459,0.9832715261905717,3420899.97383601,35.94647421774681
Penuelas,1990-1994,2,50,5,0.004097305709120472,2.5,0.020278807362649517,93907.90959145271,1904.3404084341892,464778.6969361781,0.9725363589438693,2948213.9613193637,31.394735269324997
Penuelas,1990-1994,2,55,5,0.007082666524480441,2.5,0.034797190383710506,92003.56918301852,3201.4657128423714,452014.1816329867,0.9536931419442769,2483435.2643831857,26.992814370527306
Penuelas,1990-1994,2,60,5,0.011995553071175686,2.5,0.05823146867365994,88802.10347017615,5171.076906378672,431082.8250849341,0.9265769867736099,2031421.0827501991,22.875821668260865
Penuelas,1990-1994,2,65,5,0.01875036016151915,2.5,0.08955388195624149,83631.02656379748,7489.483080773614,399431.4251170534,0.8926633703032311,1600338.257665265,19.135700270813434
Penuelas,1990-1994,2,70,5,0.02709228643376868,2.5,0.12686853541650192,76141.54348302387,9659.966106043124,356557.8021500115,0.855240407412665,1200906.8325482116,15.772031634950501
Penuelas,1990-1994,2,75,5,0.03602677134301762,2.5,0.1652502722805327,66481.57737698074,10986.098763185371,304942.6399769403,0.7830867083113693,844349.0303982,12.700496343676647
Penuelas,1990-1994,2,80,5,0.06479301052350393,2.5,0.2788037214695914,55495.47861379537,15472.345962262276,238796.52816332114,0.5572975544898006,539406.3904212598,9.719825901045049
Penuelas,1990-1994,2,85,NA,0.1533373676519227,7.51090287897351,1,40023.132651533095,40023.132651533095,300609.8622579386,0,300609.8622579386,7.51090287897351
Penuelas,1995-1999,1,0,1,0.015417946900306087,0.11852425785778423,0.015211218137657035,100000,1521.1218137656979,98659.16802032216,0.9842860092468104,7181410.777476557,71.81410777476556
Penuelas,1995-1999,1,1,4,4.5847857968373153e-4,1.6071685997512395,0.0018319046059107574,98478.8781862343,180.4039105342963,393483.83660308307,0.9981222321958386,7082751.609456235,71.92153017890779
Penuelas,1995-1999,1,5,5,2.2270890514171663e-4,2.5,0.001112924880004756,98298.4742757,109.39881768793566,491218.87433428015,0.998709276118211,6689267.772853151,68.05057578097913
Penuelas,1995-1999,1,10,5,2.939600688551156e-4,2.5,0.001468720980973838,98189.07545801207,144.21235522760253,490584.8464019914,0.9964739855687446,6198048.898518871,63.12360992918505
Penuelas,1995-1999,1,15,5,0.0011203962369472488,2.5,0.005586333915991725,98044.86310278447,547.7113440398534,488855.0371538227,0.9924751993890254,5707464.052116879,58.212780063076934
Penuelas,1995-1999,1,20,5,0.001903850099836998,2.5,0.009474157062014023,97497.15175874461,923.7033288613748,485176.5004715696,0.9897980744000612,5218609.014963057,53.525758658842
Penuelas,1995-1999,1,25,5,0.002199357825037194,2.5,0.010936655080359167,96573.44842988324,1056.1904953984777,480226.76591092,0.9871938885695237,4733432.514491487,49.013808572116766
Penuelas,1995-1999,1,30,5,0.0029610057163026097,2.5,0.014696239458898174,95517.25793448476,1403.7444950625213,474076.9284347675,0.9837773782477135,4253205.748580568,44.52813910861887
Penuelas,1995-1999,1,35,5,0.003586220889624509,2.5,0.017771770709710588,94113.51343942224,1672.5637815306836,466386.1577432845,0.9813430932655789,3779128.8201458,40.155007310170184
Penuelas,1995-1999,1,40,5,0.003950241083619543,2.5,0.019558057809411358,92440.94965789156,1807.965437365914,457684.834696043,0.9765630923951687,3312742.6624025153,35.83631144706345
Penuelas,1995-1999,1,45,5,0.005554707115756882,2.5,0.027393133494916684,90632.98422052564,2482.7214357955527,446958.1175131393,0.9686791699970088,2855057.8277064725,31.50131105425841
Penuelas,1995-1999,1,50,5,0.007199106888466641,2.5,0.0353591487146287,88150.26278473009,3116.9182510388637,432959.0182960533,0.9555761960359087,2408099.710193333,27.318122874733827
Penuelas,1995-1999,1,55,5,0.011061822951450676,2.5,0.05382072639111103,85033.34453369123,4576.556370268867,413725.331742784,0.9339285714680896,1975140.6918972798,23.227837299927742
Penuelas,1995-1999,1,60,5,0.01645387980491667,2.5,0.0790189771439964,80456.78816342236,6357.613104964839,386389.9080546997,0.9057619692638809,1561415.3601544958,19.406881579500507
Penuelas,1995-1999,1,65,5,0.023451340650561814,2.5,0.11076285938560387,74099.17505845752,8207.43650758917,349977.28402331466,0.8466018018771791,1175025.452099796,15.85747008887491
Penuelas,1995-1999,1,70,5,0.044776586246937894,2.5,0.2013441697764106,65891.73855086835,13266.917393648902,296291.3992702195,0.7786083026742441,825048.1680764813,12.521268769370003
Penuelas,1995-1999,1,75,5,0.05622864864527559,2.5,0.2464932827530267,52624.82115721945,12971.664921333955,230694.94348276235,0.6933954134778567,528756.7688062618,10.047668708014662
Penuelas,1995-1999,1,80,5,0.09577967300140312,2.5,0.38637999182807176,39653.15623588549,15321.186182378686,159962.81572348077,0.4633233707474409,298061.8253234995,7.516723852961752
Penuelas,1995-1999,1,85,NA,0.17580714100361008,5.675619742106144,1,24331.970053506808,24331.970053506808,138099.00960001873,0,138099.00960001873,5.675619742106144
Penuelas,1995-1999,2,0,1,0.010509052283156545,0.12743106011399685,0.010413561253050468,100000,1041.356125305043,99091.34498969879,0.9893108905096241,7853200.271150532,78.53200271150533
Penuelas,1995-1999,2,1,4,2.7428263288402247e-4,1.507057135841287,0.0010963808581744186,98958.64387469496,108.49636289512273,395564.10026511323,0.9988830385055072,7754108.926160833,78.35706536135811
Penuelas,1995-1999,2,5,5,1.1965392581722512e-4,2.5,5.980907193297189e-4,98850.14751179983,59.12135583118652,494102.9341694212,0.9993199859466351,7358544.82589572,74.44141471834753
Penuelas,1995-1999,2,10,5,1.5245536732100905e-4,2.5,7.619864143083277e-4,98791.02615596865,75.27741978642007,493766.93723037717,0.9984558716486616,6864441.891726298,69.48446796057063
Penuelas,1995-1999,2,15,5,4.6591540640271114e-4,2.5,0.0023268667243747255,98715.74873618223,229.6983909059636,493004.4977036462,0.9967920045962841,6370674.954495922,64.53554813752713
Penuelas,1995-1999,2,20,5,8.1991303232281e-4,2.5,0.00409117913389044,98486.05034527626,402.92407415187336,491422.94154100167,0.9950282347761937,5877670.456792275,59.68023325319786
Penuelas,1995-1999,2,25,5,0.001174633056983098,2.5,0.005855968748733186,98083.12627112439,574.3717222217529,488979.70205006754,0.9936847852167138,5386247.515251273,54.915128830237755
Penuelas,1995-1999,2,30,5,0.0013600418124915747,2.5,0.006777165989667515,97508.75454890264,660.8330150236579,485891.6902069541,0.9921633471115021,4897267.813201206,50.22387821336725
Penuelas,1995-1999,2,35,5,0.0017886362644558976,2.5,0.008903369100158539,96847.92153387898,862.2727919993195,482083.9256893966,0.9900547911338167,4411376.122994252,45.54951777102496
Penuelas,1995-1999,2,40,5,0.002211440519882803,2.5,0.010996407844711632,95985.64874187966,1055.497340804941,477289.50035738596,0.9866104554427867,3929292.197304855,40.93624670778996
Penuelas,1995-1999,2,45,5,0.003187050457103971,2.5,0.01580928977501002,94930.15140107472,1500.7782718851813,470898.8113256607,0.9812684546410794,3452002.6969474694,36.36360677823999
Penuelas,1995-1999,2,50,5,0.004387757158706438,2.5,0.021700741830244945,93429.37312918954,2027.4867056381627,462078.1488818523,0.9739295011997424,2981103.8856218085,31.90756595893761
Penuelas,1995-1999,2,55,5,0.00620213511753742,2.5,0.030537186200376765,91401.88642355138,2791.1564247816714,450031.5410558027,0.9630862697395602,2519025.7367399563,27.55988782405352
Penuelas,1995-1999,2,60,5,0.008891578309961998,2.5,0.04349112958849791,88610.7299987697,3853.780741307899,433419.1981405788,0.9374589781015092,2068994.1956841536,23.34925122175249
Penuelas,1995-1999,2,65,5,0.017200571786180303,2.5,0.08245708634836567,84756.9492574618,6988.811083546563,406312.7185784426,0.8923154236083263,1635574.9975435748,19.2972377117453
Penuelas,1995-1999,2,70,5,0.028995642220173118,2.5,0.1351791923578175,77768.13817391524,10512.634109521023,362559.10559577367,0.8479776336078214,1229262.2789651323,15.806759784014577
Penuelas,1995-1999,2,75,5,0.03751667859604362,2.5,0.17149827849503554,67255.50406439422,11534.203166359475,307442.0124060724,0.7874551062823983,866703.1733693586,12.88672481793502
Penuelas,1995-1999,2,80,5,0.060322523166116866,2.5,0.26208808011920043,55721.300898034744,14603.888774110208,242096.78255489818,0.5671131852998619,559261.1609632862,10.03675707404403
Penuelas,1995-1999,2,85,NA,0.10358948514261708,7.713626953283936,1,41117.412123924536,41117.412123924536,317164.378408388,0,317164.378408388,7.713626953283936
Penuelas,2000-2004,1,0,1,0.016016170985309906,0.11733053160736336,0.01579290689538165,100000,1579.2906895381602,98606.00832662791,0.983833824405107,7301216.683543271,73.01216683543271
Penuelas,2000-2004,1,1,4,3.949108557372741e-4,1.6054159715242151,0.0015781510487847315,98420.70931046184,155.32274562044768,393310.90387592564,0.9983261228832632,7202610.675216643,73.18186107048332
Penuelas,2000-2004,1,5,5,1.901300526661311e-4,2.5,9.501986100512248e-4,98265.38656484139,93.37163373005751,491093.50373988185,0.9988952832523117,6809299.771340718,69.29499805964264
Penuelas,2000-2004,1,10,5,2.520350737761842e-4,2.5,0.0012593818478885586,98172.01493111133,123.63605357488268,490550.98452161945,0.9970754876131042,6318206.267600835,64.35852693901015
Penuelas,2000-2004,1,15,5,9.204617828678372e-4,2.5,0.004591742605376648,98048.37887753645,450.21291868010303,489116.36209098203,0.993871568982467,5827655.283079216,59.43652867894965
Penuelas,2000-2004,1,20,5,0.001540350556272304,2.5,0.007672208056492382,97598.16595885635,748.7934351684089,486118.84620636073,0.9912020508422438,5338538.920988234,54.69917255656994
Penuelas,2000-2004,1,25,5,0.0019963932733479857,2.5,0.009932393955537237,96849.37252368794,961.9461222518585,481841.99731281004,0.9895245258542958,4852420.074781873,50.10275181282194
Penuelas,2000-2004,1,30,5,0.0022170207282530413,2.5,0.011024002535938979,95887.42640143608,1057.0632318140852,476794.47392764525,0.9878542247105014,4370578.077469063,45.58030433699914
Penuelas,2000-2004,1,35,5,0.00267376432825439,2.5,0.01328005231587312,94830.363169622,1259.3521840258327,471003.4353880454,0.9853735786426845,3893783.603541418,41.060515571122
Penuelas,2000-2004,1,40,5,0.00322395920037532,2.5,0.01599091089115182,93571.01098559616,1496.2856986656552,464114.3406813167,0.9825275834006162,3422780.1681533726,36.579493286443785
Penuelas,2000-2004,1,45,5,0.003831961059400673,2.5,0.018977997924423916,92074.72528693051,1747.393945387259,456005.1415711844,0.9711376073156817,2958665.827472056,32.133311484253994
Penuelas,2000-2004,1,50,5,0.007942227709259597,2.5,0.03893800234341036,90327.33134154325,3517.165839451016,442843.7421090887,0.9532421015592758,2502660.6859008716,27.706571740040445
Penuelas,2000-2004,1,55,5,0.011288770868835646,2.5,0.054894622311172966,86810.16550209223,4765.411248007775,422137.2993904417,0.9368835812564354,2059816.943791783,23.72783108842407
Penuelas,2000-2004,1,60,5,0.014898112111081808,2.5,0.07181576235802728,82044.75425408446,5892.1065742340725,395493.5048348371,0.916485244710575,1637679.6444013412,19.960808698745197
Penuelas,2000-2004,1,65,5,0.020194313123429383,2.5,0.09611892637631883,76152.64767985039,7319.710735701301,362463.9615599987,0.8622258704852749,1242186.1395665042,16.311791873458137
Penuelas,2000-2004,1,70,5,0.04049442249141709,2.5,0.18385895677126815,68832.93694414909,12655.551978053729,312525.8047756111,0.7864497357965584,879722.1780065055,12.780541076146589
Penuelas,2000-2004,1,75,5,0.05712467198486171,2.5,0.24993038217264926,56177.38496609536,14040.435294036251,245785.83659538615,0.6964060877459549,567196.3732308943,10.096525026453499
Penuelas,2000-2004,1,80,5,0.09234969947623045,2.5,0.37513864464413627,42136.949672059105,15807.198189414434,171166.75288675944,0.4674513328700576,321410.5366355082,7.627759938414209
Penuelas,2000-2004,1,85,NA,0.16998640509201904,5.706236302601731,1,26329.75148264467,26329.75148264467,150243.78374874877,0,150243.78374874877,5.706236302601731
Penuelas,2000-2004,2,0,1,0.007603415205041005,0.13340292883153537,0.00755364351260762,100000,755.3643512607523,99345.40346553236,0.9922149723764152,8072920.275123128,80.72920275123128
Penuelas,2000-2004,2,1,4,2.1925337187709206e-4,1.5117102220049874,8.765352797285358e-4,99244.63564873925,86.9914244699321,396762.08272267523,0.9990961810924072,7973574.871657595,80.34262828954108
Penuelas,2000-2004,2,5,5,1.0420570161452861e-4,2.5,5.208928080713155e-4,99157.64422426932,51.650503741708235,495659.09486199234,0.9994223904415531,7576812.78893492,76.41178699040188
Penuelas,2000-2004,2,10,5,1.2691142701755609e-4,2.5,6.343558675668058e-4,99105.99372052761,62.86846862765378,495372.7974310689,0.9986131909786683,7081153.694072927,71.45030717356325
Penuelas,2000-2004,2,15,5,4.284062992357142e-4,2.5,0.002139739801154721,99043.12525189995,211.92651713224768,494685.8099666692,0.9970671266268196,6585780.896641859,66.49407396921295
Penuelas,2000-2004,2,20,5,7.469337120319551e-4,2.5,0.0037277076838156693,98831.1987347677,368.4138189242949,493234.95912652777,0.9957285096648234,6091095.086675189,61.631298260600886
Penuelas,2000-2004,2,25,5,9.657877751862312e-4,2.5,0.004817307633875885,98462.78491584341,474.3255254277901,491128.1107656476,0.9947671141525615,5597860.127548662,56.85254720687799
Penuelas,2000-2004,2,30,5,0.0011332969775036943,2.5,0.005650475719881472,97988.45939041562,553.6814106141246,488558.0934255428,0.9938435598343758,5106732.016783014,52.11564758290822
Penuelas,2000-2004,2,35,5,0.001337513410025546,2.5,0.006665279797351406,97434.7779798015,649.4300572281936,485550.314755937,0.9924216833326255,4618173.923357472,47.397592719047736
Penuelas,2000-2004,2,40,5,0.001706747530179242,2.5,0.008497480018311208,96785.3479225733,822.431560037352,481870.66071277315,0.9892408653412778,4132623.6086015343,42.69885573906875
Penuelas,2000-2004,2,45,5,0.0026251506830075604,2.5,0.013040172371518728,95962.91636253595,1251.3729706411104,476686.14938607696,0.9838344656051989,3650752.9478887613,38.043372234506414
Penuelas,2000-2004,2,50,5,0.003904176169057121,2.5,0.01933219015503815,94711.54339189484,1830.9815667292714,468980.26304265106,0.9761016705117916,3174066.798502684,33.51298780307187
Penuelas,2000-2004,2,55,5,0.005793613305938737,2.5,0.028554482455941346,92880.56182516557,2652.1563731346687,457772.4181929912,0.9585562457717343,2705086.5354600335,29.12435586416858
Penuelas,2000-2004,2,60,5,0.011250136267888419,2.5,0.05471189077277328,90228.4054520309,4936.566663693011,438800.61060092197,0.9380809100276193,2247314.117267042,24.906947052963336
Penuelas,2000-2004,2,65,5,0.014409737557356223,2.5,0.06954343130203039,85291.83878833789,5931.4871314006305,411630.4761131879,0.9133162307485965,1808513.5066661201,21.203828318840298
Penuelas,2000-2004,2,70,5,0.022187025108046144,2.5,0.10510519645821914,79360.35165693726,8341.18535189575,375948.79490494693,0.8715599397672221,1396883.0305529323,17.601774707242292
Penuelas,2000-2004,2,75,5,0.03349052389083056,2.5,0.1545155985890236,71019.16630504151,10973.56899291691,327661.9090429153,0.8136879074279295,1020934.2356479852,14.375474801589036
Penuelas,2000-2004,2,80,5,0.0504300392858329,2.5,0.2239195208463045,60045.5973121246,13445.381379061088,266614.5331129703,0.6154259691590862,693272.32660507,11.545764512947601
Penuelas,2000-2004,2,85,NA,0.1346095189961679,9.155704216155359,1,46600.21593306351,46600.21593306351,426657.7934920997,0,426657.7934920997,9.155704216155359
Penuelas,2005-2009,1,0,1,0.013149714242409894,0.12305040271498319,0.012999805212705365,100000,1299.9805212705396,98859.98260539344,0.9865781768685963,7429467.078243918,74.29467078243918
Penuelas,2005-2009,1,1,4,3.941587614995623e-4,1.6138315868941189,0.0015751535680943324,98700.01947872946,155.46768785289896,394429.10582890466,0.9984012899243532,7330607.095638524,74.27158712180722
Penuelas,2005-2009,1,5,5,1.805454191688697e-4,2.5,9.023198215683249e-4,98544.55179087656,88.91870238847332,492500.4621984116,0.9989737227663414,6936177.989809619,70.38621480088545
Penuelas,2005-2009,1,10,5,2.3020172508422026e-4,2.5,0.0011503465959939948,98455.63308848809,113.25810237976839,491995.020186491,0.9974439824378774,6443677.527611208,65.44752519969967
Penuelas,2005-2009,1,15,5,7.94235379342876e-4,2.5,0.003963307399324991,98342.37498610832,389.76106244964467,490737.47227441747,0.9940304171651209,5951682.507424717,60.5200200652612
Penuelas,2005-2009,1,20,5,0.0016031679987756806,2.5,0.007983841396293807,97952.61392365868,782.0381339189044,487807.97428349615,0.9907114323159218,5460945.0351503,55.750886233688426
Penuelas,2005-2009,1,25,5,0.0021320628852720892,2.5,0.010603794534435641,97170.57578973977,1030.3768204671942,483276.93689753086,0.9886968924686794,4973137.060866803,51.179454484532506
Penuelas,2005-2009,1,30,5,0.0024164940190017667,2.5,0.012009915373337864,96140.19896927258,1154.6356535968225,477814.4057123708,0.9881053644846018,4489860.123969273,46.70117362045693
Penuelas,2005-2009,1,35,5,0.0023695450620073743,2.5,0.01177795432625108,94985.56331567575,1118.7356263852707,472130.9775124156,0.9850440204151596,4012045.7182569015,42.2384789667798
Penuelas,2005-2009,1,40,5,0.0036677008306756796,2.5,0.01817188159036856,93866.82768929048,1705.7368780333054,465069.7962513692,0.9797410310396373,3539914.740744486,37.71209518725819
Penuelas,2005-2009,1,45,5,0.004527611494194901,2.5,0.02238468458294533,92161.09081125718,2062.9969486301707,455647.96168471046,0.9741423731975802,3074844.944493117,33.363808060717254
Penuelas,2005-2009,1,50,5,0.005969804195750206,2.5,0.029410089785257477,90098.093862627,2649.7930299804284,443865.98673818394,0.9634544268395993,2619196.9828084065,29.070503831101117
Penuelas,2005-2009,1,55,5,0.008976475510916845,2.5,0.04389727061784137,87448.30083264658,3838.741726721084,427644.64984643017,0.9425261621500584,2175330.9960702225,24.875623372411123
Penuelas,2005-2009,1,60,5,0.014867555078888973,2.5,0.07167374212264846,83609.5591059255,5992.609978346431,403066.2705837614,0.916213985746628,1747686.3462237923,20.90294895598764
Penuelas,2005-2009,1,65,5,0.020352069399229317,2.5,0.09683344453765466,77616.94912757906,7515.916538527381,369294.95429157687,0.8771652067437362,1344620.075640031,17.323794490168346
Penuelas,2005-2009,1,70,5,0.03281234559008773,2.5,0.15162388931097623,70101.03258905168,10628.99120586751,323932.68493058963,0.8077889988099869,975325.121348454,13.913134875858868
Penuelas,2005-2009,1,75,5,0.054558869891572326,2.5,0.24005194268714397,59472.04138318417,14276.37906960358,261669.25924191193,0.7220362111829778,651392.4364178644,10.952918737409387
Penuelas,2005-2009,1,80,5,0.07842632371922169,2.5,0.3278512064701876,45195.66231358059,14817.452416726592,188934.68052608648,0.5152079948255525,389723.17717595247,8.623021706639461
Penuelas,2005-2009,1,85,NA,0.16019727322809563,6.609622401439127,1,30378.209896854,30378.209896854,200788.496649866,0,200788.496649866,6.609622401439127
Penuelas,2005-2009,2,0,1,0.007185263933614469,0.13426234259516018,0.007140843931434514,100000,714.0843931434501,99381.79025029064,0.9926460707007065,8279671.015749369,82.79671015749369
Penuelas,2005-2009,2,1,4,2.04992391144793e-4,1.5123818469235562,8.195516401264259e-4,99285.91560685655,81.36993497706135,396941.24510006263,0.9991405603241283,8180289.225499079,82.39123520692152
Penuelas,2005-2009,2,5,5,1.018379632642977e-4,2.5,5.090602121835193e-4,99204.54567187949,50.50108706930769,495896.47564172413,0.9994491634920689,7783347.980399015,78.45757397188788
Penuelas,2005-2009,2,10,5,1.1856194815762882e-4,2.5,5.926340811601267e-4,99154.04458481018,58.762066105831764,495623.3177587863,0.9987367071760932,7287451.504757292,73.49626064445673
Penuelas,2005-2009,2,15,5,3.8724438445710826e-4,2.5,0.0019343492575666125,99095.28251870435,191.6848861683975,494997.20037810074,0.9973367183414225,6791828.186998505,68.53836039789826
Penuelas,2005-2009,2,20,5,6.798789882132371e-4,2.5,0.0033936268021745966,98903.59763253595,335.6418997572764,493678.88341328653,0.9961246196545883,6296830.986620405,63.66634922640023
Penuelas,2005-2009,2,25,5,8.736589105218554e-4,2.5,0.004358774347490179,98567.95573277868,429.6354769325844,491765.6899715619,0.9950080516680048,5803152.103207118,58.874631821924716
Penuelas,2005-2009,2,30,5,0.0011287551094621676,2.5,0.005627894261303439,98138.32025584609,552.3120893818414,489310.82105577586,0.9942034654512661,5311386.413235556,54.12143186666329
Penuelas,2005-2009,2,35,5,0.0011967959792730442,2.5,0.005966129297477611,97586.00816646425,582.2107423458219,486474.5139764567,0.9931048306105423,4822075.59217978,49.413596096216814
Penuelas,2005-2009,2,40,5,0.0015721117533485272,2.5,0.007829785522128794,97003.79742411843,759.5189286628738,483120.18979893497,0.9910272594738586,4335601.078203323,44.69516857414642
Penuelas,2005-2009,2,45,5,0.0020352461931055508,2.5,0.010124715245130431,96244.27849545555,974.445913739517,478785.27769292897,0.9864991388980419,3852480.8884043884,40.02815490571
Penuelas,2005-2009,2,50,5,0.003411151733428412,2.5,0.016911539102332403,95269.83258171604,1611.1594989783625,472321.26416113426,0.9802385540678005,3373695.6107114595,35.41200314189417
Penuelas,2005-2009,2,55,5,0.004584013371851718,2.5,0.022660378167926116,93658.67308273767,2122.340950761005,462987.5130367859,0.9646041782138347,2901374.3465503254,30.978170531919275
Penuelas,2005-2009,2,60,5,0.009925641583206983,2.5,0.048426546555479476,91536.33213197667,4432.788449506988,446599.6895361159,0.9444561754899636,2438386.8335135393,26.638459032833914
Penuelas,2005-2009,2,65,5,0.013014778811129847,2.5,0.06302330802105005,87103.54368246968,5489.553463225282,421793.83475428517,0.9210280855735851,1991787.1439774234,22.866889907927906
Penuelas,2005-2009,2,70,5,0.020166580422863935,2.5,0.09599326249397508,81613.9902192444,7834.393186296642,388483.9681304804,0.8881936580897395,1569993.3092231383,19.236815955274018
Penuelas,2005-2009,2,75,5,0.027647074618899408,2.5,0.12929855602794565,73779.59703294776,9539.595360683845,345048.99676302914,0.8421645597785358,1181509.3410926578,16.014038956664823
Penuelas,2005-2009,2,80,5,0.042137965861468125,2.5,0.19061003177759636,64240.00167226391,12244.788760143078,290588.03646096186,0.6525979522748921,836460.3443296287,13.020864298806153
Penuelas,2005-2009,2,85,NA,0.1285715096191586,10.498510868515284,1,51995.212912120835,51995.212912120835,545872.3078686668,0,545872.3078686668,10.498510868515284
Penuelas,2010-2014,1,0,1,0.011118034760110035,0.12710451753793844,0.011011172625617736,100000,1101.117262561762,99038.83971584885,0.9886114732123068,7668076.664331747,76.68076664331747
Penuelas,2010-2014,1,1,4,3.493115408501765e-4,1.6198233368790138,0.0013960854256198098,98898.88273743824,138.07128879982338,395266.8968903046,0.9985285961914048,7569037.824615899,76.53309739312792
Penuelas,2010-2014,1,5,5,1.828637350647754e-4,2.5,9.139008770042571e-4,98760.81144863841,90.2575921965763,493578.41326270066,0.9989622690885893,7173770.927725594,72.63782893740589
Penuelas,2010-2014,1,10,5,2.3246987067022349e-4,2.5,0.0011616742177132358,98670.55385644184,114.6230384625087,493066.2116860529,0.9975280061020333,6680192.514462893,67.70198659452207
Penuelas,2010-2014,1,15,5,7.582019591329179e-4,2.5,0.003783837513125858,98555.93081797933,372.9196281701006,491847.35501947143,0.9947103345341372,6187126.3027768405,62.77781815285882
Penuelas,2010-2014,1,20,5,0.0013648840070089653,2.5,0.006801212868364092,98183.01118980923,667.7635591588769,489245.64705114893,0.9915565112411792,5695278.947757369,58.0067659235583
Penuelas,2010-2014,1,25,5,0.0020296488134602278,2.5,0.010097010603324805,97515.24763065035,984.6124893125088,485114.70692997053,0.9903148598312707,5206033.30070622,53.386864384784616
Penuelas,2010-2014,1,30,5,0.0018624452977972462,2.5,0.009269068655654522,96530.63514133784,894.7490844989952,480416.3029954417,0.9888858607596743,4720918.593776249,48.90591040724008
Penuelas,2010-2014,1,35,5,0.0026122432333581906,2.5,0.012976471914412735,95635.88605683885,1241.0163894265424,475076.8893106279,0.986036015584894,4240502.290780808,44.34007427149856
Penuelas,2010-2014,1,40,5,0.003015458346032663,2.5,0.014964479816273269,94394.8696674123,1412.5701218977338,468442.9230323172,0.9823670398050396,3765425.4014701797,39.89014884746546
Penuelas,2010-2014,1,45,5,0.0041102007379572045,2.5,0.020341979640461683,92982.29954551457,1891.444044278178,460182.88761687744,0.9741873499718184,3296982.4784378624,35.45817316363529
Penuelas,2010-2014,1,50,5,0.0063795318975299505,2.5,0.0313969154289915,91090.8555012364,2859.9718865267932,448304.347789865,0.9648985893286012,2836799.590820985,31.142528799528954
Penuelas,2010-2014,1,55,5,0.007939728025056322,2.5,0.03892598577488217,88230.8836147096,3434.4741204914753,432568.23277231934,0.9457553374909979,2388495.24303112,27.070965915532515
Penuelas,2010-2014,1,60,5,0.01454724751016846,2.5,0.07018378531055922,84796.40949421813,5951.332999048478,409103.71497346944,0.9233964633943238,1955927.0102588008,23.06615364878352
Penuelas,2010-2014,1,65,5,0.017429314243787814,2.5,0.08350785941022204,78845.07649516965,6584.1835631468275,377764.92356798117,0.893635405095115,1546823.2952853313,19.618514738584796
Penuelas,2010-2014,1,70,5,0.02810600785842061,2.5,0.13130396370291342,72260.89293202282,9488.141662686437,337584.110503398,0.8468715877564043,1169058.37171735,16.17829955155834
Penuelas,2010-2014,1,75,5,0.03913858667384142,2.5,0.17825164019535628,62772.75126933638,11189.345873334336,285890.3916633461,0.785287584594471,831474.2612139521,13.245783312035835
Penuelas,2010-2014,1,80,5,0.05952772004221921,2.5,0.259082172613004,51583.40539600205,13364.340740773565,224506.17512807634,0.5885029091622511,545583.869550606,10.576732291367707
Penuelas,2010-2014,1,85,NA,0.15645207105898554,8.400982528456653,1,38219.06465522848,38219.06465522848,321077.6944225297,0,321077.6944225297,8.400982528456653
Penuelas,2010-2014,2,0,1,0.006430549336560834,0.1358134848650466,0.006395011019555114,100000,639.5011019555095,99447.35177127611,0.9933884956874509,8242581.136280151,82.42581136280151
Penuelas,2010-2014,2,1,4,1.9752581970587066e-4,1.5135953170711838,7.89715426578516e-4,99360.49889804449,78.46651877231488,397246.89607244934,0.9992054820795927,8143133.784508875,81.95544381137502
Penuelas,2010-2014,2,5,5,8.909661026407905e-5,2.5,4.453838458430678e-4,99282.03237927218,44.21861340419855,496299.61536285037,0.9994922331000515,7745886.8884364255,78.0190201873183
Penuelas,2010-2014,2,10,5,1.140680697054286e-4,2.5,5.701777508385752e-4,99237.81376586798,56.5831934511516,496047.61084571196,0.9988522182785521,7249587.2730735745,73.05267012610278
Penuelas,2010-2014,2,15,5,3.4544110986552004e-4,2.5,0.0017257152168780247,99181.23057241683,171.1585588275193,495478.25646501535,0.9974874920301894,6753539.662227863,68.09292063881774
Penuelas,2010-2014,2,20,5,6.6122340713901e-4,2.5,0.0033006608501621633,99010.0720135893,326.7986684669886,494233.3633967791,0.9962948177543423,6258061.4057628475,63.20631101958917
Penuelas,2010-2014,2,25,5,8.23902198923712e-4,2.5,0.004111043250683289,98683.27334512232,405.69120484078303,492402.13871350966,0.995518232147477,5763828.042366069,58.40734551040266
Penuelas,2010-2014,2,30,5,9.73166448188094e-4,2.5,0.004854022810595442,98277.58214028153,477.0416254791053,490195.3066377099,0.9945229871030765,5271425.903652559,53.638131798237765
Penuelas,2010-2014,2,35,5,0.001224344460984376,2.5,0.006103041741543342,97800.54051480243,596.8807811073348,487510.5006212438,0.9933431939402951,4781230.597014849,48.88756822659067
Penuelas,2010-2014,2,40,5,0.0014480171321173039,2.5,0.007213970777395863,97203.6597336951,701.2243607747951,484265.2377665385,0.991125405946253,4293720.096393605,44.17241190462308
Penuelas,2010-2014,2,45,5,0.0021206403112780845,2.5,0.010547284066973113,96502.4353729203,1017.8385990329116,479967.5803670192,0.9871250002098655,3809454.8586270665,39.475219914460766
Penuelas,2010-2014,2,50,5,0.003068871322407631,2.5,0.015227528299762424,95484.59677388739,1453.9943995657668,473787.9978705225,0.9820136123874014,3329487.2782600475,34.86936522489015
Penuelas,2010-2014,2,55,5,0.004201249015888679,2.5,0.020787907143372204,94030.60237432162,1954.6994307927525,465266.2632946262,0.9729418327378996,2855699.280389525,30.369892442264888
Penuelas,2010-2014,2,60,5,0.006806180663767803,2.5,0.03346154010080406,92075.90294352887,3081.0015186626406,452677.01092098776,0.9567123434339931,2390433.017094899,25.961548468994945
Penuelas,2010-2014,2,65,5,0.010984369580635608,2.5,0.05345395296587045,88994.90142486623,4757.129274967068,433081.6839369135,0.9316250466990579,1937756.006173911,21.773786757995993
Penuelas,2010-2014,2,70,5,0.017566736529602812,2.5,0.0841385818975906,84237.77214989916,7087.646690904876,403469.74402223364,0.8906706260800165,1504674.3222369975,17.862228354751174
Penuelas,2010-2014,2,75,5,0.029376755303525588,2.5,0.13683439981635342,77150.12545899428,10556.791112937848,359358.6495126268,0.8273797833145797,1101204.578214764,14.273529325627088
Penuelas,2010-2014,2,80,5,0.047948151708172716,2.5,0.2140790246609155,66593.33434605644,14256.236065722012,297326.0815659772,0.5992077733901559,741845.9287021371,11.139942698274998
Penuelas,2010-2014,2,85,NA,0.1435710561129266,8.493398788659773,1,52337.09828033442,52337.09828033442,444519.84713615983,0,444519.84713615983,8.493398788659773
Penuelas,2015-2019,1,0,1,0.00913456203522457,0.13106243818681113,0.009062628652242862,100000,906.2628652242856,99212.51415553018,0.9905665919538985,7681904.996803299,76.81904996803299
Penuelas,2015-2019,1,1,4,3.234463469092856e-4,1.6256942998707924,0.0012927925739989565,99093.73713477571,128.10764749764348,396070.7818214191,0.9986804340553195,7582692.482647768,76.52040080327858
Penuelas,2015-2019,1,5,5,1.6045167925574926e-4,2.5,8.019367160468798e-4,98965.62948727807,79.3641719125444,494629.737006609,0.9991112072192756,7186621.70082635,72.61734945817913
Penuelas,2015-2019,1,10,5,1.952389600122135e-4,2.5,9.757185543715172e-4,98886.26531536553,96.48516384069808,494190.1136672259,0.997873461057144,6691991.96381974,67.6736242639745
Penuelas,2015-2019,1,15,5,6.567732710677645e-4,2.5,0.00327848330482819,98789.78015152483,323.88064491441764,493139.1991453381,0.9947804131263193,6197801.850152514,62.73727748605432
Penuelas,2015-2019,1,20,5,0.0014385702206451143,2.5,0.007167075250663753,98465.89950661041,705.712511388163,490565.21625458164,0.9921862942929,5704662.651007176,57.93541398181407
Penuelas,2015-2019,1,25,5,0.0017001969004189063,2.5,0.008465004067898844,97760.18699522225,827.5403805931273,486732.08402462845,0.9909430881094269,5214097.434752595,53.33559187041468
Penuelas,2015-2019,1,30,5,0.0019401395285760141,2.5,0.009653872991393931,96932.64661462912,935.7754591372941,482323.79442530236,0.9901177250863802,4727365.350727966,48.76958915113858
Penuelas,2015-2019,1,35,5,0.0020328597154407823,2.5,0.010112903292928056,95996.87115549183,970.80707441915,477557.3380914113,0.9873574597852971,4245041.556302664,44.220624122495806
Penuelas,2015-2019,1,40,5,0.003062878940619899,2.5,0.015198020461076144,95026.06408107268,1444.2080662396766,471519.80023976415,0.9835197775795776,3767484.2182112527,39.64685115230045
Penuelas,2015-2019,1,45,5,0.003588346780615209,2.5,0.017782212044718835,93581.856014833,1664.0924071941263,463749.0490561797,0.9777650451443037,3295964.4179714886,35.22012234347082
Penuelas,2015-2019,1,50,5,0.005426288440164266,2.5,0.026768310762685613,91917.76360763887,2460.4832608603465,453437.6098860435,0.9678023941960687,2832215.3689153087,30.812492142486548
Penuelas,2015-2019,1,55,5,0.0077006979173667835,2.5,0.037776231224051375,89457.28034677853,3379.3589070546877,438838.0044662559,0.9510933653954005,2378777.759029265,26.591214821286794
Penuelas,2015-2019,1,60,5,0.012471915330354234,2.5,0.060474009826173555,86077.92143972384,5205.477066962456,417375.9145312131,0.9293542534229541,1939939.7545630094,22.537019041769664
Penuelas,2015-2019,1,65,5,0.01698640022609292,2.5,0.0814722025317026,80872.44437276138,6588.856167171471,387890.08144587826,0.8921695683772255,1522563.8400317961,18.826732045020396
Penuelas,2015-2019,1,70,5,0.029305833049846845,2.5,0.13652660082279447,74283.58820558991,10141.685794629411,346063.72654137603,0.8380926691897777,1134673.758585918,15.274891614626293
Penuelas,2015-2019,1,75,5,0.04230689585737587,2.5,0.19130109095571482,64141.9024109605,12270.415907191738,290033.47228682315,0.7676486676782518,788610.0320445419,12.294771473909153
Penuelas,2015-2019,1,80,5,0.06595938897994118,2.5,0.2831121790434858,51871.48650376876,14685.449574306738,222643.80858307696,0.5534410829677395,498576.55975771876,9.611765410299054
Penuelas,2015-2019,1,85,NA,0.15524441863295405,7.420332306399229,1,37186.036929462025,37186.036929462025,275932.75117464183,0,275932.75117464183,7.420332306399229
Penuelas,2015-2019,2,0,1,0.005306330442077881,0.13812405823231058,0.005282172959937392,100000,528.2172959937452,99544.74222055741,0.994527705707982,8359607.590001185,83.59607590001185
Penuelas,2015-2019,2,1,4,1.7003156178523496e-4,1.515405904594182,6.798390427370289e-4,99471.78270400625,67.62480153283104,397719.11063343356,0.9993114015327258,8260062.847780628,83.03925619147421
Penuelas,2015-2019,2,5,5,7.997383710123782e-5,2.5,3.9978925380454265e-4,99404.15790247342,39.74071411290788,496921.43772708485,0.9995314802955225,7862343.737147194,79.09471699223116
Penuelas,2015-2019,2,10,5,1.0748440325053908e-4,2.5,5.372776438353767e-4,99364.41718836052,53.38627994804119,496688.62024193245,0.9989123848008119,7365422.29942011,74.12535098412363
Penuelas,2015-2019,2,15,5,3.279183253795244e-4,2.5,0.0016382485975559573,99311.03090841247,162.6961571075226,496148.41414929356,0.997570089112983,6868733.679178177,69.16385437094821
Penuelas,2015-2019,2,20,5,6.456148158973202e-4,2.5,0.003222872244309924,99148.33475130495,319.5424161395349,494942.8177161759,0.99649362282475,6372585.265028884,64.27324554681954
Penuelas,2015-2019,2,25,5,7.595994965397262e-4,2.5,0.0037907987606234984,98828.79233516542,374.6400634980673,493207.36151708197,0.9958535854021215,5877642.447312708,59.47297653278432
Penuelas,2015-2019,2,30,5,9.027093498374044e-4,2.5,0.004503383632908693,98454.15227166735,443.37681793213414,491162.3193135064,0.9950662967911212,5384435.085795626,54.68977144750788
Penuelas,2015-2019,2,35,5,0.0010760809979868742,2.5,0.005365969445544051,98010.77545373522,525.9228264188132,488739.070202629,0.9940551118427348,4893272.766482119,49.92586523092993
Penuelas,2015-2019,2,40,5,0.0013096600474252547,2.5,0.0065269300882041265,97484.8526273164,636.2768177573744,485833.5710921886,0.9922449784999923,4404533.69627949,45.1817239045124
Penuelas,2015-2019,2,45,5,0.001806356889089357,2.5,0.00899118124001192,96848.57580955903,870.7830979407881,482065.92130294314,0.9883469141998057,3918700.1251873015,40.462134754495
Penuelas,2015-2019,2,50,5,0.002888537809924513,2.5,0.014339141171036603,95977.79271161824,1376.239118976373,476448.36576065025,0.9832986532918973,3436634.2038843585,35.806555941647005
Penuelas,2015-2019,2,55,5,0.0038564080817376496,2.5,0.019097917004982323,94601.55359264187,1806.6926190546656,468491.0364155727,0.9742360964718354,2960185.838123708,31.291091168231638
Penuelas,2015-2019,2,60,5,0.006619702711574268,2.5,0.032559675133449165,92794.8609735872,3021.370527353589,456420.878549552,0.959083268513704,2491694.8017081358,26.85164647660136
Penuelas,2015-2019,2,65,5,0.010162819228458802,2.5,0.049555048639346115,89773.49044623361,4448.729685586979,437745.6280172006,0.9381235205294811,2035273.9231585835,22.671212994414343
Penuelas,2015-2019,2,70,5,0.015549948637377048,2.5,0.07484033478221633,85324.76076064663,6385.733660539307,410659.4696518849,0.9040928424108712,1597528.2951413828,18.7229156097229
Penuelas,2015-2019,2,75,5,0.025232933309637884,2.5,0.11867817063578308,78939.02710010733,9368.339328009242,371274.28718051355,0.844244972994739,1186868.825489498,15.03526036600829
Penuelas,2015-2019,2,80,5,0.04390796353927174,2.5,0.19782462647975127,69570.68777209808,13762.795322454702,313446.45055435365,0.6156834850755145,815594.5383089845,11.723249610248724
Penuelas,2015-2019,2,85,NA,0.11222192830577017,8.997797008868046,1,55807.89244964338,55807.89244964338,502148.08775463083,0,502148.08775463083,8.997797008868046
Penuelas,2020-2024,1,0,1,0.011434817120060736,0.1264723941777748,0.011321728580179696,100000,1132.1728580179624,99011.01575395867,0.9882968982834567,7737488.959529515,77.37488959529516
Penuelas,2020-2024,1,1,4,3.5485920064501586e-4,1.6188876317879186,0.0014182384483431881,98867.82714198204,140.21815375691222,395137.4333877697,0.9985691554063305,7638477.943775556,77.259490418517
Penuelas,2020-2024,1,5,5,1.5940732700514594e-4,2.5,7.967191278593649e-4,98727.60898822513,78.65817452874035,493441.39950480376,0.9991165108939752,7243340.510387787,73.36691918925813
Penuelas,2020-2024,1,10,5,1.9415985352018474e-4,2.5,9.703282706137015e-4,98648.95081369639,95.72186584091105,493005.44940387964,0.9980042849472235,6749899.110882983,68.42342523875914
Penuelas,2020-2024,1,15,5,6.053342422496624e-4,2.5,0.0030220977630997367,98553.22894785547,297.8374927495752,492021.55100740347,0.9957547931613357,6256893.661479103,63.48745473159105
Penuelas,2020-2024,1,20,5,0.0010974072138249806,2.5,0.005472023474038329,98255.3914551059,537.6558084931457,489932.81775429664,0.9934210249560885,5764872.110471699,58.672323473524
Penuelas,2020-2024,1,25,5,0.0015443429977812628,2.5,0.007692017206626646,97717.73564661275,751.6465039863397,486709.5619730979,0.9911289823872711,5274939.292717403,53.98139097076234
Penuelas,2020-2024,1,30,5,0.002022001256065832,2.5,0.010059157209050004,96966.08914262641,975.3971346324397,482391.95287655096,0.9890018381430842,4788229.730744305,49.380456333567786
Penuelas,2020-2024,1,35,5,0.0024036997657799672,2.5,0.01194670808036331,95990.69200799397,1146.772775851583,477086.5281003409,0.986591890607759,4305837.777867754,44.85682609215037
Penuelas,2020-2024,1,40,5,0.002999765170675914,2.5,0.014887180737713196,94843.91923214239,1411.9585674819682,470689.69974200707,0.9833729118305888,3828751.2497674134,40.36896915231924
Penuelas,2020-2024,1,45,5,0.0037128032033055757,2.5,0.018393289357414046,93431.96066466042,1718.5210877356294,462863.50060396304,0.9773261971886508,3358061.5500254063,35.94125100379655
Penuelas,2020-2024,1,50,5,0.005480992872843391,2.5,0.02703452427700945,91713.4395769248,2479.429208770409,452368.62486269796,0.9672945572823308,2895198.049421443,31.567871216879738
Penuelas,2020-2024,1,55,5,0.007858189790274639,2.5,0.038533931582030556,89234.01036815438,3438.5372503166727,437573.7087149802,0.9540227750927311,2442829.424558745,27.375542290213332
Penuelas,2020-2024,1,60,5,0.011040302650645963,2.5,0.05371883282223742,85795.47311783771,4608.832677321887,417455.2838958838,0.9284717168455096,2005255.715843765,23.372511893367633
Penuelas,2020-2024,1,65,5,0.018924658977063816,2.5,0.09034874682848375,81186.64044051582,7335.1112230153085,387595.42414504086,0.8957078579676847,1587800.4319478814,19.557410225777698
Penuelas,2020-2024,1,70,5,0.025446017507959162,2.5,0.1196204287303412,73851.52921750052,8834.151587388718,347172.26711903076,0.8557664193462803,1200205.0078028403,16.25159316969741
Penuelas,2020-2024,1,75,5,0.03768249609299071,2.5,0.17219101256900446,65017.3776301118,11195.40808871029,297098.3679287833,0.7884393366834974,853032.7406838096,13.120072998587698
Penuelas,2020-2024,1,80,5,0.0595375789227701,2.5,0.25911952211758504,53821.96954140151,13946.323026995182,234244.04013951955,0.5786480354170515,555934.3727550263,10.32913469150148
Penuelas,2020-2024,1,85,NA,0.1353830325751049,8.067338356489998,1,39875.646514406326,39875.646514406326,321690.33261550684,0,321690.33261550684,8.067338356489998
Penuelas,2020-2024,2,0,1,0.005829036684470464,0.1370497557735084,0.0057998623985721295,100000,579.986239857215,99499.5007326672,0.9940172741492331,8347901.362235604,83.47901362235604
Penuelas,2020-2024,2,1,4,1.729974940658205e-4,1.514563623877523,6.916925662606854e-4,99420.01376014279,68.76808445542702,397509.13634194934,0.9992895749782134,8248401.861502936,82.96520539016157
Penuelas,2020-2024,2,5,5,8.108531210602271e-5,2.5,4.053443918388068e-4,99351.24567568736,40.27147025683371,496655.5497027947,0.9995494622014046,7850892.725160987,79.02158318969332
Penuelas,2020-2024,2,10,5,9.917448918814588e-5,2.5,4.957495316743068e-4,99310.97420543052,49.23336895246757,496431.78760477144,0.9989168642224371,7354237.175458192,74.05261336220028
Penuelas,2020-2024,2,15,5,3.3444206800640477e-4,2.5,0.0016708133643399672,99261.74083647806,165.84784315722936,495894.0845744972,0.997526186685481,6857805.387853421,69.08810313080085
Penuelas,2020-2024,2,20,5,6.567078303757583e-4,2.5,0.003278157173166738,99095.89299332083,324.85191244741145,494667.3351854856,0.9965651739651057,6361911.303278924,64.19954562302318
Penuelas,2020-2024,2,25,5,7.196946093634321e-4,2.5,0.003592010170925177,98771.04108087342,354.7865841553721,492968.2389439787,0.9961012807965177,5867243.968093438,59.40247165451417
Penuelas,2020-2024,2,30,5,8.430800042320267e-4,2.5,0.0042065339095943765,98416.25449671804,413.99131179570395,491046.29420410097,0.9953601084114058,5374275.729149459,54.60760274440924
Penuelas,2020-2024,2,35,5,0.0010175981764250213,2.5,0.005075079901991411,98002.26318492234,497.3693162394775,488767.89263401297,0.9934793925252853,4883229.434945358,49.82772107753368
Penuelas,2020-2024,2,40,5,0.0016010848593625163,2.5,0.007973508636926136,97504.89386868286,777.456113404507,485580.82905990304,0.990206655336249,4394461.542311345,45.06913825504692
Penuelas,2020-2024,2,45,5,0.0023391612181715782,2.5,0.011627807798222999,96727.43775527836,1124.7280550329451,480825.3686388094,0.9857903721520593,3908880.713251442,40.411291810922975
Penuelas,2020-2024,2,50,5,0.003392901792805035,2.5,0.01682182198906283,95602.70970024541,1608.2117642495868,473993.01909060305,0.9814027986384859,3428055.344612633,35.8573031597224
Penuelas,2020-2024,2,55,5,0.004122648475644948,2.5,0.02040295683102951,93994.49793599582,1917.7656837424147,465178.0754706231,0.9752021838941392,2954062.32552203,31.428034516802835
Penuelas,2020-2024,2,60,5,0.005943873037233283,2.5,0.02928421110416961,92076.73225225341,2696.394465057092,453642.6750986243,0.9622888087366036,2488884.2500514067,27.030544950627263
Penuelas,2020-2024,2,65,5,0.009498815101181588,2.5,0.04639239358401835,89380.33778719632,4146.567809296117,436535.2694127413,0.94160273391887,2035241.5749527826,22.77057376755998
Penuelas,2020-2024,2,70,5,0.014719680425720433,2.5,0.07098616786456964,85233.7699779002,6050.4187033813505,411042.80313104764,0.9012859580242114,1598706.3055400413,18.75672407725906
Penuelas,2020-2024,2,75,5,0.02747844470903174,2.5,0.12856060954247772,79183.35127451885,10179.85990546827,370467.1066089236,0.8418624258727673,1187663.5024089937,14.998904230404593
Penuelas,2020-2024,2,80,5,0.04249694943300441,2.5,0.1920779317799053,69003.49136905058,13254.047907759777,311882.3370758535,0.6183508166717899,817196.39580007,11.842826784364691
Penuelas,2020-2024,2,85,NA,0.10327370076454886,9.06401978837829,1,55749.4434612908,55749.4434612908,505314.05872421653,0,505314.05872421653,9.06401978837829
Ponce,1980-1984,1,0,1,0.021602189511563768,0.10618391093915008,0.02119298716572392,100000,2119.29871657239,98105.7367096016,0.9782985858794273,7077556.629275128,70.77556629275128
Ponce,1980-1984,1,1,4,5.083525412389971e-4,1.589145529669674,0.002030921141125593,97880.70128342761,198.78798554470995,391043.55623011204,0.9978049952047916,6979450.892565527,71.3056894878136
Ponce,1980-1984,1,5,5,2.7369414727842334e-4,2.5,0.0013675350205638002,97681.9132978829,133.58343731053174,488075.60789613816,0.9984924627482862,6588407.336335415,67.44756643170919
Ponce,1980-1984,1,10,5,3.298179662775558e-4,2.5,0.0016477312030019136,97548.32986057237,160.73342691198923,487339.81573558185,0.9968646117987396,6100331.728439277,62.536506131459085
Ponce,1980-1984,1,15,5,9.272445859611256e-4,2.5,0.004625500504056261,97387.59643366038,450.46637639272376,485811.8162273201,0.9936717415423628,5612991.912703695,57.63559342515675
Ponce,1980-1984,1,20,5,0.0016142743423536892,2.5,0.00803892911922553,96937.13005726766,779.2707175515243,482737.4734924595,0.9902722543581107,5127180.096476375,52.89180826219412
Ponce,1980-1984,1,25,5,0.002299189848429938,2.5,0.01143024846406566,96157.85933971613,1099.1082240256364,478041.5261385166,0.9883541701749112,4644442.622983915,48.30018736768632
Ponce,1980-1984,1,30,5,0.0023869399783966144,2.5,0.011863903826126985,95058.7511156905,1127.7678810682992,472474.3358757817,0.9862286123493321,4166401.0968453987,43.82974789743149
Ponce,1980-1984,1,35,5,0.0031652043377999577,2.5,0.015701773385919132,93930.9832346222,1474.8830126665998,465967.70864144445,0.9822787119775535,3693926.760969617,39.325967149123436
Ponce,1980-1984,1,40,5,0.0039940913137374,2.5,0.019773018465439048,92456.1002219556,1828.1361769312061,457710.16066744993,0.9776077253577314,3227959.0523281726,34.913424258420406
Ponce,1980-1984,1,45,5,0.005076492763346468,2.5,0.025064366133495945,90627.96404502439,2271.532472757797,447460.9890432275,0.9684481895146178,2770248.8916607224,30.567263877675217
Ponce,1980-1984,1,50,5,0.007790020687206301,2.5,0.038206038853420624,88356.43157226659,3375.7492575996293,433342.7847173339,0.9526102613163232,2322787.902617495,26.288837850108177
Ponce,1980-1984,1,55,5,0.011721346325658251,2.5,0.056938249280798985,84980.68231466696,4838.651273684882,412806.78338912263,0.9233709267275515,1889445.117900161,22.2338191037807
Ponce,1980-1984,1,60,5,0.020501276827515597,2.5,0.09750874947247765,80142.03104098208,7814.549226990654,381173.78213743377,0.8854236178253985,1476638.3345110384,18.42526718290846
Ponce,1980-1984,1,65,5,0.028606957768456346,2.5,0.1334880698969451,72327.48181399143,9654.855947856115,337500.26920031686,0.8314560479514735,1095464.5523736046,15.145896482209503
Ponce,1980-1984,1,70,5,0.04667790095047738,2.5,0.2090002699983696,62672.62586613531,13098.595727529078,280616.6400118539,0.7607914605975827,757964.2831732878,12.094024667041246
Ponce,1980-1984,1,75,5,0.0644138602344417,2.5,0.2773985264002449,49574.030138606235,13751.762908170705,213490.7434226044,0.6698780797741025,477347.64316143387,9.628986020035013
Ponce,1980-1984,1,80,5,0.10096599649704205,2.5,0.40308522815136094,35822.26723043553,14439.426759479124,143012.76925347984,0.4579911709906523,263856.89973882947,7.365723058272811
Ponce,1980-1984,1,85,NA,0.1820740824733901,5.651453587257884,1,21382.840470956406,21382.840470956406,120844.13048534964,0,120844.13048534964,5.651453587257884
Ponce,1980-1984,2,0,1,0.015348399890742704,0.11748489415655324,0.015143281197703612,100000,1514.3281197703618,98663.58255909914,0.9844752094190821,7758951.931563649,77.5895193156365
Ponce,1980-1984,2,1,4,3.7458904588993897e-4,1.4993618814913363,0.0014969539693417582,98485.67188022964,147.42851744439395,393574.0221504419,0.9985245581505335,7660288.349004551,77.7807390939098
Ponce,1980-1984,2,5,5,1.4638935284387683e-4,2.5,7.316789891850935e-4,98338.24336278524,71.95202650192368,491511.3367476714,0.9991160633056376,7266714.326854109,73.89509999732309
Ponce,1980-1984,2,10,5,2.073686256384634e-4,2.5,0.0010363058848745982,98266.29133628332,101.83393599660485,491076.8718414251,0.9983733354263327,6775202.990106437,68.94737654157095
Ponce,1980-1984,2,15,5,4.4401947457775777e-4,2.5,0.0022176356893048635,98164.45740028672,217.69300415211183,490278.0544910533,0.9969391704807559,6284126.118265012,64.01630778276638
Ponce,1980-1984,2,20,5,7.827080690827505e-4,2.5,0.0039058974018801006,97946.7643961346,382.57001257743104,488777.39694922947,0.996042590852757,5793848.063773959,59.15303174632085
Ponce,1980-1984,2,25,5,8.034351112729437e-4,2.5,0.004009122881144421,97564.19438355717,391.14684408354515,486843.104807577,0.9958981162462381,5305070.666824729,54.375180365542086
Ponce,1980-1984,2,30,5,8.407671192188639e-4,2.5,0.0041950180130695194,97173.04753947363,407.6426848129486,484846.1309853358,0.9940989752662426,4818227.562017152,49.583991487556176
Ponce,1980-1984,2,35,5,0.001528663455142497,2.5,0.0076142183324517465,96765.40485466068,736.7929195914767,481985.04197432473,0.9916645971410668,4333381.431031817,44.78234176295187
Ponce,1980-1984,2,40,5,0.0018206737375075655,2.5,0.009062120774288156,96028.6119350692,870.2228791428352,477967.5024774889,0.9882675254329623,3851396.389057492,40.106758927866785
Ponce,1980-1984,2,45,5,0.0029064155356609465,2.5,0.014427248728699889,95158.38905592637,1372.873747532256,472359.7609108012,0.9831066825547318,3373428.886580003,35.450672505577785
Ponce,1980-1984,2,50,5,0.003917083985676196,2.5,0.019395485563641592,93785.51530839411,1819.0156082426402,464380.037521364,0.9734488409532983,2901069.125669202,30.933018986243674
Ponce,1980-1984,2,55,5,0.006886216666958938,2.5,0.03384836539004901,91966.49970015147,3112.9156854945613,452050.20928702096,0.9560207777538666,2436689.0881478377,26.495398825577183
Ponce,1980-1984,2,60,5,0.011197949333953261,2.5,0.05446500573308491,88853.58401465691,4839.410962763432,432169.39266637596,0.9334198192465009,1984638.8788608168,22.33605881934306
Ponce,1980-1984,2,65,5,0.016535028129042218,2.5,0.07939321791645182,84014.17305189348,6670.155549179472,403395.4763865187,0.8898658215532459,1552469.4861944409,18.478661751934627
Ponce,1980-1984,2,70,5,0.03092448612266756,2.5,0.14352624238607112,77344.017502714,11100.896203207056,358967.84700555244,0.8382754123580521,1149074.0098079222,14.856663086677662
Ponce,1980-1984,2,75,5,0.040279541110636,2.5,0.1829725769633903,66243.12129950695,12120.674610269234,300913.91997186164,0.7644289272921445,790106.1628023698,11.92736917135954
Ponce,1980-1984,2,80,5,0.07057410577541941,2.5,0.2999489555810823,54122.44668923772,16233.971357929666,230027.3050513644,0.5297813724101453,489192.2428305081,9.038620253799138
Ponce,1980-1984,2,85,NA,0.14116772555226134,6.840204983518833,1,37888.47533130805,37888.47533130805,259164.93777914371,0,259164.93777914371,6.840204983518833
Ponce,1985-1989,1,0,1,0.021382671350513194,0.10662194845361846,0.02098185890182402,100000,2098.1858901824016,98125.52677764674,0.9783617661406911,6915373.851712141,69.15373851712141
Ponce,1985-1989,1,1,4,5.855525594940826e-4,1.5897816591288043,0.002338909313000133,97901.8141098176,228.98346478106396,391055.3562926988,0.9976324360266394,6817248.324934495,69.63352402528015
Ponce,1985-1989,1,5,5,2.7985352225005667e-4,2.5,0.001398289320771427,97672.83064503653,136.5748760204733,488022.7160351315,0.9984297006960482,6426192.968641796,65.79304527372534
Ponce,1985-1989,1,10,5,3.4881394162036643e-4,2.5,0.001742550143641645,97536.25576901606,169.96181650056678,487256.37430382887,0.9962714088291031,5938170.252606665,60.881671187679714
Ponce,1985-1989,1,15,5,0.0011468988436406575,2.5,0.00571809901533202,97366.2939525155,556.7501095764164,485439.5944886364,0.9915423761641824,5450913.878302836,55.98358176147886
Ponce,1985-1989,1,20,5,0.0022552245314385933,2.5,0.011212903618917866,96809.54384293908,1085.516084502291,481333.92900343967,0.9858110280313214,4965474.283814199,51.291164968921215
Ponce,1985-1989,1,25,5,0.0034695942313237634,2.5,0.01719878910793223,95724.02775843679,1646.3373659791978,474504.2953772359,0.9814490316346882,4484140.354810759,46.844459638980695
Ponce,1985-1989,1,30,5,0.0040254694716246025,2.5,0.01992681044038645,94077.69039245759,1874.6683031198772,465701.78120448824,0.9787211730655153,4009636.0594335236,42.620477210981626
Ponce,1985-1989,1,35,5,0.004583594823148867,2.5,0.022658332576002953,92203.02208933771,2089.166739012755,455792.1935991567,0.9738238370911463,3543934.2782290354,38.436205212397844
Ponce,1985-1989,1,40,5,0.006045108074143024,2.5,0.029775549336450567,90113.85535032496,2683.189545881367,443861.3028869214,0.9704542922956041,3088142.0846298784,34.26933708056851
Ponce,1985-1989,1,45,5,0.005948940669795907,2.5,0.029308812384042416,87430.66580444359,2562.488980674345,430747.1065705321,0.9612140046636996,2644280.781742957,30.244317110170783
Ponce,1985-1989,1,50,5,0.009951433726843118,2.5,0.048549330033439565,84868.17682376924,4120.293125953482,414040.1513039625,0.9470663084294079,2213533.675172425,26.08202223748578
Ponce,1985-1989,1,55,5,0.011849268421346528,2.5,0.05754177234193368,80747.88369781576,4646.376340832649,392123.47763699724,0.9195267132099432,1799493.5238684625,22.285333577319985
Ponce,1985-1989,1,60,5,0.022120125497683312,2.5,0.10480488449397428,76101.50735698311,7975.8096883659455,360568.01256400073,0.8812950751021249,1407370.0462314654,18.49332680927935
Ponce,1985-1989,1,65,5,0.028777926006823273,2.5,0.13423231123313623,68125.69766861717,9144.669852428364,317766.81371201493,0.8341670608890139,1046802.0336674646,15.365744050936673
Ponce,1985-1989,1,70,5,0.04502125701001257,2.5,0.20233306297545978,58981.027816188805,11933.812015490286,265070.6090422183,0.7625840037463297,729035.2199554497,12.360503825525873
Ponce,1985-1989,1,75,5,0.06549460944117776,2.5,0.281397928623936,47047.21580069852,13238.989073839868,202138.6063188929,0.675014679325532,463964.6109132313,9.861680505785483
Ponce,1985-1989,1,80,5,0.09555276470884567,2.5,0.38564113254412463,33808.22672685865,13037.842844254319,136446.52652365746,0.4788656431011823,261826.00459433842,7.744446542839025
Ponce,1985-1989,1,85,NA,0.1711150671563439,6.036454539277395,1,20770.383882604332,20770.383882604332,125379.47807068097,0,125379.47807068097,6.036454539277395
Ponce,1985-1989,2,0,1,0.01417329759925036,0.1199000466431887,0.013998679214832792,100000,1399.867921483281,98767.97630759687,0.9855749385110489,7728514.018534325,77.28514018534325
Ponce,1985-1989,2,1,4,3.870082998217361e-4,1.5012241489174671,0.0015465376247262115,98600.13207851672,152.48881406239525,394019.49294792756,0.9984503026211036,7629746.042226728,77.38068784888696
Ponce,1985-1989,2,5,5,1.743155653539603e-4,2.5,8.711981682667096e-4,98447.64326445432,85.76740648217674,492023.79780606617,0.9990166721332604,7235726.549278801,73.49822006243338
Ponce,1985-1989,2,10,5,2.1923115744821372e-4,2.5,0.0010955553375793033,98361.87585797215,107.76087811052275,491539.97709458444,0.9981620229665586,6743702.751472735,68.56012751536157
Ponce,1985-1989,2,15,5,5.169097241296076e-4,2.5,0.0025812129854175083,98254.11497986162,253.61479745671386,490636.5379056663,0.9966441413471127,6252162.774378151,63.632579415728365
Ponce,1985-1989,2,20,5,8.282131031339821e-4,2.5,0.004132509020371183,98000.50018240491,404.98795100467396,488990.03103451285,0.9949510332712418,5761526.236472484,58.79078398323229
Ponce,1985-1989,2,25,5,0.0011974193186696422,2.5,0.005969227422764335,97595.51223140024,582.5698079504073,486521.13663712516,0.9932093457774862,5272536.205437971,54.02437145815392
Ponce,1985-1989,2,30,5,0.001529226820904454,2.5,0.007617013750217194,97012.94242344983,738.9489163884427,483217.33982627804,0.9926176055747055,4786015.068800846,49.33377907362572
Ponce,1985-1989,2,35,5,0.0014343196626953679,2.5,0.007145974284911928,96273.99350706139,687.9714819072396,479650.03883053886,0.9918580718578716,4302797.728974568,44.6932507132258
Ponce,1985-1989,2,40,5,0.0018374116679236814,2.5,0.009145050284377747,95586.02202515415,874.138977903669,475744.7626810115,0.9885614630830242,3823147.690144029,39.996932701498345
Ponce,1985-1989,2,45,5,0.0027696842342283087,2.5,0.013753191179193196,94711.88304725048,1302.5906344902178,470302.93865002686,0.9819571617762013,3347402.9274630174,35.34300892099298
Ponce,1985-1989,2,50,5,0.004529170139404522,2.5,0.0223923043069736,93409.29241276026,2091.649300805613,461817.3388117873,0.9739493527144037,2877099.9888129905,30.8010039954008
Ponce,1985-1989,2,55,5,0.006048660290615114,2.5,0.029792785358710445,91317.64311195465,2720.6069406977913,449786.69820802874,0.9570990768639358,2415282.650001203,26.44924428283905
Ponce,1985-1989,2,60,5,0.011609779209295236,2.5,0.05641158104454024,88597.03617125686,4997.898886280906,430490.433640582,0.9323562742242575,1965495.9517931747,22.18466933807919
Ponce,1985-1989,2,65,5,0.016568463717214377,2.5,0.07954737413085501,83599.13728497595,6650.091850624696,401370.456798318,0.8890454299585914,1535005.5181525927,18.361499508302423
Ponce,1985-1989,2,70,5,0.031284525359569645,2.5,0.14507603922717688,76949.04543435125,11163.462733927765,356836.57033693686,0.8327432926677515,1133635.0613542746,14.732282316892814
Ponce,1985-1989,2,75,5,0.042772073803470124,2.5,0.19320131658734666,65785.58270042349,12709.861190187585,297153.2605266485,0.7585272304828594,776798.4910173378,11.808035425554378
Ponce,1985-1989,2,80,5,0.07094937642400465,2.5,0.30130362189980936,53075.721510235904,15991.907125979698,225398.83973623026,0.5300717584418768,479645.2304906893,9.03699877915343
Ponce,1985-1989,2,85,NA,0.13844690937203669,6.855993510268413,1,37083.814384256206,37083.814384256206,254246.390754459,0,254246.390754459,6.855993510268413
Ponce,1990-1994,1,0,1,0.017854430107304343,0.11366237744237954,0.01757628447165218,100000,1757.628447165218,98442.14778079993,0.9817443880333332,6842568.294733173,68.42568294733174
Ponce,1990-1994,1,1,4,5.727661615676004e-4,1.600042654886912,0.002287919639088024,98242.37155283478,224.7706512663135,392430.04623586667,0.9977257861976682,6744126.146952373,68.64783535203422
Ponce,1990-1994,1,5,5,2.712852233675786e-4,2.5,0.0013555067944291358,98017.60090156847,132.86352399572206,489755.845697853,0.9983371354244402,6351696.100716506,64.80158708531364
Ponce,1990-1994,1,10,5,3.945166345925308e-4,2.5,0.001970639547756714,97884.73737757275,192.89553459800663,488941.44805136876,0.9955986785687606,5861940.255018653,59.88615193814409
Ponce,1990-1994,1,15,5,0.0013720507743812571,2.5,0.006836802770567164,97691.84184297474,667.8998549738608,486789.45957743906,0.9890203870087645,5372998.8069672845,54.99946265322328
Ponce,1990-1994,1,20,5,0.0030533186795533534,2.5,0.01515094176401454,97023.94198800088,1470.0040947753296,481444.6997030661,0.9837132103632688,4886209.347389846,50.3608619405933
Ponce,1990-1994,1,25,5,0.0035187055929246655,2.5,0.01744011142063082,95553.93789322555,1666.4713235379022,473603.511157283,0.976886870102874,4404764.6476867795,46.097154599832166
Ponce,1990-1994,1,30,5,0.005862036374101998,2.5,0.0288868425658747,93887.46656968765,2712.1124657073815,462657.05168416974,0.9694597824329604,3931161.136529497,41.87098960234065
Ponce,1990-1994,1,35,5,0.006554217893152534,2.5,0.03224277404926623,91175.35410398027,2939.7463412364887,448527.4046668101,0.9657833700684909,3468504.084845327,38.042123542396084
Ponce,1990-1994,1,40,5,0.007385128280833094,2.5,0.03625624878354478,88235.60776274378,3199.0921466133004,433180.3084471857,0.9612144834242786,3019976.680178517,34.22628071309845
Ponce,1990-1994,1,45,5,0.00845709099232047,2.5,0.04140993597038311,85036.51561613048,3521.356666808453,416379.18641363125,0.9584088779613376,2586796.371731331,30.41983026925253
Ponce,1990-1994,1,50,5,0.008534309323744048,2.5,0.041780135126819974,81515.15894932202,3405.714355786884,399061.50885714294,0.9493810978332031,2170417.1853177,26.62593330238181
Ponce,1990-1994,1,55,5,0.012337776230965698,2.5,0.05984305558292991,78109.44459353514,4674.307834362713,378861.4533817689,0.9260357313926566,1771355.676460557,22.67786803091884
Ponce,1990-1994,1,60,5,0.018625556905922668,2.5,0.08898432787326634,73435.13675917243,6534.576286796349,350839.2430788712,0.8920926438130224,1392494.223078788,18.962233673580766
Ponce,1990-1994,1,65,5,0.027505423051119048,2.5,0.12867870940589252,66900.56047237608,8608.677780116224,312981.10791158985,0.8414713928571271,1041654.9799999169,15.570198106636592
Ponce,1990-1994,1,70,5,0.04267051751351284,2.5,0.19278680565036857,58291.88269225985,11237.905859586783,263364.6488123323,0.7773672779489502,728673.872088327,12.500434682050201
Ponce,1990-1994,1,75,5,0.05966622550576797,2.5,0.2596067415660899,47053.97683267307,12215.529603256538,204731.060155224,0.6836626421592035,465309.22327599465,9.888839468992469
Ponce,1990-1994,1,80,5,0.09780952403565595,2.5,0.39295963340649254,34838.44722941653,13690.103451722956,139966.97751777526,0.46285991181500313,260578.16312077068,7.479614731529893
Ponce,1990-1994,1,85,NA,0.1623218037689724,5.703103130478295,1,21148.343777693575,21148.343777693575,120611.1856029954,0,120611.1856029954,5.703103130478295
Ponce,1990-1994,2,0,1,0.012303787215022833,0.12374239525058002,0.012172551443001247,100000,1217.2551443001284,98933.37092288666,0.9872767798078296,7776565.391474422,77.76565391474422
Ponce,1990-1994,2,1,4,4.32400327844074e-4,1.504195258802237,0.0017277367606904491,98782.74485569987,170.67057960909733,394705.0189810281,0.9984628630052765,7677632.020551535,77.72240011924033
Ponce,1990-1994,2,5,5,1.4670626063601342e-4,2.5,7.332623677299802e-4,98612.07427609077,72.30852307044552,492879.6000727777,0.9991503291297432,7282927.001570507,73.85431302438698
Ponce,1990-1994,2,10,5,1.9332635123583782e-4,2.5,9.661647933936906e-4,98539.76575302033,95.2056524198415,492460.81463405205,0.9982587554299874,6790047.401497729,68.90667285039298
Ponce,1990-1994,2,15,5,5.040491496139714e-4,2.5,0.0025170739256405203,98444.56010060049,247.79223535036726,491603.31991462654,0.9966026858415408,6297586.586863677,63.97089468862651
Ponce,1990-1994,2,20,5,8.577906982539307e-4,2.5,0.004279775611993199,98196.76786525012,420.2601322862465,489933.188995535,0.9946544186660056,5805983.266949051,59.1260119163624
Ponce,1990-1994,2,25,5,0.0012873233268908837,2.5,0.006415968071048299,97776.50773296387,627.330951713302,487314.2112855361,0.9926631524231453,5316050.077953516,54.369400188357204
Ponce,1990-1994,2,30,5,0.001659591876488572,2.5,0.008263673568631722,97149.17678125057,802.8090843815589,483738.86119529896,0.9904479177206802,4828735.866667979,49.704341577085884
Ponce,1990-1994,2,35,5,0.002182084485788004,2.5,0.010851226695380625,96346.36769686901,1045.4762771552196,479118.147791457,0.9882335116175807,4344997.005472681,45.09767321112907
Ponce,1990-1994,2,40,5,0.0025545691757077648,2.5,0.012691790735048105,95300.8914197138,1209.5389707625436,473480.60967166256,0.9854463582654391,3865878.8576812237,40.56498108349839
Ponce,1990-1994,2,45,5,0.0033151348023315714,2.5,0.016439426722512404,94091.35244895125,1546.8078938066174,466589.7425102397,0.9823904084280741,3392398.248009561,36.05430424491016
Ponce,1990-1994,2,50,5,0.0037955397308949063,2.5,0.018799314788986533,92544.54455514463,1739.774025095554,458373.2877129843,0.9743923321258675,2925808.505499321,31.615137548771617
Ponce,1990-1994,2,55,5,0.006616972656887825,2.5,0.032546465602021825,90804.77053004908,2955.3743405557325,446635.41679885605,0.9583246729799122,2467435.217786337,27.172969034372638
Ponce,1990-1994,2,60,5,0.01049034678392131,2.5,0.051111295873875154,87849.39618949335,4490.09648098248,428021.7397450105,0.9352107740847865,2020799.800987481,23.00300159865146
Ponce,1990-1994,2,65,5,0.01649397548617807,2.5,0.0792039090934003,83359.29970851087,6602.3823962024035,400290.5425520483,0.900147242717304,1592778.0612424703,19.107382941220294
Ponce,1990-1994,2,70,5,0.02604810225949233,2.5,0.12227775277650342,76756.91731230846,9385.663359000959,360320.4281640399,0.8510686150704401,1192487.5186904222,15.535896443553488
Ponce,1990-1994,2,75,5,0.039391009277855875,2.5,0.1792982034047326,67371.2539533075,12079.544794952031,306657.40777915745,0.7750474440930585,832167.0905263822,12.351960839308797
Ponce,1990-1994,2,80,5,0.06527344031708904,2.5,0.2805809859793607,55291.70915835547,15513.802272135421,237674.04011143878,0.547726620622969,525509.6827472247,9.504312504469066
Ponce,1990-1994,2,85,NA,0.1364742597474553,7.236068088225592,1,39777.90688622005,39777.90688622005,287835.6426357859,0,287835.6426357859,7.236068088225592
Ponce,1995-1999,1,0,1,0.015847325884737584,0.1176674535633004,0.01562879452422223,100000,1562.8794524222321,98621.0205929707,0.9838686091962662,6916607.36661139,69.1660736661139
Ponce,1995-1999,1,1,4,4.621767224121698e-4,1.6059104420985184,0.001846663570322668,98437.12054757777,181.7802444826666,393313.28400516236,0.9980199233194426,6817986.34601842,69.26235050448344
Ponce,1995-1999,1,5,5,2.5783315097556783e-4,2.5,0.0012883353159927505,98255.3403030951,126.58582489736727,490960.2369532321,0.9983913646169071,6424673.062013257,65.38752033420901
Ponce,1995-1999,1,10,5,3.8624232533257107e-4,2.5,0.001929348636403601,98128.75447819773,189.32457864448952,490170.46094437747,0.9944047872655457,5933712.825060026,60.46864506344447
Ponce,1995-1999,1,15,5,0.0018622625234351639,2.5,0.009268163234543892,97939.42989955324,907.7186234072287,487427.85293924814,0.9862978811480728,5443542.364115648,55.580702988556794
Ponce,1995-1999,1,20,5,0.0036688561199417573,2.5,0.01817755352843784,97031.71127614602,1763.7991256780806,480749.0585665349,0.9822655807954582,4956114.5111764,51.07726583396655
Ponce,1995-1999,1,25,5,0.0034867469947397573,2.5,0.017283080649909,95267.91215046794,1646.5230090449913,472223.25322972715,0.9807261101278488,4475365.452609865,46.97662992279487
Ponce,1995-1999,1,30,5,0.004305798439046591,2.5,0.0212997115335497,93621.38914142294,1994.10858208251,463121.67425190844,0.9765526432817524,4003142.1993801375,42.75884214165052
Ponce,1995-1999,1,35,5,0.005194952144314455,2.5,0.02564174166939878,91627.28055934043,2349.483057972131,452262.6951517719,0.9706220620844549,3540020.525128229,38.63500590127862
Ponce,1995-1999,1,40,5,0.006754661034413088,2.5,0.03321245793341562,89277.7975013683,2965.135093902194,438976.149772086,0.964808533683185,3087757.829976457,34.585954362607715
Ponce,1995-1999,1,45,5,0.007588993294204469,2.5,0.037238460405267175,86312.66240746611,3214.150661533611,423527.9353834965,0.9618413916969172,2648781.6802043715,30.688216610674843
Ponce,1995-1999,1,50,5,0.007978914292188152,2.5,0.03911434641680417,83098.5117459325,3250.343975151278,407366.6987917843,0.9507304326359587,2225253.7448208747,26.7785029847998
Ponce,1995-1999,1,55,5,0.012336738417964845,2.5,0.059838172389382,79848.16777078122,4777.968428044303,387295.91778379533,0.9262603720649687,1817887.0460290906,22.766797245087304
Ponce,1995-1999,1,60,5,0.018525150458281816,2.5,0.08852586487572811,75070.19934273692,6645.654323209106,358736.8609056618,0.8957582457948797,1430591.1282452953,19.056711461679445
Ponce,1995-1999,1,65,5,0.025868085873107766,2.5,0.121484031000226,68424.54501952781,8312.489548328675,321341.5012268174,0.8465179913355966,1071854.2673396335,15.664762798696506
Ponce,1995-1999,1,70,5,0.04196569707467687,2.5,0.18990477022286245,60112.055471199135,11415.566081882032,272021.3621512906,0.7753248952504012,750512.766112816,12.485228798612642
Ponce,1995-1999,1,75,5,0.0617861558665562,2.5,0.2675963975169959,48696.4893893171,13031.00513230588,210904.9341158208,0.6803779045334213,478491.40396152553,9.825993823417086
Ponce,1995-1999,1,80,5,0.09709704251107137,2.5,0.39065628723352874,35665.48425701122,13932.945662229871,143495.05712948143,0.4637432258356585,267586.46984570473,7.50267311435991
Ponce,1995-1999,1,85,NA,0.1626589506297898,5.709936378349349,1,21732.538594781352,21732.538594781352,124091.41271622328,0,124091.41271622328,5.709936378349349
Ponce,1995-1999,2,0,1,0.011158444629347158,0.12609638350664165,0.011050684923845167,100000,1105.0684923845256,99034.2766480323,0.9886249371519853,7854240.324471484,78.54240324471483
Ponce,1995-1999,2,1,4,3.058726945876616e-4,1.506020535628904,0.001222558161814731,98894.93150761547,120.90480567673512,395278.1919279603,0.9987268060102037,7755206.047823452,78.41864016283036
Ponce,1995-1999,2,5,5,1.515308852030738e-4,2.5,7.573675145905941e-4,98774.02670193874,74.8082391093485,493683.1129119203,0.9991668860699713,7359927.855895491,74.51278541174459
Ponce,1995-1999,2,10,5,1.8186620207479473e-4,2.5,9.089177568228945e-4,98699.21846282939,89.70947224540578,493271.81863353343,0.9984689350398465,6866244.742983571,69.5673668942924
Ponce,1995-1999,2,15,5,4.312200078307369e-4,2.5,0.002153778158567676,98609.508990583985,212.38300669100136,492516.58743619244,0.9970038870226392,6372972.924350038,64.62838107183538
Ponce,1995-1999,2,20,5,7.695307842828763e-4,2.5,0.0038402659143121436,98397.12598389298,377.87112898222404,491040.9520970094,0.9953298346401298,5880456.3369138455,59.76248064274195
Ponce,1995-1999,2,25,5,0.0011036897734130106,2.5,0.005503264126223793,98019.25485491076,539.4258489222266,488747.70965224825,0.9927732167430451,5389415.384816837,54.98323153745978
Ponce,1995-1999,2,30,5,0.0018000319702736807,2.5,0.008959839855895543,97479.82900598853,873.4036570737371,485215.63588725834,0.9907030416849039,4900667.675164588,50.27365892141155
Ponce,1995-1999,2,35,5,0.0019367573077210694,2.5,0.009637124609821622,96606.4253489148,931.008159196921,480704.60634658166,0.9897448231890104,4415452.039277329,45.70557313687965
Ponce,1995-1999,2,40,5,0.002187749171244008,2.5,0.010879243217885809,95675.41718971787,1040.8761335796298,475774.89561464026,0.9869962129179289,3934747.432930748,41.12600235783044
Ponce,1995-1999,2,45,5,0.003053472366094165,2.5,0.015151698598049499,94634.54105613825,1433.8740430473408,469588.0201730729,0.9823328380849771,3458972.5373161077,36.55084600943124
Ponce,1995-1999,2,50,5,0.0040855728774566325,2.5,0.020221325143402864,93200.6670130909,1884.6409912537492,461291.73258732015,0.9755282971802616,2989384.517143035,32.07471161899676
Ponce,1995-1999,2,55,5,0.0058461740852862815,2.5,0.028809802622693892,91316.02602183715,2630.7966859779117,450003.138394241,0.9608586606796395,2528092.7845557146,27.685094223780073
Ponce,1995-1999,2,60,5,0.010209994502124505,2.5,0.04977935515450552,88685.22933585924,4414.693528068514,432389.4128591249,0.9397009031463732,2078089.6461614736,23.43219566238651
Ponce,1995-1999,2,65,5,0.014802203757337085,2.5,0.07136993788006248,84270.53580779073,6014.382905721592,406316.7217746497,0.9100446908097696,1645700.2333023488,19.528773817885295
Ponce,1995-1999,2,70,5,0.0232734942938999,2.5,0.10996906070258183,78256.15290206914,8605.755628838175,369766.37543825025,0.8555661212233191,1239383.511527699,15.83752159499434
Ponce,1995-1999,2,75,5,0.040324244217902185,2.5,0.18315704732327673,69650.39727323096,12756.961109458192,316359.5835925093,0.7777525151093037,869617.1360894488,12.485458376899633
Ponce,1995-1999,2,80,5,0.06245527824689803,2.5,0.27010299669908444,56893.43616377277,15367.08760034309,246049.46181800612,0.5552713908602862,553257.5524969394,9.72445311449178
Ponce,1995-1999,2,85,NA,0.1370671664679139,7.397907625075353,1,41526.34856342968,41526.34856342968,307208.09067893337,0,307208.09067893337,7.397907625075353
Ponce,2000-2004,1,0,1,0.012740417709229533,0.12386713348211793,0.012599775254435055,100000,1259.977525443508,98896.09227888507,0.9868786387409131,7198105.297937923,71.98105297937923
Ponce,2000-2004,1,1,4,4.4301342532505336e-4,1.6150368771583872,0.0017701833774412716,98740.02247455649,174.78794647264294,394543.2270915715,0.9982954762368023,7099209.205659038,71.89799057913295
Ponce,2000-2004,1,5,5,1.8508577324634874e-4,2.5,9.250008549854974e-4,98565.23452808385,91.17292621030356,492598.2403248935,0.9989255778562053,6704665.978567467,68.02262492113414
Ponce,2000-2004,1,10,5,2.4494625995731003e-4,2.5,0.001223981775391205,98474.06160187355,120.53045674944588,492068.9818674941,0.9960579982055914,6212067.738242573,63.08328952001289
Ponce,2000-2004,1,15,5,0.0013371254085660948,2.5,0.006663352697335861,98353.5311451241,655.3642670483678,490129.2450579996,0.9898473993965193,5719998.756375079,58.157533235233004
Ponce,2000-2004,1,20,5,0.002751853300303498,2.5,0.013665254561853678,97698.16687807573,1335.0703206153557,485153.1585888403,0.9859518471516019,5229869.51131708,53.530886795898574
Ponce,2000-2004,1,25,5,0.002908263570213607,2.5,0.01443635603024455,96363.09655746038,1391.1319700803288,478337.6528621011,0.9849942615506366,4744716.352728239,49.237898347309866
Ponce,2000-2004,1,30,5,0.003141167345138555,2.5,0.015583461078036364,94971.96458738005,1479.9919136520912,471159.84315277,0.9827519812423511,4266378.699866138,44.92250653550299
Ponce,2000-2004,1,35,5,0.0038239965216556506,2.5,0.018938926634344197,93491.97267372796,1770.6376113678416,463033.26934022014,0.9789736721266069,3795218.856713368,40.59406116028887
Ponce,2000-2004,1,40,5,0.004685043896776444,2.5,0.02315402542018066,91721.33506236011,2123.718123606799,453297.38000278355,0.9722906335437229,3332185.5873731477,36.32944925090372
Ponce,2000-2004,1,45,5,0.0065810596800803525,2.5,0.03237268201946584,89597.61693875332,2900.5151628601598,440736.79678661615,0.9658738910887459,2878888.2073703646,32.13130332850594
Ponce,2000-2004,1,50,5,0.007319158276918146,2.5,0.035938197986465324,86697.10177589316,3115.737608474781,425696.1648582788,0.9577884223563845,2438151.410583748,28.12264032638858
Ponce,2000-2004,1,55,5,0.009987041560801865,2.5,0.04871881571076811,83581.36416741837,4071.9850777270476,407726.85814277426,0.9365660344385396,2012455.2457254694,24.077798511333263
Ponce,2000-2004,1,60,5,0.016428681051845234,2.5,0.07890273556734134,79509.37908969133,6273.50751343742,381863.1266648631,0.903308528406595,1604728.387582695,20.18288164183078
Ponce,2000-2004,1,65,5,0.024629356289551773,2.5,0.11600402056402898,73235.8715762539,8495.655552356337,344940.2190003787,0.8574324965180029,1222865.2609178321,16.697626922410187
Ponce,2000-2004,1,70,5,0.037784484766803864,2.5,0.17261682897204844,64740.21602389757,11175.250797010594,295762.95312696137,0.7961541310769291,877925.0419174534,13.560736986008585
Ponce,2000-2004,1,75,5,0.05495652298285541,2.5,0.24159021887428303,53564.965226886976,12940.771673156982,235472.89695154244,0.716542562389433,582162.088790492,10.86833691246896
Ponce,2000-2004,1,80,5,0.08153940202315191,2.5,0.3386613916974195,40624.193553729994,13757.845925491536,168726.35295492114,0.5133209891547441,346689.19183894957,8.534057208555161
Ponce,2000-2004,1,85,NA,0.1553775233722885,6.624005664877823,1,26866.347628238458,26866.347628238458,177962.83888402843,0,177962.83888402843,6.624005664877823
Ponce,2000-2004,2,0,1,0.008005171810848657,0.13257721053231708,0.007949968276854449,100000,794.9968276854488,99310.40163411113,0.9918406364770738,7998296.686246896,79.98296686246896
Ponce,2000-2004,2,1,4,2.128339502265373e-4,1.5110654016135578,8.508850617475167e-4,99205.00317231455,84.41205524992256,396609.91660442576,0.9990548826951762,7898986.284612785,79.62286207372634
Ponce,2000-2004,2,5,5,1.221836535993649e-4,2.5,6.107317144162335e-4,99120.59111706463,60.53608854688355,495451.6153639559,0.9993624303924831,7502376.368008359,75.68938283618395
Ponce,2000-2004,2,10,5,1.3292894086003884e-4,2.5,6.644239013864607e-4,99060.05502851775,65.81786823361472,495135.7304720047,0.9985851631830488,7006924.752644403,70.73410922926729
Ponce,2000-2004,2,15,5,4.336192864514212e-4,2.5,0.0021657486562896722,98994.23716028413,214.3966361102939,494435.1942111449,0.9972220646815888,6511789.022172399,65.77947574492637
Ponce,2000-2004,2,20,5,6.794422876407775e-4,2.5,0.0033914507006477146,98779.84052417384,335.00695935559634,493061.6852224802,0.9956429406535433,6017353.827961254,60.91682063901147
Ponce,2000-2004,2,25,5,0.0010680349425707157,2.5,0.005325953950549306,98444.83356481824,524.3126502357045,490913.3861985019,0.9945465509193465,5524292.1427387735,56.115612599430705
Ponce,2000-2004,2,30,5,0.0011194495508144186,2.5,0.00558162687981354,97920.52091458254,546.5558116221946,488236.2150438572,0.9935081335027889,5033378.756540271,51.40269587547394
Ponce,2000-2004,2,35,5,0.001486950129800688,2.5,0.007407215249810522,97373.96510296034,721.2699192451546,485066.65071668883,0.9913978462935908,4545142.541496415,46.67718457074759
Ponce,2000-2004,2,40,5,0.0019708650367436216,2.5,0.009806009381120034,96652.69518371519,947.7772356820496,480894.0328293708,0.9892134240643288,4060075.8907797253,42.006856436464886
Ponce,2000-2004,2,45,5,0.002369322211475038,2.5,0.01177685315795414,95704.91794803314,1127.1027651680342,475706.83282724564,0.9858638077997063,3579181.8579503545,37.39809755538181
Ponce,2000-2004,2,50,5,0.003332260138420502,2.5,0.016523647958518847,94577.8151828651,1562.7705227675178,468982.1496074067,0.9768827561356365,3103475.025123109,32.81398517318862
Ponce,2000-2004,2,55,5,0.00605460314472341,2.5,0.029821620530012645,93015.04466009758,2773.859365435608,458140.57488689886,0.964307306617108,2634492.875515702,28.323298506632554
Ponce,2000-2004,2,60,5,0.008526819357284263,2.5,0.04174423295243676,90241.18529466198,3767.0490608443943,441788.3038211989,0.9427941875156597,2176352.3006288037,24.117062442413875
Ponce,2000-2004,2,65,5,0.015226552970463048,2.5,0.0733409405614105,86474.13623381758,6342.094485623718,416515.4449550286,0.9118482503777391,1734563.9968076046,20.058760600019337
Ponce,2000-2004,2,70,5,0.021970922102599898,2.5,0.10413476830641799,80132.04174819386,8344.531601368391,379798.8797375483,0.8654626488152285,1318048.551852576,16.44845835819832
Ponce,2000-2004,2,75,5,0.03679421453358091,2.5,0.16847390972369278,71787.51014682547,12094.322503764954,328701.744474715,0.793934028524323,938249.6721150277,13.069817718932521
Ponce,2000-2004,2,80,5,0.05747602750005052,2.5,0.2512744889131668,59693.18764306052,14999.375216607797,260967.5001737831,0.5718671357245971,609547.9276403127,10.211348257780202
Ponce,2000-2004,2,85,NA,0.13331178668372856,7.799299467686872,1,44693.81242645272,44693.81242645272,348580.4274665296,0,348580.4274665296,7.799299467686872
Ponce,2005-2009,1,0,1,0.011938438729616275,0.1254674424369872,0.011815082727994756,100000,1181.508272799474,98966.73254840681,0.9876816379253912,7279472.692337397,72.79472692337397
Ponce,2005-2009,1,1,4,4.250310516301908e-4,1.6174011557405519,0.0016984042690461195,98818.49172720053,167.83374821017787,394874.0864142888,0.998335036076092,7180505.95978899,72.66358587633151
Ponce,2005-2009,1,5,5,1.9041722472839173e-4,2.5,9.516331053047792e-4,98650.65797899035,93.87923199290526,493018.5918149695,0.9989363383316159,6785631.8733747015,68.7844563066152
Ponce,2005-2009,1,10,5,2.3529771979044432e-4,2.5,0.0011757969431031,98556.77874699744,115.88275917281862,492494.1868370552,0.9954997653730304,6292613.281559732,63.84759487435498
Ponce,2005-2009,1,15,5,0.0015718699144152976,2.5,0.007828585775942429,98440.89598782462,770.6529981013155,490277.84744386986,0.987985393520873,5800119.094722677,58.919812101670104
Ponce,2005-2009,1,20,5,0.0032733000897013616,2.5,0.016233656376324797,97670.24298972331,1585.5451628873125,484387.3520413983,0.9843397966865811,5309841.247278807,54.36498451055864
Ponce,2005-2009,1,25,5,0.0030383626119085813,2.5,0.015077287393777273,96084.697826836,1448.6966032794444,476801.7476259814,0.9846232316684606,4825453.895237409,50.220836453415814
Ponce,2005-2009,1,30,5,0.003160949915261776,2.5,0.015680833751017597,94636.00122355655,1483.9714020476822,469470.07761266356,0.9839011452966454,4348652.147611427,45.951351403137814
Ponce,2005-2009,1,35,5,0.00333223716808614,2.5,0.01652353499676968,93152.02982150887,1539.2008247758495,461912.1470456047,0.9826726960243168,3879182.0699987635,41.64355921638819
Ponce,2005-2009,1,40,5,0.003662139425209027,2.5,0.018144577197275406,91612.82899673302,1662.2760479920107,453908.45486368507,0.9765484853178978,3417269.922953159,37.30121600190975
Ponce,2005-2009,1,45,5,0.005855793679071993,2.5,0.028856523771605566,89950.55294874101,2595.6602694344037,443263.61407011905,0.9655271079628363,2963361.468089474,32.94433853873213
Ponce,2005-2009,1,50,5,0.008216613568242704,2.5,0.04025614487573573,87354.8926793066,3516.571215302509,427983.0353582768,0.9545962771909404,2520097.8540193546,28.84896056447606
Ponce,2005-2009,1,55,5,0.01041788638087466,2.5,0.05076721423006739,83838.3214640041,4256.238026452338,408551.01225388964,0.9363198329896896,2092114.8186610779,24.954159173610428
Ponce,2005-2009,1,60,5,0.01607803219887078,2.5,0.07728373504317114,79582.08343755176,6150.40065057129,382534.41556133056,0.9080490863737476,1683563.8064071883,21.155060708209337
Ponce,2005-2009,1,65,5,0.02279869399385008,2.5,0.10784656772937763,73431.68278698047,7919.354951168265,347360.0265569817,0.8737788416257697,1301029.3908458578,17.71754835879278
Ponce,2005-2009,1,70,5,0.03168967710905186,2.5,0.14681693257653008,65512.327835812204,9618.319018801973,303515.8416320561,0.8211816938279907,953669.3642888761,14.557097813391303
Ponce,2005-2009,1,75,5,0.04851258334077822,2.5,0.21632652078311276,55894.00881701023,12091.356460004456,249241.65293504,0.7420694101781865,650153.5226568199,11.631900026804994
Ponce,2005-2009,1,80,5,0.07365840962885424,2.5,0.31101911475221544,43802.652357005776,13623.46215987498,184954.6063853414,0.5386651771779817,400911.8697217799,9.1526847838852
Ponce,2005-2009,1,85,NA,0.15859133118493482,7.155833603413588,1,30179.190197130796,30179.190197130796,215957.26333643848,0,215957.26333643848,7.155833603413588
Ponce,2005-2009,2,0,1,0.008644189426225756,0.131263856797961,0.008579759552133505,100000,857.9759552133473,99254.64527770787,0.9910928852934185,8140608.410090502,81.40608410090502
Ponce,2005-2009,2,1,4,2.8000880529007724e-4,1.5100407312086788,0.0011192548648938595,99142.02404478665,110.9651927275554,396291.79736900143,0.9989277261273357,8041353.7648127945,81.10943711599205
Ponce,2005-2009,2,5,5,1.1330007676060391e-4,2.5,5.663399678984309e-4,99031.0588520591,56.085246691218344,495015.08114356746,0.9994212565369787,7645061.967443793,77.19862895603922
Ponce,2005-2009,2,10,5,1.1826575397996705e-4,2.5,5.91153986719941e-4,98974.97360536788,58.50945023231907,494728.5944012586,0.9987665662588687,7150046.886300226,72.24095774765071
Ponce,2005-2009,2,15,5,3.7557098439685e-4,2.5,0.001876093406365627,98916.46415513556,185.57652618244174,494118.3794602217,0.9974659082192473,6655318.291898967,67.2822097791638
Ponce,2005-2009,2,20,5,6.396867528468637e-4,2.5,0.003193326941878747,98730.88762895312,315.2800034611573,492866.2381361127,0.9962199651561401,6161199.912438745,62.40397570002151
Ponce,2005-2009,2,25,5,8.756371235346057e-4,2.5,0.004368622298015919,98415.60762549196,429.9406179455109,491003.18658259604,0.9956558559139361,5668333.674302632,57.59588149750345
Ponce,2005-2009,2,30,5,8.65781590868737e-4,2.5,0.004319558468836185,97985.66700754645,423.25481774700165,488870.19799336477,0.9944548755947131,5177330.487720036,52.837630704920336
Ponce,2005-2009,2,35,5,0.0013598084784261783,2.5,0.006776007211989043,97562.41218979945,661.083608617133,486159.35192745435,0.9920584746214658,4688460.289726672,48.05601034756774
Ponce,2005-2009,2,40,5,0.0018313453485498863,2.5,0.009114994983586316,96901.32858118232,883.2551239203312,482298.50509611075,0.9889025636702314,4202300.937799217,43.36680414323318
Ponce,2005-2009,2,45,5,0.002636891923588099,2.5,0.01309811384143371,96018.07345726198,1257.6556569783424,476946.2281438641,0.9844143008265367,3720002.4327031067,38.74273143335764
Ponce,2005-2009,2,50,5,0.0036543432402157496,2.5,0.018106299617051513,94760.41780028364,1715.7605165289424,469512.68771009584,0.978316537824276,3243056.2045592424,34.22374320250765
Ponce,2005-2009,2,55,5,0.00513028394801126,2.5,0.02532658826694678,93044.6572837547,2356.5037254648196,459332.02710511145,0.9686629563166235,2773543.5168491467,29.808734835690544
Ponce,2005-2009,2,60,5,0.007644076277568592,2.5,0.03750367893173392,90688.15355828988,3401.139393961872,444937.9193065447,0.956495991159009,2314211.489744035,25.518343895452386
Ponce,2005-2009,2,65,5,0.010201325827831674,2.5,0.049738141666140497,87287.01416432801,4341.49387611977,425581.33613134065,0.9317982296439125,1869273.5704374905,21.41525389926117
Ponce,2005-2009,2,70,5,0.01832948568825913,2.5,0.08763181327322615,82945.52028820824,7268.666345746853,396555.93557667406,0.8830853289633812,1443692.2343061499,17.40530687238801
Ponce,2005-2009,2,75,5,0.03220117217864855,2.5,0.14901011034434827,75676.85394246138,11276.61635647931,350192.72882110864,0.8165184271245295,1047136.2987294757,13.836942792648783
Ponce,2005-2009,2,80,5,0.050447675892141754,2.5,0.22398906062608384,64400.237585982075,14424.948720980734,285938.81612745853,0.5897245796168932,696943.5699083671,10.822065197785388
Ponce,2005-2009,2,85,NA,0.1289065876377768,8.224159642001453,1,49975.28886500134,49975.28886500134,411004.7537809086,0,411004.7537809086,8.224159642001453
Ponce,2010-2014,1,0,1,0.0114937715137631,0.12635475363286142,0.011379504460447498,100000,1137.9504460447497,99005.83500221164,0.9883079331828385,7484790.373303273,74.84790373303272
Ponce,2010-2014,1,1,4,3.1889383470758755e-4,1.6187135530606718,0.0012746074305413733,98862.04955395525,126.01030296001409,395148.1315892076,0.9986147320753407,7385784.538301061,74.70798523421439
Ponce,2010-2014,1,5,5,1.7084365522924505e-4,2.5,8.538535874764375e-4,98736.03925099524,84.30612132768147,493469.430951657,0.9990403530630824,6990636.406711853,70.80126425712777
Ponce,2010-2014,1,10,5,2.1321973520355204e-4,2.5,0.0010655306955858498,98651.73312966755,105.11644982240978,492995.87452378176,0.9972569168425276,6497166.975760196,65.85963337532387
Ponce,2010-2014,1,15,5,8.864451204653516e-4,2.5,0.004422425009650686,98546.61667984514,435.81502222141717,491643.5458436722,0.9917107399486738,6004171.101236415,60.9272170219964
Ponce,2010-2014,1,20,5,0.0024495639728484065,2.5,0.01217327184389082,98110.80165762373,1194.3294594003091,487568.18463961786,0.9868272188704552,5512527.555392742,56.18675479413321
Ponce,2010-2014,1,25,5,0.0028571855589845318,2.5,0.014184607654546579,96916.47219822342,1374.7221333945636,481145.55565763067,0.9862638711302717,5024959.370753124,51.84835205800276
Ponce,2010-2014,1,30,5,0.002673996347330922,2.5,0.013281197055617353,95541.75006482886,1268.9088096495398,474536.47830002045,0.9862794622994321,4543813.8150954945,47.558410977529064
Ponce,2010-2014,1,35,5,0.0028533684827372536,2.5,0.014165791853665602,94272.84125517932,1335.4494466745236,468025.5826592103,0.9845168433206967,4069277.3367954735,43.16489545255865
Ponce,2010-2014,1,40,5,0.0033924195524363235,2.5,0.016819451174616574,92937.39180850479,1563.1559238193586,460779.06923297554,0.9800209027050959,3601251.7541362634,38.74922336487077
Ponce,2010-2014,1,45,5,0.004692980887275325,2.5,0.023192796064740867,91374.23588468543,2119.2240184450493,451573.1193773146,0.9720430531340238,3140472.684903288,34.3693455217133
Ponce,2010-2014,1,50,5,0.006676451046268903,2.5,0.03283421515601503,89255.01186624038,2930.618263368815,438948.5136727799,0.9594225535979646,2688899.565525973,30.126034485947073
Ponce,2010-2014,1,55,5,0.009958623005801193,2.5,0.048583551836450925,86324.39360287157,4193.945651355301,421137.10388596955,0.9430500862420593,2249951.0518531934,26.0639079864715
Ponce,2010-2014,1,60,5,0.013595611393734832,2.5,0.06574349929836214,82130.44795151627,5399.543047274667,397153.3821393947,0.9229556115366228,1828813.9479672238,22.26718584375456
Ponce,2010-2014,1,65,5,0.01865977494079379,2.5,0.08914051961850228,76730.9049042416,6839.832733961972,366554.94268630305,0.8938594621796874,1431660.565827829,18.658199947133536
Ponce,2010-2014,1,70,5,0.02662212707275413,2.5,0.12480424892829864,69891.07217027963,8722.702769005271,327648.60392888496,0.83976683668122,1065105.623141526,15.239508996893738
Ponce,2010-2014,1,75,5,0.044620883581024395,2.5,0.2007142949365896,61168.36940127436,12277.366136797646,275148.4316643777,0.7592079531651289,737457.019212641,12.056182409813873
Ponce,2010-2014,1,80,5,0.06809193046174536,2.5,0.2909340068929479,48891.00326447671,14224.055480750409,208894.87762050753,0.5481483942828562,462308.5875482633,9.455903063543147
Ponce,2010-2014,1,85,NA,0.15164405476608545,7.309951585836344,1,34666.947783726304,34666.947783726304,253413.70992775582,0,253413.70992775582,7.309951585836344
Ponce,2010-2014,2,0,1,0.00955328404447966,0.12939542190190229,0.009474483506706155,100000,947.4483506706165,99175.14712839467,0.9903631684338523,8183715.409901189,81.83715409901188
Ponce,2010-2014,2,1,4,2.0653367883986416e-4,1.5085850153345892,8.257098371954497e-4,99052.55164932938,81.78866629616823,396006.43708853144,0.9990809739045741,8084540.262772794,81.61869763228385
Ponce,2010-2014,2,5,5,1.029380849897145e-4,2.5,5.145580059092114e-4,98970.76298303322,50.92619844384899,494726.4994190564,0.9994380855725682,7688533.825684262,77.68490000428031
Ponce,2010-2014,2,10,5,1.218961812058839e-4,2.5,6.092952291252761e-4,98919.83678458937,60.27138461871073,494448.5054614,0.9988173056999244,7193807.326265207,72.723606913451
Ponce,2010-2014,2,15,5,3.515973710309704e-4,2.5,0.0017564429533429488,98859.56539997066,173.64118701731786,493863.72403230995,0.9975586971782995,6699358.820803806,67.76641990786857
Ponce,2010-2014,2,20,5,6.264531194173291e-4,2.5,0.0031273677239211073,98685.92421295334,308.62717418892134,492658.05312929436,0.9965922238074649,6205495.096771496,62.88125835839286
Ponce,2010-2014,2,25,5,7.391763050110516e-4,2.5,0.0036890643526623856,98377.29703876442,362.92017961696547,490979.18474477966,0.9957258019279533,5712837.043642201,58.07068516419114
Ponce,2010-2014,2,30,5,9.746688515337676e-4,2.5,0.004861498380061767,98014.37685914745,476.49673432351847,488880.64245992847,0.9940641009260104,5221857.858897422,53.27644807048609
Ponce,2010-2014,2,35,5,0.0014080488137114707,2.5,0.007015548481764146,97537.88012482393,684.281726824207,485978.69630705914,0.9920778096422886,4732977.216437493,48.52450361213996
Ponce,2010-2014,2,40,5,0.0017748883326077073,2.5,0.00883523776198961,96853.59839799973,855.7245699505729,482128.6805651222,0.9886204008191549,4246998.520130435,43.84967198305093
Ponce,2010-2014,2,45,5,0.0028089156742358776,2.5,0.01394664102473608,95997.87382804915,1338.8478854177083,476642.24942670146,0.9848905928948183,3764869.8395653125,39.21826275349521
Ponce,2010-2014,2,50,5,0.003284473616839978,2.5,0.01628861923387882,94659.02594263144,1541.8648306293762,469440.46763658384,0.9801521112025761,3288227.590138611,34.73760222433999
Ponce,2010-2014,2,55,5,0.004748938301442403,2.5,0.023466093926628486,93117.16111200207,2185.0960488352284,460123.06543792225,0.9711554291462748,2818787.122502027,30.271403131712397
Ponce,2010-2014,2,60,5,0.006990528844611065,2.5,0.034352292494158006,90932.06506316684,3123.7248961477308,446851.01307546487,0.9569869478858408,2358664.057064105,25.938749498602455
Ponce,2010-2014,2,65,5,0.010673804928707446,2.5,0.051981912654791344,87808.34016701911,4564.4454689241975,427630.58716278506,0.9315880489559292,1911813.04398864,21.772567848933313
Ponce,2010-2014,2,70,5,0.01791669129678847,2.5,0.08574288450261834,83243.89469809491,7137.571648646874,398375.54436885734,0.8916578055191926,1484182.456825855,17.82932504790434
Ponce,2010-2014,2,75,5,0.02850890368276754,2.5,0.13306096297066988,76106.32304944804,10126.780633116447,355214.66366444906,0.8285385192842888,1085806.9124569977,14.266973740822085
Ponce,2010-2014,2,80,5,0.04836913151380736,2.5,0.21575584987530685,65979.54241633159,14235.472248419479,294309.0314606093,0.5971637641283295,730592.2487925485,11.073011755409032
Ponce,2010-2014,2,85,NA,0.12241918824635636,8.431559711406123,1,51744.07016791211,51744.07016791211,436283.21733193926,0,436283.21733193926,8.431559711406123
Ponce,2015-2019,1,0,1,0.009502967708795565,0.1303273030854839,0.009425074449097817,100000,942.5074449097738,99180.32700852331,0.9901565352995133,7606337.086309211,76.06337086309212
Ponce,2015-2019,1,1,4,3.5306705219048597e-4,1.6246022506848683,0.0014110847676943494,99057.49255509023,139.77851887048746,395897.94064123335,0.998601826898154,7507156.759300687,75.78585491779562
Ponce,2015-2019,1,5,5,1.6384575846741363e-4,2.5,8.188933618271369e-4,98917.71403621974,81.00305939138343,494386.0625326202,0.9989846291648332,7111258.818659455,71.89065060738862
Ponce,2015-2019,1,10,5,2.4254885263041864e-4,2.5,0.0012120093344684614,98836.71097682836,119.79101629207435,493884.0773434116,0.9971402796187133,6616872.756126834,66.94752072110249
Ponce,2015-2019,1,15,5,9.039242705438876e-4,2.5,0.0045094308926439345,98716.91996053628,445.15712849669217,492471.7069814397,0.9930826946228151,6122988.678783422,62.025726503938614
Ponce,2015-2019,1,20,5,0.0018759745693058304,2.5,0.009336087191160553,98271.76283203959,917.4737462289631,489065.12979462557,0.9898347774492451,5630516.971801983,57.29536959080847
Ponce,2015-2019,1,25,5,0.0022126060842597843,2.5,0.011002171740963603,97354.28908581063,1071.1086082415131,484093.67390844936,0.9880655434408758,5141451.842007358,52.81176505203121
Ponce,2015-2019,1,30,5,0.0025921119872986766,2.5,0.012877112641394498,96283.18047756911,1239.8493604813702,478316.27898664214,0.9863349343156111,4657358.168098908,48.37146160937136
Ponce,2015-2019,1,35,5,0.0029137306065824685,2.5,0.014463297650322698,95043.33111708774,1374.6399876246142,471780.0556163772,0.9831545701698875,4179041.889112266,43.96985922098978
Ponce,2015-2019,1,40,5,0.0038899695342937417,2.5,0.019262521120685813,93668.69112946313,1804.2951412282855,463832.71779424493,0.9772794968414491,3707261.8334958884,39.57845240275577
Ponce,2015-2019,1,45,5,0.005319083993808485,2.5,0.026246402914942624,91864.39598823484,2411.1099506450555,453294.20506456157,0.9705102629761242,3243429.1157016438,35.30670485349985
Ponce,2015-2019,1,50,5,0.00667361393570469,2.5,0.03282049145563593,89453.28603758979,2935.900810075269,439926.6781627608,0.9601812641597559,2790134.910637082,31.190971670561325
Ponce,2015-2019,1,55,5,0.009637639001934577,2.5,0.04705446025622202,86517.38522751452,4071.028864660344,422409.35397592175,0.9448924603220901,2350208.2324743215,27.164577689142888
Ponce,2015-2019,1,60,5,0.0131288769782338,2.5,0.06355826334030633,82446.35636285417,5240.147229159018,399131.41374137334,0.9264281192817915,1927798.8784983996,23.382463016485232
Ponce,2015-2019,1,65,5,0.017594322721644053,2.5,0.08426514329492886,77206.20913369516,6505.7922759090725,369766.5649787031,0.8995606314925653,1528667.4647570262,19.79979954863331
Ponce,2015-2019,1,70,5,0.025102726698768858,2.5,0.11810193217865124,70700.41685778608,8349.855836740622,332627.44469707884,0.8532115962578244,1158900.899778323,16.391712401207656
Ponce,2015-2019,1,75,5,0.039395426580611445,2.5,0.17931650717071795,62350.56102104546,11180.484822428589,283801.59304915584,0.7865778440559389,826273.4550812442,13.252061273391726
Ponce,2015-2019,1,80,5,0.058447407519075165,2.5,0.2549797711164646,51170.07619861687,13047.334317135377,223232.04520024592,0.5884910152500383,542471.8620320885,10.601349506037113
Ponce,2015-2019,1,85,NA,0.13821247897942096,8.373999378751831,1,38122.741881481496,38122.741881481496,319239.8168318425,0,319239.8168318425,8.373999378751831
Ponce,2015-2019,2,0,1,0.0067493691731126855,0.1351582240195767,0.006710200815530584,100000,671.0200815530552,99419.67380095113,0.9930512015053065,8439247.752777679,84.39247752777679
Ponce,2015-2019,2,1,4,2.1263585426768277e-4,1.5130825032731317,8.50093880773395e-4,99328.97991844694,84.43895801213512,397105.92695170204,0.9991630288080975,8339828.078976728,83.96168052691229
Ponce,2015-2019,2,5,5,9.08521643503971e-5,2.5,4.541576687340834e-4,99244.54096043481,45.0726693571778,496110.0231287811,0.9995235898024294,7942722.152025026,80.03182920853551
Ponce,2015-2019,2,10,5,9.975944109288748e-5,2.5,4.986728371556302e-4,99199.46829107763,49.468080297039705,495873.67125464557,0.9989402305447983,7446612.128896245,75.06705688225973
Ponce,2015-2019,2,15,5,3.2449222793942684e-4,2.5,0.001621146016490369,99150.00021078059,160.73662787672947,495348.1594842112,0.9977954545107853,6950738.4576416,70.1032621569863
Ponce,2015-2019,2,20,5,5.585573327949283e-4,2.5,0.002788892273400434,98989.26358290386,276.07039235594857,494256.14193362946,0.9965980529117323,6455390.298157388,65.21303487373635
Ponce,2015-2019,2,25,5,8.049599336145124e-4,2.5,0.00401671642859828,98713.19319054791,396.50290480787226,492574.7086907199,0.9958715817324132,5961134.156223759,60.388423913274394
Ponce,2015-2019,2,30,5,8.49916182915617e-4,2.5,0.004240570590653604,98316.69028574004,416.9188653961173,490541.1542652099,0.9951433286202812,5468559.447533038,55.621883035725055
Ponce,2015-2019,2,35,5,0.0010980854089500075,2.5,0.005475395913846988,97899.77142034392,536.0400084014982,488158.75708071585,0.9930330756293514,4978018.293267829,50.84810945976713
Ponce,2015-2019,2,40,5,0.0017005318158604655,2.5,0.008466664498417889,97363.73141194243,824.3460481789807,484757.7919392647,0.9899874431784085,4489859.536187113,46.1142919552937
Ponce,2015-2019,2,45,5,0.002327798123759508,2.5,0.0115716494590486,96539.38536376345,1117.119926421481,479904.12700276356,0.985299281262456,4005101.744247848,41.48671269406262
Ponce,2015-2019,2,50,5,0.003605492705430845,2.5,0.01786642040603889,95422.26543734196,1704.854310400202,472849.19141070935,0.980162447505726,3525197.6172450846,36.94313482380974
Ponce,2015-2019,2,55,5,0.004417153812917744,2.5,0.02184454230624009,93717.41112694176,2047.2139521937643,463469.0207542244,0.9729703837214451,3052348.4258343754,32.569704915342996
Ponce,2015-2019,2,60,5,0.006572340541390045,2.5,0.03233048530865795,91670.197174748,2963.7419629999786,450941.6309662401,0.9597980840401241,2588879.4050801513,28.241233081947584
Ponce,2015-2019,2,65,5,0.009906693918929335,2.5,0.048336336370679835,88706.45521174802,4287.745057365682,432812.9134153259,0.942806384050056,2137937.774113911,24.10126488552063
Ponce,2015-2019,2,70,5,0.013757599312521896,2.5,0.06650076922033966,84418.71015438234,5613.909161855321,408058.7778672734,0.9159574142484199,1705124.8606985852,20.198423519860768
Ponce,2015-2019,2,75,5,0.021681613882022558,2.5,0.10283404904672276,78804.80099252702,8103.816770382764,373764.46303667815,0.8645927856267305,1297066.0828313117,16.459226677754206
Ponce,2015-2019,2,80,5,0.037568289265495165,2.5,0.17171394814079202,70700.98422214425,12140.34513822422,323154.0582651607,0.650001633987127,923301.6197946335,13.059247052255975
Ponce,2015-2019,2,85,NA,0.11217762876317608,10.24830963114037,1,58560.63908392003,58560.63908392003,600147.5615294728,0,600147.5615294728,10.24830963114037
Ponce,2020-2024,1,0,1,0.00984387114652866,0.1296470473206594,0.009760248825654056,100000,976.0248825654126,99150.51386157068,0.9898163349524893,7603838.876723579,76.03838876723579
Ponce,2020-2024,1,1,4,3.5965285052707587e-4,1.6235923702883044,0.001437382897138053,99023.97511743459,142.3353682404122,395757.653614674,0.9985161625009309,7504688.362862009,75.78657950220685
Ponce,2020-2024,1,5,5,1.8972642033306757e-4,2.5,9.48182363551189e-4,98881.63974919418,93.75782688921026,494173.8041787479,0.9989944783538788,7108930.709247335,71.89333355796488
Ponce,2020-2024,1,10,5,2.126961086567167e-4,2.5,0.0010629153483874996,98787.88192230496,105.00315592990955,493676.9017217001,0.9976134203795529,6614756.905068587,66.95919354026624
Ponce,2020-2024,1,15,5,7.437106642368315e-4,2.5,0.003711652332629867,98682.87876637506,366.2765371638525,492498.70248896565,0.9942793920969728,6121080.0033468865,62.027781109204604
Ponce,2020-2024,1,20,5,0.0015534189979705172,2.5,0.007737047797261406,98316.6022292112,760.6802507117391,489681.31051927665,0.9905948348027274,5628581.300857921,57.24955066831625
Ponce,2020-2024,1,25,5,0.0022296169971231625,2.5,0.011086289536650949,97555.92197849946,1081.5331970685656,485075.7768998259,0.9881324174495694,5138899.990338644,52.67645352653441
Ponce,2020-2024,1,30,5,0.002547650475375269,2.5,0.012657634306729679,96474.3887814309,1221.137533160625,479319.1000742529,0.9847911250820951,4653824.213438818,48.238960331558715
Ponce,2020-2024,1,35,5,0.003590507064624433,2.5,0.017792822188701818,95253.25124827027,1694.8241623562062,472029.19583546085,0.9807893058320128,4174505.1133645657,43.825329410374025
Ponce,2020-2024,1,40,5,0.004173955178984785,2.5,0.020654251099066424,93558.42708591407,1932.3792454661743,462961.1873159049,0.9760437720445069,3702475.9175291047,39.57394360776444
Ponce,2020-2024,1,45,5,0.005541284272408462,2.5,0.027327842995566853,91626.04784044789,2503.942249688058,451870.38357801933,0.9670132099085903,3239514.7302131997,35.35582737186588
Ponce,2020-2024,1,50,5,0.00791450590926144,2.5,0.03880472890572801,89122.10559075983,3458.3591469570965,436964.6300864064,0.9586728313987306,2787644.3466351805,31.27893274240822
Ponce,2020-2024,1,55,5,0.008987801937262415,2.5,0.04395144253539923,85663.74644380274,3765.045229191819,418906.1191460342,0.9451978473643404,2350679.716548774,27.440776456010717
Ponce,2020-2024,1,60,5,0.013682912157560203,2.5,0.06615169133381447,81898.70121461092,5417.737603389251,395949.1620645814,0.9230617271190232,1931773.5974027398,23.587353263889206
Ponce,2020-2024,1,65,5,0.0185170682443717,2.5,0.08848895134455832,76480.96361122167,6767.720267778321,365485.51738666254,0.8966017772401993,1535824.4353381584,20.08113343269664
Ponce,2020-2024,1,70,5,0.02547643941757343,2.5,0.11975487739084985,69713.24334344335,8348.50090911254,327694.9644444354,0.85660001744326,1170338.9179514959,16.787899426595366
Ponce,2020-2024,1,75,5,0.03722105178130527,2.5,0.1702619378900491,61364.74243433081,10448.079964992896,280703.5122591718,0.7953059239177905,842643.9535070605,13.731728026216553
Ponce,2020-2024,1,80,5,0.056150189893712676,2.5,0.24619167606527226,50916.66246933791,12535.258472976042,223245.16616424947,0.6027245064112242,561940.4412478887,11.036474387658265
Ponce,2020-2024,1,85,NA,0.13463320643088292,8.824462886134748,1,38381.40399636187,38381.40399636187,338695.27508363925,0,338695.27508363925,8.824462886134748
Ponce,2020-2024,2,0,1,0.006333200175207229,0.13601356367590184,0.006298734764308287,100000,629.8734764308319,99455.79785976345,0.9935166730151843,8385397.56901839,83.8539756901839
Ponce,2020-2024,2,1,4,1.801668041385175e-4,1.5137519585384704,7.203445458763827e-4,99370.12652356917,71.5807286642812,397302.53864782874,0.9992419019171355,8285941.771158626,83.38463541347429
Ponce,2020-2024,2,5,5,8.943440052852582e-5,2.5,4.470720435920998e-4,99298.54579490489,44.39360379426216,496381.7449650388,0.9995208498665079,7888639.232510798,79.44365317095684
Ponce,2020-2024,2,10,5,1.0227465778420702e-4,2.5,5.112425710235447e-4,99254.15219111062,50.742947950944654,496143.90358567575,0.9989455762041162,7392257.487545759,74.47806791309053
Ponce,2020-2024,2,15,5,3.1983209914531813e-4,2.5,0.0015978828601532129,99203.40924315968,158.5154272984073,495620.75764755235,0.9974480045846081,6896113.583960083,69.51488498804378
Ponce,2020-2024,2,20,5,7.027595060490222e-4,2.5,0.003507634970696593,99044.89381586127,347.4133332174388,494355.9357462628,0.9963884565748526,6400492.826312531,64.62213830237397
Ponce,2020-2024,2,25,5,7.445468272084078e-4,2.5,0.0037158176354646134,98697.48048264383,366.7418385533383,492570.5478168358,0.996214174407666,5906136.890566268,59.84080709745042
Ponce,2020-2024,2,30,5,7.727087502874599e-4,2.5,0.003856094656230285,98330.7386440905,379.17263582865417,490705.7616308809,0.9952502584005073,5413566.342749433,55.0546697543269
Ponce,2020-2024,2,35,5,0.0011325672914881907,2.5,0.005646847869448584,97951.56600826184,553.1175918228982,488375.03606175195,0.9936012158134458,4922860.581118551,50.258110020449564
Ponce,2020-2024,2,40,5,0.0014361359068641173,2.5,0.007154990686724378,97398.44841643894,696.8849913210288,485250.0296038922,0.991016758289318,4434485.545056799,45.529324308089755
Ponce,2020-2024,2,45,5,0.0021767147319812397,2.5,0.010824668123473269,96701.56342511791,1046.762331097896,480890.91129784484,0.9873585545955106,3949235.5154529074,40.83941743621393
Ponce,2020-2024,2,50,5,0.0029167351783307757,2.5,0.014478103904221452,95654.80109402002,1384.9001491768577,474811.75509715796,0.9806543072738868,3468344.6041550627,36.25897042790349
Ponce,2020-2024,2,55,5,0.004916658068343995,2.5,0.02428479031610567,94269.90094484316,2289.3247775655764,465626.19278030185,0.9757509512301911,2993532.8490579044,31.75491667069222
Ponce,2020-2024,2,60,5,0.00490182605873901,2.5,0.02421241764431017,91980.57616727758,2227.0721253264055,454335.20052307186,0.9626071397037383,2527906.6562776025,27.48304872194217
Ponce,2020-2024,2,65,5,0.010445920921447157,2.5,0.05090035197814204,89753.50404195118,4568.484947006902,437346.30784223863,0.9369393668403729,2073571.4557545308,23.102958239773397
Ponce,2020-2024,2,70,5,0.01577298688200121,2.5,0.07587307198713068,85185.01909494428,6463.2490860158,409766.97275968187,0.9086764625015191,1636225.1479122923,19.20789788270884
Ponce,2020-2024,2,75,5,0.02284248461795771,2.5,0.10804252386604962,78721.77000892848,8505.298714967328,372345.6032572241,0.8564493138913919,1226458.1751526103,15.579656999753787
Ponce,2020-2024,2,80,5,0.04037342229673427,2.5,0.1833599406892893,70216.47129396115,12874.888011871903,318895.136440126,0.6266357071264547,854112.5718953862,12.16399166969877
Ponce,2020-2024,2,85,NA,0.10761824205079294,9.333844739205805,1,57341.58328208925,57341.58328208925,535217.4354552602,0,535217.4354552602,9.333844739205805
Puerto Rico,1980-1984,1,0,1,0.01847343157505877,0.11242719096354899,0.018175418050267702,100000,1817.5418050267617,98386.79931457121,0.9812924516501855,7126831.535672408,71.26831535672407
Puerto Rico,1980-1984,1,1,4,4.993092896953382e-4,1.5982374654145435,0.001994844896206692,98182.45819497324,195.85877562727546,392259.42651052156,0.9979524064588606,7028444.736357837,71.58554456235524
Puerto Rico,1980-1984,1,5,5,2.3806418855221287e-4,2.5,0.0011896129321675951,97986.59941934596,116.56612584837421,489641.5817821089,0.9986433143231145,6636185.309847315,67.72543744932841
Puerto Rico,1980-1984,1,10,5,0.00030502390376333513,2.5,0.0015239574102205893,97870.03329349759,149.1497624761687,488977.2920612975,0.9965877803353049,6146543.728065207,62.80312288882789
Puerto Rico,1980-1984,1,15,5,0.0010634928332736214,2.5,0.005303363942505366,97720.88353102142,518.2494101481861,487308.7941297366,0.9926875009222543,5657566.4360039085,57.8951625443288
Puerto Rico,1980-1984,1,20,5,0.0018752193375007207,2.5,0.009332346197369707,97202.63412087323,907.1286329122522,483745.34902208555,0.9895330343567295,5170257.641874172,53.19050958480058
Puerto Rico,1980-1984,1,25,5,0.0023360179393204293,2.5,0.011612273498579703,96295.50548796098,1118.2097464101826,478682.00307377946,0.9875945471943063,4686512.292852087,48.66802733008139
Puerto Rico,1980-1984,1,30,5,0.0026591511571401392,2.5,0.013207950940632615,95177.2957415508,1257.0970528164908,472743.7360757128,0.9851613239792664,4207830.289778307,44.210441754979676
Puerto Rico,1980-1984,1,35,5,0.0033256677575603335,2.5,0.016491227925317153,93920.19868873431,1548.8594033669797,465728.8449352541,0.9815196462609814,3735086.5537025942,39.76872500111753
Puerto Rico,1980-1984,1,40,5,0.004143038556118563,2.5,0.02050283271447848,92371.33928536733,1893.8741169802379,457122.01113438606,0.9755670682059746,3269357.7087673405,35.39363761596173
Puerto Rico,1980-1984,1,45,5,0.005771140032273883,2.5,0.02844529569951605,90477.46516838709,2573.658250857421,445953.1802147919,0.9649813370086808,2812235.6976329545,31.082167171672182
Puerto Rico,1980-1984,1,50,5,0.008535217053819202,2.5,0.04178448612274618,87903.80691752967,3673.0154002820927,430336.4960869431,0.9496272397976091,2366282.5174181624,26.918999306118575
Puerto Rico,1980-1984,1,55,5,0.01222994301386341,2.5,0.05933553940525914,84230.79151724758,4997.879449207801,408659.25896321837,0.9253676768953549,1935946.0213312192,22.983827961949093
Puerto Rico,1980-1984,1,60,5,0.01904430710949453,2.5,0.09089400231139919,79232.91206803978,7201.796492651309,378160.06910857063,0.8926083071042343,1527286.762368001,19.27591353775401
Puerto Rico,1980-1984,1,65,5,0.026789320532303023,2.5,0.1255388513418783,72031.11557538847,9042.703510208332,337548.8191014215,0.8445337944847949,1149126.6932594304,15.953198615350379
Puerto Rico,1980-1984,1,70,5,0.04191325664519206,2.5,0.18968997202473073,62988.412065180135,11948.270122526228,285071.38501958514,0.7829867285584308,811577.8741580088,12.884558406047633
Puerto Rico,1980-1984,1,75,5,0.0573343714446949,2.5,0.250732833675189,51040.14194265391,12797.43942046549,223207.1111621058,0.6978925737684043,526506.4891384237,10.315537322172409
Puerto Rico,1980-1984,1,80,5,0.0910005370955827,2.5,0.3706738800485984,38242.70252218842,14175.570927443903,155774.58529233234,0.4863999183523037,303299.37797631783,7.93090859100095
Puerto Rico,1980-1984,1,85,NA,0.17737944372504996,6.129720615156323,1,24067.131594744515,24067.131594744515,147524.79268398552,0,147524.79268398552,6.129720615156323
Puerto Rico,1980-1984,2,0,1,0.012806203338053527,0.12270979446539872,0.012663927196393943,100000,1266.3927196393925,98889.00607070004,0.987033824297362,7809734.302619759,78.09734302619759
Puerto Rico,1980-1984,2,1,4,3.111183575767717e-4,1.503395790451467,0.0012435075489980979,98733.60728036061,122.77598599295015,394627.90607798094,0.9986970826431342,7710845.2965490585,78.09747368647844
Puerto Rico,1980-1984,2,5,5,1.462898106449726e-4,2.5,7.311816421649146e-4,98610.83129436766,72.10242956105503,492873.90039793565,0.999199911060877,7316217.3904710775,74.19283758628
Puerto Rico,1980-1984,2,10,5,1.738848883801166e-4,2.5,8.690466566983404e-4,98538.7288648066,85.63475287525216,492479.55744184484,0.9983137985224065,6823343.490073143,69.24529642994126
Puerto Rico,1980-1984,2,15,5,5.014412336063689e-4,2.5,0.002504067061840538,98453.09411193135,246.53315010198276,491649.1376844018,0.9967102815179886,6330863.932631297,64.30335165935705
Puerto Rico,1980-1984,2,20,5,8.171343010104534e-4,2.5,0.0040773421647029295,98206.56096182937,400.4217518601363,490031.75042949646,0.9954673025704561,5839214.794946896,59.45849989815308
Puerto Rico,1980-1984,2,25,5,0.0010004795418547749,2.5,0.0049899169347519395,97806.13920996923,488.04451036654064,487810.5847739298,0.9944331121346178,5349183.044517399,54.69168998720854
Puerto Rico,1980-1984,2,30,5,0.0012331403583955296,2.5,0.0061467522712308625,97318.09469960269,598.190219626631,485094.99794894684,0.9929648958632833,4861372.459743469,49.95342823705442
Puerto Rico,1980-1984,2,35,5,0.0015921018989466015,2.5,0.00792895025284748,96719.90447997606,766.8873110818822,481682.3041221756,0.9910142441809394,4376277.461794523,45.246916705759816
Puerto Rico,1980-1984,2,40,5,0.002020354843973423,2.5,0.010051007714559803,95953.01716889418,964.4245157998521,477354.02455497126,0.9878702802872178,3894595.157672347,40.58856378447355
Puerto Rico,1980-1984,2,45,5,0.002866300462360525,2.5,0.014229536990663835,94988.59265309433,1351.6436928483017,471563.8540333509,0.9820299876534282,3417241.1331173754,35.97527911164453
Puerto Rico,1980-1984,2,50,5,0.004400786667008997,2.5,0.021764481237929366,93636.94896024602,2037.9596188222204,463089.8457541746,0.9731957152571338,2945677.2790840245,31.45849274023895
Puerto Rico,1980-1984,2,55,5,0.0064950216395757154,2.5,0.03195621738922359,91598.9893414238,2927.1572160277283,450677.0536670497,0.9591224596387009,2482587.43332985,27.10278193219267
Puerto Rico,1980-1984,2,60,5,0.010276054330597771,2.5,0.05009336626951859,88671.83212539607,4441.870564446726,432254.4842158635,0.9386180284962424,2031910.3796628003,22.914947520080062
Puerto Rico,1980-1984,2,65,5,0.01521037721146054,2.5,0.0732658818096645,84229.96156094935,6171.182408557099,405721.85178335395,0.9014222948015367,1599655.8954469368,18.991530635917666
Puerto Rico,1980-1984,2,70,5,0.026869431794181952,2.5,0.12589063443239118,78058.77915239225,9826.869230512559,365726.72268567985,0.8486038063547231,1193934.043663583,15.295320483205288
Puerto Rico,1980-1984,2,75,5,0.03969938080839412,2.5,0.18057510445161964,68231.90992187969,12320.984261076934,310357.08895670617,0.7714221944921377,828207.3209779031,12.138123085315023
Puerto Rico,1980-1984,2,80,5,0.06706021911750683,2.5,0.28715877042242927,55910.92566080276,16055.31266593597,239416.34663917386,0.5376726091157299,517850.2320211969,9.262057923398755
Puerto Rico,1980-1984,2,85,NA,0.14590864846786583,6.986064558030609,1,39855.61299486679,39855.61299486679,278433.88538202306,0,278433.88538202306,6.986064558030609
Puerto Rico,1985-1989,1,0,1,0.01595826829834221,0.11744607352407305,0.01573663304944942,100000,1573.6633049449447,98611.15727126975,0.9836601839996023,7073580.427323169,70.7358042732317
Puerto Rico,1985-1989,1,1,4,5.166192387264951e-4,1.605585524622009,0.0020639238798623627,98426.33669505506,203.14446671228507,393218.9347285314,0.9979603607071172,6974969.270051899,70.8648671103323
Puerto Rico,1985-1989,1,5,5,2.3554137050581968e-4,2.5,0.001177013763941441,98223.19222834277,115.61004919103289,490826.9360187362,0.998649360472468,6581750.335323368,67.0081086351027
Puerto Rico,1985-1989,1,10,5,3.051265564951582e-4,2.5,0.001524469891854336,98107.58217915174,149.56205519472132,490164.0057577719,0.9966393223085538,6090923.399304632,62.08412503920597
Puerto Rico,1985-1989,1,15,5,0.0010426485257237807,2.5,0.005199689008421771,97958.02012395702,509.35124052529864,488516.7225184718,0.9923502521838995,5600759.39354686,57.17509792929262
Puerto Rico,1985-1989,1,20,5,0.0020328010158480138,2.5,0.01011261275553425,97448.66888343172,985.4606519604276,484779.69278725755,0.9881259254358673,5112242.671028388,52.46087739939949
Puerto Rico,1985-1989,1,25,5,0.0027494762963603215,2.5,0.013653531329918547,96463.20823147129,1317.0634357728559,479023.38256792433,0.9845252027493168,4627462.978241131,47.971273847093684
Puerto Rico,1985-1989,1,30,5,0.00349451958599476,2.5,0.017321274100973214,95146.14479569843,1648.0524536571756,471610.5928443492,0.9807322661550923,4148439.5956732063,43.600711353895626
Puerto Rico,1985-1989,1,35,5,0.004295335329879099,2.5,0.02124850303491323,93498.09234204126,1986.6944988884643,462523.72546298517,0.9772066683249621,3676829.002828857,39.32517670390562
Puerto Rico,1985-1989,1,40,5,0.004934470359685,2.5,0.024371698241949784,91511.3978431528,2230.28817393232,451981.26878093317,0.9727947164789593,3214305.2773658717,35.124644067562755
Puerto Rico,1985-1989,1,45,5,0.006113975485248123,2.5,0.030109653222068003,89281.10966922047,2688.2232514216594,439684.9902175482,0.9639169483505797,2762324.008584939,30.939624505330784
Puerto Rico,1985-1989,1,50,5,0.008630665939379502,2.5,0.0422418905812608,86592.88641779881,3657.8472331762023,423819.81400605355,0.9486101098549364,2322639.0183673906,26.82251527176234
Puerto Rico,1985-1989,1,55,5,0.012571329353078042,2.5,0.06094136193511166,82935.03918462261,5054.174240052758,402039.76032298116,0.9242432270766477,1898819.204361337,22.895259024769427
Puerto Rico,1985-1989,1,60,5,0.01918475493982972,2.5,0.09153364817660663,77880.86494456985,7128.719691526072,371582.5254940341,0.8924436732639268,1496779.4440383557,19.218834370980066
Puerto Rico,1985-1989,1,65,5,0.026710678184784314,2.5,0.12519339004315905,70752.14525304378,8857.700917054543,331616.47397258255,0.8445239951593089,1125196.9185443218,15.903361156330668
Puerto Rico,1985-1989,1,70,5,0.042011504652155376,2.5,0.19009235827568188,61894.44433598924,11765.660887991122,280058.06945996836,0.7781094704987418,793580.4445717392,12.821513353667878
Puerto Rico,1985-1989,1,75,5,0.06007471817350597,2.5,0.2611520077086707,50128.78344799812,13091.232441437889,217915.83613639584,0.6931075718330293,513522.37511177076,10.24406218923069
Puerto Rico,1985-1989,1,80,5,0.0904365435332203,2.5,0.3688001831254015,37037.55100656023,13659.455593735809,151039.1160484616,0.48905353524319806,295606.53897537495,7.981265794895997
Puerto Rico,1985-1989,1,85,NA,0.17162151712704854,6.183883690012173,1,23378.09541282442,23378.09541282442,144567.42292691334,0,144567.42292691334,6.183883690012173
Puerto Rico,1985-1989,2,0,1,0.011156478471318385,0.12610042449225345,0.01104875704776473,100000,1104.8757047764811,99034.44959060701,0.9886359320212982,7851370.409936717,78.51370409936717
Puerto Rico,1985-1989,2,1,4,3.0125015862781117e-4,1.5060236722832867,0.0012040959842369904,98895.12429522352,119.07922202449117,395283.5164200421,0.9987676580276004,7752335.96034611,78.38946576581164
Puerto Rico,1985-1989,2,5,5,1.388900773352484e-4,2.5,6.94209339704046e-4,98776.04507319903,68.57125302884378,493708.797233423,0.9992286606847819,7357052.443926068,74.48215241331081
Puerto Rico,1985-1989,2,10,5,1.6977660412158707e-4,2.5,8.48522872278498e-4,98707.47382017018,83.75554920124705,493327.9802278478,0.9983645655653326,6863343.646692645,69.53215781002156
Puerto Rico,1985-1989,2,15,5,4.851906672699327e-4,2.5,0.0024230142765655355,98623.71827096894,238.96667737854295,492521.1746613983,0.9966914805296044,6370015.666464797,64.58908443264288
Puerto Rico,1985-1989,2,20,5,8.409995843878264e-4,2.5,0.004196175467378922,98384.7515935904,412.83968100120546,490891.65876544896,0.995162714843139,5877494.491803398,59.7398925809384
Puerto Rico,1985-1989,2,25,5,0.0010992317759101478,2.5,0.005481096391250516,97971.91191258919,536.9934928279981,488517.07583087595,0.9939650394872148,5386602.83303795,54.981093334627296
Puerto Rico,1985-1989,2,30,5,0.0013227350831998817,2.5,0.0065918771480796366,97434.91841976119,642.2790121562284,485568.89456841536,0.9926429760310711,4898085.757207074,50.270332614284534
Puerto Rico,1985-1989,2,35,5,0.0016320817690660013,2.5,0.008127248012047155,96792.63940760496,786.6577862062404,481996.5525725092,0.9909529761065017,4412516.862638659,45.58731830895779
Puerto Rico,1985-1989,2,40,5,0.0020048658576507458,2.5,0.009974336272639373,96005.98162139872,957.5959448766662,477635.9182448019,0.9882712827679916,3930520.310066149,40.940368961240615
Puerto Rico,1985-1989,2,45,5,0.0027185056188497206,2.5,0.013500773274236532,95048.38567652206,1283.2267051009112,472033.86161985795,0.9830322413440638,3452884.391821347,36.32764898893223
Puerto Rico,1985-1989,2,50,5,0.0041388244173578646,2.5,0.0204821916000016,93765.15897142114,1920.5159514572588,464024.5049784626,0.974545684084572,2980850.530201489,31.790598585878023
Puerto Rico,1985-1989,2,55,5,0.006200737479525864,2.5,0.030530409757507673,91844.64301996389,2804.0545854315133,452213.0786362407,0.9606881680068854,2516826.0252230265,27.403079183137056
Puerto Rico,1985-1989,2,60,5,0.009913721886966854,2.5,0.048369797631222254,89040.58843453237,4306.875243543283,434435.75406380364,0.9396478848288039,2064612.946586786,23.187323701311847
Puerto Rico,1985-1989,2,65,5,0.015140910133697144,2.5,0.07294347419925912,84733.71319098909,6180.771421954341,408216.63740005955,0.904623693226299,1630177.1925229824,19.2388263317173
Puerto Rico,1985-1989,2,70,5,0.025435562596996086,2.5,0.11957421914486507,78552.94176903475,9392.906673564386,369282.4421612628,0.8528455200980202,1221960.5551229229,15.555885338015626
Puerto Rico,1985-1989,2,75,5,0.03919376789357366,2.5,0.17848052845354204,69160.03509547036,12343.719611705063,314940.8764480892,0.7762456455011845,852678.11296166,12.32905841913759
Puerto Rico,1985-1989,2,80,5,0.0648093476562707,2.5,0.2788642181275476,56816.3154837653,15844.037394268285,244471.48393315577,0.5453699923810538,537737.2365135709,9.464486247215802
Puerto Rico,1985-1989,2,85,NA,0.13892859122338716,7.157662845591002,1,40972.27808949701,40972.27808949701,293265.75258041505,0,293265.75258041505,7.157662845591002
Puerto Rico,1990-1994,1,0,1,0.01600571418828557,0.11735139762298558,0.01578274470522212,100000,1578.274470522214,98606.93824442624,0.9836099452528851,6999809.245765201,69.998092457652
Puerto Rico,1990-1994,1,1,4,5.192248976681865e-4,1.6054465902031658,0.002074320563544561,98421.72552947779,204.1582091653254,393198.0343820163,0.9979307705061493,6901202.307520775,70.1186884338238
Puerto Rico,1990-1994,1,5,5,2.449299893044987e-4,2.5,0.0012239005216682884,98217.56732031246,120.20853188032925,490787.3152718615,0.9985985569710121,6508004.273138759,66.26110227220862
Puerto Rico,1990-1994,1,10,5,3.1609020470454297e-4,2.5,0.0015792030969472546,98097.35878843213,154.91565280103532,490099.50481015805,0.995721572171844,6017216.957866897,61.339235145405986
Puerto Rico,1990-1994,1,15,5,0.0014012761855852285,2.5,0.006981921925616189,97942.4431356311,683.8264911770821,488002.6494502128,0.9903620383240568,5527117.453056739,56.43230121799968
Puerto Rico,1990-1994,1,20,5,0.0024777893233314135,2.5,0.012312676073366502,97258.61664445401,1197.5138420868898,483299.29861705285,0.9857590186126943,5039114.803606526,51.81149986975341
Puerto Rico,1990-1994,1,25,5,0.0032651014810095485,2.5,0.01619332527916903,96061.10280236712,1555.548684354435,476416.6423009495,0.9809805308829297,4555815.504989473,47.42622530955588
Puerto Rico,1990-1994,1,30,5,0.0044268831328487445,2.5,0.021892130901666956,94505.55411801269,2068.927961686102,467355.45068584825,0.9759313072406517,4079398.8626885237,43.16570492348442
Puerto Rico,1990-1994,1,35,5,0.0053288524840899906,2.5,0.026293970692842103,92436.62615632659,2430.5259390996507,456106.81593388383,0.9723125568948519,3612043.4120026757,39.07588974411588
Puerto Rico,1990-1994,1,40,5,0.005909750642653386,2.5,0.02911854486519144,90006.10021722694,2620.846667316233,443478.3844178441,0.9683184051899844,3155936.5960687916,35.0635855620012
Puerto Rico,1990-1994,1,45,5,0.006984156497599566,2.5,0.034321515401009264,87385.2535499107,2999.194325534365,429428.2819357176,0.9614294890371524,2712458.2116509476,31.040228201680595
Puerto Rico,1990-1994,1,50,5,0.008782805170658934,2.5,0.04297052155602427,84386.05922437634,3626.1129769289983,412865.0136795592,0.9491767729336753,2283029.92971523,27.05458639376465
Puerto Rico,1990-1994,1,55,5,0.012164736838411598,2.5,0.05902851821688355,80759.94624744734,4767.139958261992,391881.88134158176,0.9270012535892902,1870164.9160356708,23.157084705152126
Puerto Rico,1990-1994,1,60,5,0.01837620139122227,2.5,0.0878453474653485,75992.80628918535,6675.614473340407,363274.99526257574,0.8955865272773307,1478283.034694089,19.452933861510335
Puerto Rico,1990-1994,1,65,5,0.02611605577514748,2.5,0.12257719661672817,69317.19181584494,8496.707050130288,325344.19145389897,0.8483027612362584,1115008.0394315133,16.0855916147578
Puerto Rico,1990-1994,1,70,5,0.040743519070926645,2.5,0.18488539165278114,60820.48476571465,11244.819146421163,275990.37596252037,0.7857389850498517,789663.8479776144,12.983517823303487
Puerto Rico,1990-1994,1,75,5,0.05722114819882597,2.5,0.2502996566289315,49575.66561929349,12408.772081659881,216856.39789231776,0.6998789606956586,513673.47201509395,10.36140343449441
Puerto Rico,1990-1994,1,80,5,0.08976876153051112,2.5,0.36657610113796035,37166.89353763361,13624.494924435385,151773.23037707957,0.4886640843501487,296817.0741227762,7.986060869527122
Puerto Rico,1990-1994,1,85,NA,0.16425394010479963,6.160962870808877,1,23542.398613198224,23542.398613198224,145043.84374569665,0,145043.84374569665,6.160962870808877
Puerto Rico,1990-1994,2,0,1,0.010859422724547896,0.12671095425691845,0.010757405782177046,100000,1075.7405782177084,99060.56753698115,0.9889213748091529,7880752.493034889,78.80752493034889
Puerto Rico,1990-1994,2,1,4,3.0115473294796007e-4,1.5064977007923979,0.0012037150260444346,98924.25942178229,119.07661750631814,395400.1198675953,0.9987828201683074,7781691.925497908,78.66313046953623
Puerto Rico,1990-1994,2,5,5,1.3532141543539283e-4,2.5,6.763782560195284e-4,98805.18280427597,66.82967723083857,493858.8398283028,0.9992554722975611,7386291.805630313,74.75611699703933
Puerto Rico,1990-1994,2,10,5,1.6261073373619172e-4,2.5,8.127232748608345e-4,98738.35312704513,80.2469577077718,493491.14824095624,0.9983767782381956,6892432.96580201,69.8050225420878
Puerto Rico,1990-1994,2,15,5,4.874692416668362e-4,2.5,0.002434379495517658,98658.10616933736,240.17127072524454,492690.1026698737,0.9966305772053384,6398941.817561054,64.85976739283716
Puerto Rico,1990-1994,2,20,5,8.632083902243531e-4,2.5,0.00430674789881966,98417.93489861212,423.8612343307759,491030.02140723367,0.9948888566744116,5906251.71489118,60.01194519043368
Puerto Rico,1990-1994,2,25,5,0.0011873174898747376,2.5,0.0059190180651944625,97994.07366428134,580.028692300868,488520.2965906546,0.9932963348593113,5415221.693483947,55.260705989588686
Puerto Rico,1990-1994,2,30,5,0.0015042324369517871,2.5,0.0074929842100132605,97414.04497198047,729.9219008085784,485245.42010788096,0.9918502742376573,4926701.396893292,50.57485702713993
Puerto Rico,1990-1994,2,35,5,0.0017700835636050949,2.5,0.008811425419756866,96684.1230711719,851.9249397162203,481290.8030065689,0.9902678898757246,4441455.976785411,45.937800702975096
Puerto Rico,1990-1994,2,40,5,0.0021436224559109114,2.5,0.01066097949195217,95832.19813145568,1021.6650989481423,476606.827909908,0.987636639697802,3960165.173778842,41.32395218929001
Puerto Rico,1990-1994,2,45,5,0.0028367939709339845,2.5,0.014084085730950727,94810.53303250753,1335.3196754269884,470714.36597397015,0.9831919090296909,3483558.345868934,36.742313690764
Puerto Rico,1990-1994,2,50,5,0.003952882831415076,2.5,0.019571009389551825,93475.21335708055,1829.4042783017794,462802.5560896483,0.9757263080023846,3012843.979894964,32.23147475882972
Puerto Rico,1990-1994,2,55,5,0.005899803992593639,2.5,0.029070248049202267,91645.80907877877,2664.1664025899227,451568.62938741903,0.9630851035038088,2550041.4238053155,27.82496493225674
Puerto Rico,1990-1994,2,60,5,0.009205992880200149,2.5,0.044994418656499544,88981.64267618884,4003.677283315483,434899.0201726555,0.9430050309340072,2098472.794417897,23.583210326363645
Puerto Rico,1990-1994,2,65,5,0.01441349123316411,2.5,0.06956091699753354,84977.96539287336,5911.145197312944,410111.96397108445,0.9099083954948549,1663573.774245241,19.576531004880422
Puerto Rico,1990-1994,2,70,5,0.023764096117757115,2.5,0.11215719470086236,79066.82019556042,8867.912747051552,373164.3191101732,0.8602094528968367,1253461.8102741565,15.853196159576152
Puerto Rico,1990-1994,2,75,5,0.03737708602856301,2.5,0.17091469682580535,70198.90744850886,11998.024984064657,320999.47478238266,0.7838276405514736,880297.4911639834,12.540045467369767
Puerto Rico,1990-1994,2,80,5,0.06263093467373554,2.5,0.27075982161852274,58200.88246444421,15758.460554113524,251608.26093693724,0.5501356100550361,559298.0163816008,9.609785843424012
Puerto Rico,1990-1994,2,85,NA,0.13226446188988397,7.249580528055831,1,42442.42191033068,42442.42191033068,307689.75544466346,0,307689.75544466346,7.249580528055831
Puerto Rico,1995-1999,1,0,1,0.014380350661028978,0.12059472927344973,0.014200765562051609,100000,1420.0765562051674,98751.17719163797,0.9852122643131583,7072243.837113937,70.72243837113938
Puerto Rico,1995-1999,1,1,4,4.93757210605218e-4,1.6102130933615386,0.0019727011053869313,98579.92344379483,194.468723946542,393854.9549649412,0.9980386956062057,6973492.6599223,70.7394813904296
Puerto Rico,1995-1999,1,5,5,2.3374178246826912e-4,2.5,0.0011680263709265696,98385.45471984829,114.91680562838155,491639.9815851705,0.9986540458017549,6579637.704957359,66.87612232613874
Puerto Rico,1995-1999,1,10,5,3.050504808051048e-4,2.5,0.0015240900929863843,98270.53791421991,149.77315326750977,490978.2566879308,0.9958012923611221,6087997.7233721875,61.95140326479524
Puerto Rico,1995-1999,1,15,5,0.0013802277475329753,2.5,0.006877407765093674,98120.7647609524,674.8165094838914,488916.78253105225,0.9903358829120186,5597019.466684257,57.04215086704681
Puerto Rico,1995-1999,1,20,5,0.0025096728600315023,2.5,0.012470124467812304,97445.94825146851,1215.1631035798055,484191.833498393,0.9867915297143649,5108102.684153205,52.41985711885384
Puerto Rico,1995-1999,1,25,5,0.002810842179629817,2.5,0.01395613963328399,96230.7851478887,1343.0102745444892,477796.4000530823,0.9839214632174028,4623910.850654812,48.05022471289958
Puerto Rico,1995-1999,1,30,5,0.0036797373253447995,2.5,0.018230973641261184,94887.77487334421,1729.8965225938737,470114.13306023635,0.9798940783295413,4146114.4506017296,43.69492757245014
Puerto Rico,1995-1999,1,35,5,0.004452145838329598,2.5,0.022015686573260213,93157.87835075034,2050.9346516000223,460662.05512475164,0.9755664777590917,3676000.317541493,39.459897355121385
Puerto Rico,1995-1999,1,40,5,0.005454536599347764,2.5,0.02690578650369226,91106.94369915032,2451.303976173236,449406.4585553185,0.9697816943961527,3215338.2624167413,35.291912250226524
Puerto Rico,1995-1999,1,45,5,0.006839462613615479,2.5,0.03362241494312006,88655.63972297708,2980.816705813704,435826.15685035114,0.9616744547165402,2765931.803861423,31.1985995758888
Puerto Rico,1995-1999,1,50,5,0.008829136989264356,2.5,0.04319230793717231,85674.82301716338,3700.4933382200543,419122.88174026675,0.9493822824629214,2330105.647011072,27.1970873700466
Puerto Rico,1995-1999,1,55,5,0.012026714882382529,2.5,0.0583783257151939,81974.32967894332,4785.524118282032,397907.83809901157,0.9287895056692624,1910982.7652708052,23.311965742876673
Puerto Rico,1995-1999,1,60,5,0.017719281655808203,2.5,0.08483822717290083,77188.80556066129,6548.5614213602385,369572.6242499059,0.9004790935768194,1513074.9271717935,19.602258594126
Puerto Rico,1995-1999,1,65,5,0.024530365081240672,2.5,0.11556471385290142,70640.24413930105,8163.519600457432,332792.4216953617,0.8545297294607295,1143502.3029218877,16.1876889987374
Puerto Rico,1995-1999,1,70,5,0.039387445485024805,2.5,0.17928343601873445,62476.72453884362,11201.041846519867,284381.01807791844,0.7879819236598393,810709.881226526,12.97619052872216
Puerto Rico,1995-1999,1,75,5,0.05764064337933531,2.5,0.25190351518476195,51275.68269232375,12916.524713694816,224087.10167738172,0.6978863077565336,526328.8631486075,10.264687577283135
Puerto Rico,1995-1999,1,80,5,0.09056608908295286,2.5,0.3692309399218929,38359.15797862894,14163.387955061538,156387.32000549085,0.4825754083610337,302241.76147122576,7.87925954056692
Puerto Rico,1995-1999,1,85,NA,0.16481044555001775,6.0280967013518625,1,24195.7700235674,24195.7700235674,145854.4414657349,0,145854.4414657349,6.0280967013518625
Puerto Rico,1995-1999,2,0,1,0.009852322655479407,0.12878081681587283,0.009768474636001293,100000,976.8474636001338,99148.9517506668,0.9899422779100994,7927925.413520779,79.2792541352078
Puerto Rico,1995-1999,2,1,4,2.7416622604210577e-4,1.508106691767226,0.0010959161819218625,99023.15253639987,108.52107524954772,395822.1872043829,0.9988681902642859,7828776.461770113,79.06006081650791
Puerto Rico,1995-1999,2,5,5,1.3125236211628097e-4,2.5,6.560465414358507e-4,98914.63146115032,64.89260186748288,494410.92580108286,0.9992724575037917,7432954.27456573,75.14514450256124
Puerto Rico,1995-1999,2,10,5,1.5988095655730818e-4,2.5,7.990853864466508e-4,98849.73885928284,78.98938177652599,494051.22084197286,0.9984052696793122,6938543.348764647,70.19283438514677
Puerto Rico,1995-1999,2,15,5,4.7877468822992754e-4,2.5,0.00239101155162418,98770.74947750631,236.16200296330499,493263.34238012333,0.9968038319684217,6444492.127922675,65.2469699988489
Puerto Rico,1995-1999,2,20,5,8.022566715280293e-4,2.5,0.0040032542640372785,98534.587474543,394.45900746260304,491686.78985405853,0.9953249126091375,5951228.785542551,60.397358309132684
Puerto Rico,1995-1999,2,25,5,0.0010727936890657657,2.5,0.005349620846620954,98140.1284670804,525.0124771375558,489388.11114255816,0.9938328761759049,5459541.995688492,55.630067750724535
Puerto Rico,1995-1999,2,30,5,0.001402706505279145,2.5,0.00698902365403307,97615.11598994285,682.2343546448974,486369.994063102,0.9920037859596667,4970153.884545934,50.915822146418414
Puerto Rico,1995-1999,2,35,5,0.001810254291637568,2.5,0.009010493248007895,96932.88163529795,873.4130754847865,482480.87548777775,0.9902726886518842,4483783.890482833,46.256583058705544
Puerto Rico,1995-1999,2,40,5,0.0021011083830266707,2.5,0.010450647059770012,96059.46855981316,1003.8836026676872,477787.63379239663,0.9877073246282365,4001303.0149950543,41.6544363089368
Puerto Rico,1995-1999,2,45,5,0.0028510082850084924,2.5,0.014154157375182564,95055.58495714547,1345.4317088734824,471914.3455135437,0.9833487683620713,3523515.3812026577,37.06794695746901
Puerto Rico,1995-1999,2,50,5,0.003873991093219442,2.5,0.01918415732953338,93710.15324827199,1797.750323289525,464056.39043313614,0.9766244711174524,3051601.035689114,32.56425189706309
Puerto Rico,1995-1999,2,55,5,0.005607293920798171,2.5,0.02764888109676397,91912.40292498247,2541.2750997906987,453208.8268754356,0.9639414966531089,2587544.645255978,28.15229025584168
Puerto Rico,1995-1999,2,60,5,0.00914589469233205,2.5,0.0447072538719204,89371.12782519177,3995.537700500703,436866.7948747071,0.9446837462005817,2134335.8183805426,23.881715161469852
Puerto Rico,1995-1999,2,65,5,0.013740690341759182,2.5,0.06642174996328769,85375.59012469107,5670.796100230364,412700.9603728794,0.9134173685811242,1697469.0235058353,19.88236943401131
Puerto Rico,1995-1999,2,70,5,0.022872744644920347,2.5,0.10817790900251202,79704.7940244607,8622.297955042071,376968.22523469833,0.8653525495278334,1284768.063132956,16.11908140354358
Puerto Rico,1995-1999,2,75,5,0.03580764344064573,2.5,0.16432774403839712,71082.49606941863,11680.826219705792,326210.4147978287,0.7904876427873075,907799.8378982577,12.771074288270732
Puerto Rico,1995-1999,2,80,5,0.0607185955180651,2.5,0.263582134989749,59401.66984971284,15657.218960943508,257865.30184620543,0.5566196846023501,581589.4231004289,9.790792490713802
Puerto Rico,1995-1999,2,85,NA,0.13242421652463357,7.400347122366882,1,43744.45088876933,43744.45088876933,323724.1212542235,0,323724.1212542235,7.400347122366882
Puerto Rico,2000-2004,1,0,1,0.011888210515288709,0.12556767032726715,0.011765898871103622,100000,1176.5898871103564,98971.15176394471,0.9877764274920501,7334634.65826725,73.34634658267251
Puerto Rico,2000-2004,1,1,4,4.002447781840905e-4,1.6175493467013649,0.0015994539319536605,98823.41011288964,158.06349187414162,394917.06198208034,0.9983887766877757,7235663.506503306,73.21811196595766
Puerto Rico,2000-2004,1,5,5,1.9005244382902135e-4,2.5,9.498109344219507e-4,98665.3466210155,93.71342506915971,493092.4495424046,0.998915660436764,6840746.444521226,69.33281723315977
Puerto Rico,2000-2004,1,10,5,2.4394790382885226e-4,2.5,0.0012189960902917556,98571.63319594634,120.15843547953409,492557.7698910329,0.9968047701052485,6347653.994978821,64.39635612367901
Puerto Rico,2000-2004,1,15,5,0.0010374589740000445,2.5,0.005173875660663932,98451.47476046681,509.3756890196528,490983.9345797849,0.9921144775374284,5855096.225087788,59.47189962703232
Puerto Rico,2000-2004,1,20,5,0.0021335743595664643,2.5,0.010611271953426777,97942.09907144716,1039.2902489365952,487112.2697348943,0.9887528275216503,5364112.290508003,54.768198163641266
Puerto Rico,2000-2004,1,25,5,0.0023922001191158545,2.5,0.01188989308643516,96902.80882251056,1152.1640366749198,481633.6340208655,0.9877693302447564,4877000.020773109,50.32877870140933
Puerto Rico,2000-2004,1,30,5,0.00253102390045058,2.5,0.012575546977350614,95750.64478583564,1204.1167316158972,475742.93210013845,0.9856371383112579,4395366.386752243,45.90430066119459
Puerto Rico,2000-2004,1,35,5,0.0032609574559590614,2.5,0.016172939113825304,94546.52805421974,1529.0952416444634,468909.90216698754,0.9819607058663251,3919623.454652105,41.45708504921844
Puerto Rico,2000-2004,1,40,5,0.0040274118647363345,2.5,0.019936329795784573,93017.43281257528,1854.4262173087336,460451.09851960454,0.9764872457547641,3450713.552485117,37.0974928908015
Puerto Rico,2000-2004,1,45,5,0.00550717877446666,2.5,0.027161929863291617,91163.00659526655,2476.16319126742,449624.6249981642,0.9680172602330266,2990262.453965513,32.80127066498898
Puerto Rico,2000-2004,1,50,5,0.007526639690875739,2.5,0.036938148124917566,88686.84340399913,3275.9277583882795,435244.3976240249,0.9559126628880346,2540637.8289673487,28.64729120410643
Puerto Rico,2000-2004,1,55,5,0.01057449654801202,2.5,0.05151073258041712,85410.91564561085,4399.57883526964,416055.63113988016,0.9375367479509984,2105393.431343324,24.65016813634309
Puerto Rico,2000-2004,1,60,5,0.015370922049811494,2.5,0.07401058299390638,81011.3368103412,5995.696266449057,390067.4433855834,0.9114287535986951,1689337.8002034437,20.853103611392296
Puerto Rico,2000-2004,1,65,5,0.02200674098936965,2.5,0.10429568465080041,75015.64054389215,7823.80759004358,355518.68374435185,0.8726004319384039,1299270.3568178602,17.319992836129266
Puerto Rico,2000-2004,1,70,5,0.033180233673449064,2.5,0.15319366441111362,67191.83295384857,10293.36310869948,310225.7569974942,0.8122261680304593,943751.6730735084,14.04563072005692
Puerto Rico,2000-2004,1,75,5,0.05162268930098639,2.5,0.22860981312027115,56898.46984514909,13007.548558128918,251973.47783042316,0.7285080758653212,633525.9160760142,11.13432255384326
Puerto Rico,2000-2004,1,80,5,0.07820651855535214,2.5,0.32708261188748217,43890.921287020174,14355.957172706447,183564.71350333473,0.5189004312293741,381552.43824559107,8.693197295870553
Puerto Rico,2000-2004,1,85,NA,0.15631363328178452,6.703503142104859,1,29534.964114313727,29534.964114313727,197987.7247422563,0,197987.7247422563,6.703503142104859
Puerto Rico,2000-2004,2,0,1,0.007888145433701215,0.13281773133447689,0.007834553485121933,100000,783.4553485122015,99320.60141347905,0.9919296732470144,8102516.924297475,81.02516924297475
Puerto Rico,2000-2004,2,1,4,2.2483315887289628e-4,1.5112531814797066,8.988296928123008e-4,99216.5446514878,89.17877635099285,396644.2352100281,0.9990664732666031,8003196.322883996,80.66392909566
Puerto Rico,2000-2004,2,5,5,1.0897169297131481e-4,2.5,5.447100699103324e-4,99127.3658751368,53.99567439586099,495501.84018969437,0.9993969604518103,7606552.087673968,76.73513787560302
Puerto Rico,2000-2004,2,10,5,1.3232392286328435e-4,2.5,6.61400816439881e-4,99073.37020074094,65.52720793822664,495203.0329838592,0.9986409728804206,7111050.247484273,71.77559654098748
Puerto Rico,2000-2004,2,15,5,4.1184663571543234e-4,2.5,0.0020571151387042746,99007.84299280272,203.6705326709489,494530.0386323362,0.9972446619054083,6615847.214500414,66.82144580183761
Puerto Rico,2000-2004,2,20,5,6.921958356762159e-4,2.5,0.0034550003362685167,98804.17246013177,341.3684490744927,493167.4411779726,0.9960830998380509,6121317.175868078,61.95403517334327
Puerto Rico,2000-2004,2,25,5,8.780032802941842e-4,2.5,0.00438040138450941,98462.80401105728,431.3066030127229,491235.75354775455,0.9950986204107637,5628149.734690106,57.160161049832276
Puerto Rico,2000-2004,2,30,5,0.0010878806715192355,2.5,0.0054246499280798865,98031.49740804455,531.7865553641168,488828.0206518125,0.9937883755225599,5136913.9811423505,52.40064792400907
Puerto Rico,2000-2004,2,35,5,0.0014054995548950168,2.5,0.007002891372706791,97499.71085268044,682.779883971627,485791.6045534731,0.9920547707175823,4648085.960490539,47.672817897005636
Puerto Rico,2000-2004,2,40,5,0.0017867886032037223,2.5,0.008894212820762097,96816.93096870881,861.1103886887431,481931.8788718222,0.9893483548763895,4162294.355937065,42.99138915364211
Puerto Rico,2000-2004,2,45,5,0.0025005039266977783,2.5,0.012424848676230046,95955.82058002007,1192.2365503102337,476798.5115243247,0.9850703582689326,3680362.477065243,38.35476008457551
Puerto Rico,2000-2004,2,50,5,0.003523964290052764,2.5,0.017465948007587183,94763.58402970983,1655.1358316755213,469680.08056936035,0.9782338477902746,3203563.9655409185,33.80585483698624
Puerto Rico,2000-2004,2,55,5,0.005297809522277476,2.5,0.026142798691766816,93108.44819803431,2434.115417744004,459456.95244581153,0.9671931135835682,2733883.884971558,29.362361180768506
Puerto Rico,2000-2004,2,60,5,0.008090364720756605,2.5,0.039649868853397635,90674.33278029031,3595.225403107863,444383.6003936819,0.9504888275927044,2274426.9325257465,25.083470291828096
Puerto Rico,2000-2004,2,65,5,0.01232429451257182,2.5,0.05977961850218384,87079.10737718244,5205.555818518653,422381.64733961556,0.9236664379112076,1830043.3321320645,21.015871513303953
Puerto Rico,2000-2004,2,70,5,0.019713967700421806,2.5,0.09394001256824026,81873.55155866379,7691.202462427347,390139.7516372506,0.8803135036028124,1407661.684792449,17.193118632258617
Puerto Rico,2000-2004,2,75,5,0.03198932055818942,2.5,0.14810236751619152,74182.34909623644,10986.581529065232,343445.2916585191,0.8130545123846588,1017521.9331551983,13.716496519073177
Puerto Rico,2000-2004,2,80,5,0.05262731321968668,2.5,0.2325414825072368,63195.76756717121,14695.63747825275,279239.7441402242,0.5857448145359005,674076.6414966793,10.666483966354212
Puerto Rico,2000-2004,2,85,NA,0.12189638087295923,8.140945119787819,1,48500.130088918464,48500.130088918464,394836.8973564551,0,394836.8973564551,8.140945119787819
Puerto Rico,2005-2009,1,0,1,0.011655660176779317,0.12603171290024573,0.01153812501986587,100000,1153.8125019865838,98991.6044640045,0.9880402890749667,7443611.763714185,74.43611763714185
Puerto Rico,2005-2009,1,1,4,3.785983702448966e-4,1.618235629315144,0.0015130291340275076,98846.18749801342,149.5571614720393,395028.5400734788,0.9984629993533023,7344620.15925018,74.3035249528242
Puerto Rico,2005-2009,1,5,5,1.8028305591625938e-4,2.5,9.010091878568084e-4,98696.63033654138,88.92657074374438,493260.83525584755,0.9989893779110732,6949591.619176702,70.4136665606474
Puerto Rico,2005-2009,1,10,5,2.2419235339894854e-4,2.5,0.0011203338412935624,98607.70376579763,110.47354754105618,492762.3349601355,0.9971388297855627,6456330.783920854,65.47491258142705
Puerto Rico,2005-2009,1,15,5,9.229163531560811e-4,2.5,0.004603959092940065,98497.23021825658,453.47721869275847,491352.45804455096,0.9926271963557447,5963568.448960719,60.54554463862847
Puerto Rico,2005-2009,1,20,5,0.00204125487593421,2.5,0.010154454803719683,98043.75299956382,995.5808586211206,487729.8128512663,0.9889187792626822,5472215.990916167,55.81402000125916
Puerto Rico,2005-2009,1,25,5,0.002418028122365873,2.5,0.01201749401560413,97048.1721409427,1166.275827929101,482325.17113489076,0.987674086108963,4984486.178064901,51.36094856919047
Puerto Rico,2005-2009,1,30,5,0.0025436907471638303,2.5,0.01263808528432017,95881.8963130136,1211.7635828262282,476380.0726080024,0.9865450287506756,4502161.00693001,46.95527706536352
Puerto Rico,2005-2009,1,35,5,0.0028770078099325915,2.5,0.014282313232875739,94670.13273018737,1352.1084894504456,469970.3924273107,0.9837811702317091,4025780.9343220084,42.52429798314112
Puerto Rico,2005-2009,1,40,5,0.0036700479808263113,2.5,0.018183404982282127,93318.02424073692,1696.8394269157434,462348.02263639524,0.978503593064897,3555810.5418946976,38.10422017424635
Puerto Rico,2005-2009,1,45,5,0.005036787629749661,2.5,0.024870766229530078,91621.18481382118,2278.689069177126,452409.2013961631,0.969836246923026,3093462.519258302,33.763616193616926
Puerto Rico,2005-2009,1,50,5,0.0072473199711185704,2.5,0.03559173807028388,89342.49574464405,3179.854707088816,438762.8419554982,0.9578044692456399,2641053.317862139,29.56099777434823
Puerto Rico,2005-2009,1,55,5,0.010055175810790205,2.5,0.0490430381272881,86162.64103755524,4225.677689552656,420249.01096389454,0.9410189142266645,2202290.4759066408,25.559690944788247
Puerto Rico,2005-2009,1,60,5,0.01438574538075992,2.5,0.06943166139820531,81936.96334800258,5689.019495175671,395462.2680020737,0.9174568608498123,1782041.4649427463,21.748932253860346
Puerto Rico,2005-2009,1,65,5,0.020307778026813567,2.5,0.09663289184012212,76247.94385282691,7368.05931136194,362819.5709857297,0.8834101804063027,1386579.1969406728,18.185135583682563
Puerto Rico,2005-2009,1,70,5,0.029802859865794562,2.5,0.1386815335528501,68879.88454146497,9552.368019153604,320518.5026594408,0.830369479061096,1023759.625954943,14.862969541400007
Puerto Rico,2005-2009,1,75,5,0.04582219056604742,2.5,0.2055626280417685,59327.516522311365,12195.520211517767,266148.7820827624,0.7521037703231356,703241.1232955023,11.853540557879809
Puerto Rico,2005-2009,1,80,5,0.07091614669313898,2.5,0.30118375507455153,47131.9963107936,14195.391633044725,200171.5024713562,0.5420384124874669,437092.3412127399,9.27379223087655
Puerto Rico,2005-2009,1,85,NA,0.1515984595072226,7.193238072333585,1,32936.604677748874,32936.604677748874,236920.83874138366,0,236920.83874138366,7.193238072333585
Puerto Rico,2005-2009,2,0,1,0.0076226036468956876,0.1333634914026447,0.007572578988583455,100000,757.2578988583409,99343.73265842564,0.9921896456625036,8201201.241783082,82.01201241783082
Puerto Rico,2005-2009,2,1,4,2.2271925973123776e-4,1.5116794139855747,8.903835910821421e-4,99242.74210114166,88.36410910086124,396751.09017282614,0.9990958823500784,8101857.509124655,81.63677602607731
Puerto Rico,2005-2009,2,5,5,1.0135874363639304e-4,2.5,5.066653307785356e-4,99154.3779920408,50.23808572348207,495646.2947458953,0.9994411339411297,7705106.41895183,77.7081816757534
Puerto Rico,2005-2009,2,10,5,1.2225600464325654e-4,2.5,6.110932486686659e-4,99104.13990631732,60.56187081185635,495369.29485455697,0.998742122989545,7209460.124205934,72.74630637046045
Puerto Rico,2005-2009,2,15,5,3.813745217819966e-4,2.5,0.0019050562591105178,99043.57803550546,188.68358826126496,494746.18120687414,0.9973542840748654,6714090.829351377,67.7892596624941
Puerto Rico,2005-2009,2,20,5,6.787075155542006e-4,2.5,0.003387789282652877,98854.8944472442,334.89955194614595,493437.22335635556,0.9962891620302535,6219344.648144503,62.91387677788251
Puerto Rico,2005-2009,2,25,5,8.086283611704847e-4,2.5,0.004034984797991055,98519.99489529805,397.5266817006777,491606.15777223854,0.9954999697732635,5725907.424788147,58.1192419962399
Puerto Rico,2005-2009,2,30,5,9.95865152813553e-4,2.5,0.004966959708844097,98122.46821359737,487.3703461492696,489393.9152026137,0.9942463473547376,5234301.267015909,53.34457400339388
Puerto Rico,2005-2009,2,35,5,0.0013131513218681207,2.5,0.00654427255893702,97635.0978674481,638.9506917630788,486578.1126078328,0.9924801287951391,4744907.351813295,48.59837758605109
Puerto Rico,2005-2009,2,40,5,0.0017076383807639894,2.5,0.008501896491922721,96996.14717568502,824.6512034029729,482919.10786991764,0.9899705618666442,4258329.239205463,43.902045217244876
Puerto Rico,2005-2009,2,45,5,0.002327480191162282,2.5,0.011570078136628402,96171.49597228205,1112.7117229157302,478075.70055412094,0.9860276075181451,3775410.131335545,39.257059414191396
Puerto Rico,2005-2009,2,50,5,0.0033076931890263597,2.5,0.016402827146052363,95058.78424936632,1559.2328067562485,471395.839229941,0.9801508451394779,3297334.430781424,34.68731960774477
Puerto Rico,2005-2009,2,55,5,0.0047257713219879555,2.5,0.02335295479974894,93499.55144261007,2183.4907986360777,462039.0302164602,0.9703766229171205,2825938.5915514827,30.224087152824907
Puerto Rico,2005-2009,2,60,5,0.007341046087599649,2.5,0.036043733663024664,91316.060643974,3291.3717690080084,448351.87379735,0.9550531460306071,2363899.5613350226,25.887007659599668
Puerto Rico,2005-2009,2,65,5,0.011138328316460607,2.5,0.054182874956319974,88024.68887496598,4769.430710381246,428199.8675988768,0.9308328645420076,1915547.6875376727,21.761482057137382
Puerto Rico,2005-2009,2,70,5,0.01775670638237374,2.5,0.08500979690375568,83255.25816458474,7077.512587741105,398582.50935357093,0.8916796407700648,1487347.8199387959,17.864911511036386
Puerto Rico,2005-2009,2,75,5,0.028677830176224002,2.5,0.13379665640481062,76177.74557684363,10192.327650638035,355407.9087576231,0.8278347115408774,1088765.310585225,14.29243281408141
Puerto Rico,2005-2009,2,80,5,0.04854626732505715,2.5,0.21646046734294253,65985.4179262056,14283.23440212584,294219.0036257134,0.598805435259139,733357.4018276018,11.113931302939504
Puerto Rico,2005-2009,2,85,NA,0.11782925841636473,8.493614162298663,1,51702.18352407976,51702.18352407976,439138.39820188837,0,439138.39820188837,8.493614162298663
Puerto Rico,2010-2014,1,0,1,0.010585777171732287,0.12816661094266682,0.010488974073514476,100000,1048.89740735144,99085.53621857535,0.9891211752912644,7585046.857769718,75.85046857769719
Puerto Rico,2010-2014,1,1,4,3.5012922019027494e-4,1.621396721116501,0.0013993514749491187,98951.10259264856,138.4673713608645,395475.0514270569,0.998578381378599,7485961.321551142,75.65313700817015
Puerto Rico,2010-2014,1,5,5,1.6657841340046817e-4,2.5,8.325453567907954e-4,98812.6352212877,82.2660006457445,493857.51110482414,0.9990775652718334,7090486.270124085,71.75687860408915
Puerto Rico,2010-2014,1,10,5,2.0258234685818432e-4,2.5,0.0010123989988780476,98730.36922064195,99.95452695783752,493401.95978581515,0.9974283589448574,6596628.759019261,66.81458614093867
Puerto Rico,2010-2014,1,15,5,8.282039183975069e-4,2.5,0.0041324632862717245,98630.41469368411,407.5865676313988,492133.1070493421,0.9930976159126284,6103226.799233447,61.879764149711846
Puerto Rico,2010-2014,1,20,5,0.00194618301925432,2.5,0.009683798983413124,98222.82812605271,951.1701231550396,488736.215322376,0.9895323918663312,5611093.692184105,57.126167096137735
Puerto Rico,2010-2014,1,25,5,0.0022645648112506007,2.5,0.011259081755377452,97271.65800289768,1095.1895499357342,483620.316139649,0.9884813697065471,5122357.476861728,52.66032863045406
Puerto Rico,2010-2014,1,30,5,0.0023701886327166188,2.5,0.011781134386574181,96176.46845296194,1133.0678996704664,478049.6725156336,0.9877245750482986,4638737.16072208,48.2315189498853
Puerto Rico,2010-2014,1,35,5,0.0025715481948393754,2.5,0.012775608243406112,95043.40055329147,1214.2372515899624,472181.4096374825,0.9858331641200666,4160687.4882064457,43.77671110235077
Puerto Rico,2010-2014,1,40,5,0.003139665279871828,2.5,0.015576067305072432,93829.16330170151,1461.4893627659476,465492.0931015927,0.9814628888086621,3688506.0785689633,39.31087040293447
Puerto Rico,2010-2014,1,45,5,0.004355925471469151,2.5,0.021545006253538876,92367.67393893556,1990.0621126391925,456863.21441307984,0.9740386575293025,3223013.9854673706,34.893311133915866
Puerto Rico,2010-2014,1,50,5,0.006189293895276938,2.5,0.030474923826390422,90377.61182629637,2754.250836017469,445002.4320414382,0.9624062932989107,2766150.7710542907,30.606592884648986
Puerto Rico,2010-2014,1,55,5,0.009193818501362002,2.5,0.044936253118551935,87623.3609902789,3937.4655285574263,428273.14113000093,0.9466088993118272,2321148.3390128524,26.4900628414649
Puerto Rico,2010-2014,1,60,5,0.012848623948865457,2.5,0.062243753296156605,83685.89546172148,5208.924231487341,405407.16672988905,0.9256899052931791,1892875.1978828516,22.61880795370907
Puerto Rico,2010-2014,1,65,5,0.018230093941143527,2.5,0.0871773418758766,78476.97123023414,6841.413750321444,375281.3217753671,0.8942309469063443,1487468.0311529625,18.95419774533677
Puerto Rico,2010-2014,1,70,5,0.02692540151916761,2.5,0.12613632931353577,71635.55747991269,9035.846268844994,335588.171727451,0.8441098514636053,1112186.7093775955,15.525623705650137
Puerto Rico,2010-2014,1,75,5,0.04197398932610123,2.5,0.18993873096514557,62599.7112110677,11890.10970621479,283273.2817898015,0.7695678520928848,776598.5376501444,12.405784669384241
Puerto Rico,2010-2014,1,80,5,0.06522994652157842,2.5,0.2804202395365489,50709.60150485291,14219.998600793799,217998.01102228003,0.5581049045581526,493325.255860343,9.728438820666572
Puerto Rico,2010-2014,1,85,NA,0.1430561774583622,7.545361498232022,1,36489.60290405911,36489.60290405911,275327.24483806296,0,275327.24483806296,7.545361498232022
Puerto Rico,2010-2014,2,0,1,0.006622369668436641,0.13541924229155222,0.0065846686647755386,100000,658.4668664775527,99430.70221765494,0.9932080469122462,8318707.249645694,83.18707249645693
Puerto Rico,2010-2014,2,1,4,1.9522107275773303e-4,1.5132867440824103,7.80505387798983e-4,99341.53313352245,77.53660184291948,397173.32123846817,0.9991983579923774,8219276.547428039,82.7375649254448
Puerto Rico,2010-2014,2,5,5,9.194396352689093e-5,2.5,4.5961417076307193e-4,99263.99653167953,45.623139452553005,496205.9248097663,0.9994905382017486,7822103.2261895705,78.80101043174493
Puerto Rico,2010-2014,2,10,5,1.1189776340937948e-4,2.5,5.593323469503318e-4,99218.37339222697,55.4960456500703,495953.1268470097,0.9988715393197746,7325897.3013798045,73.83609558301562
Puerto Rico,2010-2014,2,15,5,3.3987003865581237e-4,2.5,0.001697907523539913,99162.8773465769,168.36939550262468,495393.463244128,0.9976306805999324,6829944.174532794,68.87601849895862
Puerto Rico,2010-2014,2,20,5,6.093013508822722e-4,2.5,0.003041873210770024,98994.50795107428,301.12874174973695,494219.717900997,0.9965743249167646,6334550.711288667,63.98891052036312
Puerto Rico,2010-2014,2,25,5,7.635844747209511e-4,2.5,0.0038106479944867142,98693.37920932454,376.08572755311616,492526.6817277399,0.9957692154032783,5840330.99338767,59.1765226824443
Puerto Rico,2010-2014,2,30,5,9.326753123128138e-4,2.5,0.004652528315814079,98317.29348177143,457.4239918581443,490442.9074292118,0.9947186243868228,5347804.31165993,54.393323110053295
Puerto Rico,2010-2014,2,35,5,0.001186139380556371,2.5,0.005913162316065089,97859.86948991328,578.661292522811,487852.6942182594,0.99331665306805494,4857361.4042307185,49.63588679965879
Puerto Rico,2010-2014,2,40,5,0.001497205737594432,2.5,0.007458112864541116,97281.20819739047,725.5342303350626,484592.2054111147,0.9909181981375841,4369508.710012458,44.91626688215483
Puerto Rico,2010-2014,2,45,5,0.0021550870812400346,2.5,0.010717691509915835,96555.67396705541,1034.853927110904,480191.23501749977,0.9868376697495076,3884916.504601344,40.234989255285704
Puerto Rico,2010-2014,2,50,5,0.0031513237833192542,2.5,0.01563345373020771,95520.8200399445,1493.320320365965,473870.79939880763,0.9809875666672041,3404725.269583844,35.64380276635052
Puerto Rico,2010-2014,2,55,5,0.004539965338123345,2.5,0.022445077011507344,94027.49971957854,2110.454472405443,464861.3624168791,0.9725434553592462,2930854.470185037,31.170184030478588
Puerto Rico,2010-2014,2,60,5,0.006624539482195406,2.5,0.03258307769930088,91917.0452471731,2994.9402271787985,452097.8756679185,0.9599445790536665,2465993.1077681575,26.828463655863644
Puerto Rico,2010-2014,2,65,5,0.009789761931467368,2.5,0.0477794363886748,88922.1050199943,4248.648060349864,433988.90494909685,0.9387529245425213,2013895.232100239,22.64785827604296
Puerto Rico,2010-2014,2,70,5,0.015668732279787212,2.5,0.07539047834485933,84673.45695964443,6383.5724233004585,407408.353739971,0.9015203025600043,1579906.3271511423,18.658814507882077
Puerto Rico,2010-2014,2,75,5,0.026314600601723078,2.5,0.12345155697028086,78289.88453634398,9665.008141035185,367286.9023291319,0.8420318506743748,1172497.9734111712,14.976366108534373
Puerto Rico,2010-2014,2,80,5,0.043790100218888524,2.5,0.19734599846769962,68624.87639530879,13542.844751954675,309267.2700966573,0.6159177621824484,805211.0710820393,11.733515794530213
Puerto Rico,2010-2014,2,85,NA,0.11477692791605151,9.00373109322702,1,55082.031643354116,55082.031643354116,495943.80098538205,0,495943.80098538205,9.00373109322702
Puerto Rico,2015-2019,1,0,1,0.009639916315425821,0.13005402898838356,0.009559746310124705,100000,955.9746310124756,99168.35372136137,0.9900848982102644,7743174.226290681,77.43174226290681
Puerto Rico,2015-2019,1,1,4,3.211057623346053e-4,1.6241964843675942,0.001283443930243679,99044.02536898752,127.11745318672911,395874.0953837708,0.998691433736413,7644005.872569321,77.1778594831102
Puerto Rico,2015-2019,1,5,5,1.5363137166894895e-4,2.5,7.678619391373396e-4,98916.9079158008,75.95452872569149,494394.6532571897,0.9991534553658901,7248131.77718555,73.27495298736231
Puerto Rico,2015-2019,1,10,5,1.8514321396937282e-4,2.5,9.252877929572772e-4,98840.9533870751,91.45632761332672,493976.1261163422,0.9978623271990728,6753737.12392836,68.32934014183142
Puerto Rico,2015-2019,1,15,5,6.713610566719704e-4,2.5,0.0033511806528992794,98749.49705946178,330.92740402920754,492920.1667872359,0.9943221173237117,6259760.997812018,63.39030763916415
Puerto Rico,2015-2019,1,20,5,0.0016089273143689944,2.5,0.008012408116165047,98418.56965543257,788.5697462885291,490121.42391144147,0.991117823362295,5766840.831024782,58.5950481826217
Puerto Rico,2015-2019,1,25,5,0.0019613645268918433,2.5,0.00975897038861119,97629.99990914404,952.7682781534531,485768.07885033655,0.9895580518215923,5276719.407113341,54.048134917791
Puerto Rico,2015-2019,1,30,5,0.002238792095514858,2.5,0.01113165681435936,96677.23163099059,1076.1777642785164,480695.71374425665,0.9881464380939537,4790951.328263003,49.55614933772296
Puerto Rico,2015-2019,1,35,5,0.0025326536335353164,2.5,0.012583593458437974,95601.05386671207,1203.004796056921,474997.757343418,0.9860943718152696,4310255.614518747,45.08585878695592
Puerto Rico,2015-2019,1,40,5,0.00307232018247888,2.5,0.015244510866377424,94398.04907065515,1439.0520848224405,468392.61514121963,0.9825741613539948,3835257.8571753292,40.62857119329565
Puerto Rico,2015-2019,1,45,5,0.003967146124168088,2.5,0.0196409344781157,92958.99698583271,1825.8015689500899,460230.4810067883,0.9757041961719514,3366865.2420341093,36.21882067582153
Puerto Rico,2015-2019,1,50,5,0.005894384209492322,2.5,0.029043930829306976,91133.19541688262,2646.866223941659,449048.8115245589,0.964822821684626,2906634.761027321,31.89435800787098
Puerto Rico,2015-2019,1,55,5,0.008474599618591892,2.5,0.041493887877018285,88486.32919294096,3671.6418221808126,433252.54140925274,0.9507749011168102,2457585.9495027624,27.7736230208408
Puerto Rico,2015-2019,1,60,5,0.011796104337114973,2.5,0.057290995290514686,84814.68737076015,4859.117854724711,411925.64221698896,0.9313542862200971,2024333.4080935095,23.86772233498084
Puerto Rico,2015-2019,1,65,5,0.016816566377131432,2.5,0.08069048945581482,79955.56951603544,6451.654038967317,383648.71248275886,0.9042403213969938,1612407.7658765204,20.1662970526793
Puerto Rico,2015-2019,1,70,5,0.02376282560688577,2.5,0.11215153463664107,73503.91547706812,8243.576922555141,346910.63507895276,0.8612456070754906,1228759.0533937616,16.716919709904598
Puerto Rico,2015-2019,1,75,5,0.03685235814519056,2.5,0.16871767982052394,65260.33855451298,11010.572905219313,298775.26050951664,0.7957344158850782,881848.4183148089,13.512777252575653
Puerto Rico,2015-2019,1,80,5,0.056367896882891635,2.5,0.24702831758280394,54249.765649293666,13401.228337606408,237745.7574024523,0.5922539835355556,583073.1578052923,10.747938739029077
Puerto Rico,2015-2019,1,85,NA,0.12963363127777272,8.453849834765997,1,40848.53731168726,40848.53731168726,345327.40040284,0,345327.40040284,8.453849834765997
Puerto Rico,2015-2019,2,0,1,0.005851206627582854,0.13700419055452778,0.005821809014070606,100000,582.1809014070604,99497.58032174651,0.9939871919895572,8486792.092438444,84.86792092438445
Puerto Rico,2015-2019,2,1,4,1.7739563340966245e-4,1.5145279167341072,7.092698081438061e-4,99417.81909859294,70.51405747812532,397496.0156730321,0.9992751737308089,8387294.512116698,84.36409678026625
Puerto Rico,2015-2019,2,5,5,8.309004806345702e-5,2.5,4.153639587890361e-4,99347.30504111481,41.265289916904294,496633.36198078183,0.9995433113611136,7989798.496443666,80.42290118626865
Puerto Rico,2015-2019,2,10,5,9.963090779471839e-5,2.5,4.980304908987977e-4,99306.03975119791,49.457435726508265,496406.55516667326,0.998985665633955,7493165.134462884,75.45528100039348
Puerto Rico,2015-2019,2,15,5,3.0641364451316e-4,2.5,0.0015308955043886285,99256.5823154714,151.95145564773702,495903.03293823765,0.9978474620309975,6996758.57929621,70.49163305923747
Puerto Rico,2015-2019,2,20,5,5.557979192119944e-4,2.5,0.0027751335624111636,99104.63085982366,275.0285872894747,494835.5828308946,0.9969077076913859,6500855.546357973,65.59588073692503
Puerto Rico,2015-2019,2,25,5,6.832317565394145e-4,2.5,0.003410333662051301,98829.60227253419,337.0419194371643,493305.40656407806,0.9960993920358804,6006019.963527078,60.77146750995492
Puerto Rico,2015-2019,2,30,5,8.804457026280497e-4,2.5,0.004392559986730616,98492.56035309703,432.63447959767655,491381.21556649095,0.9950877623485535,5512714.5569629995,55.97087269535741
Puerto Rico,2015-2019,2,35,5,0.0010898027279433854,2.5,0.005434208102680644,98059.92587349935,532.8780437300302,488967.43425817165,0.993825956835646,5021333.341396509,51.206782961208845
Puerto Rico,2015-2019,2,40,5,0.001388386495953003,2.5,0.006917920610874482,97527.04782976932,674.6843742993078,485948.5282130983,0.9918557039525918,4532365.907138337,46.47291195617294
Puerto Rico,2015-2019,2,45,5,0.0018846813256817108,2.5,0.009379214552118702,96852.36345547001,908.3990967286227,481990.81953552854,0.9884416228465563,4046417.3789252387,41.77923216902877
Puerto Rico,2015-2019,2,50,5,0.002770694264987387,2.5,0.01375817210357671,95943.96435874139,1320.0135739469843,476419.7878588395,0.9833037333875538,3564426.5593897104,37.15112861150977
Puerto Rico,2015-2019,2,55,5,0.00397416611704337,2.5,0.019675347833464855,94623.9507847944,1861.7591450674954,468465.3560613033,0.9759572448290265,3088006.771530871,32.63451532005888
Puerto Rico,2015-2019,2,60,5,0.00578194995861177,2.5,0.028497817407607737,92762.19163972691,2643.5199996784504,457202.1581994384,0.9646801340489152,2619541.4154695678,28.239322176037362
Puerto Rico,2015-2019,2,65,5,0.00865156866742212,2.5,0.042342030868175284,90118.67164004846,3815.807576381878,441053.8392592876,0.9465955073840441,2162339.2572701294,23.994353422195722
Puerto Rico,2015-2019,2,70,5,0.013427306890654396,2.5,0.06495607168108866,86302.86406366658,5605.895024402766,417499.58275732596,0.9149525926752688,1721285.4180108416,19.94470793855729
Puerto Rico,2015-2019,2,75,5,0.022505708169020287,2.5,0.10653445732864297,80696.96903926381,8597.007804664288,381992.32568465837,0.8628135924366851,1303785.8352535157,16.15656511980205
Puerto Rico,2015-2019,2,80,5,0.03751546700242895,2.5,0.17149321490031197,72099.96123459953,12364.654146309338,329588.1708072243,0.6424490220576843,921793.5095688573,12.784937658558746
Puerto Rico,2015-2019,2,85,NA,0.10464688726831378,9.913824296346876,1,59735.30708829019,59735.30708829019,592205.338761633,0,592205.338761633,9.913824296346876
Puerto Rico,2020-2024,1,0,1,0.010364936343339267,0.12860728777368366,0.010272158923076511,100000,1027.2158923076495,99104.89155756005,0.9893377625584263,7695919.371697142,76.95919371697141
Puerto Rico,2020-2024,1,1,4,3.4779480121157306e-4,1.6220499851647705,0.0013900295966414718,98972.78410769235,137.57509917169227,395563.9897216531,0.9986077603322544,7596814.4801395815,76.75660080324185
Puerto Rico,2020-2024,1,5,5,1.58598590626005e-4,2.5,7.926786588347487e-4,98835.20900852066,78.34456092253095,493980.1836402969,0.9991213016756997,7201250.490417928,72.86118542833357
Puerto Rico,2020-2024,1,10,5,1.9305037213260699e-4,2.5,9.647862298113013e-4,98756.86444759813,95.27926291839685,493546.12408069463,0.9977701852367269,6707270.306777632,67.9170034842146
Puerto Rico,2020-2024,1,15,5,7.004373787845923e-4,2.5,0.003496064957485756,98661.58518467973,344.92731061414815,492445.60764686327,0.9945469179403499,6213724.182696938,62.98017785813775
Puerto Rico,2020-2024,1,20,5,0.0014889146186709075,2.5,0.007416965024227678,98316.65787406558,729.2112127509172,489760.26133845065,0.9912813406872377,5721278.575050074,58.19236229915886
Puerto Rico,2020-2024,1,25,5,0.0020161270311498188,2.5,0.010030080365375994,97587.44666131467,978.8099326648226,485490.2084749113,0.9892110263335224,5231518.313711624,53.608517208858245
Puerto Rico,2020-2024,1,30,5,0.002324541856315623,2.5,0.011555555848471203,96608.63672864984,1116.366497162584,480252.26740034274,0.9871844554242649,4746028.105236712,49.126333482659014
Puerto Rico,2020-2024,1,35,5,0.00283804709300686,2.5,0.01409026338741839,95492.27023148726,1345.5112390241848,474097.5730598758,0.9840162739194741,4265775.837836369,44.671425524762405
Puerto Rico,2020-2024,1,40,5,0.0036131956690530565,2.5,0.01790424945380495,94146.75899246307,1685.6270582683064,466519.7273166446,0.9801195519630514,3791678.2647764934,40.27412420091951
Puerto Rico,2020-2024,1,45,5,0.0044269941733494945,2.5,0.02189267401597804,92461.13193419477,2024.221420583679,457245.1061195147,0.9740971571358739,3325158.537459849,35.962771252101774
Puerto Rico,2020-2024,1,50,5,0.00609194157772619,2.5,0.030002770082351853,90436.91051361109,2713.3578330980963,445401.1579853102,0.9639363199043922,2867913.431340334,31.711758120139482
Puerto Rico,2020-2024,1,55,5,0.008645312235297327,2.5,0.042312058777854614,87723.55268051299,3711.7641172200965,429338.3531095147,0.9495012117334516,2422512.273355024,27.61530055876503
Puerto Rico,2020-2024,1,60,5,0.012168708084351108,2.5,0.059047219479168994,84011.7885632929,4960.662518134297,407657.2865211287,0.9306111677996245,1993173.9202455094,23.72493139750131
Puerto Rico,2020-2024,1,65,5,0.016749019714273658,2.5,0.08037940785442958,79051.1260451586,6354.082701735708,379370.4234714537,0.9025401278349667,1585516.6337243805,20.056850712267416
Puerto Rico,2020-2024,1,70,5,0.024635945223928507,2.5,0.11603325390146578,72697.04334342289,8435.274488153264,342397.0304967313,0.8573170471600102,1206146.210252927,16.591406675991735
Puerto Rico,2020-2024,1,75,5,0.03783575285190065,2.5,0.17283080518414728,64261.76885526963,11106.413253813807,293542.81114181364,0.7927897767934904,863749.1797561956,13.441104954666464
Puerto Rico,2020-2024,1,80,5,0.056822549620790086,2.5,0.24877296301576476,53155.35560145582,13223.615313130787,232717.73972445214,0.5918710268179519,570206.368614382,10.727166852003247
Puerto Rico,2020-2024,1,85,NA,0.1234386311218097,8.451638382227044,1,39931.74028832503,39931.74028832503,337488.62888992985,0,337488.62888992985,8.451638382227044
Puerto Rico,2020-2024,2,0,1,0.0059384725879940365,0.13682483544407348,0.0059081875609164405,100000,590.8187560916558,99490.01992298786,0.9938948936460783,8484600.081769494,84.84600081769494
Puerto Rico,2020-2024,2,1,4,1.814895259126853e-4,1.514387378838389,7.256307624300684e-4,99409.18124390834,72.13435997854685,397457.4269000513,0.9992673043966207,8385110.061846506,84.34945300749405
Puerto Rico,2020-2024,2,5,5,8.207992391180992e-5,2.5,4.103154229123183e-4,99337.0468839298,40.75952240305196,496583.33561364136,0.9995445624946432,7987652.634946454,80.40960432696991
Puerto Rico,2020-2024,2,10,5,1.0014068605511662e-4,2.5,5.005781096872624e-4,99296.28736152675,49.70554782640829,496357.1729380677,0.9989726162182281,7491069.299332813,75.4415849613658
Puerto Rico,2020-2024,2,15,5,3.111324791166327e-4,2.5,0.0015544532933161124,99246.58181370034,154.27417595067527,495847.223628625,0.9978118235945421,6994712.126394746,70.47811620882617
Puerto Rico,2020-2024,2,20,5,5.653752237915e-4,2.5,0.0028228861442436506,99092.30763774966,279.7263022317202,494762.222433169,0.9968150753091237,6498864.902766121,65.58394952839254
Puerto Rico,2020-2024,2,25,5,7.108586839332479e-4,2.5,0.003547988124244711,98812.58133551794,350.5858651043818,493186.4420148288,0.9961037678330108,6004102.680332951,60.76253245470869
Puerto Rico,2020-2024,2,30,5,8.509496803795595e-4,2.5,0.004245716174842885,98461.99547041356,418.0416867760505,491264.87313512765,0.9950388017325432,5510916.238318123,55.96998326094331
Puerto Rico,2020-2024,2,35,5,0.0011391813310490761,2.5,0.005679731046312035,98043.95378363751,556.8632882081147,488827.6106976673,0.993629680269243,5019651.365182995,51.197969599026116
Puerto Rico,2020-2024,2,40,5,0.001417979544322688,2.5,0.0070648531783869505,97487.0904954294,688.7319811383204,485713.6225243012,0.9917403046780762,4530823.754485328,46.476140907064526
Puerto Rico,2020-2024,2,45,5,0.0019016052645546098,2.5,0.00946303891124229,96798.35851429107,916.0066331651324,481701.77598854253,0.988320687797803,4045110.1319610267,41.78903644697463
Puerto Rico,2020-2024,2,50,5,0.00280285503533944,2.5,0.013916758534859613,95882.35188112594,1334.3715388840646,476075.8305584196,0.9829006722912105,3563408.355972484,37.1643820375867
Puerto Rico,2020-2024,2,55,5,0.004107104778722072,2.5,0.020326813016420534,94547.98034224188,1921.8591174969624,467935.253917467,0.9749096164513833,3087332.5254140645,32.65360628792527
Puerto Rico,2020-2024,2,60,5,0.0060816393034524435,2.5,0.02995279133468933,92626.12122474491,2774.410881186428,456194.57892075845,0.963774574503208,2619397.2714965977,28.279250354670253
Puerto Rico,2020-2024,2,65,5,0.008724582612691047,2.5,0.04269174394611099,89851.71034355849,3835.9262111073185,439668.7361900241,0.9453465168284461,2163202.6925758393,24.075253373637317
Puerto Rico,2020-2024,2,70,5,0.013896291383188698,2.5,0.06714866343329176,86015.78413245117,5775.844938660652,415639.3083156042,0.9136253328519179,1723533.956385815,20.03741492063638
Puerto Rico,2020-2024,2,75,5,0.022606176441685555,2.5,0.10698460032945083,80239.93919379052,8584.437825107103,379738.60140618484,0.8631451338736742,1307894.6480702108,16.29979610168279
Puerto Rico,2020-2024,2,80,5,0.037231015674761385,2.5,0.17030363510376423,71655.50136868341,12203.192358269538,327769.5259477432,0.6468594616974044,928156.046664026,12.953032620460748
Puerto Rico,2020-2024,2,85,NA,0.1017863335855665,10.098624102406468,1,59452.309010413876,59452.309010413876,600386.5207162828,0,600386.5207162828,10.098624102406468
Quebradillas,1980-1984,1,0,1,0.015562979403193447,0.11823485274989765,0.01535230141623965,100000,1535.2301416239643,98646.28756810815,0.9841778323029033,7149923.224360992,71.49923224360992
Quebradillas,1980-1984,1,1,4,4.4227571762895035e-4,1.60674351583287,0.0017672322918420595,98464.76985837604,174.01012090253062,393442.62858334347,0.9981492499356536,7051276.936792884,71.612181158143
Quebradillas,1980-1984,1,5,5,2.2445307135742466e-4,2.5,0.0011216359701909874,98290.7597374735,110.2464516589389,491178.18255822017,0.9987323800659894,6657834.30820954,67.73611604989182
Quebradillas,1980-1984,1,10,5,2.829535798450485e-4,2.5,0.0014137678225590855,98180.51328581457,138.80445048582624,490555.5553028583,0.9966309305708344,6166656.12565132,62.809369387787655
Quebradillas,1980-1984,1,15,5,0.0010682732786662615,2.5,0.005327139291938032,98041.70883532874,522.281839385425,488902.8395781801,0.9924266931317034,5676100.570348462,57.894753547003795
Quebradillas,1980-1984,1,20,5,0.001976014432324614,2.5,0.009831504176263677,97519.42699594331,958.7626537774631,485200.22834527295,0.9900911192294818,5187197.7307702815,53.191429549581564
Quebradillas,1980-1984,1,25,5,0.0020074292530059107,2.5,0.009987025646446561,96560.66434216585,964.3538312231249,480392.4371327714,0.9883604059373102,4701997.502425008,48.694750957422244
Quebradillas,1980-1984,1,30,5,0.002679597802745228,2.5,0.013308833213138567,95596.31051094273,1272.2753523815481,474800.86417375976,0.9859891992806932,4221605.065292237,44.16075309526719
Quebradillas,1980-1984,1,35,5,0.002966282477648999,2.5,0.014722236607046782,94324.03515856118,1388.6607633357344,468148.52388446656,0.9830910822034806,3746804.2011184776,39.72268780507536
Quebradillas,1980-1984,1,40,5,0.003862596975702016,2.5,0.019128272856297236,92935.37439522544,1777.693199434012,460232.6389775422,0.9775274104690532,3278655.6772340112,35.27887737656171
Quebradillas,1980-1984,1,45,5,0.005244291650314782,2.5,0.025882124725103248,91157.68119579143,2359.3544743606617,449890.0197930555,0.9702592989190779,2818423.0382564687,30.918108065989173
Quebradillas,1980-1984,1,50,5,0.0068558876884403435,2.5,0.03370179906891456,88798.32672143077,2992.663364821492,436509.9751951001,0.9518587573761476,2368533.018463413,26.673171735473552
Quebradillas,1980-1984,1,55,5,0.01302778302453573,2.5,0.06308429389003993,85805.66335660928,5412.9896846181655,415495.842571501,0.9258749102952799,1932023.0432683132,22.516264867492534
Quebradillas,1980-1984,1,60,5,0.01795302224147231,2.5,0.08590928303468497,80392.67367199111,6906.476956402155,384697.1759689502,0.8924899163409475,1516527.2006968122,18.86399756878806
Quebradillas,1980-1984,1,65,5,0.02806867703878763,2.5,0.13114099930392387,73486.19671558896,9637.053272327059,343338.35039712716,0.8275702720603041,1131830.024727862,15.401940436628447
Quebradillas,1980-1984,1,70,5,0.049425668753493086,2.5,0.21995035971388952,63849.1434432619,14043.642067769186,284136.6120468865,0.767057111201418,788491.6743307349,12.349291342199605
Quebradillas,1980-1984,1,75,5,0.057038108541113894,2.5,0.24959891735585066,49805.50137549271,12431.399221688305,217949.0088232428,0.692517685774571,504355.0622838484,10.126493024965738
Quebradillas,1980-1984,1,80,5,0.09523918089584701,2.5,0.38461892584333557,37374.10215380441,14374.787024755351,150933.54320713365,0.47300854369722967,286406.0534606056,7.663222310517808
Quebradillas,1980-1984,1,85,NA,0.196156706381082,5.890284536445381,1,22999.315129049057,22999.315129049057,135472.51025347196,0,135472.51025347196,5.890284536445381
Quebradillas,1980-1984,2,0,1,0.009852457943721488,0.12878053876200754,0.009768607604756615,100000,976.8607604756689,99148.93989455386,0.9899281947679613,7856060.646927637,78.56060646927637
Quebradillas,1980-1984,2,1,4,2.8124429534336304e-4,1.508106475427061,0.0011241893148334293,99023.13923952433,111.32075505433022,395815.15748942684,0.9988454098730855,7756911.707033083,78.33433444550877
Quebradillas,1980-1984,2,5,5,1.3469108781533743e-4,2.5,6.732287442968923e-4,98911.81848447,66.59027935440827,494392.616723964,0.9992547511940447,7361096.549543656,74.42079887247661
Quebradillas,1980-1984,2,10,5,1.6353030533158692e-4,2.5,8.173173862536173e-4,98845.22820511559,80.78792356024496,494024.17121667735,0.998339526972443,6866703.932819692,69.46925064071344
Quebradillas,1980-1984,2,15,5,5.014916189980988e-4,2.5,0.0025043183583204924,98764.44028155535,247.33760094635363,493203.85740541085,0.996596990662134,6372679.7616030155,64.52403054617562
Quebradillas,1980-1984,2,20,5,8.626477143755949e-4,2.5,0.0043039565761200695,98517.102680609,424.0133319424931,491525.4800731887,0.9951000272919484,5879475.904197604,59.67974843168886
Quebradillas,1980-1984,2,25,5,0.0011027447882112514,2.5,0.005498565155885525,98093.0893486665,539.3712431257591,489117.0186355181,0.9935475316165217,5387950.424124416,54.92691136450237
Quebradillas,1980-1984,2,30,5,0.0014878428239612925,2.5,0.007411645710097682,97553.71810554074,723.0335963010002,485961.00653695123,0.9917075106489304,4898833.405488897,50.2167780031611
Quebradillas,1980-1984,2,35,5,0.0018444479817135602,2.5,0.00917991024127572,96830.68450923974,888.8969923961122,481931.18006520846,0.9898102114167594,4412872.398951946,45.57307863016152
Quebradillas,1980-1984,2,40,5,0.0022544397156588846,2.5,0.011209023409424533,95941.78751684363,1075.4137422183412,477020.40322867234,0.9879734995844442,3930941.2188867377,40.97214905649551
Quebradillas,1980-1984,2,45,5,0.002587276330426414,2.5,0.012853244414524857,94866.37377462529,1219.3406888449244,471283.5171510141,0.9830754631102817,3453920.8156580655,36.40827279709847
Quebradillas,1980-1984,2,50,5,0.004254544622879803,2.5,0.021048840041359457,93647.03308578036,1971.1614197704912,463307.2618794756,0.9722615143048757,2982637.298507051,31.849778900896577
Quebradillas,1980-1984,2,55,5,0.007036018143802388,2.5,0.0345719682296844,91675.87166600987,3169.415322665911,450455.8200233846,0.9561080672855745,2519330.0366275758,27.480840823700103
Quebradillas,1980-1984,2,60,5,0.011003729915004954,2.5,0.05354564503480545,88506.45634334396,4739.135294649197,430684.4434800968,0.9352800361793243,2068874.216604191,23.37540448550315
Quebradillas,1980-1984,2,65,5,0.01591422358812276,2.5,0.07652646957264206,83767.32104869476,6410.41734541468,402810.56187993713,0.8984271848631702,1638189.7731240944,19.556430271558984
Quebradillas,1980-1984,2,70,5,0.027509076843409686,2.5,0.12869470302959604,77356.90370328008,9955.423749382695,361895.9591429437,0.850088700455096,1235379.211244157,15.969863736826046
Quebradillas,1980-1984,2,75,5,0.03817888998780567,2.5,0.17426165824130949,67401.47995389739,11745.49366468453,307643.66560777556,0.786297217006439,873483.2521012134,12.959407607943861
Quebradillas,1980-1984,2,80,5,0.060158197417645845,2.5,0.2614674594747921,55655.98628921286,14552.229339604353,241899.35809705342,0.5724948132453458,565839.5864934379,10.166733611602673
Quebradillas,1980-1984,2,85,NA,0.15136769097849823,7.881036976583956,1,41103.756949608505,41103.756949608505,323940.2283963844,0,323940.2283963844,7.881036976583956
Quebradillas,1985-1989,1,0,1,0.017967395829000674,0.11343695999302061,0.01768567663467902,100000,1768.5676634678966,98432.05327581786,0.981733833580259,7090933.165287969,70.90933165287969
Quebradillas,1985-1989,1,1,4,5.211131797556829e-4,1.5997130562997122,0.0020818486986153425,98231.4323365321,204.50297957293515,392434.86351431167,0.9979333493681889,6992501.112012151,71.18394739533541
Quebradillas,1985-1989,1,5,5,2.3042073910859497e-4,2.5,0.001151440406169402,98026.92935695917,112.87216735433321,489852.46636641,0.9986661787235188,6600066.248497839,67.32911345681445
Quebradillas,1985-1989,1,10,5,0.00030351260305151436,2.5,0.0015164123895784203,97914.057189604835,148.47808943620475,489199.0907244337,0.9969502911148022,6110213.782131429,62.40384636803843
Quebradillas,1985-1989,1,15,5,9.191741646445385e-4,2.5,0.0045853340217999325,97765.57910016863,448.2878360089817,487707.1759108207,0.9932585019748353,5621014.691406995,57.494823261342496
Quebradillas,1985-1989,1,20,5,0.0017894888811798822,2.5,0.008907594303489023,97317.29126415965,866.8629492955952,484419.29894755926,0.9900287169335846,5133307.515496175,52.74815450383058
Quebradillas,1985-1989,1,25,5,0.0022211722829589484,2.5,0.011044531894489003,96450.42831486405,1065.2498317606369,479589.01699491864,0.9877038977337611,4648888.216548615,48.19976746367824
Quebradillas,1985-1989,1,30,5,0.0027308474024709244,2.5,0.013561650020525196,95385.17848310342,1293.580407733185,473691.94139618415,0.9843611453254142,4169299.1995536964,43.71013679334099
Quebradillas,1985-1989,1,35,5,0.0035806923953689163,2.5,0.01774461693950949,94091.59807537023,1669.619365073726,466283.9419641668,0.9803774431605723,3695607.2581575126,39.276697747201816
Quebradillas,1985-1989,1,40,5,0.004353762288371087,2.5,0.021534422055240508,92421.9787102965,1990.2538967279834,457134.25880966254,0.9778184881763523,3229323.3161933455,34.941075285954405
Quebradillas,1985-1989,1,45,5,0.004621350992775468,2.5,0.022842842976212505,90431.72481356852,2065.7176899844053,446994.3298428816,0.9706126319693961,2772189.057383683,30.655050128688238
Quebradillas,1985-1989,1,50,5,0.007349581063036351,2.5,0.03608488337636965,88366.00712358412,3188.677061489987,433858.34296419565,0.9520661014136056,2325194.7275408017,26.31322612878621
Quebradillas,1985-1989,1,55,5,0.012419283024535231,2.5,0.06022649054358788,85177.33006209413,5129.931663512762,413061.82115168875,0.921064789470747,1891336.3845766059,22.20469206064366
Quebradillas,1985-1989,1,60,5,0.02079636677694796,2.5,0.09884290083698138,80047.39839858137,7912.117062169316,380456.69933748356,0.8831463716210278,1478274.5634249172,18.46749042441229
Quebradillas,1985-1989,1,65,5,0.029378011854386446,2.5,0.13683985226681478,72135.28133641205,9870.981241299749,335998.9535788109,0.8432835527693872,1097817.8640874336,15.2188754760326
Quebradillas,1985-1989,1,70,5,0.03949865609079128,2.5,0.1797441495822535,62264.3000951123,11191.643669930185,283342.39130073605,0.7594163008775209,761818.9105086226,12.235244102076155
Quebradillas,1985-1989,1,75,5,0.07470846160747684,2.5,0.31475512930397764,51072.65642518212,16075.380577005824,215174.83068339602,0.6527573919357594,478476.51920788665,9.368545767906578
Quebradillas,1985-1989,1,80,5,0.0983345151065504,2.5,0.394652636434485,34997.275848176294,13811.767181507701,140456.9612871122,0.4665550301852781,263301.68852449063,7.523490961603266
Quebradillas,1985-1989,1,85,NA,0.19015884961783824,5.798526208183588,1,21185.508666668593,21185.508666668593,122844.72723737839,0,122844.72723737839,5.798526208183588
Quebradillas,1985-1989,2,0,1,0.007315858599890212,0.13399393529540365,0.007269800214199209,100000,726.9800214199204,99370.43089253127,0.99238172088198,7766998.210022108,77.66998210022108
Quebradillas,1985-1989,2,1,4,2.75166732071396e-4,1.512172035051498,0.001099913962943578,99273.01997858008,109.1917808180151,396820.4295484587,0.9989381043367737,7667627.779129577,77.23778102836002
Quebradillas,1985-1989,2,5,5,1.252328060585558e-4,2.5,6.259680509539691e-4,99163.82819776206,62.073388262084336,495663.9575181551,0.9992888539894265,7270807.349581118,73.32116439757623
Quebradillas,1985-1989,2,10,5,1.593389114020419e-4,2.5,7.963773222712195e-4,99101.75480949998,78.92239012756909,495311.468072181,0.9981437934136178,6775143.392062963,68.36552395148398
Quebradillas,1985-1989,2,15,5,5.842281713304274e-4,2.5,0.002916880547181963,99022.83241937241,288.83777361092507,494392.0676628348,0.9964428219825417,6279831.923990782,63.418019567396485
Quebradillas,1985-1989,2,20,5,8.416368878891535e-4,2.5,0.00419934862268088,98733.99464576149,414.61846442746173,492633.4270677388,0.9952515833282845,5785439.856327947,58.596229972108276
Quebradillas,1985-1989,2,25,5,0.001062776285429068,2.5,0.005299800172293774,98319.37618133402,521.0730468256661,490294.19828960596,0.9941288068594016,5292806.429260208,53.83279100040761
Quebradillas,1985-1989,2,30,5,0.0012932941505557358,2.5,0.0064456305121835525,97798.30313450836,630.3717267235625,487415.58635573287,0.9925295893860339,4802512.2309706025,49.10629404648663
Quebradillas,1985-1989,2,35,5,0.0017076267681643176,2.5,0.008501838921519069,97167.9314077848,826.106101166195,483774.3917860085,0.9905503151244496,4315096.64461487,44.40864987138295
Quebradillas,1985-1989,2,40,5,0.002092016074716535,2.5,0.01040565836217846,96341.8253066186,1002.5001201293635,479202.87623276963,0.9869881282354626,3831322.252828861,39.76800564692698
Quebradillas,1985-1989,2,45,5,0.0031537690698097112,2.5,0.01564548969534058,95339.32518648924,1491.6304297659372,472967.5498580313,0.9825020198805487,3352119.3765960913,35.159881507857875
Quebradillas,1985-1989,2,50,5,0.003913908470578325,2.5,0.019379914325794605,93847.6947567233,1818.7602840586187,464691.5730734699,0.9723784874437069,2879151.82673806,30.67898294360391
Quebradillas,1985-1989,2,55,5,0.007337365690488906,2.5,0.03602598881667109,92028.93447266468,3315.433364122364,451856.0889530175,0.9544335923420408,2414460.25366459,26.235881872366523
Quebradillas,1985-1989,2,60,5,0.011409067597855893,2.5,0.05546337451661627,88713.50110854232,4920.350136663343,431266.6302010532,0.9344077412943401,1962604.1647115727,22.1229479187198
Quebradillas,1985-1989,2,65,5,0.015868699743292507,2.5,0.0763159129460233,83793.15097187897,6394.750815042906,402978.8778217876,0.8903987288813925,1531337.5345105194,18.275211240408385
Quebradillas,1985-1989,2,70,5,0.03141492434439055,2.5,0.14563670643583299,77398.40015683607,11272.048082244277,358811.88057856966,0.8316614180628712,1128358.6566887319,14.578578554624965
Quebradillas,1985-1989,2,75,5,0.043191264678513044,2.5,0.19491027066990407,66126.35207459179,12888.70518127206,298409.99741977884,0.7550258240356184,769546.7761101621,11.637520473563983
Quebradillas,1985-1989,2,80,5,0.072578187345092,2.5,0.3071584312971815,53237.64689331973,16352.39210570536,225307.25420233526,0.5217795247727831,471136.77869038336,8.849692016524902
Quebradillas,1985-1989,2,85,NA,0.20087566353869704,6.664709947200763,1,36885.25478761437,36885.25478761437,245829.5244880481,0,245829.5244880481,6.664709947200763
Quebradillas,1990-1994,1,0,1,0.016684247377903194,0.11599741856976306,0.016441749368775845,100000,1644.1749368775781,98546.54511147732,0.9830494097558449,7154254.874941069,71.54254874941068
Quebradillas,1990-1994,1,1,4,4.7265491880930645e-4,1.6034610091518784,0.0018884805254699895,98355.82506312242,185.7430601982487,392978.1597664451,0.9980604130481435,7055708.329829591,71.73655780225936
Quebradillas,1990-1994,1,5,5,2.2753880006216485e-4,2.5,0.0011370471944252402,98170.08200292417,111.62401631791727,490571.3499738261,0.9986475642812238,6662730.170063146,67.86925338276365
Quebradillas,1990-1994,1,10,5,3.1385996287275667e-4,2.5,0.0015680694288319954,98058.45798660626,153.7624702072062,489907.88375751325,0.9966668915663741,6172158.820089321,62.94366591949031
Quebradillas,1990-1994,1,15,5,0.0010227924888480725,2.5,0.005100919488891719,97904.69551639905,499.40396941360086,488274.96765846125,0.992514244904056,5682250.936331808,58.038594639008195
Quebradillas,1990-1994,1,20,5,0.0019863790969771753,2.5,0.009882817927509786,97405.29154698545,962.6387615348649,484619.8608310901,0.9893650328543081,5193975.968673346,53.32334502759457
Quebradillas,1990-1994,1,25,5,0.0022919829243990375,2.5,0.011394623913396552,96442.65278545058,1098.9277577004978,479465.94453300163,0.9874829834359304,4709356.107842256,48.83063636085209
Quebradillas,1990-1994,1,30,5,0.0027492359329399944,2.5,0.01365234586514651,95343.72502775009,1301.6655101502693,473464.4613633748,0.9840983222188017,4229890.163309255,44.364641323570396
Quebradillas,1990-1994,1,35,5,0.003669791013764539,2.5,0.018182143402647656,94042.05951759982,1709.8862120293343,465935.58205792576,0.980414856608078,3756425.7019458795,39.94410289624581
Quebradillas,1990-1994,1,40,5,0.004247453325433315,2.5,0.02101412533581982,92332.17330557048,1940.2798623718845,456810.1668719227,0.9741798878245536,3290490.1198879536,35.63752484194408
Quebradillas,1990-1994,1,45,5,0.006241754342028052,2.5,0.030729260472683557,90391.8934431986,2777.676038235106,445015.2771204052,0.9635278009217345,2833679.953016031,31.348828363648433
Quebradillas,1990-1994,1,50,5,0.008663087127629391,2.5,0.042397208852503115,87614.21740496349,3714.598273766853,428784.59134040034,0.9533663301559091,2388664.6758956257,27.263436764548487
Quebradillas,1990-1994,1,55,5,0.010479057728389914,2.5,0.05105769724955765,83899.61913119664,4283.721352953828,408788.79227359866,0.9304248387457643,1959880.0845552257,23.35982099621329
Quebradillas,1990-1994,1,60,5,0.01864847761017848,2.5,0.08908895461238428,79615.89777824281,7092.897103590105,380347.24613223877,0.8945511349671028,1551091.292281627,19.48218051377051
Quebradillas,1990-1994,1,65,5,0.026304889103791453,2.5,0.12340880799697823,72523.0006746527,8949.97706562293,340240.0607092062,0.8462490865690729,1170744.0461493882,16.143072339236113
Quebradillas,1990-1994,1,70,5,0.04158997253547601,2.5,0.18836466007902747,63573.02360902978,11974.910982310881,287927.8405893717,0.7879821285677548,830503.9854401819,13.063779859641896
Quebradillas,1990-1994,1,75,5,0.05484537589193054,2.5,0.24116052970476534,51598.112626718896,12443.428172825668,226881.9927015303,0.7060017568175779,542576.1448508103,10.515426189636434
Quebradillas,1990-1994,1,80,5,0.08888635300840071,2.5,0.3636278757278927,39154.68445389323,14237.734732765137,160179.0854375533,0.49261307392919135,315694.15214927995,8.062742850629457
Quebradillas,1990-1994,1,85,NA,0.18148287366293134,6.241336457803224,1,24916.94972112809,24916.94972112809,155515.06671172663,0,155515.06671172663,6.241336457803224
Quebradillas,1990-1994,2,0,1,0.008083945675334736,0.13241530897185477,0.008027643735698593,100000,802.7643735698657,99303.53391898799,0.9916557528611333,7868840.412132494,78.68840412132494
Quebradillas,1990-1994,2,1,4,2.6809236172486327e-4,1.5109390236420184,0.0010716543338532686,99197.23562643013,106.30514746531844,396524.34251157864,0.9989431662538667,7769536.878213506,78.32412696935467
Quebradillas,1990-1994,2,5,5,1.2177057829863652e-4,2.5,6.086675969799929e-4,99090.93047896482,60.3134385371377,495303.86879848124,0.9992901282631801,7373012.535701928,74.40653246532065
Quebradillas,1990-1994,2,10,5,1.6229332387303078e-4,2.5,8.111375138570491e-4,99030.61704042768,80.32744850190647,494952.26658088365,0.9981705392420313,6877708.666903446,69.4503262975301
Quebradillas,1990-1994,2,15,5,5.705347502510564e-4,2.5,0.002848610672808349,98950.28959192577,281.87085100905097,494046.77083210624,0.9965402259035255,6382756.400322563,64.50467630408419
Quebradillas,1990-1994,2,20,5,8.161987516372021e-4,2.5,0.004072683460295743,98668.41874091672,401.8452370596642,492337.48061193444,0.9951919285123696,5888709.629490457,59.68180806619608
Quebradillas,1990-1994,2,25,5,0.0011123782375021588,2.5,0.005546466765199203,98266.57350385706,545.0322840691515,489970.2868091124,0.9942250209041178,5396372.148878522,54.915643809099635
Quebradillas,1990-1994,2,30,5,0.0012045697660692653,2.5,0.006004765931612469,97721.5412197879,586.7949815012398,487140.7186451864,0.9932342087148006,4906401.862069409,50.20798690673841
Quebradillas,1990-1994,2,35,5,0.0015119764652022308,2.5,0.007531414024125724,97134.74623828667,731.5619900489255,483844.826216311,0.9913117365048189,4419261.143424223,45.49619281017204
Quebradillas,1990-1994,2,40,5,0.0019805363545805526,2.5,0.009853891795564715,96403.18424823774,949.9465463300294,479641.0548753636,0.9894776808276625,3935416.3172079124,40.822472285502876
Quebradillas,1990-1994,2,45,5,0.0022520885084446603,2.5,0.01119739870982612,95453.23770190771,1068.8279606920696,474594.11860780837,0.9852081309753207,3455775.262332549,36.20385589354904
Quebradillas,1990-1994,2,50,5,0.003719680122614483,2.5,0.018427043841334523,94384.40974121564,1739.2256562398688,467573.9845654785,0.9742111559914051,2981181.1437247405,31.58552510842183
Quebradillas,1990-1994,2,55,5,0.006770459812802278,2.5,0.03328884706091035,92645.18408497577,3084.0513639346464,455515.7920150422,0.9581324031552678,2513607.1591592617,27.1315469226521
Quebradillas,1990-1994,2,60,5,0.010412526381778085,2.5,0.05074175719525695,89561.13272104113,4544.489250663246,436444.44047854753,0.9357850713395851,2058091.3671442196,22.97973802491558
Quebradillas,1990-1994,2,65,5,0.01632153103332134,2.5,0.07840829655295924,85016.64347037788,6666.010193162598,408418.1918689829,0.905098253643257,1621646.926665672,19.074464251587376
Quebradillas,1990-1994,2,70,5,0.023908086688127606,2.5,0.11279844588441158,78350.63327721528,8837.82966772934,369658.5922167531,0.8457446485761917,1213228.7347966891,15.48460662090783
Quebradillas,1990-1994,2,75,5,0.044687310697173,2.5,0.20098307112524985,69512.80360948594,13970.896751960841,312636.7761675276,0.7647161340023284,843570.142579936,12.135464242228027
Quebradillas,1990-1994,2,80,5,0.06463344174943902,2.5,0.2782126121016215,55541.9068575251,15452.458987937018,239078.38681778297,0.5497017103421671,530933.3664124084,9.559149054323022
Quebradillas,1990-1994,2,85,NA,0.13634597813227714,7.280094765685886,1,40089.44786958808,40089.44786958808,291854.9795946254,0,291854.9795946254,7.280094765685886
Quebradillas,1995-1999,1,0,1,0.012782772145339072,0.12378261732258315,0.012641184718308635,100000,1264.118471830865,98892.35742121818,0.9868069286746636,7167495.436154963,71.67495436154964
Quebradillas,1995-1999,1,1,4,4.595590717939518e-4,1.614912110443736,0.0018362236230710998,98735.88152816913,181.30115810676944,394511.1069161136,0.9981675138806848,7068603.078733745,71.59102617336826
Quebradillas,1995-1999,1,5,5,2.2220742844748393e-4,2.5,0.0011104202831483836,98554.58037006237,109.4370050400903,492499.3093377116,0.998709547952087,6674091.971817631,67.71975434076325
Quebradillas,1995-1999,1,10,5,2.9435323945840804e-4,2.5,0.001470683945832852,98445.14336502228,144.78169189215987,491863.762595381,0.9971442434032852,6181592.662479919,62.7922561863651
Quebradillas,1995-1999,1,15,5,8.503778714435404e-4,2.5,0.004242869251909571,98300.36167313012,417.0755819945043,490459.1194106643,0.9936291682884634,5689728.899884539,57.88105763846641
Quebradillas,1995-1999,1,20,5,0.0017088415551405921,2.5,0.00850786130833034,97883.28609113561,832.7774224670138,487334.4868995105,0.9906413575548132,5199269.780473875,53.117033439529415
Quebradillas,1995-1999,1,25,5,0.0020538365447977437,2.5,0.010216724021082188,97050.5086686686,991.5382631734246,482773.6976854094,0.9886130007281926,4711935.293574364,48.55137142723237
Quebradillas,1995-1999,1,30,5,0.002529769649077099,2.5,0.01256935431773176,96058.97040549517,1207.399234423181,477276.3539414179,0.9843495418092819,4229161.595888955,44.02672210660109
Quebradillas,1995-1999,1,35,5,0.0037897245528793317,2.5,0.018770782525859144,94851.57117107199,1780.4382146882417,469806.76031863934,0.9798476444773347,3751885.241947537,39.555330456052516
Quebradillas,1995-1999,1,40,5,0.0043590630444033255,2.5,0.021560357824474678,93071.13295638375,2006.6469296688883,460339.0474577465,0.9756918703827722,3282078.4816288976,35.26419392753056
Quebradillas,1995-1999,1,45,5,0.00549783078584371,2.5,0.02711644979796348,91064.48602671486,2469.3455637207517,449149.0662242724,0.9667742217186327,2821739.434171151,30.98616768498929
Quebradillas,1995-1999,1,50,5,0.00806028993289723,2.5,0.03950538747214384,88595.14046299411,3499.9853521396,434225.73893462156,0.952175997174413,2372590.3679468785,26.78014116291064
Quebradillas,1995-1999,1,55,5,0.011625278551639369,2.5,0.056484764942252935,85095.15511085451,4806.579834161166,413459.3259688696,0.9255561808590907,1938364.6290122569,22.778789538454042
Quebradillas,1995-1999,1,60,5,0.019612260692674136,2.5,0.09347801544358705,80288.57527669334,7505.216679658348,382679.83468432084,0.8927023685244239,1524905.3030433874,18.992805611361323
Quebradillas,1995-1999,1,65,5,0.026108132698338088,2.5,0.12254228771935344,72783.358597035,8919.039270378737,341619.1948092282,0.851888458391001,1142225.4683590664,15.693497667275794
Quebradillas,1995-1999,1,70,5,0.03889767917251484,2.5,0.17725169677748773,63864.31932665626,11320.058964189127,291021.4492228085,0.7708869426493351,800606.2735498382,12.536049581220135
Quebradillas,1995-1999,1,75,5,0.0684244872360553,2.5,0.2921473539515189,52544.26036246713,15350.666630234453,224344.63523674954,0.6700084917170785,509584.82432702975,9.69820149359322
Quebradillas,1995-1999,1,80,5,0.09488255277808856,2.5,0.3834548308298719,37193.59373223268,14262.063192548267,150312.81067979272,0.4730307424098018,285240.1890902802,7.669067720204881
Quebradillas,1995-1999,1,85,NA,0.2110089380921211,5.883923804256652,1,22931.530539684412,22931.530539684412,134927.3784104875,0,134927.3784104875,5.883923804256652
Quebradillas,1995-1999,2,0,1,0.0089756008644301475,0.13058271681136263,0.008906101720976082,100000,890.6101720976003,99225.68812379474,0.9908111062916232,7879287.810739025,78.79287810739025
Quebradillas,1995-1999,2,1,4,2.6117256434415127e-4,1.509509772499972,0.0010440111826840192,99109.3898279024,103.47131128933688,396179.86502201686,0.9989304449646259,7780062.12261523,78.49974796661395
Quebradillas,1995-1999,2,5,5,1.2439725320472823e-4,2.5,6.217928927038548e-4,99005.91851661306,61.561176469229395,494875.6896418922,0.9993281808953303,7383882.257593214,74.58021064017711
Quebradillas,1995-1999,2,10,5,1.4442741776171333e-4,2.5,7.218764419324384e-4,98944.35734014383,71.4256006259966,494543.22269915417,0.9984724871120395,6889006.567951321,69.62505748830918
Quebradillas,1995-1999,2,15,5,4.672915312588777e-4,2.5,0.0023337313240844432,98872.93173951784,230.7428579045809,493787.8015528277,0.9967010193294122,6394463.3452521665,64.67354849048547
Quebradillas,1995-1999,2,20,5,8.551217671571146e-4,2.5,0.004266487919063313,98642.18888161326,420.8557071733667,492158.8051401329,0.9953584379075225,5900675.543699339,59.81898425612913
Quebradillas,1995-1999,2,25,5,0.0010061732856147818,2.5,0.005018243372019809,98221.33317443989,492.89855419358355,489874.41948671546,0.9943669661995854,5408516.738559206,55.06458285343925
Quebradillas,1995-1999,2,30,5,0.001254104648424926,2.5,0.006250924957010773,97728.4346202463,610.8931109772966,487114.9403237883,0.993170655211893,4918642.319072491,50.32969512082516
Quebradillas,1995-1999,2,35,5,0.0014877939245019536,2.5,0.007411403021541057,97117.54150926901,719.777240586438,483788.26444487897,0.9908549812479367,4431527.378748703,45.630555612095606
Quebradillas,1995-1999,2,40,5,0.0021902433932260044,2.5,0.010891578944069903,96397.76426868257,1049.9238595641946,479364.0116945024,0.9878124518041332,3947739.1143038236,40.95260034559073
Quebradillas,1995-1999,2,45,5,0.002717900427573298,2.5,0.013497788028233417,95347.84040911838,1286.984938792113,473521.7396986116,0.9818387051530657,3468375.102609321,36.3760216039212
Quebradillas,1995-1999,2,50,5,0.00463071733405703,2.5,0.022888609963014648,94060.85547032626,2152.9222336477833,464921.97176751186,0.9736711144710777,2994853.36291071,31.839529291284276
Quebradillas,1995-1999,2,55,5,0.006060400467684971,2.5,0.029849748760060482,91907.93323667848,2743.428716171271,452681.0943929642,0.963602838789919,2529931.3911431977,27.52680102846178
Quebradillas,1995-1999,2,60,5,0.008819467600385789,2.5,0.04314602556552748,89164.50452050721,3847.093991579386,436204.7876235876,0.9387281931764547,2077250.2967502335,23.296829920391477
Quebradillas,1995-1999,2,65,5,0.01671330981968619,2.5,0.08021490759159153,85317.41052892782,6843.728201531834,409477.73214080953,0.8997156924190477,1641045.509126646,19.234591145616534
Quebradillas,1995-1999,2,70,5,0.026008675195803833,2.5,0.12210396975530895,78473.68232739599,9581.948133492086,368413.5413032498,0.8484668976724734,1231567.7769858364,15.694023020962318
Quebradillas,1995-1999,2,75,5,0.04078481533001992,2.5,0.1850554461568007,68891.7341939039,12748.790607768606,312586.694450098,0.7778663849891548,863154.2356825867,12.52914077112847
Quebradillas,1995-1999,2,80,5,0.0617954851911854,2.5,0.2676313960306554,56142.9435861353,15025.614369227711,243150.68200760722,0.5583635724995787,550567.5412324887,9.806531436810046
Quebradillas,1995-1999,2,85,NA,0.15374897393838288,7.476576545211759,1,41117.32921690759,41117.32921690759,307416.85922488145,0,307416.85922488145,7.476576545211759
Quebradillas,2000-2004,1,0,1,0.01303462723905197,0.12328005307583376,0.012887354193414281,100000,1288.7354193414212,98870.1399515557,0.9866580277448781,7335115.97304881,73.35115973048809
Quebradillas,2000-2004,1,1,4,4.103491854713604e-4,1.6141704018152427,0.0016397913480595853,98711.26458065858,161.86587761538976,394458.87392088334,0.9983267914847569,7236245.833097254,73.30719410634639
Quebradillas,2000-2004,1,5,5,1.9770167256327753e-4,2.5,9.88020029785351e-4,98549.39870304319,97.36877984191233,492503.5715656112,0.9989325373673926,6841786.959176371,69.42494879946028
Quebradillas,2000-2004,1,10,5,2.2952839346284578e-4,2.5,0.0011469838039396135,98452.02992320128,112.92288378688681,491977.8424065392,0.997588292989015,6349283.38761076,64.49113738501478
Quebradillas,2000-2004,1,15,5,7.369316742164883e-4,2.5,0.003677882500810208,98339.10703941439,361.6796809255611,490791.33599475806,0.9943471731081852,5857305.54520422,59.562321863026554
Quebradillas,2000-2004,1,20,5,0.001532864097903497,2.5,0.007635061709567799,97977.42735848883,748.0637040267757,488016.9775323772,0.992124804608345,5366514.209209463,54.772965099134176
Quebradillas,2000-2004,1,25,5,0.0016300510291110929,2.5,0.008117176615317278,97229.36365446205,789.2279169781687,484173.7484798648,0.9897266650037697,4878497.231677085,50.17514306701113
Quebradillas,2000-2004,1,30,5,0.0025050178569975034,2.5,0.012447138524307734,96440.13573748388,1200.403728827514,479199.6693653506,0.9876123412467281,4394323.483197221,45.56529757650741
Quebradillas,2000-2004,1,35,5,0.0024807766590060863,2.5,0.012327429297861228,95239.73200865637,1174.0610626839625,473263.50738657196,0.9850412631934932,3915123.81383187,41.108093557802356
Quebradillas,2000-2004,1,40,5,0.003555909985172448,2.5,0.017622886431290775,94065.67094597241,1657.7086361640395,466184.0831394519,0.9796267997430957,3441860.306445298,36.589972429178395
Quebradillas,2000-2004,1,45,5,0.004688897975018514,2.5,0.023172852027722096,92407.96230980837,2141.3560367885075,456686.42145707057,0.9706577439120836,2975676.223305846,32.20151325628789
Quebradillas,2000-2004,1,50,5,0.007261060352480346,2.5,0.035658014278094605,90266.60627301986,3218.727935318486,443286.2115268031,0.9565898696860218,2518989.8018487757,27.906109533240382
Quebradillas,2000-2004,1,55,5,0.01056146640610676,2.5,0.051448892652092626,87047.87833770138,4478.51694818883,424043.09931803483,0.938322600135821,2075703.5903219725,23.845539144208676
Quebradillas,2000-2004,1,60,5,0.015036932434029017,2.5,0.07246069570649194,82569.36138951255,5983.033370324818,397889.22352175065,0.9051373361868196,1651660.4910039376,20.003309498936265
Quebradillas,2000-2004,1,65,5,0.025309013533516358,2.5,0.11901470567597969,76586.32801918773,9114.89928800767,360144.3918759194,0.8610071953429749,1253771.267482187,16.370693045475043
Quebradillas,2000-2004,1,70,5,0.03517753218918073,2.5,0.1616697995055881,67471.42873118006,10908.092355325454,310086.91276758665,0.7968416459317039,893626.8756062675,13.244522791516085
Quebradillas,2000-2004,1,75,5,0.05783559339980538,2.5,0.2526478685081192,56563.336375854604,14290.606371067435,247090.16595160443,0.700946349411267,583539.9628386808,10.316576076084838
Quebradillas,2000-2004,1,80,5,0.08814635654723424,2.5,0.3611472476030044,42272.73000478717,15266.680089893827,173196.94979920128,0.48522201112419805,336449.79688707646,7.959026938855741
Quebradillas,2000-2004,1,85,NA,0.16837693316405836,6.045047224690355,1,27006.04991489334,27006.04991489334,163252.84708787518,0,163252.84708787518,6.045047224690355
Quebradillas,2000-2004,2,0,1,0.007418135411951135,0.1337837288318792,0.0073707729653807895,100000,737.0772965380747,99361.5316526301,0.9923343045830643,7992429.53176955,79.92429531769551
Quebradillas,2000-2004,2,1,4,2.492482627860647e-4,1.5120077523853255,9.96375171255593e-4,99262.92270346193,98.90311160800047,396805.620638902,0.9990431952280883,7893068.00011692,79.51678013447854
Quebradillas,2000-2004,2,5,5,1.0303225329857004e-4,2.5,5.15028605098609e-4,99164.01959185392,51.07230668635748,495692.41719255375,0.9994287218254696,7496262.379478018,75.59457967044548
Quebradillas,2000-2004,2,10,5,1.2555074091162157e-4,2.5,6.275567290273742e-4,99112.94728516757,62.19899700254609,495409.23893333145,0.9986621168140049,7000569.962285465,70.63224486850784
Quebradillas,2000-2004,2,15,5,4.10151267971592e-4,2.5,0.0020486556930326234,99050.74828816502,202.92087937968608,494746.4392423759,0.99710521205539,6505160.723352133,65.67502856643634
Quebradillas,2000-2004,2,20,5,7.499348121258069e-4,2.5,0.0037426571883405605,98847.82740878534,369.9535318033304,493314.25321441836,0.9959148110441414,6010414.284109757,60.80471813764485
Quebradillas,2000-2004,2,25,5,8.877674680735372e-4,2.5,0.004429007518390985,98477.873876982,436.15924379632634,491298.9712754192,0.9944496482895023,5517100.030895338,56.023752480554855
Quebradillas,2000-2004,2,30,5,0.001339809630801634,2.5,0.006676684438726098,98041.71463318568,654.5935904374055,488572.0891898349,0.9932632691936873,5025801.059619919,51.26186418121618
Quebradillas,2000-2004,2,35,5,0.0013640720781141246,2.5,0.006797180779293303,97387.12104274827,661.9578673024662,485280.7105454852,0.9925296525887222,4537228.9704300845,46.58962008373221
Quebradillas,2000-2004,2,40,5,0.0016362905452357425,2.5,0.008148120992823728,96725.1631754458,788.1283326041594,481655.4950457187,0.9900323846423243,4051948.2598845996,41.89135615656638
Quebradillas,2000-2004,2,45,5,0.0023744229323203053,2.5,0.01180205697477787,95937.03484284165,1132.2543512064585,476854.5383361921,0.9850544996565697,3570292.764838881,37.21495844318643
Quebradillas,2000-2004,2,50,5,0.0036584546401323866,2.5,0.018126485884676708,94804.78049163519,1718.477515381499,469727.7086697222,0.9779116331301426,3093438.2265026886,32.6295595059748
Quebradillas,2000-2004,2,55,5,0.005293824035245478,2.5,0.026123388619833068,93086.30297625369,2431.729667832202,459352.1907116879,0.9691305197791173,2623710.5178329665,28.185784953800077
Quebradillas,2000-2004,2,60,5,0.007278656392655303,2.5,0.03574288157952469,90654.57330842149,3240.2556784052576,445172.2273460943,0.9537558877493703,2164358.3271212787,23.874783677573358
Quebradillas,2000-2004,2,65,5,0.011762955963575333,2.5,0.05713460034814733,87414.31763001623,4994.38210249698,424585.6328938387,0.9205555870961134,1719186.0997751842,19.66709969700492
Quebradillas,2000-2004,2,70,5,0.021742097357874853,2.5,0.10310612810096265,82419.93552751925,8498.000430573476,390854.6765611626,0.862296199275952,1294600.4668813455,15.70737053596809
Quebradillas,2000-2004,2,75,5,0.038663539233663065,2.5,0.1762787912631514,73921.93509694577,13030.869366722727,337032.50206792203,0.7806745469713968,903745.790320183,12.22567819869644
Quebradillas,2000-2004,2,80,5,0.0628515969530847,2.5,0.2715842285813932,60891.06573022305,16537.05311384154,263112.6958665114,0.5357216756325783,566713.288252261,9.307002290994145
Quebradillas,2000-2004,2,85,NA,0.11781640555455766,6.844940840225562,1,44354.01261638151,44354.01261638151,303600.5923857496,0,303600.5923857496,6.844940840225562
Quebradillas,2005-2009,1,0,1,0.010679036936254596,0.12798051574555078,0.01058050777447387,100000,1058.0507774473808,99077.35910673531,0.9889550327715388,7508759.798317907,75.08759798317908
Quebradillas,2005-2009,1,1,4,3.908526808343655e-4,1.6211209300755103,0.0015619584280396812,98941.94922255262,154.54321147484006,395400.1572790341,0.9984403844610067,7409682.439211172,74.88919004965615
Quebradillas,2005-2009,1,5,5,1.8691961417471262e-4,2.5,9.341615380878724e-4,98787.40601107778,92.28339514302206,493706.3215675313,0.9989661604762881,7014282.281932138,71.00381076050903
Quebradillas,2005-2009,1,10,5,2.2685072255307064e-4,2.5,0.0011336107117427214,98695.12261593476,111.8818481941853,493195.90845918836,0.9978198640504594,6520575.960364607,66.06786422201407
Quebradillas,2005-2009,1,15,5,6.466133622997343e-4,2.5,0.003227848885945829,98583.24076774057,318.2118038850749,492120.67432899016,0.9952601346227065,6027380.051905419,61.14000721588938
Quebradillas,2005-2009,1,20,5,0.0012552826594338514,2.5,0.006256778234116234,98265.0289638555,614.8224943958485,489788.08858328784,0.992832831488292,5535259.3775764285,56.3299012470901
Quebradillas,2005-2009,1,25,5,0.0016232186266781372,2.5,0.008083290763062042,97650.20646945965,789.3350119656825,486277.69481738406,0.9911802383604904,5045471.288993141,51.668823563328814
Quebradillas,2005-2009,1,30,5,0.001921634386371774,2.5,0.009562234137038193,96860.87145749397,926.206331594105,481988.84145848453,0.988320043058699,4559193.594175756,47.0695083119967
Quebradillas,2005-2009,1,35,5,0.0027828519814661855,2.5,0.013818125413115834,95934.66512589986,1325.637234174952,476359.2325440619,0.9866879458075255,4077204.752717272,42.499807002677834
Quebradillas,2005-2009,1,40,5,0.0025762650758272463,2.5,0.012798892032753069,94609.02789172491,1210.8907333099196,470017.91262534977,0.9822213054477363,3600845.52017321,38.06027395497806
Quebradillas,2005-2009,1,45,5,0.004617302353272401,2.5,0.02282305935222228,93398.13715841499,2131.6312277535035,461661.60772269114,0.9731518692309994,3130827.60754786,33.5213067712216
Quebradillas,2005-2009,1,50,5,0.006290847449294393,2.5,0.03096721222635712,91266.50593066149,2826.2692583128664,449266.85650752526,0.9600157072944262,2669165.999825169,29.24584405425833
Quebradillas,2005-2009,1,55,5,0.010106990499437082,2.5,0.049289530457057425,88440.23667234862,4359.177739091101,431303.23901401536,0.9349630506114344,2219899.143317644,25.100556340004786
Quebradillas,2005-2009,1,60,5,0.01701435072282911,2.5,0.08160079236284026,84081.05893325752,6861.081031660477,403252.5920871364,0.9100761316748976,1788595.9043036285,21.272280903638396
Quebradillas,2005-2009,1,65,5,0.02082814387443262,2.5,0.09898645885550542,77219.97790159704,7643.732165379479,366990.5590945365,0.8787583102990506,1385343.3122164921,17.940218967452473
Quebradillas,2005-2009,1,70,5,0.03148594065247731,2.5,0.14594190765458276,69576.24573621756,10154.09003018761,322496.0036056188,0.8155444782813609,1018352.7531219556,14.636500465730895
Quebradillas,2005-2009,1,75,5,0.051862613458080714,2.5,0.2295503629352244,59422.15570602995,13640.3774087126,263009.83500836825,0.7393348746458147,695856.7495163367,11.710392213955368
Quebradillas,2005-2009,1,80,5,0.07087916244813658,2.5,0.30105032501175216,45781.77829731735,13782.619236023373,194452.34339652833,0.5507595482860984,432846.91450796847,9.45456752896232
Quebradillas,2005-2009,1,85,NA,0.15168555866097863,7.450026128961652,1,31999.15906129398,31999.15906129398,238394.57111144016,0,238394.57111144016,7.450026128961652
Quebradillas,2005-2009,2,0,1,0.006842772157458032,0.13496625566794124,0.0068025065645462846,100000,680.2506564546347,99411.5602275627,0.9929620419491922,8228278.922925312,82.28278922925313
Quebradillas,2005-2009,2,1,4,2.1218069098160138e-4,1.5129323218194832,8.482751225798648e-4,99319.74934354537,84.25047254898527,397069.4607470334,0.9991259450855462,8128867.362697749,81.84542768609023
Quebradillas,2005-2009,2,5,5,1.0517151679665087e-4,2.5,5.257193572277319e-4,99235.49887099638,52.17002268064243,496047.0692982803,0.9994451472782414,7731797.901950716,77.91362959742719
Quebradillas,2005-2009,2,10,5,1.1683439779043087e-4,2.5,5.840014103194457e-4,99183.32884831574,57.92320392759575,495771.83623175975,0.9987051974264406,7235750.832652436,72.95329685615113
Quebradillas,2005-2009,2,15,5,4.0160663293516277e-4,2.5,0.002006019088246728,99125.40564438814,198.84745585283963,495129.9095823086,0.9973661030964471,6739978.996420676,67.99446572355339
Quebradillas,2005-2009,2,20,5,6.536738379838114e-4,2.5,0.0032630367854714535,98926.5581885353,322.800998429273,493825.78844660334,0.996307007093815,6244849.086838367,63.12611295883626
Quebradillas,2005-2009,2,25,5,8.265758632896399e-4,2.5,0.004124356582441585,98603.75719010603,406.6770550204965,492002.09331297886,0.9955210303120466,5751023.298391764,58.32458581982742
Quebradillas,2005-2009,2,30,5,9.69353717810717e-4,2.5,0.004835051401424145,98197.08013508553,474.7879299228953,489798.43085062044,0.993810841050877,5259021.205078785,53.555779844412626
Quebradillas,2005-2009,2,35,5,0.0015156907125763051,2.5,0.007549845486169592,97722.29220516264,737.7882067032915,486766.9905090549,0.992273356380611,4769222.774228165,48.803836531130905
Quebradillas,2005-2009,2,40,5,0.0015872307011488777,2.5,0.007904786705382347,96984.50399845935,766.641817835116,483005.9154477089,0.9908017075498745,4282455.78371911,44.15608274685964
Quebradillas,2005-2009,2,45,5,0.002111508552074236,2.5,0.010502104551433356,96217.86218062423,1010.4900483363308,478563.0857822803,0.9861439161234642,3799449.868271401,39.48798884285034
Quebradillas,2005-2009,2,50,5,0.003479132145363835,2.5,0.0172456608938595,95207.3721322879,1641.914054388908,471932.0755254672,0.979393963433281,3320886.782489121,34.880563428164415
Quebradillas,2005-2009,2,55,5,0.004863499938907139,2.5,0.024025381095806504,93565.45807789899,2247.9457877252426,462207.42592018185,0.9680950947159542,2848954.7069636537,30.448787036255666
Quebradillas,2005-2009,2,60,5,0.00815876685856842,2.5,0.03997839821676806,91317.51229017375,3650.7278705011704,447460.74177461583,0.9461371042298178,2386747.281043472,26.136796997483454
Quebradillas,2005-2009,2,65,5,0.01414846895831378,2.5,0.06832558861753464,87666.78441967258,5989.88464768065,423359.2104791613,0.9259050497661568,1939286.539268856,22.12110951834657
Quebradillas,2005-2009,2,70,5,0.016729049203409566,2.5,0.08028741569798246,81676.89977199193,6557.627204916367,391990.43084766873,0.8936689255348295,1515927.3287896947,18.560049818510937
Quebradillas,2005-2009,2,75,5,0.02887353453317875,2.5,0.1346482457333586,75119.27256707556,10114.678271922741,350309.667155571,0.8325087076325,1123936.897942026,14.962031174335976
Quebradillas,2005-2009,2,80,5,0.04579289329265503,2.5,0.20544469856585545,65004.59429515282,13354.849280363393,291635.84827485564,0.6230279433437418,773627.230786455,11.901116208399163
Quebradillas,2005-2009,2,85,NA,0.11320658920086718,9.33192182020619,1,51649.74501478943,51649.74501478943,481991.38251159934,0,481991.38251159934,9.33192182020619
Quebradillas,2010-2014,1,0,1,0.009823566826824072,0.12968756357541392,0.009740291499651029,100000,974.0291499651066,99152.2903173453,0.9898342750993596,7630455.664318703,76.30455664318703
Quebradillas,2010-2014,1,1,4,3.6049468431858655e-4,1.6236525017115515,0.0014407445081601417,99025.9708500349,142.6711236674164,395764.8472323345,0.9985593012648974,7531303.374001359,76.05382011762124
Quebradillas,2010-2014,1,5,5,1.7190271910314683e-4,2.5,8.591443723814479e-4,98883.29972636748,84.95503048240789,494204.11105563137,0.9990238377808492,7135538.526769023,72.1612096937974
Quebradillas,2010-2014,1,10,5,2.1877572915842032e-4,2.5,0.001093280687593094,98798.34469588507,108.01432222218136,493721.6876738699,0.9971998664673702,6641334.415713392,67.22111019325612
Quebradillas,2010-2014,1,15,5,9.038084682926422e-4,2.5,0.004508854489288914,98690.33037366289,444.9803391546884,492339.20102042775,0.9934448738221842,6147612.728039523,62.29194597650382
Quebradillas,2010-2014,1,20,5,0.0017295796154475033,2.5,0.00861066599628103,98245.3500345082,845.957894834879,489111.8554354538,0.9921761901842723,5655273.527019095,57.56276022257244
Quebradillas,2010-2014,1,25,5,0.0014109835780110138,2.5,0.007030119432378712,97399.39213967332,684.7293593829963,485285.13729990914,0.9919539885403219,5166161.671583641,53.041005268033175
Quebradillas,2010-2014,1,30,5,0.0018220814944449632,2.5,0.009069095892731084,96714.66278029032,877.1145509875932,481380.52752398263,0.9897080762154363,4680876.534283732,48.398830122764565
Quebradillas,2010-2014,1,35,5,0.002318550363007242,2.5,0.01152594311604693,95837.54822930273,1104.6181292723486,476426.19582333276,0.9869696690609918,4199496.006759749,43.818900674628644
Quebradillas,2010-2014,1,40,5,0.0029317841300523055,2.5,0.014552260434763955,94732.93010003038,1378.578270563943,470218.20482374204,0.9840742234420756,3723069.8109364165,39.300693085341635
Quebradillas,2010-2014,1,45,5,0.0034941739263226394,2.5,0.017319575607853358,93354.35182946644,1616.8577548325702,462729.6147602508,0.9781213350380787,3252851.6061126743,34.844134658604546
Quebradillas,2010-2014,1,50,5,0.00537488741950529,2.5,0.0265181074916614,91737.49407463387,2432.7047288867907,452605.7085509524,0.9687084685028033,2790121.9913524236,30.414194539503058
Quebradillas,2010-2014,1,55,5,0.007372419475604795,2.5,0.036194985831858886,89304.78934574708,3232.385585086464,438442.98276601924,0.94759201777429,2337516.282801471,26.174590410282285
Quebradillas,2010-2014,1,60,5,0.01434243129928555,2.5,0.06922984573079269,86072.40376066061,5958.7792340290325,415465.07071823045,0.9206024794781423,1899073.300035452,22.063672176696237
Quebradillas,2010-2014,1,65,5,0.018918672605933447,2.5,0.09032145780586762,80113.62452663158,7235.979357357282,382478.1742397647,0.8929504637712566,1483608.2293172216,18.518800492218855
Quebradillas,2010-2014,1,70,5,0.026766481294629236,2.5,0.12543853591046344,72877.6451692743,9141.665110636037,341534.0630697814,0.8292087241300868,1101130.0550774569,15.109297954397965
Quebradillas,2010-2014,1,75,5,0.05010804619419039,2.5,0.2226489689214409,63735.98005863826,14190.750243253322,283203.02468505804,0.7487360213495727,759595.9920076753,11.917852228973857
Quebradillas,2010-2014,1,80,5,0.06731016517028318,2.5,0.28807490265381247,49545.22981538494,14272.737256027795,212044.3059368552,0.5548962296220107,476392.9673226173,9.615314513581815
Quebradillas,2010-2014,1,85,NA,0.17127261541573863,7.494470682527233,1,35272.492559357146,35272.492559357146,264348.6613857621,0,264348.6613857621,7.494470682527233
Quebradillas,2010-2014,2,0,1,0.006333142124220326,0.1360136829863537,0.006298677348162174,100000,629.8677348162164,99455.80289559042,0.9935051604099892,8298071.426985261,82.98071426985261
Quebradillas,2010-2014,2,1,4,1.86025297198601e-4,1.5137520519545402,7.437571973618386e-4,99370.13226518378,73.90725107502658,397296.77730940416,0.9992341061269173,8198615.62408967,82.50583386777086
Quebradillas,2010-2014,2,5,5,8.784105204618121e-5,2.5,4.3910883077676055e-4,99296.22501410876,43.60184926650254,496372.12044737756,0.9994997288375348,7801318.846780267,78.566117147674
Quebradillas,2010-2014,2,10,5,1.123236052004066e-4,2.5,5.614603628716958e-4,99252.62316484225,55.72641381810536,496123.799789666,0.9988306632183855,7304946.726332889,73.59953312468706
Quebradillas,2010-2014,2,15,5,3.558271892656952e-4,2.5,0.0017775546906051657,99196.89675102415,176.3279091132572,495543.66398233763,0.9975379277287483,6808822.926543223,68.63947512020255
Quebradillas,2010-2014,2,20,5,6.305541892198155e-4,2.5,0.0031478087860567997,99020.56884191089,311.69781660090666,494323.5996680522,0.9965554208069183,6313279.262560885,63.75725100751756
Quebradillas,2010-2014,2,25,5,7.498604416880247e-4,2.5,0.0037422867264959897,98708.87102530999,369.396897825427,492620.86288198637,0.9958029189596463,5818955.662892833,58.950686016870684
Quebradillas,2010-2014,2,30,5,9.328873783820042e-4,2.5,0.004653583718122818,98339.47412748456,457.6309756484261,490553.29319830175,0.9945183337090999,5326334.800010847,54.162734215010495
Quebradillas,2010-2014,2,35,5,0.001266722890144774,2.5,0.006313620431921867,97881.84315183613,617.9888048376015,487864.2437470866,0.9929722692997055,4835781.5068125455,49.404275104537945
Quebradillas,2010-2014,2,40,5,0.0015552996168384362,2.5,0.007746378236434649,97263.85434699853,753.4426045053406,484435.6652237293,0.990434144820841,4347917.263065458,44.70229246266376
Quebradillas,2010-2014,2,45,5,0.0022929767382322374,2.5,0.011399536511045048,96510.41174249319,1100.1739623545436,479801.62380657956,0.9871757825568426,3863481.597841729,40.03175955927097
Quebradillas,2010-2014,2,50,5,0.002873561415458816,2.5,0.014265326348856576,95410.23778013865,1361.058178955689,473648.543453304,0.9811844564561194,3383679.9740351494,35.46453769282528
Quebradillas,2010-2014,2,55,5,0.0047418769951759155,2.5,0.02343161043962068,94049.17960118296,2203.7237385808403,464736.5886594627,0.9697878005963622,2910031.430581846,30.941592929591522
Quebradillas,2010-2014,2,60,5,0.007571762360553276,2.5,0.03715548062848874,91845.45586260212,3412.5620561176183,450695.8741727166,0.9591899138355174,2445294.841922383,26.6240155155903
Quebradillas,2010-2014,2,65,5,0.009124649851917209,2.5,0.044605720311498606,88432.8938064845,3944.612927468508,432302.93671375123,0.9387731427250278,1994598.9677496664,22.55494400210851
Quebradillas,2010-2014,2,70,5,0.01636827084067157,2.5,0.07862400661617701,84488.28087901599,6642.807154821159,405834.38650802703,0.8932312436075456,1562296.031035915,18.49127494111359
Quebradillas,2010-2014,2,75,5,0.029487584435506767,2.5,0.13731518909569185,77845.47372419483,10689.365944681529,362503.9537592703,0.8344506019269499,1156461.6445278882,14.855862379683266
Quebradillas,2010-2014,2,80,5,0.04401959170367881,2.5,0.19827770002119977,67156.1077795133,13315.558592897694,302491.6424153223,0.6190078565490247,793957.6907686178,11.822568594584679
Quebradillas,2010-2014,2,85,NA,0.11977753691394555,9.12817673255589,1,53840.54918661561,53840.54918661561,491466.0483532955,0,491466.0483532955,9.12817673255589
Quebradillas,2015-2019,1,0,1,0.009851075843742937,0.12963267070760315,0.009767330221394383,100000,976.7330221394368,99149.8834880888,0.9898879692187222,7716709.711510177,77.16709711510177
Quebradillas,2015-2019,1,1,4,3.178548146221596e-4,1.6235710340429388,0.0012704596048984484,99023.26697786056,125.80506064045767,395794.1011212723,0.9987021085560327,7617559.828022088,76.92696939321551
Quebradillas,2015-2019,1,5,5,1.5027953720068974e-4,2.5,7.5111549278185e-4,98897.4619172201,74.28341584281588,494301.6010464935,0.9991672909908085,7221765.726900816,73.02276101833263
Quebradillas,2015-2019,1,10,5,1.8295641593173216e-4,2.5,9.143638578229488e-4,98823.17850137729,90.36034273685073,493889.9916500443,0.9980678589949689,6727464.125854322,68.0757715737767
Quebradillas,2015-2019,1,15,5,5.910419624921871e-4,2.5,0.002950849622581062,98732.81815864044,291.3456991997955,492935.7265452027,0.9956457157617613,6233574.134204278,63.135786564791346
Quebradillas,2015-2019,1,20,5,0.001155703996499289,2.5,0.005761872434995337,98441.47245944064,567.2072066244,490789.3442806422,0.9926779431632685,5740638.407659075,58.31524320224186
Quebradillas,2015-2019,1,25,5,0.0017861973769086126,2.5,0.008891282918974999,97874.26525281624,870.2277828496008,487195.7568069572,0.9910185066335678,5249849.063378433,53.63870727220987
Quebradillas,2015-2019,1,30,5,0.001822771176898111,2.5,0.009072513096056747,97004.03746996664,880.0704003166466,482820.0113490416,0.9890557868580747,4762653.306571475,49.09747502052208
Quebradillas,2015-2019,1,35,5,0.0025831850071756095,2.5,0.01283304968204058,96123.96706965,1233.5636450396414,477535.9262356509,0.9868168436140466,4279833.295222434,44.524101799932275
Quebradillas,2015-2019,1,40,5,0.0027260150296520417,2.5,0.013537814434219402,94890.40342461035,1284.6086731506075,471240.49544017523,0.9850001696943927,3802297.368986783,40.07040998627092
Quebradillas,2015-2019,1,45,5,0.0033237731254468846,2.5,0.016481910300948626,93605.79475145975,1542.8023127425695,464171.9679754423,0.9784205724240232,3331056.873546608,35.58601134033597
Quebradillas,2015-2019,1,50,5,0.005425067761804489,2.5,0.02676236963715242,92062.99243871718,2463.8238335472997,454155.4026097176,0.9668169079794644,2866884.9055711655,31.140470558563926
Quebradillas,2015-2019,1,55,5,0.008117533921506983,2.5,0.03978037328368363,89599.16860516988,3564.28837302138,439085.12209329597,0.9528524818834828,2412729.502961448,26.928034495425365
Quebradillas,2015-2019,1,60,5,0.011272965678661422,2.5,0.054819872052904596,86034.8802321485,4716.421126413348,418383.34834470914,0.9343629798766461,1973644.380868152,22.940049146842004
Quebradillas,2015-2019,1,65,5,0.016034285061955304,2.5,0.07708155619706919,81318.45910573515,6268.153375417809,390921.91209013126,0.9051546288359966,1555261.0325234428,19.125559554703305
Quebradillas,2015-2019,1,70,5,0.024199029321447296,2.5,0.11409280855807846,75050.30573031734,8562.700163914342,353844.77824180084,0.8497912685878115,1164339.1204333117,15.514115620224116
Quebradillas,2015-2019,1,75,5,0.042227385206088534,2.5,0.1909758943870451,66487.605566403,12697.529938696898,300694.2029852728,0.7682462763908611,810494.3421915107,12.190156876412818
Quebradillas,2015-2019,1,80,5,0.0657004215818512,2.5,0.2821574494551053,53790.0756277061,15177.270545110776,231007.20177575358,0.5468671269187309,509800.139206238,9.477587329207081
Quebradillas,2015-2019,1,85,NA,0.14057243331550714,7.220219738869735,1,38612.805082595325,38612.805082595325,278792.9374304844,0,278792.9374304844,7.220219738869735
Quebradillas,2015-2019,2,0,1,0.005591277291142975,0.13753841552183257,0.005564444084596197,100000,556.444408459618,99520.0880738059,0.9942584655895776,8369226.4752110345,83.69226475211035
Quebradillas,2015-2019,2,1,4,1.6706911956091469e-4,1.514946649474362,6.679991412490681e-4,99443.55559154038,66.42820973790367,397609.14472098293,0.9993135452057265,8269706.387137229,83.15980193934989
Quebradillas,2015-2019,2,5,5,7.86338350824027e-5,2.5,3.9309189960299944e-4,99377.12738180248,39.06434377960977,496787.9760495633,0.9995515367279915,7872097.242416246,79.21437708872385
Quebradillas,2015-2019,2,10,5,1.0079667732876855e-4,2.5,5.038564190116249e-4,99338.06303802287,50.05212071388087,496565.18488832965,0.9989421899208526,7375309.266366682,74.24454474760286
Quebradillas,2015-2019,2,15,5,3.226686765084856e-4,2.5,0.0016120429930947865,99288.01091730899,160.05654229756328,496039.91323080106,0.9978194431378807,6878744.081478353,69.280711920065
Quebradillas,2015-2019,2,20,5,5.507550209795095e-4,2.5,0.002749988679715073,99127.95437501142,272.6007523746084,494958.2699941206,0.9968460415072101,6382704.168247552,64.38853912087315
Quebradillas,2015-2019,2,25,5,7.130773926349163e-4,2.5,0.0035590422816983045,98855.35362263682,351.8303833152022,493397.19215489604,0.9961291527503345,5887745.898253431,59.559201221705
Quebradillas,2015-2019,2,30,5,8.385072406776565e-4,2.5,0.004183765908369612,98503.52323932161,412.1156823829806,491487.3269906506,0.9953462213534618,5394348.706098535,54.763002669382345
Quebradillas,2015-2019,2,35,5,0.0010277873125860851,2.5,0.005125766069596387,98091.40755693863,502.79360857429856,489200.0537632574,0.9936013943556801,4902861.379107884,49.982577487859416
Quebradillas,2015-2019,2,40,5,0.0015415185142077241,2.5,0.007678003111168592,97588.61394836433,749.2856815101695,486069.8555380462,0.9918642977697331,4413661.325344627,45.22721603239456
Quebradillas,2015-2019,2,45,5,0.0017268111996271585,2.5,0.008596942755553684,96839.32826685417,832.522161596411,482115.3359302798,0.9893218993326113,3927591.4698065803,40.557814062728305
Quebradillas,2015-2019,2,50,5,0.002571891988891331,2.5,0.012777305321466908,96006.80610525775,1226.7082745457592,476967.25983992434,0.9842909552583672,3445476.133876301,35.88783205743589
Quebradillas,2015-2019,2,55,5,0.0037709641523501567,2.5,0.018678728720707628,94780.097830712,1770.3717355020053,469474.559814805,0.9756423502728004,2968508.8740363764,31.319960012475086
Quebradillas,2015-2019,2,60,5,0.006121193628853673,2.5,0.030144664818688157,93009.72609520999,2803.7470180180826,458039.26293100475,0.9661038496135216,2499034.314221571,26.868526756690144
Quebradillas,2015-2019,2,65,5,0.007698206076616799,2.5,0.03776423816380546,90205.9790771919,3406.560077670336,442513.4951917837,0.9458180305801598,2040995.0512905666,22.625939789911566
Quebradillas,2015-2019,2,70,5,0.014775127180380907,2.5,0.07124403664617707,86799.41899952157,6183.940988068789,418537.2425274359,0.9072408901574787,1598481.556098783,18.415809397383104
Quebradillas,2015-2019,2,75,5,0.02461145325223583,2.5,0.11592458499990421,80615.47801145278,9345.315833046581,379714.1004746475,0.8436397266078068,1179944.3135713472,14.636696856200695
Quebradillas,2015-2019,2,80,5,0.04496309847470661,2.5,0.20209810039904907,71270.1621784062,14403.564391388041,320341.8999135609,0.5996878214908753,800230.2130966996,11.228123925037979
Quebradillas,2015-2019,2,85,NA,0.11854456755482609,8.438843395915105,1,56866.59778701816,56866.59778701816,479888.31318313873,0,479888.31318313873,8.438843395915105
Quebradillas,2020-2024,1,0,1,0.009602719740146487,0.1301282528945247,0.009523171407585523,100000,952.3171407585469,99171.60622496987,0.990098935278593,7739512.419923163,77.39512419923163
Quebradillas,2020-2024,1,1,4,3.3266902275706783e-4,1.624306684548945,0.001329625262158006,99047.68285924145,131.69630128785502,395877.86141432665,0.9985789915721741,7640340.813698193,77.13800659583352
Quebradillas,2020-2024,1,5,5,1.8928816419419198e-4,2.5,9.459931577005563e-4,98915.9865579536,93.57384647103027,494345.9981735904,0.9990500191247633,7244462.952283867,73.23854519753922
Quebradillas,2020-2024,1,10,5,1.9088552349712e-4,2.5,9.539723686980982e-4,98822.41271148257,94.27385113484343,493876.37892957573,0.9980422618285371,6750116.954110276,68.30552674136393
Quebradillas,2020-2024,1,15,5,5.933714109491022e-4,2.5,0.0029624624534308206,98728.13886034772,292.47840447087947,492909.49829056143,0.9957206766016955,6256240.5751807,63.36836333996163
Quebradillas,2020-2024,1,20,5,0.0011231643317778277,2.5,0.005600097085636439,98435.66045587684,551.2492552416516,490800.1791412801,0.993636979656671,5763331.076890139,58.54921936012727
Quebradillas,2020-2024,1,25,5,0.0014311502436686037,2.5,0.007130240106179582,97884.4112006352,697.9393545125495,487677.2076168946,0.9924418910385692,5272530.897748859,53.864868093670914
Quebradillas,2020-2024,1,30,5,0.0016042181968332595,2.5,0.007989050533562891,97186.47184612264,776.4276347573614,483991.2901437198,0.9882961773379186,4784853.690131964,49.23374209640949
Quebradillas,2020-2024,1,35,5,0.003113753688988638,2.5,0.015448511297339505,96410.04421136528,1489.3916571762675,478326.74191388575,0.9852986487000177,4300862.399988244,44.610107122855545
Quebradillas,2020-2024,1,40,5,0.0028080692434265765,2.5,0.013942467680455494,94920.65255418902,1323.4281304445321,471294.69244483375,0.9842227492224425,3822535.6580743585,40.27085313064109
Quebradillas,2020-2024,1,45,5,0.003558982019429744,2.5,0.017637976989734766,93597.22442374448,1650.8656906890537,463858.95789199974,0.9771017007874806,3351240.965629525,35.8049182148542
Quebradillas,2020-2024,1,50,5,0.005731581125142372,2.5,0.028253068736961564,91946.35873305543,2597.766793398332,453237.3766817813,0.96495682558235,2887382.0077375253,31.40289672721416
Quebradillas,2020-2024,1,55,5,0.0085865900134104,2.5,0.0420306991138822,89348.5919396571,3755.3837840647757,437354.5002381235,0.9473243340829969,2434144.631055744,27.243234372397048
Quebradillas,2020-2024,1,60,5,0.013177827175182856,2.5,0.06378767837217751,85593.20815559232,5459.792032671758,414316.56069628225,0.9230222825398623,1996790.1308176203,23.32883851237159
Quebradillas,2020-2024,1,65,5,0.0190821610074311,2.5,0.09106644368521684,80133.41612292056,7297.465226661996,382423.41754794784,0.8891438978352156,1582473.5701213381,19.74798588012153
Quebradillas,2020-2024,1,70,5,0.028409664532347754,2.5,0.13262849503341512,72835.95089625857,9660.1225516985,340029.44810204656,0.846400338826129,1200050.1525733902,16.47606899898432
Quebradillas,2020-2024,1,75,5,0.03902432267809603,2.5,0.17777749733793075,63175.82834456007,11231.240655346599,287801.04008443386,0.7905953309100543,860020.7044713437,13.613129055954802
Quebradillas,2020-2024,1,80,5,0.056587160597552276,2.5,0.247870135128174,51944.58768921347,12875.511969702624,227534.15852181078,0.6023657125352438,572219.6643869098,11.015963160792088
Quebradillas,2020-2024,1,85,NA,0.1266004259644588,8.822463790536139,1,39069.075719510845,39069.075719510845,344685.5058650991,0,344685.5058650991,8.822463790536139
Quebradillas,2020-2024,2,0,1,0.005460360438569825,0.1378074850014206,0.005434774163657798,100000,543.4774163657858,99531.41783953866,0.9943788202204482,8406631.010434521,84.06631010434522
Quebradillas,2020-2024,2,1,4,0.00017011952080047131,1.5151576224357288,6.801905529190338e-4,99456.52258363421,67.64938708755653,397657.99227068544,0.9993076129303785,8307099.592594983,83.52493508517192
Quebradillas,2020-2024,2,5,5,7.986664553990868e-5,2.5,3.9925351010311347e-4,99388.87319654666,39.681356488901656,496845.16259151103,0.9995561683021306,7909441.600324297,79.58075532945188
Quebradillas,2020-2024,2,10,5,9.770940013681409e-5,2.5,4.884276907423888e-4,99349.19184005776,48.52489634757512,496624.6469594198,0.9989700515749782,7412596.437732786,74.61154238341791
Quebradillas,2020-2024,2,15,5,3.1459398545172375e-4,2.5,0.001571733782272034,99300.66694371018,156.0742128375714,496113.149186457,0.997686925924328,6915971.790773367,69.64678086899227
Quebradillas,2020-2024,2,20,5,6.120513649623392e-4,2.5,0.003055581392905992,99144.59273087261,302.9443727556936,494965.6027224738,0.9965124389483042,6419858.641586909,64.75248386983218
Quebradillas,2020-2024,2,25,5,7.857132787447328e-4,2.5,0.003920864705066333,98841.64835811692,387.5447304379195,493239.3799644898,0.995999689329561,5924893.038864436,59.94328440778053
Quebradillas,2020-2024,2,30,5,8.176819713459351e-4,2.5,0.004080069358838268,98454.103627679,401.69957146317756,491266.2692097371,0.9944812125360326,5431653.658899946,55.16939831620093
Quebradillas,2020-2024,2,35,5,0.0013975457723296397,2.5,0.006963399687163607,98052.40405621582,682.7780797307059,488555.0750817523,0.9930553184921581,4940387.389690209,50.38517349210291
Quebradillas,2020-2024,2,40,5,0.0013899797978052342,2.5,0.006925832072367217,97369.62597648511,674.3656784623308,485162.21568626974,0.9913496092169795,4451832.314608457,45.72095527699346
Quebradillas,2020-2024,2,45,5,0.0020882406127522364,2.5,0.010386976796784282,96695.26029802278,1004.3714250745834,480965.3729274274,0.9885339668216614,3966670.0989221865,41.0223839999663
Quebradillas,2020-2024,2,50,5,0.0025271490332450333,2.5,0.012556415334044035,95690.8888729482,1201.5345443725964,475450.6080038095,0.9809533376790964,3485704.7259947592,36.426714884243985
Quebradillas,2020-2024,2,55,5,0.005190375219235947,2.5,0.025619439832091747,94489.3543285756,2420.764327994126,466394.8608228927,0.9727403777380786,3010254.1179909497,31.858129832522142
Quebradillas,2020-2024,2,60,5,0.005873585404995909,2.5,0.028942930095512496,92068.59000058148,2664.7347643792455,453681.11309195927,0.9651038917973156,2543859.257168057,27.63004469984813
Quebradillas,2020-2024,2,65,5,0.008377189175997885,2.5,0.041026724303093114,89403.85523620223,3667.9473204092938,437849.40787998796,0.9415289518138193,2090178.1440760978,23.37906053999474
Quebradillas,2020-2024,2,70,5,0.01594346097329861,2.5,0.07666167385341874,85735.90791579294,6572.658210167268,412247.89405354654,0.9050327926148667,1652328.7361961098,19.272306975730334
Quebradillas,2020-2024,2,75,5,0.024356489798635594,2.5,0.11479258776126255,79163.24970562567,9087.35428929978,373097.8628048789,0.8544181381464853,1240080.8421425633,15.664855179062187
Quebradillas,2020-2024,2,80,5,0.03964833309398021,2.5,0.18036385042089947,70075.89541632589,12639.1583189808,318781.58128417743,0.6323092968587403,866982.9793376843,12.372057098762372
Quebradillas,2020-2024,2,85,NA,0.111590966865758,9.544438381386511,1,57436.73709734509,57436.73709734509,548201.398053507,0,548201.398053507,9.544438381386511
Rincon,1980-1984,1,0,1,0.01927095624925819,0.11083577035241776,0.01894631036910692,100000,1894.631036910694,98315.36185359891,0.9805529051405012,7249429.499902117,72.49429499902116
Rincon,1980-1984,1,1,4,4.885718885359911e-4,1.5959147668578808,0.0019519948026097426,98105.3689630893,191.50117032405979,391961.0907166517,0.9980503982478024,7151114.138048518,72.89217923168934
Rincon,1980-1984,1,5,5,2.0332699675874435e-4,2.5,0.0010161184730000563,97913.86779276525,99.49208982712298,489320.60873925843,0.998873185208156,6759153.047331867,69.03162135967928
Rincon,1980-1984,1,10,5,2.476780072209807e-4,2.5,0.0012376237056721275,97814.37570293812,121.05739012546837,488769.23503937694,0.9969173369145045,6269832.438592608,64.09929413273632
Rincon,1980-1984,1,15,5,9.884342367111883e-4,2.5,0.004929988759365047,97693.31831281265,481.62696114723803,487262.52416119515,0.9935942617607426,5781063.203553231,59.175625348730065
Rincon,1980-1984,1,20,5,0.0015840077983167486,2.5,0.00788879919298115,97211.69135166542,766.8835122833552,484141.2479776187,0.9906264175428182,5293800.679392036,54.456419858405674
Rincon,1980-1984,1,25,5,0.002185915039422357,2.5,0.010870172015885207,96444.80783938206,1048.371651253081,479603.11006877763,0.9886910355119709,4809659.431414417,49.86955274382797
Rincon,1980-1984,1,30,5,0.002364409782049602,2.5,0.011752579127613906,95396.43618812898,1121.1541647933482,474179.2955286615,0.9872225867271173,4330056.321345639,45.39012665846805
Rincon,1980-1984,1,35,5,0.002782103614757248,2.5,0.013814435099222797,94275.28202333563,1302.3597649722942,468120.5107042474,0.9831984682965118,3855877.025816978,40.900190835414804
Rincon,1980-1984,1,40,5,0.004005812858376332,2.5,0.019830471398591308,92972.92225836334,1843.696875687936,460255.3691025969,0.9744505836573408,3387756.5151127307,36.438098672411975
Rincon,1980-1984,1,45,5,0.006376879220868101,2.5,0.03138406512247578,91129.2253826754,2860.0055439706484,448496.11305345036,0.9664438258099616,2927501.146010134,32.124723256636855
Rincon,1980-1984,1,50,5,0.007290222428854059,2.5,0.035798661629435624,88269.21983870475,3159.919933300058,433446.29936027364,0.9564862190983621,2479005.0329566835,28.08459208642146
Rincon,1980-1984,1,55,5,0.01057546855336435,2.5,0.051515345476564,85109.2999054047,4384.434987895438,414585.4120572849,0.9309234331819908,2045558.7335964097,24.034491364280516
Rincon,1980-1984,1,60,5,0.01832068843249874,2.5,0.08759159629971305,80724.86491750926,7070.819779203332,385947.275139538,0.9006727243642225,1630973.321539125,20.204100969456885
Rincon,1980-1984,1,65,5,0.02377136693789144,2.5,0.11218958519854604,73654.04513830593,8263.216772261534,347612.18376087584,0.866626554947115,1245026.0463995868,16.90370222112994
Rincon,1980-1984,1,70,5,0.03413005395970989,2.5,0.15723423729091734,65390.82836604439,10281.677023956268,301249.9492703313,0.8093278565203537,897413.862638711,13.723849124760632
Rincon,1980-1984,1,75,5,0.052066419180628966,2.5,0.23034853716849582,55109.151342088124,12694.312396247245,243809.9757198225,0.718323786812444,596163.9133683797,10.81787505069191
Rincon,1980-1984,1,80,5,0.08436873065741493,2.5,0.3483657194092794,42414.83894584088,14775.875882996581,175134.50502171295,0.5029585700376235,352353.93764855724,8.30732702058529
Rincon,1980-1984,1,85,NA,0.1934995238745184,6.411942163817444,1,27638.963062844297,27638.963062844297,177219.43262684427,0,177219.43262684427,6.411942163817444
Rincon,1980-1984,2,0,1,0.010847893995470495,0.12673464890792935,0.010746095268290677,100000,1074.6095268290665,99061.58073426672,0.989023055527053,7858710.8649488,78.587108649488
Rincon,1980-1984,2,1,4,2.5517504653830024e-4,1.506516102998491,0.0010200511532388315,98925.39047317093,100.90895863674814,395449.9470292598,0.9989117635810835,7759649.284214533,78.4394102171271
Rincon,1980-1984,2,5,5,1.206747315282304e-4,2.5,6.031916826552407e-4,98824.48151453419,59.610105292274966,493973.38230944023,0.9992933480294806,7364199.337185273,74.51796583523907
Rincon,1980-1984,2,10,5,1.6210060539176283e-4,2.5,8.101747024344698e-4,98764.87140924191,80.01680030497664,493624.3150454471,0.9984210627798584,6870225.954875833,69.56143269207915
Rincon,1980-1984,2,15,5,4.702167253540611e-4,2.5,0.002348323074804535,98684.85460893693,231.74392121189157,492844.9132416549,0.9966853402159167,6376601.639830386,64.61580822203409
Rincon,1980-1984,2,20,5,8.584927998378176e-4,2.5,0.004283271105679141,98453.11068772504,421.701364272958,491211.3000279428,0.9952122064790829,5883756.726588731,59.762019559249
Rincon,1980-1984,2,25,5,0.0010617078464774975,2.5,0.005294486238431463,98031.40932345208,519.0259475970524,488859.4817482678,0.9938364910022502,5392545.426560788,55.00834338480461
Rincon,1980-1984,2,30,5,0.0014124010995076601,2.5,0.00703715727585374,97512.38337585503,686.2099781592406,485846.391933877,0.9926616972892441,4903685.94481252,50.28782781271572
Rincon,1980-1984,2,35,5,0.001534178249199555,2.5,0.007641582372335016,96826.17339769579,739.9051798164874,482281.1040389377,0.9909601171530658,4417839.552878643,45.62650157342453
Rincon,1980-1984,2,40,5,0.002100765564163089,2.5,0.010448950830599057,96086.2682178793,1004.0006921043678,477921.3393591356,0.9875497768869053,3935558.448839706,40.95859399925571
Rincon,1980-1984,2,45,5,0.0029156238485024953,2.5,0.014472627398528375,95082.26752577494,1376.090230107744,471971.1120536053,0.983236421802554,3457637.10948057,36.36468922602495
Rincon,1980-1984,2,50,5,0.003854421323742361,2.5,0.019088171975973175,93706.17729566719,1788.6796274307271,464059.18740975915,0.9762933378115818,2985665.997426965,31.861997614163872
Rincon,1980-1984,2,55,5,0.005764910333446445,2.5,0.028415026467956534,91917.49766823646,2611.8381291112746,453057.89301840414,0.9621562852877545,2521606.810017206,27.43337094661343
Rincon,1980-1984,2,60,5,0.009741219482496701,2.5,0.04754815488077995,89305.65953912519,4246.319331496532,435912.49936688464,0.9460584542030762,2068548.9169988015,23.162573656292874
Rincon,1980-1984,2,65,5,0.012510219409478733,2.5,0.06065410659346818,85059.34020762866,5159.198287723571,412398.70531883434,0.9136190913718573,1632636.417631917,19.19408748817795
Rincon,1980-1984,2,70,5,0.024126185901698592,2.5,0.11376890512150746,79900.14191990509,9090.15166528066,376775.33043632377,0.8478388094542038,1220237.7123130825,15.272034354285562
Rincon,1980-1984,2,75,5,0.04333169218836567,2.5,0.19548204178443715,70809.99025462443,13842.08147371008,319444.74758884695,0.7649366654942693,843462.3818767589,11.911629684508739
Rincon,1980-1984,2,80,5,0.0662716848344177,2.5,0.28426210293233695,56967.908780914346,16193.817549720254,244355.0000302711,0.5336893569195904,524017.6342879119,9.19847060391781
Rincon,1980-1984,2,85,NA,0.1358615207969992,6.85883181729102,1,40774.09123119409,40774.09123119409,279662.6342576408,0,279662.6342576408,6.85883181729102
Rincon,1985-1989,1,0,1,0.015858923181469867,0.11764431173753595,0.0156400684030182,100000,1564.006840301823,98619.98966797828,0.9838622369315375,7239869.213302566,72.39869213302566
Rincon,1985-1989,1,1,4,4.596724260862293e-4,1.6058764739017062,0.0018366684276541114,98435.99315969818,180.79428078119236,393311.12879779044,0.9981471901213027,7141249.223634588,72.54713438049986
Rincon,1985-1989,1,5,5,2.0881507095116985e-4,2.5,0.0010435305924690838,98255.19887891698,102.53230589927989,491019.66362983675,0.9987827562098646,6747938.094836797,68.67766969921354
Rincon,1985-1989,1,10,5,2.784213517644881e-4,2.5,0.0013911384522015567,98152.6665730177,136.54394865583163,490421.97299344896,0.9972499205891093,6256918.43120696,63.74680026194006
Rincon,1985-1989,1,15,5,8.238761373943481e-4,2.5,0.004110913478177831,98016.12262436187,402.9357995752216,489073.2736228713,0.9939337810577927,5766496.458213511,58.83212173484049
Rincon,1985-1989,1,20,5,0.0016123925658135276,2.5,0.008029595678122904,97613.18682478665,783.7944230561261,486106.4480662929,0.990743775000914,5277423.1845906405,54.06465413390805
Rincon,1985-1989,1,25,5,0.0021096245937239277,2.5,0.010492783383911346,96829.39240173053,1016.0098396671092,481606.9374094848,0.9887516237422582,4791316.736524347,49.48204896965477
Rincon,1985-1989,1,30,5,0.0024169122477171036,2.5,0.012011981475715498,95813.38256206342,1150.9085764611373,476189.6413691642,0.9869802704092605,4309709.799114862,44.98024893676241
Rincon,1985-1989,1,35,5,0.002827796737437769,2.5,0.014039729930955683,94662.47398560228,1329.035569353975,469989.7810046265,0.9831019580389894,3833520.157745698,40.49672479855913
Rincon,1985-1989,1,40,5,0.003998995236270826,2.5,0.019797055356200046,93333.4384162483,1847.7272469109594,462047.8739639641,0.9778581258824333,3363530.3767410717,36.037784890559855
Rincon,1985-1989,1,45,5,0.004967749699244155,2.5,0.024534050935826543,91485.71116933734,2244.5150977288286,451817.2681023647,0.9696897940402668,2901482.5027771075,31.715143990153273
Rincon,1985-1989,1,50,5,0.007380022692444665,2.5,0.03623163769135671,89241.19607160852,3233.354683209851,438122.593650018,0.9547330343218918,2449665.234674743,27.449937276827775
Rincon,1985-1989,1,55,5,0.011235353960929383,2.5,0.05464196525280669,86007.841388398665,4699.63748061379,418290.1132404589,0.9350701872424491,2011542.6410247248,23.387898225940777
Rincon,1985-1989,1,60,5,0.015759855616346335,2.5,0.07581230079553025,81308.20390778487,6164.162011801294,391130.6145094211,0.9057509512510664,1593252.527784266,19.595224727768457
Rincon,1985-1989,1,65,5,0.024222733470964465,2.5,0.11419818675333847,75144.04189598358,8581.313329838216,354266.92615532235,0.851423428075107,1202121.9132748449,15.997567910159193
Rincon,1985-1989,1,70,5,0.04135180468147394,2.5,0.1873870424584205,66562.72856614536,12472.992843972606,301631.16072079533,0.7743492964947634,847854.9871195225,12.737683766629004
Rincon,1985-1989,1,75,5,0.06316074275784066,2.5,0.27273789389729725,54089.73572217276,14752.320602326807,233567.87710504676,0.6887443585389208,546223.8263987271,10.098474675571692
Rincon,1985-1989,1,80,5,0.08906281854230909,2.5,0.3642183178339664,39337.41511984595,14327.407162886728,160868.55769201292,0.4854773815901143,312655.94929368043,7.948055263446726
Rincon,1985-1989,1,85,NA,0.20989125523715613,6.06906610597185,1,25010.007956959224,25010.007956959224,151787.3916016675,0,151787.3916016675,6.06906610597185
Rincon,1985-1989,2,0,1,0.00827555066106037,0.13202150899284246,0.008216531316816754,100000,821.6531316816836,99286.82275463163,0.9914614591034618,7886003.040596669,78.86003040596668
Rincon,1985-1989,2,1,4,2.730591455200476e-4,1.5106317035475392,0.0010914946442934278,99178.34686831832,108.25263443663425,396443.9067970993,0.9989398996584876,7786716.217842037,78.51226062661301
Rincon,1985-1989,2,5,5,1.173379696638521e-4,2.5,5.865177963007864e-4,99070.09423388168,58.10637334937928,495205.20523603493,0.999331191698424,7390272.311044937,74.59639932912758
Rincon,1985-1989,2,10,5,1.5028586339962984e-4,2.5,7.511471000219819e-4,99011.9878605323,74.37256754885311,494874.0078837894,0.9983676718214362,6895067.1058089025,69.63870996632502
Rincon,1985-1989,2,15,5,5.034672317752782e-4,2.5,0.0025141716512727054,98937.61529298345,248.74614761414705,494066.2110958819,0.9966662455823865,6400193.097925113,64.68917892322605
Rincon,1985-1989,2,20,5,8.328109223616499e-4,2.5,0.004155402949400563,98688.8691453693,410.0920179196546,492419.1156820474,0.9953497626200603,5906126.886829231,59.845927286181286
Rincon,1985-1989,2,25,5,0.0010320834627117836,2.5,0.00514713662707611,98278.77712744965,505.8542934169527,490129.24990370584,0.9941283245738323,5413707.771147184,55.08521706702346
Rincon,1985-1989,2,30,5,0.0013243629370682205,2.5,0.006599962819979082,97772.9228340327,645.2976555053028,487251.37003140023,0.9928565666414463,4923578.521243478,50.357280712586864
Rincon,1985-1989,2,35,5,0.001544040154298445,2.5,0.007690514613067735,97127.62517852739,746.9614207680279,483770.7223407169,0.9907048952402318,4436327.151212078,45.67523547556935
Rincon,1985-1989,2,40,5,0.002194398917431086,2.5,0.01091213066784447,96380.66375775936,1051.7183967782476,479274.0227968512,0.9874576890046125,3952556.4288713606,41.009848602055825
Rincon,1985-1989,2,45,5,0.002858376123000381,2.5,0.014190476318296352,95328.94536098112,1352.7631415931828,473262.81895092264,0.9832151741150104,3473282.4060745095,36.434709236761904
Rincon,1985-1989,2,50,5,0.003921373807585775,2.5,0.01941652045110038,93976.18221938793,1824.6904639790737,465319.184936992,0.9725964819758306,3000019.587123587,31.92319070932275
Rincon,1985-1989,2,55,5,0.007238390774126784,2.5,0.035548666030072444,92151.49175540886,3275.862604586,452567.80226557935,0.9595230208027804,2534700.402186595,27.50579891765908
Rincon,1985-1989,2,60,5,0.009330053277169964,2.5,0.04558694482592656,88875.62915082286,4051.5684024680813,434249.2247479441,0.9410460143508371,2082132.5999210156,23.427486475371275
Rincon,1985-1989,2,65,5,0.015144361450089553,2.5,0.07295949484748221,84824.06074835478,6188.7206231120945,408648.5021839937,0.9113942673545804,1647883.3751730714,19.42707482564177
Rincon,1985-1989,2,70,5,0.02227129611753556,2.5,0.10548335310641875,78635.34012524268,8294.719349074323,372439.9022535276,0.8601163715405402,1239234.8729890778,15.759261306879905
Rincon,1985-1989,2,75,5,0.03915999785694205,2.5,0.17834045927697886,70340.62077616836,12544.578615049664,320341.65734321764,0.7774356918218132,866794.9707355502,12.32282230624304
Rincon,1985-1989,2,80,5,0.06414128646123672,2.5,0.27638690343740213,57796.0421611187,15974.069123849134,249045.03799597063,0.5442519390175865,546453.3133923325,9.454856992957723
Rincon,1985-1989,2,85,NA,0.1466214275534229,7.11129231352445,1,41821.97303726956,41821.97303726956,297408.27539636183,0,297408.27539636183,7.11129231352445
Rincon,1990-1994,1,0,1,0.014009063024482928,0.12133561518779555,0.013838718573837052,100000,1383.871857383696,98784.04108577303,0.9856400877430933,7300891.20088928,73.0089120088928
Rincon,1990-1994,1,1,4,4.55264666149058e-4,1.6113039409370289,0.0018190804347899769,98616.1281426163,179.39066925898078,394036.0027857736,0.9981686141284042,7202107.159803507,73.03173725689159
Rincon,1990-1994,1,5,5,2.1644862052205144e-4,2.5,0.0010816577942666422,98436.73747335732,106.47486433023005,491917.50020596106,0.9987704248616358,6808071.157017734,69.16189353451898
Rincon,1990-1994,1,10,5,2.757204538387919e-4,2.5,0.0013776526516580908,98330.2626090271,135.46494702156633,491312.65067758155,0.9969973750785147,6316153.656811773,64.2340769690157
Rincon,1990-1994,1,15,5,9.281162998873847e-4,2.5,0.004629838927001915,98194.79766200553,454.626096644628,489837.4230684161,0.9934319716566529,5824841.006134191,59.31924241224842
Rincon,1990-1994,1,20,5,0.0017103285236714002,2.5,0.00851523300362747,97740.1715653609,832.2803346935689,486620.1569900706,0.9909936521723297,5335003.583065775,54.58352996135419
Rincon,1990-1994,1,25,5,0.001909407394536682,2.5,0.009501680525045792,96907.89123066733,920.7878228296759,482237.4865962625,0.9886576289280087,4848383.426075704,50.030842323616596
Rincon,1990-1994,1,30,5,0.002657685489271811,2.5,0.013200719047706446,95987.10340783765,1267.0987842900213,476767.77007846325,0.9857613588336019,4366145.939479441,45.486797543293
Rincon,1990-1994,1,35,5,0.0030816494784110947,2.5,0.015290447890142151,94720.00462354763,1448.3112948503694,469979.24488061224,0.98098298637618,3889378.1694009784,41.061845223285275
Rincon,1990-1994,1,40,5,0.0046128791568885346,2.5,0.02280144500837746,93271.69332869726,2126.7293862725346,461041.643177805,0.9760705301875613,3419398.9245203664,36.66062877694434
Rincon,1990-1994,1,45,5,0.005080482008952844,2.5,0.025083815363093988,91144.96394242473,2286.263446807643,450009.1610951046,0.9681252448824766,2958357.2813425614,32.45771519764189
Rincon,1990-1994,1,50,5,0.007921929604250217,2.5,0.038840420332075604,88858.70049561709,3451.309277411783,435665.229284556,0.9552232619312614,2508348.1202474567,28.228503300823984
Rincon,1990-1994,1,55,5,0.010456995784472463,2.5,0.050952942168700874,85407.3912182053,4351.75786552082,416157.5614272245,0.9355208707356443,2072682.8909629008,24.26819109446222
Rincon,1990-1994,1,60,5,0.01639157008780732,2.5,0.07873151747212712,81055.63335268448,6381.633013521205,389324.0842296194,0.8990072901713413,1656525.3295356762,20.436893291893742
Rincon,1990-1994,1,65,5,0.02670224602859553,2.5,0.12515634158066316,74674.00033916328,9345.924693642875,350005.1899617092,0.8644866591044282,1267201.245306057,16.969778497877858
Rincon,1990-1994,1,70,5,0.03181436062660032,2.5,0.14735202683132126,65328.0756455204,9626.22435535732,302574.81733920873,0.8161824275015194,917196.0553443476,14.039844986728006
Rincon,1990-1994,1,75,5,0.05110704049397614,2.5,0.22658498274827343,55701.85129016308,12621.203013628488,246956.2489167442,0.7249873991371297,614621.2380051389,11.034125864209486
Rincon,1990-1994,1,80,5,0.08124003247680119,2.5,0.3376279070495552,43080.64827653459,14545.229111944402,179040.168602812,0.5130344908642721,367664.98908839474,8.534342072300165
Rincon,1990-1994,1,85,NA,0.16561312031200848,6.610199745011934,1,28535.419164590192,28535.419164590192,188624.82048558272,0,188624.82048558272,6.610199745011934
Rincon,1990-1994,2,0,1,0.0075188565749145925,0.13357671964727527,0.007470191917202899,100000,747.0191917202901,99352.76518142327,0.9922043227218396,7944182.633672074,79.44182633672074
Rincon,1990-1994,2,1,4,2.659380823756202e-4,1.5118459977507108,0.0010630489154524088,99252.98080827971,105.51077360365889,396749.3961794965,0.9989794521821507,7844829.868490651,79.0387331907339
Rincon,1990-1994,2,5,5,1.1419368122324845e-4,2.5,5.708054501771971e-4,99147.47003467605,56.59391626706929,495595.86538271257,0.9993656965062814,7448080.472311155,75.12123576835846
Rincon,1990-1994,2,10,5,1.3961627535544581e-4,2.5,6.978378029900899e-4,99090.87611840898,69.14935928683553,495281.5071938278,0.9985281189840097,6952484.606928443,70.16271204041578
Rincon,1990-1994,2,15,5,4.497981804434845e-4,2.5,0.002246464762810566,99021.72675912215,222.4488199170155,494552.5117458182,0.99658305876871,6457203.099734615,65.20996261196545
Rincon,1990-1994,2,20,5,9.201223159517645e-4,2.5,0.004590053054142525,98799.27793920513,453.4939274519129,492862.6548773959,0.995200790728614,5962650.587988797,60.35115551813888
Rincon,1990-1994,2,25,5,0.0010043816302344865,2.5,0.0050093299537092096,98345.78401175322,492.6464816710941,490497.30385458836,0.9942927543030277,5469787.9331114,55.61791985366359
Rincon,1990-1994,2,30,5,0.0012858553409157516,2.5,0.00640867513171299,97853.13753008212,627.1089690491353,487697.91522778774,0.9929247435835844,4979290.629256812,50.8853446597568
Rincon,1990-1994,2,35,5,0.0015552510254474225,2.5,0.007746137157842137,97226.02856103299,753.1261525460286,484247.32742379984,0.9916240569913173,4491592.714029024,46.19743067268717
Rincon,1990-1994,2,40,5,0.0018102890559878802,2.5,0.009010665507052937,96472.90240848696,869.2850540974468,480191.29940719117,0.9894563696265085,4007345.3866052246,41.538559393986766
Rincon,1990-1994,2,45,5,0.002432813782701063,2.5,0.012090533869907999,95603.61735438951,1155.8987737089628,475128.33983767516,0.9842486965877314,3527154.087198033,36.893521236998346
Rincon,1990-1994,2,50,5,0.0039296039665739895,2.5,0.01945687529700929,94447.71858068055,1837.6574825113203,467644.44919712446,0.9753015371006092,3052025.747360358,32.314446481343126
Rincon,1990-1994,2,55,5,0.006100453005405833,2.5,0.03004405910044443,92610.06109816923,2782.3821489291586,456094.35011852323,0.9634691769527881,2584381.298163234,27.906053268053867
Rincon,1990-1994,2,60,5,0.008834611855876758,2.5,0.043218512325914095,89827.67894924007,3882.2186498759984,439432.84812151035,0.9463457181623139,2128286.9480447103,23.692997224690235
Rincon,1990-1994,2,65,5,0.013343010526552516,2.5,0.0645614426118154,85945.46029936407,5548.762902863455,415855.39423966175,0.9146379567474494,1688854.0999232,19.65030024902544
Rincon,1990-1994,2,70,5,0.02274321399085728,2.5,0.1075982451670964,80396.69739650062,8650.543557093522,380357.1280897693,0.8609545236579612,1272998.7056835382,15.833967649260021
Rincon,1990-1994,2,75,5,0.03818433569090437,2.5,0.1742843483014858,71746.1538394071,12504.23166503921,327470.19003443746,0.782230429183428,892641.577593769,12.441664532872549
Rincon,1990-1994,2,80,5,0.06254358154641938,2.5,0.2704332479863531,59241.922174367886,16020.985430569068,256157.14729541674,0.5467620036434957,565171.3875593315,9.540058236055401
Rincon,1990-1994,2,85,NA,0.13379369696105206,7.1496423618872855,1,43220.93674379882,43220.93674379882,309014.24026391475,0,309014.24026391475,7.1496423618872855
Rincon,1995-1999,1,0,1,0.013298520047296498,0.12275346817162221,0.013145167464289823,100000,1314.5167464289843,98846.84474316485,0.9863025492293326,7177850.348160887,71.77850348160887
Rincon,1995-1999,1,1,4,4.649098223933955e-4,1.6133936104300948,0.0018575782011368462,98685.48325357102,183.31600246048765,394304.42987150146,0.9981733292046686,7079003.503417723,71.73297702994795
Rincon,1995-1999,1,5,5,2.1158877325607665e-4,2.5,0.0010573845395364322,98502.16725111053,104.15466876215942,492250.44958364725,0.9987635290856373,6684699.0735462215,67.86347204427481
Rincon,1995-1999,1,10,5,2.833499464564195e-4,2.5,0.0014157468527947596,98398.01258234837,139.30667663471831,491641.7962201551,0.9971232643875207,6192448.623962574,62.932659526839245
Rincon,1995-1999,1,15,5,8.698466172765841e-4,2.5,0.004339795694870784,98258.70590571365,426.4227088731859,490227.4727563853,0.9938976641849089,5700806.827742418,58.01833817364494
Rincon,1995-1999,1,20,5,0.001580733877715993,2.5,0.007872558339401496,97832.28319684046,770.1903569439746,487235.9400918424,0.9908840162961345,5210579.354986033,53.260326598963715
Rincon,1995-1999,1,25,5,0.0020846633610576834,2.5,0.010369275682548132,97062.09283989649,1006.4635989819653,482794.30520202755,0.9884970502140337,4723343.414894191,48.6631111765262
Rincon,1995-1999,1,30,5,0.002545800771771609,2.5,0.012648502440670013,96055.62924091452,1214.9598608937958,477240.7465523381,0.9861555122427866,4240549.109692164,44.146804754738085
Rincon,1995-1999,1,35,5,0.003033998486008646,2.5,0.015055794287359465,94840.66938002073,1427.901608261076,470633.59287945094,0.9824738775647276,3763308.3631398254,39.68032266896473
Rincon,1995-1999,1,40,5,0.004047385461236693,2.5,0.020034211861643086,93412.76777175965,1871.4511801218905,462385.21090849355,0.9781425454572666,3292674.7702603745,35.248658709112874
Rincon,1995-1999,1,45,5,0.004800523581827787,2.5,0.023717971208885517,91541.31659163776,2171.1743113439443,452278.64717982896,0.9653247926706093,2830289.559351881,30.918165313021355
Rincon,1995-1999,1,50,5,0.009395344881630113,2.5,0.04589864051505823,89370.14228029382,4101.968033302823,436595.79131821205,0.9462458522946873,2378010.912172052,26.608561332641017
Rincon,1995-1999,1,55,5,0.01279404730930829,2.5,0.06198755719808943,85268.174246991,5285.565828311999,413126.95666417497,0.9293712255701727,1941415.12085384,22.768343968879456
Rincon,1995-1999,1,60,5,0.016632172416506028,2.5,0.07984103733534477,79982.608418679,6385.894424934013,383948.30603105994,0.9002542618662193,1528288.1641896649,19.10775597852034
Rincon,1995-1999,1,65,5,0.025843946341087908,2.5,0.12137754481726366,73596.71399374498,8932.988451179117,345651.0988407771,0.8338110724196768,1144339.858158605,15.54879010299105
Rincon,1995-1999,1,70,5,0.048730013350782864,2.5,0.21719079134869218,64663.725542565866,14044.365722144517,288207.71340746805,0.7725761078857615,798688.7593178279,12.351418861446191
Rincon,1995-1999,1,75,5,0.054673634175027276,2.5,0.2404961716077013,50619.35982042135,12173.762246044033,222662.39348699665,0.6947302308185421,510481.0459103598,10.084699761540971
Rincon,1995-1999,1,80,5,0.09706540827812221,2.5,0.390553865393149,38445.597574377316,15015.076740022538,154690.29602183023,0.462542490837979,287818.6524233632,7.4863877942473325
Rincon,1995-1999,1,85,NA,0.1741144164253564,5.681835130456628,1,23430.52083435478,23430.52083435478,133128.35640153292,0,133128.35640153292,5.681835130456628
Rincon,1995-1999,2,0,1,0.007958534820695001,0.13267306213907018,0.007903976424895636,100000,790.3976424895664,99314.46683304703,0.9918177373142616,8030124.568597284,80.30124568597284
Rincon,1995-1999,2,1,4,2.472044911308884e-4,1.5111402303566948,9.882099611183434e-4,99209.60235751043,98.03991728827532,396594.40182408376,0.9990139067201257,7930810.101764237,79.93994445401437
Rincon,1995-1999,2,5,5,1.113850767596953e-4,2.5,5.567703440297083e-4,99111.56244022216,55.18237871717429,495419.8562543179,0.999380620362308,7534215.699940153,76.01752524569791
Rincon,1995-1999,2,10,5,1.3645129346968342e-4,2.5,6.820238097708662e-4,99056.38006150498,67.55880971165607,495113.0032832457,0.9984023138687239,7038795.843685836,71.05848042615109
Rincon,1995-1999,2,15,5,5.034274781407076e-4,2.5,0.0025139733825033715,98988.82125179333,248.85526179238514,494321.96810448566,0.9966957810326671,6543682.840402589,66.10527085434953
Rincon,1995-1999,2,20,5,8.209727826325147e-4,2.5,0.00409645621551711,98739.96599000094,404.48394739968353,492688.6200815055,0.9952915543247906,6049360.872298104,61.265575814667606
Rincon,1995-1999,2,25,5,0.0010674314303531426,2.5,0.005322952434937396,98335.48204260126,523.4350935794064,490368.8224790578,0.9941178719635637,5556672.252216598,56.50729662167432
Rincon,1995-1999,2,30,5,0.0012930255259191198,2.5,0.0064442960314325445,97812.04694902185,630.3297859798913,487484.4102801595,0.9928716370418091,5066303.429737541,51.79631331484169
Rincon,1995-1999,2,35,5,0.001569507677749896,2.5,0.007816866807573392,97181.71716304196,759.6565391947661,484009.4444672229,0.9919007368984077,4578819.019457381,47.116053853787
Rincon,1995-1999,2,40,5,0.0016838353887200209,2.5,0.008383884241149655,96422.0606238472,808.3913945634558,480089.32463282737,0.9892979427518425,4094809.574990158,42.46755927530371
Rincon,1995-1999,2,45,5,0.002625081280689942,2.5,0.013039829870210531,95613.66922928374,1246.7859800164442,474951.38119637757,0.9844899654510908,3614720.250357331,37.805475718007955
Rincon,1995-1999,2,50,5,0.0036353164221780377,2.5,0.018012875852397997,94366.8832492673,1699.818952546775,467584.8688649696,0.9771694444190202,3139768.869160953,33.27193567331611
Rincon,1995-1999,2,55,5,0.0056253353413870085,2.5,0.027736607412121084,92667.06429672052,2570.269982431928,456909.64652752277,0.9637814095344982,2672184.0002959836,28.836394252650905
Rincon,1995-1999,2,60,5,0.00919513569896939,2.5,0.04494254646142192,90096.79431428859,4049.1793644950812,440361.0231602052,0.9467351277427047,2215274.353768461,24.587715585538177
Rincon,1995-1999,2,65,5,0.012792187433484726,2.5,0.061978825292307624,86047.61494979351,5333.130093793006,416905.24951448507,0.915041075433125,1774913.3306082555,20.627106650705777
Rincon,1995-1999,2,70,5,0.02315894112538561,2.5,0.10945741126865811,80714.4848560005,8834.798564221128,381485.4278694497,0.873959440886931,1358008.0810937705,16.82483736985423
Rincon,1995-1999,2,75,5,0.031188269437515473,2.5,0.14466195696000975,71879.68629177938,10398.256084640387,333402.7912472959,0.8100760450257061,976522.6532243207,13.585516348253764
Rincon,1995-1999,2,80,5,0.05528038117801777,2.5,0.2428410424142689,61481.43020713899,14930.214600621752,270081.61453414056,0.580044668961275,643119.8619770248,10.460392020977224
Rincon,1995-1999,2,85,NA,0.11161953880253137,8.013501743886971,1,46551.21560651724,46551.21560651724,373038.24744288425,0,373038.24744288425,8.013501743886971
Rincon,2000-2004,1,0,1,0.01260844891696943,0.12413047060863336,0.012470730201044992,100000,1247.0730201044935,98907.72674076441,0.9870985338404057,7472928.698757664,74.72928698757664
Rincon,2000-2004,1,1,4,3.9335521235940173e-4,1.6154256899042514,0.001571946387723045,98752.9269798955,155.23430684312189,394641.5401794384,0.9984182828186011,7374020.9720169,74.67141681297336
Rincon,2000-2004,1,5,5,1.784625037016266e-4,2.5,8.919145852332112e-4,98597.69267305238,87.94072016543942,492768.61156484834,0.9990086740257932,6979379.431837462,70.78643772102171
Rincon,2000-2004,1,10,5,2.1828427685449914e-4,2.5,0.0010908261088016613,98509.75195288695,107.45700940178358,492280.11724093027,0.9975927432038695,6486610.820272613,65.84739776194833
Rincon,2000-2004,1,15,5,7.464152547925502e-4,2.5,0.003725125048557119,98402.29494348516,366.5608537294902,491095.0725831021,0.9944819329196041,5994330.703031683,60.91657421683482
Rincon,2000-2004,1,20,5,0.0014689171607945742,2.5,0.00731771301839664,98035.73408975567,717.3973676166788,488385.17702973663,0.9921688075573639,5503235.630448581,56.13499691255585
Rincon,2000-2004,1,25,5,0.0016766903006711768,2.5,0.008348457060906903,97318.33672213899,812.4579553636431,484560.5387222859,0.990783018316742,5014850.453418844,51.53037569617663
Rincon,2000-2004,1,30,5,0.002028801801676981,2.5,0.010092818189069947,96505.87876677535,974.0162885695026,480094.35311245295,0.9882690501446271,4530289.914696558,46.943149708473804
Rincon,2000-2004,1,35,5,0.0026951953418781955,2.5,0.013385783456343659,95531.86247820585,1278.7688243144657,474462.39033024304,0.9855298275214304,4050195.5615841052,42.39627969681944
Rincon,2000-2004,1,40,5,0.0031382851773529208,2.5,0.015569273833529818,94253.09365389138,1467.4522247547575,467596.83770757,0.9810715504005976,3575733.1712538623,37.93756822862899
Rincon,2000-2004,1,45,5,0.004518625232377756,2.5,0.022340752442644683,92785.64142913662,2072.901045400329,458745.9545321823,0.9719065932666002,3108136.3335462925,33.49803143754819
Rincon,2000-2004,1,50,5,0.006912945654993766,2.5,0.033977516462968434,90712.7403837363,3082.1936297893844,445858.217844208,0.9614544456574443,2649390.37901411,29.206375728553276
Rincon,2000-2004,1,55,5,0.008846260080697388,2.5,0.04327426196317084,87630.54675394691,3792.1472362061904,428672.3656792191,0.9480061081030052,2203532.161169902,25.145708235246794
Rincon,2000-2004,1,60,5,0.012606771808691747,2.5,0.06110792488174174,83838.39951774072,5123.190619935558,406384.02103886474,0.9208536097382645,1774859.795490683,21.170010468951187
Rincon,2000-2004,1,65,5,0.020689264932585293,2.5,0.09835889173877879,78715.20889780516,7742.340710174569,374220.1927135894,0.8811219630703259,1368475.7744518183,17.385150768366643
Rincon,2000-2004,1,70,5,0.030486074533521063,2.5,0.14163558979953564,70972.868187630593,10052.284045519758,329733.63082435355,0.8239551850125972,994255.5817382289,14.008953098946497
Rincon,2000-2004,1,75,5,0.048463620580079955,2.5,0.21613178129094662,60920.584142110834,13166.874367919416,271685.73479075567,0.7297323791788143,664521.9509138754,10.908003596349797
Rincon,2000-2004,1,80,5,0.08173328942250375,2.5,0.33933004513964427,47753.70977419142,16204.268493261843,198257.87763780248,0.4953167006993417,392836.2161231197,8.226297349058077
Rincon,2000-2004,1,85,NA,0.17068615988884472,6.167409963070639,1,31549.441280929575,31549.441280929575,194578.3384853172,0,194578.3384853172,6.167409963070639
Rincon,2000-2004,2,0,1,0.0062182147064131655,0.13624988986035022,0.006184995198404295,100000,618.4995198404358,99465.7709716165,0.9935806676213732,8227269.576718952,82.27269576718952
Rincon,2000-2004,2,1,4,2.0393238138218992e-4,1.5139370128121963,8.153161694070554e-4,99381.50048015956,81.02734428140684,397324.5628390701,0.9991801210685836,8127803.805747336,81.78387090633596
Rincon,2000-2004,2,5,5,9.616750815734665e-5,2.5,4.8072196620271775e-4,99300.47313587816,47.73591869074153,496383.0258826639,0.9994650216233905,7730479.242908265,77.84936968356874
Rincon,2000-2004,2,10,5,1.1788690943387741e-4,2.5,5.892608818088702e-4,99252.73721718742,58.485755454559694,496117.4716973007,0.998751441104341,7234096.217025601,72.88560920184764
Rincon,2000-2004,2,15,5,3.820136153273938e-4,2.5,0.0019082456371000657,99194.25146173286,189.28699757724826,495498.03981472115,0.9972578679310219,6737978.745328301,67.92710914228408
Rincon,2000-2004,2,20,5,7.168047856538442e-4,2.5,0.003577612803322626,99004.96446415561,354.2014284594479,494139.3187496294,0.9960791177779416,6242480.70551358,63.0521988397223
Rincon,2000-2004,2,25,5,8.549000656385432e-4,2.5,0.00426538413524972,98650.76303569616,420.78339958273864,492201.85667952395,0.9952789675624236,5748341.38676395,58.26960897082923
Rincon,2000-2004,2,30,5,0.0010384153017150499,2.5,0.005178632580291912,98229.97963611342,508.6969729049888,489878.1557483046,0.9936985389216251,5256139.5300844265,53.508506767032365
Rincon,2000-2004,2,35,5,0.0014915681885206255,2.5,0.0074301345617313625,97721.28266320843,726.08227973264,486791.20761671057,0.9918367158931041,4766261.374336122,48.774036161219925
Rincon,2000-2004,2,40,5,0.001788344216155105,2.5,0.008901921829733353,96995.20038347579,863.4436916730192,482817.3926881964,0.989412183623776,4279470.166719411,44.12043224613479
Rincon,2000-2004,2,45,5,0.002472965640440218,2.5,0.012288853421521516,96131.75669180277,1181.3490671389445,477705.41079116653,0.9859215014752011,3796652.7740312144,39.49426188271204
Rincon,2000-2004,2,50,5,0.0032035347284276377,2.5,0.01589040994189367,94950.40762466383,1508.8009013058181,470980.0358700546,0.9809172681641185,3318947.363240048,34.954535175454424
Rincon,2000-2004,2,55,5,0.004515730479712429,2.5,0.022326600126809683,93441.60672335801,2086.2333885190164,461992.4501454925,0.9717147124500597,2847967.3273699936,30.478578304005925
Rincon,2000-2004,2,60,5,0.006996276225068607,2.5,0.034380050303947605,91355.373334839,3140.8023307876865,448924.86084722576,0.9582639841117979,2385974.8772245008,26.117510006547068
Rincon,2000-2004,2,65,5,0.010120520327393164,2.5,0.049353884167093624,88214.57100405131,4353.731719183794,430188.525722297,0.9341139971342789,1937050.016377275,21.95839070949305
Rincon,2000-2004,2,70,5,0.01737890757305688,2.5,0.08327640548062397,83860.83928486751,6983.629256232074,401845.1232837574,0.8974256388262819,1506861.4906549782,17.96859539571634
Rincon,2000-2004,2,75,5,0.02635409093879095,2.5,0.12362536914216896,76877.21002863544,9503.973468410099,360626.116472152,0.8338011262656893,1105016.3673712206,14.373783426318685
Rincon,2000-2004,2,80,5,0.04812353604586928,2.5,0.21477798943790993,67373.23656022534,14470.288290329889,300690.46207530197,0.5960580331188776,744390.2508990687,11.048753019808597
Rincon,2000-2004,2,85,NA,0.10281129356768173,8.387052202840179,1,52902.94826989545,52902.94826989545,443699.7888237667,0,443699.7888237667,8.387052202840179
Rincon,2005-2009,1,0,1,0.013235460825901126,0.1228792996949556,0.013083572369494683,100000,1308.357236949465,98852.41278407771,0.9865671075392223,7568283.255165904,75.68283255165903
Rincon,2005-2009,1,1,4,3.5635574633500144e-4,1.6135791964507125,0.0014242118145822353,98691.642763050535,140.55780362366932,394431.1409855334,0.9985081608424866,7469430.842381827,75.6845324817952
Rincon,2005-2009,1,5,5,1.6873148990679445e-4,2.5,8.43301720644559e-4,98551.08495942687,83.10829951765481,492547.6540483402,0.9990386968323889,7074999.701396293,71.79017566685386
Rincon,2005-2009,1,10,5,2.1599741613801798e-4,2.5,0.0010794042093895985,98467.97665990921,106.28674849678646,492074.1664283041,0.9976844975815985,6582452.047347953,66.84865750905561
Rincon,2005-2009,1,15,5,7.118518458932949e-4,2.5,0.0035529363187743225,98361.68991141242,349.4728204622661,490934.76750590646,0.9951936239730598,6090377.880919648,61.918190775339774
Rincon,2005-2009,1,20,5,0.0012165457411688308,2.5,0.006064285005602155,98012.21709095016,594.3740184704802,488575.1504085746,0.9927904545887838,5599443.113413742,57.13005255475197
Rincon,2005-2009,1,25,5,0.001679379989615449,2.5,0.00836179337689112,97417.84307247968,814.5878749944823,485052.7456749122,0.99153391047958,5110867.963005167,52.463366071476656
Rincon,2005-2009,1,30,5,0.0017216313032873954,2.5,0.008571265120586037,96603.2551974852,828.0121118092793,480946.2457079028,0.9897799115937829,4625815.217330256,47.884672290532464
Rincon,2005-2009,1,35,5,0.0023908386414803525,2.5,0.011883166374026356,95775.24308567592,1138.1131480998883,476030.93255812983,0.9870468458835183,4144868.9716223525,43.27703943193913
Rincon,2005-2009,1,40,5,0.002827042117352157,2.5,0.014036009610936592,94637.12993757603,1328.3276653552748,469864.8305244919,0.9840745563775093,3668838.0390642225,38.767427134405274
Rincon,2005-2009,1,45,5,0.0036004744850703764,2.5,0.017841775283658948,93308.80227222075,1664.7946821283258,462382.02465578297,0.9752599603475992,3198973.208539731,34.283723835689045
Rincon,2005-2009,1,50,5,0.0064552443777616654,2.5,0.031763617111861535,91644.00759009243,2910.9451676882163,450942.67503124155,0.9613941185661603,2736591.183883948,29.861103369946896
Rincon,2005-2009,1,55,5,0.009347995813806095,2.5,0.04567261063644282,88733.06242240421,4052.670610597648,433533.63558552694,0.9492225259902668,2285648.5088527063,25.758701959052445
Rincon,2005-2009,1,60,5,0.011549445456585766,2.5,0.05612664812983748,84680.39181180656,4752.8265547180345,411519.8926722377,0.9315788512304811,1852114.8732671794,21.871826920490797
Rincon,2005-2009,1,65,5,0.016980864293266448,2.5,0.08144673172015708,79927.56525708853,6509.8389645394345,383363.2288740941,0.8873917678755555,1440594.9805949416,18.02375658461809
Rincon,2005-2009,1,70,5,0.0316234943487178,2.5,0.14653277573054682,73417.7262925491,10758.10322147276,340193.37340906356,0.8265325981704381,1057231.7517208476,14.400224647492825
Rincon,2005-2009,1,75,5,0.04568902238907196,2.5,0.20502646506373645,62659.623071076334,12846.88102048893,281180.91280415934,0.7472804805037416,717038.3783117839,11.443387993228587
Rincon,2005-2009,1,80,5,0.07413385851064518,2.5,0.3127127800723421,49812.7420505874,15577.081049665649,210121.00762877287,0.5179134826013502,435857.4655076246,8.749919148497968
Rincon,2005-2009,1,85,NA,0.16811544511331383,6.593605944187088,1,34235.661000921755,34235.661000921755,225736.45787885174,0,225736.45787885174,6.593605944187088
Rincon,2005-2009,2,0,1,0.006987925682063689,0.13466792598342495,0.00694592453613567,100000,694.5924536135572,99398.94687151832,0.9928649490937571,8138435.592369291,81.38435592369291
Rincon,2005-2009,2,1,4,1.9047547304746059e-4,1.5126989807797073,7.615410969875039e-4,99305.40754638644,75.62514899966482,397033.5276753602,0.9992048955190568,8039036.645497772,80.95265750500712
Rincon,2005-2009,2,5,5,8.963279352631516e-5,2.5,4.480635646591314e-4,99229.78239738678,44.46125002132612,496037.7588618806,0.999501657444859,7642003.117822412,77.01320040407208
Rincon,2005-2009,2,10,5,1.0975892607375794e-4,2.5,5.486440839051743e-4,99185.32114736545,54.41743965772912,495790.5621376829,0.9988353927398174,7145965.358960532,72.04660202030652
Rincon,2005-2009,2,15,5,3.5649915950871356e-4,2.5,0.0017809085665257472,99130.90370770772,176.5430756205169,495213.16084948735,0.997414124162521,6650174.796822849,67.08477929779811
Rincon,2005-2009,2,20,5,6.796085588340569e-4,2.5,0.0033922792391580677,98954.3606320872,335.6808231963805,493932.60110244504,0.9961280728716012,6154961.635973361,62.20000408933507
Rincon,2005-2009,2,25,5,8.725407065578747e-4,2.5,0.00435320765558039,98618.67980889083,429.307591927296,492020.1300646359,0.995288677308089,5661029.034870916,57.40321251350349
Rincon,2005-2009,2,30,5,0.0010167787429708908,2.5,0.00507100349346025,98189.37221696353,497.9186495328904,489702.06446098536,0.9942283831714683,5169008.9048062805,52.643262586348065
Rincon,2005-2009,2,35,5,0.0012993674394216404,2.5,0.006475801084425019,97691.45356743064,632.6304209510126,486875.69178477564,0.9927628952534062,4679306.840345295,47.89883525599756
Rincon,2005-2009,2,40,5,0.0016071052482362078,2.5,0.008003370593968174,97058.82314647963,776.7977310556889,483352.1214047589,0.9906656247597107,4192431.1485605193,43.194745337406054
Rincon,2005-2009,2,45,5,0.0021466827905685967,2.5,0.010676118353991517,96282.02541542394,1027.9182986970845,478840.33133037697,0.9870391086822984,3709079.0271557607,38.523068154750135
Rincon,2005-2009,2,50,5,0.00307756167895656,2.5,0.015270320015519884,95254.10711672685,1454.5606984650367,472634.1338374717,0.9804966030488708,3230238.6958253835,33.911804893273164
Rincon,2005-2009,2,55,5,0.004817759782957298,2.5,0.023802116713161674,93799.54641826182,2232.627751489097,463416.16271258635,0.9725335450159661,2757604.561987912,29.398911479715153
Rincon,2005-2009,2,60,5,0.006343043118944483,2.5,0.031220138877031307,91566.91866677272,2858.7319173184806,450687.76354056736,0.9567368231230077,2294188.3992753252,25.05477341248382
Rincon,2005-2009,2,65,5,0.01145793426876711,2.5,0.05569431679148377,88708.18674945424,4940.541854822193,431189.5791102157,0.9281315791568205,1843500.635734758,20.781629106471392
Rincon,2005-2009,2,70,5,0.018628214422152994,2.5,0.08899645929439401,83767.64489463205,7455.023799052375,400200.6649755293,0.885955902670769,1412311.0566245425,16.859863475940283
Rincon,2005-2009,2,75,5,0.030463620625110238,2.5,0.1415386535144206,76312.62109557967,10801.185636024522,354560.14138783707,0.8118283104775946,1012110.391649013,13.26268678914029
Rincon,2005-2009,2,80,5,0.05519030884435807,2.5,0.24249333859710592,65511.43545955515,15886.08670087636,287841.96054558485,0.5622510060162622,657550.250261176,10.037182755171475
Rincon,2005-2009,2,85,NA,0.11035702586768219,7.4499887449341955,1,49625.34875867879,49625.34875867879,369708.2897155911,0,369708.2897155911,7.4499887449341955
Rincon,2010-2014,1,0,1,0.009525917012352227,0.13028150889770176,0.009447644541699224,100000,944.7644541699265,99178.32088447224,0.9901863069840647,7769983.223414403,77.69983223414404
Rincon,2010-2014,1,1,4,3.254815453784846e-4,1.6245342469958604,0.0013009203485842143,99055.23554583007,128.86297155536886,395914.83260756015,0.9986846718104962,7670804.902529931,77.43967151520089
Rincon,2010-2014,1,5,5,1.5364340590602737e-4,2.5,7.679220641266299e-4,98926.3725742747,75.96774422380258,494441.943510814,0.999124982527732,7274890.069922371,73.538429446205825
Rincon,2010-2014,1,10,5,1.9653555504578355e-4,2.5,9.821951845395257e-4,98850.4048300509,97.09039161386318,494009.2981712199,0.9978045092073511,6780448.126411557,68.5930233474398
Rincon,2010-2014,1,15,5,6.831606348975929e-4,2.5,0.0034099792654879685,98753.31443843704,336.7467546332773,492924.705305602,0.9956035227756542,6286438.828240337,63.65800341981749
Rincon,2010-2014,1,20,5,0.0010801792382599735,2.5,0.005386350630995892,98416.56768380376,530.1061414441065,490757.57306540856,0.9939819384912715,5793514.122934735,58.86726451940839
Rincon,2010-2014,1,25,5,0.0013350799585410188,2.5,0.0066531934296844225,97886.46154235966,651.2575627886836,487804.1638048266,0.9921941910877558,5302756.549869327,54.17252259726027
Rincon,2010-2014,1,30,5,0.0018013042430708626,2.5,0.008966144330786734,97235.20397957097,871.8248729143234,483996.45771556906,0.9904244757197431,4814952.3860645,49.51861248808731
Rincon,2010-2014,1,35,5,0.002048521132878369,2.5,0.01019041745064062,96363.37910665665,981.9830600511632,479361.9378831553,0.9884391262641773,4330955.928348931,44.944002259980465
Rincon,2010-2014,1,40,5,0.002605955483759696,2.5,0.012945439322319287,95381.39604660549,1234.7540749994369,473820.09504552884,0.9847956060279766,3851593.9904657756,40.38097731955821
Rincon,2010-2014,1,45,5,0.003529465488852867,2.5,0.017492975312606338,94146.64197160605,1646.9048837740847,466615.94764859503,0.9770131659947594,3377773.8954202468,35.87779473259343
Rincon,2010-2014,1,50,5,0.005798558617657139,2.5,0.028578507707911958,92499.73708783196,2643.504449344444,455889.92431579874,0.966651237364212,2911157.9477716517,31.47206726660637
Rincon,2010-2014,1,55,5,0.007801103588529037,2.5,0.03825935496437668,89856.23263848752,3437.8415002775,440686.5594417438,0.9521052193194388,2455268.023455853,27.32440423285902
Rincon,2010-2014,1,60,5,0.011928102538722866,2.5,0.057913516777368106,86418.39113821002,5004.792945055888,419579.9733284104,0.9324130585133644,2014581.464014109,23.311952901230985
Rincon,2010-2014,1,65,5,0.01620169721777315,2.5,0.0778550271470699,81413.59819315413,6338.457897468659,391221.84622209903,0.9074981653258432,1595001.4906856986,19.591340096546897
Rincon,2010-2014,1,70,5,0.022919094987284568,2.5,0.10838524558922387,75075.14029568547,8137.037518593308,355033.10768194403,0.8590643872967321,1203779.6444635997,16.034330934614054
Rincon,2010-2014,1,75,5,0.03894370502227187,2.5,0.17744282274327583,66938.10277709216,11877.685905846745,304996.29912084393,0.7807892679789471,848746.5367816556,12.679572643521608
Rincon,2010-2014,1,80,5,0.06242476656001319,2.5,0.269988854725028,55060.41687124542,14865.698891750159,238137.83712685172,0.562045548428062,543750.2376608116,9.875519811851952
Rincon,2010-2014,1,85,NA,0.1370851359742427,7.603297544962589,1,40194.71797949526,40194.71797949526,305612.40053395997,0,305612.40053395997,7.603297544962589
Rincon,2010-2014,2,0,1,0.006761716172583739,0.1351328476019738,0.0067224036487377415,100000,672.2403648737818,99418.60138990461,0.9931162980256304,8398264.452731902,83.98264452731902
Rincon,2010-2014,2,1,4,1.736333492018385e-4,1.5130626492635038,6.94233616136885e-4,99327.75963512622,68.95666975426138,397139.5476229106,0.9992642333991759,8298845.851341998,83.55011611886994
Rincon,2010-2014,2,5,5,8.159466710562345e-5,2.5,4.078901313794033e-4,99258.80296537196,40.486686182106496,496192.7981114045,0.9995342927106404,7901706.3037190875,79.60710856522948
Rincon,2010-2014,2,10,5,1.0473702543442282e-4,2.5,5.235480400111571e-4,99218.31627918985,51.94555502118601,495961.7175083963,0.9989265167993547,7405513.505607683,74.63857262775304
Rincon,2010-2014,2,15,5,3.2500514238409156e-4,2.5,0.0016237064295721254,99166.37072416866,161.01707374217222,495429.31093648786,0.9977035028737484,6909551.788099287,69.67636041978596
Rincon,2010-2014,2,20,5,5.949600321205713e-4,2.5,0.0029703820141564747,99005.35365042649,294.0837217884109,494291.5589476614,0.9966650217092416,6414122.477162799,64.78561250142222
Rincon,2010-2014,2,25,5,7.415041845407277e-4,2.5,0.0037006607840612705,98711.26992863808,365.2969255698117,492643.10732926585,0.9959134880034595,5919830.918215137,59.97117575829786
Rincon,2010-2014,2,30,5,8.967652560524494e-4,2.5,0.004473796417288057,98345.97300306827,439.97986167581985,490629.9153611518,0.9948056775017322,5427187.810885872,55.18464706955058
Rincon,2010-2014,2,35,5,0.0011871300797362382,2.5,0.005918086552279458,97905.99314139245,579.4161413976399,488081.42535346816,0.9934831659807185,4936557.89552472,50.421406669104655
Rincon,2010-2014,2,40,5,0.0014289155333347028,2.5,0.007119146020840373,97326.57699999481,692.8821133715246,484900.6797165453,0.9917348136484095,4448476.470171251,45.70669808074611
Rincon,2010-2014,2,45,5,0.0018928033799637221,2.5,0.009419444011164332,96633.69488662329,910.2356785765005,480892.88523667515,0.9889311896068408,3963575.790454706,41.016498387079395
Rincon,2010-2014,2,50,5,0.002563091147228979,2.5,0.01273386062256553,95723.45920804678,1218.9291878650984,475569.97307057114,0.9841430383961479,3482682.9052180313,36.38275229532519
Rincon,2010-2014,2,55,5,0.0038405936402005018,2.5,0.01902034466412387,94504.53002018169,1797.5087333049014,468028.8782676461,0.9754356868538987,3007112.93214746,31.819775533567366
Rincon,2010-2014,2,60,5,0.006135854673867925,2.5,0.030215774368382672,92707.02128687678,2801.2144375690987,456532.07034046116,0.9641096127545243,2539084.0538798138,27.388260550651903
Rincon,2010-2014,2,65,5,0.008526312895933485,2.5,0.041741805248688826,89905.80684930769,3752.8306802300503,440146.9575459633,0.9423184959714995,2082551.9835393527,23.163709403442045
Rincon,2010-2014,2,70,5,0.015436700836981837,2.5,0.0743155373893614,86152.97616907764,6402.504721697842,414758.61904114357,0.9068863278408448,1642405.0259933893,19.063822273186748
Rincon,2010-2014,2,75,5,0.024047962084292916,2.5,0.11342095345107507,79750.4714473798,9045.374509734553,376138.92096256255,0.8519631202913712,1227646.4069522459,15.39359435338586
Rincon,2010-2014,2,80,5,0.04127736161529094,2.5,0.18708125639709053,70705.09693764524,13227.598368772757,320456.48876629426,0.6236598103493632,851507.4859896833,12.043084909997747
Rincon,2010-2014,2,85,NA,0.11418323695196954,9.239285119324677,1,57477.498568872485,57477.498568872485,531050.997223389,0,531050.997223389,9.239285119324677
Rincon,2015-2019,1,0,1,0.009280806063363156,0.130770615540862,0.00920653556603192,100000,920.6535566031962,99199.7408756937,0.9904468652693348,7885336.355033682,78.85336355033682
Rincon,2015-2019,1,1,4,3.1228993684731386e-4,1.6252607083395458,0.0012482340480526285,99079.3464433968,123.67421368944633,396023.6917589737,0.9987512509240951,7786136.614157988,78.58486045430409
Rincon,2015-2019,1,5,5,1.4018322478509578e-4,2.5,7.006705682760466e-4,98955.67222970736,69.33532709533756,494605.0228307984,0.9992212490140547,7390112.922399014,74.68104410674134
Rincon,2015-2019,1,10,5,1.7145068698453463e-4,2.5,8.568861506246928e-4,98886.33690261202,84.73433257784927,494219.84868161543,0.9982069400780501,6895507.899568216,69.73165470128842
Rincon,2015-2019,1,15,5,5.467536438414107e-4,2.5,0.002730036575593239,98801.60257003417,269.7319887434278,493333.6828783123,0.9958349435022019,6401288.0508866,64.78931398252507
Rincon,2015-2019,1,20,5,0.0011239502716599594,2.5,0.005604004801502216,98531.87058129074,552.1730758385384,491278.92021685734,0.9930541150082876,5907954.368008288,59.95983160731845
Rincon,2015-2019,1,25,5,0.0016659753985423383,2.5,0.00829532746401693,97979.6975054522,812.773675633056,487866.5533381784,0.9919310372911012,5416675.44779143,55.283651467591156
Rincon,2015-2019,1,30,5,0.001574312755936999,2.5,0.007840704477000809,97166.92382981915,761.8571346888493,483929.97631237365,0.9910812355969887,4928808.894453252,50.72517169613916
Rincon,2015-2019,1,35,5,0.0020111297981208792,2.5,0.010005343877572815,96405.0666951303,964.5658438251266,479613.91886608873,0.9877721409156444,4444878.918140878,46.10627916681273
Rincon,2015-2019,1,40,5,0.0029156661909412102,2.5,0.014472836057754476,95440.50085130517,1381.2947220909118,473749.2674512986,0.9845145947164657,3965264.99927479,41.546984392429074
Rincon,2015-2019,1,45,5,0.0033300633023288645,2.5,0.01651284446819284,94059.20612921426,1553.1850416134112,466413.0680420378,0.9792406434306026,3491515.731823491,37.12040400412274
Rincon,2015-2019,1,50,5,0.005079118558647332,2.5,0.02507716801952099,92506.02108760085,2319.78903363111,456730.6328539265,0.969219939887788,3025102.6637814534,32.70168393597599
Rincon,2015-2019,1,55,5,0.007462604914086779,2.5,0.03662964318239837,90186.23205396974,3303.489500101903,442672.436519594,0.9559892960609501,2568372.0309275268,28.478537936816647
Rincon,2015-2019,1,60,5,0.010608567170491162,2.5,0.05167241026457355,86882.74255386784,4489.440718154772,423190.1109739523,0.9431224947998976,2125699.594407933,24.46630403143623
Rincon,2015-2019,1,65,5,0.012874716674132577,2.5,0.06236621500024734,82393.30183571306,5138.558376866349,399120.1132363994,0.9099394718016314,1702509.4834339805,20.663202535913353
Rincon,2015-2019,1,70,5,0.02544069723602623,2.5,0.11959691398264248,77254.74345884671,9239.42890819881,363175.1450237366,0.8705244658018761,1303389.3701975811,16.87131834036691
Rincon,2015-2019,1,75,5,0.030268553588498722,2.5,0.14069609938283814,68015.3145506479,9569.489455572948,316152.8491143072,0.8127488956132265,940214.2251738445,13.823566521532586
Rincon,2015-2019,1,80,5,0.05491473246793584,2.5,0.24142868343709417,58445.82509507496,14110.498605098634,256952.8789626282,0.588257038778644,624061.3760595373,10.67760400412458
Rincon,2015-2019,1,85,NA,0.12127376018672181,8.280270523775389,1,44335.32648997632,44335.32648997632,367108.49709690915,0,367108.49709690915,8.280270523775389
Rincon,2015-2019,2,0,1,0.0055589426194860075,0.13760487200244897,0.0055324201693557375,100000,553.2420169355755,99522.88677999123,0.9943123983960305,8622534.271898406,86.22534271898405
Rincon,2015-2019,2,1,4,1.5556777176739956e-4,1.5149987523844581,6.220306186743332e-4,99446.75798306442,61.85892839336884,397633.312418024,0.9993516666154488,8523011.385118414,85.7042658602291
Rincon,2015-2019,2,5,5,7.295721242128221e-5,2.5,3.6471953980406186e-4,99384.89905467106,36.247614646694274,496833.8762367386,0.9995942475628281,8125378.072700391,81.75666675709624
Rincon,2015-2019,2,10,5,8.938002861192238e-5,2.5,4.4680030549938845e-4,99348.65144002436,44.38900781434495,496632.28468058596,0.9990473297404062,7628544.196463652,76.78558375871782
Rincon,2015-2019,2,15,5,2.919662227627752e-4,2.5,0.0014587663375701912,99304.26243221002,144.861715213352,496159.15787301667,0.9978094468302514,7131911.911783066,71.81878941653346
Rincon,2015-2019,2,20,5,5.855376965939623e-4,2.5,0.0029234090674409336,99159.40071699666,289.8834911780723,495072.2948570381,0.9968712168168302,6635752.753910049,66.92005705892322
Rincon,2015-2019,2,25,5,6.680658097447129e-4,2.5,0.003334759451789905,98869.51722581859,329.70605706270726,493523.32098643616,0.9963591377237958,6140680.459053011,62.10893540652837
Rincon,2015-2019,2,30,5,7.911596038932588e-4,2.5,0.003947989295348587,98539.81116875588,389.03411965991836,491726.4705446296,0.9955630312169016,5647157.138066575,57.308381973611134
Rincon,2015-2019,2,35,5,9.88011686355844e-4,2.5,0.00492788640837794,98150.77704909597,483.67588019197865,489544.6955449999,0.9944298103022646,5155430.667521945,52.525622542378336
Rincon,2015-2019,2,40,5,0.001247010276533614,2.5,0.006215673859721434,97667.10116890399,607.0668476903084,486817.83872529416,0.9921364349179415,4665885.971976945,47.773363969386516
Rincon,2015-2019,2,45,5,0.001913462392344073,2.5,0.009521763122610554,97060.03432121368,924.1826554790605,482989.71496737073,0.9882229501125425,4179068.133251651,43.056528492678105
Rincon,2015-2019,2,50,5,0.0028306947964731187,2.5,0.014054017397573459,96135.85166573462,1351.0949318407802,477301.52099907113,0.9836804085877379,3696078.4182842807,38.446410514316604
Rincon,2015-2019,2,55,5,0.003758478603573801,2.5,0.018617459707955884,94784.75673389384,1764.6513894216623,469512.155195915,0.9775356119505574,3218776.8972852095,33.958803168339145
Rincon,2015-2019,2,60,5,0.005347402746558601,2.5,0.02638429510254954,93020.10534447218,2454.2699098788144,458964.8519476639,0.9644967092980721,2749264.7420892944,29.55559695302659
Rincon,2015-2019,2,65,5,0.009179827622901938,2.5,0.04486940461474568,90565.83543459336,4063.6351143872453,442670.0893869987,0.9529354114384629,2290299.8901416305,25.288784442293196
Rincon,2015-2019,2,70,5,0.010122415103823452,2.5,0.049362896203861174,86502.20032020612,4269.99913581193,421836.00376150076,0.9223316201498668,1847629.8007546319,21.359338767282694
Rincon,2015-2019,2,75,5,0.022708683491547893,2.5,0.10744365743317859,82232.20118439419,8835.328454032264,389072.6847868903,0.8729709304117432,1425793.796993131,17.33863105276713
Rincon,2015-2019,2,80,5,0.03219230258961751,2.5,0.14897212373624932,73396.87273036192,10934.088006241233,339649.1436362065,0.6723813765947132,1036721.1122062408,14.124867635911995
Rincon,2015-2019,2,85,NA,0.08602478315520655,11.159796535629836,1,62462.78472412069,62462.78472412069,697071.9685700343,0,697071.9685700343,11.159796535629836
Rincon,2020-2024,1,0,1,0.010368692506382919,0.12859979253813822,0.010275847340194304,100000,1027.5847340194305,99104.56244959083,0.9894052795837824,7942747.615295375,79.42747615295374
Rincon,2020-2024,1,1,4,3.099590716863993e-4,1.6220388719639947,0.0012389231129139803,98972.41526598057,122.61921281393734,395598.0773423004,0.9987195316063545,7843643.0528457835,79.250799647221
Rincon,2020-2024,1,5,5,1.45559830535025e-4,2.5,7.275344032140245e-4,98849.79605316663,71.91662737936713,494069.1886973847,0.9991917396205093,7448044.975503483,75.34709501573005
Rincon,2020-2024,1,10,5,1.778881011654075e-4,2.5,8.890451294522161e-4,98777.87942578727,87.81799260112166,493669.85214743356,0.9980665006623386,6953975.786806098,70.40013237002809
Rincon,2020-2024,1,15,5,5.966652858340498e-4,2.5,0.0029788829390694836,98690.06143318614,293.98614025903225,492715.3418152831,0.9957722568192142,6460305.934658665,65.46055236810585
Rincon,2020-2024,1,20,5,0.00109907860857283,2.5,0.005480334746145881,98396.07529292711,539.2434303122136,490632.267888855,0.9933978016234595,5967590.592843382,60.6486648484479
Rincon,2020-2024,1,25,5,0.0015520476686415833,2.5,0.007730244074971441,97856.8318626149,756.4571947014483,487393.0163263208,0.9918792718706663,5476958.3249545265,55.96909506169019
Rincon,2020-2024,1,30,5,0.0017101310927618095,2.5,0.008514254236555018,97100.37466791345,826.7372763873718,483435.03014859883,0.9898212874263186,4989565.308628206,51.38564424383209
Rincon,2020-2024,1,35,5,0.002385636646440043,2.5,0.011857464229202622,96273.63739152608,1141.5612115852564,478514.28392866725,0.9859575173009865,4506130.278479607,46.80544332353472
Rincon,2020-2024,1,40,5,0.003277378970658923,2.5,0.01625372084605506,95132.07617994082,1546.2502097343822,471794.7553753681,0.9841399993607107,4027615.99455094,42.33709760452161
Rincon,2020-2024,1,45,5,0.0031160417085464532,2.5,0.015459775281279212,93585.82597020644,1446.815839012299,464312.09025350143,0.9774722551434516,3555821.2391755716,37.99529685518389
Rincon,2020-2024,1,50,5,0.0060309192440534285,2.5,0.02970669945669048,92139.01013119414,2737.145882204335,453852.18595045985,0.9655658469281285,3091509.1489220704,33.552662922253646
Rincon,2020-2024,1,55,5,0.008018864802776669,2.5,0.03930634338023921,89401.8642489898,3514.060375004323,438224.17030743824,0.9555104478531756,2637656.9629716105,29.50337764350831
Rincon,2020-2024,1,60,5,0.010232181215725836,2.5,0.04988482953922677,85887.80387398548,4284.498455752313,418727.7732305466,0.9425250902609746,2199432.792664172,25.608208540192486
Rincon,2020-2024,1,65,5,0.013535748609463338,2.5,0.06546349937086714,81603.30541823317,5342.0379329071875,394661.43225889787,0.924419771466761,1780705.0194336257,21.821481498906916
Rincon,2020-2024,1,70,5,0.01806142979540606,2.5,0.08640562610258064,76261.26748532598,6589.402564445976,364832.83101551497,0.8886929976605179,1386043.5871747278,18.174935099805772
Rincon,2020-2024,1,75,5,0.029775604410123942,2.5,0.13856349269052431,69671.86492088,9653.976945699556,324224.3822401512,0.8253842391464955,1021210.7561592128,14.657433919974855
Rincon,2020-2024,1,80,5,0.048547934441677355,2.5,0.21646709621840793,60017.88797518045,12991.897931149011,267609.6950480297,0.6160474507653628,696986.3739190616,11.612977354472894
Rincon,2020-2024,1,85,NA,0.11072891241015745,9.130624968639626,1,47025.99004403144,47025.99004403144,429376.6788710319,0,429376.6788710319,9.130624968639626
Rincon,2020-2024,2,0,1,0.004997245637933684,0.13875931095772404,0.004975830502988224,100000,497.5830502988247,99571.46123090488,0.9948508427410412,8571434.23652291,85.71434236522909
Rincon,2020-2024,2,1,4,1.5754984188600136e-4,1.515904323771638,6.299528236123332e-4,99502.41694970118,62.68182851371239,397853.9601396157,0.9993596845417535,8471862.775292005,85.14228131337315
Rincon,2020-2024,2,5,5,7.383797714006265e-5,2.5,3.691217476923933e-4,99439.73512118746,36.70536881800217,497106.9121838923,0.9995892689519997,8074008.815152389,81.19499519294348
Rincon,2020-2024,2,10,5,9.049160977380375e-5,2.5,4.5235571287739713e-4,99403.02975236946,44.96552838580101,496902.73494088283,0.9990358160261831,7576901.902968497,76.22405395332416
Rincon,2020-2024,2,15,5,2.9546686416812294e-4,2.5,0.00147624386797457,99358.06422398366,146.6767330445,496423.62928730703,0.9979138163194968,7079999.168027614,71.25741854296916
Rincon,2020-2024,2,20,5,5.401334255708333e-4,2.5,0.0026970252441442396,99211.38749093916,267.5756165696366,495387.9984132717,0.9969754201693724,6583575.538740307,66.35907132476679
Rincon,2020-2024,2,25,5,6.717302083200268e-4,2.5,0.0033530202291575505,98943.81187436952,331.76060276471253,493889.65786493587,0.9962305197724985,6088187.540327035,61.53176661575663
Rincon,2020-2024,2,30,5,8.392253259531907e-4,2.5,0.004187341322550217,98612.05127160481,412.9223171910271,492027.9505650465,0.9953750734010468,5594297.882462099,56.73036723527694
Rincon,2020-2024,2,35,5,0.0010154416567560768,2.5,0.005064351899073407,98199.12895441378,497.31494520763226,489752.3574090498,0.9943429885737527,5102269.931897053,51.95840315717708
Rincon,2020-2024,2,40,5,0.0012544594049302994,2.5,0.006252687667524951,97701.81400920615,610.8989275501954,486981.8227271553,0.9920858995245441,4612517.574488003,47.21015286423832
Rincon,2020-2024,2,45,5,0.0019264267198717481,2.5,0.009585966942225466,97090.91508165596,930.7103023631644,483127.7996523719,0.9886280202107547,4125535.7517608474,42.491470476832625
Rincon,2020-2024,2,50,5,0.002652529710079785,2.5,0.013175279002914375,96160.20477929279,1266.9375269445736,477633.6800791026,0.9841121787089284,3642407.952108476,37.878537805410694
Rincon,2020-2024,2,55,5,0.0037623747439101043,2.5,0.01863657923201202,94893.26725234822,1768.4858937328681,470045.12152740895,0.979493214353645,3164774.2720293733,33.35088319399244
Rincon,2020-2024,2,60,5,0.004533302987261665,2.5,0.02241250821025439,93124.78135861535,2087.159926778113,460406.00697613147,0.9705768372422462,2694729.150501964,28.936756802948068
Rincon,2020-2024,2,65,5,0.007455321246280507,2.5,0.03659454599084372,91037.62143183724,3331.480424384383,446859.4060982252,0.9517300427524213,2234323.143525833,24.542855012954636
Rincon,2020-2024,2,70,5,0.01245380635297885,2.5,0.06038885402997521,87706.14100745285,5296.473346831495,425289.5216701855,0.9198152055662593,1787463.7374276074,20.38014347565146
Rincon,2020-2024,2,75,5,0.02133049258349546,2.5,0.10125302088962088,82409.66766062136,8344.227801147601,391187.76880023774,0.8715786607863767,1362174.215757422,16.529301166061167
Rincon,2020-2024,2,80,5,0.034463949673632796,2.5,0.15865044590936464,74065.43985947376,11750.515060178746,340950.91164692194,0.6488613072660568,970986.4469571842,13.109845142342522
Rincon,2020-2024,2,85,NA,0.08270517134432842,10.11050783322762,1,62314.92479929501,62314.92479929501,630035.5353102623,0,630035.5353102623,10.11050783322762
Rio Grande,1980-1984,1,0,1,0.021267278939307882,0.10685220824055808,0.02087084100395631,100000,2087.0841003956302,98135.92544451541,0.9785788703439853,7121733.540339171,71.21733540339171
Rio Grande,1980-1984,1,1,4,5.284697923439279e-4,1.5901161560550796,0.00211119046104431,97912.91589960437,206.7128140602872,391153.5097274772,0.9978170212937283,7023597.6148946555,71.73310640749732
Rio Grande,1980-1984,1,5,5,2.537280998935958e-4,2.5,0.0012678362852389042,97706.20308554408,123.87546956476581,488221.3267538085,0.9985049657639304,6632444.105167178,67.88150491694286
Rio Grande,1980-1984,1,10,5,3.448010839594091e-4,2.5,0.0017225206023699466,97582.32761597932,168.08756974575226,487491.4191555322,0.9969497654373145,6144222.77841337,62.96450318948162
Rio Grande,1980-1984,1,15,5,8.779707578654636e-4,2.5,0.004380239483879084,97414.24004623356,426.697700542587,486004.4559798114,0.9933105452285417,5656731.359257838,58.06883425434627
Rio Grande,1980-1984,1,20,5,0.0018099185187892455,2.5,0.009008829475694542,96987.54234569098,873.7442302590352,482753.35115280724,0.9906246595725928,5170726.903278027,53.31330991817585
Rio Grande,1980-1984,1,25,5,0.001958580006488788,2.5,0.009745183229860005,96113.79811543194,936.6465735526581,478227.37414327805,0.9881129968009048,4687973.552125219,48.77523980994902
Rio Grande,1980-1984,1,30,5,0.002829859825953413,2.5,0.01404990100374427,95177.15154187928,1337.2295569817652,472542.68381694204,0.9851892838174054,4209746.177981941,44.230638444034476
Rio Grande,1980-1984,1,35,5,0.0031409463114480626,2.5,0.015582373064240972,93839.92198489752,1462.2486726879288,465543.9882427678,0.9824837607826107,3737203.494164999,39.82530478623437
Rio Grande,1980-1984,1,40,5,0.003934466430700623,2.5,0.0194807165898314,92377.67331220959,1799.5832730231923,457389.40837849,0.9757084775790875,3271659.5059222314,35.41612803848151
Rio Grande,1980-1984,1,45,5,0.005926096442259931,2.5,0.02919790816209756,90578.0900391864,2644.690754462368,446278.72330977605,0.9652001212864975,2814270.097543741,31.07009759563506
Rio Grande,1980-1984,1,50,5,0.00828207007732892,2.5,0.040570334503106105,87933.39928472403,3567.487422976439,430748.27786617907,0.9519380839785084,2367991.3742339653,26.929373747585096
Rio Grande,1980-1984,1,55,5,0.011495176540825061,2.5,0.05587028571006643,84365.91186174759,4713.547599906116,410045.69030897267,0.9214338836777962,1937243.096367786,22.962391487481245
Rio Grande,1980-1984,1,60,5,0.02163071093989194,2.5,0.10260500660245137,79652.36426184147,8172.731360987105,377829.9929067396,0.8855005385453311,1527197.4060588134,19.173284060200054
Rio Grande,1980-1984,1,65,5,0.027294250641202025,2.5,0.12775388669631757,71479.63290085437,9131.800922710128,334568.6621974965,0.8340993079053675,1149367.4131520737,16.079649076350194
Rio Grande,1980-1984,1,70,5,0.04683618104750091,2.5,0.2096346850772229,62347.83197814424,13070.268121985879,279063.4895857565,0.7866145237787636,814798.7509545772,13.068597978518344
Rio Grande,1980-1984,1,75,5,0.04896681700708965,2.5,0.2181311186136788,49277.56385615836,10748.970126500804,219515.3939645398,0.7186389211171724,535735.2613688208,10.871788689323942
Rio Grande,1980-1984,1,80,5,0.08846948401737789,2.5,0.362231365160287,38528.59372965756,13956.265104399932,157752.30588728795,0.501130946697904,316219.8674042809,8.207407454917547
Rio Grande,1980-1984,1,85,NA,0.18538435735732364,6.449024996113145,1,24572.328625257625,24572.328625257625,158467.56151699298,0,158467.56151699298,6.449024996113145
Rio Grande,1980-1984,2,0,1,0.01185664422304658,0.12466139482769904,0.011734853129637743,100000,1173.4853129637777,98972.8030029601,0.9880006780371212,7764156.783006215,77.64156783006214
Rio Grande,1980-1984,2,1,4,2.825833753104035e-4,1.5049073939580795,0.0011295370966116186,98826.51468703622,111.62821446784073,395027.5360156005,0.9987958743738095,7665183.9800032545,77.56201869789051
Rio Grande,1980-1984,2,5,5,1.369517053634265e-4,2.5,6.845241599394671e-4,98714.88647256838,67.57272473615012,493405.5005510015,0.9992060403649532,7270156.4439876545,73.64802517407483
Rio Grande,1980-1984,2,10,5,1.8077567724605737e-4,2.5,9.034700726946297e-4,98647.31374783223,89.12489572288177,493013.756499854,0.998233262828685,6776750.943436652,68.69676107714156
Rio Grande,1980-1984,2,15,5,5.268499967529406e-4,2.5,0.0026307849112098816,98558.18885210935,259.28539610830194,492142.73077027604,0.9963316745189913,6283737.1869367985,63.75662195219321
Rio Grande,1980-1984,2,20,5,9.439428853896286e-4,2.5,0.004708602796673031,98298.90345600105,462.8504917228129,490337.39105069824,0.9950249777395274,5791594.456166523,58.918200026095526
Rio Grande,1980-1984,2,25,5,0.001051296241000749,2.5,0.005242702122418782,97836.05296427823,512.9252825248986,487897.95161507896,0.9942426772581211,5301257.065115824,54.185107682659805
Rio Grande,1980-1984,2,30,5,0.0012588806378765272,2.5,0.006274655583324657,97323.12768175334,610.6691064949264,485088.9656425293,0.9922349378739782,4813359.113500745,49.4575054065302
Rio Grande,1980-1984,2,35,5,0.001861599649464088,2.5,0.009264879506217684,96712.45857525841,896.0292754498369,481322.21968766744,0.9897039776675967,4328270.147858216,44.7540080318618
Rio Grande,1980-1984,2,40,5,0.002280287171135555,2.5,0.011336807911571812,95816.42929980857,1086.2524537446297,476366.51536468125,0.9870352885027414,3846947.9281705488,40.14914724210281
Rio Grande,1980-1984,2,45,5,0.0029437624587622144,2.5,0.01461128193571917,94730.17684606394,1384.1293217183847,470190.56092602375,0.9808248633356376,3370581.4128058674,35.58086266726858
Rio Grande,1980-1984,2,50,5,0.004818691270640643,2.5,0.02380666394387959,93346.04752434556,2222.257983901509,461174.592661974,0.9701330746118692,2900390.8518798435,31.07138361828757
Rio Grande,1980-1984,2,55,5,0.007347526923008499,2.5,0.036074979899888934,91123.78954044405,3287.2888760732167,447400.7255120372,0.9578978742953641,2439216.2592178695,26.768160888823182
Rio Grande,1980-1984,2,60,5,0.009910579836946804,2.5,0.04835483797900025,87836.50066437083,4247.319758268,428564.20392618416,0.933411966777737,1991815.5337058324,22.676398975827752
Rio Grande,1980-1984,2,65,5,0.017917740555324226,2.5,0.08574769059344234,83589.18090610283,7167.5792212957895,400026.9564772747,0.8932637611954949,1563251.3297796482,18.701598853273552
Rio Grande,1980-1984,2,70,5,0.02773733363292155,2.5,0.12969330218308864,76421.60168480704,9911.369880623315,357329.58372247696,0.8523847715345987,1163224.3733023736,15.221146215960923
Rio Grande,1980-1984,2,75,5,0.036730780275288054,2.5,0.1682078842811823,66510.23180418373,11187.545374832742,304582.2955838368,0.7737474669472096,805894.7895798966,12.116854320288251
Rio Grande,1980-1984,2,80,5,0.06949325877340377,2.5,0.2960351718572556,55322.686429350986,16377.460984717974,235669.77968496,0.5298944620223004,501312.49399605975,9.061607928896464
Rio Grande,1980-1984,2,85,NA,0.14695030608534093,6.820931482056875,1,38945.22544463301,38945.22544463301,265642.7143110998,0,265642.7143110998,6.820931482056875
Rio Grande,1985-1989,1,0,1,0.015463350918847646,0.11843365640898547,0.015255389905449517,100000,1525.5389905449556,98655.13617009975,0.9841688176031713,7176175.247092365,71.76175247092365
Rio Grande,1985-1989,1,1,4,4.977059803252093e-4,1.6070355102148806,0.0019884556850215894,98474.46100945504,195.81210182368523,393429.2726314859,0.9980272613750417,7077520.110922266,71.87163086115004
Rio Grande,1985-1989,1,5,5,2.277189027628924e-4,2.5,0.0011379466838888177,98278.64890763136,111.83586262150493,491113.654881603,0.9986952334543744,6684090.83829078,68.01162727189016
Rio Grande,1985-1989,1,10,5,2.9457206326077856e-4,2.5,0.0014717764557358307,98166.81304500985,144.47960417426657,490472.8662146136,0.9970612162120069,6192977.183409177,63.086260940035544
Rio Grande,1985-1989,1,15,5,8.83537979025288e-4,2.5,0.0044079534095087525,98022.33344083559,432.0778788985335,489031.47250693163,0.9933908229616402,5702504.317194563,58.17556180333624
Rio Grande,1985-1989,1,20,5,0.0017718432621222748,2.5,0.00882014651766573,97590.25556193705,860.7603527527244,485799.3769278035,0.9909977294166367,5213472.844687631,53.4220636544888
Rio Grande,1985-1989,1,25,5,0.0018456802845549832,2.5,0.009186015304422436,96729.49520918433,888.5586233806243,481426.0794874701,0.98815397609089894,4727673.467759828,48.87520044983076
Rio Grande,1985-1989,1,30,5,0.002927407417342922,2.5,0.014530693933712882,95840.9365858037,1392.6353158487036,475723.09463939676,0.9835366727425886,4246247.388272358,44.305153304410915
Rio Grande,1985-1989,1,35,5,0.0037191531205659676,2.5,0.01842445715948129,94448.301269955,1740.158680534063,467891.10964843986,0.9791120721138297,3770524.2936329613,39.92156812705328
Rio Grande,1985-1989,1,40,5,0.004734920716372499,2.5,0.023397638671710297,92708.14258942094,2169.151622232661,458117.833891523,0.9732791806322529,3302633.1839845213,35.62398179641008
Rio Grande,1985-1989,1,45,5,0.0061168543920346536,2.5,0.030123617505073565,90538.99096718828,2727.3619331908994,445876.5500029641,0.9640700975032311,2844515.3500929982,31.417572912027072
Rio Grande,1985-1989,1,50,5,0.008562765952447008,2.5,0.041916526252632806,87811.62903399738,3680.758453689996,429856.2490357619,0.9523537874425958,2398638.8000900345,27.31573057551832
Rio Grande,1985-1989,1,55,5,0.01102081937291331,2.5,0.05362657487631681,84130.87058030738,4511.650430584574,409375.2268250755,0.9284643006151989,1968782.5510542723,23.40142848248509
Rio Grande,1985-1989,1,60,5,0.018948989605038845,2.5,0.09045965057895411,79619.22014972281,7202.3268341127405,380090.2836633322,0.8911844966618039,1559407.3242291969,19.585815099629883
Rio Grande,1985-1989,1,65,5,0.02757814102725185,2.5,0.12899696397479846,72416.89331561007,9341.559378200574,338730.56813254894,0.8347768642711245,1179317.0405658646,16.28510954517367
Rio Grande,1985-1989,1,70,5,0.04613342189103885,2.5,0.20681446234398562,63075.333937409494,13044.891275432688,282764.4414984657,0.77727831524626,840586.4724333157,13.326706653149724
Rio Grande,1985-1989,1,75,5,0.05526366961214909,2.5,0.24277654159941928,50030.442661976806,12146.217844162777,219786.66869947707,0.7188800002881973,557822.03093485,11.149652116885933
Rio Grande,1985-1989,1,80,5,0.07954641977749677,2.5,0.3317569123523235,37884.22481781403,12568.353452419247,158000.24045802202,0.532592568383402,338035.36223537294,8.922852819636446
Rio Grande,1985-1989,1,85,NA,0.18454699051470058,7.111551452400242,1,25315.87136539478,25315.87136539478,180035.12177735096,0,180035.12177735096,7.111551452400242
Rio Grande,1985-1989,2,0,1,0.011757796760398377,0.12486455305225602,0.011638045177490501,100000,1163.8045177490421,98981.5134131999,0.9880407669373036,7836510.056333654,78.36510056333654
Rio Grande,1985-1989,2,1,4,3.1038251699910243e-4,1.5050649004962229,0.0012405693906167347,98836.19548225096,122.61315880030452,395038.87005545193,0.9987218219388273,7737528.542920454,78.28638592538664
Rio Grande,1985-1989,2,5,5,1.450978333216848e-4,2.5,7.25226094770875e-4,98713.58232345065,71.58966580928245,493388.93745273,0.9992194927657554,7342489.672865002,74.38175679620434
Rio Grande,1985-1989,2,10,5,1.672355889632058e-4,2.5,8.358284941398049e-4,98641.99265764137,82.44778818197665,493003.8438177519,0.9982856864047855,6849100.735412272,69.43392515582664
Rio Grande,1985-1989,2,15,5,5.193802297114914e-4,2.5,0.002593533573399665,98559.5448694594,255.61748859792715,492158.68062580214,0.9961213685383662,6356096.89159452,64.48991723747378
Rio Grande,1985-1989,2,20,5,0.001036090969975339,2.5,0.005167070960966995,98303.92738086147,507.94336851866683,490249.7784830107,0.9941793273888175,5863938.210968718,59.65110822327484
Rio Grande,1985-1989,2,25,5,0.0012997434556313455,2.5,0.006477669008403184,97795.9840123428,633.4900147830485,487396.19502475637,0.9935285903486362,5373688.432485707,54.94794583597109
Rio Grande,1985-1989,2,30,5,0.0012972152159827861,2.5,0.006465109483925075,97162.49399755975,628.1661614254408,484242.0545842351,0.9927139607698016,4886292.237460951,50.2899013438629
Rio Grande,1985-1989,2,35,5,0.0016290699436145731,2.5,0.008112310913367306,96534.32783613431,783.1164812196366,480713.84797762247,0.9910945556609123,4402050.182876715,45.6008787915231
Rio Grande,1985-1989,2,40,5,0.0019504776622765415,2.5,0.009705064532429069,95751.21135491467,929.2716852576996,476432.8775614291,0.9887644882996348,3921336.3348990935,40.95338617037581
Rio Grande,1985-1989,2,45,5,0.002572631853156424,2.5,0.01278095751970951,94821.93966965697,1211.9151828543545,471079.910391149,0.9841271305679603,3444903.4573376644,36.330236117707614
Rio Grande,1985-1989,2,50,5,0.003837426895730405,2.5,0.019004810550762634,93610.02448680262,1779.0407810239267,463602.52048145334,0.9755692835248077,2973823.5469465153,31.76821674013954
Rio Grande,1985-1989,2,55,5,0.006083483556291753,2.5,0.029961738423909347,91830.9837057787,2751.4159130028274,452276.3787463864,0.9588402548332875,2510221.026465062,27.335229626937995
Rio Grande,1985-1989,2,60,5,0.010826010337037876,2.5,0.05270362666743674,89079.56779277587,4694.8162846470805,433660.7982522616,0.9410792130884292,2057944.6477186754,23.10231963076015
Rio Grande,1985-1989,2,65,5,0.01354009763511068,2.5,0.06548384406997872,84384.75150812879,5525.837909642214,408109.1627665384,0.9027759619956099,1624283.849466414,19.24854692864678
Rio Grande,1985-1989,2,70,5,0.0280795220894114,2.5,0.1311883453446135,78858.91359848657,10345.370390659285,368431.14201578463,0.8398148494323079,1216174.6866998756,15.42215877956523
Rio Grande,1985-1989,2,75,5,0.04286008774671799,2.5,0.19356039946968837,68513.54320782729,13261.508792390807,309413.9440581594,0.7715302689032062,847743.5446840909,12.373371818073496
Rio Grande,1985-1989,2,80,5,0.0628981216264992,2.5,0.2717579471072043,55252.03441543648,15015.17944623562,238722.22346159333,0.5565500704697938,538329.6006259315,9.74316342052251
Rio Grande,1985-1989,2,85,NA,0.15954909958366245,7.446093323985471,1,40236.85496920086,40236.85496920086,299607.37716433813,0,299607.37716433813,7.446093323985471
Rio Grande,1990-1994,1,0,1,0.015420066742751403,0.11852002781817672,0.015213280531342374,100000,1521.3280531342461,98658.9797900438,0.9839743797605813,7019318.968121347,70.19318968121347
Rio Grande,1990-1994,1,1,4,6.231364825812373e-4,1.6071623857590656,0.002488834917146859,98478.67194686575,245.09715733560733,393328.21009024687,0.9977463881668039,6920659.988331303,70.27572418995811
Rio Grande,1990-1994,1,5,5,2.358483857931451e-4,2.5,0.0011785470329274822,98233.57478953015,115.77288810205937,490878.4417273956,0.9987112757825275,6527331.778241057,66.44705531918348
Rio Grande,1990-1994,1,10,5,2.800021467433559e-4,2.5,0.0013990314042254183,98117.80190142809,137.2698861736717,490245.8347917063,0.9965544239004653,6036453.336513661,61.52250885703751
Rio Grande,1990-1994,1,15,5,0.0011020254054686486,2.5,0.005494987986433755,97980.53201525442,538.4018463282118,488556.65546045155,0.9916533756768008,5546207.501721955,56.60519888643262
Rio Grande,1990-1994,1,20,5,0.0022554497152642104,2.5,0.01121401694799027,97442.1301689262,1092.7176991626184,484478.8565967245,0.9861896445327155,5057650.846261503,51.904149031774374
Rio Grande,1990-1994,1,25,5,0.003314466431249535,2.5,0.01643613957405384,96349.41246976359,1583.612391231116,477788.03137074015,0.9821610527306421,4573171.989664779,47.46445123471753
Rio Grande,1990-1994,1,30,5,0.003890515171488465,2.5,0.019265197004374245,94765.80007853247,1825.681807790068,469264.7958731872,0.9786397469999408,4095383.9582940387,43.21584321453722
Rio Grande,1990-1994,1,35,5,0.004755157393515783,2.5,0.023496463512101308,92940.1182707424,2183.764097758889,459241.1811093148,0.972623071547302,3626119.162420851,39.01565039822373
Rio Grande,1990-1994,1,40,5,0.006370005163158531,2.5,0.03135076448667002,90756.35417298351,2845.281085346025,446668.5681515525,0.966662938885535,3166877.9813115364,34.89428382364722
Rio Grande,1990-1994,1,45,5,0.007205013249661956,2.5,0.03538764511842825,87911.07308763749,3110.9658564055135,431777.95079717366,0.9610025903991534,2720209.413159984,30.942739266170033
Rio Grande,1990-1994,1,50,5,0.008734576446032503,2.5,0.04273960144003514,84800.10723123197,3624.322785135111,414939.72919332207,0.9497246676554263,2288431.4623628105,26.98618595048166
Rio Grande,1990-1994,1,55,5,0.011977741422553166,2.5,0.05814751729641606,81175.78444609686,4720.170330129549,394078.4964051604,0.9325561923532223,1873491.7331694881,23.079441066732684
Rio Grande,1990-1994,1,60,5,0.016084587458807514,2.5,0.077314026732124,76455.61411596731,5911.091393582858,367500.3420958794,0.8987969953910961,1479413.2367643279,19.349962116848147
Rio Grande,1990-1994,1,65,5,0.027143631442757908,2.5,0.127093696099718,70544.52272238446,8965.764132378376,330308.20328097633,0.8495207254716516,1111912.8946684485,15.761860053177847
Rio Grande,1990-1994,1,70,5,0.038902027199199,2.5,0.17726975401525324,61578.75859000608,10916.051387815045,280603.66448049276,0.7842626726178656,781604.6913874721,12.692764668924692
Rio Grande,1990-1994,1,75,5,0.06042988581294763,2.5,0.26249332493372346,50662.707202191035,13298.622463646825,220066.9798518381,0.6846418170481735,501001.0269069794,9.888950957703901
Rio Grande,1990-1994,1,80,5,0.09598214092604745,2.5,0.38703869759035825,37364.08473854421,14461.346693861931,150667.05695806624,0.46369242696847784,280934.04705514124,7.518825873053811
Rio Grande,1990-1994,1,85,NA,0.15041577968580494,5.687834783899182,1,22902.73804468228,22902.73804468228,130266.990097075,0,130266.990097075,5.687834783899182
Rio Grande,1990-1994,2,0,1,0.012385911681578547,0.12357360729820205,0.012252902262810512,100000,1225.290226281053,98926.12330696773,0.9874523114204262,7891765.451411406,78.91765451411406
Rio Grande,1990-1994,2,1,4,3.032353206125443e-4,1.5040645280184073,0.0012120239550984157,98774.70977371895,119.7173144036351,394800.0324032454,0.9987316163049096,7792839.328104437,78.89508707195294
Rio Grande,1990-1994,2,5,5,1.4199214761324077e-4,2.5,7.097088053725667e-4,98654.99245931531,70.01631684234599,493099.92150447064,0.9992535243619145,7398039.295701193,74.98900067071716
Rio Grande,1990-1994,2,10,5,1.567150916190178e-4,2.5,7.832685830756914e-4,98584.97614247297,77.21851457565208,492731.8344259257,0.9983934873684974,6904939.374196721,70.04048329045438
Rio Grande,1990-1994,2,15,5,4.8667180538477085e-4,2.5,0.002430402006592956,98507.75762789731,239.41345180381904,491940.254509977,0.9964749167389626,6412207.539770796,65.0934270983229
Rio Grande,1990-1994,2,20,5,9.266279396694905e-4,2.5,0.004622431512874855,98268.3441760935,454.2386908376211,490206.1241533734,0.9946023816249838,5920267.285260819,60.24592492015438
Rio Grande,1990-1994,2,25,5,0.0012391076405059477,2.5,0.006176405125574839,97814.10548525587,604.1395424726506,487560.1785700977,0.9934069047075427,5430061.161107445,55.514091082967084
Rio Grande,1990-1994,2,30,5,0.0014074096624974212,2.5,0.007012375101300539,97209.96594278322,681.6727447754383,484345.64785197756,0.9923038003284572,4942500.982537348,50.84356253603106
Rio Grande,1990-1994,2,35,5,0.001684030843746168,2.5,0.008384853339620319,96528.29319800778,809.3755815891636,480618.027036066,0.9906206198284304,4458155.33468537,46.18495973548801
Rio Grande,1990-1994,2,40,5,0.002087298793800412,2.5,0.010382316477351983,95718.91761641862,993.7840955632419,476110.12784318504,0.9880497206843214,3977537.307649304,41.554348990747876
Rio Grande,1990-1994,2,45,5,0.0027253820087170494,2.5,0.013534692028217174,94725.13352085538,1282.0755095365312,470420.47883043555,0.9829313236802145,3501427.1798061193,36.96407753318415
Rio Grande,1990-1994,2,50,5,0.004173321594675011,2.5,0.02065114826584336,93443.05801131885,1929.7064454055508,462391.02394308033,0.9741622662913377,3031006.7009756835,32.436938232570846
Rio Grande,1990-1994,2,55,5,0.006325200741194795,2.5,0.031133686661111503,91513.3515659133,2849.1480129612755,450443.88779716333,0.9621944780696445,2568615.6770326034,28.068206803490696
Rio Grande,1990-1994,2,60,5,0.009142650712978378,2.5,0.04469175089444355,88664.20355295202,3962.558498442784,433414.6215186531,0.945185702173973,2118171.78923544,23.88981916439847
Rio Grande,1990-1994,2,65,5,0.013524398843561356,2.5,0.0654104032622158,84701.64505450924,5540.368759988502,409657.3033725749,0.9093813621901884,1684757.167716787,19.890489336217396
Rio Grande,1990-1994,2,70,5,0.024987378480724846,2.5,0.11759115562467529,79161.27629452074,9308.665960196915,372534.7165721114,0.8582685983189215,1275099.864344212,16.107621352644486
Rio Grande,1990-1994,2,75,5,0.036940862398795626,2.5,0.16908861394190103,69852.61033432382,11811.281061654525,319734.8490174828,0.7909896689550331,902565.1477721005,12.920993839060623
Rio Grande,1990-1994,2,80,5,0.05899352652840266,2.5,0.2570560285440197,58041.329272669296,14919.873594248122,252906.9623777262,0.566071010861766,582830.2987546178,10.04164284412871
Rio Grande,1990-1994,2,85,NA,0.12535102691828445,7.651025021912507,1,43121.455678421175,43121.455678421175,329923.3363768916,0,329923.3363768916,7.651025021912507
Rio Grande,1995-1999,1,0,1,0.014909742678262986,0.11953835397266013,0.014716551783709899,100000,1471.6551783709874,98704.26405926682,0.9846963201443943,6998859.166114721,69.98859166114721
Rio Grande,1995-1999,1,1,4,4.987410301920285e-4,1.6086590294756822,0.0019925876414722326,98528.34482162901,196.3263622263039,393643.8960129303,0.9980284141475563,6900154.902055454,70.03218124233351
Rio Grande,1995-1999,1,5,5,2.3007884446697274e-4,2.5,0.0011497328992925765,98332.01845940271,113.05555667659792,491377.4534053221,0.998547088192024,6506511.006042524,66.16879331861573
Rio Grande,1995-1999,1,10,5,3.515967177462798e-4,2.5,0.0017564396926542578,98218.96290272611,172.5156850136991,490663.5253010963,0.9949513153790902,6015133.552637202,61.24207968469853
Rio Grande,1995-1999,1,15,5,0.0016763404448408743,2.5,0.008346722353546603,98046.44721771241,818.3664726779098,488186.3199068673,0.9875145593334669,5524470.027336106,56.34543814799331
Rio Grande,1995-1999,1,20,5,0.0033597842081556782,2.5,0.016658994474381444,97228.0807450345,1619.7220598862332,482091.09857545694,0.9846372710385554,5036283.707429239,51.7986539365732
Rio Grande,1995-1999,1,25,5,0.0028287649252646393,2.5,0.014044503131693935,95608.35868514827,1342.7718929696857,474684.8636933171,0.9840238061080341,4554192.608853782,47.63383318660847
Rio Grande,1995-1999,1,30,5,0.003619539089820224,2.5,0.0179354007389357,94265.58679217858,1690.6910750086536,467101.20627337124,0.9805522091640272,4079507.745160464,43.27674482262863
Rio Grande,1995-1999,1,35,5,0.004242076256311892,2.5,0.020987801643994032,92574.89571716993,1942.9435485253925,458017.1197145361,0.9780914925605638,3612406.538887093,39.02144864330749
Rio Grande,1995-1999,1,40,5,0.004622601008036764,2.5,0.022848951079452666,90631.95216864454,2070.845041336652,447982.6482398811,0.9704930417863167,3154389.4191725566,34.80438569063355
Rio Grande,1995-1999,1,45,5,0.0073984891887740835,2.5,0.036320651082954236,88561.10712730789,3216.59707149108,434764.04295781173,0.953606281628198,2706406.770932676,30.55976668225451
Rio Grande,1995-1999,1,50,5,0.011701892463306494,2.5,0.05684643513922852,85344.5100558168,4851.531155377219,414593.722390641,0.9413337773998878,2271642.7279748637,26.617326955057443
Rio Grande,1995-1999,1,55,5,0.01249779500023257,2.5,0.06059569360958898,80492.97890043959,4877.527887174147,390271.0747842625,0.9281538797718247,1857049.005584223,23.07094396246877
Rio Grande,1995-1999,1,60,5,0.01749780229872031,2.5,0.08382224865557786,75615.45101326544,6338.257137037595,362231.6122237332,0.8992232510870459,1466777.9307999604,19.39785997629822
Rio Grande,1995-1999,1,65,5,0.02536955893754245,2.5,0.11928243760982199,69277.19387622784,8263.5525563247,325727.0879903275,0.8552764456679587,1104546.3185762272,15.943866325614081
Rio Grande,1995-1999,1,70,5,0.03802263345376763,2.5,0.17361035960156995,61013.641319903145,10592.600210149598,278586.7060741417,0.7888493461626911,778819.2305858997,12.764673829290738
Rio Grande,1995-1999,1,75,5,0.05886754968746429,2.5,0.25657752319840055,50421.04110975355,12936.905845025292,219762.9409362045,0.6868313902108765,500232.524511758,9.92110661544813
Rio Grande,1995-1999,1,80,5,0.09667568368970222,2.5,0.38929098751732044,37484.135264728255,14592.236033438883,150940.08624004407,0.4618308184588453,280469.5835755535,7.4823543772522125
Rio Grande,1995-1999,1,85,NA,0.1490082298379009,5.6583115287553065,1,22891.89923128937,22891.89923128937,129529.4973355094,0,129529.4973355094,5.6583115287553065
Rio Grande,1995-1999,2,0,1,0.008749191442637362,0.1310480493036907,0.008683176490853222,100000,868.317649085322,99245.47368500328,0.9909592835442417,7858340.186007183,78.58340186007183
Rio Grande,1995-1999,2,1,4,2.9651276137334303e-4,1.509872471849382,0.001185175965379917,99131.68235091468,117.48848732998886,396234.16808711755,0.9988288373297829,7759094.71232218,78.2705844217985
Rio Grande,1995-1999,2,5,5,1.3870683364938655e-4,2.5,6.932937567924488e-4,99014.19386358469,68.6459224394639,494899.3545118248,0.9992519389502987,7362860.544235063,74.36166732195116
Rio Grande,1995-1999,2,10,5,1.6063775307733255e-4,2.5,8.028663387749572e-4,98945.54794114523,79.44004981358012,494529.13958119217,0.9983033263594727,6867961.189723237,69.41152313197999
Rio Grande,1995-1999,2,15,5,5.189121276623557e-4,2.5,0.00259119912668172,98866.10789133165,256.18177242644015,493690.0850255921,0.9965196441777747,6373432.050142045,64.46528730702519
Rio Grande,1995-1999,2,20,5,8.762799673138912e-4,2.5,0.004371822485407918,98609.9261189052,431.1050922910508,491971.8678637984,0.9951326406805021,5879741.965116453,59.62626884058893
Rio Grande,1995-1999,2,25,5,0.0010759005550788731,2.5,0.005365072065361465,98178.82102661415,526.736450100012,489577.26400782075,0.9938196474503955,5387770.097252655,54.87711138629529
Rio Grande,1995-1999,2,30,5,0.0014049233865972889,2.5,0.007000030666012497,97652.08457651414,683.5675866356469,486551.5039159816,0.9923445840096751,4898192.833244834,50.159634118275406
Rio Grande,1995-1999,2,35,5,0.0016700277668029635,2.5,0.008315421372552742,96968.5169898785,806.3340786423651,482826.7497527866,0.9902957166377933,4411641.329328853,45.495604823876356
Rio Grande,1995-1999,2,40,5,0.002233358723986713,2.5,0.011104791164371068,96162.18291123613,1067.8609591393324,478141.2621583323,0.9862515321549592,3928814.579576066,40.85612930815656
Rio Grande,1995-1999,2,45,5,0.0033115572524317705,2.5,0.016421831672723798,95094.3219520968,1561.6229481291375,471567.5523901612,0.9819251026627926,3450673.317417734,36.28684916809218
Rio Grande,1995-1999,2,50,5,0.003990530104409356,2.5,0.01975556260379679,93532.69900396766,1847.7910906749603,463044.0172931509,0.9750079460865282,2979105.7650275724,31.85095476504103
Rio Grande,1995-1999,2,55,5,0.006160248729343605,2.5,0.0303340799530023,91684.9079132927,2781.177327125464,451471.5962486499,0.9590189205794436,2516061.747734422,27.442485410073004
Rio Grande,1995-1999,2,60,5,0.010669427702945189,2.5,0.051961149202773595,88903.73058616724,4619.540009671036,432969.80290665856,0.9396707323428878,2064590.1514857719,23.22276172072139
Rio Grande,1995-1999,2,65,5,0.014326592173765085,2.5,0.06915603509106474,84284.1905764962,5828.760441130158,406849.0517796556,0.9046728743237648,1631620.3485791131,19.35855748769702
Rio Grande,1995-1999,2,70,5,0.026312558685394956,2.5,0.123442568835101,78455.43013536604,9684.73983497238,368065.30108939926,0.8432091394730724,1224771.2967994576,15.611045592207603
Rio Grande,1995-1999,2,75,5,0.04317290197794241,2.5,0.19483547746378774,68770.69030039366,13398.970280191461,310356.02580148965,0.7725343490308594,856705.9957100584,12.45742905833758
Rio Grande,1995-1999,2,80,5,0.061891563099680344,2.5,0.267991745440579,55371.7200202022,14839.163896261045,239760.6903603584,0.5611591405404814,546349.9699085687,9.866949585623033
Rio Grande,1995-1999,2,85,NA,0.12486558504993185,7.564025288973049,1,40532.556123941155,40532.556123941155,306589.2795482103,0,306589.2795482103,7.564025288973049
Rio Grande,2000-2004,1,0,1,0.00995080007208742,0.12943367599615316,0.009865338309219486,100000,986.5338309219514,99141.15686930885,0.9895124640085959,7348264.11991908,73.48264119919081
Rio Grande,2000-2004,1,1,4,4.666643610119784e-4,1.6232757356743217,0.0018645893673625603,99013.46616907805,184.6194562445744,395615.0751349891,0.998294093128692,7249122.963049771,73.21350563236494
Rio Grande,2000-2004,1,5,5,1.8789542304764535e-4,2.5,9.390360138155446e-4,98828.84671283347,92.80384626721207,493912.22394849936,0.9988894307246686,6853507.887914782,69.34724137608313
Rio Grande,2000-2004,1,10,5,2.566172783497754e-4,2.5,0.0012822637641556665,98736.04286656626,126.60564998390328,493363.70020787156,0.9967352951124194,6359595.663966283,64.41007234370088
Rio Grande,2000-2004,1,15,5,0.0010527014362064202,2.5,0.005249691287138075,98609.43721658236,517.6691033854877,491753.0133244481,0.992644971992781,5866231.963758412,59.48955930935923
Rio Grande,2000-2004,1,20,5,0.0019033086551461813,2.5,0.009471475422857584,98091.76811319687,929.0737708687811,488136.1561388124,0.9896301089276517,5374478.950433964,54.79031578095189
Rio Grande,2000-2004,1,25,5,0.002268168433381026,2.5,0.011276897410075109,97162.69434232809,1095.6937361849123,483074.2373711781,0.9882454702788684,4886342.794295151,50.29031798026681
Rio Grande,2000-2004,1,30,5,0.0024625900429221612,2.5,0.012237609675272074,96067.00060614318,1175.6304560921126,477395.9268904856,0.986362350021723,4403268.556923973,45.835391228425614
Rio Grande,2000-2004,1,35,5,0.0030338444571842457,2.5,0.015055035694435542,94891.37015005107,1428.592964702926,470885.36833849805,0.9823861064765583,3925872.6300334875,41.37228310462303
Rio Grande,2000-2004,1,40,5,0.004083641783759383,2.5,0.020211863889034617,93462.77718534814,1889.0569311614236,462591.2435988371,0.9754703855400386,3454987.261694989,36.966451947424225
Rio Grande,2000-2004,1,45,5,0.005872247979167519,2.5,0.028936435089638984,91573.72025418672,2649.8170120520226,451244.05874080356,0.9653142053271413,2992396.018096152,32.67745385673944
Rio Grande,2000-2004,1,50,5,0.008289601298536876,2.5,0.04060647771666176,88923.9032421347,3610.8864954803284,435592.29997197265,0.9541915980108568,2541151.9593553487,28.5767028516049
Rio Grande,2000-2004,1,55,5,0.010515455719833549,2.5,0.05123049850288747,85313.01674665436,4370.628376716282,415638.5127914811,0.939150035157377,2105559.659383376,24.680403292220326
Rio Grande,2000-2004,1,60,5,0.014720257360049005,2.5,0.07098885139468494,80942.38836993808,5746.007179524415,390346.9239008794,0.9144827734835824,1689921.1465918948,20.878073659851747
Rio Grande,2000-2004,1,65,5,0.02130891232897328,2.5,0.10115576340969737,75196.38119041367,7606.547344962906,356965.5375896611,0.87917320618589,1299574.2226910156,17.282403782174168
Rio Grande,2000-2004,1,70,5,0.030735473973210786,2.5,0.14271159832599417,67589.83384545076,9645.853218672644,313834.5361805722,0.8156157719008033,942608.6851013544,13.946012757727738
Rio Grande,2000-2004,1,75,5,0.05274323860389977,2.5,0.23299404212657615,57943.98062677812,13500.602263137058,255968.39747604795,0.7218858586159027,628774.1489207823,10.851414454432595
Rio Grande,2000-2004,1,80,5,0.08104109154029955,2.5,0.3369404109773864,44443.37836364106,14974.7701710687,184779.96639053355,0.5043532304036199,372805.7514447343,8.388330616866991
Rio Grande,2000-2004,1,85,NA,0.15604186653018756,6.380545149112035,1,29468.60819257236,29468.60819257236,188025.78505420074,0,188025.78505420074,6.380545149112035
Rio Grande,2000-2004,2,0,1,0.008838333329796465,0.13086483865726922,0.008770957411303572,100000,877.095741130368,99237.68525151964,0.9910089150964956,8082323.442022686,80.82323442022685
Rio Grande,2000-2004,2,1,4,2.27849759724622e-4,1.509729652291809,9.108821975076643e-4,99122.90425886963,90.28928885466303,396266.7722967281,0.999023679166173,7983085.756771167,80.53724632525415
Rio Grande,2000-2004,2,5,5,1.1505670849594696e-4,2.5,5.751181144866117e-4,99032.61497001497,56.95545079423755,495020.68622308923,0.9993474299603524,7586818.984474438,76.60929671272005
Rio Grande,2000-2004,2,10,5,1.4606662606708127e-4,2.5,7.300665344466786e-4,98975.65951922073,72.25881673976255,494697.65055425424,0.998688586805724,7091798.2982513495,71.65194283827073
Rio Grande,2000-2004,2,15,5,3.7899567156758987e-4,2.5,0.0018931845859290852,98903.40070248097,187.24239370590658,494048.89752814005,0.9971049796461768,6597100.647697095,66.70246524224528
Rio Grande,2000-2004,2,20,5,7.812742748894437e-4,2.5,0.0038987563792892187,98716.15830877506,384.8702519452636,492618.6159140122,0.995656921613772,6103051.750168955,61.824242907419176
Rio Grande,2000-2004,2,25,5,9.601269863642841e-4,2.5,0.0047891394766888425,98331.2880568298,470.92225342663005,490479.13465058245,0.9943600938507855,5610433.134254943,57.05643895371773
Rio Grande,2000-2004,2,30,5,0.0013031853161998362,2.5,0.0064947668689597565,97860.36580340317,635.5802616042201,487712.87836300523,0.9935070352915838,5119953.99960436,52.318974669378456
Rio Grande,2000-2004,2,35,5,0.0013024573769494217,2.5,0.006491150766744515,97224.78554179895,631.1007412162289,484546.1758559542,0.9915267083903421,4632241.121241355,47.644652497071945
Rio Grande,2000-2004,2,40,5,0.002104692943976822,2.5,0.010468382890870952,96593.68480058272,1011.1796773325914,480440.4748095821,0.9888306371795786,4147694.9453854007,42.939607842358434
Rio Grande,2000-2004,2,45,5,0.0023897441031275365,2.5,0.01187775850725994,95582.50512325013,1135.3059133728966,475074.2608328184,0.9850825532638074,3667254.470575819,38.36742368121686
Rio Grande,2000-2004,2,50,5,0.003631405895371202,2.5,0.017993673645467174,94447.19920987723,1699.452079310955,467987.3658511088,0.978713058702956,3192180.2097430006,33.79856932177999
Rio Grande,2000-2004,2,55,5,0.004989583596563129,2.5,0.02464055273843084,92747.74713056628,2285.355754541364,458025.346266478,0.9690400584250357,2724192.8438918917,29.372064855191475
Rio Grande,2000-2004,2,60,5,0.007630637112608609,2.5,0.037438977436333544,90462.39137602491,3386.8194295637804,443844.9083062151,0.9506963269005999,2266167.4976254134,25.050935125135457
Rio Grande,2000-2004,2,65,5,0.012717869823447423,2.5,0.061629848152142654,87075.57194646113,5366.454276821372,421961.7240402522,0.9208313227187439,1822322.5893191984,20.928057646749227
Rio Grande,2000-2004,2,70,5,0.020578797247151163,2.5,0.09785941365493103,81709.11766963976,7996.0063454127085,388555.57248466706,0.8776709063989697,1400360.8652789462,17.138367237555805
Rio Grande,2000-2004,2,75,5,0.03230463717840536,2.5,0.1494531143096378,73713.11132422705,11016.654052858765,341023.92148898833,0.8128393421595332,1011805.2927942792,13.726259475656299
Rio Grande,2000-2004,2,80,5,0.05235921017886498,2.5,0.23149394994372682,62696.45727136829,14513.85054122714,277197.6600037736,0.5867540873051268,670781.3713052908,10.69887200168195
Rio Grande,2000-2004,2,85,NA,0.11856224452611346,8.168584848592403,1,48182.606730141146,48182.606730141146,393583.7113015173,0,393583.7113015173,8.168584848592403
Rio Grande,2005-2009,1,0,1,0.012330737964775384,0.12468462892818896,0.012199069932634875,100000,1219.9069932634884,98932.19665751848,0.9873823913923803,7476157.759704565,74.76157759704564
Rio Grande,2005-2009,1,1,4,3.840271113807009e-4,1.616244202292971,0.0015347035366935664,98780.09300673651,151.59815809235442,394758.99903867167,0.998355562721586,7377225.563047046,74.68332270697438
Rio Grande,2005-2009,1,5,5,2.1353927890295127e-4,2.5,0.001067126710843927,98628.49484864416,105.24910130332864,492879.3514899625,0.9988574251015692,6982466.564008374,70.79563137127568
Rio Grande,2005-2009,1,10,5,2.437692050440241e-4,2.5,0.0012181036848028565,98523.24574734083,120.01152868357894,492316.1999149952,0.9968724118195823,6489587.212518412,65.86858931912084
Rio Grande,2005-2009,1,15,5,0.0010104262643646175,2.5,0.005039401462836268,98403.23421865725,495.8934024693299,490776.4375871129,0.9913314647975835,5997271.012603416,60.94587297077207
Rio Grande,2005-2009,1,20,5,0.002478472543090001,2.5,0.012316050234585662,97907.34081618792,1205.831727826866,486522.12476137246,0.9874415096923952,5506494.575016304,56.24189697230409
Rio Grande,2005-2009,1,25,5,0.0025772904571782287,2.5,0.012803953517851858,96701.50908836105,1238.1616274735134,480412.14137312147,0.988244267713894,5019972.450254931,51.912038370238136
Rio Grande,2005-2009,1,30,5,0.0021502805801038717,2.5,0.010693915602903873,95463.34746088754,1020.8769809174264,474764.54485214414,0.9881526696084786,4539560.30888181,47.552913548749395
Rio Grande,2005-2009,1,35,5,0.0026196878843937955,2.5,0.013013213030685174,94442.47047997011,1228.9999875000358,469139.8524311005,0.9842028326430015,4064795.7640296654,43.039913540717365
Rio Grande,2005-2009,1,40,5,0.0037585535579812627,2.5,0.018617827535096516,93213.47049247008,1735.432317576633,461728.7716684088,0.9777053239028474,3595655.911598565,38.57442376731405
Rio Grande,2005-2009,1,45,5,0.0052769651087554,2.5,0.02604127825196942,91478.03817489345,2382.2050460566825,451434.6782593255,0.9718901465512156,3133927.139930156,34.25879262887687
Rio Grande,2005-2009,1,50,5,0.006139558356396976,2.5,0.030233737295835488,89095.83312883676,2693.700012970832,438744.91561175673,0.9603937271632189,2682492.461670831,30.107945203136723
Rio Grande,2005-2009,1,55,5,0.01010309678612304,2.5,0.04927100948663164,86402.13311586593,4257.120320417045,421367.864778287,0.9371954734405655,2243747.546059074,25.96865916551147
Rio Grande,2005-2009,1,60,5,0.01602516685501592,2.5,0.07703941074603626,82145.01279544889,6328.403381486991,394904.0555235269,0.9123588761505605,1822379.6812807869,22.18490957958379
Rio Grande,2005-2009,1,65,5,0.020859426243603825,2.5,0.09912776068620059,75816.6094139619,7515.530714026361,360294.2202847436,0.8826509076950204,1427475.62575726,18.828006643810497
Rio Grande,2005-2009,1,70,5,0.02954759401595661,2.5,0.13757541388933492,68301.07869993553,9396.549171231658,318014.02057159855,0.8377604089112983,1067181.4054725163,15.624663999245499
Rio Grande,2005-2009,1,75,5,0.042193737067929,2.5,0.19083823912886977,58904.529528703875,11241.236691972364,266419.55591358844,0.7703451529003885,749167.3849009179,12.71833237435251
Rio Grande,2005-2009,1,80,5,0.06447525707783364,2.5,0.2776262291492927,47663.29283673151,13232.580259100265,205235.01353590688,0.5748608254408253,482747.82898732944,10.128293708975598
Rio Grande,2005-2009,1,85,NA,0.15813914585961944,8.060036945959565,1,34430.712577631246,34430.712577631246,277512.81545142253,0,277512.81545142253,8.060036945959565
Rio Grande,2005-2009,2,0,1,0.0066695253307685245,0.13532232467343136,0.00663128279148716,100000,663.1282791487174,99426.60778114237,0.9930837727164235,8186964.723948139,81.86964723948138
Rio Grande,2005-2009,2,1,4,2.351376642762298e-4,1.5132109028982503,9.400010030053744e-4,99336.87172085128,93.37675905301876,397115.2785770694,0.99907759311631406,8087538.116166996,81.41526883284551
Rio Grande,2005-2009,2,5,5,1.0772541672559694e-4,2.5,5.384820631163635e-4,99243.49496179826,53.44084191790898,496083.87270419655,0.9994187680565867,7690422.837589927,77.49044751547893
Rio Grande,2005-2009,2,10,5,1.2483992158997647e-4,2.5,6.240048561565965e-4,99190.05411988035,61.89507545322704,495795.5329107687,0.9986924861365554,7194338.96488573,72.53085028253645
Rio Grande,2005-2009,2,15,5,3.986869124531018e-4,2.5,0.0019914496499848634,99128.15904442713,197.40873763266427,495147.273378054,0.9973113287821157,6698543.431974961,67.57457715897677
Rio Grande,2005-2009,2,20,5,6.786061234530296e-4,2.5,0.003387284038039926,98930.75030679446,335.1065513855283,493815.9851555085,0.9961580454062229,6203396.158596908,62.70442849528116
Rio Grande,2005-2009,2,25,5,8.614855022406089e-4,2.5,0.004298170482311369,98595.64375540894,423.78088567398663,491918.7665628597,0.9951348515525034,5709580.173441399,57.90905110985872
Rio Grande,2005-2009,2,30,5,0.0010898762866821594,2.5,0.005434573900355249,98171.86286973495,533.5222437011253,489525.50873942196,0.993398937326013,5217661.406878539,53.14823671831406
Rio Grande,2005-2009,2,35,5,0.0015608520652199073,2.5,0.007773925457088133,97638.34062603382,759.0331817805563,486294.1201757177,0.9920862018471863,4728135.898139117,48.42499235262945
Rio Grande,2005-2009,2,40,5,0.0016174675072769121,2.5,0.008054766727732554,96879.30744425327,780.3402222077566,482445.68666574697,0.9897163027645948,4241841.7779634,43.78480699198082
Rio Grande,2005-2009,2,45,5,0.0025219463192766097,2.5,0.012530727044016754,96098.96722204551,1204.1899274713505,477484.3612915492,0.9863175668784072,3759396.0912976526,39.12004675982856
Rio Grande,2005-2009,2,50,5,0.002991964280531009,2.5,0.014848754048347432,94894.77729457416,1409.0692085198243,470951.2134515712,0.982598238920391,3281911.7300061034,34.58474558424149
Rio Grande,2005-2009,2,55,5,0.004039026322368765,2.5,0.01999324846974641,93485.70808605434,1869.0829901346733,462755.832954935,0.9691724400825461,2810960.516554532,30.068344927836677
Rio Grande,2005-2009,2,60,5,0.008555750557564945,2.5,0.04188290359829094,91616.62509591966,3837.1702768931573,448490.19978736545,0.9550920225241765,2348204.6835995973,25.630770410295103
Rio Grande,2005-2009,2,65,5,0.00984977385519549,2.5,0.04806528871564304,87779.4548190265,4219.1448391782615,428349.41199718683,0.938129408900035,1899714.4838122318,21.641903424085314
Rio Grande,2005-2009,2,70,5,0.015881031383782145,2.5,0.07637295373121675,83560.30997984824,6381.747687857089,401847.1806795985,0.892274359206936,1471365.071815045,17.60842045906586
Rio Grande,2005-2009,2,75,5,0.030494236052717456,2.5,0.14167082157626468,77178.56229199115,10933.950327981293,358557.93564000254,0.8192631474929749,1069517.8911354465,13.857706847260495
Rio Grande,2005-2009,2,80,5,0.051022074016152406,2.5,0.2262508952691533,66244.61196400986,14987.902763614904,293753.302911012,0.5868215915110082,710959.955495444,10.7323438754793
Rio Grande,2005-2009,2,85,NA,0.10683311934778017,8.139552052655327,1,51256.70920039496,51256.70920039496,417206.652584432,0,417206.652584432,8.139552052655327
Rio Grande,2010-2014,1,0,1,0.01054401309015676,0.1282499490792467,0.010447977952044572,100000,1044.7977952044603,99089.19746882863,0.9891718236656083,7567468.447160032,75.67468447160032
Rio Grande,2010-2014,1,1,4,3.445317589757826e-4,1.6215202424304898,0.0013769986381005005,98955.20220479554,136.2611786689522,395496.7143639755,0.9985528942556459,7468379.249691203,75.47232569172874
Rio Grande,2010-2014,1,5,5,1.818383978414288e-4,2.5,9.08778861976509e-4,98818.94102612659,89.80456476745894,493870.1937187143,0.9990469071645839,7072882.535327227,71.57415837371946
Rio Grande,2010-2014,1,10,5,1.9958896313581386e-4,2.5,9.974471170893628e-4,98729.13646135913,98.47709253609355,493399.48957545543,0.9974004166924723,6579012.341608513,66.63698860754671
Rio Grande,2010-2014,1,15,5,8.424343381183425e-4,2.5,0.004203319139648438,98630.65936882304,414.5761382811179,492116.8564984124,0.9931131627160398,6085612.852033057,61.701025735580835
Rio Grande,2010-2014,1,20,5,0.0019255616049190093,2.5,0.00958168272368693,98216.08323054192,941.0753478783008,488727.72778301383,0.9893904942483475,5593495.995534645,56.95091691250884
Rio Grande,2010-2014,1,25,5,0.0023430998268314626,2.5,0.011647272329710306,97275.00788266362,1132.9885076840874,483542.5681441079,0.9878559477846613,5104768.267751631,52.477695750065365
Rio Grande,2010-2014,1,30,5,0.002545432929713081,2.5,0.01264668641841245,96142.01937497953,1215.877970668298,477670.4019482269,0.9874982421337138,4621225.699607523,48.066659402935045
Rio Grande,2010-2014,1,35,5,0.002486354012637223,2.5,0.012354972971626048,94926.14140431123,1172.8099113510252,471698.6822431786,0.9850216623897993,4143555.2976592965,43.65030787474008
Rio Grande,2010-2014,1,40,5,0.003558278122472402,2.5,0.017634519301782385,93753.3314929602,1653.2949338190083,464633.4201302535,0.9788730749372613,3671856.615416118,39.16507879713941
Rio Grande,2010-2014,1,45,5,0.004998086092966326,2.5,0.024682023271680488,92100.0365591412,2273.2152456753392,454817.1446815176,0.9730241377395709,3207223.1952858646,34.82325648401209
Rio Grande,2010-2014,1,50,5,0.00595284185309246,2.5,0.02932775061220876,89826.82131346586,2634.4186137687648,442548.06003290735,0.9629047424178986,2752406.0506043467,30.641249577332378
Rio Grande,2010-2014,1,55,5,0.009227559890749809,2.5,0.04509745088142775,87192.4026996971,3932.1550979832537,426131.6257535274,0.9463669322457562,2309857.9905714397,26.491505212064357
Rio Grande,2010-2014,1,60,5,0.012918527470033027,2.5,0.06257179860242804,83260.24760171384,5209.743444522726,403276.8793972624,0.9274811659564073,1883726.3648179122,22.62455876697558
Rio Grande,2010-2014,1,65,5,0.017346989607938068,2.5,0.08312981782489476,78050.50415719111,6488.32419172849,374031.71030663437,0.8923672313680431,1480449.4854206496,18.96784013642082
Rio Grande,2010-2014,1,70,5,0.028806658224592,2.5,0.1343573271173612,71562.17996546262,9614.903222851135,333773.64177018526,0.8410158753526495,1106417.7751140154,15.460928882378868
Rio Grande,2010-2014,1,75,5,0.04136306180874593,2.5,0.18743327381877564,61947.27674261149,11610.980884025368,280708.93150299403,0.771511559183296,772644.1333438301,12.47260854668618
Rio Grande,2010-2014,1,80,5,0.06484972768379346,2.5,0.27901372775636624,50336.29585858612,14044.517548951459,216570.18542055195,0.559758714948351,491935.20184083603,9.772971837714676
Rio Grande,2010-2014,1,85,NA,0.13996707742989167,7.587531646173999,1,36291.77830963466,36291.77830963466,275365.0164202841,0,275365.0164202841,7.587531646173999
Rio Grande,2010-2014,2,0,1,0.00792028027555711,0.13275168555805572,0.0078662481988279135,100000,786.6248198827816,99317.80095085847,0.9919665293866708,8204399.935765828,82.04399935765828
Rio Grande,2010-2014,2,1,4,1.9047112933667006e-4,1.511201614180507,7.615235215082648e-4,99213.37518011722,75.55331884788757,396665.46374247695,0.999180549634272,8105082.13481497,81.69344224103428
Rio Grande,2010-2014,2,5,5,9.062431786951793e-5,2.5,4.5301895301359254e-4,99137.82186126933,44.91131226364814,495576.8310256875,0.9994991430202632,7708416.671072493,77.75454943784658
Rio Grande,2010-2014,2,10,5,1.0977345482620699e-4,2.5,5.487166878146794e-4,99092.91054900568,54.37393366236938,495328.61791087245,0.9987554937472107,7212839.840046805,72.7886566262452
Rio Grande,2010-2014,2,15,5,3.8851255259057105e-4,2.5,0.0019406778187200883,99038.53661534331,192.20189120787836,494712.1783486969,0.997568770299791,6717511.222135933,67.82724635993095
Rio Grande,2010-2014,2,20,5,5.85402575621435e-4,2.5,0.002922735435976973,98846.33472413543,288.90168521468877,493509.41940764047,0.9965030701359767,6222799.043787236,62.95427201376854
Rio Grande,2010-2014,2,25,5,8.162236468341772e-4,2.5,0.004072807429837798,98557.43303892075,401.40544554665394,491783.6515807371,0.9952751164062376,5729289.624379596,58.13148179414408
Rio Grande,2010-2014,2,30,5,0.0010788271232459634,2.5,0.0053796263990492565,98156.02759337409,528.0427572671178,489460.0310737027,0.9942742479273766,5237505.972798859,53.35898468198005
Rio Grande,2010-2014,2,35,5,0.001218450249846852,2.5,0.006073749844196339,97627.98483610697,592.967957687506,486657.5042863161,0.993119216120099,4748045.941725156,48.634066857939764
Rio Grande,2010-2014,2,40,5,0.0015444906081930707,2.5,0.007692749592224424,97035.01687841947,746.4660865229525,483308.91917579,0.990382147346582,4261388.43743884,43.915985945343515
Rio Grande,2010-2014,2,45,5,0.002325012076745668,2.5,0.011557879858099201,96288.55079189652,1112.8915017632244,478660.5252050745,0.9857098306337706,3778079.51826305,39.237058686535
Rio Grande,2010-2014,2,50,5,0.0034402169526560745,2.5,0.017054407607855246,95175.65929013329,1623.1644878802908,471820.3852309657,0.979680090562591,3299418.993057975,34.66662608556283
Rio Grande,2010-2014,2,55,5,0.004784977124129978,2.5,0.02364206872560211,93552.494802253,2211.7745115664,462233.037732349,0.974242649583056,2827598.6078270096,30.224726917265635
Rio Grande,2010-2014,2,60,5,0.005663848780392767,2.5,0.02792385270425666,91340.7202906866,2550.58481929783,450327.1394051884,0.9625991928385198,2365365.5700946604,25.896068725613507
Rio Grande,2010-2014,2,65,5,0.009657679076985157,2.5,0.047149996547093814,88790.13547138877,4186.454580891979,433484.5409047139,0.9376599418734586,1915038.4306894722,21.568144034497653
Rio Grande,2010-2014,2,70,5,0.016294120598886856,2.5,0.07828177143336011,84603.68089049679,6622.926009890813,406461.0894277569,0.8980560621084033,1481553.8897847582,17.51169540368279
Rio Grande,2010-2014,2,75,5,0.0272627239999595,2.5,0.1276157383669261,77980.75488060598,9951.57161249881,365024.8453717829,0.8272472839494162,1075092.8003570014,13.78664264026482
Rio Grande,2010-2014,2,80,5,0.050575400163939674,2.5,0.224492505119179,68029.18326810717,15272.041773069119,301965.811907863,0.5747367420430217,710067.9549852185,10.437696307286203
Rio Grande,2010-2014,2,85,NA,0.10767359336745441,7.735486258590006,1,52757.14149503805,52757.14149503805,408102.14307735546,0,408102.14307735546,7.735486258590006
Rio Grande,2015-2019,1,0,1,0.010398091697859383,0.12854112792150652,0.010304715423598083,100000,1030.47154235981,99101.98643198614,0.9893528915593465,7732029.063624183,77.32029063624182
Rio Grande,2015-2019,1,1,4,3.2279798700289694e-4,1.621951892428699,0.0012902015517012933,98969.52845764019,127.69063918720349,395574.4593476871,0.9986538650677644,7632927.077192197,77.12401176549159
Rio Grande,2015-2019,1,5,5,1.6084236144917478e-4,2.5,8.038885589104809e-4,98841.83781845299,79.45782256394159,494010.54453585506,0.9991348827123344,7237352.617844509,73.2215504849036
Rio Grande,2015-2019,1,10,5,1.8536491601042995e-4,2.5,9.263952770953217e-4,98762.37999588904,91.49300238287833,493583.167473488,0.9978771431548712,6743342.073308654,68.27844846984594
Rio Grande,2015-2019,1,15,5,6.65189925026751e-4,2.5,0.0033204278372734233,98670.88699350617,327.62955990170303,492535.36106777657,0.9939326120033256,6249758.905835167,63.33944181779254
Rio Grande,2015-2019,1,20,5,0.0017725198392395207,2.5,0.008823499625851742,98343.25743360446,867.7316951704415,489546.95793009625,0.9906744451513839,5757223.54476739,58.542127798180026
Rio Grande,2015-2019,1,25,5,0.0019761306146417468,2.5,0.009832079390485915,97475.52573843402,958.3871076896467,484981.660922946,0.9888050761700086,5267676.586837294,54.04101744444637
Rio Grande,2015-2019,1,30,5,0.0025301639096002044,2.5,0.012571300918300504,96517.13863074438,1213.345993500392,479552.3281699709,0.988206893822498,4782694.925914347,49.55280475327806
Rio Grande,2015-2019,1,35,5,0.0022131788141455944,2.5,0.01100500396665649,95303.79263724398,1048.8186160102923,473896.9166461942,0.9879123789619872,4303142.597744376,45.15185050529397
Rio Grande,2015-2019,1,40,5,0.002653949537320623,2.5,0.013182284889395516,94254.97402123369,1242.4959197904682,468168.63030669227,0.9824001769011202,3829245.681098182,40.626457339381716
Rio Grande,2015-2019,1,45,5,0.004464555081887748,2.5,0.022076372457328703,93012.47810144322,2053.378109746598,459928.9452328496,0.9728816005032936,3361077.05079149,36.13576500053855
Rio Grande,2015-2019,1,50,5,0.00656072096901901,2.5,0.03227424898982779,90959.09999169662,2935.636641022662,447456.40835592645,0.9666903054868058,2901148.1055586403,31.895083678526692
Rio Grande,2015-2019,1,55,5,0.006996198056266771,2.5,0.034379672781609395,88023.46335067396,3026.2178671001457,432551.77208561945,0.9558259726209156,2453691.697202714,27.875427798466955
Rio Grande,2015-2019,1,60,5,0.011166690591279881,2.5,0.05431709740505281,84997.24548357382,4616.803662092483,413444.21826263785,0.9315131756371592,2021139.9251170945,23.77888734650455
Rio Grande,2015-2019,1,65,5,0.01742115901125753,2.5,0.08347041655733459,80380.44182148133,6709.388961901641,385128.73670265253,0.8990462966679306,1607695.7068544568,20.001080740822786
Rio Grande,2015-2019,1,70,5,0.025538531671468304,2.5,0.12002923246999879,73671.0528595797,8842.679929992053,346248.5644729183,0.8549788795362754,1222566.9701518042,16.594943640646363
Rio Grande,2015-2019,1,75,5,0.03797744867292239,2.5,0.1734219366225114,64828.37292958764,11242.661981535486,296035.2096940995,0.793990053256951,876318.4056788859,13.51751349105562
Rio Grande,2015-2019,1,80,5,0.055953509545943726,2.5,0.2454351523762342,53585.710948052154,13151.817131724012,235049.01191095074,0.5949408607084443,580283.1959847864,10.829065915488796
Rio Grande,2015-2019,1,85,NA,0.14130005586221997,8.538237391681088,1,40433.89381632814,40433.89381632814,345234.18407383567,0,345234.18407383567,8.538237391681088
Rio Grande,2015-2019,2,0,1,0.005131699206900391,0.13848297257103384,0.005109111588290599,100000,510.9111588290689,99559.84133716529,0.994658761173792,8437482.17359429,84.3748217359429
Rio Grande,2015-2019,2,1,4,1.8904995794549176e-4,1.5156874754458511,7.558448423144106e-4,99489.08884117093,75.1983146671555,397769.53924973076,0.999264095506728,8337922.332257125,83.80740470513481
Rio Grande,2015-2019,2,5,5,8.536562071634275e-5,2.5,4.267370319026862e-4,99413.89052650378,42.423588573161396,496963.393661086,0.99952739455986,7940152.793007393,79.86965152410514
Rio Grande,2015-2019,2,10,5,1.0372557661146981e-4,2.5,5.184934304822339e-4,99371.46693793061,51.523452784720575,496728.5260576913,0.9989154460753191,7443189.399346308,74.90268211493216
Rio Grande,2015-2019,2,15,5,3.3045438886512005e-4,2.5,0.001650908069782419,99319.9434851459,163.96809618995758,496189.7971852545,0.9978102953797203,6946460.873288617,69.94024190446218
Rio Grande,2015-2019,2,20,5,5.466244052325268e-4,2.5,0.002729392145267501,99155.97538895594,270.6355403829366,495103.2880938223,0.9967429539449101,6450271.076103361,65.05176365621024
Rio Grande,2015-2019,2,25,5,7.586650237261345e-4,2.5,0.00378614408090824,98885.339848573,374.3941441562929,493490.7138824743,0.9959878727848893,5955167.788009539,60.22295920840158
Rio Grande,2015-2019,2,30,5,8.495945437086855e-4,2.5,0.004238969205772993,98510.9457044167,417.5848652725981,491510.76635890204,0.9953060317174891,5461677.074127065,55.442337245598004
Rio Grande,2015-2019,2,35,5,0.0010328408916820827,2.5,0.005150904296942854,98093.36083914411,505.26951384791755,489203.63041110075,0.9940068289683509,4970166.307768163,50.66771354606112
Rio Grande,2015-2019,2,40,5,0.001372654071595928,2.5,0.006839798664266137,97588.09132529619,667.4828966950445,486271.7493847434,0.9911115277845413,4480962.677357063,45.917105422427035
Rio Grande,2015-2019,2,45,5,0.002202309985705269,2.5,0.010951254784108733,96920.60842860115,1061.4022767324495,481949.5364511746,0.9892108246152519,3994690.927972319,41.21611484636007
Rio Grande,2015-2019,2,50,5,0.002136410273326732,2.5,0.01062530135918129,95859.2061518687,1018.5329534154735,476749.6983758048,0.9848435335358435,3512741.391521144,36.64479951936954
Rio Grande,2015-2019,2,55,5,0.00398659906740705,2.5,0.019736293612758513,94840.67319845322,1871.8033726763533,469523.85756057524,0.9784494994095017,3035991.6931453394,32.01149454931172
Rio Grande,2015-2019,2,60,5,0.004735656946616721,2.5,0.02340123418995593,92968.86982577687,2175.5862951685267,459405.383390963,0.9655947359866044,2566467.8355847644,27.605668869529236
Rio Grande,2015-2019,2,65,5,0.009348071527667064,2.5,0.045672972112855044,90793.28353060834,4146.799106728024,443599.4198862217,0.9383051534703452,2107062.4521938013,23.207250253081394
Rio Grande,2015-2019,2,70,5,0.016337826801331046,2.5,0.07848350906211153,86646.48442388032,6800.320145481703,416231.62175569736,0.9072367207681331,1663463.0323075796,19.19827496023738
Rio Grande,2015-2019,2,75,5,0.022890921868586194,2.5,0.10825922565299036,79846.16427839862,8644.08391614091,377620.6116016408,0.8577075223102527,1247231.4105518821,15.620429883183569
Rio Grande,2015-2019,2,80,5,0.03967094647329511,2.5,0.18045743887107019,71202.08036225771,12848.945064465152,323888.03915012564,0.6275482784469673,869610.7989502414,12.213277962187163
Rio Grande,2015-2019,2,85,NA,0.10453746599524909,9.352072635260095,1,58353.135297792556,58353.135297792556,545722.7598001157,0,545722.7598001157,9.352072635260095
Rio Grande,2020-2024,1,0,1,0.010511927879557499,0.128313973512737,0.010416480619286161,100000,1041.6480619286158,99092.00993989929,0.9892059905400232,7651393.220661152,76.51393220661153
Rio Grande,2020-2024,1,1,4,3.427555966022174e-4,1.621615143894091,0.0013699056328705821,98958.35193807138,135.56360373954521,395510.9853301123,0.9985872847980218,7552301.2107212525,76.31797683380499
Rio Grande,2020-2024,1,5,5,1.6981394014955903e-4,2.5,8.487093940321887e-4,98822.78833433184,83.8718288037926,493904.2620996497,0.9990873804594594,7156790.22539114,72.42044417102136
Rio Grande,2020-2024,1,10,5,1.9541221307080073e-4,2.5,9.765839742648522e-4,98738.91650552805,96.42684349557385,493453.5154189013,0.9976563043953196,6662885.96329149,67.47983671583492
Rio Grande,2020-2024,1,15,5,7.438092913682659e-4,2.5,0.003712143639516415,98642.48966203247,366.17509058499127,492297.0105836999,0.99365597439167,6169432.447872589,62.54335701592907
Rio Grande,2020-2024,1,20,5,0.001805253526565786,2.5,0.00898571390354621,98276.31457144748,883.0828462339268,489173.8657416526,0.9896419631985532,5677135.43728889,57.7670770627197
Rio Grande,2020-2024,1,25,5,0.0023624313448234596,2.5,0.011742802810528117,97393.23172521355,1143.6695152292523,484106.9848379946,0.9893127205183979,5187961.571547237,53.268194099818096
Rio Grande,2020-2024,1,30,5,0.0019331404601926091,2.5,0.00961921407117245,96249.5622099843,925.8451431544818,478933.19819203526,0.9842457586449455,4703854.586709242,48.87143877545134
Rio Grande,2020-2024,1,35,5,0.004438480982477062,2.5,0.021948855962938732,95323.71706682982,2092.2465357517503,471387.96899476973,0.9809825358466319,4224921.3885172075,44.3218279618197
Rio Grande,2020-2024,1,40,5,0.0032299297521496094,2.5,0.016020287750638584,93231.47053107807,1493.5949853230559,462423.3651920827,0.9822898626207399,3753533.4195224373,40.260369145107745
Rio Grande,2020-2024,1,45,5,0.003923612923451761,2.5,0.01942749964555962,91737.87554575501,1782.237544649557,454233.7838671512,0.9690934102759324,3291110.0543303546,35.87515009205643
Rio Grande,2020-2024,1,50,5,0.008708162574103515,2.5,0.04261310818584214,89955.63800110546,3833.2893340675655,440194.9666703584,0.9549796247999757,2836876.2704632035,31.536392087267963
Rio Grande,2020-2024,1,55,5,0.009738414584346902,2.5,0.04753478921045708,86122.34866703789,4093.8076901971363,420377.22410969663,0.9448668574949214,2396681.303792845,27.82879636804588
Rio Grande,2020-2024,1,60,5,0.013033415575961932,2.5,0.06311070767863781,82028.54097684076,5176.879270894555,397200.50670696737,0.9265246959594503,1976304.0796831485,24.09288347870434
Rio Grande,2020-2024,1,65,5,0.017653826294743248,2.5,0.08453808002364491,76851.6617059462,6496.891927247372,368016.07871161256,0.9004637996557193,1579103.5729761813,20.547422631123176
Rio Grande,2020-2024,1,70,5,0.024610266233292107,2.5,0.11591931797414701,70354.76977869883,8155.476928974895,331385.1565710569,0.857877460031576,1211087.4942645687,17.214006926240376
Rio Grande,2020-2024,1,75,5,0.037579667558687066,2.5,0.17176148868318694,62199.29284972393,10683.443134910092,284287.85641134443,0.8007250900576451,879702.3376935117,14.143285194880093
Rio Grande,2020-2024,1,80,5,0.05261518209104933,2.5,0.23249411055091437,51515.84971481384,11977.131658720224,227636.41942726864,0.617684106478103,595414.4812821673,11.557889165728941
Rio Grande,2020-2024,1,85,NA,0.11618347234875613,9.301719426844633,1,39538.71805609362,39538.71805609362,367778.06185489864,0,367778.06185489864,9.301719426844633
Rio Grande,2020-2024,2,0,1,0.006466844742325175,0.13573888800644135,0.006430902157317024,100000,643.0902157317032,99444.20213503954,0.9933410089524956,8510979.645242294,85.10979645242294
Rio Grande,2020-2024,2,1,4,2.0384644437159682e-4,1.5135369221900452,8.14972703146139e-4,99356.9097842683,80.97316934313858,397226.3023412082,0.9992061786587603,8411535.443107255,84.65979327830401
Rio Grande,2020-2024,2,5,5,8.337795503272624e-5,2.5,4.168028947310952e-4,99275.93661492516,41.37849775822542,496276.2368302302,0.9995380816832046,8014309.140766047,80.72761047676859
Rio Grande,2020-2024,2,10,5,1.0143622693670095e-4,2.5,5.070525509394399e-4,99234.55811716693,50.317135834658984,496046.99774624803,0.9988897321233688,7518032.903935817,75.76022956699443
Rio Grande,2020-2024,2,15,5,3.430518031127249e-4,2.5,0.0017137892193589837,99184.24098133227,169.9808829241083,495496.25269935105,0.9974975548257479,7021985.906189569,70.7973951982069
Rio Grande,2020-2024,2,20,5,6.595768214219775e-4,2.5,0.0032924550395357576,99014.26009840817,325.99999964691233,494256.30049292353,0.9964061637744377,6526489.653490218,65.91464347664346
Rio Grande,2020-2024,2,25,5,7.807636053313692e-4,2.5,0.0038962129734361486,98688.26009876125,384.51047932263464,492480.02429549966,0.9957264882561816,6032233.352997295,61.12412304118646
Rio Grande,2020-2024,2,30,5,9.326266832796205e-4,2.5,0.004652286300542746,98303.74961943862,457.3371876464953,490375.40512807685,0.9939111025723598,5539753.328701795,56.353428532967804
Rio Grande,2020-2024,2,35,5,0.0015121395503950937,2.5,0.007532223320013964,97846.41243179212,737.0010294984531,487389.5595852145,0.9925132207829956,5049377.923573718,51.60514113988181
Rio Grande,2020-2024,2,40,5,0.0014937555544469513,2.5,0.007440990221051553,97109.41140229367,722.5901806165348,483740.58155992697,0.9909460754890536,4561988.363988504,46.97781912290277
Rio Grande,2020-2024,2,45,5,0.002147255337664625,2.5,0.010678950604109795,96386.82122167714,1029.3101027134544,479360.8308516021,0.9877521237735711,4078247.7824285766,42.311259264885784
Rio Grande,2020-2024,2,50,5,0.0027860179559964886,2.5,0.013833737179530672,95357.51111896368,1319.1507469139178,473489.67872753355,0.9839113678282082,3598886.9515769742,37.740990818092634
Rio Grande,2020-2024,2,55,5,0.0037091094096978303,2.5,0.018375158366484613,94038.36037204976,1727.9697643609543,465871.8774493464,0.9727721572298846,3125397.272849441,33.23534417746374
Rio Grande,2020-2024,2,60,5,0.007383052285131385,2.5,0.03624624168196332,92310.39060768881,3345.9047277227364,453187.19121913717,0.9583614580583661,2659525.3954000943,28.810682934956343
Rio Grande,2020-2024,2,65,5,0.009675226829663926,2.5,0.04723364360855885,88964.48587996607,4202.1168198729865,434317.1373501479,0.9443481711155766,2206338.2041809573,24.80021305532889
Rio Grande,2020-2024,2,70,5,0.01332718705775432,2.5,0.06448734791738782,84762.36906009309,5466.100383880257,410146.5943407648,0.9108382310076563,1772021.0668308095,20.90575200387
Rio Grande,2020-2024,2,75,5,0.024524135876983613,2.5,0.11553706281656546,79296.26867621283,9161.657975162845,373577.198443157,0.8638356089778771,1361874.4724900445,17.1745089047119
Rio Grande,2020-2024,2,80,5,0.03466124829849703,2.5,0.1594862593993838,70134.61070104998,11185.50671514246,322709.2867173938,0.6734694153349617,988297.2740468876,14.091434516682815
Rio Grande,2020-2024,2,85,NA,0.10176208762067752,11.29089235162269,1,58949.103985907524,58949.103985907524,665587.9873294939,0,665587.9873294939,11.29089235162269
Sabana Grande,1980-1984,1,0,1,0.01789272721271837,0.11358595748338113,0.01761337269881783,100000,1761.3372698817839,98438.7259103689,0.9818331988152021,7193159.905194951,71.93159905194952
Sabana Grande,1980-1984,1,1,4,5.061471085530929e-4,1.5999309080584618,0.0020221319724946503,98238.66273011822,198.65154084168898,392477.87349723215,0.9980043649579533,7094721.179284582,72.21923611455541
Sabana Grande,1980-1984,1,5,5,2.148414642186652e-4,2.5,0.001073630670130324,98040.01118927653,105.25876291272289,489936.90903910086,0.9987501515502076,6702243.30578735,68.36232701818003
Sabana Grande,1980-1984,1,10,5,2.854546908010019e-4,2.5,0.0014262556256084814,97934.7524263638,139.6799915906886,489324.5621528423,0.9970886290468485,6212306.396748249,63.43311483244135
Sabana Grande,1980-1984,1,15,5,8.816605313210087e-4,2.5,0.004398607460129119,97795.07243477312,430.1621351754584,487899.9568359269,0.993964063380222,5722981.834595406,58.52014515774804
Sabana Grande,1980-1984,1,20,5,0.0015420216616060317,2.5,0.00768049956627229,97364.91029959766,747.8111513261829,484955.02361967287,0.9913359283908472,5235081.87775948,53.76764443833841
Sabana Grande,1980-1984,1,25,5,0.0019404189104469177,2.5,0.009655256446748375,96617.09914827147,932.862869417484,480753.3385678136,0.9893395835932689,4750126.854139807,49.164453249109876
Sabana Grande,1980-1984,1,30,5,0.002348786696480607,2.5,0.011675376062473174,95684.23627885399,1117.149441806163,475628.30778975453,0.9877774440189235,4269373.515571994,44.61940317033722
Sabana Grande,1980-1984,1,35,5,0.0025716680526887237,2.5,0.012776199900645482,94567.08683704783,1208.2080054518156,469814.91417160956,0.9854314296226685,3793745.2077822387,40.116972349157656
Sabana Grande,1980-1984,1,40,5,0.003303893097351919,2.5,0.016384136894777784,93358.87883159601,1529.6046511198365,462970.3825301805,0.9775488119387843,3323930.293610629,35.603794038770005
Sabana Grande,1980-1984,1,45,5,0.005806955169712558,2.5,0.028619298391689866,91829.27418047618,2628.0893988633616,452576.14740522247,0.969574209097821,2860959.911080449,31.155205533451962
Sabana Grande,1980-1984,1,50,5,0.006563047089587997,2.5,0.0322855071879752,89201.18478161281,2879.90549244266,438806.16017695743,0.9555505059032507,2408383.7636752264,26.99945936336566
Sabana Grande,1980-1984,1,55,5,0.011738521909429386,2.5,0.057019303683280446,86321.27928917015,4921.979238118467,419301.44835055456,0.9203476267186302,1969577.6034982689,22.81682592886887
Sabana Grande,1980-1984,1,60,5,0.021863942296306255,2.5,0.10365399885705136,81399.30005105169,8437.36295445649,385903.0928691172,0.8871099035693543,1550276.1551477143,19.045325379645995
Sabana Grande,1980-1984,1,65,5,0.026256156291610034,2.5,0.12319426196696473,72961.9370965952,8988.491992295145,342338.4555022381,0.845589084804896,1164373.0622785971,15.958636908681159
Sabana Grande,1980-1984,1,70,5,0.041992275473404964,2.5,0.19001361699558333,63973.44510430005,12155.825695936437,289477.66128165915,0.779576670247119,822034.606776359,12.849622299317206
Sabana Grande,1980-1984,1,75,5,0.05923350222000579,2.5,0.25796681615632083,51817.619408363615,13367.226299575545,225670.0312928792,0.6936906513520814,532556.9454946999,10.277526284982953
Sabana Grande,1980-1984,1,80,5,0.09123697589956252,2.5,0.37145809609501657,38450.39310878807,14282.709818295363,156545.19099820196,0.4898929092321877,306886.9142018207,7.981372604788267
Sabana Grande,1980-1984,1,85,NA,0.1775813989921343,6.220775131671864,1,24167.683290492707,24167.683290492707,150341.7232036187,0,150341.7232036187,6.220775131671864
Sabana Grande,1980-1984,2,0,1,0.012340247561154583,0.12366745939498582,0.012208225847457031,100000,1220.822584745707,98930.15344268181,0.9875364824033019,7736227.859121833,77.36227859121833
Sabana Grande,1980-1984,2,1,4,2.8273235300268405e-4,1.5041372165461875,0.0011301319218106208,98779.1774152543,111.63350160718255,394838.08775896917,0.9987587505593346,7637297.705679151,77.31687897716525
Sabana Grande,1980-1984,2,5,5,1.479192462860637e-4,2.5,7.393228312404205e-4,98667.54391364711,72.94716791778046,493155.3516484411,0.9992375622147446,7242459.617920182,73.40265431415536
Sabana Grande,1980-1984,2,10,5,1.5717570451216788e-4,2.5,7.855698413277039e-4,98594.59674572933,77.45294172130525,492779.3513743434,0.9983381787149854,6749304.266271741,68.4551130492259
Sabana Grande,1980-1984,2,15,5,5.083976755721607e-4,2.5,0.0025387616265863324,98517.14380400802,250.11154425049608,491960.44015941385,0.9964937486132764,6256524.914897398,63.50696613113606
Sabana Grande,1980-1984,2,20,5,8.972488591740563e-4,2.5,0.004476203624381764,98267.03225975753,439.8632459583605,490235.50318389176,0.9947888400707832,5764564.474737984,58.662242485353836
Sabana Grande,1980-1984,2,25,5,0.001193434289460033,2.5,0.005949420840217306,97827.16901379917,582.0149980701681,487680.8075738204,0.9927519730191067,5274328.971554092,53.914766467484235
Sabana Grande,1980-1984,2,30,5,0.0017182302823431272,2.5,0.0085544053160619,97245.154015729,831.87446247341,484146.0839224615,0.9912799104830553,4786648.163980272,49.22248529943251
Sabana Grande,1980-1984,2,35,5,0.0017853741468162815,2.5,0.008887203276662273,96413.27955325559,856.8444139594358,479924.2867313794,0.9907116676828406,4302502.08005781,44.62561692739895
Sabana Grande,1980-1984,2,40,5,0.0019480529431548687,2.5,0.009693058239196745,95556.43513929615,926.2340909352351,475466.59046914265,0.9872880645259313,3822577.793326431,40.00335286424318
Sabana Grande,1980-1984,2,45,5,0.0031771084440069233,2.5,0.01576036127779392,94630.20104836092,1491.4061563124415,469422.4898510235,0.9804965933765595,3347111.202857288,35.370433178586836
Sabana Grande,1980-1984,2,50,5,0.004716236891190701,2.5,0.023306388334791105,93138.79489204848,2170.728922788534,460267.1521532711,0.9737416001794597,2877688.7130062645,30.896778472833137
Sabana Grande,1980-1984,2,55,5,0.00594318147233198,2.5,0.029280853792279057,90968.06596925994,2663.6226394123078,448181.273247769,0.9584385349463327,2417421.5608529937,26.574397675662272
Sabana Grande,1980-1984,2,60,5,0.011144590038559969,2.5,0.05421250970377479,88304.44332984764,4787.2054909057915,429554.2029219737,0.9383789132366708,1969240.2876052246,22.300579827556707
Sabana Grande,1980-1984,2,65,5,0.014390609674075124,2.5,0.06945432323089354,83517.23783894184,5800.6332322172675,403084.60611416603,0.8982532475558814,1539686.0846832509,18.435548451116716
Sabana Grande,1980-1984,2,70,5,0.029288055874171205,2.5,0.13644943283842884,77716.60460672458,10604.386620715988,362072.05648183293,0.8220531475120577,1136601.4785690848,14.624950283413927
Sabana Grande,1980-1984,2,75,5,0.050958609242951924,2.5,0.2260012701764308,67112.21798600859,15167.446509195455,297642.4736570543,0.7446950002836127,774529.4220872519,11.540810977946283
Sabana Grande,1980-1984,2,80,5,0.06870381917982223,2.5,0.2931651775317129,51944.771476813134,15228.39815184418,221652.86200445524,0.5352087895588553,476886.94843019755,9.180653507024632
Sabana Grande,1980-1984,2,85,NA,0.1475774330164615,6.951505917175389,1,36716.373324968954,36716.373324968954,255234.0864257423,0,255234.0864257423,6.951505917175389
Sabana Grande,1985-1989,1,0,1,0.016379300412679536,0.11660592499151862,0.016145682447436895,100000,1614.5682447436848,98573.69997889659,0.983331940052079,7197045.731867815,71.97045731867816
Sabana Grande,1985-1989,1,1,4,4.7727732889547923e-4,1.6043530587858728,0.001906928955948169,98385.43175525632,187.61402865755372,393092.2700471429,0.9980485595402209,7098472.031888919,72.14962525699012
Sabana Grande,1985-1989,1,5,5,2.3034173460648438e-4,2.5,0.0011510458382949108,98197.81772659876,113.03018942385097,490706.51315943414,0.998760001684793,6705379.761841776,68.28440709864671
Sabana Grande,1985-1989,1,10,5,2.6598741542338214e-4,2.5,0.0013290532984873494,98084.78753717491,130.35991040770023,490098.0379098553,0.9970468158205333,6214673.248682342,63.360215225290986
Sabana Grande,1985-1989,1,15,5,9.1799727138193e-4,2.5,0.004579476489605112,97954.42762676721,448.57999836951785,488650.68813791225,0.9932963390931004,5724575.210772486,58.44120934057889
Sabana Grande,1985-1989,1,20,5,0.0017753685601902007,2.5,0.008837617729292091,97505.84762839769,861.7194077103777,485374.93962271255,0.9906899080416712,5235924.522634574,53.698569367747936
Sabana Grande,1985-1989,1,25,5,0.001966980997104545,2.5,0.009786778964905644,96644.12822068731,945.8347211518849,480856.05430055683,0.9880689810982554,4750549.583011861,49.15507719376348
Sabana Grande,1985-1989,1,30,5,0.002839302333400857,2.5,0.014096451448279852,95698.29349953543,1349.0063479994278,475118.9516276785,0.9845930599450436,4269693.528711305,44.61619295993018
Sabana Grande,1985-1989,1,35,5,0.0033754794988777093,2.5,0.016736166031069328,94349.287151536,1579.045334681141,467798.8224209772,0.9796908481632445,3794574.577083626,40.21837039414081
Sabana Grande,1985-1989,1,40,5,0.004846611810987586,2.5,0.023942953551259277,92770.24181685486,2221.1935907600564,458298.22510737414,0.9746241359595735,3326775.754662649,35.860376016161545
Sabana Grande,1985-1989,1,45,5,0.005441824811737502,2.5,0.026843924226437936,90549.0482260948,2430.6917893573554,446668.5116570807,0.9675360405183061,2868477.5295552746,31.678715411705728
Sabana Grande,1985-1989,1,50,5,0.007796876462502524,2.5,0.03823902002456587,88118.35643673745,3369.559596316234,432167.88319289667,0.9557399272792094,2421809.017898194,27.48359270224106
Sabana Grande,1985-1989,1,55,5,0.010365950341760063,2.5,0.05052051873761513,84748.79684042122,4281.553178766844,413040.1012551889,0.9318615118587537,1989641.1347052974,23.476924851826706
Sabana Grande,1985-1989,1,60,5,0.018124415162344948,2.5,0.08669388586317205,80467.24366165437,6976.01803772751,384896.17321395304,0.9003325272008104,1576601.0334501085,19.593078645508736
Sabana Grande,1985-1989,1,65,5,0.024149492882290954,2.5,0.11387255336878532,73491.22562392686,8368.633511998058,346534.5443396392,0.8468753795541563,1191704.8602361553,16.215607375149922
Sabana Grande,1985-1989,1,70,5,0.04380851798475735,2.5,0.19742080744048252,65122.5921119288,12856.554717354178,293471.57376625855,0.782465720705228,845170.3158965162,12.978143045103122
Sabana Grande,1985-1989,1,75,5,0.05521672399170547,2.5,0.24259532254228683,52266.037394574625,12679.496199744055,229631.44647351297,0.707286993448411,551698.7421302577,10.555587713016974
Sabana Grande,1985-1989,1,80,5,0.08747294832510294,2.5,0.3588832923986827,39586.54119483057,14206.948238676872,162415.3353774607,0.4957099414696209,322067.2956567447,8.13577761370074
Sabana Grande,1985-1989,1,85,NA,0.1783371822385373,6.2905642559004775,1,25379.592956153698,25379.592956153698,159651.960279284,0,159651.960279284,6.2905642559004775
Sabana Grande,1985-1989,2,0,1,0.008397484932941474,0.13177090114187337,0.008336702528538749,100000,833.6702528538735,99276.18322761985,0.9913396987264256,7882464.241384168,78.82464241384169
Sabana Grande,1985-1989,2,1,4,2.7527343426206926e-4,1.5104361849860675,0.0011003396624146714,99166.32974714613,109.11664579687931,396393.6661355929,0.9989134636973831,7783188.058156549,78.48619665568029
Sabana Grande,1985-1989,2,5,5,1.25041122087341e-4,2.5,6.250102304853651e-4,99057.21310134925,61.91177159170911,495131.28607776697,0.999270672105989,7386794.392020956,74.57098943883311
Sabana Grande,1985-1989,2,10,5,1.6681169594004496e-4,2.5,8.337107979199133e-4,98995.30132975754,82.53345166194777,494770.1730196329,0.9983534070605204,6891663.105943189,69.61606271581282
Sabana Grande,1985-1989,2,15,5,4.92636651884455e-4,2.5,0.002460153355142276,98912.76787809559,243.3405777617154,493955.48794607364,0.9964202394817043,6396892.932923556,64.67206479154811
Sabana Grande,1985-1989,2,20,5,9.426419880053339e-4,2.5,0.004702128879739033,98669.42730033387,463.95636365620885,492187.24559252884,0.9947710811644856,5902937.444977482,59.825394820726885
Sabana Grande,1985-1989,2,25,5,0.0011549647632051034,2.5,0.005758197527914726,98205.47093667767,565.4864999752899,489613.63843345013,0.9940868140521733,5410750.199384954,55.09621966859438
Sabana Grande,1985-1989,2,30,5,0.001217508972875334,2.5,0.006069071990363436,97639.98443670238,592.5840946843091,486718.4619468011,0.9929959299860146,4921136.560951503,50.40083311506216
Sabana Grande,1985-1989,2,35,5,0.0015952925735970701,2.5,0.007944777257590557,97047.40034201807,771.0199791455525,483309.4517622264,0.9913421189858228,4434418.099004703,45.693321854854034
Sabana Grande,1985-1989,2,40,5,0.0018841727757766694,2.5,0.009376695592478114,96276.38036287251,902.7543114082946,479125.01603584184,0.9883642847006598,3951108.6472424758,41.03923134989565
Sabana Grande,1985-1989,2,45,5,0.0028027250547589017,2.5,0.013916117644824207,95373.62605146422,1327.230600345647,473550.053756457,0.9803882330486423,3471983.631206634,36.404022526449076
Sabana Grande,1985-1989,2,50,5,0.005142841943446693,2.5,0.025387796159876738,94046.39545111857,2387.6307172841625,464262.9004623825,0.9702380239045351,2998433.577450177,31.882493348813554
Sabana Grande,1985-1989,2,55,5,0.006969370740106743,2.5,0.03425009959561516,91658.76473383441,3139.3218209448823,450445.5191168098,0.9593263401318144,2534170.6769877947,27.647881622087198
Sabana Grande,1985-1989,2,60,5,0.009694399932654465,2.5,0.047325030238382707,88519.44291288953,4189.185312537302,432124.2512831044,0.9415820851025866,2083725.1578709846,23.53974549886789
Sabana Grande,1985-1989,2,65,5,0.014521055830008947,2.5,0.07006184909441074,84330.25760035223,5908.333782088652,406880.45354653953,0.9107915058827172,1651600.9065878803,19.5849147575826
Sabana Grande,1985-1989,2,70,5,0.02323511108768426,2.5,0.10979765373421722,78421.92381826357,8610.543236568876,370583.2609998957,0.862643120977202,1244720.4530413407,15.872097908817935
Sabana Grande,1985-1989,2,75,5,0.03675638250672719,2.5,0.16831526214118256,69811.3805816947,11750.320823045797,319681.100850859,0.783883963446782,874137.192041445,12.521413912141616
Sabana Grande,1985-1989,2,80,5,0.06338952502111427,2.5,0.2735906687499073,58061.0597586489,15884.964167697086,250592.8883740018,0.548038352620669,554456.091190586,9.54953446415509
Sabana Grande,1985-1989,2,85,NA,0.151073614662585,7.204630930364569,1,42176.095590951816,42176.095590951816,303863.2028165842,0,303863.2028165842,7.204630930364569
Sabana Grande,1990-1994,1,0,1,0.016437511313667687,0.11648976804914182,0.01620221130668166,100000,1620.221130668171,98568.51805303169,0.9832413193726495,7144752.430136805,71.44752430136805
Sabana Grande,1990-1994,1,1,4,4.958938233256971e-4,1.6041827373329682,0.0019812214615746353,98379.77886933183,194.91212928088498,393052.141633293,0.9979295201361038,7046183.912083773,71.62227840990093
Sabana Grande,1990-1994,1,5,5,2.6217927072441817e-4,2.5,0.0013100376918054432,98184.86674005094,128.6258761943609,490602.7690097688,0.9986544127276799,6653131.77045048,67.76127514706477
Sabana Grande,1990-1994,1,10,5,2.764275956580893e-4,2.5,0.0013811834852154945,98056.24086385658,135.43366050347686,489942.6201680242,0.9966913030559853,6162529.001440711,62.84688202556021
Sabana Grande,1990-1994,1,15,5,0.0010505270576128957,2.5,0.005238876334711723,97920.8072033531,512.9949995335191,488321.5485179317,0.9933580130274825,5672586.381272688,57.93034742342729
Sabana Grande,1990-1994,1,20,5,0.0016170078766451891,2.5,0.008052487045776935,97407.81220381959,784.375145928745,485078.12315427605,0.9897369465088367,5184264.832754755,53.22226950244006
Sabana Grande,1990-1994,1,25,5,0.0025140149901415197,2.5,0.012491564996578285,96623.43705789084,1206.977944201426,480099.74042895064,0.987640673807168,4699186.709600479,48.63402558102973
Sabana Grande,1990-1994,1,30,5,0.0024601209239643825,2.5,0.012225414624020181,95416.45911368942,1166.5057746207167,474166.03113189526,0.984678918747407,4219086.969171529,44.217601537114845
Sabana Grande,1990-1994,1,35,5,0.003725388557865333,2.5,0.01845506209640506,94249.9533390687,1739.3887414557976,466901.29484170396,0.9795510294205586,3744920.938039634,39.73392882824146
Sabana Grande,1990-1994,1,40,5,0.004547184924654816,2.5,0.02248036863982485,92510.5645976129,2079.671595232663,457353.64399998286,0.9744583484995134,3278019.64319793,35.43400321310453
Sabana Grande,1990-1994,1,45,5,0.00581807902233048,2.5,0.028673335778174318,90430.89300238024,2592.9553597774066,445672.0766124577,0.9675365551278047,2820665.999197947,31.191398266118018
Sabana Grande,1990-1994,1,50,5,0.0074077810172256805,2.5,0.03636543709955539,87837.93764260283,3194.2649962967407,431204.02572227234,0.9521308467449918,2374993.922585489,27.038361627397528
Sabana Grande,1990-1994,1,55,5,0.012330112321129216,2.5,0.059806994214996016,84643.67264630609,5062.283640293637,410562.6541307964,0.9295460007305829,1943789.8968632168,22.96438512286181
Sabana Grande,1990-1994,1,60,5,0.017052934845805404,2.5,0.08177827523074638,79581.38900601245,6508.0287333787855,381636.8731966153,0.8950806766699891,1533227.2427324206,19.266153329097882
Sabana Grande,1990-1994,1,65,5,0.02783525009040592,2.5,0.13012134967618516,73073.36027263367,9508.404264049219,341595.79070304526,0.8477763558395782,1151590.3695358052,15.759373391880015
Sabana Grande,1990-1994,1,70,5,0.038989301065170984,2.5,0.17763212438465673,63564.95600858445,11291.178172222106,289596.834612367,0.7787833629510008,809994.5788327599,12.742785171177811
Sabana Grande,1990-1994,1,75,5,0.06355728192095818,2.5,0.2742154396003876,52273.777836362344,14334.276968971099,225533.19675938395,0.6829862910148864,520397.7442203929,9.955235029108557
Sabana Grande,1990-1994,1,80,5,0.09260537510804695,2.5,0.3759819920265186,37939.500867391245,14264.56911261359,154036.08155542225,0.4776039273565398,294864.54746100894,7.771966966345704
Sabana Grande,1990-1994,1,85,NA,0.16439298709450306,5.9484211977577175,1,23674.931754777655,23674.931754777655,140828.46590558672,0,140828.46590558672,5.9484211977577175
Sabana Grande,1990-1994,2,0,1,0.009613652491837123,0.1292713484431019,0.009533845787350153,100000,953.3845787350147,99169.86073134292,0.9901815087947894,7777775.925193335,77.77775925193335
Sabana Grande,1990-1994,2,1,4,2.6921821792458603e-4,1.5084884329039814,0.001076151032304731,99046.61542126499,106.58911743189674,395920.8936660518,0.9988756390408825,7678606.064461992,77.52517369526814
Sabana Grande,1990-1994,2,5,5,1.3429839467609607e-4,2.5,6.712665983140973e-4,98940.02630383309,66.41513489406498,494534.0936819303,0.9992748118569624,7282685.170795941,73.60706725942924
Sabana Grande,1990-1994,2,10,5,1.558899120547947e-4,2.5,7.791459078063591e-4,98873.61116893902,77.03696953231702,494175.4634208643,0.9983540077511779,6788151.07711401,68.65483112086935
Sabana Grande,1990-1994,2,15,5,5.033354737623912e-4,2.5,0.002513514516262327,98796.5741994067,248.32662340720708,493362.0544385155,0.9965416131495498,6293975.613693146,63.70641557863797
Sabana Grande,1990-1994,2,20,5,8.830732754214341e-4,2.5,0.004405640119480576,98548.2475759995,434.1681132253143,491655.81759693427,0.9947809901857544,5800613.5592546305,58.860646454227926
Sabana Grande,1990-1994,2,25,5,0.001210850088773636,2.5,0.006035978780263387,98114.07946277419,592.2145016823924,489089.8610596649,0.9937711840333594,5308957.741657696,54.11004996150411
Sabana Grande,1990-1994,2,30,5,0.0012887033941604337,2.5,0.006422824182491986,97521.8649610918,626.3657925938169,486043.41032397444,0.9930661693641096,4819867.880598031,49.423458857365056
Sabana Grande,1990-1994,2,35,5,0.00149519629809412,2.5,0.007448140410546763,96895.49916849798,721.6912829569774,482673.26763509744,0.990476837371096,4333824.470274056,44.72678821477232
Sabana Grande,1990-1994,2,40,5,0.0023363178886741183,2.5,0.01161375587933165,96173.807885541,1116.939126768426,478076.6916107839,0.9863427488059282,3851151.202638959,40.04365936328856
Sabana Grande,1990-1994,2,45,5,0.0031698743593336592,2.5,0.0157247580284654,95056.86875877257,1494.7462601752777,471547.47814342467,0.9820631645211538,3373074.5110281752,35.48480562291699
Sabana Grande,1990-1994,2,50,5,0.004078006361390776,2.5,0.020184253026350435,93562.1224985973,1888.4815541940916,463089.40860750125,0.9764331672432763,2901527.0328847505,31.011770098826595
Sabana Grande,1990-1994,2,55,5,0.005477821647947014,2.5,0.027019093797456026,91673.6409444032,2476.9387034311367,452175.8579634382,0.962325152117378,2438437.6242772494,26.599113978205306
Sabana Grande,1990-1994,2,60,5,0.00996764709308128,2.5,0.048626505841414217,89196.70224097207,4337.323962555514,435140.2012984716,0.9409276248444087,1986261.766313811,22.268331859935415
Sabana Grande,1990-1994,2,65,5,0.014518973200956017,2.5,0.07005215268598727,84859.37827841655,5944.582123997592,409435.4360820888,0.9063602755769767,1551121.5650153395,18.278728839212548
Sabana Grande,1990-1994,2,70,5,0.025306621645186263,2.5,0.11900412717438673,78914.79615441896,9391.186437501266,371096.0146783416,0.8372262602956989,1141686.1289332507,14.467326592331572
Sabana Grande,1990-1994,2,75,5,0.04754135903773042,2.5,0.2124557119813474,69523.6097169177,14770.68800192108,310691.32857978577,0.7403654820496492,770590.1142549091,11.083862264812693
Sabana Grande,1990-1994,2,80,5,0.07606033710068826,2.5,0.31954074378013664,54752.92171499661,17495.789328945604,230025.13525261905,0.499835306338228,459898.78567512333,8.399529582531096
Sabana Grande,1990-1994,2,85,NA,0.12186583946292194,6.169923332815826,1,37257.13238605101,37257.13238605101,229873.65042250432,0,229873.65042250432,6.169923332815826
Sabana Grande,1995-1999,1,0,1,0.013932417731178415,0.12148855703832004,0.013763949896824775,100000,1376.394989682478,98790.82125152882,0.9856641659324528,7172016.259604638,71.72016259604638
Sabana Grande,1995-1999,1,1,4,4.8149117388678075e-4,1.611529218960867,0.001923752327274891,98623.60501031752,189.72738966283214,394041.2617146976,0.9980170495145493,7073225.43835311,71.71939656447505
Sabana Grande,1995-1999,1,5,5,2.5582081667793836e-4,2.5,0.0012782865526150956,98433.87762065469,125.82670208424679,491854.82134806283,0.9986517038690585,6679184.176638412,67.85452669434306
Sabana Grande,1995-1999,1,10,5,2.838803905308375e-4,2.5,0.001418395316113524,98308.05091857044,139.43967895915557,491191.6553954543,0.996997578343019,6187329.35529035,62.938175434028054
Sabana Grande,1995-1999,1,15,5,9.198500499727484e-4,2.5,0.004588697964733318,98168.61123961129,450.4661065958935,489716.8909315667,0.993677766406536,5696137.699894895,58.02402242394653
Sabana Grande,1995-1999,1,20,5,0.0016192808592584837,2.5,0.008063760563457294,97718.1451330154,787.9757250578114,486620.78635243245,0.9909592033340856,5206420.808963329,53.279979904205824
Sabana Grande,1995-1999,1,25,5,0.002015257338938079,2.5,0.01002577540105161,96930.16940795758,971.8001080700633,482221.34676961275,0.9885916179658747,4719800.022610896,48.69278627530614
Sabana Grande,1995-1999,1,30,5,0.0025775005860913906,2.5,0.012804990752533081,95958.36929988752,1228.7460315132048,476719.98142065457,0.9849435915241124,4237578.675841283,44.160594920054045
Sabana Grande,1995-1999,1,35,5,0.0034977259955900133,2.5,0.01733702953075994,94729.62326837431,1642.3302760415827,469542.29065176763,0.9808099636837109,3760858.6944206287,39.70097805378056
Sabana Grande,1995-1999,1,40,5,0.004260038830797376,2.5,0.02107573552468,93087.29299233273,1961.883167814798,460531.7570421266,0.9738717154142829,3291316.403768861,35.357311379115465
Sabana Grande,1995-1999,1,45,5,0.006357382502741407,2.5,0.03128961242729984,91125.40982451793,2851.278755688021,448498.8522333696,0.9641217773495806,2830784.6467267345,31.06471238020256
Sabana Grande,1995-1999,1,50,5,0.00829138677834038,2.5,0.040615046248045086,88274.13106882991,3585.257915866532,432407.5105544832,0.9508744223442546,2382285.794493365,26.9873604605162
Sabana Grande,1995-1999,1,55,5,0.01194568285468665,2.5,0.05799639783529654,84688.87315296338,4911.649579602221,411165.2418158114,0.9301487745639893,1949878.2839388817,23.024019701112916
Sabana Grande,1995-1999,1,60,5,0.017195966663736368,2.5,0.08243591998863435,79777.22357336116,6576.508819409006,382444.84581828327,0.9102219417548557,1538713.0421230702,19.287623374209154
Sabana Grande,1995-1999,1,65,5,0.020561201368360166,2.5,0.09777982991042043,73200.71475395215,7157.553437962633,348109.6901748542,0.8491097194575282,1156268.196304787,15.795859373659454
Sabana Grande,1995-1999,1,70,5,0.04686662976140754,2.5,0.20975667745175208,66043.16131598952,13852.994086052051,295583.3213648175,0.7662011429073244,808158.5061299328,12.236823465539828
Sabana Grande,1995-1999,1,75,5,0.06088859760589721,2.5,0.26422262525992296,52190.16722993747,13789.822998248477,226476.27865406615,0.6826592223256688,512575.1847651153,9.821297994827855
Sabana Grande,1995-1999,1,80,5,0.09675063531526816,2.5,0.3895340174204884,38400.34423168899,14958.24035889949,154606.12026119625,0.4596060419707234,286098.9061110492,7.450425558293634
Sabana Grande,1995-1999,1,85,NA,0.17424569236473242,5.6092570258799865,1,23442.103872789503,23442.103872789503,131492.78584985295,0,131492.78584985295,5.6092570258799865
Sabana Grande,1995-1999,2,0,1,0.009190768426181627,0.13014048937672168,0.009117873965929894,100000,911.7873965929903,99206.87306140715,0.9906265426815504,7793148.60129993,77.9314860129993
Sabana Grande,1995-1999,2,1,4,2.497904351026129e-4,1.509165219057432,9.985404618120053e-4,99088.21260340701,98.94358957312943,396106.398279368,0.9989472267286412,7693941.728238523,77.64739645706332
Sabana Grande,1995-1999,2,5,5,1.249222768443579e-4,2.5,6.244163754334944e-4,98989.26901383388,61.81052056442422,494791.8187677583,0.9992888543333395,7297835.329959155,73.7234995536665
Sabana Grande,1995-1999,2,10,5,1.5964952388691152e-4,2.5,7.97929146913557e-4,98927.45849326946,78.93710256187478,494439.94970994256,0.998421794907358,6803043.511191397,68.76800046019825
Sabana Grande,1995-1999,2,15,5,4.7237802257072743e-4,2.5,0.0023591041404813396,98848.52139070758,233.19395609326602,493659.6220633047,0.9968493732444836,6308603.561481454,63.82091985520084
Sabana Grande,1995-1999,2,20,5,7.903628178764125e-4,2.5,0.003944021070364719,98615.32743461432,388.9409292630444,492104.28484991397,0.9955319466683312,5814943.939418149,58.96592437188505
Sabana Grande,1995-1999,2,25,5,0.0010013325219016566,2.5,0.004994160571009904,98226.38650535127,490.55834651780606,489905.5366604618,0.9941337738578233,5322839.654568235,54.189508989809504
Sabana Grande,1995-1999,2,30,5,0.0013530954991590486,2.5,0.006742668808751639,97735.82815883346,659.0003200240753,487031.6399941071,0.9927288719078035,4832934.117907774,49.44895038955035
Sabana Grande,1995-1999,2,35,5,0.0015667477613807612,2.5,0.007803174790317823,97076.82783880939,757.5074557158077,483490.3705547574,0.990995768752895,4345902.4779136665,44.767660570139284
Sabana Grande,1995-1999,2,40,5,0.0020534343350649474,2.5,0.010214733464277028,96319.32038309358,983.8761851736053,479136.9114525339,0.9881924130605022,3862412.1073589087,40.10007641246665
Sabana Grande,1995-1999,2,45,5,0.002701498620563334,2.5,0.013416878903193563,95335.44419791998,1279.1041099856666,473479.4607146357,0.9821326052725946,3383275.195906375,35.488114880784195
Sabana Grande,1995-1999,2,50,5,0.004526333049664909,2.5,0.02237843462768688,94056.34008793431,2104.8336579773168,465019.61629472824,0.970772497521765,2909795.735191739,30.936731457670362
Sabana Grande,1995-1999,2,55,5,0.007380377956647348,2.5,0.03623335023481545,91951.506429957,3331.7111370955245,451428.2543070462,0.9546964981668136,2444776.118897011,26.587667932980427
Sabana Grande,1995-1999,2,60,5,0.01125071978084335,2.5,0.05471465089149942,88619.79529286147,4848.801161525043,430976.9735604948,0.9387179223931854,1993347.864589965,22.49325738118167
Sabana Grande,1995-1999,2,65,5,0.014127898216827214,2.5,0.06822963764411831,83770.99413133643,5715.664574668655,404565.8092200105,0.9121060320892153,1562370.8910294701,18.650499581991117
Sabana Grande,1995-1999,2,70,5,0.023056188872380725,2.5,0.10899823464979903,78055.32955666777,8507.89312668507,369006.9149666262,0.8403340164755048,1157805.0818094597,14.833132963315453
Sabana Grande,1995-1999,2,75,5,0.048564265800617956,2.5,0.2165320312082294,69547.4364299827,15059.24767550936,310089.06296114007,0.744757886165356,788798.1668428335,11.341872645973957
Sabana Grande,1995-1999,2,80,5,0.07187917137590948,2.5,0.30465074848005497,54488.18875447334,16599.867487372816,230941.27505393466,0.5175749256044884,478709.1038816934,8.785557289099513
Sabana Grande,1995-1999,2,85,NA,0.14345943169658676,6.539424829120164,1,37888.321267100524,37888.321267100524,247767.82882775873,0,247767.82882775873,6.539424829120164
Sabana Grande,2000-2004,1,0,1,0.014132747059856196,0.12108880987940995,0.013959351953172995,100000,1395.9351953173027,98773.09693615245,0.9856381150674456,7423667.899740779,74.2366789974078
Sabana Grande,2000-2004,1,1,4,3.9334917532384407e-4,1.6109404725650898,0.0015719195141475082,98604.0648046827,154.99765364073392,394045.96059757035,0.9983624254460473,7324894.8028046265,74.285931490897
Sabana Grande,2000-2004,1,5,5,1.896751752218823e-4,2.5,9.479263808534468e-4,98449.06715104196,93.32246792288788,492012.0295854026,0.9989220447662535,6930848.842207056,70.40035058507613
Sabana Grande,2000-2004,1,10,5,2.417675328541217e-4,2.5,0.0012081074613697136,98355.74468311908,118.82430902024498,491481.6626430447,0.9975417817358128,6438836.812621653,65.46477618939485
Sabana Grande,2000-2004,1,15,5,7.433470821948891e-4,2.5,0.0037098411619665593,98236.92037409883,364.44337082866696,490273.4934434225,0.994635469295745,5947355.149978609,60.54093641504961
Sabana Grande,2000-2004,1,20,5,0.0014100293452234856,2.5,0.0070253817400801515,97872.47700327016,687.5915127951885,487643.40623436286,0.9922412242844101,5457081.656535186,55.757060857393554
Sabana Grande,2000-2004,1,25,5,0.0017067230221500123,2.5,0.008497358517228023,97184.88549047498,825.8148144683073,483859.8904162041,0.9906462633871798,4969438.250300823,51.13385919241397
Sabana Grande,2000-2004,1,30,5,0.002053984048777317,2.5,0.010217454024920828,96359.07067600667,984.5443745162047,479333.99244374287,0.9882993061488411,4485578.359884619,46.550660237962674
Sabana Grande,2000-2004,1,35,5,0.002657386760616269,2.5,0.01319924505543027,95374.52630149046,1258.8717446989467,473725.45214570494,0.9849517352972567,4006244.367440876,42.00539203494077
Sabana Grande,2000-2004,1,40,5,0.0034132831081987174,2.5,0.01692201645865611,94115.65455679152,1592.6266554272152,466596.7061453896,0.9779916998603921,3532518.915295171,37.53380807826788
Sabana Grande,2000-2004,1,45,5,0.005511331996389944,2.5,0.027182135548503038,92523.0279013643,2514.973485772818,456327.70579238946,0.9698479523552817,3065922.2091497816,33.13685553415155
Sabana Grande,2000-2004,1,50,5,0.006753107067548009,2.5,0.033204943983016925,90008.05441559148,2988.712404890044,442568.4910657323,0.9584709322951356,2609594.5033573923,28.992899805479517
Sabana Grande,2000-2004,1,55,5,0.010285674486539489,2.5,0.050139086622567115,87019.34201070144,4363.070326913352,424189.03423622384,0.9391863623006276,2167026.01229166,24.902808527616358
Sabana Grande,2000-2004,1,60,5,0.014948876130204498,2.5,0.0720516525776239,82656.27168378809,5955.520970721991,398392.5559921354,0.9123483988392348,1742836.9780554362,21.085356773928506
Sabana Grande,2000-2004,1,65,5,0.022043952025004254,2.5,0.10446282629681301,76700.7507130661,8012.377198574191,363472.81056889496,0.8737140990660819,1344444.4220633006,17.528438894852595
Sabana Grande,2000-2004,1,70,5,0.03258549722271301,2.5,0.1506545986026741,68688.3735144919,10348.219340496333,317571.3192212187,0.8226079343868548,980971.6114944057,14.28147969302898
Sabana Grande,2000-2004,1,75,5,0.04664595054160985,2.5,0.20887215247354754,58340.15417399557,12185.633577961067,261236.6869250752,0.7398852465980654,663400.292273187,11.371246813894944
Sabana Grande,2000-2004,1,80,5,0.07757953153287558,2.5,0.32488633373323356,46154.520596034505,14994.972981660667,193285.17052602087,0.5193867173566994,402163.6053481118,8.713417454121814
Sabana Grande,2000-2004,1,85,NA,0.16063943356490848,6.703513074295589,1,31159.547614373838,31159.547614373838,208878.43482209096,0,208878.43482209096,6.703513074295589
Sabana Grande,2000-2004,2,0,1,0.008886621607357294,0.13076559320904677,0.008818502579225613,100000,881.8502579225606,99233.46541417623,0.9909633905116209,8061116.959240296,80.61116959240296
Sabana Grande,2000-2004,2,1,4,2.273713679398412e-4,1.5096522963035999,9.089707818121811e-4,99118.14974207744,90.09550206283166,396248.2298416342,0.9990527397082375,7961883.493826119,80.32720056361339
Sabana Grande,2000-2004,2,5,5,1.0337203161461738e-4,2.5,5.16726620371744e-4,99028.05424001461,51.17043178943277,495012.34512059944,0.999425929723843,7565635.2639844855,76.39890859258561
Sabana Grande,2000-2004,2,10,5,1.2632860034270379e-4,2.5,6.314435782549282e-4,98976.88380822518,62.498317676378065,494728.17324693495,0.9986016144959731,7070622.918863886,71.43711386755443
Sabana Grande,2000-2004,2,15,5,4.3363198595127475e-4,2.5,0.002165812016341765,98914.3854905488,214.22996468450583,494036.3525410327,0.9967117757014888,6575894.745616951,66.48067126945124
Sabana Grande,2000-2004,2,20,5,8.845663861377655e-4,2.5,0.004413072791062445,98700.15552586429,435.5709708248178,492411.85020225943,0.9954968033374879,6081858.393075918,61.61954214430971
Sabana Grande,2000-2004,2,25,5,9.208590884408258e-4,2.5,0.004593720020128409,98264.58455503947,451.399989340076,490194.4228018472,0.9949157342521807,5589446.542873659,56.881597456334084
Sabana Grande,2000-2004,2,30,5,0.0011185341354796878,2.5,0.005577075304637494,97813.1845656994,545.5114961093059,487702.14408822375,0.9938703034579378,5099252.120071812,52.132564160067126
Sabana Grande,2000-2004,2,35,5,0.0013415678853730387,2.5,0.006685417074745684,97267.67306959009,650.2749623602285,484712.67794204986,0.9917621978311064,4611549.975983588,47.41092112570903
Sabana Grande,2000-2004,2,40,5,0.001969779637151579,2.5,0.009800635455380012,96617.39810722986,946.9118974962767,480719.7107924086,0.9877374365851741,4126837.298041538,42.71319015920309
Sabana Grande,2000-2004,2,45,5,0.002971686219494327,2.5,0.014748858647481657,95670.48620973359,1411.0304778432037,474824.85485405993,0.9829117189697102,3646117.5872491295,38.1112057824806
Sabana Grande,2000-2004,2,50,5,0.003930796752196101,2.5,0.019462723732885216,94259.45573189038,1834.5457461219194,466710.91429414717,0.976125800398141,3171292.7323950697,33.64429284861806
Sabana Grande,2000-2004,2,55,5,0.005756310391811861,2.5,0.02837323903233138,92424.90998576846,2622.394063567903,455568.5647699226,0.9661934314531772,2704581.8181009223,29.262477166787313
Sabana Grande,2000-2004,2,60,5,0.008038056122195514,2.5,0.0393985609998512,89802.51592220056,3538.0899015009345,440167.35485725047,0.951206679162973,2249013.2533309995,25.043989360826014
Sabana Grande,2000-2004,2,65,5,0.012068115651497109,2.5,0.058573401790220574,86264.42602069963,5052.800885513192,418690.12788971514,0.9266932096012817,1808845.8984737492,20.96861918538363
Sabana Grande,2000-2004,2,70,5,0.018619539162711925,2.5,0.08895685662429031,81211.62513518643,7224.330893376391,387997.2984424912,0.8822086898384434,1390155.770584034,17.11769427431053
Sabana Grande,2000-2004,2,75,5,0.03230186375417503,2.5,0.14944124216195018,73987.29424181004,11056.7531556978,342294.5883198057,0.8105951927177837,1002158.4721415429,13.545007726140437
Sabana Grande,2000-2004,2,80,5,0.05361499741072677,2.5,0.23638988003820757,62930.541086112244,14876.143058085567,277462.3477853473,0.5795157841063112,659863.8838217373,10.485590500784024
Sabana Grande,2000-2004,2,85,NA,0.12555329739581772,7.9576802900197094,1,48054.39802802668,48054.39802802668,382401.5360363899,0,382401.5360363899,7.9576802900197094
Sabana Grande,2005-2009,1,0,1,0.012243968310474121,0.12485777343486443,0.012114162470932138,100000,1211.416247093206,98939.83848822168,0.987480584609154,7480283.457666047,74.80283457666047
Sabana Grande,2005-2009,1,1,4,3.7606653722981666e-4,1.6165000284750815,0.0015029190005885497,98788.5837529068,148.47123956348514,394800.4538163553,0.9984363474721082,7381343.619177825,74.718589322429
Sabana Grande,2005-2009,1,5,5,1.8849775125750933e-4,2.5,9.42044822960767e-4,98640.11251334331,92.92340732945013,492968.25404839293,0.9989830467635963,6986543.16536147,70.82862121042676
Sabana Grande,2005-2009,1,10,5,2.185057534371159e-4,2.5,0.001091932283469825,98547.18910601386,107.60685723007191,492466.9283869941,0.9974502840514484,6493574.9113130765,65.89305052960465
Sabana Grande,2005-2009,1,15,5,8.034291420806109e-4,2.5,0.004009093154718513,98439.58224878379,394.6534553469537,491211.2776055516,0.9945540152906632,6001107.982926083,60.96234711520452
Sabana Grande,2005-2009,1,20,5,0.0013824937816496745,2.5,0.006888660083923565,98044.92879343683,675.3981874104647,488536.148498658,0.9924204204068915,5509896.7053205315,56.197671548407165
Sabana Grande,2005-2009,1,25,5,0.001661934822862228,2.5,0.008275291626004646,97369.53060602637,805.7612612520461,484833.24987700174,0.9908970498550925,5021360.556821873,51.570142379951996
Sabana Grande,2005-2009,1,30,5,0.0019974277200545034,2.5,0.009937514930794457,96563.76934477432,959.6038996374846,480419.8369747779,0.9892017346942973,4536527.306944871,46.97960050365796
Sabana Grande,2005-2009,1,35,5,0.0023472243535279562,2.5,0.01166765525622483,95604.16544513684,1115.476443472944,475232.1361170018,0.9876152875614902,4056107.4699700936,42.42605383441918
Sabana Grande,2005-2009,1,40,5,0.0026393481902371395,2.5,0.013110234765183025,94488.6890016639,1238.7688954661862,469346.522769654,0.9821257188420413,3580875.3338530916,37.897396732745804
Sabana Grande,2005-2009,1,45,5,0.004592451033931001,2.5,0.022701615031101297,93249.92010619771,2116.923787931839,460957.29106115893,0.9723375335168876,3111528.8110834374,33.367629779627386
Sabana Grande,2005-2009,1,50,5,0.006656675625698833,2.5,0.032738553303995784,91132.99631826587,2983.562457718406,448206.07544703333,0.9563130038885285,2650571.5200222787,29.08465239928715
Sabana Grande,2005-2009,1,55,5,0.011312324285983175,2.5,0.05500600695892486,88149.43386054746,4848.748372358561,428625.29837184085,0.9340543385215639,2202365.4445752455,24.984453650143585
Sabana Grande,2005-2009,1,60,5,0.016129618678542696,2.5,0.07752208905371244,83300.6854881889,6457.643158650681,400359.3195443178,0.9037259483173951,1773740.1462034045,21.29322388895468
Sabana Grande,2005-2009,1,65,5,0.024764146737368344,2.5,0.11660186919062175,76843.04232953822,8960.042369918214,361815.1057228956,0.8631943706427773,1373380.8266590866,17.87254623221969
Sabana Grande,2005-2009,1,70,5,0.03470609404370006,2.5,0.15967613299762545,67882.99995962,10839.294929830088,312316.7624735248,0.8220146234955754,1011565.7209361912,14.90160602121176
Sabana Grande,2005-2009,1,75,5,0.0443885735303664,2.5,0.19977369434920086,57043.70502978992,11395.83169316723,256728.94591603152,0.7575980474326355,699248.9584626664,12.258126608317216
Sabana Grande,2005-2009,1,80,5,0.06939327216422636,2.5,0.2956722061408148,45647.87333662269,13496.80741507571,194497.34814542416,0.5604778481630204,442520.0125466348,9.694208737466129
Sabana Grande,2005-2009,1,85,NA,0.14987974038049878,7.714290562136263,1,32151.06592154698,32151.06592154698,248022.6644012107,0,248022.6644012107,7.714290562136263
Sabana Grande,2005-2009,2,0,1,0.009479213157677899,0.12954765757341935,0.009401638328500236,100000,940.1638328500267,99181.63218943094,0.9904396317446044,8125549.129094373,81.25549129094374
Sabana Grande,2005-2009,2,1,4,2.038831257288953e-4,1.50870353443953,8.151184770890508e-4,99059.83616714997,80.74550279724644,396038.1836828712,0.9990923363864438,8026367.496904943,81.02544691636217
Sabana Grande,2005-2009,2,5,5,1.0116245963682951e-4,2.5,5.056844074879938e-4,98979.09066435273,50.052182816318236,494770.32286472287,0.9994530615286323,7630329.313222072,77.09031535859656
Sabana Grande,2005-2009,2,10,5,1.1767729114794698e-4,2.5,5.882134073387535e-4,98929.03848153641,58.19138680996548,494499.71394065715,0.9987762276772383,7135558.990357349,72.1280536016641
Sabana Grande,2005-2009,2,15,5,3.722872327683048e-4,2.5,0.0018597053024894533,98870.84709472644,183.8706386036938,493894.558877123,0.9973413398882248,6641059.276416692,67.16903386145775
Sabana Grande,2005-2009,2,20,5,6.930193147505912e-4,2.5,0.003459103509892763,98686.97645612275,341.36846664008044,492581.46111401357,0.9960880422854194,6147164.717539568,62.28952328145002
Sabana Grande,2005-2009,2,25,5,8.751874674466348e-4,2.5,0.004366383826226237,98345.60798948267,429.4146721056459,490654.5032671492,0.99537778036082,5654583.256425555,57.49705931992683
Sabana Grande,2005-2009,2,30,5,9.78221944910613e-4,2.5,0.004879177428468962,97916.19331737702,477.7504803157499,488386.5903860957,0.9941515811275767,5163928.753158405,52.738250724479215
Sabana Grande,2005-2009,2,35,5,0.0013691529842108344,2.5,0.006822412604611369,97438.44283706127,664.7652605852782,485530.3010338432,0.9927315930343538,4675542.16277231,47.98457391802592
Sabana Grande,2005-2009,2,40,5,0.0015494719950897926,2.5,0.007717464985777592,96773.677576476,746.8474682413944,482001.2692117765,0.9891190044330904,4190011.861738467,43.29702008510821
Sabana Grande,2005-2009,2,45,5,0.002833760365650341,2.5,0.014069130467506746,96026.8301082346,1351.014001173855,476756.6155382384,0.9842577535387058,3708010.5925266906,38.61431839775702
Sabana Grande,2005-2009,2,50,5,0.0035185277498869885,2.5,0.017439237645453937,94675.81610706075,1651.0740563683357,469251.39539438294,0.9781141018819441,3231253.976988452,34.12966594694578
Sabana Grande,2005-2009,2,55,5,0.005352986412588571,2.5,0.02641148131145151,93024.74205069241,2456.9212361744576,458981.4071630259,0.9648509952690315,2762002.581594069,29.691053376842024
Sabana Grande,2005-2009,2,60,5,0.009023792816186201,2.5,0.04412355943431125,90567.82081451795,3996.1746245454415,442848.66751122614,0.9452574344071354,2303021.174431043,25.42869149018843
Sabana Grande,2005-2009,2,65,5,0.013618759242061657,2.5,0.0658517484410883,86571.64618997251,5700.894267032971,418605.99528228014,0.9252980747282158,1860172.506919817,21.48708715597092
Sabana Grande,2005-2009,2,70,5,0.0175748889042362,2.5,0.08417598553569491,80870.75192293954,6807.375244126131,387335.3215043824,0.8820968298916333,1441566.511637537,17.82556087782123
Sabana Grande,2005-2009,2,75,5,0.033540965273330774,2.5,0.15473031597918088,74063.37667881341,11459.849675997888,341667.2592040723,0.8158585254399161,1054231.1901331546,14.234176693090586
Sabana Grande,2005-2009,2,80,5,0.04916982944937944,2.5,0.21893647447182688,62603.52700281552,13706.195491498242,278752.14628533204,0.6088040185785453,712563.9309290822,11.382169105217274
Sabana Grande,2005-2009,2,85,NA,0.12616558889398635,8.871890780856713,1,48897.33151131728,48897.33151131728,433811.78464375023,0,433811.78464375023,8.871890780856713
Sabana Grande,2010-2014,1,0,1,0.012182290208920277,0.12498084900261004,0.012053799869617078,100000,1205.379986961707,98945.26942717952,0.9875332185954089,7579940.409312692,75.79940409312691
Sabana Grande,2010-2014,1,1,4,3.795387178175211e-4,1.6166819009928437,0.0015167828479089095,98794.6200130383,149.84998510146397,394821.3398705249,0.9984891666375214,7480995.139885512,75.7226976418171
Sabana Grande,2010-2014,1,5,5,1.6489364084747708e-4,2.5,8.241284703773689e-4,98644.77002793683,81.29596343384765,493020.61023109953,0.9990871685842431,7086173.800014987,71.83527112494801
Sabana Grande,2010-2014,1,10,5,2.004218768409098e-4,2.5,0.0010016075240549763,98563.47406450298,98.72191721999843,492570.5655294649,0.997556313288932,6593153.189783888,66.8924594263908
Sabana Grande,2010-2014,1,15,5,7.789563328252854e-4,2.5,0.0038872117436146232,98464.75214728298,382.75334087901865,491366.87738421734,0.9942997379764331,6100582.624254422,61.957020062663716
Sabana Grande,2010-2014,1,20,5,0.001509754472687021,2.5,0.007520387516710869,98081.99880640396,737.6146394377429,488565.9574334254,0.992216285141382,5609215.746870206,57.18904401552601
Sabana Grande,2010-2014,1,25,5,0.0016163123854912604,2.5,0.008049037529829434,97344.38416696622,783.5286014780431,484763.099331136,0.9915953676238821,5120649.78943678,52.60344326236408
Sabana Grande,2010-2014,1,30,5,0.001760335538011562,2.5,0.008763112643532786,96560.85556548818,846.1736542762665,480688.84369175025,0.990154564191581,4635886.690105644,48.01000014919666
Sabana Grande,2010-2014,1,35,5,0.0021994937599809795,2.5,0.010937327341806963,95714.68191121191,1046.8628074798617,475956.25253735995,0.986444336267898,4155197.8464138936,43.41233511352409
Sabana Grande,2010-2014,1,40,5,0.003267058884490927,2.5,0.01620295440707802,94667.81910373205,1533.8983567552787,469504.34962677205,0.9812150409114976,3679241.5938765337,38.864754979144635
Sabana Grande,2010-2014,1,45,5,0.004328230381553135,2.5,0.021409488906914593,93133.92074697677,1993.949643089858,460684.7296271592,0.9732912904484006,3209737.2442497616,34.4636757317441
Sabana Grande,2010-2014,1,50,5,0.006529652018316886,2.5,0.03212386592662461,91139.97110388691,2927.768212297713,448380.4349886903,0.9625229894809035,2749052.5146226026,30.16297329619585
Sabana Grande,2010-2014,1,55,5,0.008790597504465699,2.5,0.04300782629605208,88212.2028915892,3793.815099153566,431576.4767100621,0.9446822004566479,2300672.079633912,26.08110901006957
Sabana Grande,2010-2014,1,60,5,0.014117469670147667,2.5,0.06818099068069984,84418.38779243563,5755.729311355768,407702.6156837887,0.9221082247955379,1869095.60292385,22.14085878445705
Sabana Grande,2010-2014,1,65,5,0.018478568950423786,2.5,0.08831309568262695,78662.65848107987,6946.942885089404,375945.93519267585,0.8924095975465642,1461392.9872400614,18.577976074779613
Sabana Grande,2010-2014,1,70,5,0.027518296641435593,2.5,0.12873505933017645,71715.71559599046,9232.326902155888,335497.76072456257,0.8397998752777361,1085447.0520473854,15.135414086394075
Sabana Grande,2010-2014,1,75,5,0.0435362689657204,2.5,0.1963143580895532,62483.388693834575,12266.38634269018,281750.9776124474,0.7590759390410321,749949.2913228229,12.002378664152424
Sabana Grande,2010-2014,1,80,5,0.06960220012323548,2.5,0.2964304686177795,50217.002351144394,14885.849539529867,213870.38790689732,0.5432055570383875,468198.3137103755,9.323501837813419
Sabana Grande,2010-2014,1,85,NA,0.1446023394819395,7.198404398507826,1,35331.15281161453,35331.15281161453,254327.92580347817,0,254327.92580347817,7.198404398507826
Sabana Grande,2010-2014,2,0,1,0.006896477103139399,0.13485587750423067,0.006855573688596647,100000,685.5573688596633,99406.8940716974,0.9929603450436827,8301603.169024122,83.01603169024122
Sabana Grande,2010-2014,2,1,4,1.8681182896740673e-4,1.5128459816086532,7.469002837468176e-4,99314.44263114034,74.17798538136412,397073.27845014393,0.9992179065455878,8202196.274952424,82.58815191075342
Sabana Grande,2010-2014,2,5,5,8.824542778711727e-5,2.5,4.4112981971146115e-4,99240.26464575897,43.77784005130525,496091.87862866663,0.9995101231194885,7805122.99650228,78.64875234223624
Sabana Grande,2010-2014,2,10,5,1.0775811262558039e-4,2.5,5.386454545840011e-4,99196.48680570767,53.43173672858393,495848.8546867169,0.9988778799204568,7309031.117873614,73.68235865237376
Sabana Grande,2010-2014,2,15,5,3.4147309300594774e-4,2.5,0.001705909159836747,99143.05506897908,169.12904577638255,495292.4527304545,0.9976140922510042,6813182.263186897,68.720721370212
Sabana Grande,2010-2014,2,20,5,6.143558028630848e-4,2.5,0.003067068336240057,98973.9260232027,303.5597946191119,494110.7306294658,0.996479129342456,6317889.810456443,63.83388094532417
Sabana Grande,2010-2014,2,25,5,7.967978824387554e-4,2.5,0.0039760691035883545,98670.36622858359,392.32019460122683,492371.03065641486,0.9956424913808755,5823779.079826976,59.02257488672318
Sabana Grande,2010-2014,2,30,5,9.503467091874804e-4,2.5,0.004740470818830714,98278.04603398236,465.8842093557905,490225.5196465223,0.9946908886864012,5331408.049170561,54.24820968995536
Sabana Grande,2010-2014,2,35,5,0.001179560232829267,2.5,0.00588046027142906,97812.16182462657,575.1805316723039,487622.8577939521,0.9930248278781776,4841182.5295240395,49.49468899587449
Sabana Grande,2010-2014,2,40,5,0.0016218210972034513,2.5,0.008076359460612704,97236.98129295427,785.3208137867769,484221.6044303044,0.9905385184158673,4353559.671730087,44.772674077712686
Sabana Grande,2010-2014,2,45,5,0.002183430019368154,2.5,0.010857881535611773,96451.66047916749,1047.2607033958484,479640.15063734783,0.987261770988521,3869338.0672997828,40.11686318386937
Sabana Grande,2010-2014,2,50,5,0.0029494321271124695,2.5,0.0146392171918091,95404.39977577164,1396.6457293716958,473530.384555429,0.9814679691778572,3389697.916662435,35.52978609612576
Sabana Grande,2010-2014,2,55,5,0.0045476575312829465,2.5,0.022482678846960247,94007.75404639995,2113.546143349231,464754.90487362666,0.9718423130491582,2916167.532107006,31.02049997564729
Sabana Grande,2010-2014,2,60,5,0.006909986485342574,2.5,0.03396321896656857,91894.20790305072,3121.023104770691,451668.48175332684,0.9569014422902364,2451412.6272333795,26.676465069698885
Sabana Grande,2010-2014,2,65,5,0.010794671365360812,2.5,0.05255507005230858,88773.18479828002,4665.480945840143,432202.2216267998,0.9354625119425487,1999744.1454800526,22.526443655526005
Sabana Grande,2010-2014,2,70,5,0.01605657486629691,2.5,0.07718457458078541,84107.70385243988,6491.817340817259,404308.97591015627,0.8975222604820889,1567541.9238532528,18.637316821814295
Sabana Grande,2010-2014,2,75,5,0.02778150697618842,2.5,0.129886432784645,77615.88651162262,10081.250626412497,362876.3059920819,0.83845315045599,1163232.9479430965,14.987047113981076
Sabana Grande,2010-2014,2,80,5,0.04393475392319978,2.5,0.19793338338543529,67534.63588521013,13367.358976463074,304254.7819848929,0.6198509938729106,800356.6419510145,11.851054373216664
Sabana Grande,2010-2014,2,85,NA,0.11378928007225728,9.158700386616813,1,54167.27690874705,54167.27690874705,496101.8599661216,0,496101.8599661216,9.158700386616813
Sabana Grande,2015-2019,1,0,1,0.01041129244858689,0.12851478648346729,0.010317677197837922,100000,1031.767719783791,99100.82968842475,0.9893463229581989,7695214.176939095,76.95214176939095
Sabana Grande,2015-2019,1,1,4,3.195445709835489e-4,1.6219128386029145,0.0012772077275980732,98968.23228021621,126.40299105501617,395572.3317906747,0.9986850633643006,7596113.34725067,76.75304663160217
Sabana Grande,2015-2019,1,5,5,1.5096377582013272e-4,2.5,7.545341108047832e-4,98841.829289161193,74.57953177302261,494022.69761637336,0.99916337266206,7200541.015459996,72.84912741138021
Sabana Grande,2015-2019,1,10,5,1.8384096573367478e-4,2.5,9.187825539883127e-4,98767.24975738817,90.74562598249759,493609.3847219846,0.9979917768614752,6706518.3178436225,67.90224830920685
Sabana Grande,2015-2019,1,15,5,6.206947833019586e-4,2.5,0.0030986656025730076,98676.50413140567,305.7654891341517,492618.10693419294,0.9957486110278859,6212908.933121637,62.962394014769934
Sabana Grande,2015-2019,1,20,5,0.0010844713149325625,2.5,0.005407695348449593,98370.73864227152,531.9589857793617,490523.7957469092,0.9934883221529743,5720290.826187445,58.150329103347225
Sabana Grande,2015-2019,1,25,5,0.0015301637573185024,2.5,0.007621662806101514,97838.77965649216,745.6941879022488,487329.66281270515,0.992185391565628,5229767.030440535,53.45290536944581
Sabana Grande,2015-2019,1,30,5,0.0016082474404429561,2.5,0.008009035923404205,97093.08546858991,777.6220094320888,483521.37231936934,0.9905287439200992,4742437.36762783,48.84423380655703
Sabana Grande,2015-2019,1,35,5,0.0022011021940553277,2.5,0.010945281761029747,96315.46345915782,1054.1998855046404,478941.8175820275,0.9878320461988267,4258915.995308461,44.2184031758767
Sabana Grande,2015-2019,1,40,5,0.002698919656102512,2.5,0.013404156427374277,95261.26357365318,1276.8968784105818,473114.0756722394,0.9832571457715744,3779974.1777264336,39.68007599231423
Sabana Grande,2015-2019,1,45,5,0.004066303563072824,2.5,0.020126912475581342,93984.3666952426,1891.6151225480862,465192.7956698428,0.9752502786266446,3306860.102054194,35.18521450250496
Sabana Grande,2015-2019,1,50,5,0.005981628628175575,2.5,0.02946748427207252,92092.75157269451,2713.741708540256,453679.40359212196,0.9591430599743916,2841667.306384351,30.856579457735574
Sabana Grande,2015-2019,1,55,5,0.010802504667389646,2.5,0.052592204500486205,89379.00986415426,4700.639164826571,435143.45140870486,0.9455793980881869,2387987.9027922293,26.71754706638275
Sabana Grande,2015-2019,1,60,5,0.011596843289422913,2.5,0.05635049674697505,84678.37069932769,4771.668252631614,411462.68286505935,0.9277237685957594,1952844.4513835243,23.06190394613992
Sabana Grande,2015-2019,1,65,5,0.01866250478682892,2.5,0.0891529791822716,79906.70244669607,7123.920579754267,381723.7107840947,0.8997301276168367,1541381.768518465,19.289768208701712
Sabana Grande,2015-2019,1,70,5,0.023835418541824457,2.5,0.11247487821489066,72782.7818669418,8186.234526625223,343448.323018146,0.8541975470730439,1159658.0577343702,15.933137316108702
Sabana Grande,2015-2019,1,75,5,0.04037188206302481,2.5,0.18335358685433464,64596.54734031658,11844.00865325288,293372.7150684507,0.7770739054097088,816209.7347162244,12.635500941190461
Sabana Grande,2015-2019,1,80,5,0.06279783098283656,2.5,0.27138342826488093,52752.5386870637,14316.16479857111,227972.28143889073,0.5639706584042733,522837.0196477736,9.911125277767663
Sabana Grande,2015-2019,1,85,NA,0.13976354165559318,7.671502495638954,1,38436.37388849259,38436.37388849259,294864.73820888286,0,294864.73820888286,7.671502495638954
Sabana Grande,2015-2019,2,0,1,0.005783271773656436,0.13714381502175713,0.005754555781743964,100000,575.4555781743984,99503.464595192,0.99407164087812006,8327342.373025592,83.27342373025593
Sabana Grande,2015-2019,2,1,4,1.678338228403122e-4,1.5146373377431026,6.710553754304709e-4,99424.5444218256,66.71937498399348,397532.35584386805,0.9993064129421521,8227838.9084304,82.75460507540663
Sabana Grande,2015-2019,2,5,5,7.895644667782959e-5,2.5,3.947043222622124e-4,99357.82504684161,39.21696299656469,496691.08282671665,0.9995609337325704,7830306.552586532,78.80915820062471
Sabana Grande,2015-2019,2,10,5,9.671252350072484e-5,2.5,4.8344572936246847e-4,99318.60808384504,48.01515692434623,496473.00252691435,0.9989844810727547,7333615.469759815,73.83928964820728
Sabana Grande,2015-2019,2,15,5,3.098096649760416e-4,2.5,0.0015478494780596303,99270.5929269207,153.65593544860894,495968.824795982,0.9976464064609363,6837142.467232902,68.87379500459063
Sabana Grande,2015-2019,2,20,5,6.331178527371436e-4,2.5,0.0031605867040171254,99116.93699147209,313.26767319814826,494801.5157743651,0.996530204686653,6341173.642436919,63.97669091592798
Sabana Grande,2015-2019,2,25,5,7.574283940936961e-4,2.5,0.0037799843018698188,98803.66931827394,373.4763189902005,493084.6557938942,0.9959789580471771,5846372.126662554,59.17160938456418
Sabana Grande,2015-2019,2,30,5,8.544240620344719e-4,2.5,0.004263014255281089,98430.19299928374,419.60931590601103,491101.9417066537,0.9952503588628118,5353287.47086866,54.386639990715196
Sabana Grande,2015-2019,2,35,5,0.0010504215180946045,2.5,0.005238351397903775,98010.58368337773,513.413878047184,488769.3837217707,0.994386241777633,4862185.529162006,49.60878046466136
Sabana Grande,2015-2019,2,40,5,0.0012018285457326102,2.5,0.0059911419152249195,97497.16980533054,584.119380636519,486025.5505750614,0.9921861583064081,4373416.145440236,44.85685229809742
Sabana Grande,2015-2019,2,45,5,0.0019388580616643385,2.5,0.009647527342911863,96913.05042469403,934.9713038572227,482227.82386382704,0.9885648536994767,3887390.594865174,40.11214772241493
Sabana Grande,2015-2019,2,50,5,0.0026656829328732127,2.5,0.013240179363969281,95978.0791208368,1270.7669825691119,476713.4781477612,0.9823128519618317,3405162.771001347,35.4785467910254
Sabana Grande,2015-2019,2,55,5,0.004488566217563294,2.5,0.02219378539935795,94707.31213826769,2101.9137613467174,468281.77628797165,0.976249036302177,2928449.292853586,30.921047453846057
Sabana Grande,2015-2019,2,60,5,0.005133750790218034,2.5,0.025343486096651262,92605.39837692097,2346.9436262403615,457159.63281900395,0.9657217934856144,2460167.5165656144,26.566135016797627
Sabana Grande,2015-2019,2,65,5,0.008881990520869389,2.5,0.0434452518173018,90258.45475068061,3921.3012952838617,441489.0205151934,0.9403606345705056,2003007.8837466103,22.191914201051688
Sabana Grande,2015-2019,2,70,5,0.015923418208342355,2.5,0.0765689908826729,86337.15345539675,6610.7487157621945,415158.89548757824,0.9060625920791808,1561518.8632314168,18.086290788335106
Sabana Grande,2015-2019,2,75,5,0.023896301590269425,2.5,0.11274597820561862,79726.40473963456,8988.831491187171,376159.94497020484,0.8419521151091094,1146359.9677438387,14.378673809355238
Sabana Grande,2015-2019,2,80,5,0.04670438099795135,2.5,0.2091064381039305,70737.57324844738,14791.681982098708,316708.66128699016,0.5887968684466365,770200.0227736338,10.88813182873133
Sabana Grande,2015-2019,2,85,NA,0.10110622829854163,8.105892161546771,1,55945.89126634868,55945.89126634868,453491.36148664367,0,453491.36148664367,8.105892161546771
Sabana Grande,2020-2024,1,0,1,0.011483353219560191,0.12637554281802862,0.011369294881807093,100000,1136.9294881807,99006.75059303395,0.9882894758901575,7734420.557190084,77.34420557190084
Sabana Grande,2020-2024,1,1,4,3.340275110993532e-4,1.6187443145211153,0.0013350481405514497,98863.0705118193,131.98695845600741,395137.9873520448,0.9986169778983643,7635413.80659705,77.2322138799464
Sabana Grande,2020-2024,1,5,5,1.5733181584696984e-4,2.5,7.863497846360801e-4,98731.08355336329,77.63716628907423,493461.32485109376,0.9991280049380871,7240275.819245005,73.33329645199021
Sabana Grande,2020-2024,1,10,5,1.9163331222013362e-4,2.5,9.577077393350989e-4,98653.44638707422,94.4811691169889,493031.0290125786,0.9979647205525797,6746814.494393911,68.3890400333535
Sabana Grande,2020-2024,1,15,5,6.237479681679746e-4,2.5,0.0031138841435707164,98558.96521795723,306.9011989989376,492027.5730922888,0.9955020392684336,6253783.465381333,63.45220296856269
Sabana Grande,2020-2024,1,20,5,0.0011807472793550233,2.5,0.00588636063600944,98252.06401895829,578.3470820478833,489814.45238967176,0.9933012287983887,5761755.892289044,58.64259392227405
Sabana Grande,2020-2024,1,25,5,0.0015088687679391743,2.5,0.0075159922248754,97673.71693691041,734.1148970724898,486533.2974418708,0.9908614277015638,5271941.439899373,53.97502629396847
Sabana Grande,2020-2024,1,30,5,0.002166357566682725,2.5,0.010773440025119574,96939.60203983792,1044.3729886351648,482087.0777276017,0.9881816644979969,4785408.142457502,49.36484204351189
Sabana Grande,2020-2024,1,35,5,0.002591605092591428,2.5,0.012874610696342704,95895.22905120275,1234.613741670837,476389.61090183666,0.9855157710959757,4303321.0647299,44.875236310579794
Sabana Grande,2020-2024,1,40,5,0.003249147870517943,2.5,0.016114840602521167,94660.61530953192,1525.4407270496886,469489.47473003535,0.9823059742282731,3826931.4538280633,40.42791652382918
Sabana Grande,2020-2024,1,45,5,0.003897423550926277,2.5,0.019299076070659123,93135.17458248223,1797.4228191214352,461182.3158646076,0.9744950413568461,3357441.979098028,36.04912960274333
Sabana Grande,2020-2024,1,50,5,0.006469565917500305,2.5,0.0318329659092529,91337.7517633608,2907.5515381108853,449419.8799715268,0.963593688097458,2896259.6632334203,31.709338223444487
Sabana Grande,2020-2024,1,55,5,0.008398725462280033,2.5,0.04113002778239935,88430.20022524991,3637.1365920676617,433058.1596460804,0.9452490879725036,2446839.783261894,27.669730216931427
Sabana Grande,2020-2024,1,60,5,0.014283684079165441,2.5,0.06895605416329151,84793.06363318225,5846.995088561147,409347.83044450835,0.920364929734774,2013781.6236158132,23.749367428537585
Sabana Grande,2020-2024,1,65,5,0.019090627488368424,2.5,0.09110500801594888,78946.0685446211,7192.382207585353,376749.3872041421,0.9064957164285569,1604433.7931713047,20.323162669771996
Sabana Grande,2020-2024,1,70,5,0.0201998593135679,2.5,0.09614405557663007,71753.68633703575,6898.690407016045,341521.70566763857,0.8657375255893517,1227684.4059671627,17.10970500108636
Sabana Grande,2020-2024,1,75,5,0.03870125697495072,2.5,0.17643558735989903,64854.9959300197,11442.729300136889,295668.15639975626,0.792672843145319,886162.7002995241,13.66375384952175
Sabana Grande,2020-2024,1,80,5,0.05579805861825543,2.5,0.24483675418630063,53412.26662988281,13077.285995393766,234368.11816092965,0.6030985881544201,590494.5438997679,11.055410697912624
Sabana Grande,2020-2024,1,85,NA,0.1322047947266031,8.829220198864478,1,40334.980634489046,40334.980634489046,356126.42573883827,0,356126.42573883827,8.829220198864478
Sabana Grande,2020-2024,2,0,1,0.00778365747780613,0.1330324822955894,0.00773148404569833,100000,773.1484045698307,99329.70544687296,0.9921366549151672,8453912.80112326,84.53912801123259
Sabana Grande,2020-2024,2,1,4,1.7095283028285173e-4,1.5114208754576488,6.835205312346427e-4,99226.85159543017,67.82359031525266,396738.62201071065,0.9992489732936249,8354583.095676388,84.19679715063289
Sabana Grande,2020-2024,2,5,5,8.018880671166815e-5,2.5,4.0086367160963965e-4,99159.02800511492,39.74925203937164,495695.76689547615,0.9995544919955375,7957844.473665677,80.25335296000671
Sabana Grande,2020-2024,2,10,5,9.805808073321135e-5,2.5,4.901702407834473e-4,99119.27875307554,48.58532073268725,495474.930463546,0.9989640881060842,7462148.7067702,75.28453395388189
Sabana Grande,2020-2024,2,15,5,3.1663468246670223e-4,2.5,0.0015819211845536148,99070.69343234286,156.7220287090313,494961.66208994173,0.9977890641544059,6966673.776306654,70.32022826270334
Sabana Grande,2020-2024,2,20,5,5.689976731224647e-4,2.5,0.0028409471348393544,98913.97140363383,281.009363654739,493867.33360903227,0.9968368615307833,6471712.114216712,65.42768450584079
Sabana Grande,2020-2024,2,25,5,6.984670625993897e-4,2.5,0.0034862477399509053,98632.96203997909,343.8589409965498,492305.1628474041,0.9961813708782585,5977844.780607681,60.60696806595618
Sabana Grande,2020-2024,2,30,5,8.321623053102645e-4,2.5,0.004152173321243687,98289.10309898254,408.11339165655954,490425.2320157713,0.994980439394218,5485539.617760276,55.8102520503828
Sabana Grande,2020-2024,2,35,5,0.0011815930147514705,2.5,0.005890564449241934,97880.98970732598,576.5742782265879,487963.51284106344,0.9934736961140915,4995114.385744505,51.03252838656822
Sabana Grande,2020-2024,2,40,5,0.0014383154231471372,2.5,0.007165810376775027,97304.41542909939,697.2649897878728,484778.9146710273,0.991496516596107,4507150.872903442,46.320106369556946
Sabana Grande,2020-2024,2,45,5,0.0019799141051442953,2.5,0.00985081112598286,96607.15043931152,951.6587923970656,480656.60521556495,0.9878043624941089,4022371.9582324144,41.6363792942973
Sabana Grande,2020-2024,2,50,5,0.002934124414974397,2.5,0.014563792129715957,95655.49164691445,1393.1066964114434,474794.6914935437,0.982813578451106,3541715.353016849,37.02573989259396
Sabana Grande,2020-2024,2,55,5,0.00400935059402951,2.5,0.019847810889200544,94262.38495050301,1870.9019904626039,466634.6697763585,0.9762037538755521,3066920.661523306,32.535996868037444
Sabana Grande,2020-2024,2,60,5,0.005643440556214021,2.5,0.027824636081755904,92391.4829600404,2570.7593904168752,455530.51632415986,0.967507884366043,2600285.991746947,28.144217501861927
Sabana Grande,2020-2024,2,65,5,0.007600357388495126,2.5,0.037293183142383834,89820.72356962353,3349.700694063402,440729.3661129591,0.9475313695697848,2144755.4754227875,23.878180782637585
Sabana Grande,2020-2024,2,70,5,0.014128392170983495,2.5,0.06823194177495671,86471.02287556013,5900.085798066168,417604.8998826352,0.9168000107656279,1704026.1093098281,19.70632534047944
Sabana Grande,2020-2024,2,75,5,0.020889619653005547,2.5,0.09926412378726564,80570.93707749396,7997.803471716354,382860.17670817894,0.8649199959300655,1286421.209427193,15.966318080549316
Sabana Grande,2020-2024,2,80,5,0.0383184365385489,2.5,0.1748429148504635,72573.1336057776,12688.898219466297,331143.4224802223,0.6335129443511537,903561.032719014,12.45035163600929
Sabana Grande,2020-2024,2,85,NA,0.10160976093611804,9.558736227425195,1,59884.23538631131,59884.23538631131,572417.6102387917,0,572417.6102387917,9.558736227425195
Salinas,1980-1984,1,0,1,0.01996673305750235,0.10944738252040695,0.019617898833528796,100000,1961.7898833528889,98252.9228844351,0.979837511120749,6984051.923301745,69.84051923301745
Salinas,1980-1984,1,1,4,5.167791375890518e-4,1.5938912708145778,0.002064549434272067,98038.21011664711,202.40473123335687,391665.8326759394,0.9978766163988085,6885799.00041731,70.2358702002464
Salinas,1980-1984,1,5,5,2.459153646920505e-4,2.5,0.0012288213583290656,97835.80538541375,120.22272726691153,488878.4701089015,0.998614469515971,6494133.16774137,66.37787814142709
Salinas,1980-1984,1,10,5,3.0872457623107205e-4,2.5,0.0015424324141717846,97715.58265814684,150.71968206160818,488201.11408558016,0.9970099550268227,6005254.697632469,61.45646921680401
Salinas,1980-1984,1,15,5,8.899544167700852e-4,2.5,0.00443989382604922,97564.86297608523,433.17763276687765,486741.370798509,0.9929156361462959,5517053.583546889,56.54754606583325
Salinas,1980-1984,1,20,5,0.001957659899743167,2.5,0.00974062740952094,97131.68534331836,946.1235565880779,483293.1178251216,0.9889894709674265,5030312.212748379,51.78858160412237
Salinas,1980-1984,1,25,5,0.0024737894437774346,2.5,0.012292921967396859,96185.56178673028,1182.4016054344975,477971.80492006516,0.987228343900241,4547019.094923258,47.273405804971475
Salinas,1980-1984,1,30,5,0.002668960035848034,2.5,0.013256348518199302,95003.16018129578,1259.395001693585,471867.31340224494,0.9842386512473242,4069047.290003193,42.83065197239941
Salinas,1980-1984,1,35,5,0.0036937987149914028,2.5,0.01830000226284988,93743.7651796022,1715.5111149147851,464430.048110724,0.9798881207647895,3597179.976600948,38.37247170208246
Salinas,1980-1984,1,40,5,0.0044402548483768985,2.5,0.02195753165095563,92028.25406468741,2020.7133014075662,455089.48706991813,0.9738743408662182,3132749.928490224,34.04117529262468
Salinas,1980-1984,1,45,5,0.006171236424393539,2.5,0.03038736311670006,90007.54076327985,2735.0918244149652,443199.9742553618,0.9643484721554897,2677660.441420306,29.749290100732367
Salinas,1980-1984,1,50,5,0.00838843524616095,2.5,0.041080669882851716,87272.44893886488,3585.2106647255423,427399.21803251054,0.9417061015479148,2234460.467164944,25.603274507974483
Salinas,1980-1984,1,55,5,0.015853273234753017,2.5,0.07624455188935689,83687.23827413934,6380.695981069584,402484.45141802274,0.91252676514821,1807061.2491324334,21.593032419267246
Salinas,1980-1984,1,60,5,0.020970366499721237,2.5,0.0996287062867886,77306.54229306975,7701.950796163452,367277.83447494014,0.888435277445109,1404576.7977144106,18.168925372313872
Salinas,1980-1984,1,65,5,0.026626050453851566,2.5,0.1248214937907629,69604.5914969063,8688.149085339683,326302.5847711823,0.8298123549866332,1037298.9632394705,14.902737605831291
Salinas,1980-1984,1,70,5,0.04994985589502687,2.5,0.22202409997739908,60916.44241156662,13524.918300253135,270769.91630720027,0.7556338908415384,710996.3784682882,11.671666143347966
Salinas,1980-1984,1,75,5,0.06325363161666481,2.5,0.2730842342063114,47391.52411131348,12941.878069807986,204602.92538204746,0.659502260458457,440226.462161088,9.28913915338704
Salinas,1980-1984,1,80,5,0.1106068448487864,2.5,0.4332368277653702,34449.6460415055,14924.855368661683,134936.0917858733,0.4273233751159096,235623.53677904056,6.83965044213103
Salinas,1980-1984,1,85,NA,0.19736034785825407,5.156902661866131,1,19524.790672843814,19524.790672843814,100687.44499316727,0,100687.44499316727,5.156902661866131
Salinas,1980-1984,2,0,1,0.010538661197176676,0.1273702058012787,0.01044262714561977,100000,1044.2627145619772,99088.74524230238,0.9891583992109604,7704029.366574911,77.04029366574912
Salinas,1980-1984,2,1,4,3.372315980545587e-4,1.5070098456340766,0.0013477932821166956,98955.73728543802,133.37187794021156,395490.4543631778,0.9986985265018465,7604940.621332609,76.85194239315446
Salinas,1980-1984,2,5,5,1.4277908483965643e-4,2.5,7.136406917860884e-4,98822.36540749781,70.5236612133449,493935.5178844557,0.9992106230722577,7209450.166969432,72.95362883939265
Salinas,1980-1984,2,10,5,1.731083339821047e-4,2.5,8.651672507570374e-4,98751.84174628447,85.436859430818,493545.6165828453,0.9982697831485624,6715514.649084975,68.0039433222788
Salinas,1980-1984,2,15,5,5.198779081102632e-4,2.5,0.00259601551276582,98666.40488685365,256.13951767511026,492691.6756400805,0.9960410773961006,6221969.032502131,63.06066426193611
Salinas,1980-1984,2,20,5,0.0010679189418877073,2.5,0.005325377031925819,98410.26536917854,524.0717669027508,490741.14742863586,0.9943323698154781,5729277.35686205,58.21828988438458
Salinas,1980-1984,2,25,5,0.0012059681132009685,2.5,0.006011715722337922,97886.19360227579,588.4639690786134,487959.8080886824,0.9935150693851698,5238536.209433414,53.51659939621579
Salinas,1980-1984,2,30,5,0.001397063995808412,2.5,0.006961007546497653,97297.72963319717,677.2902302337752,484795.42259040143,0.9918963747297507,4750576.401344731,48.825151617143945
Salinas,1980-1984,2,35,5,0.0018594544342333847,2.5,0.009254252518962173,96620.4394029634,894.1499447281094,480866.82215299667,0.9891400476383353,4265780.97875433,44.149881796371716
Salinas,1980-1984,2,40,5,0.002511804588606601,2.5,0.01248065055470276,95726.28945823529,1194.7263676265575,475644.63137211005,0.9849649172150106,3784914.1566013335,39.53892058307206
Salinas,1980-1984,2,45,5,0.003555688597815007,2.5,0.017621798915383985,94531.56309060873,1665.8161959396384,468493.27496319456,0.9797522179752473,3309269.525229223,35.007032752196004
Salinas,1980-1984,2,50,5,0.004637319649528869,2.5,0.022920869748472142,92865.7468946691,2128.5636886672874,459007.32525167725,0.9678319388744406,2840776.2502660286,30.590140555140486
Salinas,1980-1984,2,55,5,0.008503444110623173,2.5,0.04163217829967882,90737.1832060018,3777.5865896428877,444241.9495559018,0.9528281244206296,2381768.9250143515,26.249094812729535
Salinas,1980-1984,2,60,5,0.010878463655160943,2.5,0.052952221240249474,86959.59661635892,4604.703798992283,423286.2235843139,0.9296437476510778,1937526.9754584497,22.280772345417716
Salinas,1980-1984,2,65,5,0.018570594733766307,2.5,0.08873339392404389,82354.89281736664,7307.629145935818,393505.3912219936,0.8921783941922202,1514240.7518741358,18.386773391013623
Salinas,1980-1984,2,70,5,0.027525938477338342,2.5,0.12876850735828463,75047.26367143082,9663.72412429376,351077.00804641965,0.8346546267284394,1120735.3606521422,14.933727171704817
Salinas,1980-1984,2,75,5,0.04626130329215652,2.5,0.20732832065374202,65383.53954713706,13555.859452705452,293028.0491039217,0.7538412985736889,769658.3526057225,11.771439079875012
Salinas,1980-1984,2,80,5,0.06924823219043244,2.5,0.29514541532606053,51827.680094431606,15296.702166857212,220896.645055015,0.5365451096330043,476630.30350180087,9.196442955450948
Salinas,1980-1984,2,85,NA,0.15355626815188803,7.0004602382613035,1,36530.97792757439,36530.97792757439,255733.65844678585,0,255733.65844678585,7.0004602382613035
Salinas,1985-1989,1,0,1,0.018729131323859744,0.11191695489980408,0.018422706013002606,100000,1842.2706013002608,98363.91071449869,0.9809800775741402,6903768.221906205,69.03768221906205
Salinas,1985-1989,1,1,4,5.358210587163813e-4,1.5974923867828232,0.0021405287019300567,98157.72939869974,210.10943709418643,392126.1280725714,0.9978883484045648,6805404.311191706,69.33131351836114
Salinas,1985-1989,1,5,5,2.3193593107464204e-4,2.5,0.0011590076165965155,97947.61996160555,113.5220375630015,489454.2947141203,0.9987271819051629,6413278.183119134,65.47661071941383
Salinas,1985-1989,1,10,5,2.775445706118192e-4,2.5,0.0013867606333477864,97834.09792404255,135.67247560016403,488831.3084312124,0.9966898141516704,5923823.888405014,60.5496857854632
Salinas,1985-1989,1,15,5,0.001050005482007207,2.5,0.005236282097766058,97698.42544844239,511.5765161556046,487213.1859518229,0.9921569050494017,5434992.579973802,55.63029859515973
Salinas,1985-1989,1,20,5,0.0021037322701778468,2.5,0.010463629662429126,97186.84893228678,1016.9271952858835,483391.92667321925,0.9879875199456497,4947779.394021979,50.90996825577971
Salinas,1985-1989,1,25,5,0.0027341031106454107,2.5,0.013577708416186723,96169.9217370009,1305.7671557525027,477585.19079562323,0.9837095840523369,4464387.46734876,46.42186857089964
Salinas,1985-1989,1,30,5,0.0038446949483197873,2.5,0.019040462813615985,94864.1545812484,1806.2574076493765,469805.1293871185,0.9777649682778151,3986802.2765531363,42.026435529329
Salinas,1985-1989,1,35,5,0.005164142615426135,2.5,0.025491607337660368,93057.89717359902,2372.195374417759,459358.99743195076,0.9741951476866753,3516997.147166018,37.793645182042724
Salinas,1985-1989,1,40,5,0.0052944200370443565,2.5,0.02612629128503886,90685.70179918126,2369.281060593581,447505.30634442234,0.9703510688149642,3057638.1497340673,33.7168714479935
Salinas,1985-1989,1,45,5,0.006765749683758912,2.5,0.033266073601422745,88316.42073858768,2937.9405525040784,434237.2523116782,0.9596962504279626,2610132.8433896448,29.554332269822293
Salinas,1985-1989,1,50,5,0.009748657599614454,2.5,0.04758359749961815,85378.4801860836,4062.6152363037254,416735.8628396587,0.9422678678687715,2175895.5910779666,25.485293089494817
Salinas,1985-1989,1,55,5,0.014161785313829072,2.5,0.06838769686632507,81315.86494977988,5561.0047226085735,392676.812942378,0.9101722759091033,1759159.7282383079,21.6336594258052
Salinas,1985-1989,1,60,5,0.023917784466447052,2.5,0.11284161855370395,75754.8602271713,8548.301041343628,357403.5485324974,0.8676553804637902,1366482.9152959299,18.03822106196439
Salinas,1985-1989,1,65,5,0.033446531885187716,2.5,0.15432829391767797,67206.55918582767,10371.873619226237,310103.11188107275,0.8116301690153719,1009079.3667634325,15.014596476711521
Salinas,1985-1989,1,70,5,0.05162622350459963,2.5,0.22862367514438117,56834.68556660144,12993.754689911737,251689.04110822786,0.7560289603729786,698976.2548823598,12.298409816365888
Salinas,1985-1989,1,75,5,0.060794221855646924,2.5,0.26386711886631226,43840.9308766897,11568.180118849254,190284.2040863254,0.6864046761512421,447287.2137741319,10.20250265744141
Salinas,1985-1989,1,80,5,0.0941775455935451,2.5,0.3811486233371071,32272.750757840447,12300.71452265247,130611.96748257105,0.49178817928540414,257003.00968780648,7.96346774454512
Salinas,1985-1989,1,85,NA,0.18007533705073486,6.328400405290264,1,19972.036235187978,19972.036235187978,126391.04220523543,0,126391.04220523543,6.328400405290264
Salinas,1985-1989,2,0,1,0.01360690068710667,0.12106414522481027,0.01344609091386516,100000,1344.6090913865191,98818.1748589237,0.9862268941365452,7685471.134715665,76.85471134715665
Salinas,1985-1989,2,1,4,3.312936246193202e-4,1.5021232100831414,0.0013240787826941931,98655.39090861348,130.62750990048517,394295.27220934886,0.9986748534714389,7586652.959856742,76.90054126777943
Salinas,1985-1989,2,5,5,1.330605515408171e-4,2.5,6.650815174202667e-4,98524.763398713,65.52699914468394,492459.99949570326,0.9992455396076816,7192357.687647393,73.00050707598396
Salinas,1985-1989,2,10,5,1.6885099677585758e-4,2.5,8.438987510160706e-4,98459.23639956831,83.08962662360864,492088.4579312826,0.998090511444045,6699897.68815169,68.0474268656939
Salinas,1985-1989,2,15,5,5.960826385828516e-4,2.5,0.0029759783703158997,98376.1467729447,292.7652849513106,491148.82065234525,0.9958174294007189,6207809.230220407,63.10278897737507
Salinas,1985-1989,2,20,5,0.0010814689212435965,2.5,0.005392764338638412,98083.38148799339,528.940561901516,489094.5560352132,0.9941587613844116,5716660.409568062,58.28367989400785
Salinas,1985-1989,2,25,5,0.0012624005075850383,2.5,0.006292144521829801,97554.44092609188,613.8266410532815,486237.6380278262,0.9937206493986517,5227565.853532849,53.58613922551511
Salinas,1985-1989,2,30,5,0.0012572343482147499,2.5,0.006266475669937506,96940.6142850386,607.4760008459853,483184.381423078,0.9930430780521117,4741328.215505023,48.909615958940535
Salinas,1985-1989,2,35,5,0.001536221806140568,2.5,0.007651722174555138,96333.13828419261,737.1144103536499,479822.90539507894,0.9909435865357018,4258143.834081944,44.20227462661897
Salinas,1985-1989,2,40,5,0.0021054110525831875,2.5,0.010471935938747484,95596.02387383896,1001.0754380058061,475477.4307741803,0.9876930247383575,3778320.9286868656,39.52382929308057
Salinas,1985-1989,2,45,5,0.0028524845083523764,2.5,0.014161434361431798,94594.94843583315,1339.6001531970833,469625.7417961731,0.980006570833507,3302843.4979126854,34.91564351507747
Salinas,1985-1989,2,50,5,0.005249849655466085,2.5,0.025909199768633522,93255.34828263607,2416.1714481483214,460236.31279280956,0.9682025434088741,2833217.756116512,30.381289741470525
Salinas,1985-1989,2,55,5,0.00771443230740412,2.5,0.03784233127949553,90839.17683448775,3437.566222927344,445601.9686151204,0.957967503666243,2372981.4433237026,26.122885807820122
Salinas,1985-1989,2,60,5,0.0094977817006084,2.5,0.0463874634981657,87401.6106115604,4054.339021924665,426872.2055029904,0.9315408489234032,1927379.4747085823,22.05199036061759
Salinas,1985-1989,2,65,5,0.019200316068480796,2.5,0.09160449232745435,83347.27158963574,7634.984500847044,397648.89669606107,0.8889700999018731,1500507.2692055919,18.003076052608066
Salinas,1985-1989,2,70,5,0.028360508383299798,2.5,0.1324142063904856,75712.2870887887,10025.382408870559,353497.97942176706,0.8382914972829031,1102858.3725095307,14.566438485951371
Salinas,1985-1989,2,75,5,0.043329668523741295,2.5,0.19547380471073025,65686.90467991814,12840.069177454672,296334.350455954,0.7508025494489968,749360.3930877637,11.408063703705906
Salinas,1985-1989,2,80,5,0.07505210489497403,2.5,0.31597420207859844,52846.835502463466,16698.236680269845,222488.58581164273,0.5088834528824935,453026.0426318098,8.572434627815925
Salinas,1985-1989,2,85,NA,0.1410926497578173,6.377493577389433,1,36148.59882219362,36148.59882219362,230537.45682016702,0,230537.45682016702,6.377493577389433
Salinas,1990-1994,1,0,1,0.019697742424195048,0.10998413987964001,0.019358365057570753,100000,1935.8365057570772,98277.07480727622,0.9800187310185221,6998999.4325041585,69.98999432504158
Salinas,1990-1994,1,1,4,5.565046701191666e-4,1.5946732460815394,0.002223042969462864,98064.16349424292,218.00084921212692,391732.29070198484,0.9977562943412817,6900722.357696882,70.3694612976738
Salinas,1990-1994,1,5,5,2.6253056709175823e-4,2.5,0.001311791871798767,97846.1626450308,128.35380084444478,488909.9287230429,0.9986259855374134,6508990.066994897,66.52269124348192
Salinas,1990-1994,1,10,5,2.8747020616365934e-4,2.5,0.0014363187836761463,97717.80884418635,140.3539243425912,488238.1594100753,0.9963876148577855,6020080.138271854,61.606786004289475
Salinas,1990-1994,1,15,5,0.0011616802873321394,2.5,0.0057915815214458445,97577.45491984376,565.1277848234749,486474.45513716014,0.9919686922082336,5531841.978861779,56.69180430465194
Salinas,1990-1994,1,20,5,0.0020674471336479304,2.5,0.010284081182830536,97012.32713502028,997.6826479918673,482567.4290551217,0.9882174894094068,5045367.523724619,52.00748886997168
Salinas,1990-1994,1,25,5,0.0026771000624269945,2.5,0.013296510092140647,96014.64448702842,1276.659689415057,476881.57321160444,0.9844839230465853,4562800.094669498,47.521918339091826
Salinas,1990-1994,1,30,5,0.003584955159061457,2.5,0.017765554009061362,94737.98479761336,1683.072785631637,469482.2420239877,0.979459010140999,4085918.521457893,43.128619741981524
Salinas,1990-1994,1,35,5,0.004728570299100393,2.5,0.02336662467690833,93054.91201198172,2174.3792033266946,459838.6120515919,0.9732448122918311,3616436.279433905,38.8634646064493
Salinas,1990-1994,1,40,5,0.006137720652320229,2.5,0.030224824438676107,90880.53280865503,2746.8481490349513,447535.5436706877,0.9681542477485494,3156597.6673823134,34.73348548724281
Salinas,1990-1994,1,45,5,0.006817694870016625,2.5,0.033517199256512004,88133.68465962008,2953.9942699470703,433283.4376232327,0.96152130954585735,2709062.1237116256,30.738101262579207
Salinas,1990-1994,1,50,5,0.00891689162426361,2.5,0.04361224398847755,85179.69038967301,3714.8774401374103,416611.25834802154,0.9452183030996667,2275778.686088393,26.717386218209395
Salinas,1990-1994,1,55,5,0.013748979567209397,2.5,0.06646048810363778,81464.8129495356,5414.191231897683,393788.5866679338,0.911533691052331,1859167.4277403716,22.821723397217596
Salinas,1990-1994,1,60,5,0.02373751428417149,2.5,0.11203876684966996,76050.62171763791,8520.617875394877,358951.5638997024,0.8815549855869185,1465378.8410724376,19.2684662922694
Salinas,1990-1994,1,65,5,0.026816808783994086,2.5,0.12565957212601572,67530.00384224304,8485.791388484467,316435.540740004,0.8481329224117052,1106427.2771727352,16.384232403680326
Salinas,1990-1994,1,70,5,0.04000554789789577,2.5,0.18184110672704126,59044.21245375857,10736.664938418005,268379.3999227478,0.7930401382686348,789991.7364327313,13.37966421436184
Salinas,1990-1994,1,75,5,0.053942284545703004,2.5,0.23766142252946293,48307.547515340564,11480.84046140546,212835.63642318916,0.7114148071130463,521612.33650998346,10.797739966913866
Salinas,1990-1994,1,80,5,0.08643591895228461,2.5,0.3553846070350051,36826.707053935104,13087.644814755975,151414.42323278557,0.5096313187160029,308776.7000867943,8.384586208986072
Salinas,1990-1994,1,85,NA,0.16141753426185498,6.62883290285565,1,23739.06223917913,23739.06223917913,157362.27685400873,0,157362.27685400873,6.62883290285565
Salinas,1990-1994,2,0,1,0.012936605088491622,0.12244178365977582,0.012791389254732732,100000,1279.1389254732785,98877.48112611032,0.9869112153461939,7769657.715600209,77.69657715600209
Salinas,1990-1994,2,1,4,3.099083492283898e-4,1.5031884096825499,0.001238674931608355,98720.86107452672,122.28305583981273,394578.12654698663,0.9987231186192248,7670780.234474099,77.70171523000843
Salinas,1990-1994,2,5,5,1.358425569044152e-4,2.5,6.789821978274624e-4,98598.57801868691,66.94667920577922,492825.52339542005,0.9992092412686164,7276202.107927113,73.7962174925899
Salinas,1990-1994,2,10,5,1.8060374964096616e-4,2.5,9.026112107819928e-4,98531.63133948113,88.93575506366324,492435.81730974646,0.9983583233525121,6783376.584531693,68.84465924612807
Salinas,1990-1994,2,15,5,4.768497424407602e-4,2.5,0.0023814097756084387,98442.69558441747,234.43239760196593,491627.3969280824,0.9964701906948205,6290940.767221946,63.90459677962884
Salinas,1990-1994,2,20,5,9.383863043400145e-4,2.5,0.0046809501728662835,98208.2631868155,459.70798654122336,489892.04596772447,0.9943822580681563,5799313.370293863,59.051175350308235
Salinas,1990-1994,2,25,5,0.0013161040010307486,2.5,0.006558939389222061,97748.55520027428,641.1268489426147,487139.9588790149,0.992581469153344,5309421.324326139,54.31713352128647
Salinas,1990-1994,2,30,5,0.001663650177793654,2.5,0.00828379753585992,97107.42835133166,804.4182756904629,483526.0960674322,0.9902376556040057,4822281.3654471245,49.6592428336199
Salinas,1990-1994,2,35,5,0.0022633835099281872,2.5,0.01125324154626828,96303.0100756412,1083.721034013899,478805.74779317126,0.9894132439098615,4338755.269379692,45.05316361318111
Salinas,1990-1994,2,40,5,0.0019924121071365265,2.5,0.009912685150910367,95219.2890416273,943.8788325631904,473736.7481267286,0.9877850355862211,3859949.5215865206,40.53747471165275
Salinas,1990-1994,2,45,5,0.0029293556331896646,2.5,0.014540293936073645,94275.41020906411,1370.7921753837145,467950.07060686126,0.9806596682361686,3386212.773459792,35.918303255860295
Salinas,1990-1994,2,50,5,0.004901575162144121,2.5,0.02421119335078541,92904.6180336804,2249.3316703942983,458899.76099241624,0.9711615209482811,2918262.702852931,31.41138475802121
Salinas,1990-1994,2,55,5,0.006830806529552205,2.5,0.03358057659311508,90655.2863632861,3044.2567872931104,445665.78984819766,0.9594057186632198,2459362.9418605147,27.128731710195297
Salinas,1990-1994,2,60,5,0.009804930095963027,2.5,0.04785169418858397,87611.02957599299,4192.336194817384,427574.30739292153,0.9382756013107302,2013697.152012317,22.984516467366188
Salinas,1990-1994,2,65,5,0.015864026900999504,2.5,0.07629429753382391,83418.6933811756,6364.370612706232,401182.54037411243,0.905205042995415,1586122.8446193954,19.013997706386068
Salinas,1990-1994,2,70,5,0.02436349208556737,2.5,0.11482369496881598,77054.32276846937,8847.662053595428,363152.4587083583,0.8472195454834482,1184940.304245283,15.37798609697418
Salinas,1990-1994,2,75,5,0.043375639663841135,2.5,0.19566090593848462,68206.66071487394,13345.37702651108,307669.861008092,0.7656158941281622,821787.8455369247,12.048498444635277
Salinas,1990-1994,2,80,5,0.0658006228335443,2.5,0.28252698518635694,54861.28368836286,15499.793083926626,235556.93573199774,0.5418231946352242,514117.9845288327,9.371235048914597
Salinas,1990-1994,2,85,NA,0.1417430396107384,7.076994405426296,1,39361.490604436236,39361.490604436236,278561.04879683495,0,278561.04879683495,7.076994405426296
Salinas,1995-1999,1,0,1,0.018310380130646634,0.11275255196830118,0.018017668014168584,100000,1801.7668014168594,98401.38700349466,0.9814086742256053,6963766.519939526,69.63766519939526
Salinas,1995-1999,1,1,4,5.201337648544087e-4,1.59871276627331,0.002077939732288277,98198.23319858314,204.05001040385105,392302.950109308,0.9979205902523769,6865365.132936032,69.91332643482927
Salinas,1995-1999,1,5,5,2.343995166782281e-4,2.5,0.001171311196445324,97994.18318817929,114.78168395483226,489683.96173100936,0.9987078446465848,6473062.182826724,66.05557567020516
Salinas,1995-1999,1,10,5,2.828280825087989e-4,2.5,0.0014131412224883185,97879.40150422446,138.3174170981074,489051.21397837705,0.9967100588979961,5983378.221095714,61.13010632617602
Salinas,1995-1999,1,15,5,0.0010365585749531254,2.5,0.005169396918008881,97741.08408712635,505.2624588428298,487442.2642885247,0.9927342716968227,5494327.007117337,56.213076194445485
Salinas,1995-1999,1,20,5,0.0018834171435644978,2.5,0.00937295276799981,97235.82162828352,911.3867634795606,483900.6412327187,0.9889369919459203,5006884.742828812,51.49218321997942
Salinas,1995-1999,1,25,5,0.0025702204475797023,2.5,0.012769054028497774,96324.43486480396,1229.9719130531885,478547.24454138684,0.9862625951348124,4522984.101596094,46.95572943609088
Salinas,1995-1999,1,30,5,0.002965479490880971,2.5,0.01471828055657596,95094.46295175077,1399.6269851007964,471973.2472960019,0.9822522461661705,4044436.8570547067,42.53072925083747
Salinas,1995-1999,1,35,5,0.004208310094260131,2.5,0.020822481820221686,93694.83596664997,1950.95901856423,463596.78228683927,0.9737441188887166,3572463.609758705,38.12871406307065
Salinas,1995-1999,1,40,5,0.006463753904297089,2.5,0.031804823147005605,91743.87694808574,2917.8977811545046,451424.6402875425,0.9655649276765788,3108866.827471866,33.886368560934606
Salinas,1995-1999,1,45,5,0.007570982349847753,2.5,0.03715172413010026,88825.97916693124,3300.03827359587,435879.80015066656,0.9614111159766597,2657442.187184323,29.917398176834897
Salinas,1995-1999,1,50,5,0.00818023749548496,2.5,0.040081497064518926,85525.94089333537,3428.0077488564275,419059.68509453576,0.9432918380198818,2221562.3870336567,25.97530484703235
Salinas,1995-1999,1,55,5,0.015374910194289878,2.5,0.07402907502091702,82097.93314447894,6077.634051814879,395295.5805928575,0.9144427476498993,1802502.701939121,21.95551864584716
Salinas,1995-1999,1,60,5,0.020611449753622498,2.5,0.09800707881678385,76020.29909266406,7450.527444850202,361475.1768511948,0.8855895226353282,1407207.1213462634,18.51093902736379
Salinas,1995-1999,1,65,5,0.02840225697047208,2.5,0.13259620605794203,68569.77164781386,9092.091570759556,320118.62931217044,0.8333655935878468,1045731.9444950685,15.250626031921582
Salinas,1995-1999,1,70,5,0.04590002981729412,2.5,0.20587587686908876,59477.680077054305,12245.019540002679,266775.8515352648,0.759936089622506,725613.3151828981,12.199758199090049
Salinas,1995-1999,1,75,5,0.06596019720369257,2.5,0.283115157043589,47232.660537051626,13372.2821055339,202732.59742142336,0.6710661605539142,458837.4636476333,9.714410715604272
Salinas,1995-1999,1,80,5,0.09777476861682755,2.5,0.39284742731543193,33860.378431517725,13301.962554748676,136046.98577071694,0.46878406577971615,256104.86622620997,7.563555934384475
Salinas,1995-1999,1,85,NA,0.16674700871051437,5.839841025453624,1,20558.41587676905,20558.41587676905,120057.88045549302,0,120057.88045549302,5.839841025453624
Salinas,1995-1999,2,0,1,0.008724879004699522,0.1310980179280112,0.008659232800925197,100000,865.9232800925238,99247.59754560533,0.9910243635323208,7880746.4532094225,78.80746453209423
Salinas,1995-1999,2,1,4,2.7537581876444205e-4,1.5099114282328947,0.0011007484806198173,99134.07671990748,109.12168432708131,396264.5842205551,0.9988878776255405,7781498.855663817,78.49469237152017
Salinas,1995-1999,2,5,5,1.3226380179876898e-4,2.5,6.611004098598978e-4,99024.9550355804,65.46543836037745,494961.11158200103,0.9992839750706248,7385234.271443263,74.57952663335918
Salinas,1995-1999,2,10,5,1.5425662153780532e-4,2.5,7.709857835334727e-4,98959.48959722002,76.29635962519387,494606.7070870371,0.998186957235635,6890273.159861261,69.62720996142671
Salinas,1995-1999,2,15,5,5.719975402097288e-4,2.5,0.0028559037762109734,98883.19323759482,282.40088497103716,493709.96397554653,0.9962327843715818,6395666.452774224,64.6790040184769
Salinas,1995-1999,2,20,5,9.384239565527862e-4,2.5,0.004681137553703146,98600.79235262379,461.56387190675014,491850.05208335206,0.9943791316179261,5901956.488798678,59.85708986690131
Salinas,1995-1999,2,25,5,0.0013173279231488192,2.5,0.006565018908932256,98139.22848071704,644.2858906839247,489085.4276768754,0.9933221152529588,5410106.436715325,55.126849074204145
Salinas,1995-1999,2,30,5,0.0013629274480845227,2.5,0.006791496448115849,97494.94259003311,662.1365563094732,485819.37155939185,0.9916577566985911,4921021.00903845,50.47462851207961
Salinas,1995-1999,2,35,5,0.0019905757396087125,2.5,0.009903594062852445,96832.80603372364,958.9928029249277,481766.54816130584,0.9899607998709928,4435201.6374790585,45.80267596432583
Salinas,1995-1999,2,40,5,0.0020456409104865833,2.5,0.010176162616035102,95873.81323079871,975.6275140559883,476929.99736885354,0.988169346176119,3953435.0893177525,41.23581774932201
Salinas,1995-1999,2,45,5,0.002718785630683792,2.5,0.013502154494362597,94898.18571674272,1281.329964782184,471287.60367175814,0.9834385422227615,3476505.091948899,36.63405222862491
Salinas,1995-1999,2,50,5,0.0039715725106560795,2.5,0.019662633615395383,93616.85575196054,1840.7539348761202,463482.3939226124,0.9721714604046863,3005217.488277141,32.10124356493574
Salinas,1995-1999,2,55,5,0.007364794811492375,2.5,0.03615822921026068,91776.10181708442,3318.461325526354,450584.3557716062,0.9540944170197252,2541735.0943545285,27.694955920228203
Salinas,1995-1999,2,60,5,0.011526572406712024,2.5,0.05601860574544044,88457.64049155806,4955.2736878684955,429900.0182381191,0.9346540753326112,2091150.7385829221,23.64013698491642
Salinas,1995-1999,2,65,5,0.015633374791677458,2.5,0.07522675386457196,83502.36680368957,6281.611994650375,401807.8040318219,0.9087608975198908,1661250.720344803,19.89465429465408
Salinas,1995-1999,2,70,5,0.02295682644059799,2.5,0.10855399419270113,77220.7548090392,8382.62136909645,365147.2206224548,0.8523714035721665,1259442.9163129812,16.30964265277494
Salinas,1995-1999,2,75,5,0.042346108725924016,2.5,0.19146142755903162,68838.13343994274,13179.847298910543,311241.04895243736,0.7812842576592488,894295.6956905264,12.99128333383338
Salinas,1995-1999,2,80,5,0.0577769074032259,2.5,0.2524238617931593,55658.2861410322,14049.479528508025,243167.73188389093,0.5829417821394655,583054.646738089,10.475612656499885
Salinas,1995-1999,2,85,NA,0.1590267297175286,8.168629252440343,1,41608.806612524175,41608.806612524175,339886.91485419817,0,339886.91485419817,8.168629252440343
Salinas,2000-2004,1,0,1,0.012110295729660927,0.1251245103862481,0.011983332312950066,100000,1198.3332312950079,98951.60762755034,0.9875105562733165,7298768.270663765,72.98768270663766
Salinas,2000-2004,1,1,4,4.283283728800723e-4,1.6168942197410814,0.0017115664069931444,98801.66676870499,169.1056137962296,394803.67050910793,0.9983018984199322,7199816.663036215,72.87140893980066
Salinas,2000-2004,1,5,5,1.996071062116588e-4,2.5,9.975377420032487e-4,98632.56115490876,98.38970234247972,492916.8315186876,0.9987492497938228,6805012.992527107,68.99357486864199
Salinas,2000-2004,1,10,5,3.010695390472951e-4,2.5,0.0015042155115597426,98534.17145256628,148.21662911762542,492300.3156900374,0.9972150748366627,6312096.1610084195,64.05997095177302
Salinas,2000-2004,1,15,5,8.151707157262585e-4,2.5,0.004067564180620345,98385.95482344866,400.1911857160012,490929.2961529533,0.9938406311003184,5819795.845318382,59.15270991435589
Salinas,2000-2004,1,20,5,0.0016587939681246345,2.5,0.008259716919113567,97985.76363773266,809.3346697508532,487905.4815142862,0.9905373504937922,5328866.549165429,54.384089599658665
Salinas,2000-2004,1,25,5,0.0021465781510394055,2.5,0.010675600727022411,97176.4289679818,1037.4167557400215,483288.60295055894,0.9881057139658231,4840961.067651142,49.816206656926724
Salinas,2000-2004,1,30,5,0.0026425677189451974,2.5,0.013126121929511325,96139.01221224178,1261.932396480668,477540.23007000727,0.9834000838529631,4357672.464700583,45.3267863318623
Salinas,2000-2004,1,35,5,0.0040648753294871805,2.5,0.020119914289370256,94877.07981576111,1908.918713918858,469613.1022940084,0.9795172651391044,3880132.2346305763,40.8964129394084
Salinas,2000-2004,1,40,5,0.004214544002228244,2.5,0.020853005240726873,92968.16110184226,1938.665550677455,459994.1416325176,0.9765505418578058,3410519.132336568,36.6848079161263
Salinas,2000-2004,1,45,5,0.005289269764597169,2.5,0.02610120799728706,91029.4955511648,2375.9797972690576,449207.52826265135,0.9666260370324651,2950524.9907040503,32.41284566984834
Salinas,2000-2004,1,50,5,0.008338607810691635,2.5,0.04084163315048312,88653.51575389574,3620.754367921196,434215.6928496757,0.9513429527253155,2501317.4624413988,28.214532059677307
Salinas,2000-2004,1,55,5,0.01169316603157102,2.5,0.05680524719069212,85032.76138597455,4830.307029837422,413088.0393552792,0.9318505486391437,2067101.769591723,24.309474794178264
Salinas,2000-2004,1,60,5,0.01670505483471,2.5,0.08017687638243898,80202.45435613712,6430.382268480214,384936.3161094851,0.9036035962599509,1654013.730236444,20.622981472509988
Salinas,2000-2004,1,65,5,0.024184838076964418,2.5,0.11402971490733152,73772.07208765691,8412.208348278626,347829.839567588,0.8688254473658746,1269077.414126959,17.202680881987767
Salinas,2000-2004,1,70,5,0.032555426481165786,2.5,0.15052603429809616,65359.863739378285,9838.361090952552,302203.41596951004,0.8093535259533148,921247.5745593709,14.095004515811647
Salinas,2000-2004,1,75,5,0.05399761876125954,2.5,0.23787622018191631,55521.50264842573,13207.245188827765,244589.40027005924,0.7245716126331572,619044.1585898609,11.14962904570115
Salinas,2000-2004,1,80,5,0.07752682441054698,2.5,0.32470144271474216,42314.25745959797,13739.5004445345,177222.5361866536,0.5267184292653656,374454.7583198016,8.849375619490294
Salinas,2000-2004,1,85,NA,0.15896876946220034,6.902323684823465,1,28574.757015063467,28574.757015063467,197232.22213314803,0,197232.22213314803,6.902323684823465
Salinas,2000-2004,2,0,1,0.007954164462140173,0.13268204440589715,0.007899666325776331,100000,789.9666325776343,99314.84775524521,0.9917916157354184,8024657.717032252,80.24657717032252
Salinas,2000-2004,2,1,4,2.625785770443021e-4,1.511147242887962,0.0010496283556677881,99210.03336742237,104.13366418919759,396580.960112464,0.9989874692712029,7925342.869277007,79.88448950446029
Salinas,2000-2004,2,5,5,1.096504801887315e-4,2.5,5.481021517833188e-4,99105.89970323317,54.32015688176034,495393.69812396145,0.9993752529090236,7528761.909164542,75.9668388230063
Salinas,2000-2004,2,10,5,1.4033603072877837e-4,2.5,7.014340624635317e-4,99051.57954635141,69.47815183462808,495084.2023521705,0.998532832302165,7033368.211040582,71.00712823816505
Salinas,2000-2004,2,15,5,4.4718714694206706e-4,2.5,0.002233438821873777,98982.10139451678,221.07046792516485,494357.830802771,0.9969668628456796,6538284.008688411,66.05521520126675
Salinas,2000-2004,2,20,5,7.683983724389042e-4,2.5,0.0038346255620924597,98761.03092659161,378.711573729699,492858.37569863384,0.995741688891905,6043926.1778856395,61.19747962511699
Salinas,2000-2004,2,25,5,9.389243025864156e-4,2.5,0.004683627583525987,98382.31935286192,460.7861446523457,490759.6314026787,0.9946260447179611,5551067.802187006,56.423428911828424
Salinas,2000-2004,2,30,5,0.0012171989831339042,2.5,0.006067531432943741,97921.53320820957,594.1419807028433,488122.3110892908,0.9934716791848149,5060308.170784327,51.67717462128218
Salinas,2000-2004,2,35,5,0.0014032904733470406,2.5,0.0069919231189771135,97327.39122750673,680.5056368333317,484935.6920454503,0.991376342207763,4572185.859695037,46.97738018074857
Salinas,2000-2004,2,40,5,0.0020639716285653755,2.5,0.01026688176115473,96646.8855906734,992.2621469432925,480753.77258600877,0.9887558749513395,4087250.167649586,42.290552278738026
Salinas,2000-2004,2,45,5,0.002461354164918143,2.5,0.012231505656115966,95654.6234437301,1170.000067685629,475348.11704943643,0.9845608201670636,3606496.3950635777,37.703314959837144
Salinas,2000-2004,2,50,5,0.0037725630475790735,2.5,0.01868657453644035,94484.62337604447,1765.5939572639618,468009.13198706246,0.9763729990029969,3131148.278014141,33.139236482451906
Salinas,2000-2004,2,55,5,0.0058156435675918595,2.5,0.028661505093621246,92719.02941878051,2657.466933961987,456951.47975899756,0.9669995304103536,2663139.1460270784,28.72268144653002
Salinas,2000-2004,2,60,5,0.007636554140965407,2.5,0.03746746489435095,90061.56248481853,3374.3784307303285,441871.8663472668,0.9533404688672877,2206187.666268081,24.496440050548458
Salinas,2000-2004,2,65,5,0.011566967596814142,2.5,0.05620940701026114,86687.1840540882,4872.635211069661,421254.33224276686,0.9210065028161983,1764315.799920814,20.35267172619167
Salinas,2000-2004,2,70,5,0.021748414604520865,2.5,0.1031345411217,81814.54884301854,8437.905952003624,387977.9793350836,0.8671405872389653,1343061.4676780473,16.415924632855255
Salinas,2000-2004,2,75,5,0.03620560605963323,2.5,0.16600247936604282,73376.64289101491,12180.704647465202,336431.45283641154,0.7971578267214215,955083.4883429637,13.016178591892425
Salinas,2000-2004,2,80,5,0.05636432553963999,2.5,0.24701459945621523,61195.93824354971,15116.290173577712,268188.96578380425,0.5664946522576118,618652.0355065522,10.10936433467887
Salinas,2000-2004,2,85,NA,0.1356641346024402,7.60559345398145,1,46079.648069972,46079.648069972,350463.06972274795,0,350463.06972274795,7.60559345398145
Salinas,2005-2009,1,0,1,0.012680609771024871,0.12398647723240842,0.01254129621627471,100000,1254.1296216274786,98901.36549215093,0.9870286674969373,7358413.647906468,73.58413647906468
Salinas,2005-2009,1,1,4,3.937157753540463e-4,1.6152130745003643,0.001573385805061739,98745.87037837252,155.36535076178552,394612.9682563177,0.9983863552911253,7259512.282414317,73.5171228386307
Salinas,2005-2009,1,5,5,1.9041171133355155e-4,2.5,9.516055645576029e-4,98590.50502761074,93.81927319683018,492717.9769550616,0.9989501205593303,6864899.314157999,69.63043055957013
Salinas,2005-2009,1,10,5,2.2978130760501617e-4,2.5,0.0011482469238260553,98496.6857544139,113.09851642456488,492200.6824810081,0.9970389304930488,6372181.337202938,64.69437309891804
Salinas,2005-2009,1,15,5,9.574816649369874e-4,2.5,0.004775976050932571,98383.58723798934,469.87765645347827,490743.24204881303,0.9931023915555903,5879980.65472193,59.76586969225151
Salinas,2005-2009,1,20,5,0.0018140744883364279,2.5,0.009029422329949199,97913.70958153586,884.1042357036786,487358.28731842013,0.9900537360127761,5389237.412673117,55.040682614372066
Salinas,2005-2009,1,25,5,0.002186175384045153,2.5,0.010871459626664628,97029.60534583218,1054.8534371084243,482510.89313638984,0.9886071253015699,4901879.125354697,50.519417325088114
Salinas,2005-2009,1,30,5,0.002398298003975669,2.5,0.01192002061575307,95974.75190872376,1144.0210213437676,477013.70699025935,0.9859630751757414,4419368.2322183065,46.047196208658306
Salinas,2005-2009,1,35,5,0.003262264081395237,2.5,0.016179366987518453,94830.73088737999,1534.3011967215134,470317.9014450962,0.983310603910659,3942354.5252280473,41.57254181568997
Salinas,2005-2009,1,40,5,0.003471430431814291,2.5,0.017207812846123955,93296.42969065848,1605.4275013284205,462468.57969997136,0.9779099558466661,3472036.6237829514,37.21510710854777
Salinas,2005-2009,1,45,5,0.005485768088816121,2.5,0.027057758967335886,91691.00218933006,2480.9530367123516,452252.6283548694,0.9654879894378843,3009568.0440829797,32.822937608082974
Salinas,2005-2009,1,50,5,0.008616405617716308,2.5,0.04217356669608337,89210.0491526177,3762.305957898803,436644.4808683415,0.9515488450254513,2557315.4157281104,28.666225834638166
Salinas,2005-2009,1,55,5,0.011312142753759774,2.5,0.05500514853767405,85447.7431947189,4700.065806634535,415488.5514570082,0.9373974382854112,2120670.934859769,24.818337566004164
Salinas,2005-2009,1,60,5,0.014645742959557418,2.5,0.07064219617943067,80747.67738808437,5704.193267082432,389477.9037727157,0.9119702214194357,1705182.3834027608,21.117417101762832
Salinas,2005-2009,1,65,5,0.022551359671216187,2.5,0.10673902310366824,75043.48412100194,8010.06818537139,355192.25014158123,0.8688563046304684,1315704.4796300451,17.53256122155218
Salinas,2005-2009,1,70,5,0.034420097221157596,2.5,0.1584645712356847,67033.41593563055,10622.421514703005,308611.0258913952,0.8220864452877772,960512.2294884638,14.328856975016826
Salinas,2005-2009,1,75,5,0.04469764083127357,2.5,0.20102486151138665,56410.99442092754,11340.012341186572,253704.94125167126,0.7458504238834212,651901.2035970686,11.556279237566924
Salinas,2005-2009,1,80,5,0.07637213547291798,2.5,0.3206406495505856,45070.98207974097,14451.588969930941,189225.93797387747,0.5247922799191369,398196.2623453973,8.834869886813122
Salinas,2005-2009,1,85,NA,0.14219006445608273,6.824770289276852,1,30619.39310981003,30619.39310981003,208970.32437151985,0,208970.32437151985,6.824770289276852
Salinas,2005-2009,2,0,1,0.009480680703794727,0.1295446413699118,0.009403081684536817,100000,940.3081684536883,99181.50371600584,0.9904141674296264,8084343.320698728,80.84343320698729
Salinas,2005-2009,2,1,4,2.1607888251038248e-4,1.5087011860992585,8.638505045744254e-4,99059.69183154631,85.57276477167034,396025.5799988074,0.9990639546408648,7985161.816982722,80.60959679302965
Salinas,2005-2009,2,5,5,1.0271819591710517e-4,2.5,5.134591255978794e-4,98974.11906677464,50.819164632834145,494743.5474222911,0.9994305290052039,7589136.236983915,76.67798722071747
Salinas,2005-2009,2,10,5,1.2514146643677874e-4,2.5,6.255116385745826e-4,98923.299902141807,61.87767541498761,494461.8053221716,0.9987240360391169,7094392.689561624,71.7160941515258
Salinas,2005-2009,2,15,5,3.857363035381494e-4,2.5,0.0019268234033478016,98861.42222672682,190.48850203471375,493830.8898785473,0.99726035183512,6599930.884239452,66.75941672276676
Salinas,2005-2009,2,20,5,7.120737940770038e-4,2.5,0.0035540421197437304,98670.9337246921,350.68065445200773,492477.96698733047,0.9960170556680356,6106099.994360905,61.88347230399089
Salinas,2005-2009,2,25,5,8.846273602391561e-4,2.5,0.004413376317591848,98320.2530702401,433.9242764398223,490516.4546601009,0.9949172143861682,5613622.027373575,57.09527642654863
Salinas,2005-2009,2,30,5,0.0011543542203179234,2.5,0.005755162361687546,97886.32879380028,563.3517151978449,488023.2646810068,0.992914209359525,5123105.572713474,52.33729404139172
Salinas,2005-2009,2,35,5,0.0016919508453361078,2.5,0.008424121229093593,97322.97707860243,819.8605572864617,484565.23399979604,0.9907471154924944,4635082.308032467,47.62577602089757
Salinas,2005-2009,2,40,5,0.0020279675067913956,2.5,0.010088688701773652,96503.11652131597,973.5899013345479,480081.6078532435,0.987861404702943,4150517.074032671,43.00915062277692
Salinas,2005-2009,2,45,5,0.002862213867826565,2.5,0.014209393531087616,95529.52661998142,1357.4166375818313,474254.0915059525,0.9846518055735186,3670435.466179427,38.42199994123808
Salinas,2005-2009,2,50,5,0.0033281449180476525,2.5,0.01650341023795351,94172.10998239959,1554.1609640132228,466975.1475019649,0.9787669639289008,3196181.3746734746,33.939787218007844
Salinas,2005-2009,2,55,5,0.005277118763447816,2.5,0.026042026648575564,92617.94901838637,2411.9590964732197,457059.8473507488,0.9682853234675882,2729206.22717151,29.467357635286355
Salinas,2005-2009,2,60,5,0.007651413968544885,2.5,0.03753900369954454,90205.98992191315,3386.2429893997905,442564.3421360663,0.9533750435069364,2272146.3798207613,25.18842021231235
Salinas,2005-2009,2,65,5,0.011536455357823206,2.5,0.056065290001064305,86819.74693251336,4867.574289590368,421929.79893859086,0.9269942269486218,1829582.0376846949,21.073339906264227
Salinas,2005-2009,2,70,5,0.019057134714720567,2.5,0.09095244125932374,81952.17264292299,7453.750168379411,391126.4877936664,0.8798475938676426,1407652.2387461038,17.176509094877087
Salinas,2005-2009,2,75,5,0.03296460425688843,2.5,0.15227389921846698,74498.42247454358,11344.165275823427,344131.6991831593,0.8116839682759135,1016525.7509524375,13.644929881566132
Salinas,2005-2009,2,80,5,0.052190027262367024,2.5,0.23083227897941075,63154.25719872015,14578.041116432432,279326.18320251966,0.5845796338210824,672394.0517692782,10.646852351592612
Salinas,2005-2009,2,85,NA,0.14701804608154884,8.091776187361008,1,48576.21608228772,48576.21608228772,393067.8685667586,0,393067.8685667586,8.091776187361008
Salinas,2010-2014,1,0,1,0.01069594904439124,0.1279467684793695,0.010597105213885724,100000,1059.7105213885661,99075.87601534669,0.9889246691438748,7541732.417776809,75.4173241777681
Salinas,2010-2014,1,1,4,3.9836361316893863e-4,1.6210709219905624,0.0015919457994179784,98940.28947861143,157.50757822867308,395386.4585565907,0.9984540987404292,7442656.541761463,75.22371908332035
Salinas,2010-2014,1,5,5,1.7497733434156777e-4,2.5,8.745041257058722e-4,98782.78190038276,86.38595032058947,493697.94462611235,0.9990096811934527,7047270.083204872,71.34107733786718
Salinas,2010-2014,1,10,5,2.2136941457177064e-4,2.5,0.0011062348564524738,98696.39595006217,109.18139340619382,493209.02626679535,0.9974305703388378,6553572.1385787595,66.40133183682511
Salinas,2010-2014,1,15,5,8.084797818250165e-4,2.5,0.00403424489554264,98587.21455665598,397.72496709096595,491941.7603655525,0.9939145921980069,6060363.112311965,61.472100003689654
Salinas,2010-2014,1,20,5,0.0016356368562584678,2.5,0.00814487912009584,98189.48958956501,799.7415235709195,488948.0941388978,0.9896421678310221,5568421.351946412,56.710971563479745
Salinas,2010-2014,1,25,5,0.002533740065692947,2.5,0.012588957463687116,97389.74806599409,1226.0353958019987,483883.6518404655,0.9887525259539598,5079473.257807514,52.156139210520564
Salinas,2010-2014,1,30,5,0.0019876050893796503,2.5,0.00988888743939116,96163.7126701921,950.9521303494985,478441.1830250867,0.9887061862179035,4595589.605967049,47.78922816476849
Salinas,2010-2014,1,35,5,0.002558819251588455,2.5,0.012712772043328463,95212.7605398426,1210.418120359027,473037.7573983154,0.9848789268185896,4117148.422941962,43.241561315923676
Salinas,2010-2014,1,40,5,0.003543186807994806,2.5,0.017560384731167066,94002.34241948357,1650.7172985170328,465884.9188511252,0.9803008852716149,3644110.6655436466,38.76616871185907
Salinas,2010-2014,1,45,5,0.00442360008902549,2.5,0.02187607294951,92351.62512096654,2020.2908881520707,456707.3983844525,0.9763175560439162,3178225.7466925215,34.41439977401081
Salinas,2010-2014,1,50,5,0.005171859772621833,2.5,0.025529215062093533,90331.33423281446,2306.0880584753613,445891.4510178839,0.9618154078028707,2721518.3483080687,30.128176135357343
Salinas,2010-2014,1,55,5,0.010503031064252166,2.5,0.05117151528466169,88025.2461743391,4504.385230046304,428865.26779657975,0.9453006720851974,2275626.897290185,25.85197992838525
Salinas,2010-2014,1,60,5,0.012035006890001925,2.5,0.058417399923569244,83520.8609442928,4879.071535743569,405406.625882105,0.9221051477292433,1846761.629493605,22.111381619082785
Salinas,2010-2014,1,65,5,0.020738344282528406,2.5,0.09858071917781984,78641.78940854923,7752.564157325425,373827.53664943256,0.888030315989127,1441355.0036115001,18.328105380760945
Salinas,2010-2014,1,70,5,0.027081878725089926,2.5,0.12682288841630937,70889.2252512238,8990.376303954588,331970.18549623253,0.8362153212657631,1067527.4669620676,15.059093440207096
Salinas,2010-2014,1,75,5,0.045959445840374036,2.5,0.20611491142997193,61898.848947269216,12758.275768383603,277598.5553153871,0.7545554899587181,735557.281465835,11.883214211179375
Salinas,2010-2014,1,80,5,0.06920413259334393,2.5,0.2949851793113795,49140.573178885614,14495.740790637545,209463.5139178342,0.5426148647093983,457958.7261504479,9.319360693725496
Salinas,2010-2014,1,85,NA,0.15498513267894878,7.172648706965782,1,34644.83238824807,34644.83238824807,248495.21223261373,0,248495.21223261373,7.172648706965782
Salinas,2010-2014,2,0,1,0.008591866157635492,0.1313713952421965,0.008528218860252108,100000,852.8218860252091,99259.214515035,0.9912854265692348,8319435.653948519,83.1943565394852
Salinas,2010-2014,2,1,4,2.0792807772201482e-4,1.5101245879143699,8.312819437497325e-4,99147.17811397479,82.4192589398881,396383.4987695824,0.9991216227258443,8220176.439433485,82.90882903378217
Salinas,2010-2014,2,5,5,9.405537744098085e-5,2.5,4.7016633302512245e-4,99064.7588550349,46.576914402874536,495207.35198916733,0.999450578760475,7823792.940663902,78.97655060275012
Salinas,2010-2014,2,10,5,1.2578222579539506e-4,2.5,6.287134265415306e-4,99018.18194063203,62.25406045782438,494935.2745520156,0.9987953918452743,7328585.588674735,74.0125242156911
Salinas,2010-2014,2,15,5,3.564904674189639e-4,2.5,0.001780865183440682,98955.9278801742,176.2271666568704,494339.0714842288,0.9973151715366869,6833650.31412272,69.05751338512627
Salinas,2010-2014,2,20,5,7.193723091576383e-4,2.5,0.0035904044519346964,98779.70071351733,354.6590772025811,493011.8558745802,0.9960914146747455,6339311.242638491,64.17625480587226
Salinas,2010-2014,2,25,5,8.473738539547535e-4,2.5,0.004227912713049166,98425.04163631475,416.13248481656774,491084.87696953234,0.9953877970424296,5846299.386763911,59.39849543946618
Salinas,2010-2014,2,30,5,0.0010021293530393376,2.5,0.004998124846150482,98008.90915149818,489.8607639742113,488819.8938475554,0.9942855821595011,5355214.509794378,54.64007870464618
Salinas,2010-2014,2,35,5,0.0012910151833563752,2.5,0.006434308940440589,97519.04838752397,627.4676849030948,486026.57272536214,0.9925852434197465,4866394.615946823,49.901990394826306
Salinas,2010-2014,2,40,5,0.001687399102342604,2.5,0.008401553576803566,96891.58070262088,814.0398064142792,482422.8039970687,0.9904006918845537,4380368.043221461,45.20896461237084
Salinas,2010-2014,2,45,5,0.002173185218338661,2.5,0.01080721091416796,96077.5408962066,1038.3302485798922,477791.8788595833,0.9849334846378496,3897945.239224392,40.57082646854353
Salinas,2010-2014,2,50,5,0.003912366658890022,2.5,0.01937235391554165,95039.2106476267,1841.1332245195517,470593.2201768347,0.9795324643990331,3420153.3603648087,35.986761012205605
Salinas,2010-2014,2,55,5,0.004363967236266478,2.5,0.021584352661752616,93198.07742310716,2011.6201704976556,460961.33668929164,0.9736533359785664,2949560.140187974,31.648293846206233
Salinas,2010-2014,2,60,5,0.00634178320367084,2.5,0.03121403442033991,91186.4572526095,2846.2972153518203,448816.54322466796,0.9606330839782401,2488598.803498682,27.29132020783125
Salinas,2010-2014,2,65,5,0.009790401103077283,2.5,0.04778248136961432,88340.16003725768,4221.112051168995,431148.0200583659,0.9332927607544399,2039782.2602740142,23.0900901629987
Salinas,2010-2014,2,70,5,0.018099888165307894,2.5,0.08658164557150791,84119.04798608868,7283.165598544205,402387.3259340829,0.9018783213252304,1608634.2402156484,19.123305347935926
Salinas,2010-2014,2,75,5,0.023449708019950697,2.5,0.11075557534140924,76835.88238754448,8510.002360697341,362904.40603597905,0.8538931738810921,1206246.9142815655,15.699005162685614
Salinas,2010-2014,2,80,5,0.040980562320885185,2.5,0.18586108242596483,68325.88002684714,12699.122019496412,309881.5950854947,0.6325554658330406,843342.5082455864,12.342943960827343
Salinas,2010-2014,2,85,NA,0.1074701950069982,9.590005462651593,1,55626.75800735073,55626.75800735073,533460.9131600917,0,533460.9131600917,9.590005462651593
Salinas,2015-2019,1,0,1,0.010241041884777945,0.12885451297101985,0.010150484968346144,100000,1015.0484968346136,99115.74508286698,0.9894750503483442,7748791.820705923,77.48791820705924
Salinas,2015-2019,1,1,4,3.381010852855164e-4,1.6224165887903732,0.001351318065829236,98984.95150316539,133.76015321146406,395621.7800913051,0.9986259281820432,7649676.075623056,77.28120243993281
Salinas,2015-2019,1,5,5,1.604966044139934e-4,2.5,8.021611617133476e-4,98851.19134995392,79.29458649002481,494057.72028354456,0.9991121816871927,7254054.295531751,73.38357986856101
Salinas,2015-2019,1,10,5,1.9480367097539695e-4,2.5,9.735442299023799e-4,98771.8967634639,96.15881017058564,493619.086791893,0.9980420550591267,6759996.575248207,68.44048557087906
Salinas,2015-2019,1,15,5,5.895285698548094e-4,2.5,0.0029433049433892394,98675.73795329331,290.4327873105067,492652.6077981903,0.9947188823287794,6266377.4884563135,63.50474410865222
Salinas,2015-2019,1,20,5,0.0015310039104396043,2.5,0.007625831607170692,98385.3051659828,750.2697698158736,490050.85140537436,0.9908641965878069,5773724.880658124,58.68482972042879
Salinas,2015-2019,1,25,5,0.002142894517482429,2.5,0.010657378492556062,97635.03539616693,1040.5335263510642,485573.843164957,0.9892564431819083,5283674.029252749,54.11657821204806
Salinas,2015-2019,1,30,5,0.002177926891053923,2.5,0.010830663472209415,96594.50186981587,1046.1825430176832,480357.05299153517,0.9878509242714156,4798100.186087792,49.67260137180868
Salinas,2015-2019,1,35,5,0.002714684305587585,2.5,0.013481923611842426,95548.31932679818,1288.175142403823,474521.1587779814,0.9861180458132384,4317743.133096256,45.18910603051571
Salinas,2015-2019,1,40,5,0.002878050331972684,2.5,0.014287451647470804,94260.14418439436,1346.7372523181548,467933.87779117643,0.9833556749854988,3843221.974318275,40.77250260513134
Salinas,2015-2019,1,45,5,0.003843654712099458,2.5,0.019035360180858128,92913.4069320762,1768.6401665827143,460145.4342439242,0.9765474910906732,3375288.0965270987,36.327244990538155
Salinas,2015-2019,1,50,5,0.005670332372106965,2.5,0.02795537124418441,91144.76676549349,2547.9857918939815,449353.8693477325,0.9664224479143513,2915142.6622831747,31.983653760215873
Salinas,2015-2019,1,55,5,0.008030327191696465,2.5,0.03936142319109404,88596.78097359951,3487.295389270512,434265.66639482125,0.9513297349142338,2465788.792935442,27.83158446434086
Salinas,2015-2019,1,60,5,0.012022938443778582,2.5,0.058360529582112755,85109.485584329,4967.034651162641,413129.8412937384,0.9297984615236506,2031523.1265406208,23.86952655856118
Salinas,2015-2019,1,65,5,0.017270061858832956,2.5,0.08277642437082201,80142.45093316636,6633.905528561561,384127.4908444279,0.9031784934639076,1618393.2852468824,20.193957963633007
Salinas,2015-2019,1,70,5,0.02375891466736027,2.5,0.11213411137797726,73508.5454046048,8242.81541763305,346935.68847894133,0.8555260931885194,1234265.7944024545,16.79077973327896
Salinas,2015-2019,1,75,5,0.03977745194234912,2.5,0.18089809637427062,65265.729986971746,11806.446313120337,296812.5341520579,0.7919249580712929,887330.1059235132,13.595651287446579
Salinas,2015-2019,1,80,5,0.054869548416507756,2.5,0.2412539973604286,53459.28367385141,12897.265882341751,235053.25366340266,0.6019538369395483,590517.5717714553,11.046118301437245
Salinas,2015-2019,1,85,NA,0.11677984761286556,8.76347720015195,1,40562.01779150966,40562.01779150966,355464.31810805266,0,355464.31810805266,8.76347720015195
Salinas,2015-2019,2,0,1,0.005840828878757693,0.13702551963035567,0.00581153591180653,100000,581.1535911806568,99498.47928163593,0.9939778979651641,8468033.07102179,84.6803307102179
Salinas,2015-2019,2,1,4,1.8717233008402363e-4,1.5145446310714907,7.483411856760311e-4,99418.84640881934,74.39921740011778,397490.4697009462,0.9992529704953379,8368534.591740154,84.1745292168044
Salinas,2015-2019,2,5,5,8.421156664626158e-5,2.5,4.2096920704022116e-4,99344.44719141923,41.82095315802144,496617.6835742011,0.9995199327554039,7971044.122039207,80.23643341313694
Salinas,2015-2019,2,10,5,1.0786711466075351e-4,2.5,5.39190171083747e-4,99302.6262382612,53.54300003046228,496379.2736912299,0.9987992412937853,7474426.438465007,75.26917183973849
Salinas,2015-2019,2,15,5,3.7288411166864496e-4,2.5,0.001862684145036372,99249.08323823074,184.86969375725312,495783.2419567606,0.9974934821469073,6978047.164773776,70.30842942925878
Salinas,2015-2019,2,20,5,6.313054078439526e-4,2.5,0.003151553057998209,99064.21354447349,312.2061251342675,494540.5524095318,0.996359354005839,6482263.922817016,65.434970822303
Salinas,2015-2019,2,25,5,8.279673257482042e-4,2.5,0.004131285205831583,98752.00741933922,407.9727072976966,492740.10532845184,0.9956240063727699,5987723.3704074845,60.633940786452015
Salinas,2015-2019,2,30,5,9.264844150397734e-4,2.5,0.004621717202801076,98344.03471204152,454.5183170215023,490583.87776765384,0.9947968408338664,5494983.265079033,55.875104994103026
Salinas,2015-2019,2,35,5,0.001160819178361791,2.5,0.005787300867214923,97889.51639502002,566.5160831241374,488031.29176728975,0.9939359882543496,5004399.3873113785,51.12293503542091
Salinas,2015-2019,2,40,5,0.00127250198689327,2.5,0.0063423333549769804,97323.00031189588,617.2549110845866,485071.864281768,0.9917645416916623,4516368.095544089,46.40596858985295
Salinas,2015-2019,2,45,5,0.002038469063426436,2.5,0.010140666728610206,96705.7454008113,980.6607348514517,481077.0751669278,0.9879692287259589,4031296.2312623207,41.686212277812615
Salinas,2015-2019,2,50,5,0.0028076172471151093,2.5,0.013940239096286442,95725.08466595985,1334.4305677557422,475289.34691040986,0.9846143155049699,3550219.156095393,37.08765751928201
Salinas,2015-2019,2,55,5,0.0033989517501384066,2.5,0.01685156461310631,94390.6540982041,1590.6302064092597,467976.6949749974,0.9789970907177928,3074929.809184983,32.57663418653529
Salinas,2015-2019,2,60,5,0.005109526892543511,2.5,0.025225409689754487,92800.02389179484,2340.918621889534,458147.82290425035,0.9670976735129023,2606953.1142099854,28.0921599465287
Salinas,2015-2019,2,65,5,0.008325326306545117,2.5,0.04077790805606303,90459.10526990531,3688.7330775299197,443073.6936557017,0.9471531214321921,2148805.2913057352,23.754438924575762
Salinas,2015-2019,2,70,5,0.013528356535639012,2.5,0.06542891834056416,86770.37219237539,5677.291596555297,419658.6319704887,0.9169669233681558,1705731.5976500334,19.65799563321359
Salinas,2015-2019,2,75,5,0.021467376429231754,2.5,0.10186969445231224,81093.0805958201,8260.927342492912,384813.0846228682,0.8633957887090422,1286072.9656795447,15.85921950714294
Salinas,2015-2019,2,80,5,0.0384230598770396,2.5,0.17527846225887736,72832.15325332718,12765.907825246082,332245.9967035207,0.6313538373482452,901259.8810566766,12.374478040239795
Salinas,2015-2019,2,85,NA,0.10536162021975336,9.473105573652862,1,60066.2454280811,60066.2454280811,569013.8843531559,0,569013.8843531559,9.473105573652862
Salinas,2020-2024,1,0,1,0.010376326255871383,0.12858455977272146,0.010283343330594759,100000,1028.3343330594798,99103.89358445615,0.9892788138542364,7695496.71953966,76.9549671953966
Salinas,2020-2024,1,1,4,3.7333394480893313e-4,1.622016286544918,0.0014920111984895847,98971.66566694052,147.66683350823587,395535.513342662,0.9985304230748931,7596392.825955204,76.75320784757314
Salinas,2020-2024,1,5,5,1.6804425907786634e-4,2.5,8.398684577075859e-4,98823.99883343228,82.9991594847379,493912.4962684496,0.9990459165346657,7200857.312612542,72.86547192600025
Salinas,2020-2024,1,10,5,2.1379310352089565e-4,2.5,0.0010683944791757593,98740.99967394755,105.49433891993249,493441.26252243784,0.9975448872440742,6706944.816344093,67.92461934243204
Salinas,2020-2024,1,15,5,7.701427862278491e-4,2.5,0.0038433141794130396,98635.50533502761,379.0872362476948,492229.80858451885,0.9949499016171268,6213503.553821654,62.99459340444119
Salinas,2020-2024,1,20,5,0.0012562407060796583,2.5,0.0062615385314336094,98256.41809877992,615.2363478861662,489743.9996241842,0.9927227466822348,5721273.745237135,58.22799015007222
Salinas,2020-2024,1,25,5,0.001666790276093156,2.5,0.008299368115285092,97641.18175089375,810.3601105621201,486180.0084780635,0.9898141418260932,5231529.745612951,53.579131794613545
Salinas,2020-2024,1,30,5,0.0024323283450243976,2.5,0.012088135935933293,96830.82164033163,1170.5041347764345,481227.8478647171,0.9872210426863757,4745349.737134888,49.00660406209309
Salinas,2020-2024,1,35,5,0.002713935850814773,2.5,0.013478231614116029,95660.3175055552,1289.3319156197394,475078.2577387266,0.9850320830068205,4264121.889270171,44.575661052165586
Salinas,2020-2024,1,40,5,0.003322968868653975,2.5,0.016477955014439716,94370.98558993546,1555.0408552192966,467967.32581162907,0.9809102213666948,3789043.631531444,40.15051456594664
Salinas,2020-2024,1,45,5,0.004396878012606374,2.5,0.021745360815912673,92815.94473471616,2018.316207726224,459033.9331542653,0.9717287297596798,3321076.3057198147,35.78131230805244
Salinas,2020-2024,1,50,5,0.007112715588054063,2.5,0.034942242360473066,90797.62852698994,3172.6727417462826,446056.46078058396,0.9606358433859368,2862042.37256555,31.521113700836327
Salinas,2020-2024,1,55,5,0.008986700961670195,2.5,0.043946176932107235,87624.95578524366,3850.7818106063933,428497.8243997023,0.9522637890331067,2415985.9117849655,27.571893076970042
Salinas,2020-2024,1,60,5,0.010614478405558372,2.5,0.0517004585263289,83774.17397463726,4331.163207153193,408042.9618553033,0.939944913869729,1987488.0873852633,23.72435313999011
Salinas,2020-2024,1,65,5,0.014264193410389849,2.5,0.06886520069698158,79443.01076748407,5470.858880475251,383537.9066362322,0.9104042978655905,1579445.12552996,19.88148624115874
Salinas,2020-2024,1,70,5,0.023697260100763593,2.5,0.11185939741563546,73972.15188700882,8274.480335618675,349174.5585959974,0.860870418684909,1195907.2188937278,16.166992420613305
Salinas,2020-2024,1,75,5,0.037118910966980966,2.5,0.1698343861850665,65697.67155139014,11157.723721718445,300594.04845265456,0.7886751654121354,846732.6602977305,12.888320701524373
Salinas,2020-2024,1,80,5,0.06011476580905076,2.5,0.26130335418967443,54539.9478296717,14251.471305223073,237071.0608853008,0.5659141182411926,546138.6118450759,10.013552149896938
Salinas,2020-2024,1,85,NA,0.11632738197728282,7.671363566508174,1,40288.476524448626,40288.476524448626,309067.55095977505,0,309067.55095977505,7.671363566508174
Salinas,2020-2024,2,0,1,0.006297426449844743,0.1360870883404276,0.006263351138808521,100000,626.3351138808503,99458.90100809257,0.9935469568636812,8493068.622563252,84.93068622563253
Salinas,2020-2024,2,1,4,1.823063093134569e-4,1.5138095276971586,7.28894866960642e-4,99373.66488611915,72.43295424655662,397314.57742374804,0.9992374779056135,8393609.721555158,84.46513199622979
Salinas,2020-2024,2,5,5,8.983334088369881e-5,2.5,4.4906585170415567e-4,99301.2319318726,44.592792292751255,496394.6776786311,0.9995137115396252,7996295.144131411,80.52563889255084
Salinas,2020-2024,2,10,5,1.047329737027671e-4,2.5,5.235277919576661e-4,99256.63913957984,51.96360912588716,496153.2866750845,0.9988995498701715,7499900.466452779,75.56069328426514
Salinas,2020-2024,2,15,5,3.3581662768013303e-4,2.5,0.0016776746607833433,99204.67553045395,166.43317036867666,495607.2947263481,0.9975354895064359,7003747.179777695,70.59896262276143
Salinas,2020-2024,2,20,5,6.515934285878281e-4,2.5,0.003252668599227564,99038.24236008528,322.13858104732935,494385.86534780805,0.9964408361400984,6508139.885051347,65.71340251969455
Salinas,2020-2024,2,25,5,7.748298618145846e-4,2.5,0.0038666593013425648,98716.10377903795,381.70154086951516,492626.26504301594,0.995864275813458,6013754.019703539,60.91968574007416
Salinas,2020-2024,2,30,5,8.831121209603008e-4,2.5,0.0044058334924013225,98334.40223816843,433.2450028361927,490588.8986837517,0.9947341769218608,5521127.7546605235,56.14645158759608
Salinas,2020-2024,2,35,5,0.0012296924531944196,2.5,0.006129618402246587,97901.15723533224,600.0967349909188,488005.54433918395,0.9934278992477781,5030538.855976772,51.383854880126634
Salinas,2020-2024,2,40,5,0.0014084040208189401,2.5,0.007017312077730658,97301.06050034132,682.7919070250646,484798.32273414393,0.9900512058907845,4542533.311637588,46.68534225915917
Salinas,2020-2024,2,45,5,0.002596950145173504,2.5,0.012900992639100037,96618.26859331626,1246.4715719249507,479975.16403676895,0.987125940906523,4057734.9889034433,41.99759577542403
Salinas,2020-2024,2,50,5,0.002585965363115675,2.5,0.012846773537091601,95371.7970213913,1225.2198781592888,473795.93541155825,0.9835414467889793,3577759.8248666744,37.51381369131804
Salinas,2020-2024,2,55,5,0.004064349229352093,2.5,0.020117336444572677,94146.57714323202,1893.9783674953214,465997.9397974218,0.9763877358261256,3103963.8894551164,32.96948209527395
Salinas,2020-2024,2,60,5,0.00551067597714668,2.5,0.027178944001253594,92252.5987757367,2507.3282160958624,454994.67333844386,0.9662113029849554,2637965.9496576944,28.595031301725285
Salinas,2020-2024,2,65,5,0.008284733167725914,2.5,0.040583115138534916,89745.27055964083,3642.1426482608804,439620.996177552,0.9456142895297864,2182971.2763192505,24.32408151099775
Salinas,2020-2024,2,70,5,0.014244233795427679,2.5,0.06877215243248078,86103.12791137995,5921.497437634811,415711.89596281276,0.9182152155149569,1743350.2801416987,20.24723517519607
Salinas,2020-2024,2,75,5,0.020114761426852756,2.5,0.09575841305140614,80181.63047374514,7678.065690040108,381712.98814362544,0.8709516982026166,1327638.384178886,16.55788709127848
Salinas,2020-2024,2,80,5,0.036172567729205365,2.5,0.16586356137675695,72503.56478370503,12025.699467535735,332453.57524968585,0.6485414424402521,945925.3960352604,13.046605347711875
Salinas,2020-2024,2,85,NA,0.10424561447964767,10.143741310617282,1,60477.8653161693,60477.8653161693,613471.8207855746,0,613471.8207855746,10.143741310617282
San German,1980-1984,1,0,1,0.016754567318218904,0.1158570986448601,0.016509997595485694,100000,1650.999759548562,98540.2802824561,0.9829043679165255,7202276.285945068,72.02276285945068
San German,1980-1984,1,1,4,5.140622346178775e-4,1.6032553772448017,0.0020537186012845056,98349.00024045144,201.98117121156247,392911.90367580665,0.9979066014250625,7103736.005662613,72.22987512119936
San German,1980-1984,1,5,5,2.542429280909427e-4,2.5,0.001270407160363917,98147.01906923988,124.68667579392786,490423.3786567146,0.9987267928520152,6710824.101986806,68.37522082308494
San German,1980-1984,1,10,5,2.5536506372752995e-4,2.5,0.0012760106972550958,98022.33239344595,125.07754470393411,489798.96810546995,0.997321762345347,6220400.723330091,63.45901562883036
San German,1980-1984,1,15,5,8.181211209257429e-4,2.5,0.0040822561546757915,97897.25484874201,399.6416711321508,488487.1700658797,0.9943500924151929,5730601.755224621,58.53689936534783
San German,1980-1984,1,20,5,0.0014500344737686493,2.5,0.007223984801343425,97497.61317760986,704.3212757623114,485727.26269864355,0.9917992462961857,5242114.585158741,53.76659401506849
San German,1980-1984,1,25,5,0.0018454006842535285,2.5,0.009184630114522753,96793.29190184755,889.0105836854927,481743.93305002403,0.9891627356814241,4756387.322460098,49.13963797494638
San German,1980-1984,1,30,5,0.002516780053852128,2.5,0.012505218060799411,95904.28131816206,1199.3039508478832,476523.1467136906,0.9855991179375807,4274643.389410074,44.57197666941439
San German,1980-1984,1,35,5,0.0032909655782798674,2.5,0.016320551954646167,94704.97736731418,1545.6375034868397,469660.7930778538,0.9835764731542669,3798120.242696383,40.10475846443991
San German,1980-1984,1,40,5,0.0033331878603192044,2.5,0.01652821022738918,93159.33986382734,1539.7571539141354,461947.30643435137,0.979583936775679,3328459.4496185295,35.72867148354419
San German,1980-1984,1,45,5,0.004933969666058261,2.5,0.024369255412813193,91619.5827099132,2232.7010118732287,452516.1610198829,0.9680095377406948,2866512.143184178,31.287111973213808
San German,1980-1984,1,50,5,0.008122043152605743,2.5,0.03980203122509966,89386.88169803997,3557.7794564596843,438039.9598490506,0.9525072482450622,2413995.9821642954,27.00615500067532
San German,1980-1984,1,55,5,0.01141729637166125,2.5,0.05550226727146265,85829.10224158029,4763.709772281887,417236.2367771967,0.9314317101207025,1975956.0223152447,23.02198171377335
San German,1980-1984,1,60,5,0.017188613406755336,2.5,0.0824021215075522,81065.3924692984,6679.96032031253,388627.06154571066,0.8922720898590989,1558719.7855380478,19.227931156052517
San German,1980-1984,1,65,5,0.029029878827315378,2.5,0.1353280051574213,74385.43214898587,10066.432145494968,346761.0803811919,0.8341118351624571,1170092.7239923372,15.730132771814375
San German,1980-1984,1,70,5,0.04474866023263189,2.5,0.2012312311822389,64319.0000034909,12942.991559112896,289237.5211196723,0.7688903842348321,823331.6436111453,12.800753176611252
San German,1980-1984,1,75,5,0.062031190728051,2.5,0.2685151650922295,51376.00844437801,13795.23738922194,222391.9487488352,0.6949358936789495,534094.122491473,10.395788592056688
San German,1980-1984,1,80,5,0.08633091533488381,2.5,0.3550295184316506,37580.77105515607,13342.28305000217,154548.14765077492,0.504180077427435,311702.17374263785,8.294193146946421
San German,1980-1984,1,85,NA,0.1771820019307829,6.4836563261886155,1,24238.488005153897,24238.488005153897,157154.02609186294,0,157154.02609186294,6.4836563261886155
San German,1980-1984,2,0,1,0.015741255853705827,0.11667746908155402,0.015525381540991453,100000,1552.5381540991511,98628.60806837368,0.984287384849365,7757485.650845285,77.57485650845284
San German,1980-1984,2,1,4,2.7915030435064086e-4,1.4987402042328068,0.001115822119787902,98447.46184590085,109.84985556462198,393515.0843563088,0.9987679740512604,7658857.042776911,77.79638905028621
San German,1980-1984,2,5,5,1.2263672246264892e-4,2.5,6.129956728627354e-4,98337.61199033623,60.28053062973777,491537.35862510675,0.9993200104200338,7265341.958420602,73.88161875574706
San German,1980-1984,2,10,5,1.49460741270479e-4,2.5,7.470245792339959e-4,98277.33145970649,73.4155821819295,491203.1183430776,0.9984862584857496,6773804.599795495,68.92540221823933
San German,1980-1984,2,15,5,4.5672723140059143e-4,2.5,0.002281031633845798,98203.91587752456,224.00623868416005,490459.5637909124,0.9967856532892687,6282601.481452418,63.97506072250511
San German,1980-1984,2,20,5,8.316847761164404e-4,2.5,0.004149795576070669,97979.9096388404,406.59659556306724,488883.05670529435,0.9951882096576404,5792141.917661505,59.11560787320252
San German,1980-1984,2,25,5,0.00109831622824731,2.5,0.005476543699187741,97573.31304327733,534.3645127560303,486530.6539344966,0.9940412427806671,5303258.860956211,54.351530101309784
San German,1980-1984,2,30,5,0.0012928906811660603,2.5,0.0064436261453397325,97038.9485305213,625.2827058675466,483631.53588793764,0.9927672329392123,4816728.207021714,49.63706099419169
San German,1980-1984,2,35,5,0.0016118744556177507,2.5,0.008027025883149675,96413.66582465376,773.9149910638371,480133.5416456092,0.9912768393792883,4333096.671133776,44.94276443148963
San German,1980-1984,2,40,5,0.0018939106797274488,2.5,0.009424928466939235,95639.75083358992,901.3978102024703,475945.2596424434,0.9884812960180209,3852963.1294881674,40.2862104502154
San German,1980-1984,2,45,5,0.002745191966702364,2.5,0.013632400939645867,94738.35302338745,1291.5112127765315,470462.9870849959,0.979902766826254,3377017.8698457237,35.645731238456946
San German,1980-1984,2,50,5,0.005402272023316636,2.5,0.026651414637389726,93446.84181061092,2490.4905276491627,461007.9827339317,0.9716180787663092,2906554.882760728,31.103832151454128
San German,1980-1984,2,55,5,0.006124316333960347,2.5,0.030159811110272237,90956.35128296175,2743.2263739736954,447923.69047987455,0.9550551598601712,2445546.9000267964,26.88703829399217
San German,1980-1984,2,60,5,0.01241145037497797,2.5,0.06018964974756678,88213.12490898806,5309.517091410351,427791.83181641443,0.9337897837099696,1997623.2095469218,22.645419393179022
San German,1980-1984,2,65,5,0.015070454171305297,2.5,0.07261636678714554,82903.60781757771,6020.158793258888,399467.6421047413,0.90394272042711,1569831.3777305074,18.93562197178182
San German,1980-1984,2,70,5,0.025834001569056055,2.5,0.12133367215331038,76883.44902431882,9328.551197932451,361095.867126763,0.8398950762551672,1170363.735625766,15.22257066349314
San German,1980-1984,2,75,5,0.045491358395901786,2.5,0.20423003741174378,67554.89782638637,13796.73931042941,303282.64085585834,0.759283413121729,809267.868499003,11.979410739082043
San German,1980-1984,2,80,5,0.06689896747061305,2.5,0.2865672110308264,53758.15851595696,15405.325556070864,230277.47868960764,0.5448928820269531,505985.22764314467,9.412250002814991
San German,1980-1984,2,85,NA,0.1445571035059893,7.188719259458738,1,38352.832959886095,38352.832959886095,275707.748953537,0,275707.748953537,7.188719259458738
San German,1985-1989,1,0,1,0.015068062053025758,0.11922243557628975,0.014870703856214576,100000,1487.0703856214532,98690.22176762571,0.9846090006256049,7258755.780139375,72.58755780139374
San German,1985-1989,1,1,4,4.6464547697784217e-4,1.6081945692812256,0.0018565186815154755,98512.92961437855,182.8910941999202,393614.2785451767,0.9981021796572026,7160065.558371749,72.68148035389149
San German,1985-1989,1,5,5,2.2793224871047078e-4,2.5,0.0011390121995224895,98330.03852017863,111.99911345400324,491370.1948172581,0.9987493082977482,6766451.279826572,68.8136746579023
San German,1985-1989,1,10,5,2.726854776545126e-4,2.5,0.0013624985543498219,98218.03940672462,133.8219367027341,490755.6421918663,0.9969278444333627,6275081.085009314,63.88929287240163
San German,1985-1989,1,15,5,9.591233250626142e-4,2.5,0.004784145162274015,98084.21747002189,469.2491345046292,489247.9645138479,0.9942987262827591,5784325.442817448,58.97304981390455
San German,1985-1989,1,20,5,0.0013289629433337756,2.5,0.006622811040534945,97614.96833551726,646.4854900139326,486458.62795255147,0.9912135477254582,5295077.4783036,54.244523853182294
San German,1985-1989,1,25,5,0.0022049920236645805,2.5,0.010964518429124047,96968.48284550333,1063.212717203729,482184.3824345073,0.9891798067852574,4808618.850351049,49.58950278733825
San German,1985-1989,1,30,5,0.0021463087374703703,2.5,0.01067426800066205,95905.2701282996,1023.7185560253565,476967.05425143463,0.9859561208863052,4326434.467916541,45.11154039948742
San German,1985-1989,1,35,5,0.003520687010784137,2.5,0.0174498464347135,94881.55157227424,1655.6685044235346,470268.5866003124,0.9818809736355912,3849467.4136651065,40.57129494486446
San German,1985-1989,1,40,5,0.003795697885029492,2.5,0.01880009076327614,93225.88306785071,1752.6550631621649,461747.7776813481,0.9765536456702495,3379198.827064794,36.247431677374195
San German,1985-1989,1,45,5,0.005716883933231356,2.5,0.028181641729123505,91473.22800468854,2577.86573943455,450921.47567485634,0.9676330804816641,2917451.049383446,31.89404280380167
San German,1985-1989,1,50,5,0.007471720448523837,2.5,0.0366735656663454,88895.36226525399,3260.109905468358,436326.536562599,0.9598795006012738,2466529.5737085897,27.746437056510736
San German,1985-1989,1,55,5,0.008934954132882676,2.5,0.043698656926153975,85635.25235978563,3742.1455136548902,418820.89801479096,0.9369762616024712,2030203.0371459906,23.707561794952742
San German,1985-1989,1,60,5,0.017369214027146383,2.5,0.0832318889050435,81893.10684613074,6816.11797110601,392425.2393028887,0.9011253511449369,1611382.1391311996,19.676651688875737
San German,1985-1989,1,65,5,0.024614384099500633,2.5,0.11593758959297386,75076.98887502473,8704.245124068882,353624.33156495146,0.8605786166103414,1218956.8998283108,16.2360920182537
San German,1985-1989,1,70,5,0.03620142152622066,2.5,0.16598488560425081,66372.74375095585,11016.87227874266,304321.5380579226,0.7837432627617458,865332.5682633595,13.037468686095979
San German,1985-1989,1,75,5,0.06418080481078711,2.5,0.2765336444144819,55355.87147221319,15307.760877950765,238509.95516618906,0.6881930549732688,561011.0302054369,10.134625565185903
San German,1985-1989,1,80,5,0.0879723687450711,2.5,0.36056291044229205,40048.11059426243,14439.863313582053,164140.894687357,0.49103768206855947,322501.07503924775,8.052841201588459
San German,1985-1989,1,85,NA,0.1404520342341682,6.1839523266148095,1,25608.247280680374,25608.247280680374,158360.18035189077,0,158360.18035189077,6.1839523266148095
San German,1985-1989,2,0,1,0.011082292291970813,0.12625289712108115,0.010976010258914272,100000,1097.601025891432,99040.97428351043,0.988764120576326,7824321.726496219,78.24321726496218
San German,1985-1989,2,1,4,2.7234325444353447e-4,1.5061420313087466,0.0010886336337092755,98902.39897410857,107.66847797774244,395341.0860046526,0.9988624658491467,7725280.752212708,78.11014527802396
San German,1985-1989,2,5,5,1.2471651065006163e-4,2.5,6.233881862518836e-4,98794.73049613083,61.58746785522089,493819.68381101603,0.9993094166758341,7329939.666208055,74.19362985655518
San German,1985-1989,2,10,5,1.516215263139856e-4,2.5,7.578203768643977e-4,98733.1430282756,74.82198765869543,493478.66017223126,0.9984659059330304,6836119.982397039,69.23835069688081
San German,1985-1989,2,15,5,4.627259656323216e-4,2.5,0.002310956479240631,98658.32104061691,227.99508623982547,492721.61748748494,0.9967463097722823,6342641.322224808,64.2889647353069
San German,1985-1989,2,20,5,8.414880669549519e-4,2.5,0.004198607639209208,98430.32595437708,413.27031848189654,491118.45397568063,0.9953578124985758,5849919.704737323,59.43208709324795
San German,1985-1989,2,25,5,0.0010201225336906171,2.5,0.005087637633968926,98017.05563589519,498.67526102400734,488838.59002691595,0.9945987686330431,5358801.250761642,54.67213043684997
San German,1985-1989,2,30,5,0.0011465628643994945,2.5,0.00571642870980834,97518.38037487118,557.4568693089241,486198.2597010836,0.993618533476902,4869962.660734726,49.93892066310027
San German,1985-1989,2,35,5,0.0014150538636993136,2.5,0.007050327834390564,96960.92350556226,683.6062978394766,483095.6017832126,0.9911162615573073,4383764.401033643,45.21166097167138
San German,1985-1989,2,40,5,0.0021576091487164953,2.5,0.010730166977487769,96277.31720772278,1033.0716897834209,478803.9068141553,0.9876281014750624,3900668.7992504304,40.51493033228748
San German,1985-1989,2,45,5,0.002826114665115297,2.5,0.014031437199471308,95244.24551793936,1336.4136495959829,472880.1934657069,0.9834993412137565,3421864.892436275,35.92726126211754
San German,1985-1989,2,50,5,0.003837469626287996,2.5,0.019005020162389575,93907.83186834338,1784.7202380641684,465077.35874655645,0.9781543042696318,2948984.698970568,31.402968637429268
San German,1985-1989,2,55,5,0.0050102613099665,2.5,0.02474140429806047,92123.1116302792,2279.2551500400878,454917.42027629586,0.9674727208046141,2483907.340224012,26.962911871591583
San German,1985-1989,2,60,5,0.008269639232343409,2.5,0.0405106745037057,89843.85648023912,3639.635226028622,440120.19433612406,0.9393776668679034,2028989.9199477157,22.583513213215483
San German,1985-1989,2,65,5,0.017010510877668403,2.5,0.08158312768599973,86204.2212542105,7032.80998965443,413439.0812969164,0.8936146112773923,1588869.7256115917,18.431460808933252
San German,1985-1989,2,70,5,0.02858463177416149,2.5,0.13339083884474834,79171.41126455607,10560.740961101692,369455.20392002614,0.8361224699779309,1175430.6443146754,14.846655194599256
San German,1985-1989,2,75,5,0.04421168137682252,2.5,0.1990568156145267,68610.67030345438,13657.421547783793,308909.7976478124,0.7591386150405224,805975.4403946492,11.747085939110411
San German,1985-1989,2,80,5,0.06867371988999098,2.5,0.29305556072617156,54953.24875567058,16104.355127817835,234505.35595880833,0.5282205491755431,497065.64274683676,9.04524580442653
San German,1985-1989,2,85,NA,0.14942164599378072,6.758501009145486,1,38848.89362785275,38848.89362785275,262560.28678802843,0,262560.28678802843,6.758501009145486
San German,1990-1994,1,0,1,0.013789015740272841,0.12177470854107256,0.01362403060475951,100000,1362.4030604759464,98803.50317512898,0.9858352223418285,7199592.951688758,71.99592951688759
San German,1990-1994,1,1,4,4.635534476722254e-4,1.6119507957878596,0.0018521634671384117,98637.59693952405,182.69295353771304,394114.1079957853,0.9981289376469165,7100789.44851363,71.98867033294833
San German,1990-1994,1,5,5,2.2698454763912264e-4,2.5,0.001134279078636711,98454.90398598634,111.67533778048528,491995.3315854805,0.9986592383923047,6706675.340517844,68.11926139781157
San German,1990-1994,1,10,5,3.0973537674061196e-4,2.5,0.0015474786115262122,98343.22864820586,152.18404292155174,491335.68313372537,0.9969024080934615,6214680.008932363,63.19377647406273
San German,1990-1994,1,15,5,9.321889267496409e-4,2.5,0.0046501076865143,98191.0446052843,456.59893126589304,489813.7256982568,0.9933492891315021,5723344.325798638,58.28784436305536
San German,1990-1994,1,20,5,0.0017396654324486481,2.5,0.008660660532865244,97734.44567401841,846.4448563504411,486556.116229216,0.9907314465970997,5233530.600100381,53.548475811242625
San German,1990-1994,1,25,5,0.001986164803257388,2.5,0.009881757021311763,96888.00081766797,957.4236823608517,482046.4448824377,0.98859392088964,4746974.483871166,48.994451777412806
San German,1990-1994,1,30,5,0.0026059909801673083,2.5,0.012945614514194754,95930.57713530712,1241.880271717906,476548.18499724084,0.9845292973320162,4264928.038988728,44.458484107451774
San German,1990-1994,1,35,5,0.0036385814995388,2.5,0.01802890836659507,94688.69686358921,1707.1338391059544,469175.6497201812,0.9779729230991439,3788379.853991487,40.00878647056594
San German,1990-1994,1,40,5,0.005288744850330848,2.5,0.026098651480114157,92981.56302448326,2426.693407452258,458841.0816037856,0.9733879982669698,3319204.204271306,35.69744470091685
San German,1990-1994,1,45,5,0.0055024880647976,2.5,0.02713910876876457,90554.869617031,2457.5784560778993,446630.40194496023,0.967199602944353,2860363.1226675203,31.587071294612752
San German,1990-1994,1,50,5,0.007876006911367046,2.5,0.03861961369587758,88097.2911609531,3402.2833522892615,431980.7474240423,0.9538703486849733,2413732.72072256,27.398489657448014
San German,1990-1994,1,55,5,0.01108730723124346,2.5,0.05394137467254207,84695.00780866384,4568.565149101021,412053.62617056665,0.9376464200630481,1981751.9732985175,23.39868694239373
San German,1990-1994,1,60,5,0.014775425413137882,2.5,0.07124542346461722,80126.44265956282,5708.642337993922,386360.6074528293,0.9126477358536583,1569698.347127951,19.590266271987215
San German,1990-1994,1,65,5,0.022095579108117443,2.5,0.10469467202099163,74417.8003215689,7791.147197190294,352611.13361486874,0.8593680811695446,1183337.7396751216,15.901272740685252
San German,1990-1994,1,70,5,0.03974686653195111,2.5,0.18077157363468413,66626.6531243786,12044.204931306158,303022.75329362764,0.7845811050170267,830726.6060602529,12.468382653252188
San German,1990-1994,1,75,5,0.05916621132525329,2.5,0.257711520865121,54582.44819307244,14066.525736378382,237745.92662441626,0.6809938577147389,527703.8527666252,9.668013624086598
San German,1990-1994,1,80,5,0.10049465911264994,2.5,0.40158134470734036,40515.92245669406,16270.438622217534,161903.51572792648,0.44163100529101806,289957.92614220903,7.1566413538315485
San German,1990-1994,1,85,NA,0.1646818198415936,5.281577851302438,1,24245.483834476527,24245.483834476527,128054.41041428252,0,128054.41041428252,5.281577851302438
San German,1990-1994,2,0,1,0.01108272290054602,0.1262520121041948,0.010976432541013843,100000,1097.6432541013928,99040.9364153015,0.98869761179017,7911395.294005546,79.11395294005546
San German,1990-1994,2,1,4,3.0588828483454493e-4,1.5061413442557705,0.0012226204729118711,98902.3567458986,120.92004617677594,395307.86947978346,0.9987718811722203,7812354.357590244,78.99057833032089
San German,1990-1994,2,5,5,1.340755167752588e-4,2.5,6.701529561165196e-4,98781.43669972183,66.19867181373411,493741.6868190748,0.999258034516628,7417046.48811046,75.085428354894
San German,1990-1994,2,10,5,1.6283149192021734e-4,2.5,8.138261682782256e-4,98715.2380279081,80.33704391492938,493375.34752975317,0.9984057552459461,6923304.801291386,70.1341043146153
San German,1990-1994,2,15,5,4.7562467183933613e-4,2.5,0.002375298982199358,98634.90098399317,234.28737991661183,492588.7864701743,0.9970217781308538,6429929.453761633,65.1891915500083
San German,1990-1994,2,20,5,7.178018489835038e-4,2.5,0.003582580288030319,98400.61360407656,352.5280986280559,491121.7477738127,0.9959004306533386,5937340.667291458,60.33845166027994
San German,1990-1994,2,25,5,9.258213585429936e-4,2.5,0.004618417219453885,98048.0855054485,452.82696643284,489108.3601111604,0.9946646651804103,5446218.919517646,55.546407575852164
San German,1990-1994,2,30,5,0.0012147939014941938,2.5,0.00605557880695919,97595.25853901566,590.99577926856,486498.8032469069,0.993177857997718,4957110.559406485,50.792534735945
San German,1990-1994,2,35,5,0.0015244630024989156,2.5,0.007593375462602525,97004.2627597471,736.5897886077146,483179.8393272162,0.9912188564055278,4470611.756159578,46.086755663841856
San German,1990-1994,2,40,5,0.0020056059491231322,2.5,0.009977999905687669,96267.67297113939,960.5588318268128,478936.9677761299,0.9883671895596234,3987431.916832362,41.42025867840159
San German,1990-1994,2,45,5,0.002678678789617742,2.5,0.013304299088640035,95307.11413931257,1267.9943517845677,473365.5848171014,0.9842456250052054,3508494.9490562323,36.812518989167856
San German,1990-1994,2,50,5,0.003681064072071361,2.5,0.018237486965274947,94039.119787528,1715.037221350969,465908.00588426256,0.9749311332136043,3035129.3642391306,32.275178362969605
San German,1990-1994,2,55,5,0.0065096727617749706,2.5,0.032027148173617036,92324.08256617704,2956.8770723401976,454228.2201500347,0.9593525117227415,2569221.3583548684,27.82829015943131
San German,1990-1994,2,60,5,0.010162398524001595,2.5,0.049553048063750875,89367.20549383684,4428.417429159206,435764.98389628617,0.9419809962980616,2114993.1382048335,23.666322858788426
San German,1990-1994,2,65,5,0.013848690162583697,2.5,0.06692634526470595,84938.78806467763,5684.642656382304,410482.3336824324,0.9112565011716973,1679228.1543085473,19.769862421746346
San German,1990-1994,2,70,5,0.023756987567058657,2.5,0.11212552601648446,79254.14540829533,8886.412742892062,374054.6951842465,0.8579648016562056,1268745.820626115,16.008573609492466
San German,1990-1994,2,75,5,0.0385296596161591,2.5,0.17572202368197284,70367.73266540327,12365.16038587672,320925.7623623245,0.7844663530428154,894691.1254418683,12.714508362747758
San German,1990-1994,2,80,5,0.06078501516573296,2.5,0.26383243015778235,58002.57227952655,15302.959599909911,251755.46239785795,0.5612222720336015,573765.3630795438,9.892067550288086
San German,1990-1994,2,85,NA,0.143298003032151,7.541283877626427,1,42699.612679616635,42699.612679616635,322009.9006816859,0,322009.9006816859,7.541283877626427
San German,1995-1999,1,0,1,0.013936297935244188,0.12148081428511699,0.01376773535061844,100000,1376.773535061846,98790.47803506367,0.9856380614633373,7329671.278805824,73.29671278805824
San German,1995-1999,1,1,4,4.933995035371561e-4,1.6115178133885866,0.0019712749141206163,98623.22646493815,194.41349227997125,394028.552696605,0.9980519737428876,7230880.80077076,73.31823405048944
San German,1995-1999,1,5,5,2.3182134703612377e-4,2.5,0.0011584353600665566,98428.81297265818,114.02341739690746,491859.00631979865,0.998723337608874,6836852.248074155,69.45986689866223
San German,1995-1999,1,10,5,2.792000536223411e-4,2.5,0.001395026539400193,98314.78955526128,137.1517406451312,491231.06842469354,0.9972987266931005,6344993.241754357,64.53752553869762
San German,1995-1999,1,15,5,8.034796873695616e-4,2.5,0.004009344868943171,98177.63781461614,393.62800841699936,489904.1190520382,0.9940845310879635,5853762.1733296625,59.624190433090526
San German,1995-1999,1,20,5,0.0015720070361972388,2.5,0.007829266027776383,97784.00980619914,765.5770260354184,487006.1064659072,0.9912631083425439,5363858.054277625,54.854142971927665
San German,1995-1999,1,25,5,0.0019396965453502774,2.5,0.009651679403760629,97018.43278016373,936.39080944944,482751.186877195,0.9891252811971072,4876851.947811717,50.26727198183346
San German,1995-1999,1,30,5,0.002436689286608733,2.5,0.012109677628688387,96082.04197071429,1163.5225541714608,477501.4034681428,0.9842863181977816,4394100.760934522,45.732799499347024
San German,1995-1999,1,35,5,0.00391022750506749,2.5,0.019361864289600995,94918.51941654283,1837.7994915129675,469998.0983539317,0.9792030982180938,3916599.3574663796,41.262752322111936
San German,1995-1999,1,40,5,0.004502164275947929,2.5,0.022260272866557965,93080.71992502986,2072.0022241468105,460223.59406478226,0.9752961998676327,3446601.259112448,37.028089833087336
San German,1995-1999,1,45,5,0.005515612362407522,2.5,0.02720295936462364,91008.71770088305,2475.7064494436345,448854.32238080614,0.9682296834671656,2986377.6650476656,32.81419341455779
San German,1995-1999,1,50,5,0.007428520704891311,2.5,0.0364653936942816,88533.01125143941,3228.3911102239945,434594.07848163706,0.9557675635326996,2537523.3426668597,28.661889015162167
San German,1995-1999,1,55,5,0.010739487584292481,2.5,0.052293426412226854,85304.62014121542,4460.87087597762,415370.9235161331,0.9342684747188469,2102929.2641852223,24.651997285773973
San German,1995-1999,1,60,5,0.016647380222102767,2.5,0.07991112394960231,80843.7492652378,6460.314868084999,388067.9591559765,0.9076080839701643,1687558.3406690895,20.8743206000062
San German,1995-1999,1,65,5,0.022376823816940637,2.5,0.10595668396161252,74383.4343971528,7881.422050398454,352213.6168597678,0.8683435070523777,1299490.381513113,17.470158403479875
San German,1995-1999,1,70,5,0.0348776412976409,2.5,0.1604020900847822,66502.01234675435,10667.061775263384,305842.40729561326,0.8219631383388594,947276.7646533451,14.244332332592599
San German,1995-1999,1,75,5,0.04420770430198436,2.5,0.19904069143263112,55834.95057149096,11113.427167856345,251391.18493781393,0.7436699394170135,641434.3573577318,11.488043793223037
San German,1995-1999,1,80,5,0.07842769599767939,2.5,0.3278560027095915,44721.523403634616,14662.219898199091,186952.06727267534,0.5206887839805486,390043.1724199179,8.721598522026605
San German,1995-1999,1,85,NA,0.1580621566957635,6.7563476682192,1,30059.303505435524,30059.303505435524,203091.10514724252,0,203091.10514724252,6.7563476682192
San German,1995-1999,2,0,1,0.012500830454904705,0.12333741819094801,0.01236531879880903,100000,1236.5318798809021,98915.97876969441,0.9874700821920254,7905263.074072684,79.05263074072684
San German,1995-1999,2,1,4,2.382613421190004e-4,1.5038816263143377,9.524789021141193e-4,98763.4681201191,94.07011968402367,394819.0623263183,0.9989022251120012,7806347.09530299,79.04083608939973
San German,1995-1999,2,5,5,1.2486700003756104e-4,2.5,6.241401639131283e-4,98669.39800043507,61.58353424120287,493193.0311665724,0.9993247019318022,7411528.032976671,75.11475881249413
San German,1995-1999,2,10,5,1.4535038207373052e-4,2.5,7.264879221260201e-4,98607.81446619387,71.63738623693644,492859.978865377,0.9985075289203171,6918335.001810099,70.16010890477591
San German,1995-1999,2,15,5,4.523131140410687e-4,2.5,0.0022590111193202607,98536.17707995693,222.59431967894488,492124.3996005873,0.9968246405271256,6425475.022944721,65.20929889263702
San German,1995-1999,2,20,5,8.204358538692079e-4,2.5,0.004093782554382141,98313.58276027799,402.47442996280733,490561.72772648296,0.9956125641627187,5933350.623344135,60.351280634453786
San German,1995-1999,2,25,5,9.386567774274845e-4,2.5,0.004682296214448385,97911.10833031518,458.44881188748695,488409.4196218572,0.9943770405084513,5442788.895617652,55.58908471606442
San German,1995-1999,2,30,5,0.0013179377296582348,2.5,0.006568047952773263,97452.6595184277,640.0737408423156,485663.1132400327,0.9932765613594207,4954379.475995794,50.83883293158306
San German,1995-1999,2,35,5,0.001380720918951891,2.5,0.006879856689632537,96812.58577758538,666.0567159025377,482397.7870981706,0.991042578054914,4468716.3627557615,46.15842379235764
San German,1995-1999,2,40,5,0.0022221526177055896,2.5,0.011049379569193683,96146.52906168284,1062.3594938630558,478076.74657375657,0.9869546762357299,3986318.575657591,41.460868265979386
San German,1995-1999,2,45,5,0.0030355769724190523,2.5,0.015063568309389156,95084.16956781979,1432.3068834263977,471840.080630533,0.9809956008402914,3508241.8290838343,36.89617151866214
San German,1995-1999,2,50,5,0.004654641353695281,2.5,0.023005500879090687,93651.86268439339,2154.5080093142897,462873.0433986812,0.9742530505821589,3036401.7484533014,32.42222483802559
San German,1995-1999,2,55,5,0.00579329816834398,2.5,0.02855295143854555,91497.3546750791,2612.5195247929078,450955.47456341324,0.9623499075611558,2573528.7050546203,28.12680994104812
San German,1995-1999,2,60,5,0.009629282171053558,2.5,0.047014618291045654,88884.83515028619,4178.886596453231,433976.9592602979,0.9437356593365451,2122573.230491207,23.880037881629267
San German,1995-1999,2,65,5,0.01364413219627694,2.5,0.06597038920306843,84705.94855383296,5588.084393911442,409559.5317843862,0.9074821275784005,1688596.2712309093,19.93480151110946
San German,1995-1999,2,70,5,0.025744878121960045,2.5,0.12094040090640902,79117.86415992152,9568.546210359724,371667.9552737083,0.8552498265655618,1279036.739446523,16.166219260686773
San German,1995-1999,2,75,5,0.03759742504823559,2.5,0.17183567770807287,69549.3179495618,11951.054183997192,317868.954287816,0.791342954069759,907368.7841728147,13.046408087435912
San German,1995-1999,2,80,5,0.057958933087079265,2.5,0.253118473730301,57598.2637655646,14579.184613855003,251543.3572931855,0.57329358798584,589499.8298849986,10.234680550170227
San German,1995-1999,2,85,NA,0.11665413956356092,7.855967148901247,1,43019.0791517096,43019.0791517096,337956.47259181313,0,337956.47259181313,7.855967148901247
San German,2000-2004,1,0,1,0.013178229148840464,0.1229935026449463,0.013027663329250875,100000,1302.7663329250936,98857.46546148928,0.9865581163539111,7468323.033438405,74.68323033438405
San German,2000-2004,1,1,4,3.9029544149091796e-4,1.6137476503889672,0.0015597291225173233,98697.2336670749,153.94094966242847,394421.5927154663,0.9983870708858059,7369465.567976916,74.66739739469868
San German,2000-2004,1,5,5,1.8926895677227323e-4,2.5,9.458972114153202e-4,98543.29271741248,93.2118257850816,492483.4340225997,0.998928654236591,6975043.97526145,70.78151929896866
San German,2000-2004,1,10,5,2.395259637176956e-4,2.5,0.0011969130891855443,98450.0808916274,117.83619045057276,491955.8139820105,0.9976936168578294,6482560.54123885,65.84616774845284
San German,2000-2004,1,15,5,6.846062574817834e-4,2.5,0.003417182725716457,98332.24470117682,336.0192479737889,490821.1753859496,0.995126325013445,5990604.727256839,60.92207846431014
San German,2000-2004,1,20,5,0.001271058462977713,2.5,0.006335161413565958,97996.22545320303,620.8219061662385,488429.0725005996,0.9922279903681925,5499783.55187089,56.12240192350315
San German,2000-2004,1,25,5,0.0018521402415419795,2.5,0.009218018549950786,97375.4035470368,897.6082762055303,484632.99704467016,0.990998366290114,5011354.47937029,51.464274311834565
San German,2000-2004,1,30,5,0.0017643956860980336,2.5,0.008783235672663096,96477.79527083127,847.3872130426462,480270.50832154974,0.988430638671245,4526721.48232562,46.919827195659515
San German,2000-2004,1,35,5,0.0028968637083661712,2.5,0.01438017502396367,95630.40805778862,1375.1820054840791,474714.0852752329,0.9851599127306092,4046450.9740040703,42.31343414909236
San German,2000-2004,1,40,5,0.0030849521586462756,2.5,0.015306709625975317,94255.22605230454,1442.7373759132897,467669.28682173946,0.9799208587753031,3571736.8887288375,37.89431141724484
San German,2000-2004,1,45,5,0.005048065144173844,2.5,0.024925758588067927,92812.48867639125,2313.4216867055075,458278.8891651925,0.9715971133545376,3104067.6019070977,33.44450349489099
San German,2000-2004,1,50,5,0.006497641282830239,2.5,0.03196890029828907,90499.06698968574,2893.1556496814446,445262.4458242251,0.9625244643744806,2645788.7127419054,29.23553579887678
San German,2000-2004,1,55,5,0.008823228168955316,2.5,0.043164025725607354,87605.9113400043,3781.423810795226,428575.9971730334,0.9357612653000664,2200526.2669176804,25.118467843765625
San German,2000-2004,1,60,5,0.0180305237421937,2.5,0.08626414923381728,83824.48752920907,7231.048101667955,401044.81739187543,0.9114463062441527,1771950.269744647,21.138814229281174
San German,2000-2004,1,65,5,0.01908061247382648,2.5,0.09105939003569702,76593.43942754112,6974.551875008008,365530.8174501856,0.8708630296888121,1370905.4523527715,17.898470973479064
San German,2000-2004,1,70,5,0.0374044764103586,2.5,0.17102923462203867,69618.88755253311,11906.865053347508,318327.27512929676,0.8108073608549928,1005374.6349025859,14.441118929743729
San German,2000-2004,1,75,5,0.047203048585160834,2.5,0.21110342934601872,57712.0224991856,12183.205864072675,258102.0978357463,0.748180944092833,687047.3597732891,11.90475277110561
San German,2000-2004,1,80,5,0.07153961110651422,2.5,0.3034299109618361,45528.816635112926,13814.804777790076,193107.07123108942,0.5498095249756901,428945.2619375428,9.421401513140358
San German,2000-2004,1,85,NA,0.15216920966627917,7.436403560907344,1,31714.01185732285,31714.01185732285,235838.19070645337,0,235838.19070645337,7.436403560907344
San German,2000-2004,2,0,1,0.008797159953978197,0.13094946106138722,0.00873041439415129,100000,873.0414394151303,99241.28286656053,0.9910682912869991,8115390.299229406,81.15390299229406
San German,2000-2004,2,1,4,2.178359594011622e-4,1.509795615780716,8.708714281199904e-4,99126.95856058487,86.3268359668582,396292.862776939,0.9990603892527333,8016149.016362846,80.8674969227821
San German,2000-2004,2,5,5,1.0877054675645274e-4,2.5,5.437048860879289e-4,99040.63172461801,53.84887538990006,495068.5364346153,0.999411535615446,7619856.153585906,76.93666751614508
San German,2000-2004,2,10,5,1.2668975947647542e-4,2.5,6.33248232216806e-4,98986.78284922811,62.683205252105836,494777.2062330103,0.9987172696687124,7124787.617151291,71.97716111254393
San German,2000-2004,2,15,5,3.868986596844845e-4,2.5,0.0019326239743590384,98924.099643976,191.1830866138189,494142.5405033455,0.9971959414313086,6630010.410918281,67.02118528022424
San German,2000-2004,2,20,5,7.367907722703915e-4,2.5,0.0036771805795544885,98732.91655736219,363.0587633275136,492756.93587849214,0.9961385048624045,6135867.870414935,62.14612192530642
San German,2000-2004,2,25,5,8.10938718686887e-4,2.5,0.004046489954986246,98369.85779403467,398.0526414369815,490854.1573665809,0.9953993860147844,5643110.934536443,57.36626097754359
San German,2000-2004,2,30,5,0.0010340642056454416,2.5,0.005156989382902824,97971.80515259769,505.23955899577413,488595.926865499,0.9941191265416214,5152256.777169863,52.589178786130105
San German,2000-2004,2,35,5,0.001326083708189076,2.5,0.006608509947503405,97466.56559360192,644.1087682743091,485722.5560473238,0.9927046929879464,4663660.850304363,47.848827153200766
San German,2000-2004,2,40,5,0.0016037388640124939,2.5,0.007986672975450249,96822.45682532761,773.2892993435526,482179.06087827915,0.9899847752426199,4177938.2942570397,43.15050899600949
San German,2000-2004,2,45,5,0.002426654529460621,2.5,0.012060108355884126,96049.16752598406,1158.3633678558253,477349.9292102807,0.9853062696154823,3695759.2333787605,38.47778516538367
San German,2000-2004,2,50,5,0.003502299468461901,2.5,0.01735950190655924,94890.80415812823,1647.2570956979762,470335.8780513962,0.9768923550578494,3218409.30416848,33.91697786442244
San German,2000-2004,2,55,5,0.00587655178042454,2.5,0.028957335695527938,93243.54706243025,2700.0846937285387,459467.52357782994,0.960739115503863,2748073.4261170835,29.471995786230003
San German,2000-2004,2,60,5,0.010229418017268961,2.5,0.04987169407162479,90543.46236870172,4515.555855437575,441428.4222049147,0.9416206559396327,2288605.9025392537,25.27632412840399
San German,2000-2004,2,65,5,0.013935887582864553,2.5,0.06733355575541766,86027.90651326414,5792.564839732731,415658.1204669889,0.9230040727732878,1847177.480334339,21.47184042017265
San German,2000-2004,2,70,5,0.018269132071275482,2.5,0.08735587051717847,80235.34167353141,7009.028118134578,383654.1380723206,0.885812136712364,1431519.35986735,17.841506373737914
San German,2000-2004,2,75,5,0.030938854987350526,2.5,0.14358814309402984,73226.31355539683,10514.430389040615,339845.49180438265,0.8192629258054902,1047865.2217950295,14.309954590330474
San German,2000-2004,2,80,5,0.05047949002427107,2.5,0.22411448752772883,62711.883166356216,14054.641557726725,278422.8119374643,0.6067583993158745,708019.7299906468,11.290040965800346
San German,2000-2004,2,85,NA,0.11763234338089407,8.829043814456435,1,48657.24160862949,48657.24160862949,429596.9180531825,0,429596.9180531825,8.829043814456435
San German,2005-2009,1,0,1,0.015110304357714386,0.11913814316939883,0.014911826592463592,100000,1491.1826592463622,98686.47407390266,0.9847400453142144,7538957.2301659575,75.38957230165957
San German,2005-2009,1,1,4,3.735101566659629e-4,1.6080706664769073,0.0014927070274276017,98508.81734075364,147.04480390812387,393683.54858320457,0.9984113704610004,7440270.756092055,75.52898265294648
San German,2005-2009,1,5,5,1.7985277596342225e-4,2.5,8.988597237758043e-4,98361.77253684551,88.41343569256424,491587.8290949962,0.9990065580866672,7046587.20750885,71.63948987264597
San German,2005-2009,1,10,5,2.1774030171160157e-4,2.5,0.0010881091954967012,98273.35910115295,106.93214571032149,491099.46514148894,0.9977558138413609,6554999.378413854,66.7016924868395
San German,2005-2009,1,15,5,6.814634926819741e-4,2.5,0.003401522430020875,98166.42695544263,333.91530316394346,489997.34651930333,0.9950944552688847,6063899.913272365,61.77162703522607
San German,2005-2009,1,20,5,0.001287068170245202,2.5,0.006414700459269054,97832.51165227868,627.5662574273301,487593.6426178251,0.9933479435642623,5573902.5667530615,56.97392893851188
San German,2005-2009,1,25,5,0.0013829538913833473,2.5,0.006890944809567488,97204.94539485135,669.8339139329473,484350.1421894244,0.9915323106754396,5086308.924135237,52.325618860999256
San German,2005-2009,1,30,5,0.0020212370457959074,2.5,0.010055374490406136,96535.11148091841,970.6966974137322,480248.8156610577,0.9888821935590424,4601958.7819458125,47.671346843116844
San German,2005-2009,1,35,5,0.0024531592806381385,2.5,0.012191030056879262,95564.41478350468,1165.0286529937875,474909.50228503894,0.9869675523519691,4121709.9662847547,43.130175344266334
San German,2005-2009,1,40,5,0.002796261915599452,2.5,0.013884249582164053,94399.38613051089,1310.664637439084,468720.26905895676,0.9829705332657613,3646800.4639997156,38.63161206321691
San German,2005-2009,1,45,5,0.004085091711503327,2.5,0.020218967713958026,93088.7214930718,1882.1578544020595,460738.21282935387,0.968729629554769,3178080.194940759,34.14033562784821
San German,2005-2009,1,50,5,0.008694950799079339,2.5,0.042549832250577076,91206.56363866974,3880.8239829769736,446330.7582359063,0.9565812974243681,2717341.982111405,29.79327225699036
San German,2005-2009,1,55,5,0.009066171641160579,2.5,0.04432618617563699,87325.73965569277,3870.8169939034415,426951.65579370526,0.9432117706718265,2271011.223875499,26.00620656440614
San German,2005-2009,1,60,5,0.01447089668992026,2.5,0.06982828857460854,83454.92266178933,5827.514422599066,402705.82725244894,0.9160639511563102,1844059.5680817934,22.09647447107532
San German,2005-2009,1,65,5,0.020853918357383348,2.5,0.0991028831988894,77627.40823919026,7693.099971760967,368904.2912665489,0.8814384396895126,1441353.7408293444,18.56758809192957
San German,2005-2009,1,70,5,0.0301447095683405,2.5,0.14016078262867102,69934.3082674293,9802.047379357631,325166.42288875236,0.8507154687058265,1072449.4495627955,15.335097695708107
San German,2005-2009,1,75,5,0.03475792322703583,2.5,0.15989552516509203,60132.260888071665,9614.879434062539,276624.10585520195,0.776643802088049,747283.0266740432,12.427322965038895
San German,2005-2009,1,80,5,0.0702826132018192,2.5,0.29889522269732643,50517.381454009126,15099.403979781855,214838.39732059097,0.5435369695175006,470658.9208188412,9.316771916361652
San German,2005-2009,1,85,NA,0.1527733107575393,7.222900395269722,1,35417.97747422727,35417.97747422727,255820.52349825026,0,255820.52349825026,7.222900395269722
San German,2005-2009,2,0,1,0.008560489454379042,0.13143588283909838,0.008497309123240442,100000,849.7309123240411,99261.95422031294,0.9913033693258809,8176076.494179206,81.76076494179206
San German,2005-2009,2,1,4,2.1414236995771912e-4,1.5101748780564879,8.561130200143497e-4,99150.26908767596,84.88383630388125,396389.7304426275,0.9990785588317508,8076814.539958893,81.46033908205312
San German,2005-2009,2,5,5,1.0658869258578246e-4,2.5,5.32801486394306e-4,99065.38525137208,52.78218451216526,495194.97079557995,0.9994515303823573,7680424.809516265,77.52884410662391
San German,2005-2009,2,10,5,1.1286105533116633e-4,2.5,5.641461013449348e-4,99012.60306685991,55.8575740041706,494923.3713992891,0.9987694641305314,7185229.838720686,72.56884089663555
San German,2005-2009,2,15,5,3.7982067542135573e-4,2.5,0.0018973017909874512,98956.74549285574,187.75081045390107,494314.35043814394,0.9973522922200914,6690306.467321396,67.60839227280779
San German,2005-2009,2,20,5,6.810656994932599e-4,2.5,0.0033995402218683934,98768.99468240184,335.7691700963187,493005.55048676836,0.9964458796664516,6195992.116883253,62.73215736180033
San German,2005-2009,2,25,5,7.43223941248127e-4,2.5,0.0037092277390925465,98433.22551230552,365.1112505186029,491253.3494352311,0.9956749430565112,5702986.566396484,57.93761747331475
San German,2005-2009,2,30,5,9.910853366642957e-4,2.5,0.004943178903003291,98068.11426178692,484.76823347617756,489128.65072524414,0.9944449731351931,5211733.2169612525,53.144013792789416
San German,2005-2009,2,35,5,0.0012378014294523567,2.5,0.006169914325333044,97583.34602831074,602.0808845740103,486411.52793011867,0.9929327814109026,4722604.566236009,48.395599848214815
San German,2005-2009,2,40,5,0.0016003963570712552,2.5,0.007970093513793795,96981.26514373673,772.9497522816091,482973.95133797964,0.9906802252454985,4236193.03830589,43.680529760334565
San German,2005-2009,2,45,5,0.002147528022174992,2.5,0.01068029950469607,96208.31539145512,1027.5336232230038,478472.7428992181,0.9871848031527958,3753219.0869679106,39.01137933552528
San German,2005-2009,2,50,5,0.003017216945797857,2.5,0.014973141686915301,95180.78176823212,1425.1553312870965,472341.02051294287,0.9803024442622569,3274746.3440686925,34.405541572906934
San German,2005-2009,2,55,5,0.004959495284088746,2.5,0.024493784399891853,93755.62643694502,2296.4301002233406,463037.0569341667,0.9688462431149873,2802405.3235557494,29.890529561343136
San German,2005-2009,2,60,5,0.007743238437707403,2.5,0.03798095324585189,91459.19633672168,3473.707459968209,448611.7130336879,0.9482453386168015,2339368.2666215827,25.578272719659854
San German,2005-2009,2,65,5,0.013665900150349995,2.5,0.06607216183583427,87985.48887675347,5813.391460269864,425393.96573309274,0.9225647295111971,1890756.553587895,21.489413512680375
San German,2005-2009,2,70,5,0.01876096873369686,2.5,0.08960227974650399,82172.09741648361,7362.807260068745,392453.46893224615,0.8874409323052235,1465362.5878548021,17.832848788411873
San German,2005-2009,2,75,5,0.029593697324726328,2.5,0.1377752863183032,74809.29015641486,10306.871370569068,348279.2723556516,0.8246594975214517,1072909.118922556,14.341923532214595
San German,2005-2009,2,80,5,0.04916271962979297,2.5,0.2189082819264861,64502.418785845795,14120.113676512206,287211.80973794847,0.603643417258234,724629.8465669043,11.234149977735639
San German,2005-2009,2,85,NA,0.11718474472290914,8.681977449815449,1,50382.30510933359,50382.30510933359,437418.0368289559,0,437418.0368289559,8.681977449815449
San German,2010-2014,1,0,1,0.011028921860845017,0.12728233787277682,0.010923779014191812,100000,1092.3779014191823,99046.662511714,0.9887049245745773,7632132.431136689,76.3213243113669
San German,2010-2014,1,1,4,3.451220718891123e-4,1.62008665383024,0.0013793553393928618,98907.62209858082,136.42875664832536,395305.7997755746,0.9986011290825646,7533085.768624975,76.16284376058277
San German,2010-2014,1,5,5,1.5803535921991114e-4,2.5,7.898647297088191e-4,98771.19334193249,78.01588193203497,493660.92700483237,0.9991263430415764,7137779.968849401,72.265806733137
San German,2010-2014,1,10,5,1.9159481229047087e-4,2.5,9.575154239825464e-4,98693.17746000046,94.50023965981381,493229.6367008528,0.9980483931694236,6644119.041844568,67.32095584355237
San German,2010-2014,1,15,5,5.901997578187706e-4,2.5,0.0029466510073166167,98598.67722034064,290.53589155139343,492267.0463728247,0.995811761325007,6150889.405143715,62.38308239570179
San German,2010-2014,1,20,5,0.0010896594660969642,2.5,0.005433495680479243,98308.14132878925,534.1568612659175,490205.31449078146,0.9938205357458456,5658622.358770891,57.56005842736628
San German,2010-2014,1,25,5,0.001390720140963389,2.5,0.006929508188305827,97773.98446752333,677.5256259710004,487176.10827268916,0.9915268041937022,5168417.044280109,52.86086142880731
San German,2010-2014,1,30,5,0.0020156370691167633,2.5,0.010027655062433425,97096.45884155233,973.6497970468481,483048.16971514456,0.9899799907101993,4681240.9360074205,48.21227253659727
San German,2010-2014,1,35,5,0.0020125322385296327,2.5,0.010012286071397989,96122.80904450548,962.4090621399519,478208.02256717754,0.9882926542860043,4198192.766292276,43.67530254290098
San German,2010-2014,1,40,5,0.0027020397606798583,2.5,0.013419548419896968,95160.39998236553,1277.0095952201227,472609.4759237773,0.9835290887638886,3719984.743725098,39.09173085037957
San German,2010-2014,1,45,5,0.003951408024595507,2.5,0.019563778940237864,93883.39038714541,1836.7138956941635,464825.1671964916,0.9753821181073786,3247375.2678013206,34.589454582010426
San German,2010-2014,1,50,5,0.00604454871890932,2.5,0.029772835212196157,92046.67649145125,2740.4905310103204,453382.1561297304,0.9634772862022646,2782550.1006048294,30.229772618278687
San German,2010-2014,1,55,5,0.008889194299477102,2.5,0.04347972224947823,89306.18596044093,3883.0081607202155,436823.4094004041,0.9519517372589535,2329167.944475099,26.080701123064728
San German,2010-2014,1,60,5,0.010851506849166541,2.5,0.052824471461171446,85423.17779972071,4512.434217803922,415834.80345409375,0.9303252093232652,1892344.5350746948,22.152588838492985
San German,2010-2014,1,65,5,0.01829296814810259,2.5,0.08746486095183749,80910.74358191679,7076.846936902119,386861.6005673286,0.8951742117878355,1476509.731620601,18.24862393120553
San German,2010-2014,1,70,5,0.02640530393469991,2.5,0.12385072929929428,73833.89664501467,9144.381946493791,346308.52835883887,0.8364716625009869,1089648.1310532724,14.758101367616854
San German,2010-2014,1,75,5,0.04663162281945117,2.5,0.20881469397567398,64689.51469852088,13508.121215206505,289677.2704545881,0.7480880973839589,743339.6026944334,11.490882350233953
San German,2010-2014,1,80,5,0.07236198305556153,2.5,0.30638360262387987,51181.39348331437,15681.139722728221,216704.11810975132,0.5223228760478561,453662.3322398453,8.863813612025698
San German,2010-2014,1,85,NA,0.14017641795802108,6.674831558335924,1,35500.25376058615,35500.25376058615,236958.214130094,0,236958.214130094,6.674831558335924
San German,2010-2014,2,0,1,0.007985271288944261,0.13261811147797153,0.007930343511736543,100000,793.0343511736428,99312.13636681616,0.991925818092934,8262862.885483308,82.62862885483308
San German,2010-2014,2,1,4,1.7938148420509108e-4,1.5110973311064047,7.172057309588088e-4,99206.96564882636,71.1518043143733,396650.7726796508,0.99919473723494,8163550.7491164915,82.28808023434459
San German,2010-2014,2,5,5,9.326000234861921e-5,2.5,4.661913192342792e-4,99135.81384451198,46.216255839550286,495563.528582961,0.9994958048409556,7766899.97643684,78.34605552962638
San German,2010-2014,2,10,5,1.0847275270601037e-4,2.5,5.422167241784646e-4,99089.59758867243,53.72803700467921,495313.6678508505,0.9988485629948828,7271336.447853879,73.38143079395361
San German,2010-2014,2,15,5,3.525079400276105e-4,2.5,0.001760987794688254,99035.86955166775,174.4009575168311,494743.3453645467,0.9976562264937474,6776022.780003029,68.41988474153727
San German,2010-2014,2,20,5,5.863757945253497e-4,2.5,0.002927587306794089,98861.46859415092,289.4255805872526,493583.7790192865,0.9967001398656613,6281279.4346384825,63.53617363732052
San German,2010-2014,2,25,5,7.359969461918767e-4,2.5,0.003673226023120161,98572.04301356367,362.0773935495381,491955.0215839445,0.9958548152675629,5787695.655619196,58.715387027362304
San German,2010-2014,2,30,5,9.259150356522687e-4,2.5,0.004618883444189093,98209.96562001413,453.6203842566756,489915.777139429,0.994644406043599,5295740.634035251,53.92264013740817
San German,2010-2014,2,35,5,0.0012228717514696597,2.5,0.006095723038576652,97756.34523575746,595.8956058206677,487291.9871642356,0.9935107741652831,4805824.856895822,49.16125746421564
San German,2010-2014,2,40,5,0.0013817852992792238,2.5,0.006885142026307615,97160.44962993679,668.963495042015,484129.8394120789,0.9911604017739455,4318532.869731586,44.44743603163579
San German,2010-2014,2,45,5,0.002173264778624497,2.5,0.010807604428010731,96491.48613489477,1042.8418128168269,479850.3261424318,0.9861044245858687,3834403.0303195077,39.738252398341395
San German,2010-2014,2,50,5,0.0034326642317314623,2.5,0.017017284598253263,95448.64432207795,1624.2767449462553,473182.5297480241,0.9797155380589883,3354552.704177076,35.145105810592895
San German,2010-2014,2,55,5,0.004778040525872922,2.5,0.02360820028510176,93824.36757713169,2215.0244613839313,463584.27673219866,0.970913083726699,2881370.174429052,30.710254157165707
San German,2010-2014,2,60,5,0.007062141914010359,2.5,0.03469810226421005,91609.34311574776,3178.670355787326,450100.03968927043,0.9511277455973948,2417785.897696853,26.392350555794266
San German,2010-2014,2,65,5,0.013128373033833579,2.5,0.06355590121987781,88430.67275996043,5620.291102739386,428102.6360429537,0.9273930548198239,1967685.8580075828,22.251169154267817
San German,2010-2014,2,70,5,0.017160366853651653,2.5,0.08227227808375123,82810.38165722105,6812.998747924459,397019.4114162941,0.8977884156252691,1539583.2219646291,18.591669198403917
San German,2010-2014,2,75,5,0.02642523169528515,2.5,0.12393840575629018,75997.38290929659,9418.994479428555,356439.42834791157,0.839252889262026,1142563.8105483348,15.034252059863597
San German,2010-2014,2,80,5,0.04512777147923492,2.5,0.20276322606997851,66578.38842986804,13499.648824580188,299142.8200878897,0.6194713879112036,786124.3822004234,11.80750091343089
San German,2010-2014,2,85,NA,0.10918114409967374,9.174700939281898,1,53078.73960528785,53078.73960528785,486981.5621125337,0,486981.5621125337,9.174700939281898
San German,2015-2019,1,0,1,0.008670774515422764,0.13198790299319965,0.00860600283639178,100000,860.6002836391854,99252.98854311371,0.9910488422485336,7800839.952566468,78.00839952566469
San German,2015-2019,1,1,4,3.0432721616644847e-4,1.6270701134539516,0.0012164304229069385,99139.39971636081,120.59618192371272,396271.4325811531,0.9987702452552951,7701586.964023354,77.68442199627697
San German,2015-2019,1,5,5,1.4464709188000805e-4,2.5,7.229740191765935e-4,99018.8035344371,71.58802236535121,494915.0476162721,0.9991778451127921,7305315.531442202,73.77705315234932
San German,2015-2019,1,10,5,1.8436644077351173e-4,2.5,9.214075123086928e-4,98947.21551207175,91.17070769485144,494508.15079112165,0.998156621900063,6810400.483825929,68.8286218928015
San German,2015-2019,1,15,5,5.540060418059246e-4,2.5,0.002766198981657934,98856.0448043769,273.45549046860833,493596.585295713,0.9960845832172992,6315892.333034808,63.88979394768552
San German,2015-2019,1,20,5,0.0010161392800651335,2.5,0.005067822366897175,98582.58931390829,499.59905111165426,491663.9489417623,0.9944157753854291,5822295.747739095,59.06008138211552
San German,2015-2019,1,25,5,0.0012243878223787282,2.5,0.006103257227328675,98082.99026279664,598.6257191994227,488918.3870159846,0.9927207633880588,5330631.798797333,54.34817784933773
San German,2015-2019,1,30,5,0.001699679189381668,2.5,0.008462437375163313,97484.36454359721,824.9553300077823,485359.4343929666,0.9908272093694649,4841713.411781348,49.6665638069172
San German,2015-2019,1,35,5,0.0019876695393596195,2.5,0.009889206510425077,96659.40921358943,955.8848588888795,480907.333920725,0.9882484730360623,4356353.977388381,45.06911445901862
San German,2015-2019,1,40,5,0.0027452015563260196,2.5,0.013632448236342742,95703.52435470055,1304.6733418010263,475255.9384190002,0.9837583264448698,3875446.6434676563,40.49429391026717
San German,2015-2019,1,45,5,0.003813403927449526,2.5,0.018886960612801526,94398.85101289953,1782.9073809743422,467536.98661206174,0.9764622046841579,3400190.705048656,36.01940774241016
San German,2015-2019,1,50,5,0.0057367445171104614,2.5,0.02827816112113817,92615.94363192518,2619.0085764098185,456532.1967186014,0.9655295482603069,2932653.718436594,31.66467460604368
San German,2015-2019,1,55,5,0.00833888118004658,2.5,0.04084294474211366,89996.93505551537,3675.739845432021,440795.32566399674,0.9511819324210745,2476121.521717993,27.513398319515844
San German,2015-2019,1,60,5,0.011762571880487155,2.5,0.05713278808595165,86321.19521008334,4931.770553263763,419276.5496672573,0.9278473648971867,2035326.1960539962,23.578521950495954
San German,2015-2019,1,65,5,0.018428119545861807,2.5,0.08808260575729301,81389.42465681958,7168.992604859537,389024.6417719491,0.906126201145075,1616049.6463867389,19.85576938528378
San German,2015-2019,1,70,5,0.021102358558823742,2.5,0.10022436649865477,74220.43205196004,7438.695783664138,352505.4208006399,0.8629442109730819,1227025.0046147897,16.53217275474464
San German,2015-2019,1,75,5,0.03907547744473512,2.5,0.1779897965249194,66781.7362682959,11886.467649974824,304192.51221654244,0.7865465812251625,874519.58381415,13.095190881242797
San German,2015-2019,1,80,5,0.0588724065052468,2.5,0.25659597600830525,54895.26861832108,14085.905029356189,239261.58051821493,0.5804835638469829,570327.0715976075,10.389366623980104
San German,2015-2019,1,85,NA,0.1334687682837885,8.11248845764688,1,40809.363588964894,40809.363588964894,331065.49107939255,0,331065.49107939255,8.11248845764688
San German,2015-2019,2,0,1,0.006570034588779433,0.1355268050107193,0.006532930036575881,100000,653.2930036575854,99435.24570986399,0.9933256423978579,8433808.006088348,84.33808006088348
San German,2015-2019,2,1,4,1.6122628663336534e-4,1.513370922830491,6.44646701242293e-4,99346.70699634241,64.04352694447152,397227.575489065,0.9993079021293311,8334372.760378484,83.89178677744522
San German,2015-2019,2,5,5,7.594745597027252e-5,2.5,3.796651933374765e-4,99282.66346939794,37.694171621173155,496319.0819179368,0.9995781091833414,7937145.184889419,79.94492600750884
San German,2015-2019,2,10,5,9.284804242955611e-5,2.5,4.641324776678319e-4,99244.96929777677,46.062813496246235,496109.68945514323,0.9989627846276419,7440826.102971482,74.97434031790432
San German,2015-2019,2,15,5,3.223724762016379e-4,2.5,0.0016105643769424964,99198.90648428052,159.76622501523525,495595.11685886455,0.9977760118698474,6944716.413516339,70.00799363263977
San German,2015-2019,2,20,5,5.684870843872083e-4,2.5,0.002838401435545008,99039.14025926529,281.1128378870344,494492.91920160886,0.9969774144426676,6449121.296657475,65.11689499499818
San German,2015-2019,2,25,5,6.424891168711463e-4,2.5,0.0032072939557028675,98758.02742137825,316.7460244257236,492998.27204582695,0.9961533197581347,5954628.377455866,60.29513279005471
San German,2015-2019,2,30,5,8.996436212174431e-4,2.5,0.004488123826158621,98441.28139695253,441.816660515251,491101.86533347453,0.9949021729198708,5461630.1054100385,55.48109520625476
San German,2015-2019,2,35,5,0.0011453258841419992,2.5,0.005710279094578258,97999.46473643728,559.6042947643436,488598.31294527557,0.9940308785205423,4970528.240076564,50.71995294509468
San German,2015-2019,2,40,5,0.0012497828130752728,2.5,0.006229450415216757,97439.86044167294,606.9967790870287,485681.8102606471,0.9931148802844376,4481929.927131289,45.996883686159954
San German,2015-2019,2,45,5,0.0015146939221361035,2.5,0.007544899078736287,96832.8636625859,730.5941838392318,482337.83285333146,0.9888998562460272,3996248.1168706412,41.26954388951634
San German,2015-2019,2,50,5,0.002958200024983411,2.5,0.014682416314148725,96102.26947874668,1411.013529221469,476983.81357067975,0.9827171229679779,3513910.28401731,36.564279939241416
San German,2015-2019,2,55,5,0.0040245058271507405,2.5,0.019922087740254547,94691.2559495252,1886.4475092613284,468740.1609744727,0.9750654210850977,3036926.4704466304,32.07187865440767
San German,2015-2019,2,60,5,0.006101463153302552,2.5,0.030048959222780548,92804.80844026388,2788.6879044994566,457052.32244007074,0.9648406263653289,2568186.3094721576,27.67298755996285
San German,2015-2019,2,65,5,0.008252436809756647,2.5,0.040428108031611024,90016.12053576442,3639.181445606402,440982.6490648061,0.9482391811323759,2111133.9870320866,23.45284349588593
San German,2015-2019,2,70,5,0.013131592730035767,2.5,0.0635709926866654,86376.93909015802,5491.067763196974,418157.02604279766,0.9163383619037703,1670151.3379672808,19.335616144304673
San German,2015-2019,2,75,5,0.022189469909578475,2.5,0.10511616935557799,80885.87132696105,8502.412948878336,383173.3242626094,0.8570431356892273,1251994.311924483,15.4785290853035
San German,2015-2019,2,80,5,0.040830238709734575,2.5,0.18524245899845954,72383.45837808271,13408.489820768686,328396.06733849185,0.6220210238909462,868820.9876618736,12.003032282924845
San German,2015-2019,2,85,NA,0.11522654741974174,9.163632190802733,1,58974.96855731402,58974.96855731402,540424.9203233818,0,540424.9203233818,9.163632190802733
San German,2020-2024,1,0,1,0.010240387567988488,0.12885581862745737,0.010149842306196635,100000,1014.984230619666,99115.80239331079,0.9895070862860966,7754378.404201098,77.54378404201098
San German,2020-2024,1,1,4,3.213935090561404e-4,1.6224185251314296,0.0012845924287253128,98985.01576938033,127.15540181459801,395637.7407497375,0.9986662128171476,7655262.601807787,77.33759036462
San German,2020-2024,1,5,5,1.5839477427062723e-4,2.5,7.916603841835068e-4,98857.86036756574,78.2618517181545,494093.6472085333,0.9991232274067428,7259624.861058049,73.43497860530125
San German,2020-2024,1,10,5,1.924830268748816e-4,2.5,9.619522356793265e-4,98779.59851584758,95.02125563182926,493660.43944015837,0.9979914512070088,6765531.213849516,68.49117950974559
San German,2020-2024,1,15,5,6.121660557138496e-4,2.5,0.0030561530956037647,98684.57726021575,301.5951762821642,492668.89836037334,0.9958109239675076,6271870.774409357,63.55472099628514
San German,2020-2024,1,20,5,0.0010679380308925243,2.5,0.005325471969341342,98382.98208393359,523.9358133481874,490605.07088629744,0.9937874536343887,5779201.876048984,58.741885574464156
San German,2020-2024,1,25,5,0.001425939228926299,2.5,0.0071043701444171515,97859.0462705854,695.2268866858794,487557.1641362123,0.991733066397715,5288596.805162687,54.04300375602925
San German,2020-2024,1,30,5,0.0018965125553587305,2.5,0.009437815438109816,97163.81938389952,917.0141946070798,483526.5614329799,0.9901590173621231,4801039.641026475,49.41180442956144
San German,2020-2024,1,35,5,0.0020601544439058928,2.5,0.0102479911084714,96246.80518929244,986.3364037986466,478768.1849369656,0.9876175158666144,4317513.0795934945,44.85876773885708
San German,2020-2024,1,40,5,0.0029291088533498957,2.5,0.01453907791216928,95260.4687854938,1384.9993776220654,472839.8454834138,0.9830862781532183,3838744.894656529,40.297354648763715
San German,2020-2024,1,45,5,0.0039023837181103773,2.5,0.01932340028393549,93875.46940787173,1813.993272210646,464842.36385883205,0.9722421215633973,3365905.0491731153,35.85500099657424
San German,2020-2024,1,50,5,0.007406352282856919,2.5,0.03635855082453297,92061.47613566108,3347.221859059966,451939.32603065553,0.9648583050239045,2901062.6853142832,31.512232989174535
San German,2020-2024,1,55,5,0.00689254129124848,2.5,0.03387892670322943,88714.25427660112,3005.5437181686284,436057.41208758403,0.9531013625027072,2449123.359283628,27.60687534663297
San German,2020-2024,1,60,5,0.012450841195429448,2.5,0.060374909937593896,85708.71055843249,5174.655680832657,415606.9135900808,0.9281839553423539,2013065.9471960438,23.48729707960806
San German,2020-2024,1,65,5,0.01753486103045797,2.5,0.08399232096300983,80534.05487759983,6764.24218573203,385759.6689236691,0.9038458624357004,1597459.033605963,19.835820213372724
San German,2020-2024,1,70,5,0.02315305614042196,2.5,0.10943111861982485,73769.8126918678,8072.713123246038,348667.28065122396,0.8502634978961122,1211699.3646822937,16.425409262505397
San German,2020-2024,1,75,5,0.04321195110932807,2.5,0.19499452124958103,65697.09956862176,12810.574477869464,296459.06164843513,0.7802560335012743,863032.0840310699,13.13653250596882
San German,2020-2024,1,80,5,0.057270477345292135,2.5,0.250488409738494,52886.5250907523,13247.461566577505,231313.97153731773,0.5917314054866877,566573.0223826347,10.712993932015875
San German,2020-2024,1,85,NA,0.13715849327464816,8.457794434039833,1,39639.063524174795,39639.063524174795,335259.05084531696,0,335259.05084531696,8.457794434039833
San German,2020-2024,2,0,1,0.005722839846858189,0.13726801894794777,0.005694723420131946,100000,569.4723420132068,99508.6979982206,0.9941200066332256,8391042.105073087,83.91042105073087
San German,2020-2024,2,1,4,1.7287629025301734e-4,1.5147346849954453,6.912081879429485e-4,99430.5276579868,68.72719484868867,397551.3053183922,0.9993018745810198,8291533.407074866,83.39021829991108
San German,2020-2024,2,5,5,7.731565188459784e-5,2.5,3.865035524876985e-4,99361.8004631381,38.40368886057695,496712.9930935391,0.9995705555421122,7893982.101756474,79.44685044918279
San German,2020-2024,2,10,5,9.450271493771898e-5,2.5,4.7240196651765026e-4,99323.39677427753,46.92056795737881,496499.6824514942,0.9989370835356912,7397269.108662935,74.47660217938355
San German,2020-2024,2,15,5,3.310157128368582e-4,2.5,0.0016537100541532883,99276.47620632015,164.17450684330834,495971.94476449245,0.9978343310206674,6900769.426211441,69.51062013794687
San German,2020-2024,2,20,5,5.364135731315908e-4,2.5,0.002678475938536111,99112.30169947684,265.4699153149704,494897.83370909677,0.996726419985471,6404797.481446948,64.62161983551992
San German,2020-2024,2,25,5,7.75557281496835e-4,2.5,0.003870282343352087,98846.83178416187,382.56514775053074,493277.746051433,0.99588808437293,5909899.647737851,59.788457971444956
San German,2020-2024,2,30,5,8.727978404104823e-4,2.5,0.004354487733328055,98464.26663641134,428.76144123938866,491249.4295789582,0.9950880895337528,5416621.901686419,55.01104194161939
San German,2020-2024,2,35,5,0.0010973564627831777,2.5,0.005471771105452294,98035.50519517195,536.4278446353565,488836.45636427135,0.9927294681898786,4925372.47210746,50.24070067575909
San German,2020-2024,2,40,5,0.0018241185733785155,2.5,0.009079189073342826,97499.0773505366,885.2125577420084,485282.3553583279,0.9899099517087456,4436536.015743189,45.50336409638621
San German,2020-2024,2,45,5,0.002234446415358458,2.5,0.011110169381421432,96613.86479279459,1073.3964024416928,480385.8329578687,0.9884453888337748,3951253.660384861,40.89737708825766
San German,2020-2024,2,50,5,0.0024153059724912507,2.5,0.012004046250946324,95540.4683903529,1146.8722013948573,474835.1614482773,0.9844674405264906,3470867.8274269924,36.328771314433496
San German,2020-2024,2,55,5,0.0038576367897769056,2.5,0.01910394375820582,94393.59618895804,1803.28995272865,467459.7560629685,0.9768723012728486,2996032.665978715,31.739787304863636
San German,2020-2024,2,60,5,0.005521133820721596,2.5,0.027229820397782056,92590.30623622939,2521.2174093881767,456648.4876576765,0.9607828953545501,2528572.909915746,27.3092617650977
San German,2020-2024,2,65,5,0.010580650515959638,2.5,0.051539937416258536,90069.08882684121,4642.155201274829,438740.05613101897,0.9323979162125848,2071924.42225807,23.003723577590165
San German,2020-2024,2,70,5,0.017653603373405186,2.5,0.08453705765168222,85426.93362556638,7221.741612910919,409080.3140955546,0.9079885719482955,1633184.366127051,19.117909268351347
San German,2020-2024,2,75,5,0.02109163973967636,2.5,0.10017600801913547,78205.19201265546,7834.283942197813,371440.2502077828,0.8584437441452007,1224104.0520314963,15.652465271530913
San German,2020-2024,2,80,5,0.041389855589923676,2.5,0.18754330243773074,70370.90807045765,13197.59249507558,318860.55911459925,0.6260418720337292,852663.8018237136,12.116708810549934
San German,2020-2024,2,85,NA,0.117347388995311,9.336580139476144,1,57173.31557538207,57173.31557538207,533803.2427091143,0,533803.2427091143,9.336580139476144
San Juan,1980-1984,1,0,1,0.023790030104454643,0.10588049404684406,0.023294529147516813,100000,2329.452914751688,97917.19071072109,0.9761410929029266,6873074.233730704,68.73074233730703
San Juan,1980-1984,1,1,4,5.607544490822313e-4,1.582813583678532,0.0022399816176418984,97670.54708524831,218.78023005598516,390153.35574074223,0.9976824432837363,6775157.043019983,69.36745257612333
San Juan,1980-1984,1,5,5,2.6238910830802463e-4,2.5,0.0013110855051485944,97451.76685519233,127.76759897496959,486939.4152785242,0.9984353648781179,6385003.68727924,65.51962979559914
San Juan,1980-1984,1,10,5,3.6403452164293816e-4,2.5,0.0018185176002529224,97323.99925621736,176.9854055744363,486177.5327671507,0.994778265956962,5898064.272000716,60.60236238826704
San Juan,1980-1984,1,15,5,0.0017337120789557966,2.5,0.008631150569783681,97147.01385064292,838.4905039497535,483638.8429933402,0.9886721643155736,5411886.7392335655,55.70821505181808
San Juan,1980-1984,1,20,5,0.002829474011490263,2.5,0.014047998937682278,96308.52334669317,1352.942033664105,478160.2616493056,0.9848934119156093,4928247.896240225,51.171461517475755
San Juan,1980-1984,1,25,5,0.003262445644769248,2.5,0.016180260175494305,94955.58131302906,1536.4060107601108,470936.891538245,0.9817169256147452,4450087.63459092,46.86494014417996
San Juan,1980-1984,1,30,5,0.004126224172814523,2.5,0.020420472248542057,93419.17530226895,1907.663676741664,462326.7173194906,0.9783275672965173,3979150.7430526745,42.59458221695551
San Juan,1980-1984,1,35,5,0.004643382298969487,2.5,0.022950491727250038,91511.51162552729,2100.2341905098147,452306.9726513619,0.9749323689667677,3516824.025733184,38.43040032082871
San Juan,1980-1984,1,40,5,0.005522095978851344,2.5,0.027234501072115835,89411.27743501747,2435.071531163223,440968.7083471793,0.9690766079233851,3064517.053081822,34.274390669667575
San Juan,1980-1984,1,45,5,0.007065758058557952,2.5,0.03471556090719631,86976.20590385425,3019.427773532094,427332.460085441,0.9592752266109247,2623548.3447346427,30.163977808307493
San Juan,1980-1984,1,50,5,0.009615750559576806,2.5,0.046950101632765404,83956.77813032216,3941.77926597817,409929.4424866653,0.9429792998909969,2196215.8846492018,26.158887150720805
San Juan,1980-1984,1,55,5,0.01399026413999699,2.5,0.06758740652541517,80014.99886434399,5408.00625637504,386554.97868078237,0.9161149050011804,1786286.4421625366,22.324395019875897
San Juan,1980-1984,1,60,5,0.021355152888278356,2.5,0.10136414728475215,74606.99260796895,7562.4741871865845,354128.7775718783,0.882913575566653,1399731.463481754,18.76139775311417
San Juan,1980-1984,1,65,5,0.028858336297193903,2.5,0.13458213985699655,67044.51842078236,9022.99475475071,312665.105217035,0.8353164790955189,1045602.6859098759,15.595647646351972
San Juan,1980-1984,1,70,5,0.04431263238656384,2.5,0.19946600279422472,58021.52366603165,11573.321401693851,261174.31482592362,0.7738084710979328,732937.5806928409,12.63216707150927
San Juan,1980-1984,1,75,5,0.05965814655500269,2.5,0.2595761524172791,46448.2022643378,12056.845630476353,202098.8972454981,0.6893522580745175,471763.26586691727,10.156760495962827
San Juan,1980-1984,1,80,5,0.09371253877608554,2.5,0.37962389615787,34391.35663386145,13055.780799501292,139317.331170554,0.4833676696599798,269664.3686214192,7.841050630608444
San Juan,1980-1984,1,85,NA,0.1715849768192383,6.109375179878955,1,21335.575834360156,21335.575834360156,130347.03745086517,0,130347.03745086517,6.109375179878955
San Juan,1980-1984,2,0,1,0.017926724867982798,0.11624164727290577,0.017647143071386203,100000,1764.714307138609,98440.41899088924,0.9821088496626365,7820573.022620338,78.20573022620339
San Juan,1980-1984,2,1,4,3.326641548538829e-4,1.4952880982228547,0.0013295488023016447,98235.28569286139,130.60860643671185,392614.005840429,0.998478936178074,7722132.603629449,78.60854222761837
San Juan,1980-1984,2,5,5,1.7612271575696535e-4,2.5,8.802260092967336e-4,98104.67708642468,86.35428840512759,490307.4997111106,0.9990704645821474,7329518.59778902,74.71120455686459
San Juan,1980-1984,2,10,5,1.9587352276089038e-4,2.5,9.78888268070811e-4,98018.32279801955,95.94898624294729,489851.7415244904,0.998048757599142,6839211.09807791,69.77482273565383
San Juan,1980-1984,2,15,5,5.857664098381566e-4,2.5,0.002924549292342358,97922.3738117766,286.3788090357266,488895.9220362937,0.9969283529728596,6349359.3565534195,64.84074179776283
San Juan,1980-1984,2,20,5,6.448732239391393e-4,2.5,0.0032191762183298397,97635.99500274088,314.30747316578345,487394.2063307899,0.9963618987817427,5860463.434517126,60.023595133665694
San Juan,1980-1984,2,25,5,8.133262264993017e-4,2.5,0.004058379166962586,97321.6875295751,394.9683091636689,485621.0168749663,0.9949857646354936,5373069.228186335,55.209371770845145
San Juan,1980-1984,2,30,5,0.0011983768629494488,2.5,0.005973986596455339,96926.71922041143,579.0389214611205,483185.9987984043,0.9930126643611293,4887448.211311369,50.42415807139112
San Juan,1980-1984,2,35,5,0.0016077915719494315,2.5,0.008006774797153756,96347.6802989503,771.4341783818672,479809.81604879687,0.9907714224084901,4404262.212512965,45.71217697039821
San Juan,1980-1984,2,40,5,0.0021030476026340297,2.5,0.010460242045776792,95576.24612056844,999.7506682478706,475381.85393222247,0.9877660733832703,3924452.396464168,41.06095976518593
San Juan,1980-1984,2,45,5,0.002825084925725194,2.5,0.01402636047974071,94576.49545232057,1326.5640181248164,469566.06721629074,0.9825736064552658,3449070.5425319457,36.46858054991842
San Juan,1980-1984,2,50,5,0.004218994348040428,2.5,0.020874795133490394,93249.93143419575,1946.573214900869,461383.22413372656,0.9735868646762027,2979504.475315655,31.95181411386045
San Juan,1980-1984,2,55,5,0.006518432008210324,2.5,0.032069552054548284,91303.35821929488,2928.057799168746,449196.6465985525,0.9609789796397288,2518121.2511819284,27.579722151444162
San Juan,1980-1984,2,60,5,0.009459079052182807,2.5,0.04620280529169711,88375.30042012614,4083.1867979063245,431668.53510586487,0.9430856484128575,2068924.6045833759,23.410665590362278
San Juan,1980-1984,2,65,5,0.014109706371916858,2.5,0.06814477494639916,84292.11362221981,5744.067112542471,407100.4003297429,0.909105714673978,1637256.0694775109,19.423597287112305
San Juan,1980-1984,2,70,5,0.024472409973212476,2.5,0.11530742351314131,78548.04650967734,9057.172865021275,370097.3003858335,0.8579937088835589,1230155.669147768,15.661187309046692
San Juan,1980-1984,2,75,5,0.03768105306440144,2.5,0.1721849863071727,69490.87364465607,11965.285126978582,317541.15540583385,0.7802829066149196,860058.3687619346,12.376565779844302
San Juan,1980-1984,2,80,5,0.06434305283892106,2.5,0.2771358479276805,57525.58851767748,15942.402751385387,247771.93570992394,0.54329202906362,542517.2133561007,9.43088506064369
San Juan,1980-1984,2,85,NA,0.1452349285662709,7.08808794262948,1,41583.185766292096,41583.185766292096,294745.2776461768,0,294745.2776461768,7.08808794262948
San Juan,1985-1989,1,0,1,0.017546557878062325,0.11427672108222053,0.01727803314399318,100000,1727.8033143993234,98469.64438304522,0.981950766653927,6751955.571222869,67.5195557122287
San Juan,1985-1989,1,1,4,6.191805018915885e-4,1.6009412861371486,0.0024730484168594396,98272.19668560068,243.03190043463837,392505.7389439183,0.9976779270969673,6653485.926839823,67.70466267408393
San Juan,1985-1989,1,5,5,2.535719502771674e-4,2.5,0.0012670565263995606,98029.16478516604,124.20849301853741,489835.3026932839,0.9984089200175367,6260980.187895905,63.86854566819005
San Juan,1985-1989,1,10,5,3.8347017442654635e-4,2.5,0.0019155145154193707,97904.9562921475,187.53836490910908,489055.9355484647,0.9953875012060004,5771144.885202621,58.94640173252902
San Juan,1985-1989,1,15,5,0.001468301883841792,2.5,0.007314659099868966,97717.41792723839,714.7696002571756,486800.16563554906,0.9882052173907593,5282088.949654156,54.05473314478352
San Juan,1985-1989,1,20,5,0.003288397088647877,2.5,0.016307918166686287,97002.64832698122,1581.9112508682592,481058.4635077354,0.9814423621555345,4795288.784018608,49.434617164826435
San Juan,1985-1989,1,25,5,0.004212838378055569,2.5,0.020844653994464914,95420.73707611296,1989.0122482483712,472131.15475994383,0.9737184137679757,4314230.320510872,45.21271217041217
San Juan,1985-1989,1,30,5,0.006469833604538687,2.5,0.03183426207630107,93431.72482786459,2974.3300144110835,459722.7991032952,0.9662206847844883,3842099.165750928,41.12199761729199
San Juan,1985-1989,1,35,5,0.007288078792513787,2.5,0.03578832365592796,90457.3948134535,3237.3185226559435,444193.67776062764,0.9638468061035622,3382376.366647633,37.39192769837077
San Juan,1985-1989,1,40,5,0.007442260243678758,2.5,0.03653160690414278,87220.07629079756,3186.2895412047656,428134.6576009759,0.9594403451969666,2938182.688887005,33.68699975784139
San Juan,1985-1989,1,45,5,0.009152837611526321,2.5,0.04474043325695597,84033.7867495928,3759.7080273994216,410769.6636794654,0.9532840165390968,2510048.0312860296,29.86950997181134
San Juan,1985-1989,1,50,5,0.010000750676012192,2.5,0.04878406031951348,80274.07872219337,3916.095498476847,391580.1548647747,0.9390192923456508,2099278.367606564,26.151385366521517
San Juan,1985-1989,1,55,5,0.015326130680209703,2.5,0.07380287223974562,76357.98322371652,5635.438480344586,367701.31991772115,0.9124347703083763,1707698.2127417892,22.364370307404663
San Juan,1985-1989,1,60,5,0.021590541962557833,2.5,0.10242422357034436,70722.54474337194,7243.701734258808,335503.46938121266,0.8833940076493769,1339996.8928240682,18.94723807926399
San Juan,1985-1989,1,65,5,0.028358642645032035,2.5,0.13240607202377375,63478.84300911313,8404.984259450459,296381.7543969395,0.8373418298232694,1004493.4234428555,15.82406634756479
San Juan,1985-1989,1,70,5,0.04383469703574599,2.5,0.19752713038663394,55073.85874966267,10878.581278139682,248172.84055296413,0.7749798555141968,708111.669045916,12.857491469131045
San Juan,1985-1989,1,75,5,0.05958007866919257,2.5,0.25928051033769256,44195.27747152299,11458.974097332404,192328.95211428395,0.6959001170410357,459938.82849295187,10.406967775896671
San Juan,1985-1989,1,80,5,0.0891792844902391,2.5,0.3646077719058381,32736.303374190586,11935.910633697196,133841.74028670994,0.499862478553206,267609.8763786679,8.174712743823497
San Juan,1985-1989,1,85,NA,0.17396777148201245,6.4310389597376885,1,20800.39274049339,20800.39274049339,133768.13609195797,0,133768.13609195797,6.4310389597376885
San Juan,1985-1989,2,0,1,0.014728492506916395,0.11875897120530993,0.014539775642460125,100000,1453.9775642460154,98718.69531543944,0.9851777201300987,7853104.629594258,78.53104629594257
San Juan,1985-1989,2,1,4,3.188544820377865e-4,1.5003437850297174,0.0012744021957177398,98546.02243575398,125.58726737137476,393870.16474960995,0.9985958970916776,7754385.934278819,78.6879646952185
San Juan,1985-1989,2,5,5,1.666699642111703e-4,2.5,8.330027297179768e-4,98420.43516838261,81.98449115529365,491897.21461402485,0.9991195875979739,7360515.7695292095,74.78645828924115
San Juan,1985-1989,2,10,5,1.8565845260348044e-4,2.5,9.278615996453514e-4,98338.45067722732,91.24447215200053,491464.14220575657,0.9983216048087434,6868618.554915184,69.84672330724223
San Juan,1985-1989,2,15,5,4.8651619033349304e-4,2.5,0.0024296258209216383,98247.20620507532,238.70394902928092,490639.2711528034,0.9967354844333465,6377154.412709428,64.90926978013134
San Juan,1985-1989,2,20,5,8.219733812262726e-4,2.5,0.004101438722494809,98008.50225604603,401.97586628666613,489037.5716145135,0.9949125146775698,5886515.141556624,60.06127025773922
San Juan,1985-1989,2,25,5,0.0012192235295571821,2.5,0.006077592787462058,97606.52638975937,593.2127207956219,486549.6001468078,0.9930462166015566,5397477.569942111,55.29832655235645
San Juan,1985-1989,2,30,5,0.0015732297285888542,2.5,0.007835331701030731,97013.31366896375,760.1314920124569,483166.2396147876,0.9912776789244226,4910927.969795303,50.62117542498082
San Juan,1985-1989,2,35,5,0.0019325550674365061,2.5,0.009616315190553603,96253.18217695129,925.6009379073512,478951.9085399881,0.989606194253436,4427761.730180515,46.0011984023608
San Juan,1985-1989,2,40,5,0.002248335998813754,2.5,0.011178845492205516,95327.58123904394,1065.6523018169246,473973.77544067736,0.9871878885163443,3948809.8216405273,41.4235814054536
San Juan,1985-1989,2,45,5,0.0029138410510401837,2.5,0.014463841914386181,94261.92893722701,1363.3896386931592,467901.1705894022,0.9816168505086696,3474836.04619985,36.863621245369266
San Juan,1985-1989,2,50,5,0.004522557597897238,2.5,0.022359977276682513,92898.53929853385,2077.209227752217,459299.67342328874,0.9737944939036584,3006934.8756104475,32.36794569985132
San Juan,1985-1989,2,55,5,0.006120023144461359,2.5,0.030138987470137123,90821.33007078164,2737.2629290244804,447263.493031347,0.9633153464832933,2547635.202187159,28.051066860633494
San Juan,1985-1989,2,60,5,0.0088795826760657455,2.5,0.04343372989157339,88084.06714175716,3825.819579986288,430855.78675882006,0.9443127350787169,2100371.709155812,23.84508092451727
San Juan,1985-1989,2,65,5,0.014185261719816619,2.5,0.06849718244881685,84258.24756177087,5771.452556056203,406862.6064187138,0.9131088029472844,1669515.9223969919,19.814273032121243
San Juan,1985-1989,2,70,5,0.022528768789514392,2.5,0.10663779819800744,78486.79500571467,8369.659007027774,371509.8275110039,0.8661457370336886,1262653.3159782782,16.087461793876837
San Juan,1985-1989,2,75,5,0.0358056791957679,2.5,0.16431947037424294,70117.13599868689,11521.610651462994,321781.653364777,0.7896032889889844,891143.4884672742,12.709353794541222
San Juan,1985-1989,2,80,5,0.06123708688010913,2.5,0.26553409785118465,58595.5253472239,15559.109961191323,254079.85183314118,0.5537462538433027,569361.8351024973,9.716814240141838
San Juan,1985-1989,2,85,NA,0.13376534879515303,7.325935035278994,1,43036.415386032575,43036.415386032575,315281.983269356,0,315281.983269356,7.325935035278994
San Juan,1990-1994,1,0,1,0.017295530958932877,0.11477763274799739,0.01703472269628914,100000,1703.47226962891,98492.04824493095,0.9822756784226413,6537320.7609914085,65.37320760991409
San Juan,1990-1994,1,1,4,5.73775386474495e-4,1.601674380516081,0.002291947596331168,98296.52773037109,225.2904904593306,392645.79096638964,0.9977023150688301,6438828.712746478,65.50413184897319
San Juan,1990-1994,1,5,5,2.8311867437656523e-4,2.5,0.001414592128262483,98071.23723991176,138.73080020854832,490009.3591990374,0.9982483635354553,6046182.921780088,61.65092938502759
San Juan,1990-1994,1,10,5,4.1826856591332126e-4,2.5,0.0020891582564968292,97932.50643970321,204.5965044079203,489151.04093749623,0.9899750984173596,5556173.56258105,56.73472235699361
San Juan,1990-1994,1,15,5,0.003628063042075334,2.5,0.017977258641191828,97727.90993529529,1756.8799133699067,484247.3498930517,0.9792144649229308,5067022.521643554,51.848264482463414
San Juan,1990-1994,1,20,5,0.004785622717614892,2.5,0.023645220823237688,95971.03002192538,2269.2561975019926,474182.00961587194,0.9737089197741966,4582775.171750503,47.75165141713629
San Juan,1990-1994,1,25,5,0.0058855467546044555,2.5,0.029001016674105987,93701.77382442339,2717.446705075432,461715.2523594284,0.965702814727475,4108593.16213463,43.84754945870325
San Juan,1990-1994,1,30,5,0.008111530001718065,2.5,0.03975153557501263,90984.32711934796,3616.766716253347,445879.7188061064,0.9556621465182609,3646877.909775202,40.08248481072393
San Juan,1990-1994,1,35,5,0.010070097916966874,2.5,0.04911403181124375,87367.56040309461,4290.973140908347,426110.36916320224,0.9511022156893745,3200998.1909690956,36.63829201823191
San Juan,1990-1994,1,40,5,0.009976862266486737,2.5,0.04867036745113549,83076.58726218627,4043.3680286369345,405274.51623933896,0.9504279592322312,2774887.8218058934,33.401562500978315
San Juan,1990-1994,1,45,5,0.010365808312898663,2.5,0.05051984401680398,79033.21923354933,3992.7459078247775,385184.23139818467,0.9456497818928962,2369613.3055665544,29.982497594640073
San Juan,1990-1994,1,50,5,0.012028003546064533,2.5,0.05838439835422404,75040.47332572455,4381.1928873386205,364249.3844102762,0.9380442551580745,1984429.0741683696,26.44478354440349
San Juan,1990-1994,1,55,5,0.0135966872784231,2.5,0.06574853085934,70659.28043838593,4645.743880401977,341682.0424909247,0.9189175235197029,1620179.6897580936,22.92946771756148
San Juan,1990-1994,1,60,5,0.020498361203895282,2.5,0.09749555810494985,66013.53655798396,6436.026589202149,313977.61631691444,0.8893157258178065,1278497.6472671689,19.36720427247799
San Juan,1990-1994,1,65,5,0.02673442938065506,2.5,0.12529773807778447,59577.50996878181,7464.927239395016,279225.23174542154,0.8458433687292657,964520.0309502543,16.18933103205649
San Juan,1990-1994,1,70,5,0.04129396105583029,2.5,0.18714945002660474,52112.58272938679,9752.841197270682,236180.81065375725,0.7847315148416686,685294.7992048328,13.150275102722713
San Juan,1990-1994,1,75,5,0.0571067074023962,2.5,0.24986160333072738,42359.74153211611,10584.072935889733,185338.52532085622,0.7046231987430156,449113.98855107557,10.602377925525547
San Juan,1990-1994,1,80,5,0.0866335556497353,2.5,0.3560525353993123,31775.668596226376,11313.807367694706,130593.8245618951,0.5049053351565352,263775.4632302193,8.301177438058529
San Juan,1990-1994,1,85,NA,0.16205654455732696,6.50877440624111,1,20461.86122853167,20461.86122853167,133181.63866832422,0,133181.63866832422,6.50877440624111
San Juan,1990-1994,2,0,1,0.014547872415821683,0.11913019425993417,0.014363803412874975,100000,1436.3803412874986,98734.73592780123,0.9852160370015197,7850016.253527648,78.50016253527647
San Juan,1990-1994,2,1,4,3.872231790219627e-4,1.5006300918472524,0.001547395125481628,98563.6196587125,152.51686460972996,393873.2825729586,0.9984361438852429,7751281.517599847,78.64241942858351
San Juan,1990-1994,2,5,5,1.7718328921781143e-4,2.5,8.85524195864794e-4,98411.10279410277,87.14541266590822,491837.65043884906,0.9990228661457448,7357408.235026889,74.76197325438139
San Juan,1990-1994,2,10,5,2.1387924113158707e-4,2.5,0.0010688247071147844,98323.95738143686,105.09107495057106,491357.0592198079,0.9981467385839252,6865570.584588039,69.82601969481172
San Juan,1990-1994,2,15,5,5.284045971502724e-4,2.5,0.002638537447458886,98218.86630648629,259.15415679661965,490446.4461404399,0.9962310767104019,6374213.525368231,64.89805640270644
San Juan,1990-1994,2,20,5,9.828690768433274e-4,2.5,0.004902299587541596,97959.71214968967,480.2278564671142,488597.99110728054,0.9933275699369408,5883767.079227791,60.06313156817938
San Juan,1990-1994,2,25,5,0.0016974289241638244,2.5,0.008451280998785187,97479.48429322256,823.8265133787063,485337.855182666,0.9904715527335651,5395169.088120511,55.34671348785152
San Juan,1990-1994,2,30,5,0.0021342864179954733,2.5,0.01061479456032757,96655.65777984385,1025.9799504263647,480713.33902315336,0.9889308435927704,4909831.2329378445,50.7971426165362
San Juan,1990-1994,2,35,5,0.002319046028096947,2.5,0.01152839295574881,95629.67782941749,1102.4565042491886,475392.24788646447,0.9877161482684247,4429117.893914691,46.315307072510194
San Juan,1990-1994,2,40,5,0.0026267614122555388,2.5,0.013048121307395952,94527.2213251683,1233.4026507018716,469552.5999990868,0.9852195553665803,3953725.6460282267,41.82631828801604
San Juan,1990-1994,2,45,5,0.0033347048616892694,2.5,0.016535670357614277,93293.81867446643,1542.6758320040099,462612.4037923221,0.9813068190067799,3484173.0460291402,37.346236819682495
San Juan,1990-1994,2,50,5,0.0042214804333997056,2.5,0.020886967356972236,91751.14284246242,1916.4031255154114,453964.7063985236,0.9754892258889276,3021560.642236818,32.93213085557819
San Juan,1990-1994,2,55,5,0.005723106993766975,2.5,0.028211885865573334,89834.739716947,2534.407423657991,442837.68002559006,0.9645867337289896,2567595.935838294,28.58132548642456
San Juan,1990-1994,2,60,5,0.008752141429522405,2.5,0.04282370924792556,87300.33229328902,3738.5240473751037,427155.35134800733,0.9475955867820998,2124758.2558127046,24.338489900296057
San Juan,1990-1994,2,65,5,0.012884846687709691,2.5,0.06241375430014412,83561.80824591391,5215.406168736226,404770.525807729,0.9168871406600733,1697602.904464697,20.315535770466145
San Juan,1990-1994,2,70,5,0.022205892247112894,2.5,0.10518987373163426,78346.40207717768,8241.248141826174,371128.890031323,0.8720787489188723,1292832.378656968,16.50149010523063
San Juan,1990-1994,2,75,5,0.033211000980408696,2.5,0.15332482741780887,70105.15393535151,10748.860628236682,323653.6181061659,0.8012231672624657,921703.488625645,13.14744261849289
San Juan,1990-1994,2,80,5,0.05778631223657329,2.5,0.2524597642697131,59356.29330711483,14985.07581623816,259318.77699497875,0.5663927211124904,598049.8705194792,10.075593289242558
San Juan,1990-1994,2,85,NA,0.1307016278088601,7.634027477252526,1,44371.21749087667,44371.21749087667,338731.0935245004,0,338731.0935245004,7.634027477252526
San Juan,1995-1999,1,0,1,0.014390732651353851,0.12057401253085596,0.014210885591170477,100000,1421.0885591170518,98750.25779061738,0.9850676512688726,6747287.279526351,67.47287279526351
San Juan,1995-1999,1,1,4,5.653962565883245e-4,1.6101826017138035,0.0022585333101229014,98578.91144088295,222.64375516488508,393783.567843819,0.9978532029866907,6648537.021735733,67.44380643443007
San Juan,1995-1999,1,5,5,2.4813635450894237e-4,2.5,0.0012399126040610084,98356.26768571806,121.95317599191912,491476.4554886105,0.9984978537096589,6254753.453891914,63.59283044246852
San Juan,1995-1999,1,10,5,3.5325279900910386e-4,2.5,0.001764705527128307,98234.31450972614,173.35463776896358,490738.1859542083,0.9919363279183745,5763276.998403304,58.66867425264808
San Juan,1995-1999,1,15,5,0.0028955649196441293,2.5,0.014373774108045283,98060.95987195718,1409.5060860176163,486781.03414474183,0.9824518353624303,5272538.812449096,53.767970651457
San Juan,1995-1999,1,20,5,0.0041973568443306975,2.5,0.020768848550126635,96651.45378593956,2007.3394058297417,478238.92041512346,0.97868740581149,4785757.778304353,49.51563159001923
San Juan,1995-1999,1,25,5,0.004421923491990733,2.5,0.021867872314188755,94644.11438010982,2069.6654085537157,468046.4083791648,0.9736078945314064,4307518.85788923,45.51280220753471
San Juan,1995-1999,1,30,5,0.006301221189665316,2.5,0.031017485850596768,92574.4489715561,2871.4266611020284,455693.67820502544,0.9675553202755227,3839472.4495100654,41.474429415072834
San Juan,1995-1999,1,35,5,0.006900536393334491,2.5,0.03391755859797648,89703.02231045408,3042.507515630423,440908.84276319435,0.9628696081302511,3383778.77130504,37.722015202498824
San Juan,1995-1999,1,40,5,0.008258252506282662,2.5,0.04045602241025404,86660.51479482366,3505.9397286235326,424537.72465255944,0.9556555146023595,2942869.9285418456,33.95860197125931
San Juan,1995-1999,1,45,5,0.009919412913886516,2.5,0.04839689266421899,83154.57506620012,4024.423044017618,405711.8177209565,0.9488474002141977,2518332.203889286,30.284950670295878
San Juan,1995-1999,1,50,5,0.011109928738862221,2.5,0.054048457418401426,79130.1520221825,4276.862652082578,384958.60348070605,0.9400186328495286,2112620.3861683295,26.698045336448992
San Juan,1995-1999,1,55,5,0.013704641239157746,2.5,0.06625326318848453,74853.28937009993,4959.274681161027,361868.26014759706,0.9216956335878905,1727661.7826876235,23.080639437840606
San Juan,1995-1999,1,60,5,0.01911379926701815,2.5,0.09121054615928173,69894.0146889389,6375.071253042974,333532.3953120871,0.894892491513257,1365793.5225400266,19.540922475528806
San Juan,1995-1999,1,65,5,0.02562230027084698,2.5,0.12039923779624373,63518.943435895926,7647.63237530458,298475.6362412182,0.8493786144796247,1032261.1272279394,16.25123264636336
San Juan,1995-1999,1,70,5,0.04076657140528203,2.5,0.1849803231461373,55871.311060591346,10335.093174586546,253518.82236649038,0.7862910339011296,733785.4909867212,13.13349332703049
San Juan,1995-1999,1,75,5,0.056870818954154474,2.5,0.24895798372213954,45536.2178860048,11336.604991231783,199339.57695194456,0.7046475049513397,480266.6686202309,10.546916079471702
San Juan,1995-1999,1,80,5,0.08695153056639394,2.5,0.3571260181285679,34199.61289477302,12213.571574648715,140464.1355372433,0.4999979008678136,280927.09166828636,8.214335423405409
San Juan,1995-1999,1,85,NA,0.16324187241464697,6.388733382506391,1,21986.041320124303,21986.041320124303,140462.95613104303,0,140462.95613104303,6.388733382506391
San Juan,1995-1999,2,0,1,0.011811142327589945,0.12475491350837421,0.011690292244740164,100000,1169.0292244740122,98976.812915314,0.9879347257008024,7941554.471814142,79.41554471814142
San Juan,1995-1999,2,1,4,3.382343987188943e-4,1.5049798945178077,0.0013517968113495806,98830.97077552599,133.5993911569385,394990.5499350872,0.9985861603169534,7842577.658898828,79.35344151087631
San Juan,1995-1999,2,5,5,1.7668634635921053e-4,2.5,8.830416782765086e-4,98697.37138436905,87.15389246873383,493268.9721906734,0.9990280288652286,7447587.108963741,75.45881926236623
San Juan,1995-1999,2,10,5,2.1230846524929406e-4,2.5,0.0010609791890882285,98610.21749190032,104.6233885903639,492789.5289880257,0.9980919247825715,6954318.1367730675,70.52330188141289
San Juan,1995-1999,2,15,5,5.519748312182679e-4,2.5,0.0027560709515955088,98505.59410330995,271.48840647778707,491849.24950035533,0.996825429742032,6461528.607785041,65.59554984266546
San Juan,1995-1999,2,20,5,7.201394051059306e-4,2.5,0.003594226165797519,98234.10569683216,353.0755930692685,490287.8395014876,0.9949329459170441,5969679.358284687,60.769926248508575
San Juan,1995-1999,2,25,5,0.0013133369775710014,2.5,0.006545194772056142,97881.0301037629,640.6504065186164,487803.52450251795,0.9921941004731246,5479391.518783199,55.98011701526373
San Juan,1995-1999,2,30,5,0.0018232549783520628,2.5,0.009074910203742636,97240.37969724428,882.4477139303344,483995.7792013956,0.9887838331927525,4991587.994280681,51.33246095728829
San Juan,1995-1999,2,35,5,0.0026934216106137346,2.5,0.0133770330781224,96357.93198331395,1288.9832434802665,478567.201807869,0.9864937837648979,4507592.215079285,46.77966953317194
San Juan,1995-1999,2,40,5,0.0027461550473112037,2.5,0.013637150909552984,95068.94873983368,1296.4696007776656,472103.5696972242,0.9854694348408685,4029025.013271416,42.380031195014816
San Juan,1995-1999,2,45,5,0.00311127966828979,2.5,0.015436331480726536,93772.47913905601,1447.5030717599875,465243.6380158801,0.9824050555587625,3556921.443574192,37.93140030242351
San Juan,1995-1999,2,50,5,0.003997025550700024,2.5,0.01978740088619001,92324.97606729603,1826.8713132514822,457057.70205335144,0.976561238170599,3091677.8055583118,33.48690611416759
San Juan,1995-1999,2,55,5,0.005507569797810002,2.5,0.0271638322340376,90498.10475404454,2458.275335037237,446344.8354326296,0.9658001152669807,2634620.1035049604,29.112434019091587
San Juan,1995-1999,2,60,5,0.008461775854249684,2.5,0.04143240006511197,88039.8294190073,3647.701434152521,431079.89350965526,0.9480809751730793,2188275.268072331,24.85551462915368
San Juan,1995-1999,2,65,5,0.012979728945907845,2.5,0.06285891551644623,84392.12798485479,5304.7976432530995,408698.64581614116,0.9200700277564091,1757195.3745626756,20.82179246479039
San Juan,1995-1999,2,70,5,0.020642189592721648,2.5,0.09814607332996261,79087.33034160169,7762.110923177825,376031.3744000638,0.8793989816490612,1348496.7287465343,17.050730160216258
San Juan,1995-1999,2,75,5,0.03138304492450208,2.5,0.1454996680733919,71325.21941842386,10377.795750642523,330681.607715513,0.8117759287502985,972465.3543464706,13.634242730352893
San Juan,1995-1999,2,80,5,0.05408707257798503,2.5,0.2382233533798569,60947.42366778134,14519.09964600172,268439.3692239024,0.5817292497152284,641783.7466309576,10.53012101264953
San Juan,1995-1999,2,85,NA,0.1285348137700899,8.041306363587854,1,46428.32402177962,46428.32402177962,373344.37740705523,0,373344.37740705523,8.041306363587854
San Juan,2000-2004,1,0,1,0.011800534460838825,0.12574262351011917,0.011680034993608826,100000,1168.003499360886,98978.86432491775,0.9879580239921992,7131259.664156629,71.31259664156629
San Juan,2000-2004,1,1,4,3.4840607637899937e-4,1.6178080545642566,0.001392468598146268,98831.99650063911,137.62045161923743,395000.1476711819,0.9985611477130238,7032280.799831711,71.15388789890767
San Juan,2000-2004,1,5,5,1.6512806609649648e-4,2.5,8.252996301527893e-4,98694.37604901988,81.45243205141742,493268.2491649708,0.9989814041523083,6637280.652160529,67.25084972282413
San Juan,2000-2004,1,10,5,2.4255734088049334e-4,2.5,0.0012120517242943307,98612.92361696846,119.52396410763322,492765.80817457323,0.9942766672537569,6144012.4029955575,62.304332714645824
San Juan,2000-2004,1,15,5,0.0020585575675532175,2.5,0.010240088309560937,98493.39965286083,1008.5811103541782,489945.5454884187,0.9852418706064621,5651246.594820985,57.376906622563105
San Juan,2000-2004,1,20,5,0.0039022846110826873,2.5,0.019322914277844185,97484.81854250665,1883.6907920880476,482714.86573231313,0.9805530197816028,5161301.049332566,52.9446648873031
San Juan,2000-2004,1,25,5,0.003953388953041653,2.5,0.019573490710341448,95601.1277504186,1871.2477859209757,473327.5192872906,0.9810996486295602,4678586.1836002525,48.93860871405638
San Juan,2000-2004,1,30,5,0.003676233703856993,2.5,0.018213773301075407,93729.87996449762,1707.1747852103726,464381.4628594622,0.9794210183268216,4205258.664312962,44.86572121831162
San Juan,2000-2004,1,35,5,0.0046510733179857865,2.5,0.022988068608585387,92022.70517928725,2115.4242602090817,454824.96524591354,0.9752325874055201,3740877.2014535,40.651676063697245
San Juan,2000-2004,1,40,5,0.005389372532955201,2.5,0.026588622682836037,89907.28091907817,2390.5107687971176,443560.127673398,0.9696447072409469,3286052.2362075867,36.549345087693474
San Juan,2000-2004,1,45,5,0.006964143175576733,2.5,0.034224849006278125,87516.77015028105,2995.248243910508,430095.730141629,0.959684663651202,2842492.1085341885,32.47939913291076
San Juan,2000-2004,1,50,5,0.009546876917971082,2.5,0.04662165654791818,84521.52190637054,3940.533365226147,412756.27611878735,0.9475785564952762,2412396.3783925595,28.541800052593857
San Juan,2000-2004,1,55,5,0.012053565802673727,2.5,0.05850484889843666,80580.9885411444,4714.378558686323,391118.9963090062,0.9326761846184595,1999640.1022737722,24.815283834012067
San Juan,2000-2004,1,60,5,0.01594975897881213,2.5,0.07669079562863546,75866.60998245807,5818.270681202077,364787.3732092852,0.910466501884658,1608521.1059647661,21.201963635078585
San Juan,2000-2004,1,65,5,0.02181699186758342,2.5,0.10344292566778436,70048.339301256,7246.005155491563,332126.6836175511,0.8741645117812757,1243733.7327554808,17.75536358408971
San Juan,2000-2004,1,70,5,0.032622238761211,2.5,0.15081165894117193,62802.334145764435,9471.32419790054,290333.3602340708,0.8179834044514027,911607.0491379297,14.515496303403095
San Juan,2000-2004,1,75,5,0.0491261793815712,2.5,0.2187633749126626,53331.009947863895,11666.87172369549,237487.87043008074,0.7419092190195544,621273.6889038589,11.649389154850295
San Juan,2000-2004,1,80,5,0.07293363072387003,2.5,0.30843072256137993,41664.138224168404,12850.50025737747,176194.44047739834,0.5409042439919216,383785.8184737782,9.211418616385851
San Juan,2000-2004,1,85,NA,0.14584047364835873,7.204622277674156,1,28813.637966790935,28813.637966790935,207591.37799637986,0,207591.37799637986,7.204622277674156
San Juan,2000-2004,2,0,1,0.009622276961148408,0.1292536228300605,0.009542325983598153,100000,954.232598359813,99169.10542200074,0.9902681752366292,8165015.634417158,81.65015634417158
San Juan,2000-2004,2,1,4,2.210591534215791e-4,1.5084746356246859,8.837498668061031e-4,99045.76740164019,87.53168374890811,395964.98219631385,0.9989991772434215,8065846.528995157,81.43554985330537
San Juan,2000-2004,2,5,5,1.234294696797827e-4,2.5,6.169569717193272e-4,98958.23571789128,61.05297343520215,494638.54615586845,0.9993212870539134,7669881.546798843,77.50624787475023
San Juan,2000-2004,2,10,5,1.4815626432935906e-4,2.5,7.405070447531447e-4,98897.18274445608,73.23406052851351,494302.82857095904,0.9985803464243773,7175243.000642975,72.55255206999514
San Juan,2000-2004,2,15,5,4.203018489424777e-4,2.5,0.0020993033919695487,98823.94868392756,207.4614506799844,493601.08979293786,0.9974552522614222,6680940.172072016,67.60446492013716
San Juan,2000-2004,2,20,5,5.991218604882839e-4,2.5,0.002991129175250328,98616.48723324758,294.97465212407405,492344.9995359277,0.99648954801296,6187339.082279078,62.741426468018396
San Juan,2000-2004,2,25,5,8.078950109743024e-4,2.5,0.004031332820687985,98321.5125811235,396.36674064796534,490616.6460539976,0.9948689481924666,5694994.08274315,57.92215694448661
San Juan,2000-2004,2,30,5,0.0012509443724222846,2.5,0.006235222072206348,97925.14584047554,610.5850307685614,488099.2666254563,0.9924094686879041,5204377.436689152,53.14648645167521
San Juan,2000-2004,2,35,5,0.0017989229332690403,2.5,0.008954344228383142,97314.56080970698,871.3880759240419,484394.33385872474,0.9904308438824508,4716278.170063697,48.46425993008495
San Juan,2000-2004,2,40,5,0.0020483404028473866,2.5,0.010189522985196134,96443.17273378294,982.709925336123,479759.0888555744,0.987741535205094,4231883.836204971,43.879558461711525
San Juan,2000-2004,2,45,5,0.0028904783421122003,2.5,0.014348705156828089,95460.46280844681,1369.7340349727601,473877.97895480215,0.9830799043983218,3752124.7473493973,39.3055369412832
San Juan,2000-2004,2,50,5,0.0039442977943205185,2.5,0.01952891928841569,94090.72877347405,1837.490248005386,465859.91824735684,0.9768229592670553,3278246.768394595,34.8413367727979
San Juan,2000-2004,2,55,5,0.005452900598132975,2.5,0.026897825074570864,92253.23852546867,2481.4114724207175,455062.66394629155,0.9668725813741642,2812386.8501472385,30.48550809813374
San Juan,2000-2004,2,60,5,0.008065247688706185,2.5,0.039529206343289415,89771.82705304795,3548.6090753940225,439987.6125767547,0.953644342598153,2357324.1862009466,26.259064381166677
San Juan,2000-2004,2,65,5,0.010986292063022696,2.5,0.053463058380244,86223.21797765393,4609.756936471822,419591.69754709007,0.9327152913915329,1917336.573624192,22.236894175314813
San Juan,2000-2004,2,70,5,0.017076584384717805,2.5,0.08188704436577098,81613.4610411821,6683.085105123391,391359.59244310204,0.894102544467254,1497744.876077102,18.35168925529749
San Juan,2000-2004,2,75,5,0.028276843618026955,2.5,0.1320493696514052,74930.37593605871,9894.50891009938,349915.60740504507,0.8333083209081016,1106385.283634,14.7655109134662
San Juan,2000-2004,2,80,5,0.04608117674486444,2.5,0.20660444397644023,65035.867025959335,13436.699145424034,291587.5872662366,0.614541604998871,756469.6762289548,11.631576710232936
San Juan,2000-2004,2,85,NA,0.11405517089779751,9.009488099479318,1,51599.1678805353,51599.1678805353,464882.08896271826,0,464882.08896271826,9.009488099479318
San Juan,2005-2009,1,0,1,0.012608582103824581,0.12413020484092324,0.012470860452913485,100000,1247.0860452913475,98907.71500096492,0.9871554822504498,7272580.3819091,72.725803819091
San Juan,2005-2009,1,1,4,3.6300326891386425e-4,1.6154252974553718,0.0014507572879432532,98752.91395470865,143.26650962542044,394670.02612426,0.9985151413850553,7173672.666908136,72.64264293201737
San Juan,2005-2009,1,5,5,1.6507366331304713e-4,2.5,8.250278406452593e-4,98609.64744508323,81.35570449841907,492844.84796417016,0.9990427858352477,6779002.640783875,68.74583589358409
San Juan,2005-2009,1,10,5,2.180206950853551e-4,2.5,0.0010895096363062512,98528.29174058481,107.34752330016636,492373.08989467367,0.9964422830891261,6286157.792819705,63.80053568137092
San Juan,2005-2009,1,15,5,0.0012093686605994874,2.5,0.006028616254086254,98420.94421728465,593.3421040508401,490621.36582629615,0.9889240525314174,5793784.702925032,58.867396050723215
San Juan,2005-2009,1,20,5,0.00325708563624122,2.5,0.016153891659968403,97827.6021132338,1580.2964858916675,485187.26935143984,0.9821497438991835,5303163.337098735,54.209274504760046
San Juan,2005-2009,1,25,5,0.003953589387163744,2.5,0.019574473360475485,96247.30562734214,1883.9903200199478,476526.5523366608,0.9808360099479423,4817976.067747296,50.05829551636399
San Juan,2005-2009,1,30,5,0.003784533393973137,2.5,0.01874531132811153,94363.31530732219,1768.8697233885032,467394.4022281397,0.9810822669271031,4341449.515410635,46.00781035799149
San Juan,2005-2009,1,35,5,0.0038554971001903415,2.5,0.019093448661088062,92594.44558393369,1767.9472930587654,458552.3596870215,0.9782420059535437,3874055.113182495,41.83895792832192
San Juan,2005-2009,1,40,5,0.004955522752947885,2.5,0.024474405086561134,90826.49829087492,2222.9245117647224,448575.18017496285,0.9725954135187014,3415502.7534954734,37.604694860713565
San Juan,2005-2009,1,45,5,0.006175550240198614,2.5,0.030408281525299095,88603.5737791102,2694.2824156228016,436282.16285649396,0.9632533219011788,2966927.573320511,33.485416521878655
San Juan,2005-2009,1,50,5,0.008848265358179843,2.5,0.04328385911300438,85909.2913634874,3718.4856638752244,420250.2426577489,0.9505878028636738,2530645.4104640167,29.45717943076382
San Juan,2005-2009,1,55,5,0.011484066451793366,2.5,0.05581779411688962,82190.80569961217,4587.709470842223,399484.75482095534,0.9350681863576894,2110395.1678062677,25.676779170644217
San Juan,2005-2009,1,60,5,0.015494762004006974,2.5,0.07458463220702427,77603.09622876995,5787.998390349123,373545.48516797693,0.914427849414628,1710910.4129853125,22.046934930813023
San Juan,2005-2009,1,65,5,0.0204872349875767,2.5,0.09744521727601074,71815.09783842083,6998.037812562885,341580.39466069697,0.8857081158885197,1337364.9278173356,18.62233664049748
San Juan,2005-2009,1,70,5,0.028485138844760158,2.5,0.1329574179471382,64817.06002585794,8617.908939962741,302540.5277793829,0.8368797361137594,995784.5331566386,15.3630006168034
San Juan,2005-2009,1,75,5,0.04392861378201506,2.5,0.1979084583341843,56199.1510858952,11122.287351099425,253190.03705172744,0.7625189447237023,693244.0053772557,12.335488917220411
San Juan,2005-2009,1,80,5,0.06696726511759905,2.5,0.2868178140955311,45076.86373479578,12928.847522696236,193062.1998672383,0.5612760848359826,440053.96832552826,9.762302251428405
San Juan,2005-2009,1,85,NA,0.13774532029449094,7.682955204101512,1,32148.01621209954,32148.01621209954,246991.76845828997,0,246991.76845828997,7.682955204101512
San Juan,2005-2009,2,0,1,0.009892431595441918,0.12869838211483609,0.009807894492301825,100000,980.7894492301857,99145.43656608104,0.9898590972236769,8228205.219171513,82.28205219171512
San Juan,2005-2009,2,1,4,2.9680313800104e-4,1.5080425556610249,0.001186335113890915,99019.21055076981,117.46996642612794,395784.1120457574,0.9988674750515724,8129059.782605432,82.09578461986872
San Juan,2005-2009,2,5,5,1.1301223444884259e-4,2.5,5.649015702724626e-4,98901.74058434369,55.86974855877634,494369.0285503215,0.9993688464936108,7733275.6705596745,78.19150224120388
San Juan,2005-2009,2,10,5,1.3953723752354853e-4,2.5,6.974428894824206e-4,98845.87083578491,68.93934976910532,494057.00580450176,0.9986533931468436,7238906.642009353,73.23428465753038
San Juan,2005-2009,2,15,5,3.9964366663933253e-4,2.5,0.0019962238876119667,98776.9314860158,197.1808701773989,493391.70525463554,0.9972208362632969,6744849.636204852,68.28365221245755
San Juan,2005-2009,2,20,5,7.140061680920216e-4,2.5,0.003563669635208655,98579.7506158384,351.30566391610773,492020.4889194018,0.9964455462330578,6251457.930950216,63.4152337766801
San Juan,2005-2009,2,25,5,7.103000674352219e-4,2.5,0.0035452049389081645,98228.4449519223,348.2399681848183,490271.6248391495,0.9954977184404183,5759437.4420308145,58.63309192006204
San Juan,2005-2009,2,30,5,0.0010955450084868164,2.5,0.005462763284811032,97880.20498373748,534.6963900949486,488064.28394345,0.9934876819176076,5269165.817191665,53.8328032523749
San Juan,2005-2009,2,35,5,0.00151927623456463,2.5,0.007567637842010255,97345.50859364253,736.6755545829656,484885.8540817552,0.9912460169054117,4781101.533248215,49.11476248181481
San Juan,2005-2009,2,40,5,0.001999823423714088,2.5,0.00994937463744228,96608.83303905957,961.1974731917144,480641.17151231854,0.9887130350870645,4296215.6791664595,44.47021606636602
San Juan,2005-2009,2,45,5,0.0025436728880981066,2.5,0.012637997113944028,95647.63556586785,1208.7945422369958,475216.1914737468,0.9844042239108503,3815574.5076541407,39.89198985506067
San Juan,2005-2009,2,50,5,0.0037531711646702475,2.5,0.01859141392670088,94438.84102363086,1755.7515842282155,467804.82615758374,0.9781802058904951,3340358.316180394,35.370598367938
San Juan,2005-2009,2,55,5,0.0050857157496893525,2.5,0.025109331442493613,92683.08943940264,2327.210411848253,457597.4211673926,0.9710203368052384,2872553.49002281,30.99328591005721
San Juan,2005-2009,2,60,5,0.006700322621070078,2.5,0.03294967939975247,90355.87902755439,2977.19724584074,444336.40202317,0.9588715190793212,2414956.068855418,26.727160366830887
San Juan,2005-2009,2,65,5,0.010169318363490651,2.5,0.04958595344997812,87378.68178171365,4332.7552473484975,426061.520790197,0.9382157550634351,1970619.6668322477,22.55263671469868
San Juan,2005-2009,2,70,5,0.015502169445184748,2.5,0.07461895790284136,83045.92653436515,6196.800496070238,399737.63143165014,0.9016726291406916,1544558.1460420508,18.598842959538764
San Juan,2005-2009,2,75,5,0.02642730646182289,2.5,0.12394753366568878,76849.12603829491,9525.259636810326,360432.48109944875,0.8406651819699253,1144820.5146104007,14.896988080774292
San Juan,2005-2009,2,80,5,0.044377501947667944,2.5,0.19972884204607663,67323.86640148459,13446.517878433282,303003.03731133975,0.6137077258113103,784388.0335109519,11.650965332758355
San Juan,2005-2009,2,85,NA,0.11344372562903458,8.934830859273868,1,53877.3485230513,53877.3485230513,481384.9961996121,0,481384.9961996121,8.934830859273868
San Juan,2010-2014,1,0,1,0.012335189436139024,0.1246757462396564,0.012203425505999867,100000,1220.3425505999912,98931.80456756408,0.9874329849582051,7445707.862311861,74.4570786231186
San Juan,2010-2014,1,1,4,3.548513343157698e-4,1.6162310789504224,0.0014182057003447838,98779.65744940001,140.0898732728383,394784.68791153847,0.9985269830532736,7346776.057744296,74.37539517190258
San Juan,2010-2014,1,5,5,1.6925169559669055e-4,2.5,8.459005527263149e-4,98639.56757612717,83.43926473332976,492989.2397188025,0.9989757046384533,6951991.369832758,70.47872918205375
San Juan,2010-2014,1,10,5,2.4071301024189068e-4,2.5,0.0012028412023927758,98556.12831139384,118.54737188124273,492484.2731272661,0.9965788443289457,6459002.130113956,65.53628110985002
San Juan,2010-2014,1,15,5,0.0011316207087851558,2.5,0.0056421416331408755,98437.5809395126,555.3987736845011,490799.4077633517,0.9891413934082457,5966517.856986689,60.61219505843976
San Juan,2010-2014,1,20,5,0.0032470806998074475,2.5,0.016104670586442254,97882.1821658281,1576.3603000628063,485470.01007898344,0.9835238877895066,5475718.449223338,55.941932720161404
San Juan,2010-2014,1,25,5,0.0033993726292751176,2.5,0.016853633693670357,96305.82186576529,1623.1030442934716,477471.35171809274,0.9839176981340629,4990248.439144354,51.81668504007943
San Juan,2010-2014,1,30,5,0.003083131976234033,2.5,0.015297747445387103,94682.71882147182,1448.432319973479,469792.51330742537,0.9850320397892951,4512777.087426261,47.662098676478536
San Juan,2010-2014,1,35,5,0.0029481803542848336,2.5,0.014633049598053527,93234.28650149834,1364.3019386155647,462760.6776609528,0.9829413529328009,4042984.574118836,43.36371013097057
San Juan,2010-2014,1,40,5,0.003942532747281534,2.5,0.01952026552127453,91869.98456288278,1793.3264921028604,454866.60658415675,0.977345446814135,3580223.896457883,38.97055075705718
San Juan,2010-2014,1,45,5,0.005237951988983842,2.5,0.025851241046279068,90076.65807077991,2328.5934004309966,444561.8068528221,0.9693519409798913,3125357.289873726,34.69663902737045
San Juan,2010-2014,1,50,5,0.007243263589034557,2.5,0.035572171410275424,87748.06467034892,3121.389197373588,430936.8503583106,0.955694273953237,2680795.4830209045,30.551049679466903
San Juan,2010-2014,1,55,5,0.010964831657224514,2.5,0.05336141106288144,84626.67547297533,4515.798816798502,411843.8803228804,0.9398078535599789,2249858.632662594,26.5856908603371
San Juan,2010-2014,1,60,5,0.013951816713507802,2.5,0.06740792599619741,80110.87665617683,5400.108045130051,387054.11316805903,0.9212198076207804,1838014.7523397133,22.943385830468202
San Juan,2010-2014,1,65,5,0.019061965551449286,2.5,0.09097444826024899,74710.76861104678,6796.770953489118,356561.9156715111,0.8947361462193851,1450960.6391716544,19.421037504319216
San Juan,2010-2014,1,70,5,0.0257546049281287,2.5,0.1209833299746755,67913.99765755766,8216.461588503647,319028.8343165292,0.8505795219859067,1094398.7235001433,16.11447950713229
San Juan,2010-2014,1,75,5,0.039988719923675885,2.5,0.181771568737547,59697.53606905401,10851.314781038229,271359.39339267445,0.7805263496177199,775369.8891836139,12.988306389843615
San Juan,2010-2014,1,80,5,0.06124167397122168,2.5,0.2655513472750199,48846.22128801578,12971.179872326356,211803.15675926302,0.579764392749635,504010.4957909395,10.31831086419363
San Juan,2010-2014,1,85,NA,0.1357561718754363,8.145142904389342,1,35875.041415689426,35875.041415689426,292207.33903167647,0,292207.33903167647,8.145142904389342
San Juan,2010-2014,2,0,1,0.006871307775109688,0.1349076072690503,0.006830703911978212,100000,683.0703911978198,99409.08100087501,0.9929004361524401,8387480.4749474805,83.8748047494748
San Juan,2010-2014,2,1,4,2.2945263978953474e-4,1.5128864447352115,9.172870865603391e-4,99316.92960880218,91.10213700699387,397041.13707534503,0.9990887344460069,8288071.393946606,83.45074124413988
San Juan,2010-2014,2,5,5,1.0590148620930754e-4,2.5,5.293672790925214e-4,99225.82747179519,52.52690630443976,495997.8200932148,0.9993967969413255,7891030.256871261,79.52597078733635
San Juan,2010-2014,2,10,5,1.354614480202926e-4,2.5,6.770779452042632e-4,99173.30056549075,67.14805456600152,495698.6326910387,0.9988794933385459,7395032.436778046,74.56676741230986
San Juan,2010-2014,2,15,5,3.130920382759744e-4,2.5,0.0015642358169292055,99106.152510924745,155.02539343562967,495143.1990710347,0.9978002186566334,6899333.804087007,69.61559529138692
San Juan,2010-2014,2,20,5,5.680701291424812e-4,2.5,0.002836322570390277,98951.12711748912,280.65731520889676,494053.9922994233,0.9967624959252445,6404190.605015973,64.72074438739833
San Juan,2010-2014,2,25,5,7.292925884866753e-4,2.5,0.003639826695851725,98670.46980228022,359.14341007857,492454.4904862047,0.9959279782006285,5910136.612716549,59.89772446162985
San Juan,2010-2014,2,30,5,9.031939567427762e-4,2.5,0.004505795764950829,98311.32639220165,442.9707581046823,490449.2050657465,0.9947290198153349,5417682.122230344,55.10740543380657
San Juan,2010-2014,2,35,5,0.0012115843542465864,2.5,0.006039627974334997,97868.35563409697,591.0884584898449,487864.0570242602,0.9930565774723485,4927232.917164599,50.34551653842204
San Juan,2010-2014,2,40,5,0.001576732577311423,2.5,0.00785270883196835,97277.26717560712,763.8900550996332,484476.61074028653,0.9896812776360084,4439368.860140338,45.63624152934199
San Juan,2010-2014,2,45,5,0.0025773513412095835,2.5,0.012804254052658398,96513.37712050749,1235.781800131008,479477.4311022099,0.98453157168594,3954892.2494000513,40.9776589255802
San Juan,2010-2014,2,50,5,0.0036667386686569576,2.5,0.018167157793333763,95277.59532037648,1730.9231083546765,472060.6688309957,0.9792307286138265,3475414.8182978416,36.476726838157035
San Juan,2010-2014,2,55,5,0.004739403850594148,2.5,0.023419532694393428,93546.6722120218,2190.8193483211508,462256.31268930616,0.9715575111445799,3003354.1494668457,32.10540875959541
San Juan,2010-2014,2,60,5,0.006831908163371882,2.5,0.03358590133312938,91355.85286370065,3068.268660484129,449108.592667293,0.9608968392794126,2541097.8367775395,27.815380811657
San Juan,2010-2014,2,65,5,0.009167847956987045,2.5,0.044812162063871626,88287.58420321652,3956.357531542264,431547.027187227,0.9416473410218337,2091989.2441102467,23.695169179111264
San Juan,2010-2014,2,70,5,0.015051511342770134,2.5,0.07252840156671468,84331.22667167426,6116.409072656825,406365.11067672924,0.9068691893435065,1660442.2169230196,19.6895299932918
San Juan,2010-2014,2,75,5,0.024480722446749738,2.5,0.11534433085978736,78214.81759901743,9021.635799278985,368519.9984968897,0.8557494420207473,1254077.1062462905,16.033753510435147
San Juan,2010-2014,2,80,5,0.03881919065761528,2.5,0.1769256745560319,69193.18179973845,12242.050364596871,315360.7830872,0.6438843070339374,885557.1077494008,12.798329036413067
San Juan,2010-2014,2,85,NA,0.11099396417884003,10.012028036906784,1,56951.13143514158,56951.13143514158,570196.3246622008,0,570196.3246622008,10.012028036906784
San Juan,2015-2019,1,0,1,0.009860846546852105,0.12961317375808398,0.00977693356123711,100000,977.6933561237092,99149.02858272567,0.9898568405698904,7580095.076199438,75.80095076199439
San Juan,2015-2019,1,1,4,3.2941774969873157e-4,1.6235420991799927,0.0013166402703641798,99022.30664387629,130.3767565916787,395779.39170221955,0.9986003226864233,7480946.047616713,75.54808912421298
San Juan,2015-2019,1,5,5,1.8126512687465765e-4,2.5,9.05915107331118e-4,98891.92988728461,89.58769327800837,494235.680203228,0.9990863798318834,7085166.655914493,71.64554948002379
San Juan,2015-2019,1,10,5,1.8435136749939414e-4,2.5,9.213322153624123e-4,98802.3421940066,91.02978081660694,493784.13651799154,0.9971633724020159,6590930.975711265,66.70824627587699
San Juan,2015-2019,1,15,5,9.530029862660322e-4,2.5,0.004753689231247263,98711.31241319,469.2429028208571,492383.45480889786,0.9906061396624941,6097146.839193273,61.76745795529065
San Juan,2015-2019,1,20,5,0.002831136449135865,2.5,0.014056194732570497,98242.06951036914,1380.9096599684854,487758.07340192446,0.986075859755232,5604763.384384375,57.05054272897631
San Juan,2015-2019,1,25,5,0.0027771896266187146,2.5,0.013790203110524786,96861.15985040065,1335.735067858026,480966.4615823582,0.9850105421914023,5117005.310982451,52.82824734791037
San Juan,2015-2019,1,30,5,0.003267572639029618,2.5,0.016205481723443542,95525.42478254263,1548.0355254376773,473757.03509911895,0.9835714547794518,4636038.849400093,48.53198883913609
San Juan,2015-2019,1,35,5,0.0033590294158449777,2.5,0.016655283114448242,93977.38925710495,1565.2200244337873,465973.89622444025,0.9817460102299008,4162281.814300974,44.290247337194394
San Juan,2015-2019,1,40,5,0.00401587218192157,2.5,0.019879774327842697,92412.16923267116,1837.1330694919016,457468.01348962606,0.9782142757064285,3696307.9180765334,39.998064635515014
San Juan,2015-2019,1,45,5,0.0048030555801427104,2.5,0.02373033263426938,90575.03616317926,2149.3757365132333,447501.7414746132,0.9716176413636963,3238839.9045869075,35.758637719468744
San Juan,2015-2019,1,50,5,0.006741219586323899,2.5,0.0331474621292627,88425.66042666603,2931.086230247951,434800.58655771025,0.9590710347906254,2791338.1631122944,31.567060394502025
San Juan,2015-2019,1,55,5,0.010041348500873449,2.5,0.0489772484535279,85494.57419641808,4187.2890018465405,417004.64847747405,0.9423395831418651,2356537.576554584,27.56359217768131
San Juan,2015-2019,1,60,5,0.01381966594140191,2.5,0.06679076457114928,81307.28519457154,5430.575743349924,392959.9866144829,0.9259354430131306,1939532.9280771099,23.85435602032132
San Juan,2015-2019,1,65,5,0.01707047394352922,2.5,0.08185894236109621,75876.70945122161,6211.187185517192,363855.57929231506,0.9036659992746511,1546572.9414626271,20.38270969640378
San Juan,2015-2019,1,70,5,0.023751171742478167,2.5,0.11209961565327407,69665.52226570442,7809.478270270083,328803.9156528469,0.8608115899264175,1182717.362170312,16.977083120965148
San Juan,2015-2019,1,75,5,0.03708615527549258,2.5,0.16969723166874237,61856.04399543434,10496.799428005143,283038.2214071588,0.7973390127758604,853913.446517465,13.804850607331005
San Juan,2015-2019,1,80,5,0.05515626215385747,2.5,0.24236187322943115,51359.244567429196,12447.522721010624,225677.4160346194,0.6046817130818501,570875.2251103063,11.115335319249258
San Juan,2015-2019,1,85,NA,0.12605025691375468,8.871306452028897,1,38911.72184641857,38911.72184641857,345197.80907568685,0,345197.80907568685,8.871306452028897
San Juan,2015-2019,2,0,1,0.007650205909608535,0.13330676130015887,0.007599816226896816,100000,759.9816226896801,99341.32906607872,0.992181599419651,8498192.402006496,84.98192402006495
San Juan,2015-2019,2,1,4,2.1332111897446655e-4,1.511635098998839,8.528317750654692e-4,99240.01837731032,84.6350410302548,396749.4706437468,0.9990959621457169,8398851.072940417,84.63169606648
San Juan,2015-2019,2,5,5,1.086282019447269e-4,2.5,5.429935486914797e-4,99155.38333628007,53.84073346963851,495642.31484772626,0.9994229455591981,8002101.602296671,80.70264400227248
San Juan,2015-2019,2,10,5,1.222641274336952e-4,2.5,6.11133837804915e-4,99101.54260281043,60.56430606322829,495356.30224889406,0.9990212354421308,7506459.2874489445,75.74513060340665
San Juan,2015-2019,2,15,5,2.695054781241505e-4,2.5,0.0013466200868948268,99040.9782967472,133.3705708001071,494871.46505673573,0.9980824366582177,7011102.98520005,70.78992055382712
San Juan,2015-2019,2,20,5,4.984757173510986e-4,2.5,0.002489276477061522,98907.60772594709,246.20838131464552,493922.51767644886,0.9973817821940194,6516231.520143314,65.88200513552475
San Juan,2015-2019,2,25,5,5.502520848474333e-4,2.5,0.002747480906494973,98661.39934463245,271.07031090745295,492629.3209458936,0.9962301385132639,6022309.002466866,61.04017419650051
San Juan,2015-2019,2,30,5,9.613165400479091e-4,2.5,0.004795058776957567,98390.329033725,471.7874108008982,490772.17664162273,0.9948028975162326,5529679.681520972,56.20145532418719
San Juan,2015-2019,2,35,5,0.0011233626844566623,2.5,0.005601083302347336,97918.5416229241,548.4499084743584,488221.5833434346,0.993387778734497,5038907.50487935,51.46019764350403
San Juan,2015-2019,2,40,5,0.00153165345327967,2.5,0.007629054596852031,97370.09171444974,742.8417457900214,484993.35420777363,0.9910794903026783,4550685.921535915,46.73597242653713
San Juan,2015-2019,2,45,5,0.0020548810116401725,2.5,0.010221893122997209,96627.24996865971,987.7134219487925,480666.9662884266,0.9876545442467609,4065692.567328141,42.07604551145579
San Juan,2015-2019,2,50,5,0.00291934189585933,2.5,0.014490949390133168,95639.53654671092,1385.9076837941684,474732.9135240692,0.9823197226265081,3585025.6010397146,37.48476551105794
San Juan,2015-2019,2,55,5,0.004227512649785584,2.5,0.020916501314190428,94253.62886291675,1971.456151978433,466339.5039346377,0.9746763795268798,3110292.6875156453,32.99918236611643
San Juan,2015-2019,2,60,5,0.006055277078046551,2.5,0.029824890451467703,92282.17271093832,2752.305691727146,454530.09932537377,0.96404223801147515,2643953.1835810076,28.65074700682266
San Juan,2015-2019,2,65,5,0.008638446936247435,2.5,0.0422791687909637,89529.86701921117,3785.2483595377707,438186.21419721143,0.9490999470802706,2189423.084255634,24.45466699716901
San Juan,2015-2019,2,70,5,0.012350200068710968,2.5,0.05990151122348442,85744.6186596734,5136.232236995813,415882.5127058775,0.9170822169391404,1751236.8700584227,20.423869129434333
San Juan,2015-2019,2,75,5,0.022699069692040896,2.5,0.1074006134367809,80608.38642267759,8657.390149944651,381398.45673852635,0.8658312652631247,1335354.357352545,16.56594824204134
San Juan,2015-2019,2,80,5,0.0357672741158151,2.5,0.16415768801541133,71950.99627273294,11811.309198537318,330226.7083673214,0.6538344087449228,953955.9006140188,13.25841128033882
San Juan,2015-2019,2,85,NA,0.10544434016212711,10.371340833170438,1,60139.68707419562,60139.68707419562,623729.1922466974,0,623729.1922466974,10.371340833170438
San Juan,2020-2024,1,0,1,0.011421354544090656,0.1264992580749943,0.011308534254723135,100000,1130.8534254723054,99012.1986938415,0.9882033974407798,7514549.963532856,75.14549963532856
San Juan,2020-2024,1,1,4,4.114713874312028e-4,1.6189273862905191,0.0016442745827979827,98869.1465745277,162.56802473543212,395089.5000265484,0.9984694327187228,7415537.764839015,75.00355795272465
San Juan,2020-2024,1,5,5,1.51982692842817e-4,2.5,7.596248396423872e-4,98706.57854979226,74.97996890253853,493345.442826705,0.9990864254208008,7020448.264812467,71.12442116784568
San Juan,2020-2024,1,10,5,2.1364231702672562e-4,2.5,0.0010676413517032995,98631.59858088972,105.30317322956398,492894.73497137474,0.9966156975558078,6527102.821985762,66.17658961121629
San Juan,2020-2024,1,15,5,0.0011439501338842092,2.5,0.005703439543348013,98526.29540766016,561.938769287648,491226.6301150817,0.9912917478946598,6034208.087014386,61.24464603126896
San Juan,2020-2024,1,20,5,0.0023599013239243155,2.5,0.011730300739011518,97964.35663837251,1149.1513650718844,486948.90477918286,0.9870365527706374,5542981.456899305,56.581614447393065
San Juan,2020-2024,1,25,5,0.00286258655759965,2.5,0.01421123059383609,96815.20527330063,1375.863207128452,480636.368348682,0.9857235725411527,5056032.552120122,52.223538005702686
San Juan,2020-2024,1,30,5,0.002889232341879882,2.5,0.014342564208457994,95439.34206617218,1368.8448915970512,473774.59810186824,0.9840454356230319,4575396.18377144,47.940357558197775
San Juan,2020-2024,1,35,5,0.003549219662500728,2.5,0.017590021189826794,94070.49717457512,1654.7020386383228,466215.7307762798,0.979009261693294,4101621.5856695715,43.60157231929817
San Juan,2020-2024,1,40,5,0.004951000822809519,2.5,0.024452345161511926,92415.7951359368,2259.7829210394993,456429.5183770853,0.9742041395803851,3635405.854893292,39.337494738273676
San Juan,2020-2024,1,45,5,0.005509464728150585,2.5,0.02717305122258527,90156.0122148973,2449.8139379394415,444655.5262296379,0.9705317479210475,3178976.3365162066,35.26083572705887
San Juan,2020-2024,1,50,5,0.006468450019154925,2.5,0.03182756260098464,87706.19827695786,2791.4745161542523,431552.3050944036,0.9607691204469722,2734320.810286569,31.175913036980063
San Juan,2020-2024,1,55,5,0.00960053940718357,2.5,0.04687757209049806,84914.72376080361,3980.5960846417875,414622.12859241356,0.9446562698653007,2302768.5051921653,27.11860091164916
San Juan,2020-2024,1,60,5,0.013271443853841,2.5,0.06422628057763713,80934.12767616182,5198.097992435476,391675.39339972043,0.925309669903377,1888146.3765997516,23.329421479091106
San Juan,2020-2024,1,65,5,0.017945006655493,2.5,0.08587257351915131,75736.02968372634,6503.647777064427,362421.02897597064,0.8971362410769096,1496470.983200031,19.759036609778647
San Juan,2020-2024,1,70,5,0.02586061720780964,2.5,0.12145108593213862,69232.38190666192,8408.347964232627,325141.039622728,0.8485990577001211,1134049.9542240605,16.380339993978108
San Juan,2020-2024,1,75,5,0.04089064134266831,2.5,0.1854910833132761,60824.03394242929,11282.315947464689,275914.3798434847,0.7845666876663797,808908.9146013325,13.299165842353943
San Juan,2020-2024,1,80,5,0.05771680636284579,2.5,0.25219439426522594,49541.7179949646,12494.143560598743,216473.23107332614,0.5938546890135091,532994.5347578478,10.758499227096264
San Juan,2020-2024,1,85,NA,0.1265293813660173,8.54364444952466,1,37047.57443436586,37047.57443436586,316521.3036845216,0,316521.3036845216,8.54364444952466
San Juan,2020-2024,2,0,1,0.007420647803656017,0.1337785651885799,0.007373253091765328,100000,737.3253091765218,99361.31301276234,0.9924137573213654,8521523.532230034,85.21523532230034
San Juan,2020-2024,2,1,4,2.0776123428568739e-4,1.5120037172196978,8.306155843233175e-4,99262.67469082348,82.44912453980942,396845.56564792036,0.9991500149361664,8422162.219217272,84.84722223585091
San Juan,2020-2024,2,5,5,9.360313875990911e-5,2.5,4.679062000771144e-4,99180.22556628367,46.407042467515566,495785.1102252496,0.999482343184988,8025316.653569352,80.91649930969263
San Juan,2020-2024,2,10,5,1.1351835079269987e-4,2.5,5.674307194648425e-4,99133.81852381615,56.25157396827126,495528.46368416003,0.9989627832961645,7529531.543344102,75.95320805215617
San Juan,2020-2024,2,15,5,3.0168123956241785e-4,2.5,0.0015072694105517648,99077.56694984788,149.3365859353944,495014.4932844009,0.9980488762724001,7034003.079659943,70.99491132256496
San Juan,2020-2024,2,20,5,4.797042137512208e-4,2.5,0.002395648062580392,98928.23036391249,236.9972234058223,494048.6587610479,0.9972798703953968,6538988.586375541,66.09830745300448
San Juan,2020-2024,2,25,5,6.100069259884529e-4,2.5,0.0030453903569171194,98691.23314050667,300.5533297183574,492704.78237823746,0.9966880863600932,6044939.927614493,61.251032490477805
San Juan,2020-2024,2,30,5,7.171336145740414e-4,2.5,0.0035792510697274533,98390.67981078831,352.1649459639739,491072.98668903165,0.995332997115164,5552235.145236256,56.430498863444846
San Juan,2020-2024,2,35,5,0.0011550581993086703,2.5,0.005758662022079228,98038.51486482433,564.5706722531031,488781.1476434889,0.9935502447110247,5061162.1585472245,51.62422304668286
San Juan,2020-2024,2,40,5,0.0014340934682129318,2.5,0.007144851379328541,97473.94419257123,696.4368446128938,485628.6288513239,0.991497756049723,4572381.010903736,46.908751346620996
San Juan,2020-2024,2,45,5,0.0019836697560807783,2.5,0.00986940468146105,96777.50734795834,955.1363840800768,481499.69577959145,0.9878983707662272,4086752.382052412,42.22832860696352
San Juan,2020-2024,2,50,5,0.0028919796023273497,2.5,0.014356104110992059,95822.37096387826,1375.6359337195317,475672.76498509245,0.98121420618399,3605252.68627282,37.62433187581923
San Juan,2020-2024,2,55,5,0.004710834693326832,2.5,0.023280002853872238,94446.73503015873,2198.7202610410022,466736.8744981911,0.9719172463844766,3129579.9212877275,33.13592492412141
San Juan,2020-2024,2,60,5,0.006710722314214822,2.5,0.03299997735997862,92248.01476911773,3044.1823988838732,453629.61784837896,0.9611033852823029,2662843.0467895367,28.866128484761585
San Juan,2020-2024,2,65,5,0.009206006043007654,2.5,0.04499448154258078,89203.83237023385,4013.680189109946,435984.9613783944,0.9461298431707799,2209213.4289411576,24.765902655078563
San Juan,2020-2024,2,70,5,0.013044781091904187,2.5,0.06316400394852911,85190.1521811239,5380.951108744295,412498.3831337588,0.9165901280624625,1773228.4675627633,20.81494658904563
San Juan,2020-2024,2,75,5,0.02216821571716313,2.5,0.10502077082948849,79809.20107237961,8381.623815906947,378091.9458221307,0.8687670367892181,1360730.0844290045,17.04978957495073
San Juan,2020-2024,2,80,5,0.03490575526348741,2.5,0.1605210087060806,71427.57725647266,11465.626750640506,328473.8194057621,0.6657225009895781,982638.1386068737,13.757125417799726
San Juan,2020-2024,2,85,NA,0.10522997478947077,10.909657102256618,1,59961.95050583216,59961.95050583216,654164.3192011117,0,654164.3192011117,10.909657102256618
San Lorenzo,1980-1984,1,0,1,0.014505658317993343,0.1203446841093602,0.014322898428383928,100000,1432.2898428383924,98740.07862585103,0.985126226082088,7231141.232316154,72.31141232316153
San Lorenzo,1980-1984,1,1,4,4.757326461936321e-4,1.6098451070352793,0.0019007692681063367,98567.71015716161,187.35447429434862,393823.03441519296,0.9980707321001729,7132401.153690303,72.36042251887584
San Lorenzo,1980-1984,1,5,5,2.3510499331722692e-4,2.5,0.0011748344429764724,98380.35568286726,115.58063036850945,491612.826838415,0.9987725684766894,6738578.11927511,68.49515914535995
San Lorenzo,1980-1984,1,10,5,2.5618206194557875e-4,2.5,0.0012800904691882098,98264.77505249875,125.78780200162146,491009.4057574897,0.9963939813901915,6246965.292436695,63.57278372742626
San Lorenzo,1980-1984,1,15,5,0.0011905184135323312,2.5,0.005934927965098063,98138.98725049713,582.4478198993893,489238.8167027372,0.9930847662377644,5755955.886679205,58.651062619866686
San Lorenzo,1980-1984,1,20,5,0.0015865464308054806,2.5,0.007901392339490871,97556.53943059774,770.8324933241674,485855.61591967824,0.9904591091336392,5266717.069976468,53.98630476968937
San Lorenzo,1980-1984,1,25,5,0.002251289220500293,2.5,0.011193446886710728,96785.70693727357,1083.3656699951098,481220.1205113801,0.9884443020088979,4780861.454056789,49.39635825727084
San Lorenzo,1980-1984,1,30,5,0.0023987087295882837,2.5,0.011922049835404491,95702.34126727846,1140.9680819533824,475659.2861315088,0.9853799548092903,4299641.333545409,44.927232464849816
San Lorenzo,1980-1984,1,35,5,0.0035004866192586267,2.5,0.017350594288435998,94561.37318532508,1640.696021495969,468705.12587288546,0.9799955602616497,3823982.0474139005,40.439155213191654
San Lorenzo,1980-1984,1,40,5,0.004593173131192271,2.5,0.022705144012417144,92920.67716382911,2109.7773567360564,459328.94242730545,0.9747030906108564,3355276.921541015,36.10904509041946
San Lorenzo,1980-1984,1,45,5,0.005668998772746505,2.5,0.027948888329631754,90810.89980709305,2538.0636978218245,447709.3397909107,0.9651096185530156,2895947.9791137096,31.889872088763436
San Lorenzo,1980-1984,1,50,5,0.008586748745155132,2.5,0.042031459764794686,88272.83610927123,3710.2361592511443,432088.5901482283,0.9465381553702089,2448238.639322799,27.73490404559079
San Lorenzo,1980-1984,1,55,5,0.013520838049846802,2.5,0.06539374467129982,84562.59995002009,5529.865069872889,408988.3370754182,0.926689424906808,2016150.0491745707,23.842101004063224
San Lorenzo,1980-1984,1,60,5,0.01705360130662899,2.5,0.08178134059123363,79032.7348801472,6463.4030090899905,379005.166878011,0.8931889569829052,1607161.7120991526,20.33539285381439
San Lorenzo,1980-1984,1,65,5,0.02874063287450629,2.5,0.13407002122385148,72569.3318710572,9729.371864153356,338523.2296949026,0.8540515783445027,1228156.5452211415,16.923905919422783
San Lorenzo,1980-1984,1,70,5,0.03470368364068186,2.5,0.15966592852416356,62839.96000690385,10033.400562923613,289116.2986272102,0.8024870049637751,889633.3155262389,14.15712733471664
San Lorenzo,1980-1984,1,75,5,0.05520527323156832,2.5,0.24255111475162872,52806.55944398024,12808.28985933555,232012.0725715623,0.7256146072885812,600517.0168990287,11.372015583330823
San Lorenzo,1980-1984,1,80,5,0.07517611043806448,2.5,0.3164136781571771,39998.26958464469,12655.999599199771,168351.34892522398,0.543150366048763,368504.9443274664,9.213022167062329
San Lorenzo,1980-1984,1,85,NA,0.14745929088241724,7.320299137883942,1,27342.269985444917,27342.269985444917,200153.5954022424,0,200153.5954022424,7.320299137883942
San Lorenzo,1980-1984,2,0,1,0.011707597808057534,0.12496772545303358,0.011588875274696672,100000,1158.887527469662,98985.93601089412,0.9881406617558155,7840775.051291617,78.40775051291617
San Lorenzo,1980-1984,2,1,4,2.841241591070565e-4,1.5051448999280685,0.0011356916030169893,98841.11247253034,112.25302146791364,395084.3948670136,0.998810490064506,7741789.115280723,78.32559672405853
San Lorenzo,1980-1984,2,5,5,1.310424604346122e-4,2.5,6.549977208907494e-4,98728.85945106242,64.66717792658892,493482.6293104956,0.9992411049231308,7346704.720413709,74.41294026145717
San Lorenzo,1980-1984,2,10,5,1.7264659096096323e-4,2.5,8.628605299823757e-4,98664.19227313584,85.13343723508297,493108.1277725914,0.9983645209315134,6853222.091103214,69.46007394588686
San Lorenzo,1980-1984,2,15,5,4.823338834040258e-4,2.5,0.0024087648447656718,98579.05883590075,237.45377135400486,492301.65975111874,0.9966238591208878,6360113.963330622,64.517901047503
San Lorenzo,1980-1984,2,20,5,8.710633006584784e-4,2.5,0.004345852721253515,98341.60506454675,427.378131982201,490639.5799927782,0.9947771001838134,5867812.303579504,59.667648293193416
San Lorenzo,1980-1984,2,25,5,0.0012244920249884286,2.5,0.006103775065217937,97914.22693256455,597.6464168810926,488077.01862062,0.9934802189683665,5377172.723586725,54.917174878887515
San Lorenzo,1980-1984,2,30,5,0.0013924991773882297,2.5,0.006938341798822901,97316.58051568345,675.2156983104796,484894.8633326411,0.9922711165337127,4889095.7049661055,50.23908237484961
San Lorenzo,1980-1984,2,35,5,0.0017122882857479639,2.5,0.008524948505085166,96641.36481737297,823.8626585292368,481147.1674405418,0.9900376330203371,4404200.841633464,45.572626689991985
San Lorenzo,1980-1984,2,40,5,0.0022955273924123295,2.5,0.011412144734948528,95817.50215884374,1093.4832027779776,476353.8027872738,0.98690370800915,3923053.6741929227,40.942975821780315
San Lorenzo,1980-1984,2,45,5,0.0029820431112418033,2.5,0.014799880849373831,94724.01895606576,1401.9041941235919,470115.33429501986,0.9825921912723572,3446699.8714056485,36.38675712233317
San Lorenzo,1980-1984,2,50,5,0.00405161003229654,2.5,0.02005491344025427,93322.11476194217,1871.5669336122228,461931.6564756803,0.9729370060250867,2976584.537110629,31.895811027254116
San Lorenzo,1980-1984,2,55,5,0.006962000125107943,2.5,0.03421449728951445,91450.54782832995,3128.9345207970036,449430.40283965727,0.9578358247990506,2514652.8806349486,27.49740641636647
San Lorenzo,1980-1984,2,60,5,0.010339632010892419,2.5,0.05039548317681366,88321.61330753294,4451.010377588813,430480.5405936927,0.9396931951107463,2065222.4777952912,23.382979550025368
San Lorenzo,1980-1984,2,65,5,0.014667648990673663,2.5,0.0707441201471859,83870.60292994413,5933.35201049289,404519.6346234884,0.9114173764514624,1634741.9372015987,19.49123864731334
San Lorenzo,1980-1984,2,70,5,0.022783634551263372,2.5,0.10777916971855167,77937.25091945124,8400.01219424489,368686.22411164397,0.8566308918825439,1230222.3025781102,15.784779268767828
San Lorenzo,1980-1984,2,75,5,0.040348776845720205,2.5,0.18325826693442468,69537.23872520635,12743.273856186686,315828.00898556504,0.7761289112579595,861536.0784664662,12.389564127949338
San Lorenzo,1980-1984,2,80,5,0.06339109127033107,2.5,0.27359650396623725,56793.96486901966,15538.630234545075,245123.24875873563,0.5508161552532906,545708.0694809011,9.608557365900289
San Lorenzo,1980-1984,2,85,NA,0.12729249977496584,7.285962491526731,1,41255.33463447459,41255.33463447459,300584.8207221655,0,300584.8207221655,7.285962491526731
San Lorenzo,1985-1989,1,0,1,0.013444960506086567,0.12246125355812956,0.013288180259597224,100000,1328.8180259597284,98833.91069524994,0.9861896779665379,7095722.877645706,70.95722877645706
San Lorenzo,1985-1989,1,1,4,4.503162381503827e-4,1.6129627128778337,0.001799330812952546,98671.18197404027,177.54209807633015,394260.928288019,0.9981278111840947,6996888.966950456,70.91117007994583
San Lorenzo,1985-1989,1,5,5,2.4099480400057927e-4,2.5,0.001204248475939329,98493.63987596394,118.61081571035902,492171.6723405438,0.9986801949656363,6602628.038662436,67.03608524344646
San Lorenzo,1985-1989,1,10,5,2.873063981755934e-4,2.5,0.001435500919381154,98375.02906025358,141.21744466014206,491522.10168961756,0.9967762290172583,6110456.3663218925,62.11389642974649
San Lorenzo,1985-1989,1,15,5,0.0010054433139012632,2.5,0.005014611799741665,98233.81161559344,492.6044308611599,489937.54700081435,0.9934083828957994,5618934.264632275,57.19959525361975
San Lorenzo,1985-1989,1,20,5,0.0016420271419735212,2.5,0.00817657033382661,97741.20718473228,799.1878550590773,486708.0662860137,0.9898361892797618,5128996.717631461,52.47527491590711
San Lorenzo,1985-1989,1,25,5,0.0024483820377240273,2.5,0.012167433872274955,96942.0193296732,1179.535609638595,481761.2576242695,0.9852339650064222,4642288.651345448,47.88726997276896
San Lorenzo,1985-1989,1,30,5,0.0035098586554357793,2.5,0.017396643874482927,95762.48372003461,1665.945825813411,474647.5540356395,0.9808362678830538,4160527.3937211777,43.446318768053715
San Lorenzo,1985-1989,1,35,5,0.004236827620895237,2.5,0.02096210602992686,94096.5378942212,1972.4616043877031,465551.5354601368,0.9752378928130437,3685879.8396855383,39.17125881750322
San Lorenzo,1985-1989,1,40,5,0.005811930910044933,2.5,0.028643469880303966,92124.0762898335,2638.753204458655,454023.4984380208,0.9698719939496462,3220328.3042254015,34.95642435636325
San Lorenzo,1985-1989,1,45,5,0.006433087612611871,2.5,0.03165631838883901,89485.32308537484,2832.775878718763,440344.6757300773,0.9634538161309095,2766304.805787381,30.91350302382152
San Lorenzo,1985-1989,1,50,5,0.008495877849024074,2.5,0.04159590492692347,86652.54720665608,3604.3911152837973,424251.7582450709,0.943449013873711,2325960.1300573032,26.84237457567362
San Lorenzo,1985-1989,1,55,5,0.014971149891288357,2.5,0.07215513606288249,83048.15609137228,5992.351002544485,400259.9029505002,0.9223547450364764,1901708.3718122325,22.89886327783017
San Lorenzo,1985-1989,1,60,5,0.01744117670634941,2.5,0.08356232053561152,77055.8050888278,6438.961883962227,369181.6207342334,0.89779869086605,1501448.4688617322,19.485209026508826
San Lorenzo,1985-1989,1,65,5,0.026107575323617568,2.5,0.1225398318900552,70616.84320486557,8653.376094930609,331450.77578700136,0.8428411245815206,1132266.8481274988,16.03394879664466
San Lorenzo,1985-1989,1,70,5,0.04360961250202857,2.5,0.1966125677758128,61963.46710993496,12182.796376776445,279360.34460773366,0.7785272583954674,800816.0723404975,12.924003605539014
San Lorenzo,1985-1989,1,75,5,0.05777509220741547,2.5,0.2524169322049435,49780.67073315851,12565.484189568277,217489.64319187187,0.7023440655421884,521455.72773276386,10.475064318195823
San Lorenzo,1985-1989,1,80,5,0.08726105136005857,2.5,0.3581696140764493,37215.18654359024,13329.349002100786,152752.56021269923,0.4974684085449352,303966.084540892,8.167796880041319
San Lorenzo,1985-1989,1,85,NA,0.17137686094448537,6.330677082833558,1,23885.83754148945,23885.83754148945,151213.52432819273,0,151213.52432819273,6.330677082833558
San Lorenzo,1985-1989,2,0,1,0.00983501264006215,0.12881639357125946,0.009751461128598447,100000,975.1461128598457,99150.4686926038,0.989976320739557,7880055.240865635,78.80055240865634
San Lorenzo,1985-1989,2,1,4,2.6533929497093387e-4,1.5081343727437704,0.0010606558849584255,99024.85388714015,105.03129403253843,395837.6916771747,0.9988958322651579,7780904.772173031,78.57527142671702
San Lorenzo,1985-1989,2,5,5,1.2741852485824277e-4,2.5,6.368897454115697e-4,98919.82259310762,63.001020627474645,494441.6104139694,0.9993126484044038,7385067.080495857,74.65709993105489
San Lorenzo,1985-1989,2,10,5,1.476235826853428e-4,2.5,7.378456048975551e-4,98856.82157248014,72.94107131140481,494101.7551841222,0.9984367849161847,6890625.470081887,69.70308533569226
San Lorenzo,1985-1989,2,15,5,4.7841030905211617e-4,2.5,0.0023891940076516158,98783.88050116874,236.01385534595465,493329.36786747875,0.9965320664451278,6396523.714897765,64.75270745030194
San Lorenzo,1985-1989,2,20,5,9.119256103203188e-4,2.5,0.004549256592614784,98547.86664582278,448.3195320266386,491618.53439904726,0.9950879796533108,5903194.347030287,59.90179745083817
San Lorenzo,1985-1989,2,25,5,0.0010580798380483267,2.5,0.005276441948136743,98099.54711379614,517.6165654844372,489203.6941552696,0.9942889732222313,5411575.812631239,55.16412635782889
San Lorenzo,1985-1989,2,30,5,0.001233374709049648,2.5,0.006147916832412146,97581.9305483117,599.9255933572422,486409.8387581655,0.9930838030416455,4922372.11847597,50.44347955422914
San Lorenzo,1985-1989,2,35,5,0.0015437811689169407,2.5,0.0076892296248389416,96982.00495495446,745.716905575915,483045.73251083255,0.991326339508144,4435962.279717804,45.74005540283674
San Lorenzo,1985-1989,2,40,5,0.0019425318899333201,2.5,0.00966571952860792,96236.28804937855,930.192968759613,478855.9578249937,0.9880893167264158,3952916.5472069713,41.07511446387814
San Lorenzo,1985-1989,2,45,5,0.002855755417788477,2.5,0.014177557993812782,95306.09508061894,1351.2076901693217,473152.4561776714,0.9837119366281543,3474060.589381978,36.45160979938679
San Lorenzo,1985-1989,2,50,5,0.0037200625454370927,2.5,0.018428920881376383,93954.88739044961,1731.487186137223,465445.718986905,0.9744514387744929,3000908.1332043065,31.939883241341043
San Lorenzo,1985-1989,2,55,5,0.006669764840143854,2.5,0.032801872264910784,92223.40020431239,3025.10019333761,453554.2505382179,0.96120226283213,2535462.4142174013,27.492614765887176
San Lorenzo,1985-1989,2,60,5,0.009206522257792185,2.5,0.0449969477856575,89198.30001097478,4013.651248163238,435957.37193446583,0.9486255409061545,2081908.1636791835,23.34022244171727
San Lorenzo,1985-1989,2,65,5,0.011957575345178474,2.5,0.05805246006295306,85184.64876281154,4945.178420279801,413560.2977633582,0.9144382931568388,1645950.7917447176,19.322152707675173
San Lorenzo,1985-1989,2,70,5,0.02435058500799995,2.5,0.11476635531227505,80239.47034253174,9208.791563399762,378175.3728041593,0.8477686932511006,1232390.4939813595,15.358906143328797
San Lorenzo,1985-1989,2,75,5,0.04310366492943435,2.5,0.19455341194841502,71030.67877913198,13819.260909491997,320605.2416219299,0.7682376409094698,854215.1211772001,12.026002508484531
San Lorenzo,1985-1989,2,80,5,0.06456502007381178,2.5,0.27795902525572613,57211.41786963998,15902.429944543168,246301.014486842,0.538424935662514,533609.8795552702,9.326982260274265
San Lorenzo,1985-1989,2,85,NA,0.1317395398133512,6.955117505889727,1,41308.987925096815,41308.987925096815,287308.8650684282,0,287308.8650684282,6.955117505889727
San Lorenzo,1990-1994,1,0,1,0.013068008390452933,0.1232134426572707,0.012919973222449355,100000,1291.9973222449335,98867.19411573284,0.9864833337239065,7070244.351640009,70.7024435164001
San Lorenzo,1990-1994,1,1,4,4.862515829983808e-4,1.6140721206807602,0.0019427524259916754,98708.00267775507,191.7652116669924,394374.4727462204,0.9980892574952337,6971377.1575242765,70.6262609758525
San Lorenzo,1990-1994,1,5,5,2.2911130572777043e-4,2.5,0.001144900754371945,98516.23746608807,112.79131459280325,492299.20904395834,0.9987704044044449,6577002.684778056,66.76059555199757
San Lorenzo,1990-1994,1,10,5,2.6305037808055024e-4,2.5,0.001314387515070792,98403.44615149527,129.34026106147212,491693.88010482263,0.9967438115400973,6084703.475734097,61.83425188551324
San Lorenzo,1990-1994,1,15,5,0.0010428206263698456,2.5,0.00520054504275186,98274.1058904338,511.07891421938257,490092.83216662053,0.993012563610614,5593009.595629275,56.91234272703477
San Lorenzo,1990-1994,1,20,5,0.001764483143107146,2.5,0.008783669125270305,97763.02697621442,858.7180816439359,486668.33967696223,0.9889429663719551,5102916.763462654,52.19679587769092
San Lorenzo,1990-1994,1,25,5,0.002688052191587122,2.5,0.013350543563225587,96904.30889457048,1293.7251973612292,481287.2314794493,0.9848326059297176,4616248.423785692,47.63718431559176
San Lorenzo,1990-1994,1,30,5,0.003430943914916453,2.5,0.017008828730996097,95610.58369720925,1626.224042976406,473987.3583786053,0.981105828775102,4134961.192306243,43.24794423807013
San Lorenzo,1990-1994,1,35,5,0.00420619718485911,2.5,0.020812136054091487,93984.35965423285,1956.0152800805517,465031.76007096283,0.9765091696305706,3660973.8339276374,38.95301140951866
San Lorenzo,1990-1994,1,40,5,0.005314988455127542,2.5,0.026226458959170543,92028.3443741523,2413.5775968091184,454107.77787873865,0.9685874217228876,3195942.0738566746,34.72780147889207
San Lorenzo,1990-1994,1,45,5,0.007485171387856039,2.5,0.03673837436764755,89614.76677734317,3292.300850735468,439843.0817598772,0.9595478367915952,2741834.295977936,30.595786772399876
San Lorenzo,1990-1994,1,50,5,0.009062282839989853,2.5,0.044307594320714655,86322.4659266077,3824.740801039836,422050.4776304389,0.9456413840368237,2301991.2142180586,26.667347711952953
San Lorenzo,1990-1994,1,55,5,0.013410119057127589,2.5,0.06487562078892654,82497.72512556787,5352.0911311954405,399108.3977998508,0.9215245363466849,1879940.7365876199,22.787788799342113
San Lorenzo,1990-1994,1,60,5,0.01951121830730529,2.5,0.09301881549690862,77145.63399437243,7175.995494914561,367788.18123457575,0.8832064413129905,1480832.338787769,19.195283804340654
San Lorenzo,1990-1994,1,65,5,0.030803902570109537,2.5,0.14300660874397012,69969.63849945787,10006.120716849,324832.89070516685,0.8408014326636505,1113044.1575531932,15.907530486409717
San Lorenzo,1990-1994,1,70,5,0.039100224009230015,2.5,0.17809248035550135,59963.51778260887,10679.051612746029,273119.95988117927,0.778908360609138,788211.2668480264,13.144847000231033
San Lorenzo,1990-1994,1,75,5,0.06334048296584165,2.5,0.27340793776705774,49284.46616986284,13474.764259452524,212735.4202006829,0.6937593792626745,515091.30696684716,10.451392639448379
San Lorenzo,1990-1994,1,80,5,0.08526841884567977,2.5,0.35142785120247433,35809.70191041032,12584.526594576633,147587.19306561,0.5118759067530547,302355.8867661643,8.443406971736499
San Lorenzo,1990-1994,1,85,NA,0.15795948019452613,6.663833172231912,1,23225.175315833683,23225.175315833683,154768.69370055426,0,154768.69370055426,6.663833172231912
San Lorenzo,1990-1994,2,0,1,0.01025070040798361,0.1279620429724835,0.010159881231263832,100000,1015.9881231263862,99114.01979274464,0.9894900540752285,7911166.495660994,79.11166495660994
San Lorenzo,1990-1994,2,1,4,3.0933312442382277e-4,1.5074698732367338,0.0012363792219518288,98984.01187687361,122.3817755899945,395631.0072448696,0.998820106662983,7812052.475868249,78.92236663013493
San Lorenzo,1990-1994,2,5,5,1.1888412586810122e-4,2.5,5.942440138901468e-4,98861.63010128362,58.74793189112097,494161.2806766903,0.9993248277466805,7416421.46862338,75.01819928545852
San Lorenzo,1990-1994,2,10,5,1.5128692019045266e-4,2.5,7.56148612465298e-4,98802.8821693925,74.7096622599638,493827.63669131254,0.9984002431317303,6922260.187946689,70.06131841456636
San Lorenzo,1990-1994,2,15,5,4.893987461229117e-4,2.5,0.002444003499993516,98728.17250713253,241.29199915539357,493037.6325377742,0.9967847392073237,6428432.551255377,65.11244346988151
San Lorenzo,1990-1994,2,20,5,7.992754499644065e-4,2.5,0.0039884076590062986,98486.88050797714,392.80582852965745,491452.38796856155,0.9954470932960249,5935394.918717603,60.26584341085769
San Lorenzo,1990-1994,2,25,5,0.0010265610683960079,2.5,0.0051196662169263425,98094.07467944748,502.2089202170173,489214.8510966949,0.9943950522762608,5443942.530749042,55.497159726913125
San Lorenzo,1990-1994,2,30,5,0.0012222687736804625,2.5,0.006092726495048628,97591.86575923047,594.6005462125031,486472.827430621,0.9932086342412102,4954727.679652346,50.76988375113339
San Lorenzo,1990-1994,2,35,5,0.0015044951063852225,2.5,0.007494287733872477,96997.26521301796,726.9254149050976,483169.01252782706,0.9913096505998998,4468254.8522217255,46.065781776515934
San Lorenzo,1990-1994,2,40,5,0.001988929142838195,2.5,0.009895442379864502,96270.33979811287,952.637600362199,478970.10498965887,0.9894275395469114,3985085.8396938983,41.394741600070844
San Lorenzo,1990-1994,2,45,5,0.0022639909936436444,2.5,0.011256244875666331,95317.70219775067,1072.919396923724,473906.212496444,0.9836852284653353,3506115.7347042393,36.78346890308249
San Lorenzo,1990-1994,2,50,5,0.004332603049118997,2.5,0.02143088643580229,94244.78280082694,2019.7492373713758,466174.5409107063,0.9750452274504471,3032209.5222077956,32.17376529601583
San Lorenzo,1990-1994,2,55,5,0.0057938912079739955,2.5,0.028555832571686302,92225.03356345557,2633.5626173561905,454541.26127388736,0.9640872810161868,2566034.9812970893,27.823627513580956
San Lorenzo,1990-1994,2,60,5,0.008890477609575903,2.5,0.04348586282346672,89591.47094609938,3895.962415714661,438217.44869121024,0.938407585903059,2111493.720023202,23.56802157309743
San Lorenzo,1990-1994,2,65,5,0.016780009311249518,2.5,0.08052214087225223,85695.50853038472,6900.3858100029465,411226.5781269162,0.9091507915307527,1673276.2713319915,19.525833967584248
San Lorenzo,1990-1994,2,70,5,0.021514224327425863,2.5,0.10208065628985245,78795.12272038177,8043.457839736031,373866.9690025688,0.8651110019451713,1262049.6932050753,16.01685040435407
San Lorenzo,1990-1994,2,75,5,0.03749966746644343,2.5,0.17142718157297657,70751.66488064574,12128.758502084835,323436.4281480166,0.7836019953666221,888182.7242025066,12.553524015312194
San Lorenzo,1990-1994,2,80,5,0.06260772008876048,2.5,0.27067304487157257,58622.9063785609,15867.640568706222,253445.43047103894,0.5512225007198895,564746.2960544899,9.633543113806182
San Lorenzo,1990-1994,2,85,NA,0.12133346303492498,7.280994742680306,1,42755.26580985468,42755.26580985468,311300.865583451,0,311300.865583451,7.280994742680306
San Lorenzo,1995-1999,1,0,1,0.01280520936402508,0.12373784497455616,0.012663120035313963,100000,1266.312003531406,98890.37871485099,0.9866830812230822,7206258.668467279,72.06258668467278
San Lorenzo,1995-1999,1,1,4,5.140054580403265e-4,1.614846019333599,0.002053504272548787,98733.6879964686,202.75005014524504,394451.16189669014,0.9980489301929731,7107368.2897524275,71.98524064052623
San Lorenzo,1995-1999,1,5,5,2.2396804599016364e-4,2.5,0.0011192135597657522,98530.93794632335,110.27716180596326,492378.99682710186,0.9987098768893644,6712917.127855738,68.13004390065514
San Lorenzo,1995-1999,1,10,5,2.9245850574121697e-4,2.5,0.0014612241601200304,98420.66078451739,143.81464739331568,491743.76730410365,0.9971530920560623,6220538.131028636,63.20358023858333
San Lorenzo,1995-1999,1,15,5,8.48720902112311e-4,2.5,0.0042346194853872055,98276.84613712407,416.1650476146606,490343.8180665837,0.9925690176245473,5728794.363724533,58.29241157913472
San Lorenzo,1995-1999,1,20,5,0.0021395711636771047,2.5,0.010640938207029946,97860.68108950941,1041.3294603713293,486700.08179661876,0.9890941282635469,5238450.545657949,53.52967593661584
San Lorenzo,1995-1999,1,25,5,0.002247286145360534,2.5,0.011173654728143674,96819.35162913808,1081.8260061067267,481392.1931304236,0.987976081912745,4751750.4638613295,49.07851977838773
San Lorenzo,1995-1999,1,30,5,0.0025934646966157453,2.5,0.01288378935097774,95737.52562303135,1233.4621131109743,475603.97283237934,0.9838093977672435,4270358.270730906,44.60485314343236
San Lorenzo,1995-1999,1,35,5,0.003946675245529104,2.5,0.019540575463977833,94504.06350992038,1846.6637846681406,467903.6580879316,0.9787639191574558,3794754.297898527,40.15440349292684
San Lorenzo,1995-1999,1,40,5,0.004646429034085505,2.5,0.022965377676391712,92657.39972525224,2127.912179202831,457967.2181782541,0.9735054084454403,3326850.639810595,35.90485648934002
San Lorenzo,1995-1999,1,45,5,0.006113379069194819,2.5,0.03010676025107364,90529.48754604941,2725.549577201469,445833.56378724333,0.9646949617113294,2868883.421632341,31.690043756991702
San Lorenzo,1995-1999,1,50,5,0.008301729110377559,2.5,0.04066467770521405,87803.93796884794,3570.518838751799,430093.3927473602,0.9459972641157085,2423049.857845098,27.59614106037903
San Lorenzo,1995-1999,1,55,5,0.014058566285359078,2.5,0.06790617284642897,84233.41913009614,5719.969118894005,406867.1728532457,0.9175642943175113,1992956.4650977377,23.659926020807404
San Lorenzo,1995-1999,1,60,5,0.02061513956545792,2.5,0.09802376389378492,78513.45001120213,7696.183886384562,373326.79034004925,0.8899758691681723,1586089.2922444919,20.20149785824202
San Lorenzo,1995-1999,1,65,5,0.026286682119976063,2.5,0.12332865755622091,70817.26612481757,8733.798362975387,332251.8347166494,0.84778707513534,1212762.5019044427,17.12523750587762
San Lorenzo,1995-1999,1,70,5,0.04081035066542472,2.5,0.18516058256717205,62083.467761842185,11495.41105857295,281678.8111627786,0.8035092468603166,880510.6671877933,14.182691446384924
San Lorenzo,1995-1999,1,75,5,0.04702615525346576,2.5,0.21039554263576246,50588.056703269234,10643.501640973045,226331.52941391355,0.7426759714808968,598831.8560250148,11.83741568761062
San Lorenzo,1995-1999,1,80,5,0.07527301043913408,2.5,0.31675693248217357,39944.55506229619,12652.714730898217,168090.98848423542,0.5487494198636603,372500.32661110116,9.325434368468047
San Lorenzo,1995-1999,1,85,NA,0.1621670002408884,7.4897601497287996,1,27291.840331397972,27291.840331397972,204409.33812686577,0,204409.33812686577,7.4897601497287996
San Lorenzo,1995-1999,2,0,1,0.010945771768958935,0.12653348365641176,0.010842112874193753,100000,1084.2112874193845,99052.9777437974,0.9889123855039794,7865904.475555451,78.6590447555545
San Lorenzo,1995-1999,2,1,4,2.636324577108519e-4,1.5063598823536868,0.0010538370336638098,98915.78871258062,104.24112135937321,395403.2150081923,0.9988912493078361,7766851.497811654,78.51983590182732
San Lorenzo,1995-1999,2,5,5,1.2129697106310717e-4,2.5,6.063009991286688e-4,98811.54759122124,59.909540029999334,493907.9641060312,0.9992932330437628,7371448.282803461,74.60108117422467
San Lorenzo,1995-1999,2,10,5,1.6152397123730256e-4,2.5,8.072938629097811e-4,98751.63805119124,79.72159135101538,493558.8862775787,0.9983195793759335,6877540.31869743,69.64482265228072
San Lorenzo,1995-1999,2,15,5,5.115038199575592e-4,2.5,0.0025542528245955007,98671.91645984023,252.03302132581302,492729.4997458866,0.9967784290691161,6383981.432419851,64.69907205074051
San Lorenzo,1995-1999,2,20,5,7.796362057330458e-4,2.5,0.003890597901200916,98419.88343851441,382.9121919423196,491142.13671271625,0.9957230916141966,5891251.932673965,59.85835104503442
San Lorenzo,1995-1999,2,25,5,9.351265993829754e-4,2.5,0.004664727719491437,98036.9712465721,457.3157773088751,489041.56678958825,0.994538453165678,5400109.795961249,55.08238093544802
San Lorenzo,1995-1999,2,30,5,0.0012563537692972932,2.5,0.0062621003131560875,97579.65546926322,611.0535910717299,486370.6433686367,0.9929706937578762,4911068.229171661,50.328812963667474
San Lorenzo,1995-1999,2,35,5,0.0015663792872537329,2.5,0.007801346766300124,96968.60187819149,756.4856886950729,482951.7951692198,0.9911013777766807,4424697.585803024,45.63020916153015
San Lorenzo,1995-1999,2,40,5,0.0020109644147049592,2.5,0.010004525213051136,96212.11618949642,962.5565422188374,478654.189591935,0.9884174518811564,3941745.7906338037,40.969328466596274
San Lorenzo,1995-1999,2,45,5,0.0026527807940279944,2.5,0.013176517935858943,95249.55964727758,1255.0575310750137,473110.15440870036,0.9856758802468704,3463091.601041869,36.35808515930342
San Lorenzo,1995-1999,2,50,5,0.0031215810073928155,2.5,0.015487044874114883,93994.50211620257,1455.697072193725,466333.2679005285,0.976465397574675,2989981.4466331685,31.810173779491322
San Lorenzo,1995-1999,2,55,5,0.00644391493888654,2.5,0.0317087534197945,92538.80504400884,2934.2901509029034,455358.299842787,0.962900631068842,2523648.17873264,27.27124234565666
San Lorenzo,1995-1999,2,60,5,0.008719313668178937,2.5,0.04266651159655137,89604.51489310594,3823.1120737900637,438464.7942810546,0.9424663454013991,2068289.878889853,23.082429287823583
San Lorenzo,1995-1999,2,65,5,0.015166746527350497,2.5,0.07306339755875095,85781.40281931587,6267.480737335034,413238.3122532418,0.9082777031833953,1629825.0846087984,18.99974855904084
San Lorenzo,1995-1999,2,70,5,0.02369558574856458,2.5,0.1118519358973277,79513.92208198084,8893.786115658819,375335.14512075717,0.8591921512687789,1216586.7723555565,15.300298872205362
San Lorenzo,1995-1999,2,75,5,0.03797468784571921,2.5,0.17341042256348915,70620.13596632202,12246.267619410974,322485.0107830827,0.7713827983072923,841251.6272347994,11.912347883838446
San Lorenzo,1995-1999,2,80,5,0.06931991865608382,2.5,0.29540582404677884,58373.86834691105,17243.980681817433,248759.39003001165,0.5204791863218043,518766.6164517167,8.886966568135074
San Lorenzo,1995-1999,2,85,NA,0.12086620445360369,6.564745049154524,1,41129.887665093614,41129.887665093614,270007.22642170504,0,270007.22642170504,6.564745049154524
San Lorenzo,2000-2004,1,0,1,0.011242481881476902,0.12685618952960692,0.011133195060185027,100000,1113.3195060185099,99027.91196424398,0.9883123089017284,7366073.004113123,73.66073004113123
San Lorenzo,2000-2004,1,1,4,4.448973649128763e-4,1.6194556832836626,0.0017777066942362624,98886.68049398149,175.79151388494938,395128.2424866202,0.9983245772213687,7267045.092148879,73.48861399580674
San Lorenzo,2000-2004,1,5,5,1.834161610126279e-4,2.5,9.166604791980233e-4,98710.88898009654,90.4843707945547,493328.23397349636,0.9989657784872122,6871916.849662259,69.61660380799397
San Lorenzo,2000-2004,1,10,5,2.3051084337560437e-4,2.5,0.0011518904088039976,98620.40460930199,113.59989818182657,492818.02330105536,0.997349944105617,6378588.615688763,64.67818339377536
San Lorenzo,2000-2004,1,15,5,8.317156072249613e-4,2.5,0.004149949092551147,98506.80471112016,408.7982248210319,491512.0279935482,0.9936818198484267,5885770.592387707,59.749888443222225
San Lorenzo,2000-2004,1,20,5,0.0017063374005000553,2.5,0.008495446756165271,98098.00648629913,833.3863909903157,488406.56645401986,0.9904328702344276,5394258.564394159,54.98846263657304
San Lorenzo,2000-2004,1,25,5,0.0021409977086351713,2.5,0.010647995209811446,97264.62009530881,1035.673208858978,483733.9174543966,0.9888582546847224,4905851.997940139,50.43819626430386
San Lorenzo,2000-2004,1,30,5,0.0023417920682820064,2.5,0.011640809453294763,96228.94688644983,1120.1828345963731,478344.2773457582,0.9870635352483986,4422118.080485743,45.9541356688008
San Lorenzo,2000-2004,1,35,5,0.0028699204571929655,2.5,0.01424738016646199,95108.76405185346,1355.0507186090836,472156.1934627446,0.9834423103358159,3943773.803139984,41.46593473751622
San Lorenzo,2000-2004,1,40,5,0.0038163452690978266,2.5,0.01890139076245002,93753.71333324438,1772.0755711423844,464338.37773836596,0.9764061636840655,3471617.60967724,37.02912115424691
San Lorenzo,2000-2004,1,45,5,0.005757019431408243,2.5,0.028376684349050166,91981.637762102,2610.133900683839,453382.8540588004,0.9654072285417115,3007279.2319388734,32.69434318746087
San Lorenzo,2000-2004,1,50,5,0.008369617414313883,2.5,0.04099040211320343,89371.50386141815,3663.3738807412446,437699.0846052377,0.9528288208119818,2553896.377880073,28.576182200539147
San Lorenzo,2000-2004,1,55,5,0.011018615339475603,2.5,0.05361613770400602,85708.12998067691,4595.338899396826,417052.3026548925,0.9299483348417026,2116197.2932748357,24.690741633867606
San Lorenzo,2000-2004,1,60,5,0.018282790652813515,2.5,0.08741832588560282,81112.79108128008,7090.744404234152,387837.09439581505,0.9023070721346224,1699144.990619943,20.947929025365355
San Lorenzo,2000-2004,1,65,5,0.02304579132261859,2.5,0.10895175791995369,74022.04667704593,8064.832110297037,349948.15310948703,0.8704916101059454,1311307.896224128,17.715099150733987
San Lorenzo,2000-2004,1,70,5,0.03303600436941975,2.5,0.15257855714573326,65957.2145667489,10063.656631946076,304626.9312538793,0.8101739532319142,961359.7431146409,14.575505491393091
San Lorenzo,2000-2004,1,75,5,0.052944696835416506,2.5,0.23377996124173486,55893.55793480282,13066.793807660863,246800.80515486194,0.7367794873162953,656732.8118607617,11.749704905649581
San Lorenzo,2000-2004,1,80,5,0.07104365571946852,2.5,0.3016436156472885,42826.764127141956,12918.419977784688,181837.77069124806,0.5564196800526846,409932.0067058997,9.571865048895921
San Lorenzo,2000-2004,1,85,NA,0.15079674851443864,7.6264414664879885,1,29908.344149357268,29908.344149357268,228094.2360146517,0,228094.2360146517,7.6264414664879885
San Lorenzo,2000-2004,2,0,1,0.007365670150519082,0.13389155910974265,0.007318978950532497,100000,731.8978950532473,99366.09705522457,0.9924409359610724,8105642.486240533,81.05642486240534
San Lorenzo,2000-2004,2,1,4,2.20833879479158e-4,1.5120920212474835,8.828504671827517e-4,99268.10210494675,87.63889031969302,396854.37092531164,0.9990947088160317,8006276.3891853085,80.65306195459476
San Lorenzo,2000-2004,2,5,5,1.0575208559333952e-4,2.5,5.286206711205506e-4,99180.46321462706,52.428843026573304,495771.24396556884,0.9994282357356937,7609422.018259997,76.72299333582629
San Lorenzo,2000-2004,2,10,5,1.2302396083358584e-4,2.5,6.149306761493843e-4,99128.03437160049,60.95686920148728,495487.7796849987,0.9986485298536629,7113650.774294428,71.76224989620535
San Lorenzo,2000-2004,2,15,5,4.1812918681459113e-4,2.5,0.002088462815925667,99067.077502399,206.89790764618374,494818.1427428796,0.9970934656906324,6618162.994609429,66.80486758529001
San Lorenzo,2000-2004,2,20,5,7.466547144773009e-4,2.5,0.0037263178903353547,98860.17959475282,368.38445586570015,493379.9368340998,0.9961314974467728,6123344.85186655,61.939446974174395
San Lorenzo,2000-2004,2,25,5,8.038560259022431e-4,2.5,0.004011219023053976,98491.79513888712,395.0721622758283,491471.295288746,0.9948794196372808,5629964.915032449,57.16176567899302
San Lorenzo,2000-2004,2,30,5,0.001250780843008239,2.5,0.006234409515068903,98096.72297661129,611.5751431224635,488954.6770252503,0.9932648981488021,5138493.619743704,52.38190903654192
San Lorenzo,2000-2004,2,35,5,0.0014530463123792765,2.5,0.007238935291319872,97485.14783348882,705.6886770314013,485661.51747486566,0.9920983312026928,4649538.942718454,47.69484425114868
San Lorenzo,2000-2004,2,40,5,0.0017212217305853578,2.5,0.008569234770174508,96779.45915645742,829.3259064421873,481823.98101618164,0.9892284375326582,4163877.4252435877,43.02439238177703
San Lorenzo,2000-2004,2,45,5,0.0026155771085644396,2.5,0.012992925546242115,95950.13325001523,1246.672937469455,476633.98390640254,0.9831602608013876,3682053.444227406,38.37465691301498
San Lorenzo,2000-2004,2,50,5,0.004190892100868681,2.5,0.020737192167223875,94703.46031254578,1963.8838554023241,468607.5919242231,0.9782482146646926,3205419.4603210036,33.846909603327006
San Lorenzo,2000-2004,2,55,5,0.004610099937468351,2.5,0.022787863862918065,92739.57645714346,2113.3368430100672,458414.5401781921,0.9692870998665418,2736811.8683967805,29.510722098903567
San Lorenzo,2000-2004,2,60,5,0.00791825261779682,2.5,0.03882274238518033,90626.23961413339,3518.359153877129,444335.3001859741,0.9505462758470294,2278397.328218588,25.140592149906066
San Lorenzo,2000-2004,2,65,5,0.012480441347077023,2.5,0.060514100044687914,87107.88046025626,5271.254992852671,422361.26481914957,0.913271403059359,1834062.0280326142,21.055064344831823
San Lorenzo,2000-2004,2,70,5,0.024320259404570208,2.5,0.11463162017622137,81836.62546740359,9381.06496708309,385730.46491931024,0.8793875645038798,1411700.7632134645,17.250231850967026
San Lorenzo,2000-2004,2,75,5,0.027206109978795776,2.5,0.12736760707915035,72455.5605003205,9228.491360504428,339206.5741003415,0.8253566028654883,1025970.2982941543,14.159993949527395
San Lorenzo,2000-2004,2,80,5,0.051676146682453926,2.5,0.22881946306889786,63227.06913981607,14467.584011992796,279966.38566909835,0.5923395837516768,686763.7241938129,10.861862388009003
San Lorenzo,2000-2004,2,85,NA,0.11852065528214525,8.342937532221535,1,48759.485127823275,48759.485127823275,406797.3385247146,0,406797.3385247146,8.342937532221535
San Lorenzo,2005-2009,1,0,1,0.011619922693266718,0.12610302526172093,0.011503113006071777,100000,1150.3113006071799,98994.74643439213,0.9880792856432441,7490446.923215205,74.90446923215205
San Lorenzo,2005-2009,1,1,4,3.761001514129767e-4,1.6183411205127058,0.0015030542564275521,98849.68869939282,148.5764453461743,395044.8963872299,0.9984641449597235,7391452.176780812,74.77466316822316
San Lorenzo,2005-2009,1,5,5,1.8220185537869664e-4,2.5,9.105944968764119e-4,98701.11225404665,89.87668965409102,493280.869546098,0.9989735001340779,6996407.280393583,70.8847866109709
San Lorenzo,2005-2009,1,10,5,2.286327825107772e-4,2.5,0.0011425108739534838,98611.23556439255,112.66440892631363,492774.516799647,0.9974225314561447,6503126.410847485,65.94711417646707
San Lorenzo,2005-2009,1,15,5,8.044280229562604e-4,2.5,0.004014067543735752,98498.57115546624,395.37991757951386,491504.4059833824,0.9940559096132526,6010351.894047838,61.0196861085562
San Lorenzo,2005-2009,1,20,5,0.0015826153403732798,2.5,0.007881891695096847,98103.19123788673,773.2387282803975,488582.8593687326,0.991345091265553,5518847.488064455,56.25553479378678
San Lorenzo,2005-2009,1,25,5,0.001895755746373232,2.5,0.009434067014977874,97329.95250960633,918.2172945402272,484354.2193116811,0.9897046632582339,5030264.628695723,51.682596148387546
San Lorenzo,2005-2009,1,30,5,0.0022454970991212784,2.5,0.011164809129326032,96411.7352150661,1076.4186215033405,479367.62952157215,0.9888718120332435,4545910.409384042,47.15100707650846
San Lorenzo,2005-2009,1,35,5,0.002230600630678299,2.5,0.011091153319418385,95335.31659356276,1057.3786130944936,474033.1364350776,0.9862651858453311,4066542.7798624695,42.655155771906784
San Lorenzo,2005-2009,1,40,5,0.003308770377403354,2.5,0.01640812509138898,94277.93798046827,1546.9241997417412,467522.37940298696,0.9783259729650251,3592509.643427392,38.10551779538983
San Lorenzo,2005-2009,1,45,5,0.005479605555538361,2.5,0.027027773927277444,92731.01378072653,2506.3128765127185,457389.28671235085,0.9671436139151607,3124987.264024405,33.69948344804908
San Lorenzo,2005-2009,1,50,5,0.007923279198811521,2.5,0.03884690873427655,90224.70090421381,3504.9507216033817,442361.12771706056,0.9534832560364795,2667597.977312054,29.56616038155764
San Lorenzo,2005-2009,1,55,5,0.01120462086665937,2.5,0.05449657079749925,86719.75018261043,4725.929005368089,421783.92839963187,0.9354754078368308,2225236.8495949935,25.660092942025237
San Lorenzo,2005-2009,1,60,5,0.015612613518490059,2.5,0.0751306048501123,81993.82117724234,6160.245379018161,394568.4924386663,0.9170014786964685,1803452.9211953615,21.994985662357642
San Lorenzo,2005-2009,1,65,5,0.019178589578636645,2.5,0.09150557807790324,75833.57579822418,6939.1951911310025,361819.89101329335,0.8885845489658281,1408884.4287566952,18.57863636162186
San Lorenzo,2005-2009,1,70,5,0.028570821836345548,2.5,0.13333069066123046,68894.38060709318,9185.735349021415,321507.56466291234,0.8286606282043252,1047064.537743402,15.19811236441538
San Lorenzo,2005-2009,1,75,5,0.04822834043476498,2.5,0.21519540860796652,59708.64525807176,12849.026313738876,266420.6605060116,0.7539820843471504,725556.9730804897,12.151623436514074
San Lorenzo,2005-2009,1,80,5,0.06655174820211161,2.5,0.28529203227111777,46859.618944332884,13368.675920078902,200876.40492146718,0.5624907039151202,459136.312574478,9.798123051745495
San Lorenzo,2005-2009,1,85,NA,0.14707921601612214,7.711335792067133,1,33490.94302425398,33490.94302425398,258259.9076530108,0,258259.9076530108,7.711335792067133
San Lorenzo,2005-2009,2,0,1,0.006259810960690118,0.13616439832682242,0.00622614341661648,100000,622.6143416616396,99462.16356556037,0.9935144789558726,8177882.484928171,81.7788248492817
San Lorenzo,2005-2009,2,1,4,2.171315369452536e-4,1.513870064661165,8.680575553699647e-4,99377.38565833836,86.26529045363714,397295.07591237593,0.9991462833491516,8078420.321362611,81.29032845698313
San Lorenzo,2005-2009,2,5,5,9.868556099454188e-5,2.5,4.933060994997815e-4,99291.12036788472,48.980915303647635,496333.1495511645,0.9994668312229009,7681125.245450235,77.35963918012814
San Lorenzo,2005-2009,2,10,5,1.1464307395260949e-4,2.5,5.73051128905673e-4,99242.13945258108,56.87082004832337,496068.5202127845,0.998647897836314,7184792.09589907,72.39658612289428
San Lorenzo,2005-2009,2,15,5,4.267748346992026e-4,2.5,0.002131599890518711,99185.26863253275,211.4233077581739,495397.7848932683,0.9972173325509939,6688723.575686285,67.43666340681145
San Lorenzo,2005-2009,2,20,5,6.88207196667601e-4,2.5,0.003435125787616764,98973.84532477458,339.9876083747222,494019.25760293606,0.9962629858320236,6193325.7907930175,62.57537807559285
San Lorenzo,2005-2009,2,25,5,8.096240470576183e-4,2.5,0.004039943147485717,98633.85771639986,398.4751775914483,492173.10063802067,0.9956216035084002,5699306.533190081,57.78245589437649
San Lorenzo,2005-2009,2,30,5,9.458759696091552e-4,2.5,0.004718222714333895,98235.38253880841,463.49641324588447,490018.17166092736,0.9944297060808301,5207133.43255206,53.006699805896865
San Lorenzo,2005-2009,2,35,5,0.0012894240691101624,2.5,0.006426404444130566,97771.88612556252,628.321683508344,487288.6264190418,0.9928345892810423,4717115.260891133,48.24613135552307
San Lorenzo,2005-2009,2,40,5,0.0015881197487435767,2.5,0.007909196864375346,97143.56444205418,768.327575279327,483797.0032720726,0.9908214794577256,4229826.634472092,43.542015971579566
San Lorenzo,2005-2009,2,45,5,0.0021025871071208477,2.5,0.010457963587091841,96375.23686677485,1007.8887178500881,479356.46253924904,0.9878477455750025,3746029.631200019,38.869213223085254
San Lorenzo,2005-2009,2,50,5,0.002792246755872822,2.5,0.013864451356061812,95367.34814892476,1322.215959367386,473531.20084620535,0.9810080631386539,3266673.1686607697,34.253580833133405
San Lorenzo,2005-2009,2,55,5,0.004897541793177441,2.5,0.02419151161791502,94045.13218955738,2275.0939079720265,464537.9261778568,0.9687928588426343,2793141.9678145642,29.70001639409371
San Lorenzo,2005-2009,2,60,5,0.007829655844935364,2.5,0.03839669691854066,91770.03828158535,3523.666346100901,450041.0255426745,0.9555057851918252,2328604.0416367077,25.37433878464413
San Lorenzo,2005-2009,2,65,5,0.010432202748341697,2.5,0.05083520580736813,88246.37193548445,4486.0224790938955,430016.8034796875,0.9319877670288071,1878563.0160940331,21.287708207057186
San Lorenzo,2005-2009,2,70,5,0.017996685185694083,2.5,0.08610922441980179,83760.34945639056,7212.538728821382,400770.40045989933,0.884442011118859,1448546.2126143456,17.293937071842382
San Lorenzo,2005-2009,2,75,5,0.03191448394796902,2.5,0.1477814944118134,76547.81072756917,11312.349863272808,354458.1789796639,0.8146557576276009,1047775.8121544463,13.687861249010004
San Lorenzo,2005-2009,2,80,5,0.05182951523469357,2.5,0.22942067079337122,65235.460864296365,14966.36319100159,288761.39634397783,0.5835077855705101,693317.6331747824,10.627925732249068
San Lorenzo,2005-2009,2,85,NA,0.12708461331525328,8.04781178807041,1,50269.097673294775,50269.097673294775,404556.2368308045,0,404556.2368308045,8.04781178807041
San Lorenzo,2010-2014,1,0,1,0.01098890320426061,0.12736219310105817,0.010884527848784383,100000,1088.4527848784346,99050.17494889064,0.988706546505169,7655470.11030359,76.5547011030359
San Lorenzo,2010-2014,1,1,4,3.6470270432827675e-4,1.6202049175916127,0.0014575457875222015,98911.54721512157,144.1681089807098,395303.09830369387,0.9985375961331161,7556419.935354699,76.39573081311053
San Lorenzo,2010-2014,1,5,5,1.673855145017232e-4,2.5,8.365774951225118e-4,98767.37910614086,82.62656661243818,493630.3291141732,0.9990534283951068,7161116.837051006,72.50487865386482
San Lorenzo,2010-2014,1,10,5,2.1144327365447293e-4,2.5,0.0010566578103060054,98684.75253952842,104.27601452899398,493163.07266131963,0.9975737616906643,6667486.5079368325,67.56349219466456
San Lorenzo,2010-2014,1,15,5,7.60898170370313e-4,2.5,0.0037972675170861708,98580.47652499942,374.3364413272502,491966.541521679,0.9945576503735771,6174323.435275513,62.63231476376299
San Lorenzo,2010-2014,1,20,5,0.0014237904455985354,2.5,0.007093702363868686,98206.14008367217,696.645128057964,489289.08759821596,0.9906335749408388,5682356.893753834,57.861523616674425
San Lorenzo,2010-2014,1,25,5,0.0023447414228864945,2.5,0.011655384954675186,97509.49495561421,1136.5107004436577,484706.19802696194,0.9880581773309388,5193067.806155618,53.25704751644416
San Lorenzo,2010-2014,1,30,5,0.002461381020404598,2.5,0.012231638296146518,96372.98425517055,1178.7994849294628,478917.9225635291,0.9886334442107366,4708361.608128656,48.85561700218955
San Lorenzo,2010-2014,1,35,5,0.002109215814528228,2.5,0.010490760875777083,95194.18477024109,998.6594291891379,473474.27527823264,0.9879986626877518,4229443.685565127,44.42964342594281
San Lorenzo,2010-2014,1,40,5,0.0027240108838301326,2.5,0.013527928855555135,94195.52534105195,1274.2703653253848,467791.9507919463,0.9823178785158599,3755969.4102868945,39.87418082427724
San Lorenzo,2010-2014,1,45,5,0.004427118557993059,2.5,0.021893282397966743,92921.25497572657,2034.351275957044,459520.39668874023,0.9764088878297315,3288177.459494948,35.3867095354438
San Lorenzo,2010-2014,1,50,5,0.005130357140898825,2.5,0.025326945021375214,90886.90369976952,2301.8876131670986,448679.79946592986,0.9662267073323116,2828657.0628062077,31.122823505465956
San Lorenzo,2010-2014,1,55,5,0.008671836394701095,2.5,0.042439119226829775,88585.01608660242,3759.4700594099413,433526.4052844873,0.9460070694774411,2379977.263340278,26.866589503280853
San Lorenzo,2010-2014,1,60,5,0.013663043576896508,2.5,0.06605880698818899,84825.54602719248,5603.474372678058,410119.04420426727,0.9244692113214794,1946450.8580557907,22.946517284213154
San Lorenzo,2010-2014,1,65,5,0.017901377019203715,2.5,0.08567273526060239,79222.07165451442,6787.1715716536855,379142.4293434379,0.8994566470025742,1536331.8138515234,19.39272454968648
San Lorenzo,2010-2014,1,70,5,0.024810494484791678,2.5,0.11680735201648791,72434.90008286074,8460.928872257842,341022.17823365907,0.8429078399979995,1157189.3845080854,15.975577838643213
San Lorenzo,2010-2014,1,75,5,0.04511331810141761,2.5,0.2027048675777375,63973.9712106029,12967.835362667254,287450.26764634636,0.770587171382046,816167.2062744264,12.75780119366979
San Lorenzo,2010-2014,1,80,5,0.06054060472106498,2.5,0.2629110402012545,51006.13584793564,13410.076232427258,221505.4886586101,0.5810508942017734,528716.9386280801,10.365751685333338
San Lorenzo,2010-2014,1,85,NA,0.12420706065845626,8.171373625621799,1,37596.059615508384,37596.059615508384,307211.44996947004,0,307211.44996947004,8.171373625621799
San Lorenzo,2010-2014,2,0,1,0.005782844280860205,0.13714469363487644,0.005754132552649748,100000,575.4132552649826,99503.50161934178,0.9940266118836103,8332860.762156269,83.32860762156268
San Lorenzo,2010-2014,2,1,4,1.9084119519435148e-4,1.5146380263368389,7.630028813007752e-4,99424.58674473502,75.86124615838344,397509.80432246334,0.9992418573457434,8233357.260536927,82.81007274061334
San Lorenzo,2010-2014,2,5,5,8.628325809405009e-5,2.5,4.313232505318814e-4,99348.72549857663,42.85141521823243,496636.49895483756,0.999521766330889,7835847.456214463,78.87214875571532
San Lorenzo,2010-2014,2,10,5,1.0506045299628648e-4,2.5,5.251643299754205e-4,99305.8740833584,52.15190282561525,496398.99065972795,0.9989294059643891,7339210.957259626,73.90510405355292
San Lorenzo,2010-2014,2,15,5,3.2352352360289237e-4,2.5,0.0016163103319798671,99253.72218053279,160.42481664783554,495867.54886104434,0.9975428788458183,6842811.966599898,68.94262317088214
San Lorenzo,2010-2014,2,20,5,6.609489697652914e-4,2.5,0.0032992931877429757,99093.29736388495,326.9378409436613,494649.1422170656,0.9963369379260041,6346944.417738854,64.05018892884303
San Lorenzo,2010-2014,2,25,5,8.0723280370114e-4,2.5,0.004028035113310889,98766.35952294129,397.8343641722895,492837.2117042757,0.9956290170975295,5852295.275521788,59.25393326016462
San Lorenzo,2010-2014,2,30,5,9.452922133896893e-4,2.5,0.004715317684222062,98368.525158769,463.83884625199425,490683.02867821505,0.9950008138602818,5359458.063817512,54.483464656679836
San Lorenzo,2010-2014,2,35,5,0.0010596797789610044,2.5,0.005284399466658097,97904.686312517,517.3674721331918,488230.012882252,0.9936422692905241,4868775.035139297,49.729744494537336
San Lorenzo,2010-2014,2,40,5,0.0014929039863496895,2.5,0.0074367639952134575,97387.31884038381,724.246506342548,485125.97793606267,0.9921200692887746,4380545.022257045,44.98065122253427
San Lorenzo,2010-2014,2,45,5,0.0016722454766284957,2.5,0.00832641784669086,96663.07233404127,804.8571305981168,481303.218843711,0.9886902106517712,3895419.0443209824,40.29893681487253
San Lorenzo,2010-2014,2,50,5,0.002884290986135249,2.5,0.014318210218995648,95858.21520344315,1372.5180765006226,475859.7808259642,0.9826835904199052,3414115.825477272,35.61630913147483
San Lorenzo,2010-2014,2,55,5,0.0041135039653765115,2.5,0.020358161382941296,94485.69712694253,1923.5550704900088,467619.59795848763,0.9728763614530401,2938256.0446513076,31.0973632411658
San Lorenzo,2010-2014,2,60,5,0.006923748710829924,2.5,0.0340297106411949,92562.14205645252,3149.862910510259,454936.0530059869,0.9639482084212212,2470636.4466928197,26.69165159537912
San Lorenzo,2010-2014,2,65,5,0.007777355520957214,2.5,0.03814510744973187,89412.27914594226,3410.640995347392,438534.7932413428,0.9442411423211309,2015700.3936868329,22.543887852324254
San Lorenzo,2010-2014,2,70,5,0.015383980743395911,2.5,0.07407113156296409,86001.63815059487,6370.23865408315,414082.5941177665,0.9010946793045458,1577165.60044549,18.338785566895403
San Lorenzo,2010-2014,2,75,5,0.02683197236659549,2.5,0.1257261597242775,79631.39949651172,10011.750052166171,373127.62235214317,0.8383664487017419,1163083.0063277236,14.605834051411755
San Lorenzo,2010-2014,2,80,5,0.04511326545960469,2.5,0.20270465501863974,69619.64944434554,14112.227023134707,312817.679663891,0.604005889434433,789955.3839755805,11.346730273427713
San Lorenzo,2010-2014,2,85,NA,0.1089667759017866,8.5959261572442,1,55507.42242121084,55507.42242121084,477137.7043116895,0,477137.7043116895,8.5959261572442
San Lorenzo,2015-2019,1,0,1,0.010670675019837811,0.12799720153166466,0.010572301252884012,100000,1057.2301252884063,99078.09237212349,0.9891130610808785,7790376.062326863,77.90376062326864
San Lorenzo,2015-2019,1,1,4,3.110605970005779e-4,1.6211456563250606,0.00124332236941887,98942.7698747116,123.01775907748379,395478.43816831574,0.9987065110737471,7691297.96995474,77.73481558777878
San Lorenzo,2015-2019,1,5,5,1.4733932791323416e-4,2.5,7.364253785153489e-4,98819.75211563411,72.77337335655466,493916.82714477915,0.9991651346840634,7295819.531786424,73.82956722305079
San Lorenzo,2015-2019,1,10,5,1.867627201787714e-4,2.5,9.333778004514398e-4,98746.97874227756,92.1682378196856,493504.47311683855,0.9977024064612677,6801902.704641646,68.88213483871864
San Lorenzo,2015-2019,1,15,5,7.339610394561161e-4,2.5,0.0036630837953055373,98654.81050445787,361.3808376878151,492370.6004280698,0.9938717857084272,6308398.2315248065,63.94415233547838
San Lorenzo,2015-2019,1,20,5,0.0017279137026199925,2.5,0.008602407966597435,98293.42966677005,845.5601824296173,489353.2478777762,0.9907563976444234,5816027.631096737,59.170054914290525
San Lorenzo,2015-2019,1,25,5,0.001987902620960438,2.5,0.009890360421292863,97447.86948434044,963.7945514872263,484829.8610429841,0.9899972804705671,5326674.383218961,54.66178389949244
San Lorenzo,2015-2019,1,30,5,0.0020335259808549793,2.5,0.010116201010319804,96484.07493285321,976.052296315509,479980.24392347725,0.9884408908321203,4841844.522175977,50.18283613690232
San Lorenzo,2015-2019,1,35,5,0.002620407259878134,2.5,0.013016763247108577,95508.0226365377,1243.2053188592981,474432.09988554026,0.9864537740758264,4361864.278252499,45.67013490428832
San Lorenzo,2015-2019,1,40,5,0.0028365070754712094,2.5,0.01408267138479478,94264.8173176784,1327.500445432568,468005.3354748106,0.9828217223190102,3887432.178366959,41.23948137793623
San Lorenzo,2015-2019,1,45,5,0.004105326434385683,2.5,0.020318101078295302,92937.31687224584,1888.309798155853,459965.80986583955,0.9741844449378041,3419426.8428921485,36.79282938190034
San Lorenzo,2015-2019,1,50,5,0.006385747198919608,2.5,0.03142702342754104,91049.00707408998,2861.399278371784,448091.53717452043,0.9650581263584942,2959461.033026309,32.50404510856538
San Lorenzo,2015-2019,1,55,5,0.007865849787024023,2.5,0.038570769242540645,88187.6077957182,3401.463870340318,432434.3793027402,0.9541120477703235,2511369.4958517887,28.47757818387862
San Lorenzo,2015-2019,1,60,5,0.010993814750960593,2.5,0.053498687115874154,84786.14392537788,4535.947385625259,412590.8511628263,0.9277211993649832,2078935.1165490483,24.51975075525034
San Lorenzo,2015-2019,1,65,5,0.019313674749817742,2.5,0.09212041444315494,80250.19653975262,7392.681364386648,382769.27928779647,0.9001698205049198,1666344.2653862222,20.764363668078797
San Lorenzo,2015-2019,1,70,5,0.022905008120189058,2.5,0.10832223634334207,72857.51517536597,7892.088978214619,344557.3534312933,0.8622330851237975,1283574.9860984257,17.617605857252983
San Lorenzo,2015-2019,1,75,5,0.03734692902171404,2.5,0.17078857329696623,64965.426197151355,11095.352453840846,297088.7498511547,0.8059716305299776,939017.6326671323,14.454113328179888
San Lorenzo,2015-2019,1,80,5,0.049957612949501,2.5,0.22205475143325454,53870.07374331051,11962.105834761896,239445.10412964778,0.6269912282506072,641928.8828159777,11.916242882360844
San Lorenzo,2015-2019,1,85,NA,0.13727241961026793,9.603991765113216,1,41907.96790854861,41907.96790854861,402483.77868632984,0,402483.77868632984,9.603991765113216
San Lorenzo,2015-2019,2,0,1,0.005783341414586945,0.1371436718908419,0.005754624728063695,100000,575.4624728063645,99503.45856374968,0.9940781220435496,8540434.697580557,85.40434697580557
San Lorenzo,2015-2019,2,1,4,1.6451855209689365e-4,1.5146372255674403,6.578052395312626e-4,99424.53752719364,65.40198172336386,397535.60245802515,0.9993164707181753,8440931.239016807,84.89786775933582
San Lorenzo,2015-2019,2,5,5,7.759822014119055e-5,2.5,3.8791584675777036e-4,99359.13554547027,38.542983198247384,496699.3202693558,0.9995693357348128,8043395.636558782,80.95275378958826
San Lorenzo,2015-2019,2,10,5,9.470827340263606e-5,2.5,4.7342927284065776e-4,99320.59256227202,47.02127591485623,496485.409621573,0.9989545421717155,7546696.316289427,75.98319866605507
San Lorenzo,2015-2019,2,15,5,3.238133911558117e-4,2.5,0.0016177573270636995,99273.57128635717,160.60054733228753,495966.3550634551,0.9977828699670491,7050210.906667854,71.01800424134375
San Lorenzo,2015-2019,2,20,5,5.642897257227498e-4,2.5,0.002817473949608111,99112.97073902488,279.24821312546555,494866.73316231073,0.9969950991003632,6554244.5516043985,66.12902935643439
San Lorenzo,2015-2019,2,25,5,6.395925463498745e-4,2.5,0.0031928574122433006,98833.72252589941,315.56198354641674,493379.707670631,0.9961534836316632,6059377.818442088,61.30880901358567
San Lorenzo,2015-2019,2,30,5,9.024854259479742e-4,2.5,0.004502269049238286,98518.160542353,443.5552649977326,491481.9145492707,0.9949506000427345,5565998.110771457,56.49717859255636
San Lorenzo,2015-2019,2,35,5,0.0011229447541517602,2.5,0.005599005336580848,98074.60527735527,549.1202383309719,489000.22579094884,0.9942911289997712,5074516.196222186,51.74138791455178
San Lorenzo,2015-2019,2,40,5,0.0011672674250924166,2.5,0.005819355265869858,97525.4850390243,567.5354449183505,486208.5865828256,0.9926339001349805,4585515.970431237,47.018643061312304
San Lorenzo,2015-2019,2,45,5,0.0017923753366406849,2.5,0.008921898207445813,96957.94959410594,865.0489566812757,482627.1255788265,0.988881146684854,4099307.3838484115,42.279229305170944
San Lorenzo,2015-2019,2,50,5,0.0026850203366894994,2.5,0.01333558588518899,96092.90063742467,1281.4551294073171,477260.86536360503,0.9855897932571384,3616680.2582695847,37.63733048205041
San Lorenzo,2015-2019,2,55,5,0.0031240810137446707,2.5,0.015499351990525986,94811.44550801735,1469.515966659339,470383.4376234384,0.9793166400751121,3139419.39290598,33.11224057479967
San Lorenzo,2015-2019,2,60,5,0.0052580164019428105,2.5,0.025948981582774207,93341.92954135801,2422.128010569315,460654.3276803668,0.966448848632789,2669035.9552825415,28.594180218868768
San Lorenzo,2015-2019,2,65,5,0.008445810822257972,2.5,0.04135584500306361,90919.8015307887,3760.0652198165917,445198.844604402,0.9496388442520899,2208381.6276021744,24.28933621081803
San Lorenzo,2015-2019,2,70,5,0.012319053235569411,2.5,0.05975495499855638,87159.7363109721,5208.22612094818,422778.1162524901,0.9201748102044305,1763182.7829977726,20.229326723832852
San Lorenzo,2015-2019,2,75,5,0.021312279433406196,2.5,0.10117093886780423,81951.51019002392,8291.111227559144,389029.7728812217,0.8680745048358246,1340404.6667452825,16.356070359621658
San Lorenzo,2015-2019,2,80,5,0.03623873118841741,2.5,0.16614174119613148,73660.39896246478,12238.066940825622,337706.82746025984,0.6450328575640195,951374.8938640608,12.9156902116272
San Lorenzo,2015-2019,2,85,NA,0.09691800507453216,9.990960066244389,1,61422.33202163916,61422.33202163916,613668.0664038009,0,613668.0664038009,9.990960066244389
San Lorenzo,2020-2024,1,0,1,0.009761970939193922,0.12981047508938548,0.00967974379183754,100000,967.9743791837536,99157.67883485244,0.9898660986207127,7764419.006228225,77.64419006228225
San Lorenzo,2020-2024,1,1,4,3.750761929643354e-4,1.6238349319551935,0.0014989688264621193,99032.02562081625,148.44591922700056,395775.37047550397,0.9985743556936586,7665261.327393373,77.40184328595775
San Lorenzo,2020-2024,1,5,5,1.5413767975924834e-4,2.5,7.70391532887778e-4,98883.57970158925,76.17907254374586,494227.45082658686,0.999149376706863,7269485.956917869,73.51560267999717
San Lorenzo,2020-2024,1,10,5,1.8627008316708603e-4,2.5,9.309169109093883e-4,98807.4006290455,91.98148016858613,493807.04944480606,0.997951050970232,6775258.506091282,68.57035467948158
San Lorenzo,2020-2024,1,15,5,6.346098118984767e-4,2.5,0.0031680229134294297,98715.41914887691,312.73270977243374,492795.2639699535,0.9952386676933231,6281451.456646476,63.631918000298946
San Lorenzo,2020-2024,1,20,5,0.0012759985639580987,2.5,0.006359705382452479,98402.68643910448,625.8120945945411,490448.901959036,0.9927564393900264,5788656.192676523,58.826200809657514
San Lorenzo,2020-2024,1,25,5,0.0016332562708207283,2.5,0.008133072873424733,97776.87434450994,795.2264443796012,486896.30561160075,0.99030905501214594,5298207.290717486,54.18671159449857
San Lorenzo,2020-2024,1,30,5,0.0022650724165026886,2.5,0.011261591283060474,96981.64790013034,1092.167680608938,482177.82029912935,0.9868769791688276,4811310.985105885,49.610530335187455
San Lorenzo,2020-2024,1,35,5,0.0030238175364872477,2.5,0.015005651799789676,95889.4802195214,1438.8841514369706,475850.19071901456,0.9838152745202047,4329133.164806756,45.147112643597595
San Lorenzo,2020-2024,1,40,5,0.003506829731946847,2.5,0.017381761464986677,94450.59606808443,1641.7177310812403,468148.68601271906,0.9799504983672961,3853282.9740877417,40.79680949085927
San Lorenzo,2020-2024,1,45,5,0.004605304991072326,2.5,0.02276443207374131,92808.87833700319,2112.7414067428326,458762.53816815885,0.9741001038110284,3385134.288075023,36.47425061838464
San Lorenzo,2020-2024,1,50,5,0.005907661298876854,2.5,0.02910840007292664,90696.13693026036,2640.0194388349482,446880.63605421444,0.9652272731975373,2926371.749906864,32.26567138308284
San Lorenzo,2020-2024,1,55,5,0.008289684351335829,2.5,0.040606876289348046,88056.11749142541,3575.68386949462,431341.37778339046,0.9516124927955404,2479491.1138526495,28.15807901244446
San Lorenzo,2020-2024,1,60,5,0.011627966860693012,2.5,0.05649745788350798,84480.43362193079,4772.929740535517,410469.84375831514,0.9325070247746979,2048149.736069259,24.24407224559472
San Lorenzo,2020-2024,1,65,5,0.016481616568133878,2.5,0.07914691027154896,79707.50388139527,6308.602657669937,382766.01276280155,0.8963175464790583,1637679.8923109437,20.54611940612029
San Lorenzo,2020-2024,1,70,5,0.02788226665696175,2.5,0.13032681571407723,73398.90122372533,9565.845073400204,343079.89343512617,0.8517006246995878,1254913.8795481422,17.097175279546367
San Lorenzo,2020-2024,1,75,5,0.03691142468551285,2.5,0.1689652529094727,63833.05615032513,10785.568476424269,292201.359560565,0.8045003494902327,911833.986113016,14.284667554780262
San Lorenzo,2020-2024,1,80,5,0.05132183664625653,2.5,0.22742899846205447,53047.48767390086,12064.536992603447,235076.09588799567,0.6206202097589243,619632.626552451,11.680715783592287
San Lorenzo,2020-2024,1,85,NA,0.11837031815099697,9.383329513166263,1,40982.950681297414,40982.950681297414,384556.53066445544,0,384556.53066445544,9.383329513166263
San Lorenzo,2020-2024,2,0,1,0.005918782157359583,0.13686530459544358,0.005888698526483899,100000,588.8698526483931,99491.7259991014,0.9939248580931038,8439198.237728247,84.39198237728247
San Lorenzo,2020-2024,2,1,4,1.7593837477213674e-4,1.5144190874974106,7.034458758295288e-4,99411.1301473516,69.93034951369918,397470.7030474505,0.9992871820407733,8339706.511729145,83.89107436327966
San Lorenzo,2020-2024,2,5,5,7.878540065819522e-5,2.5,3.938494293282545e-4,99341.19979783791,39.125474849162856,496608.1853020666,0.9995510098935647,7942235.808681696,79.94906267333559
San Lorenzo,2020-2024,2,10,5,1.008559252284895e-4,2.5,5.041525092230126e-4,99302.07432298874,50.06338994098769,496385.2131400912,0.9989880736514704,7445627.623379629,74.97957796090009
San Lorenzo,2020-2024,2,15,5,3.042224649115211e-4,2.5,0.0015199563124178015,99252.01093304776,150.85872053782805,495882.90786389424,0.997910983401345,6949242.410239537,70.01613715340513
San Lorenzo,2020-2024,2,20,5,5.324965687212707e-4,2.5,0.0026589431483490518,99101.15221250993,263.5043296689546,494847.00023837725,0.996927163127512,6453359.502375643,65.11891495002224
San Lorenzo,2020-2024,2,25,5,6.987854339211904e-4,2.5,0.00348783405052984,98837.64788284097,344.72931376006454,493326.4161298047,0.9962914731636046,5958512.502137266,60.28585897956919
San Lorenzo,2020-2024,2,30,5,7.875459358750959e-4,2.5,0.0039299920561957835,98492.91856908091,387.07638756801316,491496.9018764845,0.9955950248173518,5465186.086007461,55.488111890747675
San Lorenzo,2020-2024,2,35,5,9.78755531008141e-4,2.5,0.004881832353995886,98105.8421815129,478.9362744777318,489331.87022137013,0.9946381212203483,4973689.184130977,50.69717637129892
San Lorenzo,2020-2024,2,40,5,0.0011722816127557986,2.5,0.005844280208209302,97626.905907035165,570.5589939811907,486708.1320502229,0.9917395377626,4484357.313909607,45.933621190246654
San Lorenzo,2020-2024,2,45,5,0.0021496604713509954,2.5,0.010690848122718415,97056.34691305397,1037.61466419333,482687.69790478656,0.9883283824457156,3997649.181859384,41.18895166578441
San Lorenzo,2020-2024,2,50,5,0.0025487344035686984,2.5,0.012662985550532154,96018.73224886064,1215.8838190477254,477053.95169668394,0.983386662082975,3514961.4839545973,36.60703908112998
San Lorenzo,2020-2024,2,55,5,0.004165808751731507,2.5,0.02061435510637395,94802.84842981292,1954.299582627922,469128.4931924948,0.9775788541223264,3037907.532257913,32.04447527235452
San Lorenzo,2020-2024,2,60,5,0.004912800209503045,2.5,0.02426596643505045,92848.548847185,2253.0597698689235,458610.09481125267,0.9673009548270414,2568779.0390654183,27.666334810393746
San Lorenzo,2020-2024,2,65,5,0.008442892378970787,2.5,0.041341849920782124,90595.48907731607,3745.3851129342656,443613.98260424467,0.943116757923597,2110168.944254166,23.29220765565164
San Lorenzo,2020-2024,2,70,5,0.015173523671763438,2.5,0.07309485218406962,86850.10396438181,6348.295511447563,418379.78104329016,0.9034532611930173,1666554.961649921,19.188865477160437
San Lorenzo,2020-2024,2,75,5,0.02595061953738494,2.5,0.1218480187471933,80501.808452934245,9808.985865556097,377986.577600781,0.8519534615492598,1248175.1806066309,15.504933424401047
San Lorenzo,2020-2024,2,80,5,0.03904907643947363,2.5,0.17788023496665686,70692.82258737815,12574.855892299012,322026.97320614324,0.6299342785072326,870188.60300585,12.309433562795919
San Lorenzo,2020-2024,2,85,NA,0.09990868783735643,9.431879003539189,1,58117.966695079136,58117.966695079136,548161.6297997067,0,548161.6297997067,9.431879003539189
San Sebastian,1980-1984,1,0,1,0.013949789649978077,0.12145389224295125,0.01378089740157705,100000,1378.0897401577095,98789.28462264453,0.9855835284630619,7270744.743771283,72.70744743771283
San Sebastian,1980-1984,1,1,4,5.155349291410572e-4,1.6114781561290483,0.002059603589824979,98621.91025984229,203.12204040656798,394002.4796088864,0.9980441347634297,7171955.459148638,72.72172522568725
San Sebastian,1980-1984,1,5,5,2.163448881016236e-4,2.5,0.0010811396928934148,98418.78821943572,106.40445847049705,491827.92995100236,0.9988131248516988,6777952.979539752,68.86848641569885
San Sebastian,1980-1984,1,10,5,2.5871223033563097e-4,2.5,0.0012927250422309392,98312.38376096523,127.090880449221,491244.1916037031,0.997168361495396,6286125.049588749,63.94031768035153
San Sebastian,1980-1984,1,15,5,8.764248899708029e-4,2.5,0.004372543934013364,98185.292880516,429.3195067940251,489853.165635595,0.9939938052554299,5794880.857985047,59.01984592577397
San Sebastian,1980-1984,1,20,5,0.0015352741634693146,2.5,0.007647020136239826,97755.97337372198,747.5418968265731,486911.01212654344,0.9916536625995713,5305027.692349452,54.26806679187043
San Sebastian,1980-1984,1,25,5,0.0018184380945813236,2.5,0.009051043566862373,97008.4314768954,878.0275396503566,482847.0885353511,0.9904894598747698,4818116.680222908,49.66698880571472
San Sebastian,1980-1984,1,30,5,0.0020048451154259534,2.5,0.009974233593380252,96130.40393724505,958.8271042960841,478254.95192548505,0.9876186397443991,4335269.591687557,45.09779855411475
San Sebastian,1980-1984,1,35,5,0.002984653051482807,2.5,0.01481273804787552,95171.57683294897,1409.7516372297396,472333.5050716705,0.984309065855181,3857014.639762072,40.52695949897039
San Sebastian,1980-1984,1,40,5,0.0033441941364065948,2.5,0.016582334319038817,93761.82519571923,1554.7899317586853,464922.1511491994,0.97805650331205,3384681.134690401,36.09871211044782
San Sebastian,1980-1984,1,45,5,0.005555102921328838,2.5,0.027395058680380797,92207.03526396054,2526.017141800141,454720.13346530235,0.9700098017796555,2919758.983541202,31.665251736842258
San Sebastian,1980-1984,1,50,5,0.0066401147235747625,2.5,0.03265843424271395,89681.0181221604,2928.8416331622284,441082.9865278964,0.9561177466363764,2465038.8500758996,27.4867402455011
San Sebastian,1980-1984,1,55,5,0.01141364299560995,2.5,0.0554850000233548,86752.17648899817,4813.444514518138,421727.2711586955,0.9321967591532697,2023955.8635480031,23.330317986946174
San Sebastian,1980-1984,1,60,5,0.016850147985227635,2.5,0.08084510976747822,81938.73197448003,6624.345780684816,393132.79542068817,0.901413600036009,1602228.5923893077,19.553983247975143
San Sebastian,1980-1984,1,65,5,0.025054438938425794,2.5,0.117888141580167,75314.38619379522,8878.673022637493,354375.2484123824,0.849447157565428,1209095.7969686193,16.053981955816973
San Sebastian,1980-1984,1,70,5,0.04139951228537053,2.5,0.1875829543672228,66435.71317115772,12462.207352139194,301023.04747544066,0.7794623163167155,854720.548556237,12.865377787910973
San Sebastian,1980-1984,1,75,5,0.060061352817114035,2.5,0.2611014920046541,53973.50581901853,14092.562898067627,234636.1218499236,0.6953073320383861,553697.5010807964,10.258690679412771
San Sebastian,1980-1984,1,80,5,0.08890416010185086,2.5,0.3636874764302677,39880.9429209509,14504.199488580183,163144.21588330404,0.4886745106017582,319061.3792308728,8.000346929191043
San Sebastian,1980-1984,1,85,NA,0.19749473426452166,6.144096612045181,1,25376.74343237072,25376.74343237072,155917.16334756874,0,155917.16334756874,6.144096612045181
San Sebastian,1980-1984,2,0,1,0.011560445025533026,0.12527016415237274,0.011444713040915181,100000,1144.471304091523,98998.8968040397,0.9882555416113583,7780973.459104195,77.80973459104196
San Sebastian,1980-1984,2,1,4,2.974959835951407e-4,1.505379451882431,0.0011891014551098484,98855.52869590848,117.54925301796175,395128.87400163943,0.9987836246370082,7681974.562300156,77.70910401916757
San Sebastian,1980-1984,2,5,5,1.3224917457868698e-4,2.5,6.610273220991309e-4,98737.97944289052,65.26850214060687,493526.72595910105,0.999286934159788,7286845.688298517,73.79982585640398
San Sebastian,1980-1984,2,10,5,1.5308632213307087e-4,2.5,7.651387799609903e-4,98672.71094074991,75.49831766466377,493174.8089095879,0.9983984748834599,6793318.962339415,68.84698816493048
San Sebastian,1980-1984,2,15,5,4.883057584195924e-4,2.5,0.002438551894766913,98597.21262308524,240.43441966075625,492384.9770662743,0.9964347487702989,6300144.153429828,63.89779169025648
San Sebastian,1980-1984,2,20,5,9.411501702626764e-4,2.5,0.004694704795768705,98356.77820342449,461.7560383279779,490629.5009213025,0.9951838472804028,5807759.176363553,59.04787938815735
San Sebastian,1980-1984,2,25,5,9.900792906445217e-4,2.5,0.004938173494945222,97895.02216509651,483.4226037427434,488266.5543161257,0.9940555827223773,5317129.67544225,54.31460719703499
San Sebastian,1980-1984,2,30,5,0.0013959859433656451,2.5,0.006955654726266294,97411.59956135377,677.5614528820879,485364.0941745636,0.9929136411462665,4828863.121126125,49.5717465155134
San Sebastian,1980-1984,2,35,5,0.0014488244883684367,2.5,0.007217978481889489,96734.03810847168,698.2242055332317,481924.6300285253,0.9909755616516305,4343499.026951562,44.90145466770472
San Sebastian,1980-1984,2,40,5,0.0021806298102626715,2.5,0.010844032002692076,96035.81390293845,1041.415439368051,477575.5309162721,0.9875852670355186,3861574.3969230363,40.20973259856844
San Sebastian,1980-1984,2,45,5,0.0028202763533426703,2.5,0.014002653386140883,94994.3984635704,1330.1736353103333,471646.55822957616,0.9804336956095889,3383998.866006764,35.62314116136544
San Sebastian,1980-1984,2,50,5,0.005106153965576484,2.5,0.025208967652514968,93664.22482826006,2361.1784138935036,462418.17810656654,0.9688148140720516,2912352.307777188,31.093539855982264
San Sebastian,1980-1984,2,55,5,0.007605086440239861,2.5,0.0373159545512927,91303.04641436656,3407.0603303930548,447997.58124585013,0.95522899754419,2449934.1296706214,26.83299436200547
San Sebastian,1980-1984,2,60,5,0.010786224631552276,2.5,0.05251502599059547,87895.9860839735,4615.859993668899,427940.28043569525,0.9385846058694254,2001936.5484247713,22.776199888265364
San Sebastian,1980-1984,2,65,5,0.014681609877793652,2.5,0.07080907148074549,83280.1260903046,5896.988401253868,401658.1594483884,0.8988893027814341,1573996.267989076,18.900022633038727
San Sebastian,1980-1984,2,70,5,0.028660558013000235,2.5,0.1337214608493606,77383.13768905074,10347.786216887092,361046.22290303593,0.8528047290111126,1172338.1085406875,15.149787712815456
San Sebastian,1980-1984,2,75,5,0.03543314120407633,2.5,0.16274894054272143,67035.35147216365,10909.93243100358,307901.9262833093,0.7755524785870975,811291.8856376517,12.102448451762646
San Sebastian,1980-1984,2,80,5,0.07007374595732328,2.5,0.29813937306630645,56125.419041160065,16733.197246015203,238794.10209076232,0.5256279994200833,503389.9593543423,8.969019170888986
San Sebastian,1980-1984,2,85,NA,0.15774145453196092,6.716956932248786,1,39392.22179514486,39392.22179514486,264595.85726358,0,264595.85726358,6.716956932248786
San Sebastian,1985-1989,1,0,1,0.015492678920282797,0.1183751338485217,0.015283919969113656,100000,1528.391996911363,98652.53161029604,0.9841869958118049,7177665.220504676,71.77665220504676
San Sebastian,1985-1989,1,1,4,4.7313257872754567e-4,1.6069495491330605,0.0018903899584401921,98471.60800308864,186.14973896049196,393440.9662956064,0.9980661965969913,7079012.68889438,71.88887063438978
San Sebastian,1985-1989,1,5,5,2.32442399090239e-4,2.5,0.0011615370193226863,98285.45826412814,114.16219823487336,491141.88582505356,0.998729474868492,6685571.722598774,68.02198250561395
San Sebastian,1985-1989,1,10,5,2.7611846896704955e-4,2.5,0.0013796399846345403,98171.29606589327,135.44104539591353,490517.87771597656,0.9971580888162322,6194429.836773721,63.098177216851404
San Sebastian,1985-1989,1,15,5,8.630988548282497e-4,2.5,0.004306202577857231,98035.85502049736,422.1622516116913,489123.8694734575,0.9935770526760564,5703911.959057744,58.18189638745098
San Sebastian,1985-1989,1,20,5,0.0017171089752467145,2.5,0.00854884662307236,97613.69276888567,834.484487792899,485982.25262494606,0.9895137785055546,5214788.089584286,53.422710909329496
San Sebastian,1985-1989,1,25,5,0.0025036332756003324,2.5,0.012440301496041686,96779.20828109277,1203.962529565004,480886.1350815513,0.9875179894465274,4728805.836959341,48.86179501721737
San Sebastian,1985-1989,1,30,5,0.0025206335199866054,2.5,0.012524245020405628,95575.24575152776,1197.0077956776222,474883.70926844474,0.9839183815352998,4247919.701877789,44.44581511117784
San Sebastian,1985-1989,1,35,5,0.0039759536352895405,2.5,0.01968411040068509,94378.23795585014,1857.7516553450841,467246.810640888,0.9783208278413955,3773035.992609344,39.97781770808604
San Sebastian,1985-1989,1,40,5,0.004799770274249443,2.5,0.023714293469077947,92520.48630050506,2194.0579640319775,457117.28659244534,0.9762923472905815,3305789.181968456,35.730348100757986
San Sebastian,1985-1989,1,45,5,0.004797016818287125,2.5,0.023700850643573294,90326.42833647308,2140.813187170177,446280.1087144399,0.9683658085088196,2848671.895376011,31.537523932248078
San Sebastian,1985-1989,1,50,5,0.008113318034517897,2.5,0.03976012384791461,88185.6151493029,3506.2709799408185,432162.3982966625,0.9533718388031409,2402391.786661571,27.242445183312434
San Sebastian,1985-1989,1,55,5,0.011053343528014202,2.5,0.05378057958679951,84679.34416936208,4554.104208458375,412011.4603256645,0.9346373783719415,1970229.3883649085,23.266941987934754
San Sebastian,1985-1989,1,60,5,0.01614712344320925,2.5,0.07760295594311763,80125.23996090371,6217.955466617728,385081.31113797426,0.90744393758768,1558217.928039244,19.447279394103038
San Sebastian,1985-1989,1,65,5,0.023004508220323724,2.5,0.10876720116818105,73907.28449428598,8038.688480383993,349439.70127046993,0.8546586805761069,1173136.6169012696,15.873085108301723
San Sebastian,1985-1989,1,70,5,0.041106491220040925,2.5,0.18637899028121727,65868.59601390199,12276.522416312473,298651.6740287288,0.7805891297892174,823696.9156307997,12.505153676828836
San Sebastian,1985-1989,1,75,5,0.0597726192739465,2.5,0.26000947759062687,53592.073597589515,13934.447059107668,233124.2503401784,0.683340909909935,525045.241602071,9.797068975992874
San Sebastian,1985-1989,1,80,5,0.09788820747011302,2.5,0.3932136009708123,39657.62653848185,15593.918137152097,159303.337349529,0.4542929692691664,291920.99126189254,7.361030317299158
San Sebastian,1985-1989,1,85,NA,0.17064708755750088,5.511106255968225,1,24063.70840132975,24063.70840132975,132617.65391236352,0,132617.65391236352,5.511106255968225
San Sebastian,1985-1989,2,0,1,0.009917356797166888,0.1286471540954868,0.009832390030885318,100000,983.239003088529,99143.25189645449,0.9898917213515602,7847095.36848272,78.47095368482721
San Sebastian,1985-1989,2,1,4,2.6809768221834173e-4,1.5080027014197497,0.001071674744369998,99016.76099691147,106.11376202972315,395802.6087793256,0.9988384763607993,7747952.116586265,78.24889481921085
San Sebastian,1985-1989,2,5,5,1.4747372093030999e-4,2.5,7.37096848614172e-4,98910.64723488175,72.90672637122043,494370.96935848065,0.999242638887729,7352149.50780694,74.33122432560664
San Sebastian,1985-1989,2,10,5,1.5558856070355047e-4,2.5,7.776403236709898e-4,98837.74050851053,76.86021251993952,493996.55201125285,0.9983176874643241,6857778.538448459,69.38420995022607
San Sebastian,1985-1989,2,15,5,5.182082417879713e-4,2.5,0.0025876888047753135,98760.88029599059,255.56242429169652,493165.4954192237,0.9966313167880833,6363781.986437206,64.43626228689618
San Sebastian,1985-1989,2,20,5,8.320680165372802e-4,2.5,0.004151703832752977,98505.31787169889,408.9649057544739,491504.1770941083,0.9954437513796155,5870616.491017982,59.59694986888258
San Sebastian,1985-1989,2,25,5,9.94964738332851e-4,2.5,0.004962479960226482,98096.35296594442,486.8011857648089,489264.7618653101,0.993959005693363,5379112.313923874,54.83498775730543
San Sebastian,1985-1989,2,30,5,0.0014300720413820047,2.5,0.007124887451055654,97609.55178017961,695.4570705817605,486309.11622444366,0.9929255549910084,4889847.5520585645,50.09599432513209
San Sebastian,1985-1989,2,35,5,0.001409678656349318,2.5,0.007023640591168493,96914.09470959785,680.6897694586805,482868.7491243425,0.9919176478140268,4403538.43583412,45.43754393031561
San Sebastian,1985-1989,2,40,5,0.0018381185394352577,2.5,0.009148552387793791,96233.40494013917,880.3963465506386,478966.03383431927,0.9882842656568325,3920669.686709778,40.741254963893084
San Sebastian,1985-1989,2,45,5,0.0028819392322701367,2.5,0.01430661914387101,95353.00859358853,1364.1791781707288,473354.5950225158,0.9825490407000309,3441703.652875459,36.09433728037477
San Sebastian,1985-1989,2,50,5,0.004171236567283699,2.5,0.02064093725575793,93988.8294154178,1940.0175307057652,465094.10325032455,0.9761280773966836,2968349.057852943,31.581934537488973
San Sebastian,1985-1989,2,55,5,0.005509043944709267,2.5,0.02717100408473464,92048.81188471203,2501.058643714481,453991.41281427396,0.9619086345864997,2503254.9546026182,27.1948643697635
San Sebastian,1985-1989,2,60,5,0.010112709119065632,2.5,0.049316731201956815,89547.75324099755,4416.20247632543,436698.26001417416,0.940387887044769,2049263.5417883443,22.88458914511472
San Sebastian,1985-1989,2,65,5,0.014602629672507672,2.5,0.07044156803367219,85131.55076467212,5996.799925001673,410665.7540108564,0.8992170227527184,1612565.2817741702,18.94204049250507
San Sebastian,1985-1989,2,70,5,0.028592164712027815,2.5,0.13342364637598525,79134.75083967045,10558.447012083896,369277.6366681425,0.8421578218796134,1201899.5277633138,15.188011777511006
San Sebastian,1985-1989,2,75,5,0.04101927885562647,2.5,0.1860203434283637,68576.30382758655,12756.58758905546,310990.05016529415,0.7699309546434043,832621.8910951712,12.141539345552012
San Sebastian,1985-1989,2,80,5,0.06625053711554751,2.5,0.28418428223334835,55819.716238531095,15863.085993716137,239440.86620836513,0.5409772804866926,521631.8409298771,9.34493895850023
San Sebastian,1985-1989,2,85,NA,0.16975565776683357,7.0624317664558545,1,39956.63024481496,39956.63024481496,282190.97472151194,0,282190.97472151194,7.0624317664558545
San Sebastian,1990-1994,1,0,1,0.014829425696671499,0.11969862249357686,0.014638331589673474,100000,1463.8331589673471,98711.38565372146,0.9848257486339373,7220453.987959157,72.20453987959156
San Sebastian,1990-1994,1,1,4,4.707747076006224e-4,1.6088947069203139,0.0018809814624348496,98536.16684103265,185.34470320736,393701.4886632472,0.9980347146457758,7121742.602305436,72.27541755094722
San Sebastian,1990-1994,1,5,5,2.514772498988408e-4,2.5,0.0012565962360799974,98350.8221378253,123.58727291377727,491445.14250684204,0.9987154094564973,6728041.113642189,68.40859046621648
San Sebastian,1990-1994,1,10,5,2.62696424845399e-4,2.5,0.0013126200727262814,98227.23486491152,128.93504017207306,490813.8367241274,0.9969806068688822,6236595.971135346,63.49151515577445
San Sebastian,1990-1994,1,15,5,9.479229797355432e-4,2.5,0.004728409478671636,98098.29982473944,463.84893073287094,489331.876796865,0.9939643310981839,5745782.134411219,58.571679067593664
San Sebastian,1990-1994,1,20,5,0.0014752486936535892,2.5,0.007349138949182296,97634.45089400657,717.5291458471766,486378.4316054149,0.9909452468402028,5256450.257614354,53.838068524816464
San Sebastian,1990-1994,1,25,5,0.002166267588557742,2.5,0.010772994968210384,96916.9217481594,1044.0855103273498,481974.39496497856,0.9885929270558331,4770071.826008939,49.2181524130953
San Sebastian,1990-1994,1,30,5,0.0024242147839822602,2.5,0.012048056229834765,95872.83623783205,1155.0813219071424,476476.47788439237,0.985991401753344,4288097.43104396,44.72692786939633
San Sebastian,1990-1994,1,35,5,0.0032243937513315654,2.5,0.015993049038199057,94717.7549159249,1514.8256991585076,469801.7103317282,0.9805627379343816,3811620.953159568,40.24188449718755
San Sebastian,1990-1994,1,40,5,0.004640713846114313,2.5,0.022937453831594342,93202.9292167664,2137.837885878922,460670.0513691347,0.9743356561764176,3341819.2428278397,35.855302734698554
San Sebastian,1990-1994,1,45,5,0.00577318878526206,2.5,0.028455250099420792,91065.09133088747,2591.279949147007,448847.25678156986,0.9658959021856115,2881149.1914587053,31.6383495514211
San Sebastian,1990-1994,1,50,5,0.008146271583396035,2.5,0.039918392745780684,88473.81138174047,3531.7323504524393,433539.7260325712,0.9531999940293331,2432301.934677135,27.491772951686382
San Sebastian,1990-1994,1,55,5,0.011092877539973345,2.5,0.053967743768047693,84942.07903128803,4584.132356285816,413250.0642657256,0.9344253374106206,1998762.208644564,23.53088400283126
San Sebastian,1990-1994,1,60,5,0.016199247697760804,2.5,0.07784371445824677,80357.94667500221,6255.361055419897,386151.3307364613,0.9033041464219425,1585512.1443788386,19.730620430002357
San Sebastian,1990-1994,1,65,5,0.02488540966240837,2.5,0.1171393938058782,74102.58561958231,8680.331958926057,348812.0982005964,0.8604889239814569,1199360.8136423773,16.185141228397768
San Sebastian,1990-1994,1,70,5,0.035931921821779476,2.5,0.16485106973409208,65422.25366065626,10784.928500374313,300148.9470523455,0.7879589268241471,850548.7154417807,13.000908220825862
San Sebastian,1990-1994,1,75,5,0.06203941066521026,2.5,0.2685459691669613,54637.325160281944,14672.633437858312,236505.04220676393,0.689433842916574,550399.7683894353,10.073695349741294
San Sebastian,1990-1994,1,80,5,0.09020017338441741,2.5,0.3680136331313861,39964.69172242363,14707.551397744952,163054.58011775577,0.48054374120683385,313894.7261826714,7.854301200740888
San Sebastian,1990-1994,1,85,NA,0.1745067081261065,5.97217832762841,1,25257.14032467868,25257.14032467868,150840.1460649156,0,150840.1460649156,5.97217832762841
San Sebastian,1990-1994,2,0,1,0.01234966596847855,0.12364810202496508,0.012217440843109696,100000,1221.7440843109653,98929.32225287432,0.9875679647882772,7879996.987239747,78.79996987239747
San Sebastian,1990-1994,2,1,4,2.621625262370114e-4,1.5041222237482605,0.0010479643949924094,98778.25591568903,103.51609519909834,394854.6601412643,0.9988828589338549,7781067.664986873,78.7730821207079
San Sebastian,1990-1994,2,5,5,1.146259535655506e-4,2.5,5.729655760139759e-4,98674.73982048994,56.537229139270494,493232.3560296015,0.9993511895946442,7386213.004845609,74.85414218758196
San Sebastian,1990-1994,2,10,5,1.4499228107744223e-4,2.5,7.246987160873625e-4,98618.20259135067,71.46848480080371,492912.3417447513,0.9984203554913188,6892980.648816007,69.89562238706384
San Sebastian,1990-1994,2,15,5,4.8763581363024704e-4,2.5,0.002435210328726212,98546.73410654986,239.9820247585012,492133.715470853,0.9967592587549909,6400068.307071256,64.94449932913483
San Sebastian,1990-1994,2,20,5,8.112898649002546e-4,2.5,0.00404823858716012,98306.75208179136,397.9691871558898,490538.8374410671,0.9952055297022759,5907934.591600403,60.0969360343122
San Sebastian,1990-1994,2,25,5,0.0011118288847534788,2.5,0.00554373521142368,97908.78289463547,542.7803672406299,488186.9635550758,0.994473799019358,5417395.754159336,55.331049922143
San Sebastian,1990-1994,2,30,5,0.0011047566145902404,2.5,0.005508569002844155,97366.00252739484,536.3473434532498,485489.1442783411,0.993232772756989,4929208.79060426,50.62556398181573
San Sebastian,1990-1994,2,35,5,0.0016130501595985535,2.5,0.008032857293643907,96829.65518394159,777.8188018853543,482203.7289149946,0.9914084778813477,4443719.646325919,45.8921353988553
San Sebastian,1990-1994,2,40,5,0.001839361603765346,2.5,0.009154710959246708,96051.83638205624,879.3267991825705,478060.86491232476,0.9889765910031205,3961515.9174109246,41.24352085944073
San Sebastian,1990-1994,2,45,5,0.0025986479542248245,2.5,0.012909372485127118,95172.50958287367,1228.6173765496496,472791.00447299425,0.9835541312706378,3483455.0524985995,36.60148364024488
San Sebastian,1990-1994,2,50,5,0.004046243527418949,2.5,0.020028615992537337,93943.89220632402,1881.5661418447853,465015.5456770081,0.9766873921266304,3010664.0480256053,32.04746979626353
San Sebastian,1990-1994,2,55,5,0.005404799595533746,2.5,0.026663717849053747,92062.32606447923,2454.7238867108535,454174.820605619,0.968141050619082,2545648.502348597,27.65135980341903
San Sebastian,1990-1994,2,60,5,0.007580279910805054,2.5,0.037196499852563646,89607.60217776838,3333.089161193944,439705.28798585705,0.9504042100454962,2091473.6817429783,23.340359868058965
San Sebastian,1990-1994,2,65,5,0.01289770809244369,2.5,0.06247410842763033,86274.51301657443,5389.923280738498,417897.7568810259,0.9113574822551921,1651768.3937571212,19.145496578344005
San Sebastian,1990-1994,2,70,5,0.02475351269367489,2.5,0.11655471681302706,80884.58973583594,9427.480451198222,380854.24755118415,0.857327384105475,1233870.6368760953,15.254706006494445
San Sebastian,1990-1994,2,75,5,0.03769334126408751,2.5,0.1722363020430086,71457.10928463771,12307.508257869144,326516.77577851573,0.7742342619130308,853016.3893249112,11.937460077303992
San Sebastian,1990-1994,2,80,5,0.06795482524978998,2.5,0.29043327083342424,59149.60102676857,17179.012094696467,252800.4748971017,0.5198467987577645,526499.6135463954,8.901152406896614
San Sebastian,1990-1994,2,85,NA,0.14595163785245463,6.52121272570814,1,41970.5889320721,41970.5889320721,273699.1386492938,0,273699.1386492938,6.52121272570814
San Sebastian,1995-1999,1,0,1,0.012906649607402398,0.12353542604090889,0.012762279875085013,100000,1276.2279875085078,98881.43138065368,0.9866149978044182,7277023.974777936,72.77023974777936
San Sebastian,1995-1999,1,1,4,4.984888211133398e-4,1.614547250736369,0.001991587045421166,98723.77201249149,196.61698541518126,394426.0675215554,0.9980987991005781,7178142.543397282,72.70936266990522
San Sebastian,1995-1999,1,5,5,2.162220265053736e-4,2.5,0.0010805260486970154,98527.15502707631,106.46115751077014,492369.62224160467,0.9987261222985871,6783716.475875727,68.85123673784643
San Sebastian,1995-1999,1,10,5,2.9370319601197215e-4,2.5,0.001467438501615172,98420.69386956554,144.4263155398803,491742.403558978,0.9966905652460765,6291346.853634122,63.92300852879461
San Sebastian,1995-1999,1,15,5,0.0010334909765130017,2.5,0.005154137994791709,98276.26755402566,506.5294445865147,490115.014158662,0.9936290073239492,5799604.450075144,59.013275477590895
San Sebastian,1995-1999,1,20,5,0.0015246194331497076,2.5,0.007594151687645361,97769.73810943915,742.478221664438,486992.49499303463,0.991083780823767,5309489.435916482,54.30606175883659
San Sebastian,1995-1999,1,25,5,0.002060237768845655,2.5,0.01024840347445716,97027.25988777471,994.3745073509344,482650.3631704962,0.9892489809295065,4822496.940923448,49.70249542758731
San Sebastian,1995-1999,1,30,5,0.002264515710945553,2.5,0.011258839010163954,96032.88538042377,1081.2187961797172,477461.3799116696,0.9862757412269387,4339846.5777529515,45.19125464741712
San Sebastian,1995-1999,1,35,5,0.0032700670446043634,2.5,0.016217752379041175,94951.66658424406,1539.9026166405529,470908.5763796189,0.9810012681081971,3862385.1978412815,40.677381838416224
San Sebastian,1995-1999,1,40,5,0.004413272289102991,2.5,0.021825556140244944,93411.7639676035,2038.7636986342404,461961.91059143195,0.9760341568451125,3391476.6214616625,36.306739937358145
San Sebastian,1995-1999,1,45,5,0.005300086002700101,2.5,0.02615388540857498,91373.00026896926,2389.7589784723095,450890.6038986655,0.9685391091041151,2929514.7108702306,32.061054165309145
San Sebastian,1995-1999,1,50,5,0.007520884068782475,2.5,0.036910422816579275,88983.24129049695,3284.4090596219467,436705.18380342994,0.9548174377240322,2478624.106971565,27.854954157938412
San Sebastian,1995-1999,1,55,5,0.011051474789523487,2.5,0.05377173160700776,85698.832230875,4608.174605752603,416973.7246399935,0.9367845895360501,2041918.9231681353,23.826683164913494
San Sebastian,1995-1999,1,60,5,0.015195264263587315,2.5,0.07319574942907144,81090.6576251224,5935.491456567077,390614.5594841943,0.9107510880433521,1624945.1985281417,20.038624005741486
San Sebastian,1995-1999,1,65,5,0.02251361627590591,2.5,0.10656989696258347,75155.16616855533,8009.278314788782,355752.6350558047,0.8641428739183907,1234330.6390439474,16.42376302216716
San Sebastian,1995-1999,1,70,5,0.036833300507832074,2.5,0.16863778684002448,67145.88785376654,11323.333923067672,307421.1044611635,0.8068796968791826,878578.0039881427,13.084613698184333
San Sebastian,1995-1999,1,75,5,0.05008778991070138,2.5,0.222568978912487,55822.55393069887,12424.36882864288,248051.84758188715,0.7063751916178704,571156.8995269792,10.231651175187078
San Sebastian,1995-1999,1,80,5,0.09536310765368942,2.5,0.3850230514960279,43398.18510205599,16709.301657383057,175217.67136682232,0.45770680367882793,323105.0519450921,7.445128204907006
San Sebastian,1995-1999,1,85,NA,0.1604615322935537,5.5411602694000255,1,26688.883444672934,26688.883444672934,147887.38057826975,0,147887.38057826975,5.5411602694000255
San Sebastian,1995-1999,2,0,1,0.00777467993404192,0.13305093357196165,0.007722627482487326,100000,772.2627482487296,99330.4875313686,0.9919790518845074,7947466.27131713,79.4746627131713
San Sebastian,1995-1999,2,1,4,2.5519968963810363e-4,1.5114352850859931,0.001020150880169546,99227.73725175127,101.227263494613,396659.0384108851,0.9989874912207095,7848135.783785761,79.09215710395785
San Sebastian,1995-1999,2,5,5,1.1723225927053244e-4,2.5,5.859895541543062e-4,99126.50998825666,58.08709939289838,495487.33219280106,0.99935239473553,7451476.745374876,75.17138196691924
San Sebastian,1995-1999,2,10,5,1.4190174283313495e-4,2.5,7.092571021184063e-4,99068.42288886376,70.26498252959573,495166.4519879948,0.998503641719889,6955989.413182075,70.21399160644148
San Sebastian,1995-1999,2,15,5,4.573258925974116e-4,2.5,0.0022840181114332585,98998.15790633416,226.11358565659611,494425.50556752936,0.9969048196133756,6460822.96119408,65.26205232330591
San Sebastian,1995-1999,2,20,5,7.831703154521221e-4,2.5,0.003908199612452275,98772.04432067757,386.0208653351874,492895.1694400499,0.9958521870311587,5966397.455626551,60.40573015028208
San Sebastian,1995-1999,2,25,5,8.796033020680421e-4,2.5,0.004388366456276147,98386.02345534238,431.7539250978298,490850.7324639673,0.994392115724465,5473502.2861865,55.63292522612152
San Sebastian,1995-1999,2,30,5,0.0013712401643013689,2.5,0.006832777374582451,97954.26953024455,669.2997165900015,488098.09835974773,0.9927396155353991,4982651.553722533,50.86711970409907
San Sebastian,1995-1999,2,35,5,0.0015441245595022403,2.5,0.007690933399641496,97284.96981365455,748.2122236229479,484554.3185092154,0.9912365717521777,4494553.455362786,46.199875108888065
San Sebastian,1995-1999,2,40,5,0.001978585935504611,2.5,0.009844235512695022,96536.7575900316,950.3305773482134,480307.96150678745,0.9885516982185705,4009999.1368535706,41.53857283961279
San Sebastian,1995-1999,2,45,5,0.0026308535828261743,2.5,0.013068315850190925,95586.42701268339,1249.1536191929772,474809.2510154345,0.9830004398847475,3529691.175346783,36.92669854558354
San Sebastian,1995-1999,2,50,5,0.004241066732140671,2.5,0.020982859393406945,94337.27339349041,1979.465743173001,466737.7026095196,0.9764291930242701,3054881.9243313484,32.3825547892308
San Sebastian,1995-1999,2,55,5,0.005312475390135442,2.5,0.026214220941617423,92357.80765031741,2421.087975428818,455736.318313015,0.9641397949370459,2588144.221721829,28.023014919550597
San Sebastian,1995-1999,2,60,5,0.009367528114152717,2.5,0.045765858163232566,89936.71967488859,4116.031156307363,439393.52048367454,0.944623441929257,2132407.9034088138,23.71009206381148
San Sebastian,1995-1999,2,65,5,0.013532477119175549,2.5,0.06544819508952684,85820.68851858123,5616.809164881619,415061.4196807021,0.9185011216860385,1693014.3829251393,19.727345610360384
San Sebastian,1995-1999,2,70,5,0.02075890138425606,2.5,0.09867361719959476,80203.87935369961,7914.00688926944,381234.3795453244,0.8637468824002054,1277952.9632444372,15.933804867575752
San Sebastian,1995-1999,2,75,5,0.039065085319784476,2.5,0.17794667180758492,72289.87246443017,12863.74221044012,329290.0067960506,0.7801588835983554,896718.5836991129,12.404484240034291
San Sebastian,1995-1999,2,80,5,0.06264283118262039,2.5,0.27080428771582193,59426.13025399005,16092.850875139433,256898.52408210168,0.5472583959655076,567428.5769030623,9.548469242029492
San Sebastian,1995-1999,2,85,NA,0.14226602132884347,7.166087064541875,1,43333.27937885062,43333.27937885062,310530.0528209606,0,310530.0528209606,7.166087064541875
San Sebastian,2000-2004,1,0,1,0.011640540852056947,0.12606188275676297,0.01152331289526081,100000,1152.3312895260751,98992.93376239111,0.9880527517337209,7446013.467318091,74.4601346731809
San Sebastian,2000-2004,1,1,4,3.7968787807638615e-4,1.6182802582465792,0.0015173793308285073,98847.66871047392,149.9894094018673,395033.44210446934,0.9984278619054244,7347020.5335556995,74.32669509966104
San Sebastian,2000-2004,1,5,5,1.9357199779763035e-4,2.5,9.673918390608014e-4,98697.67930107206,95.47932949008828,493249.69818163506,0.9989840969462083,6951987.09145123,70.43718900668942
San Sebastian,2000-2004,1,10,5,2.130056167756595e-4,2.5,0.00106446124331913,98602.19997158197,104.95822037575999,492748.6043069705,0.9976421381002937,6458737.393269596,65.5029745292809
San Sebastian,2000-2004,1,15,5,7.318647791854106e-4,2.5,0.0036526407980492824,98497.24175120621,359.7750437157665,491586.77114674164,0.994318859396637,5965988.788962625,60.570110217218996
San Sebastian,2000-2004,1,20,5,0.0015493937861086444,2.5,0.0077170769528490555,98137.46670749044,757.3343825393822,488793.99758110376,0.9917031649064039,5474402.017815883,55.78299707015001
San Sebastian,2000-2004,1,25,5,0.00178414299151377,2.5,0.008881102067542041,97380.13232495106,864.8428945286287,484738.5543884337,0.9897350775708987,4985608.020234779,51.197383913980886
San Sebastian,2000-2004,1,30,5,0.0023459065286694867,2.5,0.011661142765981276,96515.28943042243,1125.4785691481666,479762.75072924176,0.9881529584967816,4500869.465846346,46.6337457247228
San Sebastian,2000-2004,1,35,5,0.0024215988547542913,2.5,0.012035133609358364,95389.81086127427,1148.0291186868562,474078.9815096542,0.985313770186259,4021106.7151171044,42.154467849454214
San Sebastian,2000-2004,1,40,5,0.0035043588907616697,2.5,0.017369620989449504,94241.78174258741,1636.9440302391595,467116.54863733915,0.9810312627966896,3547027.73360745,37.63752836608951
San Sebastian,2000-2004,1,45,5,0.004162085496564505,2.5,0.020596120447324263,92604.83771234825,1907.3003915284498,458255.93758292013,0.9754652316094478,3079911.1849701107,33.258642432234666
San Sebastian,2000-2004,1,50,5,0.005793975711806022,2.5,0.02855624311150884,90697.5373208198,2589.980925348471,447012.7342907278,0.9611317556582647,2621655.247387191,28.90547334393152
San Sebastian,2000-2004,1,55,5,0.010147747140253682,2.5,0.04948337378912175,88107.55639547133,4359.859146763236,429638.1341104486,0.9425923452749327,2174642.513096463,24.681680006372737
San Sebastian,2000-2004,1,60,5,0.013595818822436224,2.5,0.06574446937662656,83747.6972487081,5505.947917130674,404973.61645071383,0.9236370973215233,1745004.3789860143,20.836446091213965
San Sebastian,2000-2004,1,65,5,0.01835065124398553,2.5,0.08772856544823819,78241.74933157742,6864.036427019935,374048.65559033724,0.8800299342324909,1340030.7625353003,17.126799617636873
San Sebastian,2000-2004,1,70,5,0.033677689712755185,2.5,0.1553120693622099,71377.71290455748,11085.82029754854,329174.0137789161,0.807147819654297,965982.1069449632,13.53338552941061
San Sebastian,2000-2004,1,75,5,0.053847859545902405,2.5,0.23729476040618502,60291.892607008944,14306.950210615621,265692.0875085057,0.7149759438021411,636808.0931660471,10.562084977442192
San Sebastian,2000-2004,1,80,5,0.0841451568472491,2.5,0.3476030097882294,45984.94239639332,15984.504381924678,189963.45102715492,0.48812918836367986,371116.00565754145,8.070381005558218
San Sebastian,2000-2004,1,85,NA,0.1588524563047518,6.038330325144589,1,30000.438014468644,30000.438014468644,181152.55463038653,0,181152.55463038653,6.038330325144589
San Sebastian,2000-2004,2,0,1,0.007479646126062477,0.13365730770648757,0.007431490537331269,100000,743.1490537331265,99356.17824801347,0.9923262842661451,8039182.607037743,80.39182607037742
San Sebastian,2000-2004,2,1,4,2.232773420726192e-4,1.511908964895762,8.92613490832232e-4,99256.85094626687,88.59800421216642,396806.96388505906,0.9990959446182655,7939826.428789729,79.99272950023358
San Sebastian,2000-2004,2,5,5,1.0222135104725208e-4,2.5,5.109761735492275e-4,99168.2529420547,50.67261442588642,495714.5831742088,0.9994052615927618,7543019.46490467,76.06284512556809
San Sebastian,2000-2004,2,10,5,1.3575475041207674e-4,2.5,6.785434633141188e-4,99117.58032762882,67.25558623082179,495419.76267256704,0.9986016849666962,7047304.881730461,71.1004532035175
San Sebastian,2000-2004,2,15,5,4.241643783362276e-4,2.5,0.002118575331210335,99050.324741398,209.8455745454994,494727.0097706262,0.9973298174902625,6551885.119057894,66.1470331991707
San Sebastian,2000-2004,2,20,5,6.456325823880048e-4,2.5,0.0032229607906944457,98840.4791668525,318.55898888820957,493405.99836204195,0.9960336563138779,6057158.109287268,61.28216051100062
San Sebastian,2000-2004,2,25,5,9.446517053881746e-4,2.5,0.004712130222314571,98521.92017796429,464.24811763103935,491448.98059574387,0.9951060126960728,5563752.110925226,56.47222568211405
San Sebastian,2000-2004,2,30,5,0.0010179249278559552,2.5,0.0050767053768934756,98057.67206033325,497.8099109943578,489043.8355241803,0.994677168446274,5072303.130329482,51.727753920249896
San Sebastian,2000-2004,2,35,5,0.0011171541168178594,2.5,0.005570213616406488,97559.8621493389,543.4292725589912,486440.737565297,0.9931260383660477,4583259.294805301,46.97894394099817
San Sebastian,2000-2004,2,40,5,0.0016437294700769962,2.5,0.008185012484799447,97016.4328767799,794.0807143271377,483096.9625980817,0.9901010224014954,4096818.5572400047,42.22808895110949
San Sebastian,2000-2004,2,45,5,0.0023390154306757085,2.5,0.011627087311788327,96222.35216245276,1118.7856899384788,478314.79658741766,0.9864007748379574,3613721.594641923,37.55594738050942
San Sebastian,2000-2004,2,50,5,0.003143422747869004,2.5,0.01559456297931439,95103.56647251429,1483.0985569130426,471810.0859702888,0.9803097326229244,3135406.798054505,32.96834087668693
San Sebastian,2000-2004,2,55,5,0.004827743768592853,2.5,0.02385085430979,93620.46791560124,2232.928140669377,462520.0192263328,0.9676993408539024,2663596.7120842165,28.451008325288935
San Sebastian,2000-2004,2,60,5,0.008362638629788949,2.5,0.04095692327705964,91387.53977493187,3742.952455041115,447580.3177370565,0.9525468673970275,2201076.692857884,24.08508532212016
San Sebastian,2000-2004,2,65,5,0.01114760309948524,2.5,0.05422676924514556,87644.58731989075,4752.682812181723,426341.22956899944,0.921000154516705,1753496.3751208272,20.006898643048036
San Sebastian,2000-2004,2,70,5,0.02220665761404259,2.5,0.1051933086016974,82891.90450770903,8719.673691461867,392660.3383098905,0.8654022086815254,1327155.1455518277,16.010672615543548
San Sebastian,2000-2004,2,75,5,0.036552320523355955,2.5,0.16745905956718135,74172.23081624716,12420.812018488665,339809.1240350142,0.7891365452302479,934494.8072419373,12.5989847812052
San Sebastian,2000-2004,2,80,5,0.06056374105776607,2.5,0.2629983025527399,61751.418797758495,16240.518324033837,268155.7981787079,0.5490797815534395,594685.6832069231,9.630316109085246
San Sebastian,2000-2004,2,85,NA,0.1371116100008125,7.174762125762257,1,45510.90047372466,45510.90047372466,326529.88502821524,0,326529.88502821524,7.174762125762257
San Sebastian,2005-2009,1,0,1,0.009833397450957066,0.12966794705648774,0.009749954213154305,100000,974.9954213154269,99151.43023335602,0.9898181057806296,7591246.518279506,75.91246518279506
San Sebastian,2005-2009,1,1,4,3.640689911812225e-4,1.623623387955766,0.0014550171347733744,99025.00457868457,144.0830784330028,395757.62265695876,0.9985412282091158,7492095.088046149,75.65861895106487
San Sebastian,2005-2009,1,5,5,1.7605799844035445e-4,2.5,8.799027074280422e-4,98880.92150025157,87.00559054104087,494187.0935249052,0.9989318222082483,7096337.465389191,71.76649810419836
San Sebastian,2005-2009,1,10,5,2.5148174547593176e-4,2.5,0.0012566186857284473,98793.91590971053,124.14628076842928,493659.2138466316,0.9977264090260922,6602150.371864285,66.82749955875931
San Sebastian,2005-2009,1,15,5,6.594539726872045e-4,2.5,0.0032918428163792148,98669.7696289421,324.80537234681833,492536.8347138435,0.9953322101035702,6108491.158017654,61.90843640346246
San Sebastian,2005-2009,1,20,5,0.0012133255345559261,2.5,0.006048281337312781,98344.96425659528,594.8180119318713,490237.7762531467,0.9926903535905276,5615954.32330381,57.10464552766553
San Sebastian,2005-2009,1,25,5,0.0017231284892072472,2.5,0.008578686996128683,97750.14624466341,838.5679084587755,486654.31145217014,0.9913887134576391,5125716.547050664,52.43691947244016
San Sebastian,2005-2009,1,30,5,0.0017363382338027639,2.5,0.008644168169782284,96911.57833620463,837.7199807371799,482463.5917291802,0.99050287127064085,4639062.235598493,47.869019525249165
San Sebastian,2005-2009,1,35,5,0.0020822890248617374,2.5,0.01035752671380651,96073.85835546746,995.0875544152223,477881.5728912992,0.9867285000799054,4156598.6438693134,43.264616567080616
San Sebastian,2005-2009,1,40,5,0.0032697048305738103,2.5,0.016215970559690394,95078.77080105223,1541.7945481614152,471539.36763485766,0.9804078839888488,3678717.0709780143,38.6912561025379
San Sebastian,2005-2009,1,45,5,0.004658409676700073,2.5,0.023023911354872806,93536.97625289082,2153.587049649388,462300.91364033066,0.9730982374283639,3207177.7033431567,34.28780608293436
San Sebastian,2005-2009,1,50,5,0.006270996202892162,2.5,0.030871001186412138,91383.38920324143,2821.096716511631,449864.20422492805,0.9596191857953542,2744876.789702826,30.036933556907993
San Sebastian,2005-2009,1,55,5,0.010297136223653396,2.5,0.05019355639879688,88562.2924867298,4445.256422739418,431698.3213768004,0.9419988285718183,2295012.585477898,25.91410543964615
San Sebastian,2005-2009,1,60,5,0.013697822073921553,2.5,0.06622138838078756,84117.03606399038,5570.346914634225,406659.31303336634,0.9184067272338055,1863314.2641010976,22.151449353061107
San Sebastian,2005-2009,1,65,5,0.020622112699022848,2.5,0.09805529512795277,78546.68914935616,7701.918785863687,373478.6487821216,0.8888954418031726,1456654.9510677313,18.545084036551927
San Sebastian,2005-2009,1,70,5,0.02679697685409262,2.5,0.1255724773479527,70844.77036349247,8896.153321690566,331983.4685132359,0.8357387013984543,1083176.3022856095,15.289432045979062
San Sebastian,2005-2009,1,75,5,0.04655467375319719,2.5,0.2085060418779857,61948.6170418019,12916.660939201247,277451.4328610064,0.7569725996812038,751192.8337723737,12.126063012278083
San Sebastian,2005-2009,1,80,5,0.06691957726825905,2.5,0.2866428418348875,49031.956102600656,14054.659237972905,210023.132418071,0.5566713569596498,473741.40091136727,9.661890704911935
San Sebastian,2005-2009,1,85,NA,0.16283296490322258,7.539698379607842,1,34977.29686462775,34977.29686462775,263718.2684932963,0,263718.2684932963,7.539698379607842
San Sebastian,2005-2009,2,0,1,0.005748973632483763,0.13721430696236508,0.005720598706637082,100000,572.0598706637102,99506.43492803039,0.9940580300510435,8120969.05921303,81.2096905921303
San Sebastian,2005-2009,2,1,4,1.9148478304530957e-4,1.5146925859043014,7.655747962450316e-4,99427.94012933629,76.11952500557527,397522.5800974914,0.9992071962995009,8021462.624284999,80.67614207687141
San Sebastian,2005-2009,2,5,5,9.998042534427872e-5,2.5,4.997772068770912e-4,99351.82060433071,49.65377539979818,496634.9685831541,0.9994608527151886,7623940.0441875085,76.73679251988648
San Sebastian,2005-2009,2,10,5,1.1574088996681659e-4,2.5,5.785370488518008e-4,99302.16682893092,57.449982541787904,496367.20918830007,0.998824089979947,7127305.075604354,71.77391292863379
San Sebastian,2005-2009,2,15,5,3.550406138697514e-4,2.5,0.001773628793709518,99244.71684638913,176.02328742231475,495783.5260133898,0.9973637128366152,6630937.866416055,66.81401365353697
San Sebastian,2005-2009,2,20,5,7.013231406773434e-4,2.5,0.003500478287320875,99068.69355896681,346.78781075641746,494476.49826794304,0.9963163897858417,6135154.340402665,61.92828551585725
San Sebastian,2005-2009,2,25,5,7.749756532178675e-4,2.5,0.0038673854421910694,98721.9057482104,381.7956611159898,492655.03958826204,0.9955678014705116,5640677.842134722,57.13704369242258
San Sebastian,2005-2009,2,30,5,0.0010023463566253355,2.5,0.004999204447217444,98340.1100870944,491.6223156872584,490471.4946462539,0.9943106293199815,5148022.802546459,52.34916656069573
San Sebastian,2005-2009,2,35,5,0.0012806882254220288,2.5,0.006383004530248383,97848.48777140715,624.567340722846,487681.0205052286,0.9919525625398333,4657551.307900205,47.59962482793949
San Sebastian,2005-2009,2,40,5,0.001954011544344204,2.5,0.009722562722221441,97223.9204306843,945.265664487597,483756.4379922025,0.9903279880875726,4169870.287394977,42.889345224130125
San Sebastian,2005-2009,2,45,5,0.0019334939976041465,2.5,0.0096209647938207,96278.6547661967,926.2935479020089,479077.5399612285,0.9871436668957901,3686113.8494027746,38.285888584070285
San Sebastian,2005-2009,2,50,5,0.0032508330364626843,2.5,0.016123131163717833,95352.3612182947,1537.3786266927636,472918.35952474154,0.9791914659726604,3207036.309441546,33.633527984687504
San Sebastian,2005-2009,2,55,5,0.0051803766175948455,2.5,0.025570718211183424,93814.98259160193,2398.9164838369325,463077.6217484173,0.9715373727193928,2734117.949916804,29.143723895564154
San Sebastian,2005-2009,2,60,5,0.006386449424257114,2.5,0.031430425071037854,91416.066107765,2873.2458160891547,449897.2159986021,0.9549802495585008,2271040.328168387,24.842901525550133
San Sebastian,2005-2009,2,65,5,0.012169310054019758,2.5,0.059050054223711235,88542.82029167585,5228.458339343779,429642.9556100198,0.9282422395082384,1821143.112169785,20.567936577698955
San Sebastian,2005-2009,2,70,5,0.01781193899498063,2.5,0.08526294886558812,83314.36195233207,7103.62818291079,398812.7393043834,0.8810960499245774,1391500.156559765,16.701804154197394
San Sebastian,2005-2009,2,75,5,0.033764356380595474,2.5,0.15568064034735854,76210.73376942128,11864.53583456557,351392.32926069247,0.8031057002228781,992687.4172553818,13.025559106395677
San Sebastian,2005-2009,2,80,5,0.05602421140550579,2.5,0.24570717959397098,64346.19793485571,15810.322812168786,282205.18264385656,0.5599448866413372,641295.0879946894,9.966324484998143
San Sebastian,2005-2009,2,85,NA,0.11793111302881891,7.398442995889958,1,48535.87512268692,48535.87512268692,359089.90535083273,0,359089.90535083273,7.398442995889958
San Sebastian,2010-2014,1,0,1,0.010579088729711271,0.12817995739429766,0.010482408827514299,100000,1048.24088275143,99086.12258893861,0.9891776740500733,7635375.035591646,76.35375035591646
San Sebastian,2010-2014,1,1,4,3.234934758825093e-4,1.6214165022026994,0.0012929790127561135,98951.75911724857,127.94254781390191,395502.714436098,0.9986629289539095,7536288.913002707,76.16124240977778
San Sebastian,2010-2014,1,5,5,1.5512092089992163e-4,2.5,7.753039398467922e-4,98823.81656943467,76.61849433698808,493927.53661133087,0.9990781056472502,7140786.198566609,72.25774561691226
San Sebastian,2010-2014,1,10,5,2.138339525132401e-4,2.5,0.0010685985059607523,98747.19807509768,105.52110833085317,493472.1876046613,0.9978630217898583,6646858.661955278,67.31187103557423
San Sebastian,2010-2014,1,15,5,6.42329976707373e-4,2.5,0.0032065008045690873,98641.67696676683,316.29461655797786,492417.6482924392,0.9954118500825131,6153386.474350617,62.381202992156574
San Sebastian,2010-2014,1,20,5,0.0011984285601869256,2.5,0.005974243540722842,98325.38235020885,587.4197803948482,490158.36230005714,0.9935710979348179,5660968.826058178,57.57382977566579
San Sebastian,2010-2014,1,25,5,0.0013820171185937337,2.5,0.006886293155407598,97737.962569814,673.0522626679885,487007.18219240004,0.991375413468402,5170810.46375812,52.90483173377614
San Sebastian,2010-2014,1,30,5,0.0020858067145432466,2.5,0.010374933308820044,97064.91030714601,1007.0419710632414,482806.946608072,0.9898886272404956,4683803.281565721,48.25434100484503
San Sebastian,2010-2014,1,35,5,0.001978750270844952,2.5,0.009845049120192106,96057.86833608277,945.6944321496703,477925.10560003965,0.9868831902929133,4200996.334957649,43.73401583573976
San Sebastian,2010-2014,1,40,5,0.003311408730165742,2.5,0.0164211012060967,95112.1739039331,1561.8466336083657,471656.2529356446,0.9811393845690878,3723071.229357609,39.144003091739364
San Sebastian,2010-2014,1,45,5,0.0043142060228865175,2.5,0.021340857969468965,93550.32727032473,1996.4442472733353,462760.52573344036,0.9749986623302346,3251414.9764219644,34.755784092840386
San Sebastian,2010-2014,1,50,5,0.005832140355382013,2.5,0.028741638600998348,91553.8830230514,2631.4086183666222,451190.89356934046,0.9657186385751046,2788654.450688524,30.45916086362386
San Sebastian,2010-2014,1,55,5,0.008160145097958822,2.5,0.039985016645857865,88922.47440468478,3555.5666192621866,435723.4554752684,0.9507622056214737,2337463.5571191837,26.286532991439532
San Sebastian,2010-2014,1,60,5,0.012132342435627,2.5,0.05887595408759753,85366.90778542259,5026.058143374699,414269.3935686762,0.9263566427867049,1901740.1016439153,22.27725181781341
San Sebastian,2010-2014,1,65,5,0.01870230065773937,2.5,0.08933459705552098,80340.84964204789,7177.21742987055,383761.2046355631,0.8914973260017036,1487470.708075239,18.514500589706774
San Sebastian,2010-2014,1,70,5,0.02770481550668387,2.5,0.12955110394940558,73163.63221217734,9478.42932203586,342122.0877557971,0.8374180843717892,1103709.503439676,15.085493571982267
San Sebastian,2010-2014,1,75,5,0.044575047328483414,2.5,0.20052878629307427,63685.20289014148,12770.716440388263,286499.22334973677,0.758356398557575,761587.4156838789,11.958624313368926
San Sebastian,2010-2014,1,80,5,0.06867799012120078,2.5,0.29307111308316636,50914.48644975322,14921.565215886963,217268.51920904868,0.5426775013254003,475088.1923341421,9.331100546462348
San Sebastian,2010-2014,1,85,NA,0.13507749071807829,7.1630660776293755,1,35992.921233866255,35992.921233866255,257819.67312509342,0,257819.67312509342,7.1630660776293755
San Sebastian,2010-2014,2,0,1,0.005457900997946318,0.13781253981595087,0.005432337862059308,100000,543.2337862059358,99531.63064158494,0.9943687361936043,8302129.538533599,83.02129538533599
San Sebastian,2010-2014,2,1,4,1.7642638036037978e-4,1.5151615862984296,7.053962820268141e-4,99456.76621379406,70.15643310961605,397652.7374552172,0.9992755690459922,8202597.907892014,82.47400574295328
San Sebastian,2010-2014,2,5,5,8.76419098701324e-5,2.5,4.3811355657856564e-4,99386.60978068445,43.54262108729745,496824.19235070405,0.9995265727034683,7804945.170436797,78.53115412287329
San Sebastian,2010-2014,2,10,5,1.017771928437335e-4,2.5,5.087565146939012e-4,99343.06715959715,50.541432607133174,496588.9822164679,0.9989237083102125,7308120.9780860925,73.56447900229828
San Sebastian,2010-2014,2,15,5,3.290936838683783e-4,2.5,0.0016441157490704723,99292.52572699002,163.24840531271184,496054.5076216683,0.9976013754821123,6811531.995869624,68.60065192216267
San Sebastian,2010-2014,2,20,5,6.318717463497124e-4,2.5,0.003154375829338743,99129.2773216773,312.6909963633225,494864.65911747824,0.9964188910025149,6315477.488247956,63.70950801703167
San Sebastian,2010-2014,2,25,5,8.03449091414632e-4,2.5,0.004009192501890784,98816.58632531398,396.17471695788845,493092.4948341752,0.9956518340234111,5820612.829130478,58.90319677678851
San Sebastian,2010-2014,2,30,5,9.399041585041634e-4,2.5,0.004688503931664481,98420.4116083561,461.4444867818238,490948.4468248259,0.9946266240927573,5327520.334296303,54.13023830357549
San Sebastian,2010-2014,2,35,5,0.0012159801226878815,2.5,0.006061474033591817,97958.96712157427,593.7757355648937,488310.39626895916,0.9931508094862231,4836571.8874714775,49.37344716455551
San Sebastian,2010-2014,2,40,5,0.0015342041392596786,2.5,0.007641710835311991,97365.19138600938,744.0366379966872,484965.86533505516,0.9907126103242344,4348261.491202518,44.659302049370076
San Sebastian,2010-2014,2,45,5,0.0022011950875773017,2.5,0.010945741158715367,96621.15474801269,1057.590150327931,480461.79836424364,0.9873152377048241,3863295.6258674627,39.98395212666327
San Sebastian,2010-2014,2,50,5,0.0029096176386086046,2.5,0.014443028963475366,95563.56459768476,1380.2273313373153,474367.2546600805,0.9822333529086863,3382833.8275032192,35.3987823889229
San Sebastian,2010-2014,2,55,5,0.00427295732270568,2.5,0.021138971802632085,94183.33726634744,1990.9389107511088,465939.3390548595,0.9710733562461268,2908466.5728431386,30.880903748590782
San Sebastian,2010-2014,2,60,5,0.007515086406092218,2.5,0.03688249420343359,92192.39835559634,3400.2855979509186,452461.2777831044,0.9598366572106786,2442527.2337882794,26.493802931204588
San Sebastian,2010-2014,2,65,5,0.008908026845404782,2.5,0.04356983116290171,88792.11275764542,3868.6573614479566,434288.92038460716,0.9431024797236905,1990065.956005175,22.41264335535051
San Sebastian,2010-2014,2,70,5,0.01468661313368308,2.5,0.0708323474572763,84923.45539619746,6015.327699895948,409578.9577312474,0.9032869843521294,1555777.0356205676,18.319756636871716
San Sebastian,2010-2014,2,75,5,0.026568071433773467,2.5,0.12456662002138749,78908.12769630151,9829.318759344314,369967.3415831468,0.836328524827843,1146198.0778893202,14.52572898828321
San Sebastian,2010-2014,2,80,5,0.04651344236177631,2.5,0.20834061396113565,69078.8089369572,14391.92146562966,309414.24102071184,0.6013888312473784,776230.7363061735,11.236886510515523
San Sebastian,2010-2014,2,85,NA,0.12087145537911653,8.536168666212987,1,54686.887471327536,54686.887471327536,466816.49528546166,0,466816.49528546166,8.536168666212987
San Sebastian,2015-2019,1,0,1,0.00835959546853164,0.13260884522231856,0.008299416077491153,100000,829.9416077491187,99280.11599045644,0.9913565264444195,7836225.192957439,78.3622519295744
San Sebastian,2015-2019,1,1,4,3.0000923728450135e-4,1.6279938593585193,0.0011991835816170136,99170.05839225088,118.92310581199126,396398.14723175333,0.9987919011489295,7736945.076966983,78.01694586449437
San Sebastian,2015-2019,1,5,5,1.4239456367329918e-4,2.5,7.117194559130394e-4,99051.13528643889,70.4966201136267,495079.4348819104,0.9991937805976961,7340546.92973523,74.10866022390988
San Sebastian,2015-2019,1,10,5,1.8023850903124876e-4,2.5,9.007866540475419e-4,98980.63866632526,89.16043831974093,494680.29223582696,0.9980524600122967,6845467.49485332,69.15966179941667
San Sebastian,2015-2019,1,15,5,5.99945904689943e-4,2.5,0.002995237072911044,98891.47822800552,296.203421783488,493716.88258556894,0.995637491116367,6350787.2026174925,64.21976207065114
San Sebastian,2015-2019,1,20,5,0.001150074860559214,2.5,0.005733888300825983,98595.27480622203,565.3342927281337,491563.0382992898,0.9938172359808322,5857070.320031924,59.405182769086444
San Sebastian,2015-2019,1,25,5,0.0013312616235742498,2.5,0.0066342283837479725,98029.9405134939,650.3530138117349,488523.82003294013,0.9924586477651168,5365507.281732634,54.73335241893845
San Sebastian,2015-2019,1,30,5,0.0016980851284575918,2.5,0.008454534344691074,97379.58749968217,823.2990669879218,484839.68983094103,0.9900187786281864,4876983.461699693,50.08219470754701
San Sebastian,2015-2019,1,35,5,0.0023175352526616697,2.5,0.011520925883611916,96556.28843269424,1112.4178426297149,480000.39755689696,0.9879530849428677,4392143.771868753,45.48791014197228
San Sebastian,2015-2019,1,40,5,0.002531730310185669,2.5,0.012579034742104683,95443.87059006453,1200.5917640733533,474217.8735401393,0.9842956452889329,3912143.374311856,40.98894303139358
San Sebastian,2015-2019,1,45,5,0.0038098426953218517,2.5,0.01886948901439439,94243.27882599118,1778.3225144875614,466770.587843737,0.9772015331575509,3437925.5007717167,36.479264554445635
San Sebastian,2015-2019,1,50,5,0.005433417633414424,2.5,0.026803008321959396,92464.95631150361,2478.3389935068262,456128.93407375104,0.9666376136231779,2971154.9129279796,32.13276717417685
San Sebastian,2015-2019,1,55,5,0.008184594522098253,2.5,0.040102417543125365,89986.61731799679,3608.6809009797435,440911.38433753455,0.9558203582800512,2515025.9788542287,27.94888899942279
San Sebastian,2015-2019,1,60,5,0.009925779550200341,2.5,0.0484272033883383,86377.93641701704,4183.0418951318425,421432.0773472556,0.9403935499051245,2074114.594516694,24.01208781491658
San Sebastian,2015-2019,1,65,5,0.014798911040121314,2.5,0.07135462821256006,82194.8945218852,5864.98613957972,396312.0072604767,0.9142684432365012,1652682.5171694383,20.106875576431275
San Sebastian,2015-2019,1,70,5,0.021321649904343928,2.5,0.10121317007651875,76329.90838230548,7725.591999023367,362335.561913969,0.8624519075728487,1256370.5099089616,16.45974083469762
San Sebastian,2015-2019,1,75,5,0.03907184478419196,2.5,0.1779747221250142,68604.31638328212,12209.834144891196,312496.9965541826,0.7889961538825103,894034.9479949927,13.031759444991076
San Sebastian,2015-2019,1,80,5,0.057452363284338566,2.5,0.25118402655897054,56394.48223839092,14165.393124347378,246558.92838108615,0.5760226348594872,581537.9514408101,10.31196543276222
San Sebastian,2015-2019,1,85,NA,0.14077675613273474,7.932423599170757,1,42229.08911404354,42229.08911404354,334979.0230597239,0,334979.0230597239,7.932423599170757
San Sebastian,2015-2019,2,0,1,0.005157278201659048,0.1384304008304762,0.005134463960103824,100000,513.4463960103894,99557.6301943943,0.9946934345600557,8412326.20459154,84.12326204591541
San Sebastian,2015-2019,2,1,4,1.5899571773377033e-4,1.515646227136911,6.357317558672095e-4,99486.55360398961,63.24676140783413,397789.08708563354,0.9993499998839952,8312768.574397146,83.55670463253225
San Sebastian,2015-2019,2,5,5,7.491989227718327e-5,2.5,3.7452931214661467e-4,99423.30684258178,37.2369427231024,497023.44185610116,0.9995844922230767,7914979.487311512,79.60889391703097
San Sebastian,2015-2019,2,10,5,9.132116314560181e-5,2.5,4.5650159508640626e-4,99386.06989985867,45.369899438650464,496816.92475069675,0.9990232234792089,7417956.045455411,74.63778427831726
San Sebastian,2015-2019,2,15,5,2.996821676759111e-4,2.5,0.0014972890613007353,99340.70000042002,148.74174345258507,496331.64564346866,0.9979860761142403,6921139.120704714,69.67073033183227
San Sebastian,2015-2019,2,20,5,5.069082612832459e-4,2.5,0.0025313334218572247,99191.95825696744,251.0879191153217,495332.0714870489,0.9970164312531007,6424807.475061245,64.7714551457598
San Sebastian,2015-2019,2,25,5,6.88573644281511e-4,2.5,0.0034369517354533034,98940.87033785212,340.05499601495103,493854.2141992232,0.9960807630981795,5929475.403574197,59.929484987618295
San Sebastian,2015-2019,2,30,5,8.825801571674644e-4,2.5,0.0044031853757349375,98600.81534183717,434.1576681487204,491918.682538814,0.9950297728352588,5435621.189374974,55.12754808903283
San Sebastian,2015-2019,2,35,5,0.0011110327941031585,2.5,0.005539776786311784,98166.65767368845,543.8213713705045,489473.73494001594,0.9939413725389818,4943702.506836159,50.3603017968617
San Sebastian,2015-2019,2,40,5,0.0013204181117359034,2.5,0.006580368464423714,97622.83630231794,642.3942334113672,486508.19592806126,0.9920901977992006,4454228.771896143,45.62691415871496
San Sebastian,2015-2019,2,45,5,0.0018582007691169654,2.5,0.00924804204846661,96980.44206890657,896.8792061321292,482660.01232920255,0.9881947739615529,3967720.5759680825,40.91258496376967
San Sebastian,2015-2019,2,50,5,0.0028981024001784954,2.5,0.014386279721416782,96083.56286277444,1382.2850119742216,476962.1017839366,0.9836007964472091,3485060.56363888,36.27114211632855
San Sebastian,2015-2019,2,55,5,0.003722627141177227,2.5,0.018441508555206477,94701.27785080022,1746.4344256744953,469140.30318981485,0.9780918534132741,3008098.461854943,31.764074679056982
San Sebastian,2015-2019,2,60,5,0.005153535913751612,2.5,0.025439915769851194,92954.84342512573,2364.76338713491,458862.30865779135,0.968372134513285,2538958.1586651285,27.313887744969804
San Sebastian,2015-2019,2,65,5,0.00774248867115822,2.5,0.03797734543874082,90590.08003799082,3440.370762925959,444349.4732826392,0.9514751471973026,2080095.850007337,22.9616294536334
San Sebastian,2015-2019,2,70,5,0.012262487868746503,2.5,0.05948873947828382,87149.70927506486,5184.426350672511,422787.48049864307,0.914063720982485,1635746.3767246976,18.769384204850294
San Sebastian,2015-2019,2,75,5,0.024190899639351473,2.5,0.11405666486442145,81965.28292439235,9348.686805024903,386454.6976093995,0.8486176667779579,1212958.8962260548,14.798447012559336
San Sebastian,2015-2019,2,80,5,0.04284854661054269,2.5,0.19351332160168647,72616.59611936744,14052.278718466936,327952.2838006699,0.6032055440860755,826504.1986166552,11.381753521716226
San Sebastian,2015-2019,2,85,NA,0.11477685524948683,8.51289551286257,1,58564.31740090051,58564.31740090051,498551.91481598525,0,498551.91481598525,8.51289551286257
San Sebastian,2020-2024,1,0,1,0.009620826994614218,0.13009212077359705,0.009540976338611154,100000,954.0976338611217,99170.02295075294,0.9901135526918192,7773309.845663756,77.73309845663756
San Sebastian,2020-2024,1,1,4,3.15627459725893e-4,1.6242530382917646,0.0012615638540132308,99045.90236613888,124.9527303132345,395886.7533951567,0.9986967963202751,7674139.8227130035,77.4806391721722
San Sebastian,2020-2024,1,5,5,1.5625170555624612e-4,2.5,7.809534645042584e-4,98920.94963582564,77.25265833015146,494411.6165333029,0.9991598852423781,7278253.069317847,73.57645772824165
San Sebastian,2020-2024,1,10,5,1.7994537225528748e-4,2.5,8.993222890662287e-4,98843.69697749549,88.89233982557198,493996.2540379135,0.9981490064552563,6783841.452784544,68.63200851672994
San Sebastian,2020-2024,1,15,5,5.614913625296829e-4,2.5,0.002803521429979414,98754.80463766992,276.8612111151306,493081.87016056175,0.9953314592534733,6289845.198746631,63.69153604043864
San Sebastian,2020-2024,1,20,5,0.0013120502963510567,2.5,0.00653880338445938,98477.94342655479,643.9279097721592,490779.8973583436,0.9933047795911151,5796763.328586069,58.863570124302164
San Sebastian,2020-2024,1,25,5,0.0013752454385302113,2.5,0.006852666945255483,97834.01551678263,670.4239242534532,487494.0177732796,0.9921844145612937,5305983.431227725,54.23454616679336
San Sebastian,2020-2024,1,30,5,0.0017647815378419715,2.5,0.008785148021620446,97163.59159252918,853.5965344526485,483683.9666265143,0.9888107822668026,4818489.413454446,49.59151194885364
San Sebastian,2020-2024,1,35,5,0.0027415817101248447,2.5,0.013614594740793916,96309.99505807653,1311.221552203584,478271.92140987364,0.9857380839822021,4334805.446827931,45.008884531807645
San Sebastian,2020-2024,1,40,5,0.0030060568270058323,2.5,0.014918171953411661,94998.77350587294,1417.2080385238223,471450.84743305517,0.9821512099742628,3856533.5254180576,40.59561384947398
San Sebastian,2020-2024,1,45,5,0.0042085771939306075,2.5,0.020823789654079616,93581.56546734912,1948.7228347915516,463036.0202497667,0.9771570970773774,3385082.6779850023,36.172537412467925
San Sebastian,2020-2024,1,50,5,0.005043798985710291,2.5,0.024904955949656363,91632.84263255757,2282.111909305633,452458.93338952377,0.9711141103964311,2922046.657735236,31.888639201694037
San Sebastian,2020-2024,1,55,5,0.006704214042425458,2.5,0.0329685005020681,89350.73072325194,2945.7596107096906,439389.25458948547,0.9532455319071067,2469587.724345712,27.639256045871885
San Sebastian,2020-2024,1,60,5,0.012586026152914634,2.5,0.06101043348593653,86404.97111254225,5271.604742916024,418845.8437054212,0.9340888797018814,2030198.4697562265,23.496315589434065
San Sebastian,2020-2024,1,65,5,0.014750654103419213,2.5,0.07113022707730847,81133.36636962622,5771.034773417967,391239.2449145862,0.913018236192507,1611352.6260508054,19.86054194657508
San Sebastian,2020-2024,1,70,5,0.021951425092184295,2.5,0.1040471665068487,75362.33159620826,7841.2370639350265,357208.5653212037,0.8569092224910615,1220113.3811362193,16.18996327865216
San Sebastian,2020-2024,1,75,5,0.041176923978968105,2.5,0.18666853020141688,67521.09453227323,12604.063473930371,306095.31397654023,0.7795981839921025,862904.8158150155,12.779781219372424
San Sebastian,2020-2024,1,80,5,0.06026669044250475,2.5,0.2618772624391471,54917.03105834286,14381.521754844449,238631.35090460317,0.5714308931210953,556809.5018384752,10.139104228830778
San Sebastian,2020-2024,1,85,NA,0.13178761108136938,7.849368526533149,1,40535.50930349841,40535.50930349841,318178.15093387204,0,318178.15093387204,7.849368526533149
San Sebastian,2020-2024,2,0,1,0.005721878190293391,0.1372699954118357,0.0056937712529197175,100000,569.3771252919687,99508.78127008447,0.9941419504204599,8436071.788358983,84.36071788358983
San Sebastian,2020-2024,2,1,4,1.6223678877027653e-4,1.5147362341714996,6.48685604258863e-4,99430.62287470803,64.49921368132345,397562.1939401455,0.9993257767905573,8336563.007088899,83.84301300811275
San Sebastian,2020-2024,2,5,5,7.632216224352629e-5,2.5,3.8153801170255343e-4,99366.12366102671,37.91195325223089,496735.83842200297,0.9995657242201769,7939000.813148754,79.89645284173022
San Sebastian,2020-2024,2,10,5,9.74304613753553e-5,2.5,4.8703367708711673e-4,99328.21170777448,48.37618418650527,496520.11807840614,0.9989574114838924,7442264.9747267505,74.92599380145933
San Sebastian,2020-2024,2,15,5,3.1993850928334377e-4,2.5,0.0015984140608870745,99279.83552358797,158.69028506346513,496002.4519052812,0.9977451045538258,6945744.856648345,69.96128488748452
San Sebastian,2020-2024,2,20,5,5.833350286859672e-4,2.5,0.0029124278404851476,99121.1452385245,288.68318297347287,494884.0182351888,0.9966793558475329,6449742.404743063,65.06928858844844
San Sebastian,2020-2024,2,25,5,7.474044966722835e-4,2.5,0.0037300528377021075,98832.46205555103,368.6503055473877,493240.6845138867,0.9960434179445413,5954858.386507874,60.25204940418069
San Sebastian,2020-2024,2,30,5,8.385461019709145e-4,2.5,0.004183959402734653,98463.81175000365,411.968591000521,491289.1372725169,0.9952338716834348,5461617.701993988,55.46827412959448
San Sebastian,2020-2024,2,35,5,0.0010730193726714932,2.5,0.005350743235482806,98051.84315900313,524.650236509653,488947.59020374145,0.9944714485998125,4970328.564721471,50.69082237099278
San Sebastian,2020-2024,2,40,5,0.0011447298854144374,2.5,0.00570731608884118,97527.19292249347,556.6185172660626,486244.41831930226,0.9921200190254594,4481380.974517729,45.95006623515925
San Sebastian,2020-2024,2,45,5,0.0020232053238613125,2.5,0.010065117122935535,96970.57440522741,976.0201888669544,482412.82155396964,0.988031579676352,3995136.556198427,41.19947294014441
San Sebastian,2020-2024,2,50,5,0.0027976462113724213,2.5,0.013891075271598415,95994.55421636046,1333.4675782830018,476639.10213609476,0.9839144345149766,3512723.7346444572,36.59294804085647
San Sebastian,2020-2024,2,55,5,0.0036960327596266534,2.5,0.018310968945426265,94661.08663807745,1733.3362177701492,468972.09264596185,0.9747739118421309,3036084.6325083626,32.073207062542814
San Sebastian,2020-2024,2,60,5,0.0065598826823718296,2.5,0.032270191732108454,92927.7504203073,2998.7963232968177,457141.7612932945,0.9634334891519625,2567112.539862401,27.624821737871482
San Sebastian,2020-2024,2,65,5,0.008372888993036474,2.5,0.0410060962356355,89928.95409701049,3687.635346072071,440425.68211987225,0.9443010718711663,2109970.778569106,23.462641145508975
San Sebastian,2020-2024,2,70,5,0.014726958035682868,2.5,0.07102001811233004,86241.31875093842,6124.860019722881,415894.4437053849,0.907610858914147,1669545.096449234,19.35899312104463
San Sebastian,2020-2024,2,75,5,0.02449144165733362,2.5,0.11539192197473835,80116.45873121553,9244.79215480476,377470.31326906575,0.8533554895251333,1253650.652743849,15.647854043945564
San Sebastian,2020-2024,2,80,5,0.04003766654343041,2.5,0.18197381536872964,70871.66657641077,12896.787568449945,322116.36396092904,0.6323629400837525,876180.3394747833,12.362914290016356
San Sebastian,2020-2024,2,85,NA,0.10106342115711488,9.556966482634193,1,57974.87900796083,57974.87900796083,554063.9755138543,0,554063.9755138543,9.556966482634193
Santa Isabel,1980-1984,1,0,1,0.021701601953739748,0.10598553838141002,0.0212885707689695,100000,2128.857076896951,98096.77098653505,0.9781835773798236,6940907.0523418095,69.4090705234181
Santa Isabel,1980-1984,1,1,4,5.192858618855462e-4,1.588857536273095,0.002074545966226007,97871.14292310305,203.03818476105516,390995.01770337677,0.9978305428872902,6842810.281355274,69.91652571924742
Santa Isabel,1980-1984,1,5,5,2.53917342208479e-4,2.5,0.0012687812971053827,97668.104738342,123.91946461574116,488030.7250301706,0.9984502780980741,6451815.263651897,66.05856928356141
Santa Isabel,1980-1984,1,10,5,3.665394527797865e-4,2.5,0.001831019411765888,97544.18527372625,178.60529674107966,487274.41312677856,0.9964856903686241,5963784.538621726,61.13931365448685
Santa Isabel,1980-1984,1,15,5,0.001042849295092409,2.5,0.005200687641858775,97365.57997698517,506.36796852872067,485561.97996360407,0.9922109752777551,5476510.125494949,56.246880332756824
Santa Isabel,1980-1984,1,20,5,0.0020890321166073256,2.5,0.010390893308432738,96859.21200845645,1006.4537379187386,481779.9256974854,0.9888502081032091,4990948.145531344,51.52786236889477
Santa Isabel,1980-1984,1,25,5,0.0023976175791648154,2.5,0.011916658918553986,95852.75827053771,1142.244626712607,476408.17978590704,0.9875773077073071,4509168.219833859,47.042654809234044
Santa Isabel,1980-1984,1,30,5,0.002603805613843109,2.5,0.012934828620773373,94710.5136438251,1225.0642625682813,470489.9075627048,0.9854991429740851,4032760.040047952,42.57985607821564
Santa Isabel,1980-1984,1,35,5,0.0032435717669690137,2.5,0.016087407185468767,93485.44938125683,1503.938490112807,463667.4006810021,0.9808320908899755,3562270.1324852468,38.10507577449221
Santa Isabel,1980-1984,1,40,5,0.004510039912159661,2.5,0.022298778607023086,91981.51089114402,2051.075347301099,454779.86608746735,0.9742099610056173,3098602.7318042447,33.68723455164051
Santa Isabel,1980-1984,1,45,5,0.00595967596102203,2.5,0.0293609257959613,89930.43554384292,2640.4408448012546,443051.07560721145,0.9639503167611153,2643822.8657167773,29.39853287408866
Santa Isabel,1980-1984,1,50,5,0.008776590647283786,2.5,0.04294076934976317,87289.99469904166,3748.2995289136015,427079.2246729243,0.9504939518705615,2200771.790109566,25.212188380780457
Santa Isabel,1980-1984,1,55,5,0.011600103906808538,2.5,0.05636589396699933,83541.69517012806,4708.902331782825,405936.22002118325,0.9239966314252894,1773692.5654366417,21.23122545962964
Santa Isabel,1980-1984,1,60,5,0.020347740331124693,2.5,0.09681384424760302,78832.79283834524,7632.1057274550985,375083.69987308845,0.8694506194457784,1367756.3454154585,17.350093738530664
Santa Isabel,1980-1984,1,65,5,0.036657644698534365,2.5,0.1679010783097251,71200.68711089014,11954.672142311807,326116.7551986712,0.8086291561611614,992672.64554237,13.941896993161754
Santa Isabel,1980-1984,1,70,5,0.049331257144345136,2.5,0.21957634310981286,59246.01496857833,13009.023310629666,263707.5165663175,0.7316949476027176,666555.8903436988,11.250645139545888
Santa Isabel,1980-1984,1,75,5,0.07925538368764924,2.5,0.3307438429916659,46236.99165794867,15292.600309323541,192953.4575164345,0.6246127144346009,402848.37377738126,8.71268565129771
Santa Isabel,1980-1984,1,80,5,0.11350958586023763,2.5,0.44209334737183126,30944.391348625126,13680.309553697618,120521.18285888158,0.4258022776071121,209894.91626094677,6.782971230431795
Santa Isabel,1980-1984,1,85,NA,0.1654962956237332,5.176859937510536,1,17264.081794927508,17264.081794927508,89373.7334020652,0,89373.7334020652,5.176859937510536
Santa Isabel,1980-1984,2,0,1,0.013127108901701224,0.12205024688760052,0.012977543465705656,100000,1297.7543465705676,98860.63689182783,0.9866234820541716,7714107.6277239965,77.14107627723996
Santa Isabel,1980-1984,2,1,4,3.633322565250199e-4,1.502885536781297,0.0014520116417358264,98702.24565342943,143.31680975425115,394451.104135258,0.9985688383785396,7615246.99083217,77.15373586910458
Santa Isabel,1980-1984,2,5,5,1.533981520042233e-4,2.5,7.666967353652347e-4,98558.92884367518,75.56480898553855,492605.73219591205,0.9991486817934249,7220795.886696911,73.26374151397133
Santa Isabel,1980-1984,2,10,5,1.8728857279777544e-4,2.5,9.360046065716349e-4,98483.36403468964,92.18088240713405,492186.3679674304,0.9981117122603006,6728190.1545009995,68.31803747210617
Santa Isabel,1980-1984,2,15,5,5.69101149805828e-4,2.5,0.0028414630493079104,98391.18315228251,279.57491130489507,491256.9784831503,0.9959482932851411,6236003.786533569,63.37970117588635
Santa Isabel,1980-1984,2,20,5,0.0010558595694451578,2.5,0.00526539904231136,98111.60824097761,516.5967680716858,489266.54928470886,0.9939938811837069,5744746.808050418,58.55318153526148
Santa Isabel,1980-1984,2,25,5,0.0013547245939467194,2.5,0.006750759420197699,97595.01147290593,658.8404430650116,486327.95625686715,0.9924085282796535,5255480.25876571,53.849886171945606
Santa Isabel,1980-1984,2,30,5,0.0016947295859170255,2.5,0.008437898040952742,96936.17102984092,817.9375276301434,482636.01133012923,0.99051885606406,4769152.302508842,49.19889296061325
Santa Isabel,1980-1984,2,35,5,0.0021178072235743107,2.5,0.010533267542647405,96118.23350221077,1012.439069205444,478060.0698380403,0.9888589343731302,4286516.291178714,44.59628662526472
Santa Isabel,1980-1984,2,40,5,0.0023649672828775395,2.5,0.011755333963828314,95105.79443300533,1118.0003754551872,472733.9712263887,0.985171265934287,3808456.221340673,40.04441836636395
Santa Isabel,1980-1984,2,45,5,0.003620209466853723,2.5,0.017938692770789137,93987.79405755014,1686.0181618025963,465723.9248832442,0.9790449954481353,3335722.250114284,35.49101544049189
Santa Isabel,1980-1984,2,50,5,0.00486371144945442,2.5,0.024026413392505958,92301.77589574755,2217.6806245336775,455964.6779174035,0.9700823167431148,2869998.32523104,31.093641453579703
Santa Isabel,1980-1984,2,55,5,0.0073224320562279765,2.5,0.03595398377282186,90084.09527121387,3238.882099570561,442323.27110714297,0.9564991575187316,2414033.6473136363,26.79755666131482
Santa Isabel,1980-1984,2,60,5,0.010536240264364331,2.5,0.051329160405325154,86845.2131716433,4457.691877321937,423081.83616491174,0.9332702033053605,1971710.3762064935,22.70373120403942
Santa Isabel,1980-1984,2,65,5,0.01731082633547377,2.5,0.08296370591429467,82387.52129432137,6835.174087669773,394849.6712524324,0.8928526284177861,1548628.5400415817,18.796882291303042
Santa Isabel,1980-1984,2,70,5,0.02861404165061962,2.5,0.13351891851431252,75552.3472066516,10087.66769024996,352542.56680763303,0.8504111798069885,1153778.8687891492,15.271251145028238
Santa Isabel,1980-1984,2,75,5,0.03671340072654157,2.5,0.16813498585325312,65464.67951640164,11006.902964377943,299806.1401710633,0.7756069175679944,801236.3019815163,12.239215221099084
Santa Isabel,1980-1984,2,80,5,0.06839009689674484,2.5,0.2920219592594044,54457.77655202369,15902.866605632815,232531.71624603646,0.536263005387505,501430.16181045293,9.207687011081605
Santa Isabel,1980-1984,2,85,NA,0.13794595038358418,6.974428054385536,1,38554.90994639088,38554.90994639088,268898.44556441647,0,268898.44556441647,6.974428054385536
Santa Isabel,1985-1989,1,0,1,0.020453029928754893,0.10847700142866606,0.02008676096776077,100000,2008.6760967760783,98209.21906304362,0.9792862045957369,6957922.506633361,69.5792250663336
Santa Isabel,1985-1989,1,1,4,5.639012947035776e-4,1.5924785892041369,0.0022525471108540123,97991.32390322392,220.73007354696165,391433.8832348248,0.9977326268752542,6859713.287570317,70.00327186460875
Santa Isabel,1985-1989,1,5,5,2.6206665896514036e-4,2.5,0.0013094753702375134,97770.59382967696,128.02818455346278,488532.89868700114,0.9985173854787953,6468279.404335492,66.15771829721804
Santa Isabel,1985-1989,1,10,5,3.314705926307336e-4,2.5,0.0016559806909011727,97642.5656451235,161.69420331837318,487808.5927173216,0.9964227983043006,5979746.505648491,61.2411858101061
Santa Isabel,1985-1989,1,15,5,0.0011033570162384682,2.5,0.00550160948263417,97480.87144180512,536.3016866996768,486063.6029922764,0.9911637308107877,5491937.912931169,56.33862143107521
Santa Isabel,1985-1989,1,20,5,0.002452824476797314,2.5,0.012189376382119178,96944.56975510545,1181.693848947587,481768.61415315827,0.9869362714087864,5005874.309938894,51.63645908774861
Santa Isabel,1985-1989,1,25,5,0.0028093677778508897,2.5,0.013948870123597792,95762.87590615786,1335.7839186772035,475474.9197340963,0.9844245844256062,4524105.695785735,47.242792710393324
Santa Isabel,1985-1989,1,30,5,0.0034749218030781306,2.5,0.017224970451938607,94427.09198748066,1626.5038693468377,468069.2002640362,0.9826425425976427,4048630.7760516386,42.87573291559603
Santa Isabel,1985-1989,1,35,5,0.003529321200257517,2.5,0.017492266434369155,92800.58811813382,1623.2926126285602,459944.70905909775,0.9796215692920672,3580561.5757876025,38.58339314864685
Santa Isabel,1985-1989,1,40,5,0.0047182006070525,2.5,0.02331597936527435,91177.29550550526,2125.887940587869,450571.75767605664,0.9700573692560999,3120616.8667285047,34.225810816466726
Santa Isabel,1985-1989,1,45,5,0.007482909692314537,2.5,0.03672747746875957,89051.40756491739,3270.6335649018292,437080.4539123324,0.9579647606199135,2670045.109052448,29.9831881613552
Santa Isabel,1985-1989,1,50,5,0.009740636026821719,2.5,0.04754537466078466,85780.77400001556,4078.4790385228407,418707.6724037707,0.9431553517587219,2232964.655140116,26.031062101861085
Santa Isabel,1985-1989,1,55,5,0.013780575220671002,2.5,0.06660813023096485,81702.29496149272,5442.037102963819,394906.38205005403,0.9179269316507649,1814256.9827363451,22.20570405753506
Santa Isabel,1985-1989,1,60,5,0.02075181745105427,2.5,0.09864160576546203,76260.2578585289,7522.434291253478,362495.2035645108,0.8823804731915487,1419350.600686291,18.611930257557496
Santa Isabel,1985-1989,1,65,5,0.029801195823400704,2.5,0.1386743271679756,68737.82356727542,9532.171434182936,319858.6892509198,0.8419561250610291,1056855.3971217803,15.37516526235966
Santa Isabel,1985-1989,1,70,5,0.03968894952782183,2.5,0.1805319400018738,59205.65213309249,10688.511238663268,269306.9825688043,0.7759991150197858,736996.7078708605,12.44808023082179
Santa Isabel,1985-1989,1,75,5,0.0643188935376443,2.5,0.27704620437733574,48517.14089442922,13441.489732042028,208981.98014204102,0.6706315900439718,467689.7253020561,9.639680258977434
Santa Isabel,1985-1989,1,80,5,0.1005447274566142,2.5,0.4017412308686405,35075.65116238719,14091.335271496493,140149.9176331947,0.4582693396113456,258707.74516001513,7.375707551722837
Santa Isabel,1985-1989,1,85,NA,0.21850133985820047,5.649830480215294,1,20984.3158908907,20984.3158908907,118557.82752682042,0,118557.82752682042,5.649830480215294
Santa Isabel,1985-1989,2,0,1,0.014233504763225885,0.11977630466528473,0.014057384458148671,100000,1405.738445814859,98762.63571055076,0.9855737181782086,7668043.328078428,76.68043328078429
Santa Isabel,1985-1989,2,1,4,3.5833552612809464e-4,1.501128635486592,0.0014320597889358046,98594.26155418514,141.19287739157153,394024.2233785535,0.9985672644792731,7569280.692367878,76.77202073477649
Santa Isabel,1985-1989,2,5,5,1.4998961335952458e-4,2.5,7.496669611534933e-4,98453.06867679357,73.80701281117217,492080.8258519399,0.9991689245682501,7175256.468989324,72.87996773919356
Santa Isabel,1985-1989,2,10,5,1.8259230732106012e-4,2.5,9.125449773729187e-4,98379.2616639824,89.77550110912125,491671.8695671392,0.9980991762337056,6683175.643137384,67.93276885898972
Santa Isabel,1985-1989,2,15,5,5.788374672111891e-4,2.5,0.0028900052277902426,98289.48616287328,284.057128847533,490737.28799224755,0.9960595407044606,6191503.773570245,62.99253374171114
Santa Isabel,1985-1989,2,20,5,0.0010012918005877075,2.5,0.004993957979993919,98005.42903402574,489.4349944072019,488803.5576841107,0.9940597826241578,5700766.485577998,58.167864186368625
Santa Isabel,1985-1989,2,25,5,0.0013830105329479642,2.5,0.006891226069143443,97515.99403961854,672.0047602842387,485899.9582973821,0.9925543716433198,5211962.927893886,53.447262464210574
Santa Isabel,1985-1989,2,30,5,0.0016072074793071229,2.5,0.008003877666413316,96843.9892793343,775.1274429192417,482282.1277893734,0.9912658808402972,4726062.969596504,48.80078779039936
Santa Isabel,1985-1989,2,35,5,0.0019030617526902512,2.5,0.009470252574792745,96068.86183641506,909.7963861637108,478069.818216666,0.9892794560865794,4243780.841807132,44.17436368751191
Santa Isabel,1985-1989,2,40,5,0.0024110030770407936,2.5,0.011982789032133954,95159.06545025135,1140.2710057853983,472944.64973679325,0.9849861180291796,3765711.023590465,39.572803765702794
Santa Isabel,1985-1989,2,45,5,0.003649340478502992,2.5,0.018081736361451304,94018.79444446595,1700.023054166304,465843.914586914,0.9777102025550032,3292766.373853672,35.02242709353829
Santa Isabel,1985-1989,2,50,5,0.0053866457419927075,2.5,0.026575348737170903,92318.77139029965,2453.4035446843773,455460.3480897873,0.9735116686069828,2826922.459266758,30.621318034176046
Santa Isabel,1985-1989,2,55,5,0.0053504102551409465,2.5,0.026398938398869372,89865.36784561527,2372.3503099481313,443395.96345320606,0.9584454193206364,2371462.111176971,26.38905473853997
Santa Isabel,1985-1989,2,60,5,0.011760108389472857,2.5,0.05712116424036535,87493.01753566714,4997.703024540009,424970.83011698566,0.932068504440055,1928066.1477237646,22.03680021594609
Santa Isabel,1985-1989,2,65,5,0.016535790836280092,2.5,0.07939673468674151,82495.31451112713,6549.858599139261,396101.9260577875,0.8967486654306014,1503095.317606779,18.2203719873574
Santa Isabel,1985-1989,2,70,5,0.02761614702776042,2.5,0.1291632564378707,75945.45591198787,9809.362397251083,355203.8735668117,0.8407546684547283,1106993.3915489914,14.576163619741392
Santa Isabel,1985-1989,2,75,5,0.04291618821060528,2.5,0.19378920596236487,66136.09351473679,12816.461047673562,298639.3149545,0.749486904675789,751789.5179821798,11.367310617078738
Santa Isabel,1985-1989,2,80,5,0.07643769298926052,2.5,0.3208717283037617,53319.632467063224,17108.762622227936,223826.25577974628,0.5060660807734995,453150.20302767976,8.498749561103992
Santa Isabel,1985-1989,2,85,NA,0.12312799459084235,6.333014043313342,1,36210.86984483529,36210.86984483529,229323.94724793348,0,229323.94724793348,6.333014043313342
Santa Isabel,1990-1994,1,0,1,0.021850931146549936,0.10568755944361694,0.021432114210170154,100000,2143.211421017011,98083.29936344197,0.9777597813788773,6821248.298314727,68.21248298314727
Santa Isabel,1990-1994,1,1,4,6.690782987835624e-4,1.5884250398847573,0.00267200183341159,97856.78857898299,261.47351849480765,390796.5913259967,0.9974056775740008,6723164.998951285,68.70412463540869
Santa Isabel,1990-1994,1,5,5,2.9941592286782223e-4,2.5,0.001495959828857285,97595.31506048818,145.99867081517004,487611.578625403,0.998459296381065,6332368.407625289,64.88393837040823
Santa Isabel,1990-1994,1,10,5,3.1735447389258966e-4,2.5,0.001585514444207222,97449.31638967301,154.50729871392832,486860.3137015802,0.9963508113790829,5844756.828999885,59.977402054092515
Santa Isabel,1990-1994,1,15,5,0.001146504786695674,2.5,0.005716139978860404,97294.80909095908,556.1507479804422,485083.6685848443,0.9916428195282649,5357896.515298305,55.06867802463447
Santa Isabel,1990-1994,1,20,5,0.00221487753326665,2.5,0.011013404311895254,96738.65834297864,1065.4219569215202,481029.7368225894,0.9855117832717755,4872812.846713461,50.37089546391392
Santa Isabel,1990-1994,1,25,5,0.0036330455087372256,2.5,0.01800172482982979,95673.23638605712,1722.2832750010566,474060.47374278295,0.9799210373834804,4391783.109890872,45.90398815578173
Santa Isabel,1990-1994,1,30,5,0.004488667321211264,2.5,0.022194279760360938,93950.95311105606,2085.1737370993214,464541.831212532,0.9730137370592736,3917722.6361480886,41.69965824100889
Santa Isabel,1990-1994,1,35,5,0.0064807284983841845,2.5,0.03188701477841376,91865.77937395674,2929.3254645278503,452005.5832084641,0.9717610614950034,3453180.804935557,37.589413908728105
Santa Isabel,1990-1994,1,40,5,0.00495476418473389,2.5,0.0244707044981133,88936.45390942889,2176.3376827277098,439241.42534032516,0.9676659867760837,3001175.2217270928,33.74516398847462
Santa Isabel,1990-1994,1,45,5,0.008245449580609162,2.5,0.04039456943894766,86760.11622670118,3504.6375394506613,425038.98728487926,0.9568923418779751,2561933.7963867676,29.528934582020653
Santa Isabel,1990-1994,1,50,5,0.00940295294927565,2.5,0.04593495421338918,83255.47868725052,3824.336601512652,406716.551932471,0.9450406268575422,2136894.809101888,25.666716987228437
Santa Isabel,1990-1994,1,55,5,0.013312439645627951,2.5,0.06441828683908944,79431.14208573787,5116.818094835529,384363.6651916005,0.9145886838965398,1730178.257169417,21.78211481967444
Santa Isabel,1990-1994,1,60,5,0.022799414822100513,2.5,0.10784979365070184,74314.32399090234,8014.78450771021,351534.6586852362,0.8761858626554904,1345814.5919778168,18.109760268324223
Santa Isabel,1990-1994,1,65,5,0.03050293465669845,2.5,0.14170837037857967,66299.53948319213,9395.199697013457,308009.698173427,0.822752921602911,994279.9332925805,14.996784910469017
Santa Isabel,1990-1994,1,70,5,0.04909845427645114,2.5,0.21865341022183812,56904.33978617867,12442.327950670195,253415.8790542179,0.7476579634078171,686270.2351191535,12.060068488587222
Santa Isabel,1990-1994,1,75,5,0.0693343251827926,2.5,0.2954581476894485,44462.01183550848,13136.663659465667,189468.40002887824,0.6665024380578075,432854.35606493556,9.735374945837409
Santa Isabel,1990-1994,1,80,5,0.09612072805130215,2.5,0.3874892646749588,31325.34817604281,12138.236130421894,126281.15055415932,0.48114857319273213,243385.95603605735,7.769616946259372
Santa Isabel,1990-1994,1,85,NA,0.19115913179455676,6.103305448128912,1,19187.112045620917,19187.112045620917,117104.80548189803,0,117104.80548189803,6.103305448128912
Santa Isabel,1990-1994,2,0,1,0.012299545785247367,0.12375111253395464,0.012168401286829169,100000,1216.8401286829176,98933.74519101756,0.9874671038155326,7692228.2303427,76.922282303427
Santa Isabel,1990-1994,2,1,4,3.377844988915043e-4,1.504202011106329,0.0013499998891309173,98783.15987131708,133.35725487428135,394799.80671674875,0.9986508302622488,7593294.485151682,76.86830928513848
Santa Isabel,1990-1994,2,5,5,1.4731578949309294e-4,2.5,7.36307773063218e-4,98649.8026164428,72.63661647764093,493067.4215410199,0.9992038222163231,7198494.678434934,72.97018835834041
Santa Isabel,1990-1994,2,10,5,1.712917026258276e-4,2.5,8.560919095271703e-4,98577.16599996516,84.39111427667376,492674.8522141341,0.9982058548332841,6705427.256893913,68.02211433930128
Santa Isabel,1990-1994,2,15,5,5.473483865227677e-4,2.5,0.002733002171791106,98492.77488568849,269.1809676683188,491790.9220092716,0.9958734992687174,6212752.40467978,63.07825535315002
Santa Isabel,1990-1994,2,20,5,0.0011078233398121656,2.5,0.005523818162348009,98223.59391802017,542.5692720554653,489761.54640996223,0.9936272383380507,5720961.482670508,58.24426957381913
Santa Isabel,1990-1994,2,25,5,0.0014505251762001296,2.5,0.007226420618398651,97681.0246459647,705.8841705278901,486640.4128035038,0.992012636179433,5231199.936260546,53.553901130956774
Santa Isabel,1990-1994,2,30,5,0.0017584658586053531,2.5,0.008753845944962497,96975.14047543681,848.905440213086,482753.43877665134,0.9904962188861492,4744559.523457042,48.925523594975445
Santa Isabel,1990-1994,2,35,5,0.002062649556837627,2.5,0.010260339074575194,96126.23503522373,986.2877654237091,478165.4557625593,0.9888806980302346,4261806.084680391,44.33551447342891
Santa Isabel,1990-1994,2,40,5,0.002411889761646104,2.5,0.011987169479881413,95139.94726980002,1140.4586722300737,472848.5896684249,0.9843142387634574,3783640.628917831,39.76921090977796
Santa Isabel,1990-1994,2,45,5,0.003923965112831368,2.5,0.019429226546314255,93999.48859756994,1826.337359199868,465431.59958985006,0.9765557503612012,3310792.039249406,35.22138352713332
Santa Isabel,1990-1994,2,50,5,0.005584662975637445,2.5,0.02753882720645629,92173.15123837008,2538.3404850280494,454519.9049792802,0.9679606392865757,2845360.4396595564,30.869731602222604
Santa Isabel,1990-1994,2,55,5,0.0074704290817671146,2.5,0.03666734343692962,89634.81075334203,3286.670389796971,439957.3777922177,0.9506405229738606,2390840.534680276,26.673125257768604
Santa Isabel,1990-1994,2,60,5,0.01291062334508348,2.5,0.06253471146124343,86348.14036354506,5399.756042849229,418241.3117106022,0.9325672509430128,1950883.1568880584,22.593227238877436
Santa Isabel,1990-1994,2,65,5,0.015079316010176626,2.5,0.07265751594235989,80948.38432069583,5881.508524289238,390038.15029275604,0.902982363504629,1532641.845177456,18.933569311347085
Santa Isabel,1990-1994,2,70,5,0.026277078652876863,2.5,0.12328637859637129,75066.87579640659,9254.723269482565,352197.57080832653,0.8442725078890463,1142603.6948847,15.221143583804187
Santa Isabel,1990-1994,2,75,5,0.042656746317076055,2.5,0.1927305826556676,65812.15252692402,12684.014502337734,297350.7263787758,0.7630693400037653,790406.1240763735,12.0100330064879
Santa Isabel,1990-1994,2,80,5,0.06829722405195937,2.5,0.2916832325462665,53128.13802458629,15496.587038175545,226899.22252749262,0.5398098802142003,493055.39769759774,9.280494593456764
Santa Isabel,1990-1994,2,85,NA,0.13665685205110464,7.072686833083698,1,37631.550986410744,37631.550986410744,266156.1751701051,0,266156.1751701051,7.072686833083698
Santa Isabel,1995-1999,1,0,1,0.019214652763641555,0.11094812114279146,0.01889192534419178,100000,1889.192534419184,98320.40982775162,0.980362980292149,6931085.630480159,69.31085630480159
Santa Isabel,1995-1999,1,1,4,6.179910304587734e-4,1.5960786289379503,0.00246829721493797,98110.80746558082,242.16663282261288,391861.08031832287,0.997654295481621,6832765.220652408,69.64334915956609
Santa Isabel,1995-1999,1,5,5,2.5481781536257554e-4,2.5,0.0012732779420540185,97868.6408327582,124.61398159115924,489031.6692098131,0.9985535613377584,6440904.140334085,65.81172565112614
Santa Isabel,1995-1999,1,10,5,3.242266234575989e-4,2.5,0.0016198201452472393,97744.02685116704,158.32774377110763,488324.3148964075,0.9961454568787227,5951872.471124272,60.89244184902545
Santa Isabel,1995-1999,1,15,5,0.0012223020409774636,2.5,0.006092891819620873,97585.69910739594,594.5791078034381,486442.04776747106,0.9909090387030399,5463548.156227864,55.98718056233904
Santa Isabel,1995-1999,1,20,5,0.0024362301518273664,2.5,0.012107409667903152,96991.1199995925,1174.3112239838083,482019.82193800295,0.9859854605055762,4977106.108460393,51.315069961882116
Santa Isabel,1995-1999,1,25,5,0.0032146373074476427,2.5,0.015945042714292684,95816.80877560869,1527.8031086742994,475264.5361063577,0.9850243562675729,4495086.28652239,46.91333748183302
Santa Isabel,1995-1999,1,30,5,0.0028178188365214486,2.5,0.01399053718457785,94289.00566693439,1319.1538398801204,468147.14373497164,0.9823826476355536,4019821.7504160325,42.63298485313986
Santa Isabel,1995-1999,1,35,5,0.004304964180134892,2.5,0.02129562860483132,92969.85182705427,1979.8514359551482,459899.6305453835,0.9715989139681994,3551674.6066810605,38.20243376624939
Santa Isabel,1995-1999,1,40,5,0.007261710702999266,2.5,0.03566115110828555,90990.00039109912,3244.8081532899523,446837.98157227074,0.9664003179014271,3091774.976135677,33.979283029414326
Santa Isabel,1995-1999,1,45,5,0.006392963683875871,2.5,0.03146198017763328,87745.19223780917,2760.637498868571,431824.36744187446,0.959886227978356,2644936.9945634063,30.143383667050763
Santa Isabel,1995-1999,1,50,5,0.010055926258168308,2.5,0.04904660859278579,84984.5547389406,4168.204192713005,414502.26321292046,0.9470626714314284,2213112.627121532,26.04135108926406
Santa Isabel,1995-1999,1,55,5,0.01174051676269181,2.5,0.05702871728535038,80816.3505462276,4608.852807334581,392559.6207128015,0.9313413487525137,1798610.3639086115,22.255525667170435
Santa Isabel,1995-1999,1,60,5,0.016882041968138566,2.5,0.08099193665640712,76207.49773889301,6172.192829611711,365607.0066204358,0.8967995988196661,1406050.7431958101,18.450294064414905
Santa Isabel,1995-1999,1,65,5,0.027205764293501897,2.5,0.12736609178714547,70035.3049092813,8920.123073416253,327876.21686286584,0.8414128214961418,1040443.7365753743,14.855989246039412
Santa Isabel,1995-1999,1,70,5,0.04305746974906007,2.5,0.1943651679022456,61115.18183586505,11878.662578904172,275879.2527320648,0.7683118669497266,712567.5197125084,11.659419121524119
Santa Isabel,1995-1999,1,75,5,0.06458026435025241,2.5,0.27801553060189665,49236.51925696088,13688.517026214482,211961.30371926818,0.6441275160827754,436688.2669804436,8.869194524117507
Santa Isabel,1995-1999,1,80,5,0.12073499000568003,2.5,0.46370991895268293,35548.002230746395,16483.961233349204,136530.10807035895,0.392462274712959,224726.96326117544,6.3217888252185155
Santa Isabel,1995-1999,1,85,NA,0.17412221472151393,4.626346282137034,1,19064.04099739719,19064.04099739719,88196.85519081648,0,88196.85519081648,4.626346282137034
Santa Isabel,1995-1999,2,0,1,0.012805177700704367,0.12271190242707333,0.012662924559105459,100000,1266.292455910545,98889.09670038329,0.9870849978661573,7753988.294908905,77.53988294908905
Santa Isabel,1995-1999,2,1,4,2.856287712522105e-4,1.5033974217423354,0.0011417009363280742,98733.70754408946,112.72436635023041,394653.40223269537,0.9987729145193203,7655099.198208522,77.53278377387119
Santa Isabel,1995-1999,2,5,5,1.3635481291075788e-4,2.5,6.815417358140948e-4,98620.98317773922,67.21431606265833,492936.88009853946,0.9992429413976079,7260445.795975827,73.6196858115957
Santa Isabel,1995-1999,2,10,5,1.665947500346824e-4,2.5,8.326269719677443e-4,98553.76886167657,82.0585261433007,492563.69799302454,0.9982438060595383,6767508.915877287,68.66818990327714
Santa Isabel,1995-1999,2,15,5,5.368255960088474e-4,2.5,0.0026805305365369962,98471.71033553327,263.9564265394147,491698.6606113178,0.9961102488544465,6274945.217884263,63.723329233370336
Santa Isabel,1995-1999,2,20,5,0.001023054288804358,2.5,0.00510222181923529,98207.75390899385,501.07774481257366,489786.0751829378,0.9940348986388575,5783246.5572729455,58.887881323832175
Santa Isabel,1995-1999,2,25,5,0.0013711653962240294,2.5,0.006832406084131369,97706.67616418128,667.5716886843875,486864.4515991954,0.9923906600069723,5293460.4820900075,54.177060257327234
Santa Isabel,1995-1999,2,30,5,0.0016853953472066223,2.5,0.008391618748049378,97039.10447549689,814.3151684105105,483159.7344564582,0.9912232948349062,4806596.030490812,49.53256789075701
Santa Isabel,1995-1999,2,35,5,0.0018414485700064816,2.5,0.009165050427522909,96224.78930708638,881.9050463772146,478919.18391948886,0.9895935897401442,4323436.296034354,44.93058729634401
Santa Isabel,1995-1999,2,40,5,0.0023455240191535137,2.5,0.01165925245407654,95342.88426070916,1111.6267572954093,473935.3544103073,0.9861041190102104,3844517.112114865,40.32306282661087
Santa Isabel,1995-1999,2,45,5,0.0032581025825012587,2.5,0.01615889457216644,94231.25750341376,1522.672955400325,467349.60512856796,0.9809320108630604,3370581.7577045574,35.76925371692562
Santa Isabel,1995-1999,2,50,5,0.0044540223215169756,2.5,0.02202486352318332,92708.58454801343,2041.8939220975008,458438.1879348234,0.9751011693530369,2903232.1525759897,31.315677687565348
Santa Isabel,1995-1999,2,55,5,0.005646091000917411,2.5,0.027837522047782493,90666.69062591593,2523.93599929841,447023.6131313336,0.9615372643048776,2444793.9646411664,26.964632190317896
Santa Isabel,1995-1999,2,60,5,0.010128576019539013,2.5,0.04939219850438549,88142.75462661752,4353.564433241234,429829.8620499845,0.9406397472108526,1997770.3515098325,22.665168112485357
Santa Isabel,1995-1999,2,65,5,0.014474749909826957,2.5,0.06984623267388945,83789.19019337629,5852.359273803333,404315.0527823731,0.891614852777274,1567940.489459848,18.71292091308214
Santa Isabel,1995-1999,2,70,5,0.032389892215576935,2.5,0.14981798972964094,77936.83091957295,11676.339334269345,360493.3062621914,0.8448099324093469,1163625.436677475,14.93036633576082
Santa Isabel,1995-1999,2,75,5,0.03513942448098504,2.5,0.16150880616206073,66260.491585303607,10701.652891653663,304548.3256973839,0.7764260207852535,803132.1304152836,12.120829640711813
Santa Isabel,1995-1999,2,80,5,0.06992316814679411,2.5,0.29759404467136885,55558.838693649945,16533.979524087437,236459.24465803115,0.525738216082208,498583.8047178997,8.973978154350533
Santa Isabel,1995-1999,2,85,NA,0.13944631866500837,6.716861140252696,1,39024.85916956251,39024.85916956251,262124.56005986853,0,262124.56005986853,6.716861140252696
Santa Isabel,2000-2004,1,0,1,0.014307320025781315,0.12074045825455468,0.014129572160648113,100000,1412.9572160648095,98757.64388569693,0.9852525429695103,7088319.208677373,70.88319208677373
Santa Isabel,2000-2004,1,1,4,0.00050951439517162825,1.6104275990799672,0.002035579219147799,98587.04278393519,200.6817355682142,393868.6275990582,0.9979694655601647,6989561.564791676,70.8973650838691
Santa Isabel,2000-2004,1,5,5,2.4883011206322e-4,2.5,0.0012433770861668806,98386.36104836698,122.33134691887244,491625.9768745377,0.9986871095657833,6595692.937192618,67.03869181573002
Santa Isabel,2000-2004,1,10,5,2.766893243907295e-4,2.5,0.0013824903211712932,98264.0297014481,135.84906998154474,490980.5258322867,0.9962974146626261,6104066.96031808,62.119037646469785
Santa Isabel,2000-2004,1,15,5,0.0012088205718838157,2.5,0.0060258923029696135,98128.18063146656,591.3098483715585,489162.62853640394,0.9907313227705636,5613086.434485793,57.20157449536832
Santa Isabel,2000-2004,1,20,5,0.0025220261663911592,2.5,0.012531121292471211,97536.870783095,1222.2463582710625,484628.7380197973,0.9874309704108228,5123923.805949389,52.53319862336062
Santa Isabel,2000-2004,1,25,5,0.002537479321959369,2.5,0.012607418947589877,96314.62442482394,1214.2788209035207,478537.4250718609,0.9863701142266927,4639295.067929592,48.16812706932873
Santa Isabel,2000-2004,1,30,5,0.002954747863228232,2.5,0.014665407859798387,95100.34560392042,1394.6853558892908,472015.01462987886,0.9835786866543484,4160757.6428577313,43.75123577559542
Santa Isabel,2000-2004,1,35,5,0.003674111206419752,2.5,0.01820335317238606,93705.66024803113,1705.7572277465224,464263.9081707893,0.9797564066327705,3688742.6282278523,39.36520609815945
Santa Isabel,2000-2004,1,40,5,0.004514720302441446,2.5,0.022321661367803617,91999.9030202846,2053.590681089583,454865.5383986991,0.9740069747460278,3224478.720057063,35.04871868556332
Santa Isabel,2000-2004,1,45,5,0.006039473999332755,2.5,0.029748211127584506,89946.31233919502,2675.74188961403,443042.20697194006,0.9628617731490404,2769613.181658364,30.79184804390782
Santa Isabel,2000-2004,1,50,5,0.00915584872812937,2.5,0.044754822674980904,87270.57044958099,3905.7789052154258,426588.4049848664,0.948249551540932,2326570.974686424,26.6592845984725
Santa Isabel,2000-2004,1,55,5,0.012174359204006962,2.5,0.059073830926883175,83364.79154436557,4924.677600946714,404512.26371946104,0.9227472069281929,1899982.5697015575,22.791187196700584
Santa Isabel,2000-2004,1,60,5,0.020294570261617947,2.5,0.09657307849104653,78440.11394341885,7575.203280704416,373262.56151533325,0.8908556010074966,1495470.3059820964,19.065121540501877
Santa Isabel,2000-2004,1,65,5,0.026225562604041772,2.5,0.12305954830027403,70864.91066271444,8720.603896492925,332523.04357233987,0.8518507143847853,1122207.7444667632,15.83587326890137
Santa Isabel,2000-2004,1,70,5,0.03877927327431034,2.5,0.17675982270049853,62144.30676622151,10984.616645842703,283259.9922165008,0.7781549070399223,789684.7008944233,12.707273473419061
Santa Isabel,2000-2004,1,75,5,0.06420156636904391,2.5,0.2766107269789053,51159.69012037881,14151.319076213498,220420.1529113603,0.6795536472359506,506424.7086779225,9.898901019265454
Santa Isabel,2000-2004,1,80,5,0.0941455836442037,2.5,0.38104391402186727,37008.37104416531,14101.81455424229,149787.31883522082,0.4762764584859351,286004.5557665622,7.728104417923395
Santa Isabel,2000-2004,1,85,NA,0.17247003888668397,5.946648375161305,1,22906.55648992302,22906.55648992302,136217.23693134138,0,136217.23693134138,5.946648375161305
Santa Isabel,2000-2004,2,0,1,0.008760707279408215,0.13102438114985068,0.00869451730136306,100000,869.4517301363085,99244.46764474447,0.9910181998826159,7920414.069544623,79.20414069544623
Santa Isabel,2000-2004,2,1,4,2.6101749473949357e-4,1.5098540203506823,0.0010433918038498288,99130.54826986369,103.43200157591491,396264.6322965634,0.9989208208096835,7821169.601899878,78.8976732037057
Santa Isabel,2000-2004,2,5,5,1.3028918138871667e-4,2.5,6.51233785151683e-4,99027.11626828778,64.48980376005056,494974.3568320388,0.999294252292352,7424904.969603315,74.97850335747937
Santa Isabel,2000-2004,2,10,5,1.521172580766724e-4,2.5,7.602971545871638e-4,98962.62646452773,75.24100331144291,494625.02981436,0.9983298587515098,6929930.612771276,70.02573456612177
Santa Isabel,2000-2004,2,15,5,5.16802374281983e-4,2.5,0.0025806776206059516,98887.38546121628,255.19646262000606,493798.9361495314,0.9964612563118941,6435305.582956917,65.07711325304327
Santa Isabel,2000-2004,2,20,5,9.018866466385193e-4,2.5,0.004499288612395366,98632.18899859628,443.77468477700313,492051.50828103884,0.9950551551657099,5941506.646807385,60.23902244420373
Santa Isabel,2000-2004,2,25,5,0.0010813986355343154,2.5,0.005392414802647033,98188.41431381927,529.472658794286,489618.38992211065,0.9938747889098691,5449455.138526346,55.49998109868015
Santa Isabel,2000-2004,2,30,5,0.0013771209570767888,2.5,0.0068619803430403185,97658.94165502499,670.1337379588949,486619.3739302277,0.9924372315270049,4959836.748604235,50.78732847755605
Santa Isabel,2000-2004,2,35,5,0.0016605447475862491,2.5,0.008268398623169611,96988.8079170661,801.9421258443326,482939.1842707196,0.9907328290041009,4473217.374674007,46.12096458076894
Santa Isabel,2000-2004,2,40,5,0.0020654646650100643,2.5,0.0102742704685216,96186.86579122176,988.2498746584024,478463.7042694628,0.9873039441252459,3990278.190403288,41.484647176927254
Santa Isabel,2000-2004,2,45,5,0.0030517022673914847,2.5,0.015142981658303144,95198.61591656336,1441.5908947203716,472389.10234601586,0.9827373230457503,3511814.486133825,36.88934395024974
Santa Isabel,2000-2004,2,50,5,0.003921056445038447,2.5,0.019414964297965413,93757.02502184299,1820.2892934825359,464234.4018755086,0.976634946720619,3039425.3837878094,32.41810822260733
Santa Isabel,2000-2004,2,55,5,0.005554751941787591,2.5,0.027393351527464815,91936.73572836045,2518.4553200945957,453387.5403415658,0.9649307864794131,2575190.981912301,28.010467866958557
Santa Isabel,2000-2004,2,60,5,0.008780871732117654,2.5,0.04296126526131554,89418.28040826585,3841.522463830217,437487.5958817537,0.9484336151615395,2121803.441570735,23.728967185266907
Santa Isabel,2000-2004,2,65,5,0.012489732558929842,2.5,0.060557786403304045,85576.75794443564,5182.339028686372,414927.9421504623,0.9110851912997824,1684315.8456889812,19.681931007278813
Santa Isabel,2000-2004,2,70,5,0.025328247173281356,2.5,0.11909976514192094,80394.41891574927,9574.956411586958,378034.70354977896,0.8612211842545293,1269387.903538519,15.789502811989925
Santa Isabel,2000-2004,2,75,5,0.03504706999402647,2.5,0.16111851986272518,70819.46250416231,11410.326976144388,325571.49508045055,0.7889974347952874,891353.19998874,12.586274570162857
Santa Isabel,2000-2004,2,80,5,0.06255274594227794,2.5,0.2704675152877977,59409.13552801792,16068.24127165904,256875.074460942,0.5459820064302356,565781.7049082895,9.523479846655258
Santa Isabel,2000-2004,2,85,NA,0.1352482507179295,7.1273709448675096,1,43340.89425635888,43340.89425635888,308906.6304473474,0,308906.6304473474,7.1273709448675096
Santa Isabel,2005-2009,1,0,1,0.012630358344754069,0.1240867514409605,0.01249215639175961,100000,1249.2156391759636,98905.79547133863,0.9869390340504263,7259552.985687353,72.59552985687353
Santa Isabel,2005-2009,1,1,4,4.6702054641374814e-4,1.6153611327916284,0.001866004062933144,98750.78436082404,184.2693648351269,394563.7215538745,0.9981741440544014,7160647.190216014,72.5123069812978
Santa Isabel,2005-2009,1,5,5,2.1443693578927943e-4,2.5,0.0010716101969289221,98566.51499598891,105.62488254545315,492568.51277358097,0.9987554412943969,6766083.46866214,68.64484829292667
Santa Isabel,2005-2009,1,10,5,2.837396771372274e-4,2.5,0.0014176927464807213,98460.89011344346,139.58728972586687,491955.48234290263,0.997019949426236,6273514.955888559,63.7158058256473
Santa Isabel,2005-2009,1,15,5,9.109953646274933e-4,2.5,0.00454462648897392,98321.30282371759,446.83359724307957,490489.4301254803,0.9924492495100462,5781559.473545657,58.80271423896346
Santa Isabel,2005-2009,1,20,5,0.0021253528403546566,2.5,0.010570598572522384,97874.46922647451,1034.591724691767,486785.86682064313,0.9885478034911912,5291070.043420176,54.05975720978899
Santa Isabel,2005-2009,1,25,5,0.002483972706728849,2.5,0.012343213022988141,96839.87750178274,1195.3152371245815,481211.0994161023,0.9867929580136364,4804284.176599533,49.61059741645264
Santa Isabel,2005-2009,1,30,5,0.0028363032641117885,2.5,0.014081666628006072,95644.56226465816,1346.8348405924771,474855.72422180965,0.9868014838361012,4323073.077183431,45.19936078771578
Santa Isabel,2005-2009,1,35,5,0.002475779821439238,2.5,0.012302751845279396,94297.72742406568,1160.121540072083,468588.33327014826,0.9846828374885117,3848217.3529616212,40.80922688259314
Santa Isabel,2005-2009,1,40,5,0.0037078793741021866,2.5,0.018369120661458394,93137.6058839936,1710.855920602422,461410.88961846195,0.9772394595716665,3379629.019691473,36.286406415695595
Santa Isabel,2005-2009,1,45,5,0.005522020978969182,2.5,0.027234136216023445,91426.74996339118,2489.9285622913158,450908.9284112276,0.9658037756212879,2918218.130073011,31.918646689743593
Santa Isabel,2005-2009,1,50,5,0.00844526494760151,2.5,0.04135322733480548,88936.82140109986,3677.824593834681,435489.5455209126,0.9510968969749607,2467309.2016617833,27.742268756540817
Santa Isabel,2005-2009,1,55,5,0.011687532887310899,2.5,0.056778658344798935,85258.99680726518,4840.891450540017,414192.7554099759,0.9301515949547972,2031819.6561408706,23.831146649941967
Santa Isabel,2005-2009,1,60,5,0.0174722370191281,2.5,0.08370490523578238,80418.10535672517,6731.389888125836,385262.0520633113,0.9109902973238175,1617626.9007308946,20.115207807437066
Santa Isabel,2005-2009,1,65,5,0.01990322411183694,2.5,0.09479910116877749,73686.71546859933,6985.434394502663,350969.99135674,0.8712747660365275,1232364.8486675834,16.724382961440863
Santa Isabel,2005-2009,1,70,5,0.03625362595687507,2.5,0.1662043536135965,66701.28107409667,11086.043306119056,305791.29710518575,0.8035511996278445,881394.8573108434,13.21406190582345
Santa Isabel,2005-2009,1,75,5,0.052673549876585075,2.5,0.2327220129868236,55615.23776797761,12942.89008610457,245718.96362462663,0.7069310393049855,575603.5602056577,10.349745560866438
Santa Isabel,2005-2009,1,80,5,0.09131588629194533,2.5,0.3717196567003918,42672.34768187304,15862.150430905604,173706.3623321012,0.4734329394812076,329884.5965810311,7.7306409068551
Santa Isabel,2005-2009,1,85,NA,0.1630467254142495,5.82532954856549,1,26810.197250967438,26810.197250967438,156178.2342489299,0,156178.2342489299,5.82532954856549
Santa Isabel,2005-2009,2,0,1,0.010016057580072875,0.12844429733740362,0.009929378552655898,100000,992.9378552655835,99134.59934985371,0.9898226318687773,8126760.071239896,81.26760071239896
Santa Isabel,2005-2009,2,1,4,2.5501629161840065e-4,1.507844901094829,0.0010194172858573472,99007.06214473442,100.92951057228493,395776.71658453497,0.9989420326923075,8027625.471890043,81.0813420577492
Santa Isabel,2005-2009,2,5,5,1.1565597143952362e-4,2.5,5.781127017323171e-4,98906.13263416213,57.178891555042355,494387.71594192303,0.9993580302108199,7631848.755305507,77.16254343433371
Santa Isabel,2005-2009,2,10,5,1.4122260487839592e-4,2.5,7.058638145755201e-4,98848.95374260709,69.77389955555554,494070.33396414656,0.9985940214370292,7137461.0393635845,72.20573176676031
Santa Isabel,2005-2009,2,15,5,4.21761808371185e-4,2.5,0.0021065878461072572,98779.17984305153,208.08701970581023,493375.6816659932,0.9969744870135504,6643390.705399438,67.25496927545868
Santa Isabel,2005-2009,2,20,5,7.908360710116172e-4,2.5,0.0039463780098579785,98571.09282334572,388.9987931257201,491882.9671339143,0.9954762455505826,6150015.0237334445,62.39166927727178
Santa Isabel,2005-2009,2,25,5,0.0010232948433561006,2.5,0.005103418462290626,98182.09403022,501.0643113401893,489657.8093727496,0.9942852670237798,5658132.05659953,57.62896088626896
Santa Isabel,2005-2009,2,30,5,0.001269855230693777,2.5,0.006329183287210676,97681.02971887981,618.241140774262,486859.54574246344,0.9926521666263098,5168474.24722678,52.91175023544839
Santa Isabel,2005-2009,2,35,5,0.0016816344888014483,2.5,0.008372971748840713,97062.78857810555,812.7039866281702,483282.18292395736,0.9909441489677386,4681614.701484317,48.232847727397235
Santa Isabel,2005-2009,2,40,5,0.001958441276559063,2.5,0.009744496323248494,96250.08459147738,937.9085954140028,478905.6514688519,0.9891108696137655,4198332.51856036,43.61900081833391
Santa Isabel,2005-2009,2,45,5,0.0024236017938725303,2.5,0.012045028090146343,95312.17599606338,1148.0378372055566,473690.785387303,0.9847549375263602,3719426.8670915077,39.023627655349394
Santa Isabel,2005-2009,2,50,5,0.0037313072070634125,2.5,0.01848411129112522,94164.13815885782,1740.540409361216,466469.33977088606,0.9756733815097203,3245736.081704205,34.468919327106754
Santa Isabel,2005-2009,2,55,5,0.006148922685340999,2.5,0.030279152999771974,92423.5977494966,2798.5082570464,455121.71810486703,0.9606637312244057,2779266.741933319,30.070964662793127
Santa Isabel,2005-2009,2,60,5,0.00997808547708932,2.5,0.048676189438164125,89625.0894924502,4362.607834546914,437218.92787588376,0.9469961057323867,2324145.023828452,25.93185721755103
Santa Isabel,2005-2009,2,65,5,0.011851656159954298,2.5,0.057553033878544706,85262.48165790329,4907.114495426111,414044.6220509512,0.9242305962354272,1886926.095952568,22.130790228736696
Santa Isabel,2005-2009,2,70,5,0.019969156421622603,2.5,0.09509820479090053,80355.36716247718,7641.651162465263,382672.7079062227,0.8905218469015541,1472881.4739016169,18.3295967140997
Santa Isabel,2005-2009,2,75,5,0.026750724758344186,2.5,0.12536932314991286,72713.71600001192,9116.06935863648,340778.4066034684,0.8348312199870264,1090208.7659953942,14.993165333418188
Santa Isabel,2005-2009,2,80,5,0.04709549224507467,2.5,0.21067308018958666,63597.64664137544,13398.312110747487,284492.45293000847,0.6203884065214005,749430.3593919257,11.783932251737761
Santa Isabel,2005-2009,2,85,NA,0.1653595273183624,9.261834062326987,1,50199.33453062795,50199.33453062795,464937.9064619173,0,464937.9064619173,9.261834062326987
Santa Isabel,2010-2014,1,0,1,0.012249101493361711,0.12484753042507138,0.01211918586392864,100000,1211.9185863928724,98939.38645619452,0.9874063756220515,7491812.574051801,74.91812574051801
Santa Isabel,2010-2014,1,1,4,4.1291718218858307e-4,1.616484892991983,0.0016500447640340353,98788.08141360713,163.00475648549036,394763.8013548312,0.9983612245930633,7392873.187595606,74.83567938366001
Santa Isabel,2010-2014,1,5,5,1.8767853630194647e-4,2.5,9.379525975831449e-4,98625.07665712164,92.50564683738048,492894.11916851474,0.9988814509403726,6998109.386240775,70.95669401170952
Santa Isabel,2010-2014,1,10,5,2.60031946037686e-4,2.5,0.0012993150716219552,98532.57101028426,128.02485455932037,492342.79291502293,0.9970944869924409,6505215.26707226,66.0209634273451
Santa Isabel,2010-2014,1,15,5,9.048021714644692e-4,2.5,0.004513800615825455,98404.54615572494,444.17850103773526,490912.28452603036,0.9924969202412984,6012872.474157237,61.10360454934554
Santa Isabel,2010-2014,1,20,5,0.002112278324759397,2.5,0.010505913092529096,97960.3676546872,1029.163109092333,487228.93050070514,0.9882804976780997,5521960.189631207,56.36932896267047
Santa Isabel,2010-2014,1,25,5,0.0026060643815716215,2.5,0.012945976785395425,96931.20454559487,1254.8691238276951,481518.8499184051,0.9874197958394656,5034731.259130502,51.94128436485328
Santa Isabel,2010-2014,1,30,5,0.002456925912225205,2.5,0.01220963414485283,95676.33542176717,1168.1730518200056,475461.24447928584,0.9872514871210096,4553212.409212097,47.58974504134491
Santa Isabel,2010-2014,1,35,5,0.0026766019335933114,2.5,0.013294052451722627,94508.16236994717,1256.3964676619944,469399.82068058086,0.98532748246047,4077751.164732811,43.14707917788806
Santa Isabel,2010-2014,1,40,5,0.0032399432057318885,2.5,0.016069554915490496,93251.76590228517,1498.5143731332355,462512.54357859277,0.9783611227503162,3608351.34405223,38.694723999471265
Santa Isabel,2010-2014,1,45,5,0.005535387259581202,2.5,0.027299157772576965,91753.25152915194,2504.786489641265,452504.29142165656,0.9714173548318576,3145838.8004736374,34.28585633800823
Santa Isabel,2010-2014,1,50,5,0.006071201814894999,2.5,0.029902154044711193,89248.46503951067,2668.72134986546,439570.5218228897,0.9582703509573691,2693334.5090519805,30.17793648170453
Santa Isabel,2010-2014,1,55,5,0.011083153925765015,2.5,0.05392171301559321,86579.74368964521,4668.528092196677,421227.39821773436,0.9434068639940124,2253763.987229091,26.031077145572993
Santa Isabel,2010-2014,1,60,5,0.012247208407743154,2.5,0.05941681669620794,81911.21559744854,4866.903682517164,397388.8187809498,0.9310353530936726,1832536.5890113567,22.372230416129224
Santa Isabel,2010-2014,1,65,5,0.0164748312766213,2.5,0.07911561534761158,77044.31191493137,6095.408146183123,369983.0392091991,0.8884813407586345,1435147.770230407,18.627562951240684
Santa Isabel,2010-2014,1,70,5,0.031663729027672796,2.5,0.14670553441678172,70948.90376874825,10408.596843679028,328723.0267345436,0.8370324753937038,1065164.7310212078,15.013124578964872
Santa Isabel,2010-2014,1,75,5,0.040050155520044574,2.5,0.1820254124110644,60540.30692506922,11019.87433552814,275151.8487865257,0.7682431483680591,736441.7042866641,12.16448580609541
Santa Isabel,2010-2014,1,80,5,0.06853635498680216,2.5,0.2925551208880374,49520.43258954108,14487.456142661096,211383.52259105264,0.5417555359810222,461289.8555001384,9.315141879385859
Santa Isabel,2010-2014,1,85,NA,0.2035565791165397,7.133459907068281,1,35032.976446879984,35032.976446879984,249906.33290908576,0,249906.33290908576,7.133459907068281
Santa Isabel,2010-2014,2,0,1,0.007497939930096403,0.13361970899987077,0.007449547169742158,100000,744.9547169742145,99354.58591552597,0.9923288061993459,8140140.814970773,81.40140814970773
Santa Isabel,2010-2014,2,1,4,2.1306764721374722e-4,1.5118795867548296,8.518190072621158e-4,99255.04528302579,84.5473341387551,396809.817184147,0.999119598734473,8040786.229055247,81.01136023994492
Santa Isabel,2010-2014,2,5,5,1.0078956133863555e-4,2.5,5.038208569852557e-4,99170.49794888703,49.96416526424582,495727.57933127455,0.999440375982115,7643976.4118711,77.07913714228644
Santa Isabel,2010-2014,2,10,5,1.2312895173402673e-4,2.5,6.154553077529268e-4,99120.53378362278,61.00425862445263,495450.15827155276,0.9986375093030448,7148248.832539826,72.11673060744651
Santa Isabel,2010-2014,2,15,5,4.2244290157140226e-4,2.5,0.002109986136192889,99059.52952499833,209.01423395553138,494775.11204010283,0.9970608483451361,6652798.674268273,67.15960297983644
Santa Isabel,2010-2014,2,20,5,7.554381075380796e-4,2.5,0.0037700704005686706,98850.5152910428,372.67340177971346,493320.8929507647,0.9957731957659756,6158023.56222817,62.296322321611314
Santa Isabel,2010-2014,2,25,5,9.392536272803335e-4,2.5,0.004685266502508527,98477.84188926309,461.39493384309753,491235.72211170767,0.9951315489969071,5664702.669277405,57.52261179369956
Santa Isabel,2010-2014,2,30,5,0.0010130588010932072,2.5,0.0050524978120260935,98016.44695541999,495.227883784828,488844.16506763786,0.9942675971381926,5173466.947165698,52.7816209204023
Santa Isabel,2010-2014,2,35,5,0.001287281560128989,2.5,0.006415760574939139,97521.21907163516,625.6727925398009,486041.91337682627,0.9924648190558957,4684622.78209806,48.03695879413612
Santa Isabel,2010-2014,2,40,5,0.0017399012885468534,2.5,0.008661829621435494,96895.54627909536,839.2927129454474,482379.4996131132,0.9906760475200894,4198580.868721234,43.33099951392764
Santa Isabel,2010-2014,2,45,5,0.0020084059853854594,2.5,0.009991860645115327,96056.25356614991,959.7806997248263,477881.81608143746,0.9858727003608205,3716201.36910812,38.68776088116874
Santa Isabel,2010-2014,2,50,5,0.0036947101476217463,2.5,0.018304476401341387,95096.47286642509,1740.6911434342765,471130.63647353975,0.9785099021756439,3238319.5530266827,34.05299329634768
Santa Isabel,2010-2014,2,55,5,0.005008972286558302,2.5,0.02473511763593363,93355.78172299081,2309.166242912732,461005.99300767225,0.9719824146986671,2767188.916553143,29.64132339188227
Santa Isabel,2010-2014,2,60,5,0.006376722191930155,2.5,0.031383304425190245,91046.61548007808,2857.343650494513,448089.7182741541,0.9599280491130698,2306182.923545471,25.32969415046611
Santa Isabel,2010-2014,2,65,5,0.010054980862117719,2.5,0.049042110601742635,88189.27182958357,4324.988022953592,430133.88909053383,0.9343210951928285,1858093.2052713167,21.06937915149005
Santa Isabel,2010-2014,2,70,5,0.017356539571017682,2.5,0.08317367969773615,83864.28380662997,6975.301079412675,401883.1663346182,0.8866604153151155,1427959.3161807829,17.027025705880934
Santa Isabel,2010-2014,2,75,5,0.031555817559524614,2.5,0.14624211411619822,76888.9827272173,11244.407386272112,356333.8951704062,0.8127181485095313,1026076.1498461646,13.3449047373461
Santa Isabel,2010-2014,2,80,5,0.05334804337294113,2.5,0.23535137805394704,65644.57534094519,15449.541268257606,289599.02353408193,0.567596308113656,669742.2546757584,10.20255293293082
Santa Isabel,2010-2014,2,85,NA,0.13103401618530117,7.573323500312598,1,50195.03407268758,50195.03407268758,380143.2311416764,0,380143.2311416764,7.573323500312598
Santa Isabel,2015-2019,1,0,1,0.0127962569132654,0.12375570914242456,0.012654367951598595,100000,1265.4367951598542,98891.16823280008,0.9869721158980553,7527904.248889571,75.27904248889571
Santa Isabel,2015-2019,1,1,4,3.648300047032166e-4,1.6148723893618335,0.0014580512719985313,98734.56320484015,143.96005547103414,394594.8897162276,0.9984688268613414,7429013.080656772,75.24227423019164
Santa Isabel,2015-2019,1,5,5,1.8068328933278094e-4,2.5,9.030085502760059e-4,98590.60314936911,89.02815762076352,492730.4453527936,0.9990246199784796,7034418.190940544,71.34978351114346
Santa Isabel,2015-2019,1,10,5,2.0967323035536893e-4,2.5,0.0010478169038891962,98501.57499174835,103.21161533605482,492249.8459204016,0.9978240392843304,6541687.74558775,66.41201164687732
Santa Isabel,2015-2019,1,15,5,6.621518723745975e-4,2.5,0.0033052878555173185,98398.3633764123,325.2349154708354,491178.7295933844,0.9945352790503529,6049437.899667349,61.479049976937915
Santa Isabel,2015-2019,1,20,5,0.0015321090559393478,2.5,0.0076313152616440064,98073.12846094146,748.426961981153,488494.5748997544,0.9908480407709594,5558259.170073964,56.67463919321787
Santa Isabel,2015-2019,1,25,5,0.0021483361202597343,2.5,0.010684296948662688,97324.7014989603,1039.8460112548491,484023.8924666644,0.9892415131081052,5069764.595174209,52.091242172762975
Santa Isabel,2015-2019,1,30,5,0.00217849595669234,2.5,0.010833478063068424,96284.85548770546,1043.09986973177,478816.52776419785,0.9893550150259003,4585740.702707545,47.62681191636721
Santa Isabel,2015-2019,1,35,5,0.002101872433418791,2.5,0.010454427484750523,95241.75561797369,995.6980276284448,473719.53302079736,0.9870035975861357,4106924.1749433475,43.121046523089326
Santa Isabel,2015-2019,1,40,5,0.003137464280475132,2.5,0.015565232996019944,94246.05759034524,1466.9618453500298,467562.88333835115,0.9810543692638285,3633204.6419225503,38.55020289246288
Santa Isabel,2015-2019,1,45,5,0.004526546288485295,2.5,0.022379477094970276,92779.09574499521,2076.3476481171674,458704.6096046831,0.9748861840472642,3165641.758584199,34.120204914316204
Santa Isabel,2015-2019,1,50,5,0.005661153253497658,2.5,0.027910748702920558,90702.74809687804,2531.581608796274,447184.7864623996,0.9635771126389363,2706937.148979516,29.844047791013814
Santa Isabel,2015-2019,1,55,5,0.009244721127229275,2.5,0.04517942761370501,88171.16648808177,3983.52283396422,430897.0253554983,0.9439569122819363,2259752.362517116,25.6291535263126
Santa Isabel,2015-2019,1,60,5,0.013954571218884054,2.5,0.0674207857050352,84187.64365411755,5675.997081816124,406748.2255660474,0.9110188902201009,1828855.3371616178,21.72356010669946
Santa Isabel,2015-2019,1,65,5,0.023751288722287555,2.5,0.1121001368227265,78511.64657230143,8801.166322932535,370555.3170541758,0.8769185753332807,1422107.1115955706,18.113326795228414
Santa Isabel,2015-2019,1,70,5,0.0290577504698379,2.5,0.1354491344720767,69710.48024936889,9442.224213409812,324946.84071331995,0.8274556064501999,1051551.7945413948,15.084558172311757
Santa Isabel,2015-2019,1,75,5,0.048292629403420474,2.5,0.21545136473774912,60268.25603595908,12984.878013311478,268879.0851465167,0.7516957760267905,726604.9538280747,12.05618017874195
Santa Isabel,2015-2019,1,80,5,0.06788525599489954,2.5,0.2901790775627243,47283.3780226476,13720.647018661475,202115.27256658432,0.5584359845145724,457725.86868155806,9.680481552361135
Santa Isabel,2015-2019,1,85,NA,0.13945567740316772,7.615905752264791,1,33562.731003986126,33562.731003986126,255610.59611497377,0,255610.59611497377,7.615905752264791
Santa Isabel,2015-2019,2,0,1,0.00597617183870167,0.13674735330507162,0.005945499327793917,100000,594.5499327793805,99486.75319693591,0.9938376712897968,8376660.157773333,83.76660157773333
Santa Isabel,2015-2019,2,1,4,1.9204418137381895e-4,1.5143266725936793,7.678102043076953e-4,99405.45006722062,76.32451892540848,397432.0824479625,0.9992244422167773,8277173.404576397,83.26679672974822
Santa Isabel,2015-2019,2,5,5,9.037165009620737e-5,2.5,4.51756185601202e-4,99329.12554829521,44.87254687680979,496533.44637428405,0.9994979330848262,7879741.322128435,79.32961534325794
Santa Isabel,2015-2019,2,10,5,1.1051059968911939e-4,2.5,5.524003832015566e-4,99284.2530014184,54.84465940388327,496284.1533585823,0.9988049659740981,7383207.875754151,74.36433928398164
Santa Isabel,2015-2019,2,15,5,3.6794271473533104e-4,2.5,0.0018380228558783117,99229.40834201452,182.38592050789157,495691.07690880285,0.9972935472122797,6886923.722395568,69.40405911378986
Santa Isabel,2015-2019,2,20,5,7.165777842947543e-4,2.5,0.0035764818528695222,99047.02242150663,354.2398782712844,494349.5124118549,0.9962518923660733,6391232.645486766,64.5272567436515
Santa Isabel,2015-2019,2,25,5,7.856098194374705e-4,2.5,0.003920349434658617,98692.78254323534,386.9101942482521,492496.6372305561,0.9955204538877176,5896883.13307491,59.74989235399867
Santa Isabel,2015-2019,2,30,5,0.001010736265182694,2.5,0.005040943664482382,98305.87234898709,495.5543643990386,490290.4758339378,0.9946768310611583,5404386.495844354,54.975215281735295
Santa Isabel,2015-2019,2,35,5,0.0011245173059482442,2.5,0.005606824102903415,97810.31798458805,548.4052483886335,487680.5768019687,0.9930939116984812,4914096.020010416,50.24108009529965
Santa Isabel,2015-2019,2,40,5,0.0016493082833002313,2.5,0.008212678320545765,97261.91273619942,798.7808021433884,484312.61167563865,0.9912194929569031,4426415.443208448,45.510265207451575
Santa Isabel,2015-2019,2,45,5,0.0018793965889243782,2.5,0.009353037776389324,96463.13193405603,902.2233170080435,480060.10137776006,0.9879690873181156,3942102.831532809,40.86641966204978
Santa Isabel,2015-2019,2,50,5,0.002968684467437154,2.5,0.014734070322911387,95560.90861704799,1408.0011476849031,474284.54021602764,0.9820820152671192,3462042.730155049,36.228650190308294
Santa Isabel,2015-2019,2,55,5,0.004275110795683604,2.5,0.021149512703215606,94152.90746936308,1991.288112567985,465786.3170653955,0.974189804942344,2987758.189939021,31.73304224207015
Santa Isabel,2015-2019,2,60,5,0.006209228629462764,2.5,0.03057157834849054,92161.6193567951,2817.5261668900202,453764.2813667504,0.9615439157197313,2521971.8728736257,27.36466536151071
Santa Isabel,2015-2019,2,65,5,0.009540079171296512,2.5,0.046589233418135007,89344.09318990508,4162.472812156106,436314.2839191351,0.9463305558416449,2068207.5915068754,23.148789334184663
Santa Isabel,2015-2019,2,70,5,0.012604156569199377,2.5,0.061095635458463866,85181.62037774897,5204.225226360199,412897.5388228444,0.9100940214189754,1631893.3075877402,19.157810104467337
Santa Isabel,2015-2019,2,75,5,0.02566573816932823,2.5,0.12059104535737145,79977.39515138877,9644.557686265543,375775.58154128,0.8477143117090493,1218995.7687648959,15.241753828784564
Santa Isabel,2015-2019,2,80,5,0.041580679552275866,2.5,0.18832653455053802,70332.83746512323,13245.539544912906,318550.3384633339,0.6222216411680184,843220.1872236159,11.988997140087706
Santa Isabel,2015-2019,2,85,NA,0.11942751229984291,9.190658305348446,1,57087.29792021032,57087.29792021032,524669.848760282,0,524669.848760282,9.190658305348446
Santa Isabel,2020-2024,1,0,1,0.011854199281876204,0.12563553804298014,0.011732592247050625,100000,1173.2592247050634,98974.14382925465,0.9878406596329632,7500952.049968905,75.00952049968905
Santa Isabel,2020-2024,1,1,4,3.8343825140307376e-4,1.6176496995596366,0.001532353225101119,98826.74077529494,151.4374749532435,394946.18598722696,0.9984485028054716,7401977.90613965,74.89853300909448
Santa Isabel,2020-2024,1,5,5,1.8047318689629177e-4,2.5,9.019589859498486e-4,98675.3033003417,89.00107650307473,493154.0138104508,0.9990002678733825,7007031.720152423,71.01099754236235
Santa Isabel,2020-2024,1,10,5,2.1963924415932114e-4,2.5,0.0010975935342609575,98586.30222383862,108.20768788758141,492660.9918994741,0.9973615991813102,6513877.706341973,66.0728474383015
Santa Isabel,2020-2024,1,15,5,8.379318834840137e-4,2.5,0.004180901141499676,98478.09453595104,411.7271778580762,491361.15473511,0.9944092711654786,6021216.714442498,61.142701255702654
Santa Isabel,2020-2024,1,20,5,0.0014062214531503675,2.5,0.00700647562491501,98066.36735809296,687.099612518432,488614.0877591687,0.9902844521024787,5529855.559707388,56.388909966603705
Santa Isabel,2020-2024,1,25,5,0.0025043286306201135,2.5,0.012443735147595624,97379.26774557453,1211.7618166927423,483866.93418614083,0.9870196737335601,5041241.471948219,51.76914541111162
Santa Isabel,2020-2024,1,30,5,0.0027231492415837177,2.5,0.013523678719298885,96167.50592888179,1300.5384534184705,477586.18351086276,0.9861568537095409,4557374.537762078,47.38996289591172
Santa Isabel,2020-2024,1,35,5,0.0028536122463828804,2.5,0.014166993466786282,94866.96747546332,1343.97970843871,470974.8881062198,0.9836192042141121,4079788.3542512157,43.00536280245729
Santa Isabel,2020-2024,1,40,5,0.003760302820569156,2.5,0.018626411731418935,93522.9877670246,1741.9976765010651,463259.9446438704,0.9789194205282968,3608813.4661449958,38.58744841572985
Santa Isabel,2020-2024,1,45,5,0.0047725368096086405,2.5,0.02358132716821883,91780.99009052354,2164.317555147689,453494.1565647485,0.9756083875680325,3145553.521501126,34.27238601804871
Santa Isabel,2020-2024,1,50,5,0.00510871803347511,2.5,0.025221466762178953,89616.67253537585,2260.263927688051,442432.70285765914,0.9637982591896999,2692059.364936377,30.03971569992957
Santa Isabel,2020-2024,1,55,5,0.009724004169217178,2.5,0.04746611899849117,87356.4086076878,4146.469686253331,426415.86882280564,0.941754891517226,2249626.6620787177,25.752279631614105
Santa Isabel,2020-2024,1,60,5,0.014413558502492917,2.5,0.06956123035441762,83209.93892143447,5788.185729090925,401579.230284445,0.9130091129840254,1823210.7932559124,21.910973819814476
Santa Isabel,2020-2024,1,65,5,0.022324855265988573,2.5,0.10572361530522723,77421.75319234355,8185.307650763571,366645.4968348088,0.8875409158677456,1421631.5629714674,18.362172184858977
Santa Isabel,2020-2024,1,70,5,0.02552984091416207,2.5,0.11999083711410949,69236.44554157997,8307.739059339641,325412.8800595508,0.8392221103167412,1054986.0661366584,15.237438286791978
Santa Isabel,2020-2024,1,75,5,0.04621102623774346,2.5,0.2071263304601621,60928.70648224033,12619.93939335073,273093.68392782484,0.7538601748718936,729573.1860771077,11.974210978691394
Santa Isabel,2020-2024,1,80,5,0.069303175250473,2.5,0.2953450089634916,48308.7670888896,14267.753248883331,205874.45232223967,0.5489951874007426,456479.5021492829,9.449206213632957
Santa Isabel,2020-2024,1,85,NA,0.14641956814579052,7.361856230395899,1,34041.01384000627,34041.01384000627,250605.0498270432,0,250605.0498270432,7.361856230395899
Santa Isabel,2020-2024,2,0,1,0.007058724167228286,0.1345224159808207,0.007015863084219537,100000,701.58630842196,99392.79277680603,0.9927861617310818,8305157.590623842,83.05157590623841
Santa Isabel,2020-2024,2,1,4,1.9581348537515657e-4,1.5125851907619747,7.828726282279949e-4,99298.41369157804,77.73801010557509,397000.28808873484,0.9991864969646165,8205764.797847035,82.6374208084958
Santa Isabel,2020-2024,2,5,5,9.203007260556334e-5,2.5,4.6004451820178693e-4,99220.67568147246,45.64592793954944,495989.2635875134,0.9994886507289598,7808764.5097583,78.70098098128993
Santa Isabel,2020-2024,2,10,5,0.00011256719696464319,2.5,5.626776372121768e-4,99175.02975353292,55.803571412165184,495735.6398391342,0.9988163004564594,7312775.246170787,73.73605295954331
Santa Isabel,2020-2024,2,15,5,3.613403388457423e-4,2.5,0.0018050710817379219,99119.22618212075,178.91724882558628,495148.8377885398,0.9974192112329434,6817039.606331653,68.77615845997514
Santa Isabel,2020-2024,2,20,5,6.727112937271497e-4,2.5,0.003357909210013532,98940.30893329516,332.2325746087008,493870.963229954,0.996337244389886,6321890.768543113,63.89600797391168
Santa Isabel,2020-2024,2,25,5,7.953039543389764e-4,2.5,0.003968629105642327,98608.07635868646,391.33888188848505,492062.0345887111,0.9954654072614907,5828019.805313159,59.10286480099015
Santa Isabel,2020-2024,2,30,5,0.001023172813073175,2.5,0.005102811420576441,98216.73747679798,501.18148968835885,489830.733659769,0.993675061637425,5335957.770724448,54.32839562589805
Santa Isabel,2020-2024,2,35,5,0.001516393628188495,2.5,0.007553333573685676,97715.55598710962,738.0781897088018,486732.58446127607,0.9926462552498375,4846127.037064679,49.59422262002958
Santa Isabel,2020-2024,2,40,5,0.001435661762022015,2.5,0.007152636891901746,96977.47779740082,693.644685377265,483153.27727356093,0.9915508254648743,4359394.452603403,44.9526483016064
Santa Isabel,2020-2024,2,45,5,0.0019605732778416587,2.5,0.009755052650332842,96283.83311202355,939.2538613836514,479071.0309066586,0.9879042029544741,3876241.175329842,40.25848421323177
Santa Isabel,2020-2024,2,50,5,0.0029129803595959324,2.5,0.014459600467555676,95344.5792506399,1378.64452271146,473276.2849464208,0.9810426989099997,3397170.1444231835,35.63044874835276
Santa Isabel,2020-2024,2,55,5,0.004760180246581328,2.5,0.0235209908429303,93965.93472792844,2210.171890282989,464304.24391393474,0.9732441694426976,2923893.8594767624,31.116530346265222
Santa Isabel,2020-2024,2,60,5,0.006105509966468372,2.5,0.03006858964790946,91755.76283764545,2758.966380596059,451881.3982367371,0.9624277706106852,2459589.615562828,26.8058325656872
Santa Isabel,2020-2024,2,65,5,0.009271741798966832,2.5,0.04530848750129974,88996.7964570494,4032.3102399299387,434903.2066854221,0.9388709957909562,2007708.2173260907,22.55933131587526
Santa Isabel,2020-2024,2,70,5,0.016168206231424093,2.5,0.07770034322339957,84964.48621711945,6601.76974086999,408318.0067334223,0.8939799356222411,1572805.0106406684,18.5113225615406
Santa Isabel,2020-2024,2,75,5,0.02935168729644435,2.5,0.13672561755267348,78362.71647624946,10714.190803320278,365028.10537294665,0.8367201305536202,1164487.0039072463,14.860217412960466
Santa Isabel,2020-2024,2,80,5,0.04297764469741425,2.5,0.1940397905486679,67648.52567292919,13126.505752501354,305426.36398339254,0.6179586410966834,799458.8985342996,11.817831809071013
Santa Isabel,2020-2024,2,85,NA,0.10339315833054209,9.061156121360193,1,54522.01992042783,54522.01992042783,494032.53455090703,0,494032.53455090703,9.061156121360193
Toa Alta,1980-1984,1,0,1,0.01608325142286869,0.11719667594823668,0.01585809270689141,100000,1585.8092706891475,98600.04230452352,0.983705164890455,7411286.419693418,74.11286419693418
Toa Alta,1980-1984,1,1,4,4.2922355104823683e-4,1.6052195666741362,0.0017151312273877214,98414.19072931085,168.79325173792313,393252.54014070396,0.9982330306088876,7312686.377388895,74.30520256476534
Toa Alta,1980-1984,1,5,5,1.9837196462969394e-4,2.5,9.913681740175914e-4,98245.39747757293,97.39736030297354,490983.4939871072,0.9988507110653604,6919433.837248191,70.43010680299535
Toa Alta,1980-1984,1,10,5,2.6164431414121316e-4,2.5,0.001307366408238029,98148.00011726996,128.3153983890661,490419.2120903771,0.9974078605570791,6428450.343261084,65.49751737763575
Toa Alta,1980-1984,1,15,5,7.772261415647059e-4,2.5,0.003878594345528854,98019.68471888089,380.1785949011828,489147.97710715147,0.9939777043783824,5938031.131170707,60.57998603240664
Toa Alta,1980-1984,1,20,5,0.0016415781761451097,2.5,0.00817434381967882,97639.5061239797,798.1388934410352,486202.183386296,0.9920692466861002,5448883.154063555,55.80613186577089
Toa Alta,1980-1984,1,25,5,0.0015429599844244875,2.5,0.007685155204734943,96841.36723053867,744.2409374054259,482346.2338091798,0.9918451326475837,4962680.970677259,51.24546578182026
Toa Alta,1980-1984,1,30,5,0.001733120322880916,2.5,0.008628217267662535,96097.12629313325,829.1468844551564,478412.76425452833,0.9887143901309038,4480334.736868079,46.62298353440177
Toa Alta,1980-1984,1,35,5,0.0028128685619608945,2.5,0.013966130585662845,95267.97940867809,1330.5250410538429,473013.58444075583,0.9838964312717176,4001921.9726135507,42.00699959685521
Toa Alta,1980-1984,1,40,5,0.0036879480543109957,2.5,0.01827128142956019,93937.45436762425,1716.357665527321,465396.3776743029,0.9811747247522539,3528908.388172795,37.566574609978375
Toa Alta,1980-1984,1,45,5,0.003915879555252176,2.5,0.019389579630114628,92221.09670209693,1788.1282980818069,456635.1627652801,0.9740659144528115,3063512.010498492,33.219210354812816
Toa Alta,1980-1984,1,50,5,0.0066296896008838525,2.5,0.032607995778129444,90432.96840401512,2948.8378519218386,444792.747390271,0.9582946032384643,2606876.847733212,28.82662035472309
Toa Alta,1980-1984,1,55,5,0.01048995691905089,2.5,0.05110944490717234,87484.13055209328,4471.265350704081,426242.4893837062,0.9324131405529528,2162084.100342941,24.71401483558789
Toa Alta,1980-1984,1,60,5,0.01774405157992131,2.5,0.08495178573010312,83012.8652013892,7052.091137430354,397434.0981633701,0.9045095961907904,1735841.6109592349,20.91051316862854
Toa Alta,1980-1984,1,65,5,0.022611269167174854,2.5,0.10700741232828023,75960.77406395884,8128.365871037371,359482.95564220083,0.8611163422306424,1338407.5127958648,17.619719247054118
Toa Alta,1980-1984,1,70,5,0.03825521863309953,2.5,0.17457963764774334,67832.40819292147,11842.15724309405,309556.64785687224,0.8099697883319642,978924.557153664,14.431517076166815
Toa Alta,1980-1984,1,75,5,0.046615153525504424,2.5,0.20874864257306228,55990.25094982742,11687.88888310158,250731.53254138317,0.7485420013944182,669367.9092967918,11.955079642286456
Toa Alta,1980-1984,1,80,5,0.07209755206280229,2.5,0.30543497524092766,44302.362066725844,13531.490860965023,187683.08318121664,0.5516799456467877,418636.37675540854,9.449527231186474
Toa Alta,1980-1984,1,85,NA,0.1889063773771841,7.505581887163259,1,30770.87120576082,30770.87120576082,230953.2935741919,0,230953.2935741919,7.505581887163259
Toa Alta,1980-1984,2,0,1,0.009983338775462742,0.12851154331495468,0.009897229273225892,100000,989.7229273225821,99137.46789352184,0.989826256739415,7886738.229684272,78.86738229684272
Toa Alta,1980-1984,2,1,4,2.691312447244771e-4,1.5078972079724615,0.0010758034346012512,99010.27707267742,106.51559613560676,395775.6604761857,0.998887878732975,7787600.761790751,78.65446893027425
Toa Alta,1980-1984,2,5,5,1.2628980342788262e-4,2.5,6.312497161330023e-4,98903.76147654181,62.43297135656758,494362.7249543177,0.9992444826052528,7391825.101314564,74.73755285907677
Toa Alta,1980-1984,2,10,5,1.7605016343176755e-4,2.5,8.79863566846985e-4,98841.32850518524,86.96688385045854,493989.22531630006,0.998508207408343,6897462.376360247,69.78318159694105
Toa Alta,1980-1984,2,15,5,4.2129535852578705e-4,2.5,0.002104260504669569,98754.36162133479,207.8049028236419,493252.29584961483,0.9968819195726485,6403473.151043947,64.84243375090126
Toa Alta,1980-1984,2,20,5,8.285202050498429e-4,2.5,0.0041340381898274155,98546.55671851114,407.3952289503068,491714.29552017996,0.9958252992630185,5910220.855194332,59.97389510093504
Toa Alta,1980-1984,2,25,5,8.448872411309084e-4,2.5,0.004215532082476885,98139.16148956084,413.70878380663635,489661.53548828757,0.9950454537744179,5418506.559674152,55.21248070017925
Toa Alta,1980-1984,2,30,5,0.0011425922753471388,2.5,0.0056966888949197166,97725.4527057542,556.7115011798742,487235.48477582133,0.9933478901692456,4928845.024185864,50.43563255753173
Toa Alta,1980-1984,2,35,5,0.0015284188671261104,2.5,0.007613004685637931,97168.74120457433,739.7460820879642,483994.3408176517,0.9907997484734727,4441609.539410043,45.710271475668236
Toa Alta,1980-1984,2,40,5,0.0021716615762164184,2.5,0.010799674784171048,96428.99512248636,1041.4017870872776,479541.4711447136,0.9888717427916327,3957615.1985923913,41.04175506096829
Toa Alta,1980-1984,2,45,5,0.0023052952253393255,2.5,0.011460426957831032,95387.59333539908,1093.1825461036206,474205.0103117364,0.9846072343198307,3478073.727447678,36.46253779795215
Toa Alta,1980-1984,2,50,5,0.003912027976708099,2.5,0.019370693149715706,94294.41078929546,1826.5480971326906,466905.68370364554,0.9748648100098335,3003868.717135941,31.856275382516603
Toa Alta,1980-1984,2,55,5,0.006300410022284564,2.5,0.03101355483219425,92467.86269216277,2867.757129819205,455169.92063626583,0.9657530825152206,2536963.033432296,27.43615954310707
Toa Alta,1980-1984,2,60,5,0.007660712769726616,2.5,0.037583767725264644,89600.10556234357,3367.509555614306,439581.7539226821,0.9456521346384288,2081793.11279603,23.234270760401312
Toa Alta,1980-1984,2,65,5,0.014887539359581547,2.5,0.07176662563817598,86232.59600672926,6188.622435423007,415691.4239450888,0.9055750511384819,1642211.358873348,19.043974493649664
Toa Alta,1980-1984,2,70,5,0.02526840835142054,2.5,0.11883510674764249,80043.97357130625,9512.034143851648,376439.78249690216,0.859333595164529,1226519.934928259,15.323076556608324
Toa Alta,1980-1984,2,75,5,0.0360723166849225,2.5,0.16544190174303594,70531.9394274546,11668.938192502712,323487.35165601625,0.7776509388658085,850080.152431357,12.052414258446758
Toa Alta,1980-1984,2,80,5,0.06798333947344062,2.5,0.2905374347297629,58863.001234951895,17101.905379297787,251560.242726515,0.5222869694456045,526592.8007753406,8.946074609302428
Toa Alta,1980-1984,2,85,NA,0.1234538861478344,6.585855864498071,1,41761.09585565411,41761.09585565411,275032.5580488257,0,275032.5580488257,6.585855864498071
Toa Alta,1985-1989,1,0,1,0.011929473314205845,0.12548533247516797,0.011806304054370866,100000,1180.6304054370848,98967.52139351948,0.9877364349781228,7290570.911334269,72.90570911334268
Toa Alta,1985-1989,1,1,4,4.004575335495663e-4,1.6174276058841806,0.001600303254354383,98819.36959456292,158.14095875543717,394900.69609554193,0.9983826818693601,7191603.38994075,72.77524051657616
Toa Alta,1985-1989,1,5,5,1.9199542786036891e-4,2.5,9.595165823099453e-4,98661.22863580748,94.66708490712335,493069.47546676954,0.9988920373965017,6796702.693845208,68.88929712130562
Toa Alta,1985-1989,1,10,5,2.514682309348592e-4,2.5,0.0012565511979072542,98566.56155090035,123.85393099038629,492523.1729270258,0.9972906015047349,6303633.218378439,63.95305993425778
Toa Alta,1985-1989,1,15,5,8.345523019221852e-4,2.5,0.004164073666451649,98442.70761990997,409.9226864542579,491188.7313834142,0.9940298297871977,5811110.045451412,59.030376001930684
Toa Alta,1985-1989,1,20,5,0.0015628462412755962,2.5,0.0077838189259998095,98032.78493345571,763.0694467334979,488256.2510504448,0.99257407027549,5319921.314067998,54.266756959716496
Toa Alta,1985-1989,1,25,5,0.0014180560329747117,2.5,0.00706523292444137,97269.71548672221,687.233196407833,484630.4944425915,0.9906671873121375,4831665.063017554,49.672861063082884
Toa Alta,1985-1989,1,30,5,0.0023368786932890036,2.5,0.011616527427854616,96582.48229031438,1121.9530545757298,480107.5288151326,0.9868231234584277,4347034.568574962,45.00851982151734
Toa Alta,1985-1989,1,35,5,0.0029730474019069937,2.5,0.014755564527578993,95460.52923573865,1408.5739989747817,473781.2111812563,0.9824537531030072,3866927.039759829,40.508124883851195
Toa Alta,1985-1989,1,40,5,0.004117701565201329,2.5,0.020378724066047717,94051.95523676387,1916.6588436422753,465468.1290747137,0.9781948932032462,3393145.828578573,36.07735554286733
Toa Alta,1985-1989,1,45,5,0.004706977296132258,2.5,0.023261162076225177,92135.29639312159,2143.1740623414516,455318.54680975433,0.9697976786808346,2927677.6995038595,31.775853707704865
Toa Alta,1985-1989,1,50,5,0.007603597527232969,2.5,0.03730878516951733,89992.12233078014,3357.496758987996,441566.8697564307,0.9484356223865605,2472359.152694105,27.47306195987424
Toa Alta,1985-1989,1,55,5,0.013730139622313106,2.5,0.06637244090965724,86634.62557179214,5750.151566494038,418797.74894272565,0.9235476694211131,2030792.2829376743,23.44088486023181
Toa Alta,1985-1989,1,60,5,0.0182457204616237,2.5,0.08724880886520796,80884.4740052981,7057.074012651137,386779.6849948627,0.9036963690761076,1611994.5339949487,19.929591603567324
Toa Alta,1985-1989,1,65,5,0.02243644281614416,2.5,0.10622399273402228,73827.39999264697,7842.241200390694,349531.3969622581,0.8526723925871772,1225214.8490000858,16.59566568946102
Toa Alta,1985-1989,1,70,5,0.04280026006031816,2.5,0.19331632756714243,65985.15879225628,12756.008571653729,298035.772532147,0.7805652123394032,875683.4520378278,13.270915279521827
Toa Alta,1985-1989,1,75,5,0.057616781138800324,2.5,0.2518123614060583,53229.15022060255,13403.758012687736,232636.3560712934,0.7121283740601677,577647.6795056808,10.852092830933454
Toa Alta,1985-1989,1,80,5,0.08078862089024376,2.5,0.336067108829044,39825.39220791481,13384.004417296666,165666.9499963324,0.5198217022351206,345011.3234343874,8.66309920146425
Toa Alta,1985-1989,1,85,NA,0.15475468425902061,6.782714086652042,1,26441.387790618144,26441.387790618144,179344.37343805502,0,179344.37343805502,6.782714086652042
Toa Alta,1985-1989,2,0,1,0.008446872368596833,0.13166939662699398,0.008385368393361256,100000,838.5368393361277,99271.87280034876,0.991383120160598,8081901.221906188,80.81901221906188
Toa Alta,1985-1989,2,1,4,2.29157356354154e-4,1.5103570056240012,9.16106768176954e-4,99161.46316066387,90.84248754382133,396419.6872799503,0.9990130142370693,7982629.349105839,80.50132677219761
Toa Alta,1985-1989,2,5,5,1.2179571213396295e-4,2.5,6.087931896696194e-4,99070.62067312005,60.313519162125885,495202.3195676949,0.999341986510571,7586209.661825889,76.57375728831168
Toa Alta,1985-1989,2,10,5,1.4150279438522506e-4,2.5,7.072637724257111e-4,99010.30715395793,70.02640334673924,494876.46976142284,0.9985021628957584,7091007.3422581935,71.6188803578995
Toa Alta,1985-1989,2,15,5,4.583185338168693e-4,2.5,0.0022889699756763393,98940.28075061119,226.47133202313853,494135.2254229981,0.9971983331464098,6596130.872496771,66.66780023722566
Toa Alta,1985-1989,2,20,5,6.642091002392273e-4,2.5,0.0033155399716427066,98713.80941858805,327.289580880446,492750.8231407392,0.9960093982800176,6101995.647073773,61.81501537640743
Toa Alta,1985-1989,2,25,5,9.357658565905579e-4,2.5,0.004667909108040359,98386.5198377076,459.25933205883484,490784.45085839095,0.9948771023169273,5609244.823933033,57.01233088827312
Toa Alta,1985-1989,2,30,5,0.0011191263866115332,2.5,0.0055800200638295334,97927.26050564877,546.4360784173768,488270.2123322004,0.9936653582461578,5118460.373074642,52.26798285426756
Toa Alta,1985-1989,2,35,5,0.0014237492564120908,2.5,0.007093497876243797,97380.82442723139,690.7706712614454,485177.1954580034,0.991722547370742,4630190.160742442,47.54724749945395
Toa Alta,1985-1989,2,40,5,0.001902983652327493,2.5,0.009469865762298989,96690.05375596994,915.6418296185002,481161.1642058035,0.9891336611096766,4145012.965284439,42.86907292187241
Toa Alta,1985-1989,2,45,5,0.0024703960646334996,2.5,0.012276162862109113,95774.41192635144,1175.742278830614,475932.70393468067,0.9857481551689197,3663851.8010786353,38.25501746641955
Toa Alta,1985-1989,2,50,5,0.0032770458162765647,2.5,0.01625208203776373,94598.66964752083,1537.4253397748107,469149.7848881671,0.9783118285160449,3187919.0971439546,33.6994072857715
Toa Alta,1985-1989,2,55,5,0.005517895848702722,2.5,0.02721406825784788,93061.24430774602,2532.5750547512725,458974.7839018519,0.965563877794058,2718769.3122557877,29.214839458464976
Toa Alta,1985-1989,2,60,5,0.00855101689650727,2.5,0.04186021594788189,90528.66925299475,3789.549644404731,443169.4721539619,0.9436789675724857,2259794.5283539356,24.96219757785935
Toa Alta,1985-1989,2,65,5,0.014811600718890478,2.5,0.07141362822650664,86739.11960859002,6194.355240422345,418209.7099418942,0.9166795123928527,1816625.0561999737,20.943549627866737
Toa Alta,1985-1989,2,70,5,0.020199638012672178,2.5,0.0961430528984083,80544.76436816767,7743.819541338569,383364.272987492,0.8786578999205438,1398415.3462580796,17.36196458240247
Toa Alta,1985-1989,2,75,5,0.03225055168988161,2.5,0.14922156403871886,72800.9448268291,10863.470850555917,336846.0470077557,0.813560303386564,1015051.0732705876,13.942828292751965
Toa Alta,1985-1989,2,80,5,0.05202481829473164,2.5,0.230185672065511,61937.473976273184,14257.119073268543,274044.57219819457,0.5959266570047635,678205.0262628319,10.949833480820296
Toa Alta,1985-1989,2,85,NA,0.12701912955255965,8.476456496324623,1,47680.35490300464,47680.35490300464,404160.45406463725,0,404160.45406463725,8.476456496324623
Toa Alta,1990-1994,1,0,1,0.011869708343371236,0.12560459048621989,0.011747780264373784,100000,1174.7780264373723,98972.77948648551,0.9878095681564788,7324809.175249681,73.2480917524968
Toa Alta,1990-1994,1,1,4,3.920601531116911e-4,1.6176039380634417,0.0015667771758749159,98825.22197356263,154.83710218896158,394932.0045917539,0.9983463268438555,7225836.395763195,73.11733028736556
Toa Alta,1990-1994,1,5,5,2.1407728219130083e-4,2.5,0.0010698138538507967,98670.38487137367,105.55894470016938,493088.0269951179,0.9988995322344918,6830904.391171441,69.22953021898294
Toa Alta,1990-1994,1,10,5,2.2635892471209023e-4,2.5,0.0011311545062661472,98564.8259266735,111.49204700629343,492545.39951585175,0.9968463513248972,6337816.364176324,64.30099484872312
Toa Alta,1990-1994,1,15,5,0.0010383752159530456,2.5,0.005178433188065339,98453.3338796672,509.83401163814415,490992.0843692406,0.9919900902639088,5845270.964660472,59.37098048710822
Toa Alta,1990-1994,1,20,5,0.0021830749114714627,2.5,0.010856125220843772,97943.49986802906,1063.2868991350115,487059.28209230775,0.988708573128329,5354278.880291231,54.66701606033773
Toa Alta,1990-1994,1,25,5,0.002360145244633192,2.5,0.011731506077463183,96880.21296889405,1136.5508072305238,481559.6878263939,0.9872102050315402,4867219.598198923,50.23956336431334
Toa Alta,1990-1994,1,30,5,0.0027914751374178057,2.5,0.013860646561427131,95743.66216166352,1327.0690617195069,475400.63815401884,0.9836877756932884,4385659.910372529,45.8062686485433
Toa Alta,1990-1994,1,35,5,0.003795324774302129,2.5,0.01879826011568357,94416.59309994402,1774.8676763293915,467645.7963088966,0.981804507406648,3910259.272218511,41.41495836520318
Toa Alta,1990-1994,1,40,5,0.0035474193047232883,2.5,0.01758117700683196,92641.72542361463,1628.7505728908873,459136.7506858459,0.9811091298237834,3442613.475909614,37.160506890042036
Toa Alta,1990-1994,1,45,5,0.004086119111421782,2.5,0.02022400136093309,91012.97485072374,1840.6465272436035,450463.25793550967,0.9700456986491991,2983476.725223768,32.780784609196225
Toa Alta,1990-1994,1,50,5,0.008139411823477258,2.5,0.03988544888185218,89172.32832348013,3556.678343021922,436969.94575984584,0.9560342346519571,2533013.4672882585,28.405824036572632
Toa Alta,1990-1994,1,55,5,0.009881334761175194,2.5,0.048215587894153485,85615.64998045821,4128.008896747851,417758.22766042146,0.9370174108467583,2096043.5215284128,24.482013767422604
Toa Alta,1990-1994,1,60,5,0.016340892626834688,2.5,0.07849765860727492,81487.64108371036,6396.589030501258,391446.7328422987,0.906782664480592,1678285.2938679913,20.59558077210663
Toa Alta,1990-1994,1,65,5,0.02309929644820295,2.5,0.10919089982949584,75091.0520532091,8199.259542833403,354957.11140896205,0.8690683631088733,1286838.5610256926,17.137042641430114
Toa Alta,1990-1994,1,70,5,0.033683608276257604,2.5,0.15533724417271982,66891.7925103757,10390.786706335151,308481.9957860406,0.8154871347821762,931881.4496167306,13.93117772217249
Toa Alta,1990-1994,1,75,5,0.04919947366378597,2.5,0.21905401296445187,56501.00580404055,12376.772057902861,251563.0988754456,0.7280050608139864,623399.4538306899,11.033422236637579
Toa Alta,1990-1994,1,80,5,0.08186550508863502,2.5,0.3397857046172108,44124.23374613769,14992.783854125908,183139.20909537366,0.5074736328097422,371836.3549552443,8.427032571138804
Toa Alta,1990-1994,1,85,NA,0.14976836763564355,6.477437496566686,1,29131.44989201178,29131.44989201178,188697.14585987062,0,188697.14585987062,6.477437496566686
Toa Alta,1990-1994,2,0,1,0.0103951508012282,0.12766515841275972,0.010301734138031078,100000,1030.1734138031024,99101.34383826268,0.9894829895319968,7993229.05613356,79.9322905613356
Toa Alta,1990-1994,2,1,4,2.4249301643966556e-4,1.5072390785574235,9.6938609404911e-4,98969.8265861969,95.93997362309892,395640.1509277357,0.9989780588017295,7894127.7122952975,79.762974075942
Toa Alta,1990-1994,2,5,5,1.0807390834437519e-4,2.5,5.402235815372846e-4,98873.8866125738,53.41400514636189,494235.8980500031,0.9994019014037884,7498487.561367562,75.83890770623331
Toa Alta,1990-1994,2,10,5,1.312440270085887e-4,2.5,6.560048932331304e-4,98820.47260742744,64.82671358207881,493940.296253182,0.9986146542416935,7004251.663317558,70.8785485285274
Toa Alta,1990-1994,2,15,5,4.234809438433111e-4,2.5,0.0021151653886286527,98755.64589384536,208.88452412633342,493256.01815891097,0.9971724084365768,6510311.367064376,65.92343463646074
Toa Alta,1990-1994,2,20,5,7.095620331445851e-4,2.5,0.003541527831501529,98546.76136971902,349.00609809519665,491861.2916033571,0.996086745113874,6017055.348905466,61.05787004335139
Toa Alta,1990-1994,2,25,5,8.591018056444645e-4,2.5,0.004286303101387469,98197.75527162383,420.905342970058,489936.51300069405,0.9950327823444091,5525194.057302108,56.265991437573334
Toa Alta,1990-1994,2,30,5,0.0011334151764675663,2.5,0.005651063379843097,97776.84992865377,552.5431760282227,487502.8917031983,0.9928904048017665,5035257.544301414,51.49744083569436
Toa Alta,1990-1994,2,35,5,0.0017226703919727298,2.5,0.008576416114589048,97224.30675262555,833.8361111629638,484036.9434852203,0.9905422695381741,4547754.652598216,46.77590208145561
Toa Alta,1990-1994,2,40,5,0.0020800947684123613,2.5,0.010346668713408664,96390.47064146258,997.3202668567537,479459.0525401711,0.9894182420456117,4063717.709112996,42.158915524217576
Toa Alta,1990-1994,2,45,5,0.002175630407715579,2.5,0.010819305016119348,95393.15037460583,1032.0875903514097,474385.5328971506,0.9867231556342072,3584258.656572825,37.5735431998792
Toa Alta,1990-1994,2,50,5,0.003177291746626217,2.5,0.015761263402815667,94361.06278425442,1487.249565512262,468087.19000749144,0.9780826961007596,3109873.123675674,32.95716508392913
Toa Alta,1990-1994,2,55,5,0.005714884677291233,2.5,0.028171925128341775,92873.81321874216,2616.434112382005,457827.98081275576,0.9670846591282032,2641785.9336681827,28.44489573660645
Toa Alta,1990-1994,2,60,5,0.007704859756688257,2.5,0.037796261547073016,90257.37910636015,3411.3915072573,442758.4167636575,0.9492319346613265,2183957.952855427,24.197001668770262
Toa Alta,1990-1994,2,65,5,0.013276382640115807,2.5,0.06424941369890465,86845.98759910285,5579.803785344717,420280.4285321525,0.9176737306236763,1741199.5360917693,20.049280159372113
Toa Alta,1990-1994,2,70,5,0.02141733434720433,2.5,0.10164429700254646,81266.18381375814,8260.244123829165,385680.30875921773,0.8659872856881657,1320919.107559617,16.254228334221214
Toa Alta,1990-1994,2,75,5,0.03716884983126641,2.5,0.17004345046822264,73005.93968992897,12414.181889550484,333994.24372576864,0.7915176661936884,935238.7988003992,12.810448064534858
Toa Alta,1990-1994,2,80,5,0.058399307640907484,2.5,0.25479666599608075,60591.75780037849,15438.577874378454,264362.34431594633,0.5603081273923023,601244.5550746305,9.922876920908125
Toa Alta,1990-1994,2,85,NA,0.11256874697812363,7.460874545509058,1,45153.17992600003,45153.17992600003,336882.2107586842,0,336882.2107586842,7.460874545509058
Toa Alta,1995-1999,1,0,1,0.010274059414844576,0.1287886281406484,0.01018291340540475,100000,1018.2913405404834,99112.85300425523,0.9893742225306883,7306908.870672491,73.06908870672491
Toa Alta,1995-1999,1,1,4,3.748621390902551e-4,1.6223188819095156,0.0014981132840509051,98981.70865945952,148.2858126207866,395574.2582610889,0.9984958213069367,7207796.017668236,72.81947458056331
Toa Alta,1995-1999,1,5,5,1.814790574980174e-4,2.5,9.069837910811586e-4,98833.42284683873,89.64031253915164,493943.0134528458,0.998953368946276,6812221.759407148,68.92629601591344
Toa Alta,1995-1999,1,10,5,2.3742185708003046e-4,2.5,0.0011864050891513636,98743.78253429958,117.15012612074497,493426.03735619603,0.9969309670578713,6318278.745954301,63.98659828288012
Toa Alta,1995-1999,1,15,5,9.932396048381587e-4,2.5,0.004953897007425632,98626.63240817883,488.58617913933995,491911.69659304584,0.9928490617403185,5824852.708598105,59.05963294469199
Toa Alta,1995-1999,1,20,5,0.001880583636511269,2.5,0.009358917614254286,98138.0462290395,918.4658894814784,488394.0664214938,0.9904047007506117,5332941.01200506,54.34121848685243
Toa Alta,1995-1999,1,25,5,0.001976501183567138,2.5,0.009833914060884599,97219.58033955802,956.048998094484,483707.7792025539,0.9882575928178221,4844546.945583566,49.83097981562004
Toa Alta,1995-1999,1,30,5,0.002752786023679455,2.5,0.013669854656288373,96263.53134146353,1315.9084821388533,478027.88550197054,0.9850396137824087,4360839.166381012,45.3010512455891
Toa Alta,1995-1999,1,35,5,0.0032804451903706263,2.5,0.016268803655094533,94947.62285932468,1544.684233816326,470876.40371208254,0.9826706475023416,3882811.2808790416,40.89424425750872
Toa Alta,1995-1999,1,40,5,0.0037156862454101967,2.5,0.018407440542954328,93402.93862550835,1719.3090392862505,462716.42052932613,0.9769501126963382,3411934.877166959,36.529202692934966
Toa Alta,1995-1999,1,45,5,0.005634134849386483,2.5,0.027779392143506165,91683.6295862221,2546.915499415627,452050.8591825714,0.9667106464117087,2949218.456637633,32.16733968700593
Toa Alta,1995-1999,1,50,5,0.007946128052321663,2.5,0.038956751913588564,89136.71408680647,3472.4768570721935,437002.3782913519,0.9540304846906934,2497167.5974550615,28.015028633691564
Toa Alta,1995-1999,1,55,5,0.010944805474204813,2.5,0.05326654737282876,85664.23722973428,4563.038150554887,416913.5907722842,0.9374406370058758,2060165.2191637096,24.04930325403774
Toa Alta,1995-1999,1,60,5,0.015018486683500393,2.5,0.07237502504293851,81101.1990791794,5869.7013143679505,390831.7421099771,0.9097754589956267,1643251.6283914254,20.261742699847296
Toa Alta,1995-1999,1,65,5,0.023161022326884148,2.5,0.10946670938417707,75231.49776481144,8235.344502356966,355569.12756816484,0.8583007030335139,1252419.8862814482,16.647546885172495
Toa Alta,1995-1999,1,70,5,0.039052393107968215,2.5,0.17789399953624563,66996.15326245448,11918.21365740132,305185.23216876906,0.8018316938097538,896850.7587132833,13.386600797808645
Toa Alta,1995-1999,1,75,5,0.05015382863834737,2.5,0.22282973262742528,55077.93960505316,12273.00255586348,244707.19163560707,0.720096723886427,591665.5265445143,10.742332243855971
Toa Alta,1995-1999,1,80,5,0.08583219414400504,2.5,0.3533409073280294,42804.93704918968,15124.73529507986,176212.84700824873,0.4921210148921402,346958.33490890724,8.105568161686513
Toa Alta,1995-1999,1,85,NA,0.16425115747022306,6.168505902429236,1,27680.201754109818,27680.201754109818,170745.4879006585,0,170745.4879006585,6.168505902429236
Toa Alta,1995-1999,2,0,1,0.006936146028744774,0.13477434715150172,0.006894768239091971,100000,689.4768239091936,99403.44696490926,0.9928692973884495,8076804.002024376,80.76804002024376
Toa Alta,1995-1999,2,1,4,2.1355981771661026e-4,1.5127822120749974,8.537857656713329e-4,99310.5231760908,84.78991106912144,397031.2017293155,0.9990857068345691,7977400.5550594665,80.32784744185136
Toa Alta,1995-1999,2,5,5,1.1928239853892769e-4,2.5,5.962341920833319e-4,99225.73326502168,59.16177490714472,495980.7618878406,0.9993556039851895,7580369.353330151,76.39519612401118
Toa Alta,1995-1999,2,10,5,1.3856529831126168e-4,2.5,6.925865703944756e-4,99166.57149011454,68.68143564612546,495661.15386145737,0.9985722344308182,7084388.59144231,71.43928125163146
Toa Alta,1995-1999,2,15,5,4.3315937940936793e-4,2.5,0.00216345409596287,99097.89005446841,214.39373613960925,494953.46593199304,0.9970724558200278,6588727.437580853,66.48706076344722
Toa Alta,1995-1999,2,20,5,7.400247477228213e-4,2.5,0.0036932909219072278,98883.4963183288,365.20551927892666,493504.46779344673,0.9958357423511606,6093773.97164886,61.62579397507947
Toa Alta,1995-1999,2,25,5,9.295491941546378e-4,2.5,0.004636970240896329,98518.29079904988,456.8263826191687,491449.38803870144,0.995355314530899,5600269.503855413,56.84497222224873
Toa Alta,1995-1999,2,30,5,9.326568913969346e-4,2.5,0.0046524366392512095,98061.46441643071,456.22474994962977,489166.76020727947,0.9943661536020068,5108820.115816711,52.09814218275841
Toa Alta,1995-1999,2,35,5,0.0013283654748460683,2.5,0.006619843445525537,97605.23966648108,646.1314060551085,486410.86981726764,0.9926692068528707,4619653.355609432,47.32997297475907
Toa Alta,1995-1999,2,40,5,0.0016157968565286087,2.5,0.008046480587544362,96959.10826042597,780.1795824031287,482845.092346122,0.9909970816993862,4133242.4857921647,42.6287180229684
Toa Alta,1995-1999,2,45,5,0.0020034069730178886,2.5,0.009967114398870531,96178.92867802284,958.6263848946692,478498.0774278775,0.9863144915692907,3650397.3934460427,37.954232217188014
Toa Alta,1995-1999,2,50,5,0.0035189550888009547,2.5,0.017441337237932484,95220.30229312817,1660.7694041923096,471949.5879551601,0.9791920041084985,3171899.316018165,33.311166207535486
Toa Alta,1995-1999,2,55,5,0.004906334250731195,2.5,0.02423441589181479,93559.53288893586,2267.360630674404,462129.2628679933,0.9686497156804016,2699949.728063005,28.85809328770489
Toa Alta,1995-1999,2,60,5,0.007880846247651027,2.5,0.03864288465688851,91292.17225826146,3527.792882652793,447641.3790846753,0.9555782794309866,2237820.4651950113,24.512731046253535
Toa Alta,1995-1999,2,65,5,0.010347495535208445,2.5,0.0504328436156892,87764.37937560867,4426.207220078097,427756.37882784806,0.929475770789496,1790179.0861103362,20.3975587686758
Toa Alta,1995-1999,2,70,5,0.01921749518421668,2.5,0.09168269647607118,83338.17215553057,7640.668342606063,397589.1899211377,0.8734205570474484,1362422.7072824882,16.34812321945165
Toa Alta,1995-1999,2,75,5,0.035966959723272775,2.5,0.16499855744161243,75697.50381292451,12489.978931063495,347262.5717369638,0.7942512623941156,964833.5173613505,12.745909293730447
Toa Alta,1995-1999,2,80,5,0.05833485889518207,2.5,0.25455126426909125,63207.52488186101,16089.555369997768,275813.7359843106,0.5533893912294515,617570.9456243867,9.770528853624107
Toa Alta,1995-1999,2,85,NA,0.109980227414247,7.253224474242874,1,47117.969511863244,47117.969511863244,341757.20964007603,0,341757.20964007603,7.253224474242874
Toa Alta,2000-2004,1,0,1,0.009603367858903722,0.13012695960595058,0.00952380871520668,100000,952.3808715206687,99171.54955567718,0.9900660621545212,7515530.507464027,75.15530507464027
Toa Alta,2000-2004,1,1,4,3.4982860249619036e-4,1.6243047643410824,0.0013981524248769005,99047.61912847933,138.48366886276926,395861.48152158345,0.9985776588416008,7416358.95790835,74.87670095621624
Toa Alta,2000-2004,1,5,5,1.7539097117816584e-4,2.5,8.765704995127901e-4,98909.13545961656,86.70083027621149,494328.9252223923,0.9990355325950028,7020497.476386767,70.97926236806663
Toa Alta,2000-2004,1,10,5,2.1059910679470216e-4,2.5,0.0010524414259128832,98822.43462934035,104.00482401349291,493852.161086668,0.9977480365952215,6526168.551164374,66.03934193326134
Toa Alta,2000-2004,1,15,5,6.917440373743405e-4,2.5,0.00345274914029583,98718.42980532686,340.8499736416852,492740.0240925301,0.994756591459465,6032316.390077706,61.106283821303265
Toa Alta,2000-2004,1,20,5,0.0014130284643576855,2.5,0.007040272059745322,98377.57983168517,692.6049265943875,490156.3868419399,0.9916328100547381,5539576.365985176,56.309337711528094
Toa Alta,2000-2004,1,25,5,0.0019501649140071476,2.5,0.009703515929266328,97684.97490509078,947.8877100415266,486055.15525035013,0.9904161763514667,5049419.979143236,51.69085608149231
Toa Alta,2000-2004,1,30,5,0.0019015890394118874,2.5,0.009462958551405035,96737.08719504926,915.4190465104039,481396.8883589703,0.9906023536599496,4563364.823892886,47.17285744496167
Toa Alta,2000-2004,1,35,5,0.001875090938099931,2.5,0.009331710177522535,95821.66814853885,894.1800358889013,476872.890652972,0.9874672514753731,4081967.9355339156,42.59963340657162
Toa Alta,2000-2004,1,40,5,0.003177835484733652,2.5,0.01576393940858875,94927.48811264995,1496.4311708173482,470896.3626362064,0.9809204724463679,3605095.044880944,37.97735636492136
Toa Alta,2000-2004,1,45,5,0.004540608195903148,2.5,0.02244821955527545,93431.0569418326,2097.3608795117034,461911.8825103838,0.9717068905499345,3134198.682244737,33.545576651198495
Toa Alta,2000-2004,1,50,5,0.0069739503239375274,2.5,0.03427221972505364,91333.6960623209,3130.208499749133,448842.9590622317,0.9618899912890043,2672286.7997343536,29.258498395936343
Toa Alta,2000-2004,1,55,5,0.008597712041247298,2.5,0.042083995029220195,88203.48756257177,3711.95513214315,431737.54998250096,0.9468664007002301,2223443.840672122,25.208117072409472
Toa Alta,2000-2004,1,60,5,0.013365906393237193,2.5,0.06466864434882606,84491.53243042862,5463.952861230689,408797.7799990664,0.916666656426484,1791706.290689621,21.205749726044253
Toa Alta,2000-2004,1,65,5,0.021782652282793684,2.5,0.10328851679840552,79027.57956919793,8162.641479870435,374731.29414631356,0.883206426792687,1382908.5106905545,17.499061950640353
Toa Alta,2000-2004,1,70,5,0.02823210547808255,2.5,0.1318542216565661,70864.9380893275,9343.841254509025,330965.08731036494,0.8274550897442935,1008177.216544241,14.226742359859282
Toa Alta,2000-2004,1,75,5,0.04929072179228957,2.5,0.21941571192773057,61521.09683481847,13498.695260586544,273858.74602262594,0.7306289433673573,677212.129233876,11.00780324271789
Toa Alta,2000-2004,1,80,5,0.08001010826555117,2.5,0.333368430738496,48022.401574231924,16009.152653095574,200089.12623842066,0.5039359168245104,403353.38321125007,8.399275546179332
Toa Alta,2000-2004,1,85,NA,0.15267493560157297,6.349379204640074,1,32013.24892113635,32013.24892113635,203264.2569728294,0,203264.2569728294,6.349379204640074
Toa Alta,2000-2004,2,0,1,0.006435078531286696,0.13580417614700238,0.006399489892923258,100000,639.9489892923302,99446.95875597463,0.9933551109016929,8172566.321811626,81.72566321811625
Toa Alta,2000-2004,2,1,4,2.1222215613978264e-4,1.513588029944214,8.484409262852861e-4,99360.05101070767,84.30113371527113,397230.5966948718,0.9991613437032832,8073119.363055651,81.25115960523853
Toa Alta,2000-2004,2,5,5,9.489820089352307e-5,2.5,4.743784603115498e-4,99275.7498769924,47.09427737291844,496261.0136915297,0.9994622988422214,7675888.766360779,77.31886967231765
Toa Alta,2000-2004,2,10,5,1.2024691912556991e-4,2.5,6.01053908426058e-4,99228.65559961948,59.64177127601579,495994.1735699074,0.9987222655336757,7179627.75266925,72.3543789773645
Toa Alta,2000-2004,2,15,5,3.913469048327353e-4,2.5,0.001954821990325145,99169.01382834346,193.85776899050688,495360.4247192411,0.9971896953245603,6683633.579099342,67.396390476045
Toa Alta,2000-2004,2,20,5,7.348400898833864e-4,2.5,0.0036674629524029627,98975.15605935296,362.98771805598517,493968.3110016248,0.9962223526919782,6188273.154380101,62.52349984342683
Toa Alta,2000-2004,2,25,5,7.791622334390393e-4,2.5,0.0038882372481491745,98612.16834129697,383.4275060653745,492102.2729413214,0.9956050023713121,5694304.843378476,57.74444411028943
Toa Alta,2000-2004,2,30,5,9.831577942103452e-4,2.5,0.004903736105120476,98228.7408352316,481.6878229942522,489939.4846186724,0.9951568534865738,5202202.570437155,52.96008608278206
Toa Alta,2000-2004,2,35,5,9.587441495452025e-4,2.5,0.004782258342207998,97747.05301223735,467.45165969402296,487566.63591195166,0.9943572958265464,4712263.085818483,48.20874840317217
Toa Alta,2000-2004,2,40,5,0.00130570522817661,2.5,0.006507284651904986,97279.60135254332,633.0260568248341,484815.44162065454,0.9914959672350188,4224696.449906531,43.42838982857405
Toa Alta,2000-2004,2,45,5,0.002113884420186585,2.5,0.01051385939202086,96646.57529571849,1016.128503379543,480692.55522014364,0.9875795414374314,3739881.0082858764,38.69646696577313
Toa Alta,2000-2004,2,50,5,0.002890196571595959,2.5,0.01434731644597043,95630.44679233895,1372.0402819992305,474722.13325669663,0.9816886273239538,3259188.4530657325,34.08107524733252
Toa Alta,2000-2004,2,55,5,0.00451706618106634,2.5,0.022333130335937177,94258.40651033972,2105.08527785317,466029.3193570656,0.9729700068417,2784466.319809036,29.540774376485906
Toa Alta,2000-2004,2,60,5,0.00646981000235282,2.5,0.031834147792257295,92153.32123248655,2933.622447662332,453432.5500432769,0.9555983596723587,2318437.0004519704,25.15847469678237
Toa Alta,2000-2004,2,65,5,0.01181547248843645,2.5,0.057382363110546904,89219.69878482421,5119.637152284398,433299.4010434101,0.9320340249372512,1865004.4504086934,20.903505344785142
Toa Alta,2000-2004,2,70,5,0.016491798717002737,2.5,0.07919387016889887,84100.06163253982,6660.209362123758,403849.7847573897,0.881267487523093,1431705.0493652835,17.023828776973584
Toa Alta,2000-2004,2,75,5,0.03517797571415309,2.5,0.16167167309615763,77439.85227041606,12519.830480877441,355899.6851498867,0.8052829457904759,1027855.2646078937,13.272949708357848
Toa Alta,2000-2004,2,80,5,0.053035825721769125,2.5,0.2341352392485664,64920.021789538616,15200.064833715769,286599.94686340366,0.5734837902609984,671955.579458007,10.350513769640905
Toa Alta,2000-2004,2,85,NA,0.1040205374991859,7.750522248782302,1,49719.95695582285,49719.95695582285,385355.63259460335,0,385355.63259460335,7.750522248782302
Toa Alta,2005-2009,1,0,1,0.010019978612605963,0.12929563367747543,0.009933316001804518,100000,993.3316001804487,99135.10183851674,0.9897120640862735,7703752.500861591,77.0375250086159
Toa Alta,2005-2009,1,1,4,3.2505124798029296e-4,1.623070918886563,0.0012992011982009952,99006.66839981955,128.6295822149259,395720.93020462006,0.9986608173999254,7604617.399023074,76.80914348428811
Toa Alta,2005-2009,1,5,5,1.5934220136669364e-4,2.5,7.963937589966851e-4,98878.03881760463,78.74585301618208,494193.32945548266,0.9991269252834392,7208896.468818454,72.90695239330489
Toa Alta,2005-2009,1,10,5,1.900536162648226e-4,2.5,9.498167910343002e-4,98799.29296458844,93.84122740008752,493761.86175444204,0.9974078309295075,6714703.139362971,67.96306874149037
Toa Alta,2005-2009,1,15,5,8.490148018418929e-4,2.5,0.0042360827667824,98705.45173718836,418.1244630913716,492481.9475282134,0.9935417832510989,6220941.27760853,63.02530577715519
Toa Alta,2005-2009,1,20,5,0.0017455450057103626,2.5,0.008689803918973397,98287.32727409698,854.0976017318753,489301.3923661552,0.9909869669641943,5728459.3300803155,58.28278669237977
Toa Alta,2005-2009,1,25,5,0.0018765819033007111,2.5,0.009339095572143854,97433.22967236511,909.9382438128669,484891.30275229336,0.990559270518248,5239157.93771416,53.771777404194346
Toa Alta,2005-2009,1,30,5,0.0019178154664144258,2.5,0.009543321508099134,96523.29142855224,921.1528031226189,480313.57513495465,0.9902283903325607,4754266.634961868,49.25512344842733
Toa Alta,2005-2009,1,35,5,0.0020104739674174747,2.5,0.01000209744575173,95602.13862542962,956.2219065538084,475620.1383607636,0.9877441144595124,4273953.059826912,44.70562187496991
Toa Alta,2005-2009,1,40,5,0.002927762571746604,2.5,0.014532443994723632,94645.91671887581,1375.4364840463531,469790.9923842632,0.9850568226083957,3798332.921466149,40.132031609437874
Toa Alta,2005-2009,1,45,5,0.003095769010380669,2.5,0.015359967771335975,93270.48023482946,1432.631570423997,462770.8222480873,0.9789446088025192,3328541.929081886,35.686981783534634
Toa Alta,2005-2009,1,50,5,0.005440948773523664,2.5,0.026839660818586616,91837.84866440546,2464.896708461325,453027.001550874,0.9685277727910754,2865771.1068337983,31.204684653556292
Toa Alta,2005-2009,1,55,5,0.007380213878067165,2.5,0.03623255929791492,89372.95195594414,3238.210781373462,438769.23282628704,0.9509940561877626,2412744.1052829246,26.99635686725747
Toa Alta,2005-2009,1,60,5,0.012851987420218572,2.5,0.062259540037709754,86134.74117457068,5362.709366795942,417266.9324558635,0.9299603542312945,1973974.8724566374,22.917290346945496
Toa Alta,2005-2009,1,65,5,0.01630593263279281,2.5,0.07833629720177751,80772.03180777474,6327.381889285272,388041.70431566046,0.9058202346387546,1556707.940000774,19.272858502625073
Toa Alta,2005-2009,1,70,5,0.023587432356516353,2.5,0.11136984034343948,74444.64991848946,8290.888775845408,351496.0276528338,0.8465263202574044,1168666.2356851136,15.698458344081184
Toa Alta,2005-2009,1,75,5,0.04465548044510579,2.5,0.2008542901592266,66153.76114264406,13287.266735668796,297550.63887404825,0.7665256303505055,817170.2080322797,12.352588785847813
Toa Alta,2005-2009,1,80,5,0.06357813161760495,2.5,0.27429305776679347,52866.49440697526,14500.912404300332,228080.19102412547,0.5610631227888344,519619.5691582315,9.8289015564019
Toa Alta,2005-2009,1,85,NA,0.15084481463209665,7.598982288702914,1,38365.58200267493,38365.58200267493,291539.37813410605,0,291539.37813410605,7.598982288702914
Toa Alta,2005-2009,2,0,1,0.005747291736630616,0.1372177637124552,0.0057189334829653065,100000,571.8933482965222,99506.58057803876,0.9940583350648441,8345739.903761556,83.45739903761556
Toa Alta,2005-2009,2,1,4,1.921522517398708e-4,1.5146952952232156,7.682421276341849e-4,99428.10665170348,76.38486020074924,397522.5869543833,0.9992441656599865,8246233.323183518,82.93664237286607
Toa Alta,2005-2009,2,5,5,8.465712114033485e-5,2.5,4.2319603930576023e-4,99351.72179150273,42.04525516036665,496653.49581961276,0.9995332978580626,7848710.736229135,78.99924223457607
Toa Alta,2005-2009,2,10,5,1.0207137256283809e-4,2.5,5.102266639744154e-4,99309.67653634236,50.67044495951268,496421.706569313,0.9988763899851416,7352057.240409521,74.03163011732333
Toa Alta,2005-2009,2,15,5,3.477633838013522e-4,2.5,0.0017373064900475636,99259.00609138285,172.44331547823094,495863.92216821865,0.9976087403251014,6855635.533840208,69.06814609375158
Toa Alta,2005-2009,2,20,5,6.101996319315821e-4,2.5,0.0030463509540806246,99086.56277590462,301.85244504894945,494678.18276690075,0.9968101782329911,6359771.61167199,64.18399663388594
Toa Alta,2005-2009,2,25,5,6.678594274108095e-4,2.5,0.0033337309778989446,98784.71033085567,329.3216489727347,493100.2475318465,0.9963689795039409,5865093.428905089,59.372481928239374
Toa Alta,2005-2009,2,30,5,7.874078651098741e-4,2.5,0.0039293044125522335,98455.38868188293,386.8611931872729,491309.79042644653,0.9953250562318368,5371993.181373242,54.56271366446556
Toa Alta,2005-2009,2,35,5,0.0010876543651516678,2.5,0.005423524525446816,98068.52748869566,531.8770640094008,489012.9447834548,0.993517659054746,4880683.390946796,49.76809090469306
Toa Alta,2005-2009,2,40,5,0.0015151034299502042,2.5,0.007546931196397869,97536.65042468626,736.1023898822168,485842.9961487258,0.991509170692617,4391670.446163341,45.02584850967797
Toa Alta,2005-2009,2,45,5,0.001897338268378168,2.5,0.00944190512210443,96800.54803480404,913.9815903123235,481717.7861982394,0.9881266794815787,3905827.4500146154,40.34922869042332
Toa Alta,2005-2009,2,50,5,0.002886259422209625,2.5,0.014327911933997895,95886.56644449172,1373.8542796701076,475998.1965232834,0.9828327149482363,3424109.663816376,35.710003922171694
Toa Alta,2005-2009,2,55,5,0.004050185283774827,2.5,0.020047931822777303,94512.71216482161,1894.7844098661299,467826.59979944275,0.975257250956934,2948111.467293093,31.192750686826695
Toa Alta,2005-2009,2,60,5,0.005995253383365675,2.5,0.029533613180962925,92617.92775495548,2735.3420519372303,456251.2836449343,0.9615174016748074,2480284.86749365,26.77974910058321
Toa Alta,2005-2009,2,65,5,0.009773911455312242,2.5,0.04770392249033225,89882.58570301825,4287.751901607422,438693.54876107274,0.9406345760535189,2024033.5838487158,22.5186399347293
Toa Alta,2005-2009,2,70,5,0.014854076682893754,2.5,0.07161109179239386,85594.83380141083,6129.539500307525,412650.32025628537,0.902453326099005,1585340.035087643,18.521445333556013
Toa Alta,2005-2009,2,75,5,0.02677655694611871,2.5,0.12548279192148457,79465.2943011033,9971.526989764883,372397.65403110435,0.8400956161130405,1172689.7148313576,14.757256298427574
Toa Alta,2005-2009,2,80,5,0.04426305279476851,2.5,0.1992650638684385,69493.76731133842,13847.679981752262,312849.6366023115,0.6090806695127313,800292.0608002533,11.516026426008418
Toa Alta,2005-2009,2,85,NA,0.10528173271888337,8.759689092080626,1,55646.08732958616,55646.08732958616,487442.4241979418,0,487442.4241979418,8.759689092080626
Toa Alta,2010-2014,1,0,1,0.008318299149206274,0.13269124996271636,0.008258716362208268,100000,825.8716362208361,99283.71430349805,0.9913613648407352,7768329.954801503,77.68329954801503
Toa Alta,2010-2014,1,1,4,3.18594948008547e-4,1.6281164876006664,0.0012734175084927084,99174.12836377916,126.29007144793286,396396.96811686957,0.9987698916998667,7669046.240498005,77.3291015209863
Toa Alta,2010-2014,1,5,5,1.3594008360919677e-4,2.5,6.794695001943181e-4,99047.83829233123,67.29998517982312,495070.9414987066,0.9992207367346984,7272649.272381135,73.4256233933802
Toa Alta,2010-2014,1,10,5,1.7590229670958485e-4,2.5,8.791248833327424e-4,98980.53830715141,87.01625419147604,494685.15090027836,0.9979082155492546,6777578.330882429,68.47384795837935
Toa Alta,2010-2014,1,15,5,6.621966562575047e-4,2.5,0.003305511035400363,98893.52205295993,326.89362847567827,493650.3761936105,0.9940270387117942,6282893.179982151,63.53189824321866
Toa Alta,2010-2014,1,20,5,0.0017373650733514309,2.5,0.008649258069556031,98566.62842448425,852.5282062893966,490701.8216066978,0.9909115347426662,5789242.80378854,58.73430892712238
Toa Alta,2010-2014,1,25,5,0.0019154293426152788,2.5,0.009531504405034719,97714.10021819486,931.362376663732,486242.09514931496,0.9897184797546326,5298540.982181842,54.22493755098026
Toa Alta,2010-2014,1,30,5,0.0022200037692297983,2.5,0.011038753659320763,96782.73784153113,1068.3608015072823,481242.7872038874,0.9897146383403903,4812298.8870325275,49.72269843111927
Toa Alta,2010-2014,1,35,5,0.0019138252797698476,2.5,0.009523560322602214,95714.37704002384,911.5416434809595,476293.03109141684,0.9894874992221215,4331056.09982864,45.24979667388494
Toa Alta,2010-2014,1,40,5,0.002315516904642776,2.5,0.011510950024786653,94802.83539654288,1091.2707004576805,471286.0002315702,0.9854092488207674,3854763.068737223,40.66084155197949
Toa Alta,2010-2014,1,45,5,0.003572915081996193,2.5,0.017706416602661573,93711.5646960852,1659.2960049961548,464409.5834679356,0.9791331080428852,3383477.0685056527,36.10522436028642
Toa Alta,2010-2014,1,50,5,0.0048755798998481046,2.5,0.024084336729096628,92052.26869108905,2217.017835833467,454718.79886586155,0.9705928323795393,2919067.485037717,31.710978192548254
Toa Alta,2010-2014,1,55,5,0.007095959210260309,2.5,0.03486135909590461,89835.25085525558,3131.7789395357395,441346.8069274386,0.9603514038305339,2464348.686171856,27.431867365099983
Toa Alta,2010-2014,1,60,5,0.009125283956030501,2.5,0.04460875098108683,86703.47191571984,3867.733587883995,423848.02560888923,0.9414535208587629,2023001.879244417,23.33242065797408
Toa Alta,2010-2014,1,65,5,0.015182170318324856,2.5,0.07313498220159365,82835.73832783585,6058.190248262152,399033.21601852385,0.9133412477238441,1599153.853635528,19.305119818050244
Toa Alta,2010-2014,1,70,5,0.021329739175458537,2.5,0.10124962561247537,76777.5480795737,7773.697998500662,364453.4954016168,0.8552008101556655,1200120.6376170039,15.631140452325676
Toa Alta,2010-2014,1,75,5,0.04278519890037886,2.5,0.19325487395076632,69003.85008107303,13335.330349535354,311680.9245315268,0.769200799352463,835667.1422153872,12.11044226131668
Toa Alta,2010-2014,1,80,5,0.06439733474059767,2.5,0.27733722794325955,55668.51973153768,15438.952946049307,239745.2162925651,0.5424589269689304,523986.21768386033,9.412612733566336
Toa Alta,2010-2014,1,85,NA,0.14010874950472757,7.065475074760854,1,40229.56678548837,40229.56678548837,284241.0013912952,0,284241.0013912952,7.065475074760854
Toa Alta,2010-2014,2,0,1,0.004628480401697789,0.13951722308480258,0.004610119551004832,100000,461.01195510049,99603.30715268402,0.9951959370271305,8440108.098486522,84.40108098486522
Toa Alta,2010-2014,2,1,4,1.6318044732413424e-4,1.5164993354905152,6.52457375236635e-4,99538.98804489951,64.94494687348197,397994.66136088123,0.9993561738581207,8340504.791333838,83.7913359895888
Toa Alta,2010-2014,2,5,5,7.449646352852244e-5,2.5,3.724129590215639e-4,99474.04309802603,37.04542273597326,497277.6019332902,0.9995679235365129,7942510.129972957,79.84505186087655
Toa Alta,2010-2014,2,10,5,9.837662809190083e-5,2.5,4.917621956929158e-4,99436.99767529005,48.89935630992113,497062.7399856755,0.99901177042236,7445232.528039667,74.87386689159659
Toa Alta,2010-2014,2,15,5,2.972089136031926e-4,2.5,0.0014849412235963888,99388.09831898013,147.58548432870884,496571.52788407885,0.9977112250236871,6948169.788053991,69.9094751340775
Toa Alta,2010-2014,2,20,5,6.197194753494936e-4,2.5,0.003093804150035732,99240.51283465142,307.0307104595122,495434.98739710834,0.9968313173436902,6451598.260169913,65.00972310490957
Toa Alta,2010-2014,2,25,5,6.498126372077942e-4,2.5,0.003243793540950464,98933.48212419191,320.91979029819777,493865.11114521406,0.9964976594229885,5956163.272772805,60.20371612207069
Toa Alta,2010-2014,2,30,5,7.537635301940369e-4,2.5,0.003761729015614078,98612.56233389371,370.9537370354665,492135.4273268799,0.9958681622274448,5462298.161627591,55.39150420950138
Toa Alta,2010-2014,2,35,5,9.027013945474181e-4,2.5,0.004503344035384918,98241.60859685825,442.41576210127096,490102.0035790381,0.9944506986566928,4970162.73430071,50.59121898844453
Toa Alta,2010-2014,2,40,5,0.0013243684624632305,2.5,0.006599990264917598,97799.19283475698,645.4737206262071,487382.27987221937,0.9921226659854998,4480060.730721672,45.80876999967936
Toa Alta,2010-2014,2,45,5,0.0018410678497325446,2.5,0.009163164230993967,97153.71911413077,890.235483894634,483543.00686091726,0.989636771014598,3992678.450849453,41.096506518284464
Toa Alta,2010-2014,2,50,5,0.0023283529997232826,2.5,0.011574391823809066,96263.48363023614,1114.1912778611731,478531.9399565278,0.9847087511757422,3509135.4439885356,36.45344331675863
Toa Alta,2010-2014,2,55,5,0.0038469715288472757,2.5,0.01905162994925409,95149.29235237496,1812.7491078308522,471214.5889922977,0.9753184112374055,3030603.504032008,31.85103566307672
Toa Alta,2010-2014,2,60,5,0.00617815054731267,2.5,0.03042089063130452,93336.54324454411,2839.3807739462936,459584.26428785484,0.9649177286224744,2559388.9150397102,27.42108102647477
Toa Alta,2010-2014,2,65,5,0.008140339606891811,2.5,0.039889904608460584,90497.16247059782,3609.9231782885035,443461.00440726784,0.9515254038788418,2099804.650751855,23.202988838838717
Toa Alta,2010-2014,2,70,5,0.011822594326660637,2.5,0.05741595769406897,86887.23929230931,4988.714055361677,421964.41132314235,0.9095792292447117,1656343.6463445877,19.063140454632862
Toa Alta,2010-2014,2,75,5,0.0267659080074538,2.5,0.1254360177570056,81898.52523694764,10273.024865894346,383810.0640200023,0.8455603168872107,1234379.2350214452,15.07205693204068
Toa Alta,2010-2014,2,80,5,0.04140445635687495,2.5,0.18760325484072368,71625.50037105329,13437.176999205054,324534.5593572538,0.6184501267837471,850569.1710014429,11.875228327831573
Toa Alta,2010-2014,2,85,NA,0.096546874982452,9.040209120352262,1,58188.32337184824,58188.32337184824,526034.6116441891,0,526034.6116441891,9.040209120352262
Toa Alta,2015-2019,1,0,1,0.009122096495156313,0.13108731254874034,0.009050360573444874,100000,905.0360573444923,99213.6026871725,0.9906444496348291,7936568.2092490895,79.3656820924909
Toa Alta,2015-2019,1,1,4,2.884027407007549e-4,1.6257312635922105,0.0011528215732907422,99094.96394265551,114.23881223755598,396108.62213024206,0.9988391789331222,7837354.606561917,79.08933304720969
Toa Alta,2015-2019,1,5,5,1.264332928975787e-4,2.5,6.319667104073974e-4,98980.72513041795,62.55252325441688,494747.24434395373,0.999305057481893,7441245.984431675,75.17873782624868
Toa Alta,2015-2019,1,10,5,1.5164910175383435e-4,2.5,7.579581495877918e-4,98918.17260716353,74.97583506994124,494403.4234481428,0.9983199267749122,6946498.7400877215,70.2246974140388
Toa Alta,2015-2019,1,15,5,5.212559364234818e-4,2.5,0.002602887755381567,98843.1967720936,257.2777465808322,493572.78949401586,0.9958033475388464,6452095.316639578,65.27606883776141
Toa Alta,2015-2019,1,20,5,0.0011622827447793924,2.5,0.005794576383537233,98585.91902551276,571.2636381345656,491501.43603222736,0.9926084880479069,5958522.527145563,60.43989431800675
Toa Alta,2015-2019,1,25,5,0.0018076835506280055,2.5,0.00899775501878991,98014.6553873782,881.9118574267195,487868.4972933242,0.9912332246924013,5467021.091113335,55.77758825459635
Toa Alta,2015-2019,1,30,5,0.0017140532924920235,2.5,0.008533698427742103,97132.74352995148,828.9015407438419,483591.4637978978,0.9910774743523363,4979152.593820011,51.26131943637172
Toa Alta,2015-2019,1,35,5,0.0018716568730265822,2.5,0.009314699561496779,96303.84198920763,897.0413547473145,479276.6065591698,0.9886462379437979,4495561.130022113,46.68101539008082
Toa Alta,2015-2019,1,40,5,0.002700508884762545,2.5,0.01341199638531039,95406.80063446032,1279.5956652434106,473835.01400919305,0.9862434863563746,4016284.5234629433,42.096417621746426
Toa Alta,2015-2019,1,45,5,0.0028411813223119817,2.5,0.014105714380967228,94127.20496921691,1327.7314687745384,467316.6961741482,0.9807959129893972,3542449.50945375,37.6347041284426
Toa Alta,2015-2019,1,50,5,0.004935230069603174,2.5,0.02437540477154764,92799.47350044237,2262.0247291597916,458342.3056793124,0.9693612307099607,3075132.8132796017,33.13739504421803
Toa Alta,2015-2019,1,55,5,0.0075516509372374726,2.5,0.03705862027485895,90537.44877128258,3355.1929346694524,444299.2615197393,0.9579713643531718,2616790.50760029,28.902852279512267
Toa Alta,2015-2019,1,60,5,0.009666054400014395,2.5,0.047189921137942625,87182.25583661313,4114.123777557717,425625.9697391713,0.9458812090483055,2172491.2460805504,24.918961149066636
Toa Alta,2015-2019,1,65,5,0.012666983830579013,2.5,0.06139082760146113,83068.13205905541,5099.621374412876,402591.6068592449,0.9191540008676555,1746865.276341379,21.029307305230898
Toa Alta,2015-2019,1,70,5,0.021401653916307318,2.5,0.10157365884737511,77968.51068464253,7919.5469051198015,370043.6861604132,0.8782594993854242,1344273.669482134,17.241238259882728
Toa Alta,2015-2019,1,75,5,0.031077997276001808,2.5,0.14418735111689693,70048.96377952273,10100.174535852842,324994.38255798153,0.8145876634482975,974229.9833217209,13.90784289669272
Toa Alta,2015-2019,1,80,5,0.052894168765439495,2.5,0.2335829092682982,59948.78924366989,14003.01259864847,264736.4147217283,0.5922336754018094,649235.6007637393,10.829836748242474
Toa Alta,2015-2019,1,85,NA,0.12472916869208629,8.368542532487032,1,45945.77664502142,45945.77664502142,384499.1860420111,0,384499.1860420111,8.368542532487032
Toa Alta,2015-2019,2,0,1,0.00578310499269226,0.1371441578016694,0.005754390664247748,100000,575.4390664247767,99503.47903970623,0.9941091925403724,8455784.565175634,84.55784565175634
Toa Alta,2015-2019,2,1,4,1.489046341698601e-4,1.514637606389269,5.953981905393879e-4,99424.56093357522,59.1972036750376,397551.11723048,0.9993737426809206,8356281.086135928,84.04644695105763
Toa Alta,2015-2019,2,5,5,6.724314643927475e-5,2.5,3.3615922118703076e-4,99365.36372990019,33.40258328439086,496743.31219128997,0.9996181459699883,7958729.968905448,80.09561551587794
Toa Alta,2015-2019,2,10,5,8.553112597051344e-5,2.5,4.2756420473292854e-4,99331.9611466158,42.47079097222013,496553.6287556484,0.999176491926594,7461986.656714157,75.12170876904491
Toa Alta,2015-2019,2,15,5,2.4407309955989243e-4,2.5,0.0012196213059184001,99289.49035564357,121.09557789152313,496144.71283348906,0.998270450594699,6965433.0279585095,70.15277249393795
Toa Alta,2015-2019,2,20,5,4.485224042180319e-4,2.5,0.0022401001832904133,99168.39477775205,222.14713931825827,495286.60604046466,0.9972774270133556,6469288.31512502,65.23538401144286
Toa Alta,2015-2019,2,25,5,6.422553775812555e-4,2.5,0.003206129003921309,98946.2476384338,317.2344343827572,493938.1521062121,0.9967034152420711,5974001.7090845555,60.37623307267357
Toa Alta,2015-2019,2,30,5,6.786156395641574e-4,2.5,0.003387331457562064,98629.01320405104,334.0891590543906,492309.8431226192,0.9959125563986034,5480063.556978343,55.56238858073922
Toa Alta,2015-2019,2,35,5,9.602869196196129e-4,2.5,0.004789935317519968,98294.92404499665,470.8263282160624,490297.55440444313,0.9950618085821736,4987753.713855724,50.74273938675074
Toa Alta,2015-2019,2,40,5,0.0010200267347785594,2.5,0.005087161073145963,97824.09771678058,497.6469419204368,487876.37122910185,0.9941271552947255,4497456.159451281,45.974931171583854
Toa Alta,2015-2019,2,45,5,0.0013369629229544547,2.5,0.006662545673427615,97326.45077486015,648.4419235201058,485011.1490655005,0.9906942661490372,4009579.7882221793,41.19722599868885
Toa Alta,2015-2019,2,50,5,0.002407736371285076,2.5,0.011966650507253452,96678.00885134004,1156.9119436611509,480497.7643975473,0.9866057189412866,3524568.6391566787,36.45677730678485
Toa Alta,2015-2019,2,55,5,0.0029900252913249766,2.5,0.01483920247983042,95521.09690767889,1417.4568981085467,474061.8422931231,0.9811436471570419,3044070.8747591316,31.868047722496584
Toa Alta,2015-2019,2,60,5,0.004640009502227011,2.5,0.022934012422226743,94103.64000957034,2158.1740489562217,465122.7649254612,0.9686294948022114,2570009.0324660083,27.310410439007867
Toa Alta,2015-2019,2,65,5,0.008164311142005028,2.5,0.040005022091040045,91945.46596061412,3678.280396925358,450531.6288107572,0.9472843327433597,2104886.267540547,22.892768507391096
Toa Alta,2015-2019,2,70,5,0.013641052970050513,2.5,0.06595599190217798,88267.18556368876,5821.74977626669,426781.5533777771,0.9092654859420723,1654354.63872979,18.742578322451422
Toa Alta,2015-2019,2,75,5,0.024913243715228572,2.5,0.11726273108081853,82445.43578742207,9667.77696558136,388057.736523157,0.8485424652761613,1227573.085352013,14.889521458982841
Toa Alta,2015-2019,2,80,5,0.042036517480239566,2.5,0.19019477268467408,72777.65882184071,13841.93027614276,329283.46841884666,0.607769567431727,839515.3488288559,11.53534425837996
Toa Alta,2015-2019,2,85,NA,0.09680298808398935,8.65742891452309,1,58935.72854569795,58935.72854569795,510231.88041000924,0,510231.88041000924,8.65742891452309
Toa Alta,2020-2024,1,0,1,0.008255697420827011,0.13281616858161074,0.008197013303181266,100000,819.7013303181302,99289.16825975597,0.9914156201034083,7912062.68554586,79.1206268554586
Toa Alta,2020-2024,1,1,4,3.218013913857857e-4,1.628302398917515,0.0012862238994134848,99180.29866968187,127.56807049989584,396418.6417919482,0.9987718853809825,7812773.517286104,78.77344212590447
Toa Alta,2020-2024,1,5,5,1.330068891243318e-4,2.5,6.648133837216164e-4,99052.73059918197,65.85158099651744,495099.0240434185,0.9992689633809163,7416354.875494156,74.87279583946577
Toa Alta,2020-2024,1,10,5,1.5952437667015996e-4,2.5,7.973039098277199e-4,98986.87901818546,78.9226256628317,494737.0885267702,0.9980983064512583,6921255.851450738,69.92094225113607
Toa Alta,2020-2024,1,15,5,6.022984298650786e-4,2.5,0.003006964424446632,98907.95639252262,297.4127061670297,493796.25019719556,0.9957577433450933,6426518.762923967,64.97474012525252
Toa Alta,2020-2024,1,20,5,0.0010992676074207213,2.5,0.005481274568153232,98610.5436863556,540.511465259784,491701.4397686285,0.9937454996237647,5932722.512726772,60.163166036246714
Toa Alta,2020-2024,1,25,5,0.001411359894061807,2.5,0.00703198780639534,98070.03222109581,689.62727075156,488626.09292860015,0.9914215451254859,5441021.0729581425,55.480975683698475
Toa Alta,2020-2024,1,30,5,0.0020375006632402616,2.5,0.01013587369277245,97380.40495034425,987.0354847277194,484434.436039902,0.9892092761438157,4952394.980029543,50.856175660337875
Toa Alta,2020-2024,1,35,5,0.002303646896758568,2.5,0.011452279463674574,96393.36946561653,1103.9238055654714,479207.037814169,0.986895304504953,4467960.543989641,46.351326535829415
Toa Alta,2020-2024,1,40,5,0.0029772472194850613,2.5,0.014776254689453858,95289.44566005106,1408.021118289791,472927.17550453084,0.9835030629986657,3988753.5061754715,41.85934211859633
Toa Alta,2020-2024,1,45,5,0.003682273820283499,2.5,0.01824342587766349,93881.42454176127,1712.7188099170744,465125.32568401366,0.9800318974221629,3515826.3306709407,37.44964829658071
Toa Alta,2020-2024,1,50,5,0.004392680709857432,2.5,0.02172482796744326,92168.7057318442,2002.3492760062072,455837.6554692054,0.9723758680498061,3050701.0049869274,33.099097798580814
Toa Alta,2020-2024,1,55,5,0.0068460893456470835,2.5,0.03365444341204324,90166.35645583799,3034.498541013134,443245.5359266571,0.9590967143634836,2594863.3495177217,28.778620446847526
Toa Alta,2020-2024,1,60,5,0.009921027531904644,2.5,0.04840457973887412,87131.85791482485,4217.580964234396,425115.33716353826,0.9378845929466846,2151617.813591065,24.693813090665003
Toa Alta,2020-2024,1,65,5,0.015913616026604203,2.5,0.07652365978605652,82914.27695059046,6344.903920773839,398709.1249510177,0.9063576494279858,1726502.4764275264,20.82274054510984
Toa Alta,2020-2024,1,70,5,0.023769120518591935,2.5,0.11217957783004208,76569.37302981662,8589.519941195846,361373.06529609347,0.8684345399305388,1327793.3514765087,17.34105033039068
Toa Alta,2020-2024,1,75,5,0.03322882978779344,2.5,0.15340082424371332,67979.85308862077,10428.165495760964,313828.8517037015,0.8124735718900514,966420.2861804153,14.216275003133031
Toa Alta,2020-2024,1,80,5,0.051425354499826194,2.5,0.2278354726300425,57551.68759285981,13112.315943375768,254977.6481058596,0.6092844088425469,652591.4344767138,11.339223257767301
Toa Alta,2020-2024,1,85,NA,0.11751656901990427,8.947331422843613,1,44439.37164948404,44439.37164948404,397613.7863708542,0,397613.7863708542,8.947331422843613
Toa Alta,2020-2024,2,0,1,0.004875800434488354,0.13900891364100912,0.004855417292125947,100000,485.54172921259305,99581.95289909263,0.9949910142717346,8551327.755506435,85.51327755506435
Toa Alta,2020-2024,2,1,4,1.4597546321177093e-4,1.5161002360657112,5.836902135355986e-4,99514.4582707874,58.085615397954825,397913.5542367747,0.9993989191763724,8451745.802607343,84.92982778049613
Toa Alta,2020-2024,2,5,5,6.869811436510147e-5,2.5,3.434315890690512e-4,99456.37265538945,34.15646010407363,497196.47212668706,0.9996104331110869,8053832.248370568,80.9785439921143
Toa Alta,2020-2024,2,10,5,8.716259686188418e-5,2.5,4.3571803852007843e-4,99422.21619528538,43.32005302592006,497002.7808438621,0.9991507089493861,7556635.776243881,76.00550526253727
Toa Alta,2020-2024,2,15,5,2.5276849740648173e-4,2.5,0.001263044342480892,99378.89614225946,125.51995253447967,496580.68082996114,0.9981783308905818,7059632.995400019,71.03754689822934
Toa Alta,2020-2024,2,20,5,4.767676592780219e-4,2.5,0.00238100033649718,99253.37618972498,236.32232210620714,495676.07514335937,0.9974650980043368,6563052.314570058,66.12422233400547
Toa Alta,2020-2024,2,25,5,5.385583315767207e-4,2.5,0.0026891709693072172,99017.05386761877,266.2737867271353,494419.584871276,0.9966553951274785,6067376.239426699,61.276073185721124
Toa Alta,2020-2024,2,30,5,8.019658764096991e-4,2.5,0.004001806102203557,98750.78008089164,395.18147432508704,492765.94671864546,0.9959364205049381,5572956.654555422,56.43455828896074
Toa Alta,2020-2024,2,35,5,8.268257939573342e-4,2.5,0.004125601086302338,98355.59860656655,405.77596445516974,490763.55312169483,0.9949363025223946,5080190.707836777,51.651261136217684
Toa Alta,2020-2024,2,40,5,0.0012047537053839364,2.5,0.0060056801134944745,97949.82264211138,588.2553019620245,488278.47495565185,0.9935353724975342,4589427.154715083,46.85487968144578
Toa Alta,2020-2024,2,45,5,0.0013900836687178793,2.5,0.006926347836062472,97361.567340149355,674.3600812621007,485121.9364975915,0.991696617856151,4101148.6797594307,42.12287036661359
Toa Alta,2020-2024,2,50,5,0.0019474395233864844,2.5,0.009690020793244419,96687.20725888725,936.9010487793421,481093.78367248795,0.988043012392541,3616026.7432618393,37.399226286262014
Toa Alta,2020-2024,2,55,5,0.002869668105572971,2.5,0.014246136320299831,95750.30621010791,1364.0719149796496,475341.35126309044,0.9787676667046051,3134932.959589351,32.74070949402782
Toa Alta,2020-2024,2,60,5,0.0057452502814256505,2.5,0.028319494941423145,94386.23429512826,2672.9704846608656,465248.74526398914,0.9659217708282878,2659591.6083262605,28.177748886667207
Toa Alta,2020-2024,2,65,5,0.008164265083803695,2.5,0.040004800920665703,91713.2638104674,3668.970860522255,449393.89190103137,0.9466010416247282,2194342.8630622714,23.92612335329219
Toa Alta,2020-2024,2,70,5,0.013939682808352711,2.5,0.06735127549878593,88044.29294994514,5929.895430567558,425396.7261733068,0.9192550987233359,1744948.9711612402,19.818990109367757
Toa Alta,2020-2024,2,75,5,0.019970819555756598,2.5,0.09510574842738669,82114.39751937758,7809.551232744358,391048.109515027,0.8668946252141098,1319552.2449879334,16.069681868840867
Toa Alta,2020-2024,2,80,5,0.03837990153691625,2.5,0.17509881909439798,74304.84628663323,13010.690837780247,338997.5043387155,0.6348993058969447,928504.1354729063,12.495875866443127
Toa Alta,2020-2024,2,85,NA,0.10270935267587142,9.617664634046646,1,61294.15544885298,61294.15544885298,589506.6311341908,0,589506.6311341908,9.617664634046646
Toa Baja,1980-1984,1,0,1,0.0168951040348747,0.11557666465360929,0.016646366957384053,100000,1664.6366957384016,98527.75646141505,0.9829213588042689,7239448.6997461,72.394486997461
Toa Baja,1980-1984,1,1,4,4.337201719267501e-4,1.6028444963574018,0.0017330788148534108,98335.3633042616,170.42293489353324,392932.9229407194,0.9981939354260683,7140920.943284685,72.61803590626705
Toa Baja,1980-1984,1,5,5,2.051740568790965e-4,2.5,0.0010253443492459005,98164.94036936807,100.65286690180073,490573.0696795858,0.9987027978628247,6747988.020343966,68.74132449888032
Toa Baja,1980-1984,1,10,5,3.1411426769034796e-4,2.5,0.0015693389590570345,98064.28750246626,153.89610686979722,489936.6972451568,0.9965920056463695,6257414.95066438,63.80931437968189
Toa Baja,1980-1984,1,15,5,0.0010526709704855091,2.5,0.00524953975715064,97910.39139559647,513.9844922693592,488266.99574730895,0.9923286582571456,5767478.253419223,58.90568070672237
Toa Baja,1980-1984,1,20,5,0.00203144967131838,2.5,0.010105924165779549,97396.40690332711,984.2807021844346,484521.3327611745,0.9894398308464901,5279211.257671914,54.203347182118414
Toa Baja,1980-1984,1,25,5,0.002216019531182298,2.5,0.011019051572163938,96412.12620114267,1062.3701907923678,479404.70552873245,0.9885032865664518,4794689.92491074,49.731191643960585
Toa Baja,1980-1984,1,30,5,0.002410377258848719,2.5,0.011979697319277897,95349.7560103503,1142.2612164710008,473893.12701057404,0.9861359575443417,4315285.219382007,45.257433264051336
Toa Baja,1980-1984,1,35,5,0.0031793179220661297,2.5,0.01577123518364941,94207.4947938793,1485.7685564567073,467323.0525782548,0.9842021459636415,3841392.092371433,40.775865028320545
Toa Baja,1980-1984,1,40,5,0.0031902223596586097,2.5,0.015824899428304232,92721.7262374226,1467.311992525967,459940.35120579804,0.9783905713096055,3374069.0397931784,36.389195679484665
Toa Baja,1980-1984,1,45,5,0.00557400007361017,2.5,0.027486969443793287,91254.41424489663,2508.3072959607234,450001.3029845813,0.9682207266362045,2914128.68858738,31.934112039411307
Toa Baja,1980-1984,1,50,5,0.007371985618099635,2.5,0.036192894348953474,88746.1069489359,3211.9784726837534,435700.58856297017,0.9565674519024167,2464127.385602799,27.766033579598552
Toa Baja,1980-1984,1,55,5,0.010455126401221024,2.5,0.05094406539827747,85534.12847625215,4357.45623487886,416777.0017940636,0.928972992203203,2028426.7970398287,23.71482393256634
Toa Baja,1980-1984,1,60,5,0.019328523937938345,2.5,0.09218797594031078,81176.6722413733,7483.513107502222,387174.57843811094,0.89546406541679,1611649.7952457652,19.853607578956115
Toa Baja,1980-1984,1,65,5,0.02511083444189324,2.5,0.11813782386826246,73693.15913387107,8705.949454053087,346700.9220342227,0.8541173364091376,1224475.2168076541,16.61586002281801
Toa Baja,1980-1984,1,70,5,0.03891998157326723,2.5,0.17734431425865932,64987.209679817985,11525.112136251031,296123.26805846236,0.795744374629873,877774.2947734315,13.506877724064333
Toa Baja,1980-1984,1,75,5,0.0537638341391769,2.5,0.2369683526725783,53462.09754356695,12668.825185319758,235638.42475453537,0.7162163157879348,581651.0267149692,10.879689601422283
Toa Baja,1980-1984,1,80,5,0.08342401342800544,2.5,0.3451380614563926,40793.272358247195,14079.310942188076,168768.0844357658,0.5122487346427219,346012.6019604338,8.482099668831307
Toa Baja,1980-1984,1,85,NA,0.1719766428175715,6.6349020560506355,1,26713.96141605912,26713.96141605912,177244.517524668,0,177244.517524668,6.6349020560506355
Toa Baja,1980-1984,2,0,1,0.012269644018824069,0.12381256873743145,0.012139142076332349,100000,1213.9142076332355,98936.3836286407,0.9876122703800109,7864099.530654714,78.64099530654714
Toa Baja,1980-1984,2,1,4,2.7863280520333425e-4,1.5042496158418073,0.0011137567166973257,98786.08579236676,110.02366656748927,394869.75156136474,0.998767614647366,7765163.147026074,78.60583891690231
Toa Baja,1980-1984,2,5,5,1.4820420539579912e-4,2.5,7.407465725860212e-4,98676.06212579928,73.0939548159804,493197.5757419564,0.9991875723133088,7370293.395464709,74.69180707747066
Toa Baja,1980-1984,2,10,5,1.7691059634726954e-4,2.5,8.841619376971836e-4,98602.9681709833,87.18099140073173,492796.88837641466,0.9984903857602754,6877095.819722753,69.74532255253683
Toa Baja,1980-1984,2,15,5,4.2758058127671605e-4,2.5,0.0021356200322466446,98515.78717958256,210.39228859326977,492052.95517642965,0.9967591508416989,6384298.931346338,64.80483092226143
Toa Baja,1980-1984,2,20,5,8.715837535177058e-4,2.5,0.004348443685415293,98305.3948909893,427.4754736559844,490458.28577080654,0.9956457973209547,5892245.976169908,59.938175139867056
Toa Baja,1980-1984,2,25,5,8.739024665615191e-4,2.5,0.004359986824706877,97877.91941733331,426.74643908928556,488322.7309889433,0.9948677221365241,5401787.690399102,55.18903264960997
Toa Baja,1980-1984,2,30,5,0.0011850908945934325,2.5,0.005907950826142743,97451.17297824402,575.7367379053903,485816.5230464566,0.9931356425390228,4913464.959410158,50.41976211519885
Toa Baja,1980-1984,2,35,5,0.0015714390088825754,2.5,0.007826448079878588,96875.43624033863,758.190571950603,482481.7047718167,0.9918181641855491,4427648.436363702,45.70455223942561
Toa Baja,1980-1984,2,40,5,0.0017153298642143986,2.5,0.00854002691305908,96117.24566838803,820.8438648171432,478534.11867989734,0.9890017173389501,3945166.731591885,41.04535772074677
Toa Baja,1980-1984,2,45,5,0.002713830677086323,2.5,0.013477712809234965,95296.40180357089,1284.377535261985,473271.06517969945,0.9814419631854338,3466632.6129119876,36.37737151983516
Toa Baja,1980-1984,2,50,5,0.004798433555311916,2.5,0.023707767409906516,94012.0242683089,2228.815205087565,464488.0833288256,0.9723898873018022,2993361.5477322885,31.840198857853327
Toa Baja,1980-1984,2,55,5,0.0064229498944066415,2.5,0.03160722048828885,91783.20906322134,2901.0121259839507,451663.5150011468,0.9590050229254653,2528873.4644034626,27.552680824894075
Toa Baja,1980-1984,2,60,5,0.010401448060176196,2.5,0.0506891391798942,88882.19693723739,4505.362051166376,433147.57955827104,0.9378153585413386,2077209.949402316,23.370371356472003
Toa Baja,1980-1984,2,65,5,0.015432044689264315,2.5,0.07429395438576342,84376.83488607101,6268.688722240855,406212.45262475294,0.9054909470293396,1644062.3698440448,19.48475991146058
Toa Baja,1980-1984,2,70,5,0.024706571139550916,2.5,0.11634654520771605,78108.14616383016,9087.612958740967,367821.6984222983,0.855078449159341,1237849.917219292,15.847897793181883
Toa Baja,1980-1984,2,75,5,0.03889941236317431,2.5,0.17725889471452003,69020.53320508919,12234.503428540935,314516.4074540936,0.7809278506668927,870028.2187969936,12.60535348534286
Toa Baja,1980-1984,2,80,5,0.06239942310733938,2.5,0.2698940352823678,56786.029776548254,15326.210724057302,245614.62207259802,0.5578588662609231,555511.8113429,9.782543585611224
Toa Baja,1980-1984,2,85,NA,0.14310931969298438,7.474639213402043,1,41459.81905249095,41459.81905249095,309897.189270302,0,309897.189270302,7.474639213402043
Toa Baja,1985-1989,1,0,1,0.013542633479246632,0.12226635202383732,0.013383545613495881,100000,1338.3545613495808,98825.28116858109,0.9859695099933063,7116619.425807623,71.16619425807623
Toa Baja,1985-1989,1,1,4,5.176565932067099e-4,1.612675377066537,0.0020680706215148665,98661.64543865042,204.0392504019983,394159.4738280721,0.9979967071096267,7017794.144639041,71.12991186633748
Toa Baja,1985-1989,1,5,5,2.3648006266529874e-4,2.5,0.0011817016911015853,98457.60618824842,116.34751973445236,491997.162141906,0.9985866266729414,6623634.67081097,67.27397635634925
Toa Baja,1985-1989,1,10,5,3.293347410969078e-4,2.5,0.001645319053673131,98341.25866851397,161.8027466495114,491301.7864759461,0.9969523877671183,6131637.508669063,62.35061043236613
Toa Baja,1985-1989,1,15,5,8.924299324348817e-4,2.5,0.004452216434145634,98179.45592186446,437.11618715079385,489804.4891414453,0.9921715500157334,5640335.722193117,57.44924606917709
Toa Baja,1985-1989,1,20,5,0.0022566158657102006,2.5,0.011219782480661807,97742.33973471366,1096.647790974428,485970.07919613225,0.9865647378660782,5150531.233051673,52.69498609334432
Toa Baja,1985-1989,1,25,5,0.0031599436592489503,2.5,0.015675881043974632,96645.69194373924,1515.006370322677,479440.9437928895,0.9841184110934967,4664561.15385554,48.264553339541926
Toa Baja,1985-1989,1,30,5,0.0032442151954101143,2.5,0.016090572775299374,95130.68557341656,1530.7072193831846,471826.65981862484,0.9821973620572524,4185120.2100626505,43.993378002440735
Toa Baja,1985-1989,1,35,5,0.003947108932942628,2.5,0.019542701733250276,93599.97835403337,1829.1964592115546,463426.90062213794,0.9792318476412558,3713293.5502440254,39.67194881390711
Toa Baja,1985-1989,1,40,5,0.004452624800814725,2.5,0.022018028949657865,91770.78189482182,2020.6117324929219,453802.38014287676,0.9745922908849853,3249866.6496218876,35.412868698738436
Toa Baja,1985-1989,1,45,5,0.005859331023443383,2.5,0.02887370364834576,89750.1701623289,2591.419815655696,442272.30127250525,0.9629184613679942,2796064.2694790107,31.153860370647084
Toa Baja,1985-1989,1,50,5,0.009318841406998034,2.5,0.04553341045804451,87158.7503466732,3968.6351545452926,425872.1638470027,0.9500448748516194,2353791.9682065058,27.005802158065805
Toa Baja,1985-1989,1,55,5,0.01122389998053476,2.5,0.05458778043331646,83190.11519212791,4541.163742330187,404597.66660481406,0.9307649812054695,1927919.8043595029,23.174866387754893
Toa Baja,1985-1989,1,60,5,0.017695237648440918,2.5,0.08472798372355092,78648.95144979772,6663.767078312812,376585.3395532066,0.899213343595703,1523322.137754689,19.36862615043302
Toa Baja,1985-1989,1,65,5,0.02515468111586189,2.5,0.11833190240239559,71985.18437148491,8518.143811464994,338630.562328762,0.8499729324604406,1146736.7982014823,15.93017796945079
Toa Baja,1985-1989,1,70,5,0.041008536353108124,2.5,0.1859761567983495,63467.040560019916,11803.356286717484,287826.81208330585,0.7720427724073002,808106.2358727203,12.7326913109885
Toa Baja,1985-1989,1,75,5,0.06498908671539468,2.5,0.2795295140127556,51663.68427330243,14441.52455702467,222214.6099739505,0.6847361115128321,520279.42378941446,10.070505638682691
Toa Baja,1985-1989,1,80,5,0.08925550683232393,2.5,0.3648625537613552,37222.15971627776,13580.972250594146,152158.36795490346,0.48951247882245236,298064.813815464,8.00772486302336
Toa Baja,1985-1989,1,85,NA,0.17051956458712292,6.171705464133353,1,23641.187465683615,23641.187465683615,145906.44586056052,0,145906.44586056052,6.171705464133353
Toa Baja,1985-1989,2,0,1,0.01054445049302261,0.12735830723520541,0.010448310084344917,100000,1044.8310084344848,99088.23690014658,0.9892068524053644,7893796.378305353,78.93796378305353
Toa Baja,1985-1989,2,1,4,3.09818191642377e-4,1.5070005994927709,0.0012383163200625584,98955.16899156552,122.53780071680376,395515.1893025356,0.9987319382514996,7794708.141405206,78.77009580034765
Toa Baja,1985-1989,2,5,5,1.5135743173986065e-4,2.5,7.565009036146033e-4,98832.63119084871,74.76697480247822,493976.23851723736,0.9992076984668278,7399192.952102671,74.86589057630786
Toa Baja,1985-1989,2,10,5,1.656944615049356e-4,2.5,8.281292664425289e-4,98757.86421604623,81.78427764866501,493584.8603861095,0.9984303756111605,6905216.713585434,69.92067688381084
Toa Baja,1985-1989,2,15,5,4.6288184466337267e-4,2.5,0.0023117340739855193,98676.07993839757,228.11285628091719,492810.11755128554,0.9967808818523421,6411631.853199325,64.97655619479451
Toa Baja,1985-1989,2,20,5,8.274290061292603e-4,2.5,0.0041286047124115734,98447.96708211665,406.45274082256947,491223.7035585268,0.9956141851831679,5918821.735648039,60.12132003407523
Toa Baja,1985-1989,2,25,5,9.309800265983968e-4,2.5,0.004644091242520765,98041.51434129408,455.3137381558772,489069.2873610807,0.994468095605841,5427598.032089512,55.36020193645115
Toa Baja,1985-1989,2,30,5,0.0012889118682930798,2.5,0.006423859868403807,97586.2006031382,626.8800777644938,486363.80282127974,0.9928337508853278,4938528.744728431,50.60683492343708
Toa Baja,1985-1989,2,35,5,0.001588974766590175,2.5,0.007913438198913264,96959.32052537371,767.2815907861659,482878.39864990313,0.9910860488232673,4452164.941907152,45.91786450011317
Toa Baja,1985-1989,2,40,5,0.001994383541620596,2.5,0.009922444806565846,96192.03893458754,954.460197159482,478574.044180039,0.9873677348393854,3969286.543257248,41.26418971071442
Toa Baja,1985-1989,2,45,5,0.003097652895375097,2.5,0.015369243026473784,95237.57873742806,1463.7294928684714,472528.5699549691,0.983336558097935,3490712.4990772093,36.652680017214365
Toa Baja,1985-1989,2,50,5,0.0036281818631374893,2.5,0.017977842113947016,93773.84924455959,1685.8514561357588,464654.6175824586,0.9746772635717634,3018183.9291222403,32.18577410905785
Toa Baja,1985-1989,2,55,5,0.006669810563072087,2.5,0.032802093442034046,92087.99778842383,3020.679108345692,452888.29117125494,0.958174611056213,2553529.3115397813,27.729230441155053
Toa Baja,1985-1989,2,60,5,0.010499490279076575,2.5,0.05115470556096688,89067.31868007814,4556.212462184209,433946.0622449302,0.9364600176809631,2100641.0203685267,23.584868743089054
Toa Baja,1985-1989,2,65,5,0.015928605991612103,2.5,0.07659298140187709,84511.10621789393,6472.95758679921,406373.13712247164,0.9115644694926581,1666694.9581235964,19.72160858747225
Toa Baja,1985-1989,2,70,5,0.021332123905780667,2.5,0.10126037249678597,78038.14863109472,7902.171999344209,370435.3131571131,0.862793402635815,1260321.8210011248,16.150073305287805
Toa Baja,1985-1989,2,75,5,0.03888591977801087,2.5,0.1772028585363569,70135.97663175051,12428.295545385306,319609.1442952893,0.7826949684806408,889886.5078440116,12.68801762776282
Toa Baja,1985-1989,2,80,5,0.06137268637740193,2.5,0.2660438651420262,57707.681086365206,15352.774524600005,250156.46912032604,0.5613424534972732,570277.3635487224,9.882174310474308
Toa Baja,1985-1989,2,85,NA,0.13314399365946014,7.558059276121202,1,42354.9065617652,42354.9065617652,320120.89442839625,0,320120.89442839625,7.558059276121202
Toa Baja,1990-1994,1,0,1,0.01449488007448441,0.1203661915553701,0.014312394376028716,100000,1431.2394376028678,98741.03340270524,0.9848748708915438,7004718.351847318,70.04718351847318
Toa Baja,1990-1994,1,1,4,6.149316774792143e-4,1.6098767557450255,0.0024561168015562037,98568.76056239713,242.096388925871,393696.4020430666,0.9977303525085621,6905977.318444612,70.06253582820402
Toa Baja,1990-1994,1,5,5,2.552674058032638e-4,2.5,0.0012755230303788012,98326.66417347126,125.41792465359322,491319.7760557223,0.99859477327087,6512280.9164015455,66.23107751232521
Toa Baja,1990-1994,1,10,5,3.0725504885604143e-4,2.5,0.0015350960792281524,98201.24624881767,150.74834809188906,490629.36037385865,0.9960839244106721,6020961.140345823,61.3124717897184
Toa Baja,1990-1994,1,15,5,0.0012641255982722788,2.5,0.0063007157511901024,98050.49790072578,617.7883165351232,488708.018712291,0.9893213485147997,5530331.779971965,56.40289339041723
Toa Baja,1990-1994,1,20,5,0.003039795916991588,2.5,0.015084346249607828,97432.70958419066,1469.708727405421,483489.27610243973,0.9828603538835244,5041623.761259674,51.74467366016601
Toa Baja,1990-1994,1,25,5,0.00388260907515541,2.5,0.01922642365833051,95963.00085678523,1845.0253099972906,475202.44100893295,0.9784888136556742,4558134.485157234,47.49887398748371
Toa Baja,1990-1994,1,30,5,0.004825671378841675,2.5,0.02384073797694387,94117.97554678794,2243.8419939313753,464980.2727491113,0.9752654374820438,4082932.0441483012,43.38100156137117
Toa Baja,1990-1994,1,35,5,0.005196691519619397,2.5,0.025650216936027356,91874.13355285657,2356.591456440321,453479.18912318203,0.9739265942075722,3617951.7713991897,39.37943827592918
Toa Baja,1990-1994,1,40,5,0.005372756867378993,2.5,0.026507735294785652,89517.54209641625,2372.9073101316317,441655.4422067522,0.9707470023465876,3164472.5822760076,35.3503068579303
Toa Baja,1990-1994,1,45,5,0.006519146779426775,2.5,0.03207301221147155,87144.63478628462,2794.9909356647404,428735.69659226126,0.9632098247766503,2722817.1400692556,31.24480522233814
Toa Baja,1990-1994,1,50,5,0.008510007995208945,2.5,0.04166364509389817,84349.64385061988,3514.3136251889227,412962.43519012706,0.9529135822081822,2294081.443476994,27.197286660032947
Toa Baja,1990-1994,1,55,5,0.010834727633531244,2.5,0.052744945374705185,80835.33022543095,4263.655077086616,393517.51343443827,0.9371740925179389,1881119.0082868673,23.271000477648368
Toa Baja,1990-1994,1,60,5,0.015253980528723952,2.5,0.07346819654468696,76571.67514834434,5625.58287955448,368794.4185428355,0.9010652735047489,1487601.494852429,19.427568901561305
Toa Baja,1990-1994,1,65,5,0.02699017572254528,2.5,0.12642059352711324,70946.09226878986,8969.047093049761,332307.8436113249,0.84235241656584,1118807.0763095934,15.76981959867255
Toa Baja,1990-1994,1,70,5,0.04281920125327908,2.5,0.19339360683588697,61977.045175740095,11985.964307567083,279920.3151097828,0.7816131873446409,786499.2326982685,12.690169892225368
Toa Baja,1990-1994,1,75,5,0.05697898209747992,2.5,0.24937244087661567,49991.08086817301,12466.39785815659,218789.4096954736,0.6952926630370087,506578.9175884857,10.133385971876452
Toa Baja,1990-1994,1,80,5,0.0933476737755565,2.5,0.3784255150578619,37524.68301001642,14200.297495448463,152122.67131146096,0.4714099467169814,287789.50789301214,7.669338814033227
Toa Baja,1990-1994,1,85,NA,0.16335164855771814,5.816523504845016,1,23324.38551456796,23324.38551456796,135666.83658155115,0,135666.83658155115,5.816523504845016
Toa Baja,1990-1994,2,0,1,0.009877144553836342,0.12872980111283677,0.009792870423897732,100000,979.2870423897693,99146.77638380944,0.9898532573949478,7840846.6329311,78.408466329311
Toa Baja,1990-1994,2,1,4,3.0722170311056916e-4,1.5080669998203184,0.0012279467260219174,99020.71295761023,121.59216028466471,395779.85231366445,0.9988274829563972,7741699.856547291,78.18263093966446
Toa Baja,1990-1994,2,5,5,1.2079401905936328e-4,2.5,6.037877604212161e-4,98899.12079732557,59.71407865383662,494346.31878999324,0.9992910053880205,7345920.004233627,74.27689897554959
Toa Baja,1990-1994,2,10,5,1.6291933466283773e-4,2.5,8.142650245241018e-4,98839.40671867173,80.48147193573823,493995.82991351926,0.9983780534307481,6851573.685443633,69.32026317140271
Toa Baja,1990-1994,2,15,5,4.866486110831151e-4,2.5,0.0024302863167641065,98758.92524673599,240.01246468546742,493194.5950719663,0.9966047239411695,6357577.855530114,64.37471691441107
Toa Baja,1990-1994,2,20,5,8.744307462268908e-4,2.5,0.004362616715659014,98518.91278205052,429.80025571151054,491520.06327097386,0.9955980210517619,5864383.260458148,59.52545653271358
Toa Baja,1990-1994,2,25,5,8.902798261209935e-4,2.5,0.0044415136555924295,98089.11252633901,435.66413275068044,489356.40229981835,0.994532635593778,5372863.197187174,54.77532683094106
Toa Baja,1990-1994,2,30,5,0.0013037942546688204,2.5,0.0064977918142554505,97653.44839358833,634.5317776056763,486680.91252392746,0.992798577790107,4883506.7948873555,50.0085442472505
Toa Baja,1990-1994,2,35,5,0.0015882120145640345,2.5,0.007909654551844447,97018.91661598266,767.3861154266342,483176.1177913467,0.990901129882785,4396825.882363428,45.31926386857948
Toa Baja,1990-1994,2,40,5,0.0020701722608436595,2.5,0.01029756696052863,96251.53050055602,991.1565803828271,478779.76105182304,0.9887706280603666,3913649.7645720816,40.660649697923226
Toa Baja,1990-1994,2,45,5,0.002449078124175291,2.5,0.012170872079471531,95260.3739201732,1159.401825225068,473403.3650378033,0.9854941309775811,3434870.0035202587,36.0577001975515
Toa Baja,1990-1994,2,50,5,0.0034026275544289135,2.5,0.016869635059428637,94100.97209494813,1587.4490579792473,466536.23782979255,0.9764280898480244,2961466.638482455,31.47115882601433
Toa Baja,1990-1994,2,55,5,0.006171613218643907,2.5,0.03038919027224929,92513.52303696888,2811.411054326556,455539.087549028,0.9652904485986052,2494930.400652663,26.968277920360634
Toa Baja,1990-1994,2,60,5,0.0079895199969195509,2.5,0.039165319721839294,89702.11198264232,3513.211895524437,439727.53017440054,0.9496460933696171,2039391.3131036346,22.735153811074863
Toa Baja,1990-1994,2,65,5,0.012796390929293026,2.5,0.061998560115729746,86188.90008711789,5343.587703359808,417585.5311771899,0.9074421512664846,1599663.7829292342,18.55997444348783
Toa Baja,1990-1994,2,70,5,0.026697843526775403,2.5,0.12513699767549966,80845.31238375808,10116.739667841379,378934.7127491869,0.8406467035185209,1182078.2517520443,14.621481653023153
Toa Baja,1990-1994,2,75,5,0.04406544974335962,2.5,0.19846376145150016,70728.5727159167,14037.058583296763,318550.2171213416,0.7533240371517506,803143.5390028573,11.355291195097431
Toa Baja,1990-1994,2,80,5,0.07248532199025055,2.5,0.30682570914550544,56691.51413261994,17394.41402627356,239971.53559741576,0.5047980961320606,484593.3218815157,8.547898733977961
Toa Baja,1990-1994,2,85,NA,0.12256669300322269,6.224932262739514,1,39297.10010634638,39297.10010634638,244621.78628409994,0,244621.78628409994,6.224932262739514
Toa Baja,1995-1999,1,0,1,0.011969394740742986,0.1254056712645844,0.011845392847703726,100000,1184.5392847703624,98964.00865937554,0.9876411683350607,7120208.390512589,71.20208390512589
Toa Baja,1995-1999,1,1,4,4.307593094155949e-4,1.6173098313498686,0.001721270584106938,98815.46071522964,170.08814578411693,394856.5755081548,0.9982376896867888,7021244.3818532135,71.05410763693465
Toa Baja,1995-1999,1,5,5,2.2439891190618295e-4,2.5,0.0011213654765489477,98645.37256944552,110.61751522067061,492950.31905917596,0.9986150578629488,6626387.806345059,67.17383323460142
Toa Baja,1995-1999,1,10,5,3.3003502232340344e-4,2.5,0.0016488146951302311,98534.75505422485,162.46555211447412,492267.61139083805,0.995063155696385,6133437.487285883,62.24643765451672
Toa Baja,1995-1999,1,15,5,0.0016528626245552892,2.5,0.008230304217203109,98372.28950211038,809.6338691451383,489837.36283768906,0.9880825843846797,5641169.875895045,57.34511115321785
Toa Baja,1995-1999,1,20,5,0.003151663303034678,2.5,0.01563512489177397,97562.65563296524,1525.4043055945513,483999.76740083983,0.984844030419528,5151332.513057356,52.800249025988826
Toa Baja,1995-1999,1,25,5,0.0029555182742126195,2.5,0.014669203622626052,96037.25132737069,1408.7899950785068,476664.2816491572,0.9839498112025851,4667332.745656516,48.599191263258525
Toa Baja,1995-1999,1,30,5,0.0035210711006885423,2.5,0.017451733517082915,94628.46133229218,1651.430690302761,469013.72993570403,0.9790117962524766,4190668.464007359,44.285497248989756
Toa Baja,1995-1999,1,35,5,0.004978704461967289,2.5,0.024587487722751867,92977.03064198942,2286.0715994078346,459169.97421142756,0.973460510078006,3721654.7340716547,40.027678969464915
Toa Baja,1995-1999,1,40,5,0.005790775741255907,2.5,0.028540696770043266,90690.95904258158,2588.383161818725,446983.83730836114,0.9714569813500573,3262484.7598602274,35.97364935052029
Toa Baja,1995-1999,1,45,5,0.005791745622026371,2.5,0.02854540874481501,88102.57588076286,2514.924039987469,434225.56930384564,0.9647072160830747,2815500.922551866,31.95707837603224
Toa Baja,1995-1999,1,50,5,0.00862994264575581,2.5,0.0422384252601732,85587.65184077539,3615.087635470307,418900.54011520115,0.9486109635095512,2381275.3532480206,27.822650838441874
Toa Baja,1995-1999,1,55,5,0.012571720556868357,2.5,0.06094320056595099,81972.56420530508,4995.670421269213,397373.6449733524,0.9300200948874641,1962374.8131328193,23.939409876430567
Toa Baja,1995-1999,1,60,5,0.016580546563364263,2.5,0.07960307652456483,76976.89378403587,6127.597566513898,369565.47500389465,0.9052372146671878,1565001.168159467,20.33079137422963
Toa Baja,1995-1999,1,65,5,0.023556883460210565,2.5,0.11123362353488243,70849.29621752197,7880.823943171214,334544.4212296818,0.8651869182993728,1195435.6931555723,16.872936740053674
Toa Baja,1995-1999,1,70,5,0.035100333324194176,2.5,0.16134362874891592,62968.47227435076,10159.561813519256,289443.4568379557,0.8000775838483253,860891.2719258905,13.67178273239704
Toa Baja,1995-1999,1,75,5,0.0560803527586165,2.5,0.2459231248152336,52808.9104608315,12986.93227861556,231577.22160761862,0.714794042806525,571447.8150879347,10.821049139269384
Toa Baja,1995-1999,1,80,5,0.08114509445411403,2.5,0.3372998930652204,39821.97818221594,13431.94898250698,165530.01845481226,0.51296163413326,339870.5934803161,8.534749125850775
Toa Baja,1995-1999,1,85,NA,0.1650110995099089,6.606304741315957,1,26390.029199708963,26390.029199708963,174340.57502550387,0,174340.57502550387,6.606304741315957
Toa Baja,1995-1999,2,0,1,0.008590735301456357,0.1313737194569758,0.008527104864363467,100000,852.71048643635,99259.31326178677,0.9911018727592183,7984375.067841076,79.84375067841076
Toa Baja,1995-1999,2,1,4,3.015405864606752e-4,1.5101264003856807,0.0012052574410322467,99147.28951356365,119.49800844441052,396291.6231178224,0.9988731780747425,7885115.75457929,79.52931233183719
Toa Baja,1995-1999,2,5,5,1.1832001068972847e-4,2.5,5.914251098853328e-4,99027.79150511924,58.5675224726001,494992.53871941473,0.9993202400782759,7488824.131461467,75.62345900720538
Toa Baja,1995-1999,2,10,5,1.5368842923456607e-4,2.5,7.68147007905165e-4,98969.22398264664,76.02291327697458,494656.0626300408,0.9986364392476073,6993831.592742052,70.66673164951114
Toa Baja,1995-1999,2,15,5,3.9227075673061687e-4,2.5,0.001959432213759949,98893.20106936966,193.77452389716927,493981.56903710536,0.9971273995398476,6499175.530112011,65.7191339731545
Toa Baja,1995-1999,2,20,5,7.589495862611378e-4,2.5,0.0037875615107019743,98699.4265454725,373.8301491119637,492562.5573545826,0.9957591780279308,6005193.961074906,60.84325077925566
Toa Baja,1995-1999,2,25,5,9.413713910456349e-4,2.5,0.004695805712339411,98325.59639636053,461.7178972272086,490473.6872387347,0.9947327184728549,5512631.403720324,56.06506958267858
Toa Baja,1995-1999,2,30,5,0.001171712961851403,2.5,0.0058414535421784574,97863.87849913332,571.6672997100977,487890.2242463914,0.9928758504063817,5022157.716481589,51.317787456442005
Toa Baja,1995-1999,2,35,5,0.0016899865928948989,2.5,0.00841438248052555,97292.21119942323,818.6538774080109,484414.4213035961,0.991423476845434,4534267.492235198,46.60462987053663
Toa Baja,1995-1999,2,40,5,0.0017556803016909872,2.5,0.008740039719526015,96473.55732201521,843.1827228783804,480259.8298028801,0.9898215445896777,4049853.0709316013,41.97889228251177
Toa Baja,1995-1999,2,45,5,0.0023395145065244136,2.5,0.011629553758317097,95630.37459913683,1112.1385823286546,475371.52653986256,0.985696237369331,3569593.2411287213,37.32698168434175
Toa Baja,1995-1999,2,50,5,0.0034310677240376283,2.5,0.017009437291947038,94518.23601680818,1607.7020084733522,468571.92506285757,0.9810013550889026,3094221.7145888587,32.73676959056465
Toa Baja,1995-1999,2,55,5,0.004249117719132496,2.5,0.021022273310611073,92910.53400833483,1953.190639358043,459669.693443279,0.9673219776582896,2625649.789526001,28.25997953354201
Toa Baja,1995-1999,2,60,5,0.009120118658844439,2.5,0.04458406342245658,90957.34336897678,4055.247965500632,444648.5969311324,0.9437197742805025,2165980.0960827223,23.813141587658578
Toa Baja,1995-1999,2,65,5,0.014190623100130199,2.5,0.06852218427310763,86902.09540347615,5954.721394956156,419623.67352999037,0.9164243968789352,1721331.4991515898,19.807709942546854
Toa Baja,1995-1999,2,70,5,0.020994222997358102,2.5,0.09973639470815183,80947.37400852,8073.399244702159,384553.3719308446,0.8659107081739162,1301707.8256215993,16.080914811203016
Toa Baja,1995-1999,2,75,5,0.03769614282968244,2.5,0.172248001026369,72873.97476381784,12552.396479913674,332988.88261930505,0.7849911908060093,917154.4536907548,12.585486885588749
Toa Baja,1995-1999,2,80,5,0.061538755356366485,2.5,0.26666777011542947,60321.578283904164,16085.820770812039,261393.33949249075,0.5525355268489119,584165.5710714498,9.684189102646952
Toa Baja,1995-1999,2,85,NA,0.1266852591020651,7.296636244636041,1,44235.757513092125,44235.757513092125,322772.23157895904,0,322772.23157895904,7.296636244636041
Toa Baja,2000-2004,1,0,1,0.011354346001570263,0.12663297027116663,0.01124285609050904,100000,1124.2856090509013,99018.08601705634,0.9883205044193866,7346956.1019727215,73.46956101972721
Toa Baja,2000-2004,1,1,4,3.833944588012137e-4,1.6191252745992963,0.0015321792402729069,98875.7143909491,151.49531695697806,395142.16619263694,0.9984377796533724,7247938.015955665,73.30352109819121
Toa Baja,2000-2004,1,5,5,1.887603555059027e-4,2.5,9.433566067083858e-4,98724.21907399212,93.132144305564,493388.2650091967,0.9989212919774617,6852795.849763028,69.41352298392935
Toa Baja,2000-2004,1,10,5,2.429849633386852e-4,2.5,0.0012141872435862532,98631.08692968656,119.75660757107835,492856.04312950507,0.9969635806139953,6359407.584753832,64.4767059019375
Toa Baja,2000-2004,1,15,5,9.745419090081742e-4,2.5,0.0048608667491380235,98511.33032211548,478.8504499761184,491359.5254856371,0.9909656152233965,5866551.541624326,59.552048707917045
Toa Baja,2000-2004,1,20,5,0.002663273034996562,2.5,0.013228288812747468,98032.47987213936,1296.8019567785232,486920.3944687505,0.9857214972205408,5375192.01613869,54.83072572630399
Toa Baja,2000-2004,1,25,5,0.003092281222821977,2.5,0.015342795517895916,96735.67791536084,1484.1957255404268,479967.9002629531,0.9845469003406548,4888271.621669939,50.53225166775537
Toa Baja,2000-2004,1,30,5,0.0031374418423818547,2.5,0.015565122545022885,95251.48218982041,1482.600992879612,472550.908466903,0.9836070367349563,4408303.721406986,46.280683723345824
Toa Baja,2000-2004,1,35,5,0.003476737493651239,2.5,0.017233893161961764,93768.8811969408,1616.002880464759,464804.39878354204,0.9813217226719397,3935752.812940083,41.972910017705175
Toa Baja,2000-2004,1,40,5,0.0040706053328733605,2.5,0.020147990371732167,92152.87831647604,1856.695305047775,456122.65331976075,0.9762225933567794,3470948.4141565408,37.66511125389307
Toa Baja,2000-2004,1,45,5,0.005572865616342644,2.5,0.027481451984583086,90296.18301142826,2481.4702178196894,445277.2395125921,0.9699880544894897,3014825.76083678,33.38818608152253
Toa Baja,2000-2004,1,50,5,0.0066309193789470785,2.5,0.03261394578196154,87814.71279360857,2863.9842819092737,431913.6032632697,0.959499270663347,2569548.521324188,29.261025169704908
Toa Baja,2000-2004,1,55,5,0.009973298206989136,2.5,0.048653403773402694,84950.7285116993,4133.142095124422,414420.78732068546,0.9393283071130781,2137634.9180609183,25.163232329037957
Toa Baja,2000-2004,1,60,5,0.015218724741421774,2.5,0.07330461674578508,80817.58641657488,5924.302198586374,389277.17658640846,0.9130238560082902,1723214.1307402328,21.322266689058395
Toa Baja,2000-2004,1,65,5,0.02143616809842088,2.5,0.10172913347776429,74893.2842179885,7618.828906799885,355419.34882294276,0.884312082529025,1333936.9541538244,17.81116915999029
Toa Baja,2000-2004,1,70,5,0.028088498823777924,2.5,0.13122753309633073,67274.45531118862,8828.260810886633,314301.6245287265,0.8283436144798688,978517.6053308817,14.54515834880556
Toa Baja,2000-2004,1,75,5,0.04898215508035479,2.5,0.21819199059966385,58446.19450030199,12752.491520996016,260349.7436990199,0.7377136447574579,664215.9808021551,11.36457191919866
Toa Baja,2000-2004,1,80,5,0.07581856105569422,2.5,0.31868685781183603,45693.70297930597,14561.982624262353,192063.55833587397,0.5244376957244219,403866.2371031352,8.838553471712295
Toa Baja,2000-2004,1,85,NA,0.15188270073403437,6.803436377808377,1,31131.720355043617,31131.720355043617,211802.67876726127,0,211802.67876726127,6.803436377808377
Toa Baja,2000-2004,2,0,1,0.008074264905320828,0.13243520556804125,0.008018098542192199,100000,801.8098542192165,99304.37799865079,0.9917405354914633,8102494.829239178,81.02494829239178
Toa Baja,2000-2004,2,1,4,2.2984258062170646e-4,1.5109545536718534,9.188446619042373e-4,99198.19014578078,91.14772748602263,396565.8897470809,0.9990402458073104,8003190.451240528,80.67879504131184
Toa Baja,2000-2004,2,5,5,1.1373396814354475e-4,2.5,5.685081939856634e-4,99107.04241829476,56.343165696482174,495394.3541772326,0.999375246264886,7606624.561493447,76.75160488987909
Toa Baja,2000-2004,2,10,5,1.362526502542564e-4,2.5,6.810312704825088e-4,99050.69925259828,67.45662355417153,495084.854704106,0.998483261363437,7111230.207316214,71.79384154756156
Toa Baja,2000-2004,2,15,5,4.711574270444132e-4,2.5,0.0023530155333608316,98983.2426290441,232.90910744857683,494333.9403765991,0.9972466206529262,6616145.352612108,66.84106498114227
Toa Baja,2000-2004,2,20,5,6.319342665433163e-4,2.5,0.0031546874449747972,98750.33352159553,311.526437347653,492972.85151460854,0.9963018534282166,6121811.41223551,61.99281758270459
Toa Baja,2000-2004,2,25,5,8.504695231213098e-4,2.5,0.004243325567926043,98438.80708424788,417.70790697672055,491149.76565379754,0.9953612597000674,5628838.560720901,57.1810927767899
Toa Baja,2000-2004,2,30,5,0.001009710381087791,2.5,0.005035840055485152,98021.09917727116,493.6185775195918,488871.4494425568,0.994513110385742,5137688.795067104,52.41411122900789
Toa Baja,2000-2004,2,35,5,0.0011915835520315294,2.5,0.005940222082834347,97527.48059975157,579.3348939418502,486189.0657639032,0.9931475486155645,4648817.3456245465,47.666742922470085
Toa Baja,2000-2004,2,40,5,0.0015600874249778077,2.5,0.00777013191217254,96948.14570580971,753.2998807746626,482857.47882711195,0.9902071737217659,4162628.279860643,42.93664669453491
Toa Baja,2000-2004,2,45,5,0.0023803534743711214,2.5,0.011831360322728746,96194.84582503505,1138.1158821453282,478128.93941981194,0.9861719948051101,3679770.8010335313,38.25330525220154
Toa Baja,2000-2004,2,50,5,0.003195029487941946,2.5,0.01584855593085875,95056.72994288972,1506.5119011044153,471517.3699616876,0.9797874650853192,3201641.8616137193,33.68138019830129
Toa Baja,2000-2004,2,55,5,0.004990862459650397,2.5,0.024646790445291302,93550.21804178531,2305.7126201872015,461986.8086584585,0.9670409946611142,2730124.491652032,29.183518208718546
Toa Baja,2000-2004,2,60,5,0.008471967291081546,2.5,0.041481266620405945,91244.5054215981,3784.937657040384,446760.18296538957,0.9513346240581877,2268137.682993573,24.857800176718275
Toa Baja,2000-2004,2,65,5,0.011556588825438212,2.5,0.05616038785052687,87459.56776455772,4911.763246897011,425018.43070554605,0.9262263289396091,1821377.5000281837,20.825365898575615
Toa Baja,2000-2004,2,70,5,0.019382821495985265,2.5,0.09243498065488033,82547.80451766071,7630.304713692793,393663.26080407156,0.8735832384744395,1396359.0693226375,16.91576265997351
Toa Baja,2000-2004,2,75,5,0.035696521797620756,2.5,0.1638595674362608,74917.49980396792,12275.949111284353,343897.6262416287,0.8028500611823983,1002695.8085185661,13.383999881766735
Toa Baja,2000-2004,2,80,5,0.053762783135185725,2.5,0.23696426914398852,62641.550692683566,14843.809277937864,276098.23026857316,0.580906205122906,658798.1822769373,10.516952006966902
Toa Baja,2000-2004,2,85,NA,0.12099052991031697,8.006653466900016,1,47797.7414147457,47797.7414147457,382699.95200836414,0,382699.95200836414,8.006653466900016
Toa Baja,2005-2009,1,0,1,0.012239509929080343,0.12486666991201664,0.012109799408324823,100000,1210.9799408324761,98940.23109170953,0.9874802574529996,7410794.120268649,74.10794120268649
Toa Baja,2005-2009,1,1,4,3.785148433528033e-4,1.6165131743827172,0.0015126946427794611,98789.02005916752,149.4376214089425,394799.8976347903,0.9984471167378858,7311853.889176941,74.0148438034679
Toa Baja,2005-2009,1,5,5,1.8216337060665447e-4,2.5,9.104022481779323e-4,98639.58243775858,89.80169761065918,492973.4079447663,0.9989833524117108,6917053.99154215,70.12452628646112
Toa Baja,2005-2009,1,10,5,2.247241299537703e-4,2.5,0.0011229897425367552,98549.78074014792,110.6703929004434,492472.2277184885,0.9970235057301646,6424080.583597383,65.18614790768677
Toa Baja,2005-2009,1,15,5,9.687570778714858e-4,2.5,0.004832082603799204,98439.11034724748,475.6659126424056,491006.38695463137,0.9920943239240316,5931608.355878895,60.2566229515376
Toa Baja,2005-2009,1,20,5,0.0022109927449639015,2.5,0.010994193519548381,97963.44443460507,1077.0290659555758,487124.64950813644,0.9884320774068682,5440601.9689242635,55.53706283322965
Toa Baja,2005-2009,1,25,5,0.002444453541641008,2.5,0.01214802947402569,96886.4153686495,1176.9790295310377,481489.6292694199,0.987533381331793,4953477.319416127,51.12664454111874
Toa Baja,2005-2009,1,30,5,0.002574286574711442,2.5,0.012789125687160325,95709.43633911846,1224.0400107882597,475487.0816686217,0.9866048801213638,4471987.690146708,46.724626757820666
Toa Baja,2005-2009,1,35,5,0.002821556463820214,2.5,0.014008964607501756,94485.3963283302,1323.6425730893534,469117.8752089276,0.9840703989740819,3996500.608478086,42.29754823264458
Toa Baja,2005-2009,1,40,5,0.003607754028825878,2.5,0.017877525854313542,93161.75375524085,1665.5016613925109,461645.0146227229,0.9783829601316729,3527382.7332691583,37.86299195844329
Toa Baja,2005-2009,1,45,5,0.005150398283537961,2.5,0.025424624067300252,91496.25209384834,2326.257813053031,451665.6159366091,0.9675017286019477,3065737.7186464355,33.50670271719859
Toa Baja,2005-2009,1,50,5,0.008112554265949165,2.5,0.039756455326598786,89169.9942807953,3545.0828940975043,436987.26416873274,0.956414282268775,2614072.102709826,29.315602448937504
Toa Baja,2005-2009,1,55,5,0.009746542893972877,2.5,0.047573521060774,85624.9113866978,4073.4785251819703,417940.8606205341,0.9410165426142425,2177084.8385410933,25.425834646519853
Toa Baja,2005-2009,1,60,5,0.014714767948565678,2.5,0.07096331785508372,81551.43286151583,5787.16025168926,393289.263678356,0.918463531241432,1759143.9779205595,21.570975716733244
Toa Baja,2005-2009,1,65,5,0.019488873478370358,2.5,0.09291723671605435,75764.27260982657,7039.806852706941,361221.8459173655,0.8864446211723035,1365854.7142422034,18.027688608272246
Toa Baja,2005-2009,1,70,5,0.029255384299599067,2.5,0.13630759389231215,68724.46575711963,9367.666568887573,320203.16236337926,0.8266404008164225,1004632.8683248379,14.61827105175803
Toa Baja,2005-2009,1,75,5,0.04849564010449878,2.5,0.21625913729372873,59356.79918823206,12836.45018496416,264692.87047874986,0.742575933221212,684429.7059614586,11.530771795679172
Toa Baja,2005-2009,1,80,5,0.07335813641402888,2.5,0.30994771514760755,46520.3490032679,14418.87588143217,196554.55531275907,0.5317195473522928,419736.83548270876,9.022650183755578
Toa Baja,2005-2009,1,85,NA,0.1450831148899499,6.952399951332419,1,32101.473121835726,32101.473121835726,223182.28016994966,0,223182.28016994966,6.952399951332419
Toa Baja,2005-2009,2,0,1,0.009631879338103375,0.12923388735277627,0.009551767573334738,100000,955.17675733348,99168.26444812574,0.9902434891850453,8130243.92910582,81.3024392910582
Toa Baja,2005-2009,2,1,4,2.2889507671346095e-4,1.5084592741581844,9.150584477349162e-4,99044.82324266652,90.63180221259245,395953.48014439695,0.999046723241985,8031075.664657694,81.08526424426056
Toa Baja,2005-2009,2,5,5,9.80092759793154e-5,2.5,4.899263365827479e-4,98954.19144045393,48.48026450195175,494649.75654101477,0.9994470085604981,7635122.184513297,77.15814836512268
Toa Baja,2005-2009,2,10,5,1.2325545903520168e-4,2.5,6.160874548208838e-4,98905.71117595198,60.93456786562456,494376.21946009586,0.9988318620897586,7140472.427972282,72.19474328706332
Toa Baja,2005-2009,2,15,5,3.444020141104322e-4,2.5,0.0017205286866895846,98844.77660808635,170.0652736836346,493798.7198562227,0.9973805985782486,6646096.208512187,67.23770781397546
Toa Baja,2005-2009,2,20,5,7.052057715908406e-4,2.5,0.0035198233585855662,98674.71133440272,347.3175538565265,492505.2627873723,0.99628818478925385,6152297.488655964,62.34928286545673
Toa Baja,2005-2009,2,25,5,7.82424527971746e-4,2.5,0.0039044852273313114,98327.39378054619,383.917856458138,490677.1742615856,0.9957879092671496,5659792.225868592,57.56068587051645
Toa Baja,2005-2009,2,30,5,9.062288834502807e-4,2.5,0.0045209019873509405,97943.47592408805,442.7928549532662,488610.3974830571,0.9945950242084525,5169115.051607006,52.77651219580336
Toa Baja,2005-2009,2,35,5,0.0012625856781941036,2.5,0.006293064558013271,97500.68306913479,613.5780930044566,485969.47011316277,0.9929647947607868,4680504.654123949,48.00483962563774
Toa Baja,2005-2009,2,40,5,0.0015624888472153449,2.5,0.007782045836506574,96887.10497613033,753.9798918906599,482550.57515092497,0.9909225811240436,4194535.184010786,43.29301804449804
Toa Baja,2005-2009,2,45,5,0.0020874271538154974,2.5,0.010382951631148458,96133.12508423967,998.145587900799,478170.26145144633,0.9865346845861461,3711984.6088598613,38.612960991407675
Toa Baja,2005-2009,2,50,5,0.003343723300625653,2.5,0.016580019013378643,95134.97949633887,1577.3397688866971,471731.54805947765,0.9802721021595764,3233814.347408415,33.991854147956836
Toa Baja,2005-2009,2,55,5,0.0046389526188958495,2.5,0.0229288484901007,93557.63972745217,2145.1689464021765,462425.2762712554,0.9711911335803606,2762082.7993489373,29.522792659106305
Toa Baja,2005-2009,2,60,5,0.007088814663679492,2.5,0.03482687024715227,91412.47078105,3183.61025886322,449103.32825809193,0.9544935299313017,2299657.523077682,25.1569343157324
Toa Baja,2005-2009,2,65,5,0.01164363404810065,2.5,0.05657142773518557,88228.86052218678,4991.232607188649,428666.22109296225,0.9274810247819442,1850554.19481959,20.97447687601308
Toa Baja,2005-2009,2,70,5,0.01872162941899975,2.5,0.08942279597534564,83237.62791499813,7443.341418514625,397579.7860287041,0.884793508908779,1421887.9737266279,17.08227407896166
Toa Baja,2005-2009,2,75,5,0.03092356209895013,2.5,0.14352226157384895,75794.2864964835,10878.167412351548,351776.0139515386,0.8137008553598701,1024308.1876979237,13.514319285074961
Toa Baja,2005-2009,2,80,5,0.05357754692026334,2.5,0.23624426422360809,64916.119084131955,15336.060789282878,286240.44344745256,0.5743840151870635,672532.1737463851,10.36001817783926
Toa Baja,2005-2009,2,85,NA,0.12435636948369284,7.791272208711073,1,49580.05829484908,49580.05829484908,386291.7302989325,0,386291.7302989325,7.791272208711073
Toa Baja,2010-2014,1,0,1,0.00825765168873885,0.13281226893770606,0.008198939621339446,100000,819.8939621339377,99288.9980152654,0.99133854050905,7570251.147901765,75.70251147901764
Toa Baja,2010-2014,1,1,4,3.6182661398729546e-4,1.6282965949209043,0.001446065521455854,99180.10603786606,143.42093175571063,396380.2722392596,0.9985911693168671,7470962.149886499,75.32722486739583
Toa Baja,2010-2014,1,5,5,1.7170248071773846e-4,2.5,8.581440399375163e-4,99036.68510611035,84.98774105896882,494970.9561779043,0.999105464291742,7074581.87764724,71.43395268195172
Toa Baja,2010-2014,1,10,5,1.8627843529754815e-4,2.5,9.309586326941781e-4,98951.69736505138,92.11993688174698,494528.1869830526,0.9972403108149659,6579610.921469335,66.49315874992944
Toa Baja,2010-2014,1,15,5,9.201365295453994e-4,2.5,0.004590123796276772,98859.57742816964,453.7776988428959,493163.44289374095,0.9926794846840905,6085082.734486283,61.5527892470271
Toa Baja,2010-2014,1,20,5,0.0020228781069827804,2.5,0.010063497463169098,98405.79972932674,990.30651593722,489553.2323567907,0.9885201569986644,5591919.291592542,56.825098794721214
Toa Baja,2010-2014,1,25,5,0.002598893988516697,2.5,0.01291058682635539,97415.49321338952,1257.6911833636987,483933.2381085383,0.9867146576444512,5102366.059235751,52.37735693704257
Toa Baja,2010-2014,1,30,5,0.002751801579784833,2.5,0.013664999481025055,96157.80203002582,1313.9963148368115,477504.0193630371,0.986973276392847,4618432.821127213,48.02972534340043
Toa Baja,2010-2014,1,35,5,0.0024913418852261413,2.5,0.012379604855880697,94843.80571518901,1174.1288377819583,471283.70648149017,0.9864524410360267,4140928.8017641758,43.66050867042565
Toa Baja,2010-2014,1,40,5,0.0029678893564177725,2.5,0.014730153120427558,93669.67687740705,1379.7686831451865,464898.9626791723,0.9818673763727811,3669645.0952826855,39.176446611270386
Toa Baja,2010-2014,1,45,5,0.004364296235505865,2.5,0.021585962342056304,92289.908194261865,1992.1664828331704,456469.1247642264,0.9729510551090285,3204746.132603513,34.724773220684256
Toa Baja,2010-2014,1,50,5,0.006634744560875557,2.5,0.03263245283203928,90297.7417114287,2946.636797237865,444122.1165640488,0.9607435191415458,2748277.0078392867,30.43572248597493
Toa Baja,2010-2014,1,55,5,0.009438364768370802,2.5,0.04610395888870997,87351.10491419083,4027.231749847255,426687.445196336,0.9452089456662232,2304154.8912752382,26.378085240463985
Toa Baja,2010-2014,1,60,5,0.01320137417483375,2.5,0.06389801680208346,83323.87316434357,5324.230247469895,403308.79020304314,0.9209643161004127,1877467.446078902,22.53216725026554
Toa Baja,2010-2014,1,65,5,0.0199930649462792,2.5,0.09520664322796132,77999.64291687368,7426.084175095166,371433.00414663047,0.8843756062774143,1474158.6558758589,18.899556469084217
Toa Baja,2010-2014,1,70,5,0.02968952598464001,2.5,0.13819059664815433,70573.55874177851,9752.602190109952,328486.28823361767,0.8397906100106244,1102725.6517292284,15.625195489489053
Toa Baja,2010-2014,1,75,5,0.04095572110609226,2.5,0.18575888301600452,60820.95655166856,11298.03295300289,275859.7003758356,0.7747016591418168,774239.3634956108,12.729812344169229
Toa Baja,2010-2014,1,80,5,0.06346135271175547,2.5,0.27385822934506704,49522.92359866567,13562.260168721623,213708.9675715243,0.5711924394471855,498379.66311977524,10.063615532044304
Toa Baja,2010-2014,1,85,NA,0.13664395451392966,7.916169180327435,1,35960.66342994405,35960.66342994405,284670.6955482509,0,284670.6955482509,7.916169180327435
Toa Baja,2010-2014,2,0,1,0.006950768011237693,0.1347442950295435,0.0069092146698847955,100000,690.9214669884823,99402.17625900166,0.9929042418107598,8300686.226769592,83.00686226769592
Toa Baja,2010-2014,2,1,4,1.8871731449055353e-4,1.5127587077320974,7.545150995171073e-4,99309.07853301152,74.93019927227579,397049.9446463782,0.9992161981983454,8201284.05051059,82.58342713133105
Toa Baja,2010-2014,2,5,5,8.687673133054933e-5,2.5,4.3428933255858557e-4,99234.14833373924,43.096332046887255,496063.00083857897,0.9995210807166361,7804234.105864212,78.64464236260092
Toa Baja,2010-2014,2,10,5,1.047411445688876e-4,2.5,5.235686249018566e-4,99191.05200169235,51.933322699100245,495825.42670171405,0.9988887942203831,7308171.105025633,73.67772553617986
Toa Baja,2010-2014,2,15,5,3.4011910959814366e-4,2.5,0.0016991507638785101,99139.11867899325,168.45230923366034,495274.4626218821,0.9978340025276593,6812345.678323919,68.71501148181376
Toa Baja,2010-2014,2,20,5,5.274222746519535e-4,2.5,0.0026336387738779415,98970.6663697596,260.6529844279139,494201.6993877282,0.9967764810562806,6317071.215702036,63.82771226477477
Toa Baja,2010-2014,2,25,5,7.644495203461597e-4,2.5,0.003814956747092159,98710.01338533168,376.5744315699412,492608.6308477335,0.9950894353405885,5822869.516314308,58.989653801217976
Toa Baja,2010-2014,2,30,5,0.001205696996479289,2.5,0.006010368274954328,98333.43895376174,591.0201818548521,490189.6443141716,0.9938020695373533,5330260.885466575,54.20598468007373
Toa Baja,2010-2014,2,35,5,0.0012814173240474523,2.5,0.006386626784726825,97742.41877190689,624.2443497326458,487151.4829852028,0.9930562796495781,4840071.241152403,49.518635838624604
Toa Baja,2010-2014,2,40,5,0.0015065317513013625,2.5,0.007504394734153559,97118.17442217424,728.81311672437,483768.83931906027,0.9907870650250443,4352919.758167201,44.82085648814803
Toa Baja,2010-2014,2,45,5,0.0021989005666175473,2.5,0.010934393721712007,96389.36130544987,1053.9592270981375,479311.90845950396,0.986828961863529,3869150.91884814,40.140850260301264
Toa Baja,2010-2014,2,50,5,0.0031104829778956745,2.5,0.015432409273594783,95335.40207835173,1471.2549431358348,472998.87303391914,0.9817876685739473,3389839.0103886365,35.55698026639344
Toa Baja,2010-2014,2,55,5,0.004251886356027254,2.5,0.021035826916501216,93864.1471352159,1974.5099528014107,464384.460794076,0.9729328169988429,2916840.137354717,31.07512534208473
Toa Baja,2010-2014,2,60,5,0.0067579042761833075,2.5,0.0332281399089655,91889.63718241449,3053.321720481341,451814.8816108691,0.9602485215954584,2452455.6765606413,26.689143104267078
Toa Baja,2010-2014,2,65,5,0.009521167572789108,2.5,0.0464990253335161,88836.31546193315,4130.802083200673,433854.5721016641,0.9389211454761403,2000640.794949772,22.520528733624232
Toa Baja,2010-2014,2,70,5,0.01588032638160837,2.5,0.07636969279011632,84705.51337873247,6468.934034362886,407355.23180775513,0.8987578932328665,1566786.222848108,18.496862368837146
Toa Baja,2010-2014,2,75,5,0.027389485545098912,2.5,0.12817107800471952,78236.57934436959,10027.666713969607,366113.72993692395,0.8385034950258855,1159430.991040353,14.819551171031522
Toa Baja,2010-2014,2,80,5,0.04437562474727455,2.5,0.19972123706160466,68208.91263039998,13622.7684091704,306987.6421290739,0.6130329476228927,793317.261103429,11.630697961747833
Toa Baja,2010-2014,2,85,NA,0.11668261181268107,8.909396805961105,1,54586.14422122958,54586.14422122958,486329.61897435505,0,486329.61897435505,8.909396805961105
Toa Baja,2015-2019,1,0,1,0.009266402782338852,0.13079935656798194,0.009192364142311954,100000,919.2364142311999,99200.9991172841,0.9904500253207134,7711328.1093197325,77.11328109319733
Toa Baja,2015-2019,1,1,4,3.179807254554388e-4,1.625303406839214,0.0012709631876745861,99080.7635857688,125.92800312419422,396024.0135430726,0.9987219524992327,7612127.110202448,76.82749743458574
Toa Baja,2015-2019,1,5,5,1.4726183108680727e-4,2.5,7.360381796088389e-4,98954.8355826446,72.83453704575368,494592.09157060867,0.9991714941879211,7216103.096659375,72.92319828708791
Toa Baja,2015-2019,1,10,5,1.8429318171693255e-4,2.5,9.210415543882836e-4,98882.00104559885,91.07443194405641,494182.31914813415,0.9980182791006108,6721511.005088767,67.97507062978208
Toa Baja,2015-2019,1,15,5,6.096032415227163e-4,2.5,0.003043378074764692,98790.9266136548,300.65814004170534,493202.9877181697,0.9940404566752984,6227328.685940633,63.03543148546495
Toa Baja,2015-2019,1,20,5,0.001784850985131965,2.5,0.008884610660435346,98490.26847361309,875.0476892297884,490263.723144991,0.9900343211970045,5734125.698222463,58.22022609024276
Toa Baja,2015-2019,1,25,5,0.002223580020341735,2.5,0.011056437915595506,97615.2207843833,1079.2766282196826,485377.9123513673,0.988713698307541,5243861.975077473,53.71971638173457
Toa Baja,2015-2019,1,30,5,0.0023170920566422666,2.5,0.01151873535771154,96535.94415616362,1111.9719932416774,479899.79079771385,0.9884577721541339,4758484.062726105,49.29235534308788
Toa Baja,2015-2019,1,35,5,0.0023266538505659125,2.5,0.011565994091110301,95423.97216292194,1103.673098186613,474360.67806914315,0.9865921175943797,4278584.271928391,44.83762491696907
Toa Baja,2015-2019,1,40,5,0.0030777654286213117,2.5,0.015271323266112207,94320.29906473533,1440.3957775739545,468000.50587974174,0.9820319635691914,3804223.593859248,40.33303150627497
Toa Baja,2015-2019,1,45,5,0.004184638887685858,2.5,0.020706570636637573,92879.90328716137,1923.224278139678,459591.4557404577,0.9743837630998716,3336223.0879795062,35.919751958233
Toa Baja,2015-2019,1,50,5,0.0062212201207873545,2.5,0.030629715104186404,90956.6790090217,2785.9771648692695,447818.4521329353,0.9627173319022089,2876631.6322390484,31.626392515427312
Toa Baja,2015-2019,1,55,5,0.00902845189371948,2.5,0.0441458380311666,88170.70184415243,3892.3695227062417,431122.5854139965,0.9482136598176854,2428813.180106113,27.546714830502335
Toa Baja,2015-2019,1,60,5,0.012324315367333284,2.5,0.05977971663569607,84278.33232144619,5038.134824705063,408796.32454546826,0.9241613071017535,1997690.5946921168,23.70348984923812
Toa Baja,2015-2019,1,65,5,0.01948919701956564,2.5,0.09291870759978896,79240.19749674112,7362.896741349221,377793.74563033256,0.8989696645087509,1588894.2701466484,20.051619258167474
Toa Baja,2015-2019,1,70,5,0.02327435285412826,2.5,0.10997289439905766,71877.3007553919,7904.554805662017,339625.11676280445,0.8649269249163274,1211100.524516316,16.849554891298066
Toa Baja,2015-2019,1,75,5,0.03555777522166514,2.5,0.16327466639101548,63972.745949729884,10445.128753059347,293750.9078660011,0.7976452196717133,871475.4077535114,13.622604357773252
Toa Baja,2015-2019,1,80,5,0.056897647964753356,2.5,0.24906080483540874,53527.61719667054,13331.631419924423,234309.00743354164,0.5944277809247066,577724.4998875104,10.793017327202179
Toa Baja,2015-2019,1,85,NA,0.1198076211398924,8.543527066641538,1,40195.985776746114,40195.985776746114,343415.49245396873,0,343415.49245396873,8.543527066641538
Toa Baja,2015-2019,2,0,1,0.00516222018878405,0.1384202437125978,0.005139362031176807,100000,513.9362031176861,99557.20297137059,0.9946103229030729,8506748.353653166,85.06748353653167
Toa Baja,2015-2019,2,1,4,1.986507563680244e-4,1.5156382579752754,7.942110661573749e-4,99486.06379688231,79.01293279592937,397747.95848016586,0.9992509935182805,8407191.150681796,84.50621956303853
Toa Baja,2015-2019,2,5,5,8.256865610385014e-5,2.5,4.127580783196936e-4,99407.05086408638,41.03106328607828,496932.6766622167,0.9995546263442995,8009443.192201629,80.57218399077632
Toa Baja,2015-2019,2,10,5,9.56233943171045e-5,2.5,4.780027009836205e-4,99366.0198008003,47.497225850776886,496711.3559393746,0.9989970317178656,7512510.515539412,75.60442222200095
Toa Baja,2015-2019,2,15,5,3.0587069714432737e-4,2.5,0.0015281849182558558,99318.52257494953,151.77706830248644,496213.1702039914,0.9977250553209536,7015799.159600038,70.63938304464456
Toa Baja,2015-2019,2,20,5,6.05484618485342e-4,2.5,0.00302284737345507,99166.74550664704,299.76593618886545,495084.31269276305,0.9966355339526062,6519585.989396047,65.74367199495364
Toa Baja,2015-2019,2,25,5,7.428009289777056e-4,2.5,0.0037071205134854048,98866.97957045818,366.511808071984,493418.6183321109,0.9958808406843308,6024501.676703284,60.93542761069063
Toa Baja,2015-2019,2,30,5,9.086054880503216e-4,2.5,0.004532731278961802,98500.4677623862,446.4761512189434,491386.1484338836,0.9952306726309694,5531083.058371172,56.152860834263926
Toa Baja,2015-2019,2,35,5,0.00100391345146211,2.5,0.005007000768752472,98053.99161116725,490.95641137636267,489042.56702739536,0.993979600701627,5039696.909937289,51.39716218715694
Toa Baja,2015-2019,2,40,5,0.0014127515966081087,2.5,0.007038897449016895,97563.03519979089,686.7361995861429,486098.3354999891,0.9913699522985647,4550654.342909894,46.64322233918823
Toa Baja,2015-2019,2,45,5,0.002057019661769914,2.5,0.010232477291406973,96876.29900020474,991.2845295951411,481903.2836770359,0.9879243948503181,4064556.0074099046,41.95614458187873
Toa Baja,2015-2019,2,50,5,0.0028071200716963704,2.5,0.01393778774911787,95885.0144706096,1336.4249800124671,476084.00990301685,0.9821333289949594,3582652.7237328687,37.36405259479846
Toa Baja,2015-2019,2,55,5,0.004418492074554292,2.5,0.02185108822244333,94548.58949059714,2065.989570266611,467577.97352731915,0.9747773546649028,3106568.7138298517,32.85684884954101
Toa Baja,2015-2019,2,60,5,0.005817293592580397,2.5,0.028669520419308,92482.59992033053,2651.431786846617,455784.4201345361,0.9658755904540356,2638990.7403025324,28.53499731382877
Toa Baja,2015-2019,2,65,5,0.008109191601087529,2.5,0.03974030366370175,89831.16813348391,3569.9179000896984,440231.04591719527,0.9514129448508891,2183206.3201679965,24.30343905718646
Toa Baja,2015-2019,2,70,5,0.011904011312702788,2.5,0.057799929040582655,86261.25023339421,4985.894142442121,418841.51581086573,0.9190057848619753,1742975.2742508012,20.20577338648455
Toa Baja,2015-2019,2,75,5,0.022299832144783628,2.5,0.10561137110344969,81275.35609095209,8583.601793686554,384917.7759705441,0.8652543095961315,1324133.7584399355,16.291946564443826
Toa Baja,2015-2019,2,80,5,0.03651925643862184,2.5,0.16732025403216888,72691.75429726554,12162.802795062482,333051.7644986715,0.6453938490026435,939215.9824693914,12.920529866820427
Toa Baja,2015-2019,2,85,NA,0.10464522114149123,10.014450984644226,1,60528.951502203054,60528.951502203054,606164.2179707199,0,606164.2179707199,10.014450984644226
Toa Baja,2020-2024,1,0,1,0.009926696834655751,0.1294817728012862,0.009841651477606267,100000,984.1651477606356,99143.26630030065,0.9897964607170358,7627453.775573826,76.27453775573827
Toa Baja,2020-2024,1,1,4,3.278593146166868e-4,1.6233471040979723,0.0013104161719780132,99015.83485223936,129.75195127227926,395754.96405821724,0.9986649352905625,7528310.509273526,76.03137943045141
Toa Baja,2020-2024,1,5,5,1.5612356799538728e-4,2.5,7.803132767446375e-4,98886.08290096709,77.16212337289471,494237.5091964032,0.9991216991235219,7132555.545215309,72.12901285976162
Toa Baja,2020-2024,1,10,5,1.9536837481065988e-4,2.5,9.763649969466107e-4,98808.92077759419,96.47357163332344,493803.4199588876,0.9978821289106495,6638318.036018905,67.18338773237774
Toa Baja,2020-2024,1,15,5,6.531633767618165e-4,2.5,0.003260492797595121,98712.44720596087,321.85122314801265,492757.6079719343,0.9936131941665702,6144514.616060018,62.24660405024356
Toa Baja,2020-2024,1,20,5,0.0019137819100773017,2.5,0.009523345534368784,98390.59598281285,937.0076428767934,489610.4608068723,0.9896333706732562,5651757.008088083,57.44204465511468
Toa Baja,2020-2024,1,25,5,0.0022562596278470253,2.5,0.011218021218287244,97453.58833993606,1093.2364217956492,484534.8506451912,0.9877160305032071,5162146.547281211,52.97030756091498
Toa Baja,2020-2024,1,30,5,0.0026903766758916065,2.5,0.013362011270793176,96360.35191814041,1287.5681083877862,478582.83931973256,0.9864846760617695,4677611.69663602,48.54290798574213
Toa Baja,2020-2024,1,35,5,0.0027529600462142365,2.5,0.013670712914926041,95072.78380975263,1299.7127334859542,472114.63721504825,0.9830314970834532,4199028.857316287,44.16646582810535
Toa Baja,2020-2024,1,40,5,0.004104081234807033,2.5,0.020312000919497433,93773.07107626667,1904.718705925232,464103.55861652025,0.9780765904360608,3726914.220101239,39.743971028421356
Toa Baja,2020-2024,1,45,5,0.004769854054771694,2.5,0.023568227757031816,91868.35237034144,2165.174252327459,453928.8262208886,0.9729875468059178,3262810.661484719,35.51615520796122
Toa Baja,2020-2024,1,50,5,0.006202676737922329,2.5,0.03053981223232672,89703.17811801398,2739.5182163671125,441667.09504915215,0.9624797943771823,2808881.83526383,31.31306932702485
Toa Baja,2020-2024,1,55,5,0.009148665314997709,2.5,0.04472049448312036,86963.65990164687,3889.0578728635446,425095.6548260754,0.9460732383713288,2367214.740214678,27.220734993121525
Toa Baja,2020-2024,1,60,5,0.013130103286565241,2.5,0.06356401134708707,83074.60202878332,5280.554946012329,402171.62277888577,0.9283542307384728,1942119.0853886027,23.378012508753347
Toa Baja,2020-2024,1,65,5,0.016726594120967754,2.5,0.08027610599822838,77794.047082771,6245.003169647694,373357.72748973576,0.8973950960819068,1539947.462609717,19.795183826485463
Toa Baja,2020-2024,1,70,5,0.027095498462641667,2.5,0.1268826225524441,71549.0439131233,9078.330332817073,335049.3937335738,0.851939858876184,1166589.7351199812,16.304756448408796
Toa Baja,2020-2024,1,75,5,0.03771223713991546,2.5,0.17231520592768199,62470.71358030623,10764.653875039709,285441.93321393186,0.7899076556423553,831540.3413864074,13.31088271174397
Toa Baja,2020-2024,1,80,5,0.05864571671415318,2.5,0.2557342828111642,51706.05970526652,13223.012095717568,225472.76828703866,0.5871206271382738,546098.4081724755,10.561593965684697
Toa Baja,2020-2024,1,85,NA,0.12132028106530528,8.331607286889586,1,38483.04760954895,38483.04760954895,320625.63988543686,0,320625.63988543686,8.331607286889586
Toa Baja,2020-2024,2,0,1,0.005649886016943907,0.1374179587659557,0.005622484891849417,100000,562.2484891849454,99515.0145505181,0.9941929361145354,8475015.718517436,84.75015718517436
Toa Baja,2020-2024,2,1,4,1.7160342607738203e-4,1.514852217080961,6.861211011912631e-4,99437.75151081505,68.22633956657955,397581.45350674965,0.9992969224309535,8375500.7039669175,84.22858096359893
Toa Baja,2020-2024,2,5,5,8.105146584388524e-5,2.5,4.0517522910382e-4,99369.52517124848,40.26207012719533,496746.9706809244,0.9995281686623267,7977919.250460168,80.28537156347906
Toa Baja,2020-2024,2,10,5,1.0773190051211113e-4,2.5,5.385144645937457e-4,99329.26310112128,53.49024493739125,496512.5898932629,0.9988564114927602,7481172.279779243,75.31690104418777
Toa Baja,2020-2024,2,15,5,3.5010387715414065e-4,2.5,0.0017489885665750626,99275.77285618389,173.63219166336057,495944.78380176105,0.9974446696009455,6984659.68988598,70.35613512678795
Toa Baja,2020-2024,2,20,5,6.737499361608696e-4,2.5,0.0033630849850693634,99102.14066452053,333.2889212570881,494677.4810194599,0.9967834082983588,6488714.90608422,65.47502266424038
Toa Baja,2020-2024,2,25,5,6.148645125844786e-4,2.5,0.0030696040863714075,98768.85174326344,303.1812709173246,493086.3055390239,0.996026815857403,5994037.425064759,60.687527689857795
Toa Baja,2020-2024,2,30,5,9.782960949856838e-4,2.5,0.004879546372025784,98465.67047234612,480.4678051224182,491127.18284892454,0.9936673272461118,5500951.119525736,55.86669032097504
Toa Baja,2020-2024,2,35,5,0.0015646816232535905,2.5,0.0077929245018692585,97985.2026672237,763.5912866860454,488017.0351194033,0.9917816252350501,5009823.936676811,51.128372451206964
Toa Baja,2020-2024,2,40,5,0.0017369431323333356,2.5,0.008647166570196069,97221.61138053765,840.6914678303729,484006.32823311235,0.9913509405280659,4521806.901557408,46.51030606619433
Toa Baja,2020-2024,2,45,5,0.0017377102154385504,2.5,0.00865096888468187,96380.91991270728,833.7883392418589,479820.1287154317,0.9867140883634172,4037800.5733242957,41.89419002206405
Toa Baja,2020-2024,2,50,5,0.0036248133895877117,2.5,0.017961301036707872,95547.13157346542,1716.1507933849352,473445.28088386473,0.9815175065384052,3557980.444608864,37.23796189394928
Toa Baja,2020-2024,2,55,5,0.003839140891475145,2.5,0.01901321839681136,93830.98078008048,1784.028929958673,464694.8315755058,0.9714289209033751,3084535.1637249994,32.87331261041044
Toa Baja,2020-2024,2,60,5,0.007812502370340316,2.5,0.038314187647173564,92046.95185012181,3526.7041855359275,451417.9987867692,0.9572870574613261,2619840.3321494935,28.461999876055934
Toa Baja,2020-2024,2,65,5,0.009686409706321439,2.5,0.04728694668326938,88520.24766458588,4185.8522317050665,432136.6077436668,0.9436543287581314,2168422.333362724,24.49634282067469
Toa Baja,2020-2024,2,70,5,0.01361924424946931,2.5,0.06585401641155282,84334.39543288082,5553.758660895328,407787.5805121658,0.9103016246763702,1736285.7256190574,20.588108999973972
Toa Baja,2020-2024,2,75,5,0.024453549545071313,2.5,0.11522367793262933,78780.63677198549,9077.394718742711,371209.69706307066,0.8611158119031211,1328498.1451068916,16.863257261450666
Toa Baja,2020-2024,2,80,5,0.03611607784201171,2.5,0.16562598664429515,69703.24205324278,11544.668237374462,319654.53967277776,0.6660833625163047,957288.4480438209,13.733772201192545
Toa Baja,2020-2024,2,85,NA,0.10136494319595166,10.963712940929572,1,58158.573815868316,58158.573815868316,637633.9083710432,0,637633.9083710432,10.963712940929572
Trujillo Alto,1980-1984,1,0,1,0.01212510035255985,0.12509496850148447,0.011997823703717757,100000,1199.7823703717731,98950.30436745852,0.987440393782824,7371349.80920074,73.7134980920074
Trujillo Alto,1980-1984,1,1,4,4.580994765755297e-4,1.6168505571806984,0.0018303996233179321,98800.21762962823,180.84388113299792,394769.8925239535,0.9982310762480328,7272399.504833282,73.60712030104308
Trujillo Alto,1980-1984,1,5,5,2.02923271165967e-4,2.5,0.0010141018936459494,98619.37374849523,100.0100936685194,492846.84350830485,0.9988559501266645,6877629.612309328,69.73913289947524
Trujillo Alto,1980-1984,1,10,5,2.549883976122592e-4,2.5,0.001274129767292016,98519.36365482671,125.52645388728706,492283.00213941536,0.9967647281520939,6384782.768801023,64.80738945057342
Trujillo Alto,1980-1984,1,15,5,0.0010424930900961602,2.5,0.005198915865815541,98393.83720093942,511.54128132242477,490690.332801391,0.9930980478210057,5892499.766661609,59.88687842946885
Trujillo Alto,1980-1984,1,20,5,0.0017302297444564635,2.5,0.008613888706145292,97882.295919617,843.1472033535683,487303.61158970103,0.9909486374695068,5401809.433860217,55.18678718260038
Trujillo Alto,1980-1984,1,25,5,0.0019075814792661235,2.5,0.009492637447868265,97039.14871626343,921.1574570132652,482892.84993878397,0.9896114213313923,4914505.822270516,50.644568581699254
Trujillo Alto,1980-1984,1,30,5,0.0022714470950150976,2.5,0.011293106241659702,96117.99125925016,1085.4706870256196,477876.27957868675,0.9875598229756657,4431612.9723317325,46.105967408107325
Trujillo Alto,1980-1984,1,35,5,0.0027386935472620165,2.5,0.013600349760982807,95032.52057222454,1292.475518450039,471931.41406499763,0.9837239062077482,3953736.6927530454,41.60403900629167
Trujillo Alto,1980-1984,1,40,5,0.003834148937356555,2.5,0.01898873063333391,93740.0450537745,1780.0044650827185,464250.2141061657,0.979816524984917,3481805.278688048,37.14320039734023
Trujillo Alto,1980-1984,1,45,5,0.004326566209670599,2.5,0.02140134520583039,91960.04058869179,1968.0685737807653,454880.031509007,0.9688792965738416,3017555.064581882,32.81376394860951
Trujillo Alto,1980-1984,1,50,5,0.008382587170056018,2.5,0.04105261797837329,89991.97201491102,3694.4060482486093,440723.8449539336,0.9553698966215018,2562675.0330728753,28.476707151703028
Trujillo Alto,1980-1984,1,55,5,0.009911819720121276,2.5,0.048360741229120194,86297.56596666241,4173.414256416683,421054.2941922704,0.941928935927853,2121951.1881189416,24.58877216697713
Trujillo Alto,1980-1984,1,60,5,0.014137590852987127,2.5,0.06827484954393223,82124.15171024573,5607.014101940105,396603.2232963784,0.9023815986616607,1700896.8939266712,20.711287221910737
Trujillo Alto,1980-1984,1,65,5,0.027604474336902208,2.5,0.12911218658181353,76517.13760830562,9879.29494758985,357887.4506725535,0.8461554031079379,1304293.6706302927,17.045771854496515
Trujillo Alto,1980-1984,1,70,5,0.040102993250749244,2.5,0.1822436741660628,66637.84266071577,12144.325284988845,302828.40009110677,0.813420157378424,946406.2199577393,14.202233778430271
Trujillo Alto,1980-1984,1,75,5,0.042449087946338455,2.5,0.19188236162207575,54493.51737572693,10456.344807148103,246326.7248607644,0.7517854525751008,643577.8198666326,11.810172124314033
Trujillo Alto,1980-1984,1,80,5,0.0756023288678141,2.5,0.31792245024446264,44037.172568578826,14000.405804840815,185184.8483307921,0.5338342658865256,397251.0950058681,9.02081291407234
Trujillo Alto,1980-1984,1,85,NA,0.15563208746300153,7.060222171818231,1,30036.76676373801,30036.76676373801,212066.24667507605,0,212066.24667507605,7.060222171818231
Trujillo Alto,1980-1984,2,0,1,0.008640845827409836,0.1312707287962994,0.008576466106884532,100000,857.6466106884618,99254.93728494628,0.9911275384305138,8010404.890535274,80.10404890535274
Trujillo Alto,1980-1984,2,1,4,2.6406979730301367e-4,1.5100460896440988,0.001055585119169804,99142.35338931154,104.65319291723426,396308.83193031064,0.998942520080558,7911149.953250327,79.79586607335087
Trujillo Alto,1980-1984,2,5,5,1.2021702122678044e-4,2.5,6.009045087586905e-4,99037.7001963943,59.5122005851008,495039.72048050875,0.9993338029691006,7514841.121320017,75.87859074289784
Trujillo Alto,1980-1984,2,10,5,1.4635929526096207e-4,2.5,7.315288112016338e-4,98978.1879958092,72.40539619946503,494709.92648854735,0.9985543424934629,7019801.400839508,70.92271078085133
Trujillo Alto,1980-1984,2,15,5,4.325289961439877e-4,2.5,0.0021603089900229,98905.78259960974,213.6670513151912,493994.7453697607,0.9970684865744215,6525091.47435096,65.97280060727923
Trujillo Alto,1980-1984,2,20,5,7.422522966602126e-4,2.5,0.0037043875079623015,98692.11554829455,365.5938399714796,492546.593141544,0.9960610980627195,6031096.7289812,61.11021833380306
Trujillo Alto,1980-1984,2,25,5,8.366037784958453e-4,2.5,0.0041742883290077784,98326.52170832307,410.44325199897867,490606.50041161786,0.9952971951933984,5538550.135839655,56.32814056282062
Trujillo Alto,1980-1984,2,30,5,0.0010494535191992083,2.5,0.005233536712194863,97916.07845632409,512.4473913153197,488299.2738033321,0.9940091974365444,5047943.6354280375,51.55377661166951
Trujillo Alto,1980-1984,2,35,5,0.0013549849535160192,2.5,0.006752052443912964,97403.63106500877,657.6744251784985,485373.9692620976,0.9922601259759852,4559644.361624706,46.81185199945498
Trujillo Alto,1980-1984,2,40,5,0.0017545446103434637,2.5,0.008734410768371888,96745.95663983027,845.0189254713623,481617.23588547297,0.9879077921701362,4074270.392362608,42.1130818679117
Trujillo Alto,1980-1984,2,45,5,0.0031200670204565096,2.5,0.01547959169345038,95900.93771435891,1484.5073588373052,475793.4201747013,0.9829196258723145,3592653.156477135,37.462127504715944
Trujillo Alto,1980-1984,2,50,5,0.003776588169478448,2.5,0.018706325627246567,94416.4303555216,1766.1844907926425,467666.6905506264,0.9772749750643763,3116859.7363024335,33.01183622983852
Trujillo Alto,1980-1984,2,55,5,0.005436977248313425,2.5,0.026820332398953834,92650.24586472896,2484.910390936813,457038.9533463028,0.9671791587120108,2649193.0457518073,28.593481010505652
Trujillo Alto,1980-1984,2,60,5,0.007952362494167881,2.5,0.038986721123751636,90165.33547379215,3515.250789146259,442038.5503960951,0.9501764826425756,2192154.0924055045,24.312603961227268
Trujillo Alto,1980-1984,2,65,5,0.012605073549591526,2.5,0.06109994451183843,86650.08468464589,5294.315366177965,420014.6350077845,0.9184952064026634,1750115.5420094093,20.197505269369046
Trujillo Alto,1980-1984,2,70,5,0.021771310018766258,2.5,0.10323751047835647,81355.76931846792,8398.967087490091,385781.42887361435,0.8661569623035367,1330100.9070016248,16.34918971505183
Trujillo Alto,1980-1984,2,75,5,0.03667453642044045,2.5,0.16797194872443558,72956.80223097783,12254.696243440587,334147.2705462877,0.7943169617036945,944319.4781280105,12.943542606737877
Trujillo Alto,1980-1984,2,80,5,0.05740615031092783,2.5,0.25100733897830296,60702.105987537245,15236.674094310634,265418.84470190963,0.5650099407938683,610172.2075817228,10.05191167019802
Trujillo Alto,1980-1984,2,85,NA,0.14020827208193762,7.58275790031974,1,45465.43189322661,45465.43189322661,344753.3628798131,0,344753.3628798131,7.58275790031974
Trujillo Alto,1985-1989,1,0,1,0.012232018705332508,0.12488161827444424,0.012102468264466133,100000,1210.2468264466152,98940.89075575155,0.9874030618505659,7300744.500710916,73.00744500710915
Trujillo Alto,1985-1989,1,1,4,4.233960503817072e-4,1.6165352631191636,0.0016918768447604377,98789.75317355338,167.1400958939339,394760.64016953146,0.9983125560924806,7201803.609955165,72.90030978519674
Trujillo Alto,1985-1989,1,5,5,1.9853420101702854e-4,2.5,9.921785516451e-4,98622.61307765945,97.85124140285188,492868.4372847901,0.9988851860537635,6807042.969785633,69.02111754456851
Trujillo Alto,1985-1989,1,10,5,2.4766748063900535e-4,2.5,0.0012375711378804508,98524.7618362566,121.93140161510382,492318.98067724524,0.996888175093266,6314174.532500843,64.08718392026866
Trujillo Alto,1985-1989,1,15,5,0.0010001748510672303,2.5,0.004988401072087804,98402.8304346415,490.87278483663977,490786.9702111159,0.9933681319784693,5821855.551823597,59.163496884273414
Trujillo Alto,1985-1989,1,20,5,0.0016636051674555545,2.5,0.008283574344566216,97911.95764980486,811.0609804141714,487532.13579798886,0.9893438615119118,5331068.581612482,54.44757422458815
Trujillo Alto,1985-1989,1,25,5,0.002626842222286773,2.5,0.013048520102574367,97100.89666939068,1267.023002168542,482336.92584153207,0.9866027864168714,4843536.445814493,49.88148010935239
Trujillo Alto,1985-1989,1,30,5,0.0027691419977506054,2.5,0.01375051715240921,95833.87366722214,1317.765323642947,475874.95502700337,0.9836410182710812,4361199.5199729605,45.50791231832062
Trujillo Alto,1985-1989,1,35,5,0.003837223767316223,2.5,0.01900381411856755,94516.1083435792,1796.1665541717666,468090.12533246656,0.9806928781288256,3885324.564945957,41.10753852477995
Trujillo Alto,1985-1989,1,40,5,0.003962122156497523,2.5,0.01961630528796247,92719.94178940743,1818.8226844231249,459052.65223597933,0.9786116955450922,3417234.439613491,36.855442029665774
Trujillo Alto,1985-1989,1,45,5,0.004693587503986582,2.5,0.023195759206045465,90901.1191049843,2108.520470319272,449234.2943491233,0.9665491501537857,2958181.7873775116,32.54285333892339
Trujillo Alto,1985-1989,1,50,5,0.008987388207953046,2.5,0.04394946380783426,88792.59863466503,3902.387100097767,434207.0254230808,0.9546981893082992,2508947.4930283884,28.256268333258173
Trujillo Alto,1985-1989,1,55,5,0.009566726082663443,2.5,0.046716324708138406,84890.21153456726,3965.758686591391,414536.66095635784,0.9357521338921047,2074740.4676053075,24.440279157043612
Trujillo Alto,1985-1989,1,60,5,0.01724005725041163,2.5,0.082638552798706,80924.45284797587,6687.479669383843,387903.5650664198,0.9003743169692325,1660203.8066489496,20.51547768593255
Trujillo Alto,1985-1989,1,65,5,0.025112017897183047,2.5,0.1181430627221487,74236.97317859203,8770.583378540883,349258.40744660795,0.8630121602867392,1272300.2415825299,17.1383636361595
Trujillo Alto,1985-1989,1,70,5,0.03439478532754267,2.5,0.15835726619788168,65466.38980005115,10367.07851658098,301414.2527088033,0.8111268045278903,923041.8341359218,14.099476646796868
Trujillo Alto,1985-1989,1,75,5,0.05073743418608245,2.5,0.22513077609230037,55099.31128347017,12404.550711398886,244485.17963885362,0.7303995085747103,621627.5814271185,11.281948302929282
Trujillo Alto,1985-1989,1,80,5,0.07818017634686367,2.5,0.32699045344846384,42694.76057207128,13960.77911933518,178571.85506201844,0.5265134489908877,377142.4017882649,8.833458643048864
Trujillo Alto,1985-1989,1,85,NA,0.16451795540286715,6.910652011551926,1,28733.9814527361,28733.9814527361,198570.54672624648,0,198570.54672624648,6.910652011551926
Trujillo Alto,1985-1989,2,0,1,0.007550051789702853,0.1335126050581774,0.007500980191960812,100000,750.0980191960844,99350.04952139576,0.9921858463780762,8059671.779901673,80.59671779901673
Trujillo Alto,1985-1989,2,1,4,2.6006905795050445e-4,1.5117959052276797,0.0010396034992888562,99249.90198080392,103.1805454033165,396742.8736676423,0.9989957151103042,7960321.730380277,80.20483216114305
Trujillo Alto,1985-1989,2,5,5,1.1210984567022965e-4,2.5,5.603921646534129e-4,99146.7214354006,55.56104584346758,495594.7045623943,0.999350362248338,7563578.856712635,76.28672685501468
Trujillo Alto,1985-1989,2,10,5,1.4784129828324536e-4,2.5,7.389333792408973e-4,99091.16038955713,73.22176599956583,495272.74753278674,0.998545256397105,7067984.152150241,71.32809954353013
Trujillo Alto,1985-1989,2,15,5,4.3468850319403844e-4,2.5,0.0021710831537541542,99017.93862355757,214.97617846506182,494552.2526716252,0.9969386892498264,6572711.404617454,66.37899653319712
Trujillo Alto,1985-1989,2,20,5,7.922611544644669e-4,2.5,0.003953475310039138,98802.9624450925,390.61507258539496,493038.274543999,0.9954901158736146,6078159.151945828,61.51798490175461
Trujillo Alto,1985-1989,2,25,5,0.0010162757821075396,2.5,0.005068501422419741,98412.34737250711,498.8031226412131,490814.72905593255,0.995118640386982,5585120.87740183,56.75223715842503
Trujillo Alto,1985-1989,2,30,5,9.408607427307275e-4,2.5,0.004693264442979504,97913.5442498659,459.5341557139909,488418.8858600445,0.9940797237977735,5094306.148345897,52.02861552376983
Trujillo Alto,1985-1989,2,35,5,0.0014357497733754998,2.5,0.007153073806635461,97454.0100941519,697.0957269560749,485527.3111533693,0.9917850354199568,4605887.2624858525,47.26216251169172
Trujillo Alto,1985-1989,2,40,5,0.0018655615809512031,2.5,0.009284505861174209,96756.91436719583,898.3401385513571,481538.7214896008,0.9901176650870329,4120359.9513324834,42.584656386370234
Trujillo Alto,1985-1989,2,45,5,0.002108206385805771,2.5,0.010485766529136869,95858.57422864447,1005.1506291775149,476779.99457027856,0.9845362160176916,3638821.2298428826,37.96031037519364
Trujillo Alto,1985-1989,2,50,5,0.0041413481198383185,2.5,0.020494552903853346,94853.42359946696,1943.9785080708825,469407.1717271576,0.9780346177281936,3162041.235272604,33.33607913431575
Trujillo Alto,1985-1989,2,55,5,0.00474912104816222,2.5,0.02346698634385476,92909.44509139608,2180.304679174922,459096.4637590431,0.9642595306763385,2692634.0635454464,28.981273764972673
Trujillo Alto,1985-1989,2,60,5,0.009900930587230973,2.5,0.0483088953862424,90729.14041222115,4383.024552657691,442688.14067946153,0.9451851482968304,2233537.599786403,24.617643125885355
Trujillo Alto,1985-1989,2,65,5,0.012722385784102955,2.5,0.061651057574367174,86346.11585956346,5323.329360180927,418422.255897365,0.9183530862295335,1790849.4591069417,20.740359207583186
Trujillo Alto,1985-1989,2,70,5,0.021708839468200743,2.5,0.10295653036619694,81022.78649938254,8341.824978577555,384259.3700504688,0.8717369818020057,1372427.2032095767,16.938780588841336
Trujillo Alto,1985-1989,2,75,5,0.033951029299935265,2.5,0.15647401207784314,72680.96152080498,11372.681650835693,334973.10347693565,0.8056897185138793,988167.833159108,13.595965332355217
Trujillo Alto,1985-1989,2,80,5,0.054329951454827864,2.5,0.23916517623747138,61308.27986996929,14662.805559917426,269884.38545005285,0.5868240002772654,653194.7296821723,10.654266129592187
Trujillo Alto,1985-1989,2,85,NA,0.123407023034211,8.217524848911614,1,46645.47431005186,46645.47431005186,383310.3442321195,0,383310.3442321195,8.217524848911614
Trujillo Alto,1990-1994,1,0,1,0.012455934008993872,0.12443480648175317,0.012321555344851343,100000,1232.1555344851367,98921.16750100395,0.9871911991381064,7275269.319440201,72.75269319440201
Trujillo Alto,1990-1994,1,1,4,4.218550166956464e-4,1.615875153745963,0.001685724640751314,98767.84446551486,166.49538912941352,394674.43206804927,0.9982520677629922,7176348.151939197,72.65875033290662
Trujillo Alto,1990-1994,1,5,5,2.223659215633527e-4,2.5,0.0011112118686886806,98601.34907638545,109.56698936238536,492732.8279085213,0.9987824744107316,6781673.7198711485,68.77871127926917
Trujillo Alto,1990-1994,1,10,5,2.6496691814713644e-4,2.5,0.0013239575783374582,98491.78208702306,130.39894129808818,492132.9130818701,0.996572168623383,6288940.891962627,63.85244290133761
Trujillo Alto,1990-1994,1,15,5,0.0011099704239459444,2.5,0.005534494307248365,98361.38314572498,544.3805150730914,490445.96444094216,0.9917445017201503,5796807.9788807565,58.93377861810497
Trujillo Alto,1990-1994,1,20,5,0.0022104774810362904,2.5,0.010991645443351293,97817.00263065188,1075.1698112474842,486397.0886251407,0.9871312109814472,5306362.014439815,54.24784926682077
Trujillo Alto,1990-1994,1,25,5,0.002975326981571903,2.5,0.014766794800357417,96741.8328194044,1428.5667938546248,480137.74711238546,0.9850067606038514,4819964.925814674,49.82296474382993
Trujillo Alto,1990-1994,1,30,5,0.0030679675488063446,2.5,0.015223077971011691,95313.26602554978,1450.9612803787313,472938.926926802,0.9808800931437964,4339827.178702288,45.53224708026425
Trujillo Alto,1990-1994,1,35,5,0.004669271224575335,2.5,0.023076974490529454,93862.30474517104,2166.058012226611,463896.37869528873,0.9761087520872215,3866888.2517754864,41.19745687338268
Trujillo Alto,1990-1994,1,40,5,0.005006847782161214,2.5,0.024724756184143434,91696.24673294443,2267.1673434731056,452813.3153060394,0.9742657633232297,3402991.8730801977,37.11157211255385
Trujillo Alto,1990-1994,1,45,5,0.005426493558095926,2.5,0.026769309082255784,89429.07938947133,2393.954667118349,441160.51027956075,0.9683527403807737,2950178.557774158,32.98902971958234
Trujillo Alto,1990-1994,1,50,5,0.007468776601748104,2.5,0.03665938118761889,87035.12472235298,3190.653813908706,427198.98907699314,0.9579981324974789,2509018.0474945973,28.827649245043403
Trujillo Alto,1990-1994,1,55,5,0.009741115439267208,2.5,0.04754765910579486,83844.47090844427,3986.6083206604235,409255.8337405703,0.9376456698450772,2081819.0584176043,24.829533013463585
Trujillo Alto,1990-1994,1,60,5,0.01621147210674312,2.5,0.0779001694724333,79857.86258778385,6220.941029294656,383736.9603656826,0.9060918998791246,1672563.224677034,20.944252331302593
Trujillo Alto,1990-1994,1,65,5,0.0235646825056657,2.5,0.11126840116255678,73636.9215584892,8193.462528345699,347700.9514715817,0.8677281111383769,1288826.2643113513,17.502446286916644
Trujillo Alto,1990-1994,1,70,5,0.03381712850179175,2.5,0.1559049944320125,65443.459030143495,10202.962115706163,301709.88986145204,0.8142190730800577,941125.3128397696,14.38073914165026
Trujillo Alto,1990-1994,1,75,5,0.049735069596193955,2.5,0.221174967034925,55240.49691443733,12217.815084043556,245657.94686207778,0.7387543906413799,639415.4229783176,11.575120766359431
Trujillo Alto,1990-1994,1,80,5,0.07412906757780374,2.5,0.3126957305381379,43022.681830393776,13453.008924664853,181480.88684030675,0.5391049114030476,393757.47611623985,9.152322899547052
Trujillo Alto,1990-1994,1,85,NA,0.13622894805974017,7.178861597579794,1,29569.672905728923,29569.672905728923,212276.58927593307,0,212276.58927593307,7.178861597579794
Trujillo Alto,1990-1994,2,0,1,0.00898601841960177,0.13056130592274506,0.00891635677763311,100000,891.6356777633191,99224.77744073277,0.9908729613240657,7992100.032579345,79.92100032579344
Trujillo Alto,1990-1994,2,1,4,2.2472766735991132e-4,1.509493087522791,8.984078433190591e-4,99108.36432223668,89.03973184560891,396211.7032213001,0.9990402676064963,7892875.255138612,79.63884086993966
Trujillo Alto,1990-1994,2,5,5,1.096076102322527e-4,2.5,5.478879194474492e-4,99019.32459039107,54.25149173493264,494960.99422261806,0.9993334165064045,7496663.551917313,75.70909600654655
Trujillo Alto,1990-1994,2,10,5,1.5713052782205292e-4,2.5,7.853441352640246e-4,98965.07309865614,77.72163975400326,494631.06139389565,0.9985520731374388,7001702.557694694,70.74922837388144
Trujillo Alto,1990-1994,2,15,5,4.226521866570534e-4,2.5,0.0021110303542969094,98887.35145890214,208.75420058576856,493914.87179304624,0.9970402208857536,6507071.496300799,65.80286963196862
Trujillo Alto,1990-1994,2,20,5,7.635193075412421e-4,2.5,0.0038103233989984324,98678.59725831637,375.9973681137053,492452.9928712975,0.9953228716569854,6013156.624507752,60.93678661409001
Trujillo Alto,1990-1994,2,25,5,0.0011125355009889083,2.5,0.005547248727090283,98302.59989020266,545.3089721105935,490149.72702073684,0.9943724909891453,5520703.631636455,56.16030133285087
Trujillo Alto,1990-1994,2,30,5,0.0011449111008898906,2.5,0.0057082170019199865,97757.29091809207,558.0198300803022,487391.40501525963,0.9932019927570467,5030553.904615718,51.45962881510976
Trujillo Alto,1990-1994,2,35,5,0.0015850670938761225,2.5,0.0078940539564714,97199.27108801177,767.2962904984597,484078.1147138127,0.9921788012886885,4543162.499600458,46.7407054471296
Trujillo Alto,1990-1994,2,40,5,0.0015555788821972612,2.5,0.007747763766736835,96431.9747975133,747.1321602910466,480292.04358683893,0.9898683299787544,4059084.3848866457,42.092722807034306
Trujillo Alto,1990-1994,2,45,5,0.0025226477609952298,2.5,0.012534190436375622,95684.84263722226,1199.332039489571,475425.88308738737,0.9842045800169212,3578792.3412998067,37.401873093613936
Trujillo Alto,1990-1994,2,50,5,0.003856434230544872,2.5,0.019098045263992967,94485.51059773269,1804.4885581869894,467916.33159319597,0.9787804906962423,3103366.4582124194,32.84489270979173
Trujillo Alto,1990-1994,2,55,5,0.00473177544401582,2.5,0.0233822779979396,92681.0220395457,2167.0934224618104,457987.37664157397,0.9659156299317744,2635450.1266192235,28.43570418866026
Trujillo Alto,1990-1994,2,60,5,0.009216097459674867,2.5,0.04504269268431232,90513.92861708389,4076.9910703490896,442377.16540954675,0.9493528321045754,2177462.749977649,24.056659381003467
Trujillo Alto,1990-1994,2,65,5,0.0116318920901249,2.5,0.056515990688001165,86436.9375467348,4885.069157490609,419972.01483994746,0.9157858586281228,1735085.5845681026,20.073427331110324
Trujillo Alto,1990-1994,2,70,5,0.024081791884909904,2.5,0.11357144940306882,81551.86838924419,9261.96389449478,384604.432209984,0.8636898796138278,1315113.5697281552,16.126099814797186
Trujillo Alto,1990-1994,2,75,5,0.0352467442169987,2.5,0.16196212693288253,72289.90449474941,11708.226687744558,332178.9557543857,0.793838510639212,930509.1375181712,12.87190990251974
Trujillo Alto,1990-1994,2,80,5,0.05948042441188187,2.5,0.25890297497663645,60581.67780700485,15684.77661330963,263696.4475017502,0.5592793819552717,598330.1817637855,9.87642144329325
Trujillo Alto,1990-1994,2,85,NA,0.10120788411548685,7.453381533356856,1,44896.90119369522,44896.90119369522,334633.73426203534,0,334633.73426203534,7.453381533356856
Trujillo Alto,1995-1999,1,0,1,0.012016002013884097,0.125312668781395,0.011891024436920725,100000,1189.1024436920707,98959.90715698146,0.9875152037239648,7272486.821133858,72.72486821133857
Trujillo Alto,1995-1999,1,1,4,4.7398638711165043e-4,1.617172343371558,0.0018938066304538467,98810.89755630793,187.1287329532206,394797.69470500096,0.9981448770839967,7173526.913976876,72.59854015483467
Trujillo Alto,1995-1999,1,5,5,2.2499990686256484e-4,2.5,0.0011243670780931984,98623.76882335471,110.88931878245785,492841.6208198174,0.9987917310035141,6778729.219271876,68.73322019779305
Trujillo Alto,1995-1999,1,10,5,2.586201744704314e-4,2.5,0.0012922653576215315,98512.87950457225,127.30478146330279,492246.135569203,0.9962036231369126,6285887.598452058,63.807774476435974
Trujillo Alto,1995-1999,1,15,5,0.0012647319699533187,2.5,0.00630372853225497,98385.57472310895,620.1959545443533,490377.3837291839,0.9913767961574719,5793641.462882855,58.88710290292217
Trujillo Alto,1995-1999,1,20,5,0.0022035512385655412,2.5,0.010957393249163595,97765.3787685646,1071.2537013205874,486148.7595895215,0.9877186265240884,5303264.079153671,54.244806760354706
Trujillo Alto,1995-1999,1,25,5,0.0027426820544352863,2.5,0.013620021798755273,96694.12506724401,1316.976091227436,480178.1851081514,0.9867687985246918,4817115.31956415,49.818076498589576
Trujillo Alto,1995-1999,1,30,5,0.0025839877988645347,2.5,0.012837012286517086,95377.14897601657,1224.3576332580997,473824.8507969376,0.9856665385468568,4336937.134455998,45.471448675264554
Trujillo Alto,1995-1999,1,35,5,0.00319519498656794,2.5,0.015849370361045022,94152.79134275847,1492.2624605175806,467033.3005624984,0.981489290940917,3863112.2836590605,41.03024699071954
Trujillo Alto,1995-1999,1,40,5,0.004288471281260914,2.5,0.02121490760134712,92660.52888224089,1965.7845585286996,458388.1830148827,0.976246235830019,3396078.9830965623,36.65076191624725
Trujillo Alto,1995-1999,1,45,5,0.005339876555118544,2.5,0.026347649782206526,90694.74432371219,2389.593360527928,447499.73821724113,0.9675933487075279,2937690.8000816796,32.39097063437686
Trujillo Alto,1995-1999,1,50,5,0.007878086359370458,2.5,0.03862961322432649,88305.15096318426,3411.193827423558,432997.77024736244,0.9580096716179758,2490191.0618644385,28.199839247232998
Trujillo Alto,1995-1999,1,55,5,0.009308930021946044,2.5,0.04548608319611753,84893.9571357607,3861.4935971248633,414816.0516859914,0.9400861906167468,2057193.291617076,24.232505599041094
Trujillo Alto,1995-1999,1,60,5,0.015590691446855232,2.5,0.07502906955195329,81032.46353863584,6079.790342806416,389962.8418361632,0.9039987318572877,1642377.2399310847,20.26813906685693
Trujillo Alto,1995-1999,1,65,5,0.025232132531166636,2.5,0.11867462781316174,74952.67319582943,8894.980595116605,352525.9144913556,0.8607025889015095,1252414.3980949214,16.709402676309203
Trujillo Alto,1995-1999,1,70,5,0.035420866976988055,2.5,0.16269714964698762,66057.69260071282,10747.39829839288,303419.96725758194,0.8146719995705396,899888.4836035658,13.622765921343357
Trujillo Alto,1995-1999,1,75,5,0.04751646455899119,2.5,0.21235627433648363,55310.29430231994,11745.4880304951,247187.75143536195,0.7233773962042868,596468.5163459838,10.784041630401621
Trujillo Alto,1995-1999,1,80,5,0.08727474384818218,2.5,0.35821574973881243,43564.80627182484,15605.599740887854,178810.03200690457,0.4880621838632867,349280.7649106219,8.01749840757392
Trujillo Alto,1995-1999,1,85,NA,0.15046103681247663,6.097123418545185,1,27959.206530936986,27959.206530936986,170470.73290371738,0,170470.73290371738,6.097123418545185
Trujillo Alto,1995-1999,2,0,1,0.006745100683577079,0.13516699691806452,0.006705982103601795,100000,670.5982103601855,99420.04453587283,0.9930080954852631,8085608.948997095,80.85608948997096
Trujillo Alto,1995-1999,2,1,4,2.3655798627889355e-4,1.51308936711744,9.456756055078742e-4,99329.40178963981,93.9333921821526,397084.00320675876,0.9990878531093331,7986188.904461223,80.40105709459928
Trujillo Alto,1995-1999,2,5,5,1.0174665630479112e-4,2.5,5.086039096559781e-4,99235.46839745766,50.47154720348772,496051.1631192796,0.9994377630214215,7589104.901254464,76.47573013772252
Trujillo Alto,1995-1999,2,10,5,1.2321741251227134e-4,2.5,6.158973393700307e-4,99184.99685025417,61.08777566550998,495772.2648121071,0.9987431654738246,7093053.738135184,71.51337362891702
Trujillo Alto,1995-1999,2,15,5,3.799939875211717e-4,2.5,0.0018981667077651995,99123.90907458866,188.15370414892095,495149.161112571,0.9972361665377831,6597281.473323077,66.55590497706018
Trujillo Alto,1995-1999,2,20,5,7.275502250229776e-4,2.5,0.00363114652144297,98935.75537043974,359.25022395969427,493780.6512922995,0.9960616188757051,6102132.312210506,61.67772499803155
Trujillo Alto,1995-1999,2,25,5,8.51154395098479e-4,2.5,0.004246735406726755,98576.50514648005,418.6283346769342,491835.9548957079,0.9950356749158347,5608351.660918207,56.89339110353385
Trujillo Alto,1995-1999,2,30,5,0.00114023614144656,2.5,0.005684975171847383,98157.87681180311,558.0250925963628,489394.3213275247,0.9938661110115646,5116515.706022499,52.125370598962036
Trujillo Alto,1995-1999,2,35,5,0.0013214249277408148,2.5,0.0065853694602960285,97599.85171920675,642.7310828410846,486392.43088893103,0.9919481874047963,4627121.384694974,47.40910260813848
Trujillo Alto,1995-1999,2,40,5,0.0019147170532261373,2.5,0.009527976816895553,96957.12063636567,923.805197656242,482476.0901876878,0.9888380919547274,4140728.953806043,42.70680612861539
Trujillo Alto,1995-1999,2,45,5,0.0025788308375559975,2.5,0.012811557091518195,96033.31543870943,1230.336303430784,477090.73643497017,0.985342015269264,3658252.8636183552,38.093580825636835
Trujillo Alto,1995-1999,2,50,5,0.0033332213625752237,2.5,0.01652837498143419,94802.97913527864,1566.9391885049845,470097.54770513077,0.9811129376644183,3181162.127183385,33.555508025164926
Trujillo Alto,1995-1999,2,55,5,0.004302872186872924,2.5,0.021285390151193847,93236.03994677366,1984.5654864193639,461218.7860178199,0.972694704344302,2711064.579478254,29.077431656534742
Trujillo Alto,1995-1999,2,60,5,0.006805060257697569,2.5,0.033456123939986336,91251.4744603543,3052.920639252101,448625.0707036412,0.9500544644536721,2249845.7934604343,24.655445917620945
Trujillo Alto,1995-1999,2,65,5,0.013865682919987934,2.5,0.06700571461813405,88198.55382110219,5909.807127068911,426218.2512878387,0.912287073821019,1801220.722756793,20.42233851600679
Trujillo Alto,1995-1999,2,70,5,0.023259660429834707,2.5,0.10990728672897258,82288.74669403328,9044.132877468903,388833.40127649414,0.877163596269547,1375002.4714689543,16.7094836986824
Trujillo Alto,1995-1999,2,75,5,0.029498375414106073,2.5,0.13736198832260937,73244.61381656438,10061.025787764956,341070.50461340946,0.8131135458153382,986169.0701924603,13.464049010651438
Trujillo Alto,1995-1999,2,80,5,0.055657917018684853,2.5,0.24429693829462212,63183.58802879942,15435.557105904438,277329.047379236,0.5700981800660166,645098.5655790508,10.209907124695283
Trujillo Alto,1995-1999,2,85,NA,0.09998075263547586,7.702297060033753,1,47748.030922894985,47748.030922894985,367769.5181998148,0,367769.5181998148,7.702297060033753
Trujillo Alto,2000-2004,1,0,1,0.009345569770688119,0.1306413828010804,0.009270252201190822,100000,927.0252201190888,99194.08263652875,0.9902214567268381,7489460.975095462,74.89460975095461
Trujillo Alto,2000-2004,1,1,4,3.99089057552246e-4,1.6250687301178122,0.0015948446219914852,99072.97477988091,158.00600101238524,395916.6457268903,0.9984903092901433,7390266.892458933,74.59417574649935
Trujillo Alto,2000-2004,1,5,5,1.711936247409835e-4,2.5,8.556019397114311e-4,98914.96877886853,84.63183915369154,494363.2642964584,0.9990791403154471,6994350.246732043,70.71073602993711
Trujillo Alto,2000-2004,1,10,5,1.9733196413041745e-4,2.5,9.86173311860581e-4,98830.33693971483,97.46384069212945,493908.02509684383,0.9969094884949666,6499986.982435585,65.76914724474216
Trujillo Alto,2000-2004,1,15,5,0.001042093239027478,2.5,0.005196926988940154,98732.8730990227,513.1075329039159,492381.5966628537,0.9926120331392507,6006078.957338741,60.83160318159719
Trujillo Alto,2000-2004,1,20,5,0.0019273325744619953,2.5,0.009590452891655152,98219.76556611879,941.97203469128,488743.89774386573,0.9900458375340501,5513697.360675887,56.13633191747155
Trujillo Alto,2000-2004,1,25,5,0.002074987171336263,2.5,0.010321393956555912,97277.79353142751,1004.0424302623724,483878.86158148164,0.9905417184270874,5024953.462932021,51.65570970016514
Trujillo Alto,2000-2004,1,30,5,0.001724637565534805,2.5,0.008586167759021046,96273.75110116514,826.6225777448417,479302.1990614636,0.9884707410288142,4541074.601350539,47.16835637347034
Trujillo Alto,2000-2004,1,35,5,0.002920739990679586,2.5,0.014497838908700251,95447.1285234203,1383.7770936305606,473776.1998830251,0.9830318716827324,4061772.4022890762,42.55520794732364
Trujillo Alto,2000-2004,1,40,5,0.003933251248109416,2.5,0.019474758445639728,94063.35142978973,1831.8610476824833,465737.1045297425,0.9779861058512651,3587996.202406051,38.14446485126765
Trujillo Alto,2000-2004,1,45,5,0.004981979173562479,2.5,0.024603461041546048,92231.49038210725,2269.2138804199058,455484.4172094865,0.9702912523514917,3122259.0978763085,33.85241943875192
Trujillo Alto,2000-2004,1,50,5,0.007112833254051383,2.5,0.03494281031230842,89962.27650168735,3143.5347630618926,441952.545600782,0.9611052104306013,2666774.680666822,29.64325475486165
Trujillo Alto,2000-2004,1,55,5,0.008786845063429099,2.5,0.04298986217164446,86818.74173862545,3732.3257412591192,424762.89433997945,0.9464032521486746,2224822.13506604,25.626058273961622
Trujillo Alto,2000-2004,1,60,5,0.0133683543968988,2.5,0.06468010555091051,83086.41599736633,5374.0381565565185,401996.9845954404,0.9260036535211168,1800059.2407260605,21.664904173783576
Trujillo Alto,2000-2004,1,65,5,0.01752712760142946,2.5,0.08395683270745857,77712.37784080982,6524.485105679676,372250.6764398499,0.8925962834447944,1398062.2561306201,17.990213335055653
Trujillo Alto,2000-2004,1,70,5,0.028494807218437047,2.5,0.13299954509792242,71187.89273513014,9467.957350252007,332269.5703000207,0.8219361726009926,1025811.5796907702,14.409916353438398
Trujillo Alto,2000-2004,1,75,5,0.05198788563587094,2.5,0.23004105768336122,61719.93538487813,14198.119216086074,273104.37888417544,0.7341245297965303,693542.0093907496,11.23692053573784
Trujillo Alto,2000-2004,1,80,5,0.07405051900470357,2.5,0.3124161499081444,47521.81616879206,14846.582844096618,200492.62373371876,0.5231334942779728,420437.6305065741,8.847255100967264
Trujillo Alto,2000-2004,1,85,NA,0.1438899606025944,6.731245178488881,1,32675.23332469544,32675.23332469544,219945.00677285538,0,219945.00677285538,6.731245178488881
Trujillo Alto,2000-2004,2,0,1,0.0067801443062303094,0.13509497281173402,0.006740616113990608,100000,674.0616113990545,99417.00072366634,0.993064696612777,8320684.507006894,83.20684507006894
Trujillo Alto,2000-2004,2,1,4,1.9076907443971137e-4,1.5130330175825373,7.627144382746089e-4,99325.93838860095,75.75732730416348,397115.34758272214,0.9991682039780679,8221267.506283227,82.77059990229837
Trujillo Alto,2000-2004,2,5,5,1.0607982634956747e-4,2.5,5.30258507421868e-4,99250.18106129678,52.62825287091255,496119.3346743066,0.9994535754982289,7824152.158700505,78.83262352809533
Trujillo Alto,2000-2004,2,10,5,1.1255147524264705e-4,2.5,5.625990728241939e-4,99197.55280842587,55.80845123644394,495848.2429140382,0.9987353784452827,7328032.824026199,73.87312102525733
Trujillo Alto,2000-2004,2,15,5,3.9379514847723995e-4,2.5,0.001967039216135753,99141.74435718943,195.0156991066906,495221.1825381804,0.9972901594406625,6832184.581112161,68.91329808054476
Trujillo Alto,2000-2004,2,20,5,6.920163291743181e-4,2.5,0.003454105901654984,98946.72865808273,341.7724794073438,493879.21209189534,0.9963590407860158,6336963.398573981,64.044193118014
Trujillo Alto,2000-2004,2,25,5,7.671605567169324e-4,2.5,0.003828460174487591,98604.95617867539,377.5051477371453,492081.0180240341,0.996081985343153,5843084.186482085,59.25751009811542
Trujillo Alto,2000-2004,2,30,5,8.031922249314165e-4,2.5,0.004007913312629824,98227.45103093825,393.68710865259345,490153.03738305974,0.9949175727214392,5351003.168458051,54.475639063184794
Trujillo Alto,2000-2004,2,35,5,0.0012360608760071375,2.5,0.006161265133091385,97833.76392228565,602.7797584934597,487661.87021519465,0.9926424346961477,4860850.131074991,49.68479118248187
Trujillo Alto,2000-2004,2,40,5,0.0017196174431695576,2.5,0.00856128189165583,97230.98416379219,832.4218640293548,484073.86615888757,0.9906417123765333,4373188.260859797,44.97731148635567
Trujillo Alto,2000-2004,2,45,5,0.0020428148551935293,2.5,0.01016217566743136,96398.56229976284,979.619124178018,479543.7636883692,0.9874669194941211,3889114.394700909,40.34411200664221
Trujillo Alto,2000-2004,2,50,5,0.0030081183364397746,2.5,0.01492832625236861,95418.94317558482,1424.4451143813494,473533.6030919707,0.9812393112459598,3409570.63101254,35.732638798340396
Trujillo Alto,2000-2004,2,55,5,0.004582120909390795,2.5,0.022651129017226122,93994.49806120347,2129.081502493733,464649.786549783,0.973063731889261,2936037.0279205693,31.23626476529298
Trujillo Alto,2000-2004,2,60,5,0.006363803450861216,2.5,0.03132071998942567,91865.41655870974,2877.2909887472924,452133.8553216804,0.9577457948111846,2471387.241370786,26.90225913025019
Trujillo Alto,2000-2004,2,65,5,0.011002792893225317,2.5,0.053541207424757035,88988.12556996245,4764.531689481679,433029.298626108,0.9268522861440776,2019253.3860491058,22.691267774390518
Trujillo Alto,2000-2004,2,70,5,0.01969708973270617,2.5,0.09386336105046961,84223.59388048077,7905.509601371683,401354.19539897464,0.8943220744503653,1586224.0874229977,18.833488507673536
Trujillo Alto,2000-2004,2,75,5,0.025241555734852417,2.5,0.11871631732337604,76318.08427910908,9060.20191079087,358939.91661856824,0.8478472827822892,1184869.892024023,15.525414496657683
Trujillo Alto,2000-2004,2,80,5,0.042011730031549045,2.5,0.1900932811378124,67257.88236831821,12785.271541774637,304326.2329871545,0.6315350670766505,825929.9754054549,12.280047279551411
Trujillo Alto,2000-2004,2,85,NA,0.0889872679765672,9.57552308405478,1,54472.610826543576,54472.610826543576,521603.7424183003,0,521603.7424183003,9.57552308405478
Trujillo Alto,2005-2009,1,0,1,0.008477224234416972,0.13237412290143266,0.008415328992234287,100000,841.5328992234281,99269.86428020397,0.9912094648103207,7594608.45077038,75.9460845077038
Trujillo Alto,2005-2009,1,1,4,3.180017884002537e-4,1.627644613746398,0.0012710482579467765,99158.46710077657,126.03519686911022,396334.8681249563,0.9987152135855787,7495338.586490176,75.58949634500225
Trujillo Alto,2005-2009,1,5,5,1.5691789927136675e-4,2.5,7.842818267151216e-4,99032.43190390746,77.6693365976389,494967.98617804324,0.9991188949289977,7099003.718365219,71.68362506995165
Trujillo Alto,2005-2009,1,10,5,1.9569655835950534e-4,2.5,9.780043116029231e-4,98954.76256730982,96.77818444446893,494531.867375438,0.997420616368277,6604035.732187176,66.73792711790963
Trujillo Alto,2005-2009,1,15,5,8.382189826533786e-4,2.5,0.004182330640929492,98857.98438286535,413.45677718498337,493256.27997136436,0.9927852488851169,6109503.864811739,61.80081359084107
Trujillo Alto,2005-2009,1,20,5,0.0020625623372218203,2.5,0.010259907439439178,98444.52760568037,1010.0317411535943,489697.55867551785,0.9880493990810112,5616247.584840374,57.04987084031992
Trujillo Alto,2005-2009,1,25,5,0.002750548740681861,2.5,0.013658820574086175,97434.49586452678,1330.8402967401198,483845.3785807836,0.9878411699375567,5126550.026164857,52.61534922182825
Trujillo Alto,2005-2009,1,30,5,0.002138990911290962,2.5,0.010638067730979153,96103.65556778666,1022.357197124802,477962.3848461213,0.9885773066109943,4642704.647584072,48.309344947959275
Trujillo Alto,2005-2009,1,35,5,0.0024581653129809814,2.5,0.012215755697585769,95081.29837066185,1161.4899123052746,472502.7670725461,0.9877331208278083,4164742.2627379512,43.80190777898567
Trujillo Alto,2005-2009,1,40,5,0.0024789958990577283,2.5,0.012318634881903075,93919.80845835658,1156.9638285767724,466706.632720341,0.9823939290603472,3692239.4956654054,39.312681278545405
Trujillo Alto,2005-2009,1,45,5,0.004645216487817955,2.5,0.02295945336083221,92762.84462977981,2129.78420489555,458489.76263666013,0.9746051244481606,3225532.8629450644,34.7718192107874
Trujillo Alto,2005-2009,1,50,5,0.005656376715687074,2.5,0.027887527672966747,90633.06042488426,2527.5319806846237,446846.47217270976,0.9652770105343487,2767043.1003084043,30.530173949071276
Trujillo Alto,2005-2009,1,55,5,0.008528970420642197,2.5,0.041754543927987955,88105.52844419963,3678.806157721934,431330.6268266933,0.9498449445006126,2320196.628135694,26.334291038333166
Trujillo Alto,2005-2009,1,60,5,0.012142036282749688,2.5,0.0589216105799975,84426.7222864777,4974.558453109421,409697.21529961494,0.92575237526665,1888866.0013090011,22.372845352205903
Trujillo Alto,2005-2009,1,65,5,0.018965129423009326,2.5,0.09053321191254143,79452.16383336828,7193.059585236304,379278.1702037506,0.8906202351787353,1479168.7860093862,18.617098825798948
Trujillo Alto,2005-2009,1,70,5,0.02783091549735807,2.5,0.13010240489518773,72259.10424813197,9401.083238254047,337792.81314502476,0.8370363256196361,1099890.6158056355,15.221481462442425
Trujillo Alto,2005-2009,1,75,5,0.0446271602694601,2.5,0.20073969499485558,62858.02100987793,12618.099965503112,282744.85513563186,0.7612340385861174,762097.8026606108,12.124113842859444
Trujillo Alto,2005-2009,1,80,5,0.06683782085019975,2.5,0.28634278486038456,50239.921044374816,14385.838903012133,215235.00796434376,0.5509884541742013,479352.94752497895,9.541275892961428
Trujillo Alto,2005-2009,1,85,NA,0.12804855100010223,7.366467743318363,1,35854.08214136268,35854.08214136268,264117.9395606352,0,264117.9395606352,7.366467743318363
Trujillo Alto,2005-2009,2,0,1,0.005600071213919394,0.1375203416361679,0.005573153176625625,100000,557.3153176625638,99519.32687522146,0.9941911049480749,8355116.955740918,83.55116955740918
Trujillo Alto,2005-2009,2,1,4,1.9687488794595742e-4,1.5149324797816301,7.871144580899076e-4,99442.68468233744,78.27277486474486,397576.225598816,0.9992326226543463,8255597.6288656965,83.01865195250525
Trujillo Alto,2005-2009,2,5,5,8.694492910623124e-5,2.5,4.346301733071422e-4,99364.41190747269,43.18677156789636,496714.0926084437,0.9994950965350596,7858021.403266881,79.08285524382919
Trujillo Alto,2005-2009,2,10,5,1.1507455841318526e-4,2.5,5.752073127471502e-4,99321.2251359048,57.130295009192196,496463.299942001,0.9989428637357186,7361307.310658437,74.11615493652738
Trujillo Alto,2005-2009,2,15,5,3.081056569626112e-4,2.5,0.0015393425844173999,99264.0948408956,152.8014482922299,495938.4705837475,0.9978934890380088,6864844.010716436,69.15737278136348
Trujillo Alto,2005-2009,2,20,5,5.356270320483988e-4,2.5,0.002674553752021371,99111.29339260337,265.07848161087895,494893.7707589897,0.9967841375570204,6368905.540132688,64.26013950704831
Trujillo Alto,2005-2009,2,25,5,7.531399395894321e-4,2.5,0.0037586227756217323,98846.2149109925,371.52563464846753,493302.2604683413,0.9962453501588394,5874011.769373699,59.425763289601306
Trujillo Alto,2005-2009,2,30,5,7.515417730736916e-4,2.5,0.003750661917599077,98474.68927634403,369.34526691617793,491450.0832144297,0.9956255924042094,5380709.508905358,54.640532998340035
Trujillo Alto,2005-2009,2,35,5,0.001002607077256835,2.5,0.005000501540697832,98105.34400942785,490.575923869852,489300.2802374646,0.9934974182166323,4889259.425690928,49.836830756345684
Trujillo Alto,2005-2009,2,40,5,0.0016088875590230878,2.5,0.008012210928905973,97614.768085558,782.1101116777281,486118.5651485957,0.9907305075757628,4399959.145453463,45.0747282582996
Trujillo Alto,2005-2009,2,45,5,0.0021185472685277956,2.5,0.010536928887853892,96832.65797388027,1020.3188310926489,481612.49279166973,0.9860648935480613,3913840.5803048676,40.41860114343439
Trujillo Alto,2005-2009,2,50,5,0.003504328502979225,2.5,0.017369471678187216,95812.33914278762,1664.2097111615294,474901.17143603426,0.9829004597907113,3432228.0875131977,35.822401563520984
Trujillo Alto,2005-2009,2,55,5,0.0033935151291377454,2.5,0.016824837295916294,94148.12943162609,1584.0269594019774,466780.5797596255,0.9769494301490758,2957326.9160771635,31.411425101386484
Trujillo Alto,2005-2009,2,60,5,0.00596419080805733,2.5,0.02938284185206493,92564.10247222411,2719.7963841196906,456021.02140082134,0.9642714623766491,2490546.3363175383,26.906179283322942
Trujillo Alto,2005-2009,2,65,5,0.008635767588474367,2.5,0.04226633238415492,89844.30608810442,3797.389303943579,439728.05718066316,0.941399502638235,2034525.314916717,22.645011169896414
Trujillo Alto,2005-2009,2,70,5,0.01572598170568688,2.5,0.07565551540062312,86046.91678416084,6509.923837940209,413959.7743259537,0.9006543925517846,1594797.2577360536,18.53404302371956
Trujillo Alto,2005-2009,2,75,5,0.02666090508432036,2.5,0.12497468020441856,79536.99294622063,9940.110257875029,372834.68908641563,0.8419225640246318,1180837.4834101,14.84639335319767
Trujillo Alto,2005-2009,2,80,5,0.04343638105030871,2.5,0.19590806215505702,69596.8826883456,13634.590419506618,313897.93739296147,0.6115137972317277,808002.7943236843,11.609755539510521
Trujillo Alto,2005-2009,2,85,NA,0.1064957406908601,8.829246210235228,1,55962.29226883899,55962.29226883899,494104.85693072283,0,494104.85693072283,8.829246210235228
Trujillo Alto,2010-2014,1,0,1,0.007962496113447168,0.13340123713042185,0.00790792911493834,100000,790.7929114938306,99314.69984121341,0.9916098146419741,7781597.233014632,77.81597233014632
Trujillo Alto,2010-2014,1,1,4,3.687418737710511e-4,1.6291734095766908,0.0014736791708004969,99209.20708850617,146.20254203796503,396490.2074797736,0.9986634645481183,7682282.533173419,77.43517722422605
Trujillo Alto,2010-2014,1,5,5,1.3957705966869758e-4,2.5,6.976418613442172e-4,99063.0045464682,69.11049888216075,495142.2464851356,0.9991960785577441,7285792.3256936455,73.54705582623477
Trujillo Alto,2010-2014,1,10,5,1.8213794183060412e-4,2.5,9.102752200153381e-4,98993.89404758604,90.11168868432287,494744.1910162194,0.9976498641597018,6790650.07920851,68.59665582954305
Trujillo Alto,2010-2014,1,15,5,7.597017967091124e-4,2.5,0.003791308324181165,98903.78235890172,374.9747333503183,493581.4749611328,0.9947664878483399,6295905.88819229,63.65687679512324
Trujillo Alto,2010-2014,1,20,5,0.0013407197369903823,2.5,0.006681204627673928,98528.8076255514,658.2911254670325,490998.3103140894,0.9921682627039522,5802324.413231158,58.88962378680451
Trujillo Alto,2010-2014,1,25,5,0.0018061202406787866,2.5,0.008990008612098465,97870.51650008437,879.8567862062773,487152.9405349061,0.9905656532349203,5311326.102917068,54.2689084808548
Trujillo Alto,2010-2014,1,30,5,0.0019863584598632162,2.5,0.009882715759179405,96990.65971387809,958.5311212475499,482556.9707662716,0.9878695781343793,4824173.162382162,49.73853334551436
Trujillo Alto,2010-2014,1,35,5,0.0029010006480786753,2.5,0.014400563132939984,96032.12859263054,1382.9167305887968,476703.3511366807,0.9868283657717842,4341616.191615891,45.21003809082562
Trujillo Alto,2010-2014,1,40,5,0.0023992551545232196,2.5,0.011924749480969563,94649.21186204175,1128.6681400260568,470424.3889601436,0.9861770057023268,3864912.8404792096,40.834073146986235
Trujillo Alto,2010-2014,1,45,5,0.003173814179856024,2.5,0.015744148395709964,93520.54372201569,1472.4013184069045,463921.71531406115,0.9803021939237272,3394488.451519066,36.296714245043134
Trujillo Alto,2010-2014,1,50,5,0.004799854860897328,2.5,0.023714706432129123,92048.14240360878,2182.89467472439,454783.47533123294,0.9688416772094682,2930566.736205005,31.837326204315787
Trujillo Alto,2010-2014,1,55,5,0.007909934549253025,2.5,0.03878275020682509,89865.2477288844,3485.2214549437776,440613.18500706257,0.9501380626682613,2475783.260873772,27.549951994156785
Trujillo Alto,2010-2014,1,60,5,0.012666412236601907,2.5,0.061388142388189466,86380.02627394062,5302.709352400212,418643.3579887026,0.9322033785276879,2035170.0758667095,23.560655902239354
Trujillo Alto,2010-2014,1,65,5,0.015503308275012435,2.5,0.07462423507228076,81077.3169215404,6050.33275698284,390260.7527152449,0.9058108395913445,1616526.7178780069,19.938088472295416
Trujillo Alto,2010-2014,1,70,5,0.024477909646624323,2.5,0.11533184220117394,75026.98416455757,8653.000298496743,353502.420076546,0.8543927344695945,1226265.965162762,16.344332360116972
Trujillo Alto,2010-2014,1,75,5,0.03951929271320295,2.5,0.17982961552948373,66373.98386606082,11936.007999793866,302029.89933081943,0.7864678330612083,872763.545086216,13.149181264264723
Trujillo Alto,2010-2014,1,80,5,0.05835403831289566,2.5,0.25462430102147476,54437.975866266956,13861.231553972138,237536.80044640444,0.5838044555231859,570733.6457553966,10.48410850464882
Trujillo Alto,2010-2014,1,85,NA,0.12900645032354707,8.211522411570929,1,40576.74431229482,40576.74431229482,333196.8453089921,0,333196.8453089921,8.211522411570929
Trujillo Alto,2010-2014,2,0,1,0.005405051610280483,0.13792115957693882,0.005379983145057008,100000,537.9983145057049,99536.20303688136,0.9944224760544186,8499902.03148519,84.9990203148519
Trujillo Alto,2010-2014,2,1,4,0.00017505059497475151,1.5152467674229924,6.998979540124673e-4,99462.0016854943,69.61325148165633,397675.03499032796,0.9992983012346992,8400365.82844831,84.458041122185
Trujillo Alto,2010-2014,2,5,5,8.018048102881108e-5,2.5,4.008220598801351e-4,99392.38843401264,39.838661868532654,496862.3455153919,0.9995454615154395,8002690.793457981,80.51613327283134
Trujillo Alto,2010-2014,2,10,5,1.0168113078241039e-4,2.5,5.082764486019422e-4,99352.5497721441,50.4985611577431,496636.50245782617,0.9990264815987455,7505828.447942589,75.54741639904073
Trujillo Alto,2010-2014,2,15,5,2.8800660945338516e-4,2.5,0.001438996945688572,99302.05121098636,142.89534839321277,496153.0176839488,0.9979332685265352,7009191.945484764,70.58456356145538
Trujillo Alto,2010-2014,2,20,5,5.398016048988496e-4,2.5,0.0026953706110401563,99159.15586259315,267.27067452759366,495127.6026266468,0.9969097455339968,6513038.927800815,65.68267822717314
Trujillo Alto,2010-2014,2,25,5,6.984585962988997e-4,2.5,0.003486205555897045,98891.88518806556,344.75743957576924,493597.53234138835,0.9961778783514275,6017911.325174168,60.85343922536952
Trujillo Alto,2010-2014,2,30,5,8.335760923584352e-4,2.5,0.00415921291067875,98547.12774848979,409.87848604182363,491710.94252734433,0.9953781240548809,5524313.79283278,56.05758299655201
Trujillo Alto,2010-2014,2,35,5,0.001019888081881594,2.5,0.005086471330685473,98137.24926244796,499.17230484577885,489438.3155501254,0.9940473527951568,5032602.850305435,51.28127075221734
Trujillo Alto,2010-2014,2,40,5,0.0013693218901777967,2.5,0.00682325138218944,97638.07695760218,666.209143555272,486524.86192912277,0.9923862392538652,4543164.53475531,46.53066381805234
Trujillo Alto,2010-2014,2,45,5,0.0016890423727926383,2.5,0.008409701010589684,96971.86781404691,815.5044147545705,482820.57803334814,0.9879985915397121,4056639.672826187,41.83316011407754
Trujillo Alto,2010-2014,2,50,5,0.0031493172540594913,2.5,0.01562357726665742,96156.36339929234,1502.306373249623,477026.05106333765,0.9838300706569425,3573819.094792839,37.16674558450637
Trujillo Alto,2010-2014,2,55,5,0.003373198870560567,2.5,0.016724952872453985,94654.05702604272,1583.0846429471421,469312.57352284575,0.977004817930597,3096793.0437295013,32.716960487784085
Trujillo Alto,2010-2014,2,60,5,0.005961970555619525,2.5,0.02937206432149139,93070.97238309558,2733.686587300035,458520.6454472278,0.9651606368332754,2627480.4702066556,28.23093390914097
Trujillo Alto,2010-2014,2,65,5,0.008261603723534048,2.5,0.040472107336004225,90337.28579579554,3656.1403271707386,442546.07816105086,0.94961019351311,2168959.824759428,24.009574846672837
Trujillo Alto,2010-2014,2,70,5,0.01252547513966601,2.5,0.06072582613437555,86681.1454686248,5263.7841688562185,420246.26692098344,0.9202790640653167,1726413.746598377,19.91683124703597
Trujillo Alto,2010-2014,2,75,5,0.02104024745349755,2.5,0.09994411499020116,81417.36129976859,8137.186119942824,386743.8411989859,0.8648021906599321,1306167.4796773936,16.04286185188743
Trujillo Alto,2010-2014,2,80,5,0.038203969230602396,2.5,0.17436614870322076,73280.17517982576,12777.581922403559,334456.9210931199,0.6362319750157539,919423.6384784076,12.546689963857068
Trujillo Alto,2010-2014,2,85,NA,0.11120787185669331,9.668456935331884,1,60502.5932574222,60502.5932574222,584966.7173852877,0,584966.7173852877,9.668456935331884
Trujillo Alto,2015-2019,1,0,1,0.008051068325753363,0.13322449570937545,0.007995273558612096,100000,799.5273558612098,99306.98927292925,0.9916610082667935,7940863.471334592,79.40863471334592
Trujillo Alto,2015-2019,1,1,4,2.9608363587903334e-4,1.6289102407679017,0.0011835036755579197,99200.47264413879,117.40412399142224,396523.51486046746,0.9988394346722004,7841556.482061664,79.04757178115096
Trujillo Alto,2015-2019,1,5,5,1.2945423213626188e-4,2.5,6.470617484768249e-4,99083.06852014737,64.11286356109485,495255.0604418341,0.9992686127140734,7445032.967201197,75.13930561897503
Trujillo Alto,2015-2019,1,10,5,1.632200593105578e-4,2.5,8.157674225350646e-4,99018.95565658627,80.77643823809922,494892.8371873361,0.9983226970354289,6949777.906759362,70.18633816804041
Trujillo Alto,2015-2019,1,15,5,5.085541258608096e-4,2.5,0.002539541893035299,98938.17921834817,251.25765094562666,494062.7519643768,0.9953635565107731,6454885.069572026,65.24159955811034
Trujillo Alto,2015-2019,1,20,5,0.0013522931003707155,2.5,0.006738683812789539,98686.92156740255,665.0199609002739,491772.05793476204,0.9919827607180867,5960822.31760765,60.40134014654055
Trujillo Alto,2015-2019,1,25,5,0.0018695915754141645,2.5,0.009304468985000673,98021.90160650227,912.0417433484981,487829.4036741401,0.9899480743830796,5469050.259672887,55.79416610001879
Trujillo Alto,2015-2019,1,30,5,0.002173021724088444,2.5,0.010806402253303055,97109.85986315378,1049.4082084431284,482925.77879466105,0.9885625929487248,4981220.855998747,51.2946971915955
Trujillo Alto,2015-2019,1,35,5,0.002429730917955336,2.5,0.012075305233602103,96060.45165471065,1159.9592746083217,477402.36008703243,0.9876399999865769,4498295.077204086,46.827752729845685
Trujillo Alto,2015-2019,1,40,5,0.002545734364189399,2.5,0.012648174589206966,94900.49238010233,1200.3179962252325,471501.6669099485,0.9851713786291096,4020892.7171170535,42.36956644031184
Trujillo Alto,2015-2019,1,45,5,0.003436675341581791,2.5,0.017037000112456444,93700.17438387709,1596.3698815153039,464509.9472155972,0.98059731423971,3549391.050207105,37.88030356982821
Trujillo Alto,2015-2019,1,50,5,0.004409964110382114,2.5,0.021809374158636863,92103.80450236179,2008.7263338259509,455497.20667724404,0.9739591716113725,3084881.102991508,33.49352526379519
Trujillo Alto,2015-2019,1,55,5,0.00616695999189745,2.5,0.03036662554738807,90095.07816853584,2735.883502406592,443635.68208666274,0.960866910104816,2629383.896314264,29.184545368789426
Trujillo Alto,2015-2019,1,60,5,0.009872622177343351,2.5,0.048174099186706225,87359.19466612925,4208.45050871688,426274.84705885407,0.94203590933939,2185748.214227601,25.02024226048704
Trujillo Alto,2015-2019,1,65,5,0.014132172621993238,2.5,0.06824957613178553,83150.74415741237,5675.003043785939,401566.213177597,0.9140045582899405,1759473.367168747,21.16004354498493
Trujillo Alto,2015-2019,1,70,5,0.02217276038529531,2.5,0.10504117018378625,77475.74111362643,8138.142507431403,367033.3492995536,0.8784848930823537,1357907.15399115,17.52686885562843
Trujillo Alto,2015-2019,1,75,5,0.030089626571740323,2.5,0.13992258688769504,69337.59860619502,9701.89616555944,322433.2526170765,0.8196602087680783,990873.8046915964,14.290569973720809
Trujillo Alto,2015-2019,1,80,5,0.05129721983725736,2.5,0.2273323104261785,59635.702440635585,13557.122019717775,264285.7071538835,0.6046234682595677,668440.5520745199,11.208731090908499
Trujillo Alto,2015-2019,1,85,NA,0.1308244206139469,8.770991667468264,1,46078.58042091781,46078.58042091781,404154.8449206364,0,404154.8449206364,8.770991667468264
Trujillo Alto,2015-2019,2,0,1,0.005493313724448307,0.13773975710155312,0.005467416398939486,100000,546.7416398939386,99528.56642078236,0.9943949232863132,8625812.101128161,86.25812101128162
Trujillo Alto,2015-2019,2,1,4,1.4586442980754844e-4,1.5151045135189254,5.832463170163698e-4,99453.25836010606,58.00574665381282,397668.89522237424,0.999374383163599,8526283.534707379,85.73156551427327
Trujillo Alto,2015-2019,2,5,5,7.233566943410334e-5,2.5,3.616129533828692e-4,99395.25261345225,35.94261084978643,496886.4065401368,0.9995886833082488,8128614.639485003,81.78071312014423
Trujillo Alto,2015-2019,2,10,5,9.222894256992813e-5,2.5,4.6103841013701293e-4,99359.31000260246,45.808458315907046,496682.02886722254,0.9990776391808285,7631728.232944867,76.80939242376958
Trujillo Alto,2015-2019,2,15,5,2.7697085216076293e-4,2.5,0.0013838960136583027,99313.50154428656,137.4395588895859,496223.9088242088,0.9981452536489382,7135046.204077644,71.84366771013441
Trujillo Alto,2015-2019,2,20,5,4.657916135595885e-4,2.5,0.002326249199377643,99176.06198539697,230.70823479095998,495303.53934000747,0.9974678943466443,6638822.295253435,66.93976512427928
Trujillo Alto,2015-2019,2,25,5,5.484393541719105e-4,2.5,0.0027384420973213222,98945.35375060601,270.95612204499776,494049.3784479175,0.9969318848652357,6143518.755913428,62.09001760101142
Trujillo Alto,2015-2019,2,30,5,6.808957663397674e-4,2.5,0.0033986934417598847,98674.39762856101,335.36402808981074,492533.57807258057,0.995580764067873,5649469.377465511,57.253649510299
Trujillo Alto,2015-2019,2,35,5,0.0010916227449698928,2.5,0.005443258762170609,98339.0336004712,535.2848063091515,490356.95598658314,0.9942272748405204,5156935.79939293,52.44037500250786
Trujillo Alto,2015-2019,2,40,5,0.0012245362299250855,2.5,0.006103994742850696,97803.74879416205,596.9935684706579,487526.26004963357,0.9929468134880621,4666578.843406347,47.713701171390035
Trujillo Alto,2015-2019,2,45,5,0.0016080804663050952,2.5,0.008008207725491783,97206.75522569139,778.4518881683762,484087.646408036,0.9902393662354888,4179052.5833567134,42.99138031769427
Trujillo Alto,2015-2019,2,50,5,0.0023188060561847236,2.5,0.011527206888066261,96428.30333752302,1111.5490024368482,479362.64418152295,0.9851437532470859,3694964.936948677,38.318261434253195
Trujillo Alto,2015-2019,2,55,5,0.0036783389561544067,2.5,0.01822410865872063,95316.75433508617,1737.0628879991855,472241.11445543286,0.9787445758732516,3215602.292767154,33.73596085177953
Trujillo Alto,2015-2019,2,60,5,0.004928589964589142,2.5,0.024343008059866285,93579.69144708698,2278.01118313623,462203.4292775943,0.9679655408216276,2743361.1783117214,29.31577499230063
Trujillo Alto,2015-2019,2,65,5,0.00814615125665189,2.5,0.03991781488846822,91301.68026395075,3644.563571782506,447396.99239029747,0.947078754301869,2281157.749034127,24.984838640859184
Trujillo Alto,2015-2019,2,70,5,0.013750014941682204,2.5,0.06646532662298639,87657.11669216825,5826.158891774205,423720.1862314057,0.9203778560793254,1833760.7566438296,20.91970196879254
Trujillo Alto,2015-2019,2,75,5,0.019664578528308004,2.5,0.0937156936011532,81830.95780039404,7668.8449683106155,389982.6765811937,0.8782230199427749,1410040.570412424,17.231138536247638
Trujillo Alto,2015-2019,2,80,5,0.03307384665967273,2.5,0.15273998610063155,74162.11283208343,11327.520083165895,342491.7639525024,0.6642428179579697,1020057.8938312302,13.7544341022326
Trujillo Alto,2015-2019,2,85,NA,0.1042270918737339,10.783329695256128,1,62834.59274891753,62834.59274891753,677566.1298787278,0,677566.1298787278,10.783329695256128
Trujillo Alto,2020-2024,1,0,1,0.009578218910335334,0.13017714307537137,0.009499078725300788,100000,949.9078725300787,99173.74842050069,0.99020424909238,7853175.681765366,78.53175681765366
Trujillo Alto,2020-2024,1,1,4,2.891765086246969e-4,1.6243792758006688,0.0011559119533793934,99050.09212746992,114.49318547347502,395928.3761256893,0.9987700772251298,7754001.933344866,78.2836418099042
Trujillo Alto,2020-2024,1,5,5,1.4949248843397196e-4,2.5,7.471831964814647e-4,98935.59894199645,73.92301706329454,494493.187167324,0.9991796718361071,7358073.557219177,74.37235571326593
Trujillo Alto,2020-2024,1,10,5,1.787854398547639e-4,2.5,8.93527824860844e-4,98861.67592493315,88.33565825129335,494087.5404790375,0.9982965115052285,6863580.370051852,69.42609768484454
Trujillo Alto,2020-2024,1,15,5,5.034676093338582e-4,2.5,0.0025141735343223513,98773.34026668186,248.33331799511507,493245.8680384215,0.9952399836832484,6369492.829572815,64.48595149638133
Trujillo Alto,2020-2024,1,20,5,0.0014072373903061504,2.5,0.007011519769574212,98525.00694868674,690.8100340181554,490898.0096583883,0.9918118358621348,5876246.961534394,59.64218774016254
Trujillo Alto,2020-2024,1,25,5,0.0018834502647532205,2.5,0.00937311682535043,97834.19691466859,917.0113571955299,486878.4561803541,0.9898349524656128,5385348.951876005,55.045670345443014
Trujillo Alto,2020-2024,1,30,5,0.002204982500936172,2.5,0.01096447133611051,96917.18555747306,1062.6457030214224,481929.31352981174,0.9891259700187931,4898470.4956956515,50.54284714851526
Trujillo Alto,2020-2024,1,35,5,0.0021682066355065335,2.5,0.010782585991297042,95854.53985445164,1033.5598186368297,476688.7997256661,0.9888465799527358,4416541.18216584,46.07545129184331
Trujillo Alto,2020-2024,1,40,5,0.0023190264596038217,2.5,0.011528296237993962,94820.9800358148,1093.1243474297808,471372.0893104996,0.9838633062735671,3939852.3824401735,41.55042882864165
Trujillo Alto,2020-2024,1,45,5,0.0042034813216413995,2.5,0.020798837792772574,93727.85568838503,1949.4304671271238,463765.7022741073,0.9764710780505542,3468480.2931296737,37.00586413351069
Trujillo Alto,2020-2024,1,50,5,0.005333580866045205,2.5,0.026316994780690765,91778.4252212579,2415.332337527856,452853.7952624699,0.9660627823254735,3004714.5908555663,32.738790010962276
Trujillo Alto,2020-2024,1,55,5,0.008530818446320022,2.5,0.0417634022263657,89363.09288373005,3732.1067922952934,437485.197437912,0.9555505727208987,2551860.7955930964,28.55609304965879
Trujillo Alto,2020-2024,1,60,5,0.009679186773950028,2.5,0.047252518977932575,85630.98609143475,4046.279795384602,418039.23096871225,0.9375724848726562,2114375.5981551846,24.69171143139125
Trujillo Alto,2020-2024,1,65,5,0.01631001285096848,2.5,0.07835513126035318,81584.70629605015,6392.580370664378,391942.0805535898,0.9076559391740384,1696336.3671864723,20.79233283050501
Trujillo Alto,2020-2024,1,70,5,0.022726245253446076,2.5,0.10752228189579534,75192.12592538577,8084.828960093466,355748.5572266952,0.8731967091298617,1304394.2866328827,17.347485133313718
Trujillo Alto,2020-2024,1,75,5,0.03206044045047563,2.5,0.14840720162692383,67107.2969652923,9959.206151365986,310638.4694480465,0.8136558796132906,948645.7294061874,14.13625302024643
Trujillo Alto,2020-2024,1,80,5,0.05220537178984865,2.5,0.23089231153189313,57148.09081392632,13195.054787661997,252752.8171004766,0.6038402178729761,638007.2599581409,11.164104537376181
Trujillo Alto,2020-2024,1,85,NA,0.12304831248228423,8.765138376958848,1,43953.03602626432,43953.03602626432,385254.44285766425,0,385254.44285766425,8.765138376958848
Trujillo Alto,2020-2024,2,0,1,0.00462267483937081,0.13952915508288635,0.004604360182120871,100000,460.4360182120872,99603.80823037877,0.9951992327730714,8586414.86138324,85.86414861383241
Trujillo Alto,2020-2024,2,1,4,1.6435110061096381e-4,1.5165087059836893,6.571361827642948e-4,99539.56398178791,65.41104910902504,397995.8081561569,0.999363918054111,8486811.053152861,85.26068141815084
Trujillo Alto,2020-2024,2,5,5,7.0513080960254865e-05,2.5,3.5250326457319034e-4,99474.15293267889,35.0649636494054,497283.1022542709,0.9996098145953102,8088815.244996704,81.31574893099085
Trujillo Alto,2020-2024,2,10,5,8.559447863195343e-5,2.5,4.278808325678165e-4,99439.08796902948,42.54807974997675,497089.06964577246,0.9991014546035504,7591532.142742434,76.34354153677307
Trujillo Alto,2020-2024,2,15,5,2.740699442345665e-4,2.5,0.0013694114348838504,99396.5398892795,136.11475831226562,496642.41255061683,0.9981671754089795,7094443.073096661,71.37515129801653
Trujillo Alto,2020-2024,2,20,5,4.5990281335947216e-4,2.5,0.0022968732206570855,99260.42513096724,227.98861235436925,495732.1541239503,0.9971479850611352,6597800.660546044,66.46959905562267
Trujillo Alto,2020-2024,2,25,5,6.828506624768465e-4,2.5,0.0034084346826815373,99032.43651861287,337.5455913404876,494318.31861471315,0.9962419413779072,6102068.506422094,61.616867371280186
Trujillo Alto,2020-2024,2,30,5,8.234674252176525e-4,2.5,0.004108878307487265,98694.89092727238,405.52529639088607,492460.64139538474,0.9954994020177936,5607750.18780738,56.819052487121084
Trujillo Alto,2020-2024,2,35,5,9.81187699043356e-4,2.5,0.00489393382604167,98289.3656308815,481.0216512011539,490244.2740264046,0.9943573609916238,5115289.546411996,52.04316370930799
Trujillo Alto,2020-2024,2,40,5,0.00128310801967085,2.5,0.00639502632444699,97808.34397968034,625.4869345006155,487478.0025621501,0.9930456719871622,4625045.272385591,47.286817097592845
Trujillo Alto,2020-2024,2,45,5,0.0015091180876559847,2.5,0.007517229470871044,97182.85704517973,730.545837043479,484087.92063328996,0.9910032823470939,4137567.269823441,42.57507337842425
Trujillo Alto,2020-2024,2,50,5,0.0021085389026739157,2.5,0.010487411724346718,96452.31120813625,1011.5350994045584,479732.71829216985,0.9873220360084214,3653479.349190151,37.87860864532566
Trujillo Alto,2020-2024,2,55,5,0.003000689325171937,2.5,0.014891732965502452,95440.77610873169,1421.2785518315359,473650.6841640796,0.9810049383285887,3173746.630897981,33.25357106570743
Trujillo Alto,2020-2024,2,60,5,0.004686352905853275,2.5,0.023160419777948447,94019.49755690015,2177.531030729602,464653.66020767676,0.9710613341132481,2700095.9467339017,28.718468157094932
Trujillo Alto,2020-2024,2,65,5,0.0070944163945508894,2.5,0.03485391156863753,91841.96652617055,3201.051779592919,451207.20318187046,0.9514225078639701,2235442.286526225,24.340096048457667
Trujillo Alto,2020-2024,2,70,5,0.012966458495456256,2.5,0.06279666655106286,88640.91474657763,5566.3539661220275,429288.6888175831,0.9167345978973296,1784235.0833443543,20.128798179096435
Trujillo Alto,2020-2024,2,75,5,0.022187121978666614,2.5,0.10510563124086832,83074.5607804556,8731.604150887666,393543.7935250589,0.8680882422777575,1354946.3945267713,16.310003709890697
Trujillo Alto,2020-2024,2,80,5,0.03522404707383032,2.5,0.16186627237467416,74342.95662956794,12033.617266940237,341630.7399804891,0.6446538217968888,961402.6010017124,12.931993084323203
Trujillo Alto,2020-2024,2,85,NA,0.09965730057784798,9.946692861150026,1,62309.3393626277,62309.3393626277,619771.8610212234,0,619771.8610212234,9.946692861150026
Utuado,1980-1984,1,0,1,0.016360591638081817,0.11664325741578965,0.01612751296723324,100000,1612.7512967233197,98575.36526792802,0.9833291634947022,7275057.867901883,72.75057867901883
Utuado,1980-1984,1,1,4,4.882525072771704e-4,1.6044078034297262,0.001950728352090862,98387.24870327668,191.9267955296964,393089.21647942305,0.9980921788487733,7176482.502633955,72.94118493217861
Utuado,1980-1984,1,5,5,2.0380871399407194e-4,2.5,0.0010185246094932794,98195.32190774698,100.01435190015764,490726.5736589845,0.9988572452440515,6783393.286154532,69.08061559722191
Utuado,1980-1984,1,10,5,2.535829715320475e-4,2.5,0.0012671115628717985,98095.30755584683,124.29769846748968,490165.7935330654,0.9971963535906079,6292666.712495548,64.14849873336763
Utuado,1980-1984,1,15,5,8.703156495707598e-4,2.5,0.004342130687130072,97971.00985737934,425.40292835084256,488791.5419660196,0.993630777652373,5802500.918962482,59.226713365611275
Utuado,1980-1984,1,20,5,0.0016881253350898716,2.5,0.008405154290690721,97545.6069290285,819.885876617569,485678.31995359855,0.9896278435108187,5313709.376996462,54.47410236385706
Utuado,1980-1984,1,25,5,0.002486527917255116,2.5,0.012355831784592338,96725.72105241093,1195.126738566978,480640.78841563716,0.9883690994392105,4828031.057042864,49.91465563153353
Utuado,1980-1984,1,30,5,0.0021913193242176785,2.5,0.010896900151398815,95530.59431384395,1040.9873476417415,475050.5032001154,0.9867432502502586,4347390.268627227,45.50783233217277
Utuado,1980-1984,1,35,5,0.0031531815139245107,2.5,0.01564259769491911,94489.6069662022,1478.0629081233346,468752.87756070273,0.9835686316497333,3872339.7654271116,40.98164750343602
Utuado,1980-1984,1,40,5,0.003476489302476879,2.5,0.017232673499697457,93011.54405807887,1602.8375704555947,461050.6263642554,0.9795745796340868,3403586.887866409,36.59316617452474
Utuado,1980-1984,1,45,5,0.004791548230704062,2.5,0.023674151556016192,91408.70648762328,2164.0235709273984,451633.4735107979,0.969192917136677,2942536.2615021532,32.19098458526565
Utuado,1980-1984,1,50,5,0.007770676798665665,2.5,0.03811297496755702,89244.68291669588,3401.380365991601,437719.96366850036,0.9541754761806531,2490902.7879913556,27.910937734144362
Utuado,1980-1984,1,55,5,0.011066237807052974,2.5,0.05384162837643341,85843.30255070428,4621.943194540756,417661.6547671695,0.9372037865750049,2053182.824322855,23.91779863210785
Utuado,1980-1984,1,60,5,0.01499380152346456,2.5,0.072260363737586,81221.35935616352,5869.084970337557,391434.0843549737,0.9080741093019763,1635521.1695556857,20.136589470064976
Utuado,1980-1984,1,65,5,0.023981032531017025,2.5,0.11312313849446863,75352.27438582596,8524.085771220984,355451.1575010774,0.8668092724531463,1244087.085200712,16.5102791566797
Utuado,1980-1984,1,70,5,0.033796660255855634,2.5,0.15581798271993233,66828.18861460498,10413.033538754906,308108.35922613763,0.8015658685067604,888635.9276996346,13.297321775760768
Utuado,1980-1984,1,75,5,0.056859946427541525,2.5,0.24891631175883605,56415.155075850074,14042.65232878337,246969.14455729193,0.7018506826077056,580527.5684734969,10.290276924577778
Utuado,1980-1984,1,80,5,0.08890748712750655,2.5,0.36369861157114813,42372.502747066705,15410.820417902822,173335.46269057645,0.4803445205925275,333558.423916205,7.8720491425136805
Utuado,1980-1984,1,85,NA,0.1867099871800909,5.942617351155375,1,26961.682329163883,26961.682329163883,160222.96122562856,0,160222.96122562856,5.942617351155375
Utuado,1980-1984,2,0,1,0.009917211483529177,0.128647452754247,0.009832247225379339,100000,983.2247225379397,99143.26463350157,0.9897652957202205,7832020.217253968,78.32020217253968
Utuado,1980-1984,2,1,4,3.323099474629745e-4,1.508002933764308,0.0013281399366981584,99016.77527746206,131.5081336490548,395739.3832266087,0.998738719528899,7732876.952620466,78.0966349484884
Utuado,1980-1984,2,5,5,1.3585902201394942e-4,2.5,6.790644674836553e-4,98885.267143813,67.14947127499909,494258.46204087755,0.9992686934195126,7337137.569393857,74.19849064798652
Utuado,1980-1984,2,10,5,1.5677826315653546e-4,2.5,7.835841933604972e-4,98818.117672538,77.43231502582785,493897.0075751255,0.9984163362281654,6842879.10735298,69.24721163004551
Utuado,1980-1984,2,15,5,4.774433553222129e-4,2.5,0.002384370771657184,98740.68535751218,235.4344041398581,493114.84077721124,0.9967961570680974,6348982.099777855,64.29955470523605
Utuado,1980-1984,2,20,5,8.066782879700114e-4,2.5,0.004025273687632681,98505.25095337232,396.5105947562697,491534.97827997094,0.9954079551120464,5855867.259000643,59.44725994122416
Utuado,1980-1984,2,25,5,0.0010348919374423451,2.5,0.005161106717885179,98108.74035861605,506.3496789480996,489277.82759571,0.9944329495111268,5364332.280720673,54.67741468407885
Utuado,1980-1984,2,30,5,0.0011986009300003007,2.5,0.0059751002482156135,97602.39067966795,583.184068776507,486553.9932263985,0.9932186805607883,4875054.453124963,49.94810495088119
Utuado,1980-1984,2,35,5,0.0015242633624546953,2.5,0.007592384827209047,97019.20661089144,736.6071522204002,483254.5151739062,0.9911107372621418,4388500.459898564,45.233316300959196
Utuado,1980-1984,2,40,5,0.002049661714189687,2.5,0.010196062374238517,96282.59945867104,981.7033896344365,478958.7388192691,0.9885841637114949,3905245.9447246576,40.5602462613296
Utuado,1980-1984,2,45,5,0.0025457344893770597,2.5,0.012648175207253327,95300.89606903661,1205.3824308894255,473491.02426795947,0.9831779258394848,3426287.2059053886,35.95230839617041
Utuado,1980-1984,2,50,5,0.004254667507162867,2.5,0.021049441597789247,94095.51363814718,1980.658018940143,465525.92314338556,0.9722471738026289,2952796.181637429,31.380839186368377
Utuado,1980-1984,2,55,5,0.007041895472946308,2.5,0.034600347292330955,92114.85561920704,3187.2059952074924,452606.26310801646,0.9609601246147561,2487270.2584940437,27.00183636802464
Utuado,1980-1984,2,60,5,0.0089223834179264,2.5,0.043638518113632126,88927.64962399955,3880.6708489196462,434936.5709976986,0.9453357721025986,2034663.995386027,22.879992937954786
Utuado,1980-1984,2,65,5,0.013691757069814415,2.5,0.06619303786371455,85046.9787750799,5629.517886253379,411161.09915976605,0.9034430553711928,1599727.4243883286,18.809926553876288
Utuado,1980-1984,2,70,5,0.027595564140415203,2.5,0.12907320119604088,79417.46088882652,10250.665907782226,371460.63967467705,0.8448456737653571,1188566.3252285626,14.966057991861403
Utuado,1980-1984,2,75,5,0.04079581327537738,2.5,0.18510072939323088,69166.7949810443,12802.824200783354,313826.9144032631,0.7657055426760138,817105.6855538854,11.813554260795511
Utuado,1980-1984,2,80,5,0.06911530177679484,2.5,0.29466232081971144,56363.97078026094,16608.338440726096,240299.00779948948,0.5225329944871204,503278.7711506224,8.929086510116392
Utuado,1980-1984,2,85,NA,0.1472371878457674,6.614905810204247,1,39755.632339534845,39755.632339534845,262979.7633511329,0,262979.7633511329,6.614905810204247
Utuado,1985-1989,1,0,1,0.013197353072754452,0.12295534181097215,0.01304634594958318,100000,1304.6345949583192,98855.7771976032,0.9862906652744198,7236790.782667535,72.36790782667535
Utuado,1985-1989,1,1,4,5.228057947123761e-4,1.613691359653906,0.0020886174698519625,98695.36540504168,206.1368643783935,394289.5554396067,0.9980822869672229,7137935.005469932,72.32289962326136
Utuado,1985-1989,1,5,5,2.003425332624577e-4,2.5,0.0010012112033402688,98489.22854066329,98.60851902325521,492199.6214057583,0.9988731865420288,6743645.450030326,68.47089321291692
Utuado,1985-1989,1,10,5,2.506653029628117e-4,2.5,0.0012525415930193392,98390.62002164003,123.23834394007281,491645.00424835,0.9970752378432662,6251445.828624567,63.53701020737164
Utuado,1985-1989,1,15,5,9.219360032640001e-4,2.5,0.004599079873027922,98267.38167769996,451.9395372490544,490207.0595453772,0.9933203498793818,5759800.824376217,58.61355748001274
Utuado,1985-1989,1,20,5,0.0017616915280108277,2.5,0.008769833287542312,97815.4421404509,857.8251205190027,486932.64790095703,0.990239641961537,5269593.76483084,53.87282058454895
Utuado,1985-1989,1,25,5,0.002163568894424855,2.5,0.010759646381558897,96957.6170199319,1043.2296731330716,482180.01091682684,0.9888493228023559,4782661.116929883,49.32733769587897
Utuado,1985-1989,1,30,5,0.0023226005536657627,2.5,0.01154596112905147,95914.38734679883,1107.4237880229339,476803.3772639368,0.9864960328761834,4300481.106013056,44.836663455543466
Utuado,1985-1989,1,35,5,0.0031211339866050567,2.5,0.015484844248869204,94806.9635587759,1468.071064415868,470364.64013283985,0.9841573897354331,3823677.728749119,40.33119071869248
Utuado,1985-1989,1,40,5,0.003267678679002922,2.5,0.01620600336583861,93338.89249436003,1512.6504059272556,462912.836456982,0.9746639275928146,3353313.0886162794,35.92621466789851
Utuado,1985-1989,1,45,5,0.0070452492284498675,2.5,0.03461654074972778,91826.24208843277,3178.7068511485995,451184.44331429235,0.9649743528743693,2890400.2521592975,31.4768435081522
Utuado,1985-1989,1,50,5,0.007217818381447923,2.5,0.035449423161964234,88647.53523728417,3142.503988891607,435381.4162141918,0.9525155859546545,2439215.808845005,27.515889779855918
Utuado,1985-1989,1,55,5,0.012362996900347784,2.5,0.05996171816228915,85505.03124839257,5127.0285851738445,414707.5847790282,0.9316874324456706,2003834.3926308132,23.435280513607015
Utuado,1985-1989,1,60,5,0.016059066163540248,2.5,0.07719608810172118,80378.00266321872,6204.867375030211,386377.8448785181,0.9139896711798209,1589126.807851785,19.77066803351877
Utuado,1985-1989,1,65,5,0.02007141430914718,2.5,0.09556191459567316,74173.13528818851,7088.126819703175,353145.3593916846,0.8661054064928849,1202748.962973267,16.215425683438724
Utuado,1985-1989,1,70,5,0.03866321909857972,2.5,0.17627746031695912,67085.00846848534,11825.574918166298,305861.10504701093,0.7796837388524402,849603.6035815824,12.664582191723245
Utuado,1985-1989,1,75,5,0.06344019106162907,2.5,0.2737794100951969,55259.43355031904,15128.895119601075,238474.92995259247,0.6824640916855897,543742.4985345715,9.839813107013512
Utuado,1985-1989,1,80,5,0.09315387144709092,2.5,0.37778825977273156,40130.53843071796,15160.846277483666,162750.57645988066,0.4668592631183017,305267.568581979,7.606864510651859
Utuado,1985-1989,1,85,NA,0.13374940483052794,5.707599086424391,1,24969.692153234297,24969.692153234297,142516.99212209837,0,142516.99212209837,5.707599086424391
Utuado,1985-1989,2,0,1,0.009320869996187435,0.12987309552293586,0.00924588274576758,100000,924.5882745767594,99195.49086672673,0.9904770571325151,7859901.1265465645,78.59901126546565
Utuado,1985-1989,2,1,4,2.621321914343071e-4,1.5089569487726362,0.0010478445415113861,99075.41172542324,103.81562937448325,396043.03769953083,0.9989156518407909,7760705.635679837,78.33129835672842
Utuado,1985-1989,2,5,5,1.2651095276367197e-4,2.5,6.323547643090665e-4,98971.59609604876,62.58516032260377,494701.5175794373,0.9992657972595664,7364662.5979803065,74.41188066557135
Utuado,1985-1989,2,10,5,1.6729297036704075e-4,2.5,8.361151613629203e-4,98909.01093572615,82.69932363877888,494338.3063695338,0.9984966223217072,6869961.080400869,69.45738325970282
Utuado,1985-1989,2,15,5,4.347116367212114e-4,2.5,0.0021711985703955984,98826.31161208737,214.57154648963478,493595.1291942128,0.9966962791107717,6375622.7740313355,64.51341419132288
Utuado,1985-1989,2,20,5,8.897160926107677e-4,2.5,0.004438707489344685,98611.74006559774,437.70866916647356,491964.4286550725,0.9954458679253254,5882027.644837123,59.64835060130088
Utuado,1985-1989,2,25,5,9.362003171517479e-4,2.5,0.00467007128022457,98174.03139643127,458.4797244883375,489723.9576709355,0.9945743184393322,5390063.21618205,54.90314637703658
Utuado,1985-1989,2,30,5,0.0012408045173052903,2.5,0.006184837151834467,97715.55167194293,604.3547742926457,487066.871423983,0.9930407166703693,4900339.258511115,50.14902105821247
Utuado,1985-1989,2,35,5,0.0015537216034003953,2.5,0.0077385491395592036,97111.19689765028,751.499769193877,483677.2350652667,0.9913656054113081,4413272.387087132,45.44555651742684
Utuado,1985-1989,2,40,5,0.0019165847813411387,2.5,0.00953722664808091,96359.6971284564,919.004271254511,479500.97496414575,0.9880515952268192,3929595.1520218654,40.78048467486724
Utuado,1985-1989,2,45,5,0.002897396392820998,2.5,0.01438280027998029,95440.6928572019,1372.7044239480747,473771.7032261393,0.9829141097051217,3450094.1770577193,36.14908980407069
Utuado,1985-1989,2,50,5,0.004005395472765644,2.5,0.01982842564802158,94067.98843325382,1865.220114507727,465676.89187999984,0.9746673515691147,2976322.47383158,31.640120336403676
Utuado,1985-1989,2,55,5,0.006286928447663257,2.5,0.03094821914002641,92202.7683187461,2853.5114792456297,453880.0628956164,0.9611790474725134,2510645.5819515805,27.229611732179755
Utuado,1985-1989,2,60,5,0.009614704552322904,2.5,0.04694511425233638,89349.25683950046,4194.511070691704,436260.00652077305,0.9442849327589814,2056765.519055964,23.019391451129422
Utuado,1985-1989,2,65,5,0.013418960638355062,2.5,0.06491700631066855,85154.74576880876,5527.991168457142,411953.750922901,0.9092678361816814,1620505.512535191,19.030125660110468
Utuado,1985-1989,2,70,5,0.02515639944444482,2.5,0.1183395074251117,79626.75460035162,9422.990917265852,374576.2957085935,0.8547143896991709,1208551.7616122898,15.177709648949488
Utuado,1985-1989,2,75,5,0.03856006763556044,2.5,0.17584851189690856,70203.76368308577,12345.227373232861,320155.74998234666,0.7696386930405348,833975.4659036964,11.879355495361093
Utuado,1985-1989,2,80,5,0.06962287061807523,2.5,0.2965054513910019,57858.536309852905,17155.37142537561,246404.2529858255,0.5204460915946196,513819.7159213497,8.880620712035707
Utuado,1985-1989,2,85,NA,0.13889881612251676,6.569893611332095,1,40703.16488447729,40703.16488447729,267415.46293552424,0,267415.46293552424,6.569893611332095
Utuado,1990-1994,1,0,1,0.01180943009422145,0.12572487271848581,0.011688747389264871,100000,1168.87473892649,98978.0818888489,0.987620649778302,7282769.645193058,72.82769645193058
Utuado,1990-1994,1,1,4,5.233577661589604e-4,1.617781804116145,0.0020908243244049996,98831.12526107351,206.63852070416033,394832.24300030206,0.9980874457567994,7183791.563304209,72.68754194923328
Utuado,1990-1994,1,5,5,2.0820905017817693e-4,2.5,0.0010405036452016986,98624.48674036935,102.61913795951114,492865.885856948,0.9988276603877652,6788959.320303908,68.83644766817352
Utuado,1990-1994,1,10,5,2.6103281382348307e-4,2.5,0.001304312897952768,98521.86760240984,128.50334264420962,492288.07965543866,0.9975432319999651,6296093.43444696,63.90554287759927
Utuado,1990-1994,1,15,5,7.234517392731391e-4,2.5,0.003610728227325442,98393.36425976563,355.2716977142409,491078.64205454255,0.993437394789962,5803805.354791521,58.98573952069627
Utuado,1990-1994,1,20,5,0.0019141521697440414,2.5,0.009525179242434937,98038.09256205139,933.8304042399686,487855.886799657,0.9895908915787307,5312726.712736978,54.190433268317484
Utuado,1990-1994,1,25,5,0.002273152691588527,2.5,0.011301538153262188,97104.26215781142,1097.4275236208778,482777.7419800049,0.9886220785940085,4824870.825937321,49.687528834687626
Utuado,1990-1994,1,30,5,0.0023042332556924222,2.5,0.011455177774517331,96006.83463419054,1099.7753583033482,477284.7347751944,0.9854579926059001,4342093.083957316,45.22691640133486
Utuado,1990-1994,1,35,5,0.0035644032808126473,2.5,0.017664606946675744,94907.0592758872,1676.4958985733974,470344.0566330025,0.9811210515475056,3864808.349182122,40.72203246702055
Utuado,1990-1994,1,40,5,0.0040638982252966934,2.5,0.020115126558674923,93230.5633773138,1875.3445814712322,461464.4554328909,0.9764064051627337,3394464.2925491193,36.40935085645003
Utuado,1990-1994,1,45,5,0.005503384329718942,2.5,0.027143469289736356,91355.21879584256,2479.697575842103,450576.85003960755,0.9683916703214879,2932999.8371162284,32.10544373683559
Utuado,1990-1994,1,50,5,0.0073729956178945665,2.5,0.03619776321555809,88875.52122000046,3217.0950727808813,436334.8684180501,0.954674593677123,2482422.987076621,27.931459112703116
Utuado,1990-1994,1,55,5,0.011267888537624922,2.5,0.05479585861999083,85658.42614721958,4693.727008773974,416557.81321416295,0.9346213000032458,2046088.118658571,23.886594824214917
Utuado,1990-1994,1,60,5,0.015924729578734306,2.5,0.07657505527436914,80964.6991384456,6199.876311799133,389323.80491273024,0.8998090790069438,1629530.305444408,20.126429453631296
Utuado,1990-1994,1,65,5,0.02684084811095996,2.5,0.12576513344375378,74764.82282664647,9402.807919691804,350317.0943340029,0.8531834374807138,1240206.5005316779,16.588101912677356
Utuado,1990-1994,1,70,5,0.037372709661250704,2.5,0.17089639493143602,65362.01490695467,11170.132713053325,298884.74275214004,0.8045156834319374,889889.4061976749,13.61477927913432
Utuado,1990-1994,1,75,5,0.05073986474923434,2.5,0.22514034687152895,54191.88219390134,12200.77915475599,240457.46308261674,0.7219271548382488,591004.6634455349,10.905778495216124
Utuado,1990-1994,1,80,5,0.08378861067917441,2.5,0.34638521382943027,41991.10303914535,14545.097205148002,173592.77218285674,0.504794869269708,350547.20036291814,8.348130317894427
Utuado,1990-1994,1,85,NA,0.17169415241945385,6.44736539263094,1,27446.00583399735,27446.00583399735,176954.4281800614,0,176954.4281800614,6.44736539263094
Utuado,1990-1994,2,0,1,0.006210988278414948,0.1362647421210221,0.006177846297976305,100000,617.7846297976357,99466.39763346808,0.9934584456695558,7897255.313100033,78.97255313100034
Utuado,1990-1994,2,1,4,2.6937224320691244e-4,1.5139486440731926,0.0010767678901961518,99382.21537020236,107.01157836719358,397262.8252013098,0.9989798417705165,7797788.915466566,78.46261915594776
Utuado,1990-1994,2,5,5,1.2376587917959292e-4,2.5,6.186379802141769e-4,99275.20379183517,61.41541155913728,496222.48043027805,0.9993161983470836,7400526.090265255,74.54556432624425
Utuado,1990-1994,2,10,5,1.4985725462529737e-4,2.5,7.490056632954862e-4,99213.78838027603,74.31168937383336,495883.16267794557,0.998417850439503,6904303.609834977,69.59016203848105
Utuado,1990-1994,2,15,5,4.8376796284329844e-4,2.5,0.0024159179549478383,99139.4766909022,239.51284178167407,495098.6013500568,0.9967579945881145,6408420.447157032,64.64045061622882
Utuado,1990-1994,2,20,5,8.15678636464637e-4,2.5,0.004070093461610559,98899.96384912053,402.5320962158439,493493.489005063,0.9954075935078515,5913321.845806975,59.790940417614316
Utuado,1990-1994,2,25,5,0.001025995749937728,2.5,0.005116854073357849,98497.43175290468,503.99698488012655,491227.1663023231,0.9944134840432752,5419828.356801912,55.02507284046096
Utuado,1990-1994,2,30,5,0.00121540048696644,2.5,0.00605859339143649,97993.43476802456,593.7023762897152,488482.9178993985,0.99323693062348,4928601.190499589,50.29521826810994
Utuado,1990-1994,2,35,5,0.0014999716761502336,2.5,0.007471839511660591,97399.73239173484,727.7551689097309,485179.2740363999,0.9911554935063845,4440118.272600191,45.58655515337916
Utuado,1990-1994,2,40,5,0.0020560153625206776,2.5,0.010227507033649708,96671.97722282511,988.7133270032791,480888.1027966173,0.9881088629977306,3954938.9985637907,40.91091453987552
Utuado,1990-1994,2,45,5,0.002732937168678495,2.5,0.013571957575120539,95683.26389582183,1298.609198243139,475169.7964835013,0.9836583360596864,3474050.8957671733,36.30782181040203
Utuado,1990-1994,2,50,5,0.0038669203197970172,2.5,0.019149477836585597,94384.65469757869,1807.4168532450713,467404.7313547808,0.9778925203050511,2998881.099283672,31.7729731479391
Utuado,1990-1994,2,55,5,0.005088566948676783,2.5,0.02512323162811695,92577.23784433362,2325.8393898544746,457071.59074703197,0.9646705342863627,2531476.367928891,27.344479343675246
Utuado,1990-1994,2,60,5,0.009374412315255386,2.5,0.04579872133305801,90251.39845447915,4133.398647735463,440923.49565305706,0.9348719048039579,2074404.7771818591,22.984738327663077
Utuado,1990-1994,2,65,5,0.017838621181645826,2.5,0.08538521944763403,86117.99980674368,7353.20431189012,412206.9882539931,0.9031889140868973,1633481.2815288021,18.96794265071735
Utuado,1990-1994,2,70,5,0.023124523405726592,2.5,0.10930363108995647,78764.79549485356,8609.278149645339,372300.78210015444,0.8557896066967157,1221274.2932748091,15.50533186307335
Utuado,1990-1994,2,75,5,0.04038332978707791,2.5,0.1834008104103439,70155.51734520822,12866.57873586812,318611.1398863708,0.7703077836851675,848973.5111746546,12.101307827254464
Utuado,1990-1994,2,80,5,0.06684802857957495,2.5,0.28638025433229647,57288.938609340104,16406.420809370138,245428.64102327518,0.5372434880191189,530362.3712882838,9.257674939745108
Utuado,1990-1994,2,85,NA,0.12470649972471462,6.969573930332098,1,40882.517799969966,40882.517799969966,284933.73026500863,0,284933.73026500863,6.969573930332098
Utuado,1995-1999,1,0,1,0.011794030522415993,0.12575560179404502,0.011673664937826934,100000,1167.366493782698,98979.43638215715,0.987759685363526,7267220.514912879,72.67220514912879
Utuado,1995-1999,1,1,4,4.5723198571287276e-4,1.6178272475423274,0.0018269380317567925,98832.6335062173,180.56109693118196,394900.40629960585,0.9982363152627283,7168241.078530721,72.5290910929717
Utuado,1995-1999,1,5,5,2.0410808743299676e-4,2.5,0.001020019951361444,98652.07240928612,100.62708210063283,493008.794341179,0.9988771515926632,6773340.672231116,68.65887869167096
Utuado,1995-1999,1,10,5,2.453067177590662e-4,2.5,0.0012257818574849604,98551.44532718549,120.8025737109856,492455.22020165,0.9972505075872797,6280331.877889937,63.726430972570455
Utuado,1995-1999,1,15,5,8.568461392878579e-4,2.5,0.004275072996957747,98430.6427534745,420.79818290857656,491101.2183101011,0.9939581485236649,5787876.657688287,58.80157332899242
Utuado,1995-1999,1,20,5,0.0015693763903068575,2.5,0.007816215491399903,98009.84457056593,766.0660654421517,488134.05768922425,0.9914668823739518,5296775.439378186,54.043300064256
Utuado,1995-1999,1,25,5,0.0018597400406330706,2.5,0.009255667365160926,97243.77850512377,900.0560671748099,483968.75235768186,0.9893260504041947,4808641.381688962,49.449347357842484
Utuado,1995-1999,1,30,5,0.0024358398292498836,2.5,0.012105481610601031,96343.72243794896,1166.2871602694358,478802.8942890712,0.9855259785143262,4324672.62933128,44.88795450182677
Utuado,1995-1999,1,35,5,0.0034030242105595222,2.5,0.01687158502204627,95177.43527767953,1605.7941914676776,471872.6909097284,0.9816689828496341,3845869.7350422083,40.40736886660067
Utuado,1995-1999,1,40,5,0.004002757261598006,2.5,0.019815494769042676,93571.64108621185,1854.1683644745644,463222.78451987286,0.9786241867967043,3373997.04413248,36.05790178483523
Utuado,1995-1999,1,45,5,0.004646899270501033,2.5,0.02296767517002345,91717.47272173729,2106.5371208883444,453321.02080646553,0.9736107510569934,2910774.2596126073,31.736311230943304
Utuado,1995-1999,1,50,5,0.006068955483787348,2.5,0.029891255668913878,89610.93560084894,2678.5833867755573,441358.2195373058,0.9526493609673996,2457453.2388061415,27.423586444318527
Utuado,1995-1999,1,55,5,0.013511057327726724,2.5,0.06534798568647988,86932.35221407338,5680.8541081773,420459.62579992367,0.9206857879746146,2016095.019268836,23.191538799089948
Utuado,1995-1999,1,60,5,0.019783760888171333,2.5,0.09425691382779167,81251.49810589608,7658.515455346424,387111.20189111435,0.8948736372475162,1595635.3934689122,19.638227363996425
Utuado,1995-1999,1,65,5,0.02488260161659373,2.5,0.1171269499947533,73592.98265054966,8619.72159887568,346415.6092555591,0.8626413145520276,1208524.191577798,16.421731366920913
Utuado,1995-1999,1,70,5,0.03484747606623251,2.5,0.1602744777615994,64973.26105167398,10413.555483525117,298832.41654955706,0.7972498183820105,862108.5823222388,13.268667269703363
Utuado,1995-1999,1,75,5,0.05801518609917194,2.5,0.2533330241439207,54559.705568148864,13821.77520798106,238244.08982079168,0.698467817643223,563276.1657726817,10.32403235880939
Utuado,1995-1999,1,80,5,0.08962143317462594,2.5,0.3660845996611509,40737.930360167804,14913.528926925876,166405.82948352434,0.48803259187208625,325032.07595189003,7.978610427143732
Utuado,1995-1999,1,85,NA,0.1626443712123176,6.142494604509104,1,25824.40143324193,25824.40143324193,158626.24646836572,0,158626.24646836572,6.142494604509104
Utuado,1995-1999,2,0,1,0.008799867072475556,0.13094389720195315,0.008733080159178553,100000,873.3080159178498,99241.04633914414,0.9910389722882759,7950427.858799519,79.50427858799519
Utuado,1995-1999,2,1,4,2.3137862084505591e-4,1.5097912785810166,9.24981526544169e-4,99126.69198408215,91.69035887271457,396278.43980499374,0.999029138776175,7851186.812460374,79.20355915560185
Utuado,1995-1999,2,5,5,1.1037740518033264e-4,2.5,5.517347782687306e-4,99035.00162520944,54.641054662526585,495038.4054893909,0.9993895394460826,7454908.3726553805,75.27549099123483
Utuado,1995-1999,2,10,5,1.33888550065072e-4,2.5,6.692187485055755e-4,98980.36057054691,66.23951302765636,494736.2040701654,0.9986119908846521,6959869.96716599,70.3156659265293
Utuado,1995-1999,2,15,5,4.2190069808879625e-4,2.5,0.0021072808323084314,98914.12105751925,208.43983134914015,494049.5057092234,0.9967918418222568,6465133.763095824,65.36107983344768
Utuado,1995-1999,2,20,5,8.641348543080346e-4,2.5,0.0043113602798219896,98705.68122617011,425.55575343128294,492464.51674727234,0.9954994347124856,5971084.257386601,60.49382551450818
Utuado,1995-1999,2,25,5,9.403232468616254e-4,2.5,0.004690589558300236,98280.12547273883,460.9917303308757,490248.148037867,0.9948542289948793,5478619.740639329,55.74494043720977
Utuado,1995-1999,2,30,5,0.0011237678069843052,2.5,0.00560309758321301,97819.13374240795,548.0901518640603,487725.4433323796,0.9934327078674318,4988371.592601461,50.99586759516386
Utuado,1995-1999,2,35,5,0.0015130859233231403,2.5,0.007536919599238636,97271.0435905439,733.1240348759748,484522.40786552953,0.992023319765529,4500646.149269082,46.26912576587805
Utuado,1995-1999,2,40,5,0.001691075337686361,2.5,0.008419780480632978,96537.91955566792,812.8280907157314,480657.5275515503,0.9887030398061201,4016123.7414035527,41.60151534120935
Utuado,1995-1999,2,45,5,0.0028600182522145953,2.5,0.014198570831737648,95725.09146495219,1359.1594915396854,475227.5585959117,0.9835151177173367,3535466.2138520023,36.93353706688744
Utuado,1995-1999,2,50,5,0.003796519843555533,2.5,0.018804123646367403,94365.9319734125,1774.4686528327438,467393.4882349806,0.9774821886606757,3060238.6552560907,32.429485845784995
Utuado,1995-1999,2,55,5,0.005330639015851225,2.5,0.026302669982185875,92591.46332057976,2435.4027028888813,456868.80984567665,0.9643864663687385,2592845.1670211097,28.003069333118674
Utuado,1995-1999,2,60,5,0.009243985422380155,2.5,0.045175913399628585,90156.06061769088,4072.8823869164626,440598.0971211632,0.9415489243216892,2135976.357175433,23.69198856450812
Utuado,1995-1999,2,65,5,0.015014031118062562,2.5,0.07235433017825556,86083.17823077441,6228.490700503069,414844.6644026144,0.9057406389804571,1695378.26005427,19.694652252606755
Utuado,1995-1999,2,70,5,0.025051005015403895,2.5,0.11787293628206356,79854.68753027135,9412.70649507978,375741.67141365726,0.8582921489220531,1280533.5956516557,16.03579746231216
Utuado,1995-1999,2,75,5,0.036854741658189805,2.5,0.1687276714374144,70441.98103519157,11885.511431506377,322496.12659719185,0.7889953774612302,904791.9242379984,12.844498563803599
Utuado,1995-1999,2,80,5,0.06026284654583365,2.5,0.26186274646364527,58556.46960368519,15333.757953635963,254447.95313433604,0.563026293225468,582295.7976408065,9.944175282113667
Utuado,1995-1999,2,85,NA,0.15256814386297304,7.585082749108295,1,43222.71165004923,43222.71165004923,327847.84450647054,0,327847.84450647054,7.585082749108295
Utuado,2000-2004,1,0,1,0.010423034328082819,0.12849135615002716,0.010329206250903023,100000,1032.920625090308,99099.80074682288,0.9891895439680466,7478826.718181392,74.78826718181392
Utuado,2000-2004,1,1,4,3.96950844443115e-4,1.6218781015660293,0.001586305908966867,98967.07937490969,156.9920628056134,395494.9712372004,0.9984427301833217,7379726.917434569,74.56749218069267
Utuado,2000-2004,1,5,5,1.8296545552315085e-4,2.5,9.14409014461091e-4,98810.08731210408,90.35283455786703,493824.5544741257,0.9989671818229783,6984231.946197369,70.6833900888762
Utuado,2000-2004,1,10,5,2.303997763626329e-4,2.5,0.0011513357130861312,98719.73447754621,113.65955589037912,493314.5234980051,0.9975862624183076,6490407.3917232435,65.74579465871118
Utuado,2000-2004,1,15,5,7.36873876482957e-4,2.5,0.003677594573990114,98606.07492165583,362.6331660943397,492123.7916930433,0.9946111609753301,5997092.868225238,60.818695734416245
Utuado,2000-2004,1,20,5,0.0014263480936548341,2.5,0.007106399968155851,98243.4417555615,698.1571913632506,489471.81579939934,0.9923135055332475,5504969.076532194,56.0339599077672
Utuado,2000-2004,1,25,5,0.0016610170917308795,2.5,0.00827074085385557,97545.28456419824,806.7717701460933,485709.49339562596,0.9912689060254707,5015497.260732795,51.41711650276551
Utuado,2000-2004,1,30,5,0.0018475516451171882,2.5,0.009195286309713852,96738.51279405215,889.5383223172248,481468.7181644677,0.9895629071972746,4529787.7673371695,46.82507138579536
Utuado,2000-2004,1,35,5,0.002351831762332836,2.5,0.011690424035261014,95848.97447173492,1120.5151549194852,476443.5844713759,0.9873016016453298,4048319.049172702,42.23643572072352
Utuado,2000-2004,1,40,5,0.002762608279972237,2.5,0.013718295706595812,94728.45931681544,1299.5130167383031,470393.5140422314,0.982824849446574,3571875.4647013256,37.70646636144831
Utuado,2000-2004,1,45,5,0.004179230860626987,2.5,0.02068008715701728,93428.94630007714,1932.118752473878,462314.434619201,0.9747551468739759,3101481.9506590944,33.196156795964356
Utuado,2000-2004,1,50,5,0.006071997063840933,2.5,0.029906012272431184,91496.82754760326,2736.3052475271397,450643.3746191984,0.9600657361233161,2639167.5160398935,28.844360911495077
Utuado,2000-2004,1,55,5,0.010313573450517219,2.5,0.05027166595433631,88760.52230007612,4462.139327001845,432647.263182876,0.9411966182895101,2188524.141420695,24.656503642710295
Utuado,2000-2004,1,60,5,0.014032965033046903,2.5,0.06778670404626759,84298.38297307427,5714.309538174712,407206.14101993456,0.909893575231481,1755876.878237819,20.829306759047363
Utuado,2000-2004,1,65,5,0.02418920791781768,2.5,0.11404914347799291,78584.07343489956,8962.446266261992,370514.25150884286,0.8680453923759076,1348670.7372178845,17.16213830955387
Utuado,2000-2004,1,70,5,0.03293910132229258,2.5,0.15216505610922745,69621.62716863757,10593.978804531456,321623.1888318592,0.8189864688654999,978156.4857090416,14.049606788703029
Utuado,2000-2004,1,75,5,0.04818921023955154,2.5,0.2150395821166467,59027.64836410611,12693.280837545739,263405.03972666623,0.732496509001858,656533.2968771823,11.122470826339255
Utuado,2000-2004,1,80,5,0.08029005658995722,2.5,0.33433986603850957,46334.367526560374,15491.426231809259,192943.27205327875,0.5092103695323864,393128.2571505161,8.484593146224821
Utuado,2000-2004,1,85,NA,0.1672355186793836,6.490463512677535,1,30842.941294751115,30842.941294751115,200184.98509723734,0,200184.98509723734,6.490463512677535
Utuado,2000-2004,2,0,1,0.007050156043865378,0.1345400257877248,0.007007399499795801,100000,700.739949979572,99393.53762096117,0.9927220349930534,8114104.743047499,81.14104743047498
Utuado,2000-2004,2,1,4,2.324856161908272e-4,1.5125989610138322,9.29405003824816e-4,99299.26005002043,92.28922916659212,396967.4798755655,0.9990909932145737,8014711.205426538,80.71269817508464
Utuado,2000-2004,2,5,5,1.0085070722966632e-4,2.5,5.041264323802348e-4,99206.97082085384,50.012856267159805,495909.8219636013,0.9994123992247369,7617743.725550973,76.78637561978339
Utuado,2000-2004,2,10,5,1.3426849914980517e-4,2.5,6.711172209939847e-4,99156.95796458668,66.54594207141781,495618.42496775487,0.9987270529594519,7121833.903587371,71.82384423421796
Utuado,2000-2004,2,15,5,3.7538816632486885e-4,2.5,0.001875181029703675,99090.41202251526,185.8124608501239,494987.528960451,0.9972151253061021,6626215.4786196165,66.87039990422093
Utuado,2000-2004,2,20,5,7.406242569852398e-4,2.5,0.0036962774031628768,98904.59956166513,365.5788364286709,493609.050717254,0.9959714276450832,6131227.949659165,61.991332828120505
Utuado,2000-2004,2,25,5,8.743269744599016e-4,2.5,0.004362100117803781,98539.02072523646,429.83707391381904,491620.51094139775,0.9952784671787516,5637618.898941912,57.21204511116155
Utuado,2000-2004,2,30,5,0.001019097858024238,2.5,0.00508254027535136,98109.18365132264,498.6438772896945,489299.308563389,0.993922815712133,5145998.388000513,52.451750146951085
Utuado,2000-2004,2,35,5,0.0014204079379252295,2.5,0.007076909443751441,97610.53977403295,690.7809507365309,486325.7464933234,0.9925590619938034,4656699.079437125,47.70692888511137
Utuado,2000-2004,2,40,5,0.0015676319164603112,2.5,0.007807561127269498,96919.75882329642,756.7069414531143,482707.0267628493,0.990116562367299,4170373.3329438013,43.029134446642644
Utuado,2000-2004,2,45,5,0.0024095578513664696,2.5,0.011975649207897102,96163.0518818433,1151.6149760977569,477936.2219689721,0.984625825571181,3687666.306180952,38.348058157638675
Utuado,2000-2004,2,50,5,0.003798510889140618,2.5,0.018813892506817424,95011.43690574555,1787.5349608629622,470588.34712657036,0.9781010837427327,3209730.08421198,33.78256543363445
Utuado,2000-2004,2,55,5,0.005072129758595773,2.5,0.025043094234197386,93223.90194488259,2334.614961285275,460282.9723211998,0.9666238285141979,2739141.7370854095,29.382397431775505
Utuado,2000-2004,2,60,5,0.008564178319967293,2.5,0.04192329516103711,90889.28698359731,3810.378405189549,444920.4889050127,0.9517000152574975,2278858.7647642097,25.07290837450923
Utuado,2000-2004,2,65,5,0.011301686880948115,2.5,0.05495570400721164,87078.90857840776,4785.482725106005,423430.83607927384,0.9267620573032227,1833938.275859197,21.06064839119887
Utuado,2000-2004,2,70,5,0.019415436849153957,2.5,0.09258332022784783,82293.42585330176,7618.998598422913,392419.6327704515,0.8835369046521834,1410507.439779923,17.139977162869943
Utuado,2000-2004,2,75,5,0.03075117875315962,2.5,0.14277931330180513,74674.42725487884,10661.963444657187,346717.2276627512,0.8138218038278897,1018087.8070094716,13.633687521091163
Utuado,2000-2004,2,80,5,0.05372195671096898,2.5,0.23680562915843664,64012.463810221656,15158.511766561205,282166.0396347053,0.5797164065347219,671370.5793467204,10.488122771483049
Utuado,2000-2004,2,85,NA,0.13874947243414798,7.966695086698117,1,48853.95204366045,48853.95204366045,389204.53971201513,0,389204.53971201513,7.966695086698117
Utuado,2005-2009,1,0,1,0.010487013447585396,0.12836368901601572,0.010392021416877593,100000,1039.2021416877542,99094.19367885264,0.9892174897404932,7497498.689962471,74.97498689962471
Utuado,2005-2009,1,1,4,3.4937321118272326e-4,1.6216888394709479,0.0013963326065446044,98960.79785831225,138.18218881922076,395514.5511913939,0.998541392496337,7398404.496283619,74.76096248613852
Utuado,2005-2009,1,5,5,1.8285426788615706e-4,2.5,9.138535843604768e-4,98822.61566949303,90.30940154545533,493887.3048436015,0.9990384755459466,7002889.9450922245,70.86323204106453
Utuado,2005-2009,1,10,5,2.0194969330380614e-4,2.5,0.0010092389277891872,98732.30626794757,99.6444869160041,493412.42012244783,0.9976526068076895,6509002.640248623,65.92576317000005
Utuado,2005-2009,1,15,5,7.387417008598932e-4,2.5,0.0036868993385787644,98632.66178103157,363.648695482756,492254.18716645095,0.9950391617054027,6015590.220126175,60.989839587630975
Utuado,2005-2009,1,20,5,0.001251803612276069,2.5,0.0062394915163330655,98269.01308554881,613.1486734657083,489812.1937440798,0.9918911057773157,5523336.032959724,56.20628374634579
Utuado,2005-2009,1,25,5,0.002008037036723666,2.5,0.00999003428650473,97655.8644120831,975.5854337549681,485840.3584760281,0.9888102902463485,5033523.839215645,51.54348762891949
Utuado,2005-2009,1,30,5,0.0024957738497261325,2.5,0.01240149095656315,96680.27897832813,1198.9796054277394,480403.9458780713,0.986897340438368,4547683.480739617,47.038377720848594
Utuado,2005-2009,1,35,5,0.002781738142801397,2.5,0.013812632894568648,95481.2993729004,1318.8481365342886,474109.37652316625,0.9857603721620679,4067279.534861545,42.5976558925624
Utuado,2005-2009,1,40,5,0.0029562082983514,2.5,0.014672603312579338,94162.4512363661,1381.608293931291,467358.23544700234,0.9808151067580978,3593170.1583383786,38.159267427297756
Utuado,2005-2009,1,45,5,0.004810028889138025,2.5,0.02376437610667649,92780.84294243481,2204.8788471785083,458392.0175942278,0.9738963087476981,3125811.9228913765,33.69027294600851
Utuado,2005-2009,1,50,5,0.005782389317220035,2.5,0.028499952040548792,90575.9640952563,2581.4106327412737,446426.2938944283,0.962019643628049,2667419.9052971485,29.44953368083275
Utuado,2005-2009,1,55,5,0.00978124853674875,2.5,0.0477388781047241,87994.55346251503,4200.761261626627,429470.8641585086,0.9434736058296799,2220993.61140272,25.240125939713366
Utuado,2005-2009,1,60,5,0.013597952345574487,2.5,0.0657544471313676,83793.7922008884,5509.814479210123,405194.42480641673,0.9226376886386735,1791522.7472442118,21.380136883519846
Utuado,2005-2009,1,65,5,0.018801499670527348,2.5,0.08978716497108323,78283.97772167828,7028.8964222889335,373847.6475526691,0.8764325154928088,1386328.322437795,17.708966288945934
Utuado,2005-2009,1,70,5,0.03494335683692511,2.5,0.16068003471094075,71255.08129938935,11449.268936516768,327652.2341556548,0.8243706593062213,1012480.674885126,14.209241732965404
Utuado,2005-2009,1,75,5,0.04283070854353484,2.5,0.19344055286682602,59805.81236287258,11568.86940812374,270106.88829405356,0.7479070867616469,684828.4407294712,11.450867627618956
Utuado,2005-2009,1,80,5,0.07755837292967477,2.5,0.3248121164911332,48236.94295474884,15667.943534194023,202014.85593825916,0.5128903845195799,414721.5524354176,8.597591949897584
Utuado,2005-2009,1,85,NA,0.15323882152083135,6.530955825523945,1,32568.999420554817,32568.999420554817,212706.69649715847,0,212706.69649715847,6.530955825523945
Utuado,2005-2009,2,0,1,0.006881757679658184,0.13488612989372892,0.006841029582541806,100000,684.1029582541814,99408.17304223358,0.9929677940813988,8222288.130292607,82.22288130292607
Utuado,2005-2009,2,1,4,1.9022696115839137e-4,1.5128696448692045,7.605480147276582e-4,99315.89704174582,75.53450832600356,397075.7239984658,0.9991958760844853,8122879.9572503725,81.78831586081382
Utuado,2005-2009,2,5,5,9.44598457011882e-5,2.5,4.721877215576402e-4,99240.362533419815,46.86008067120565,496084.662465421,0.9994895285850828,7725804.233251907,77.84941566139678
Utuado,2005-2009,2,10,5,1.0978476224859429e-4,2.5,5.48773193906418e-4,99193.50245274861,54.43473515576625,495831.4254258536,0.998801297429406,7229719.570786486,72.88501153823462
Utuado,2005-2009,2,15,5,3.7013995370298243e-4,2.5,0.0018489888069364204,99139.06771759284,183.3070265399292,495237.07102161436,0.9973796207061657,6733888.145360633,67.9236581540464
Utuado,2005-2009,2,20,5,6.797930795404733e-4,2.5,0.0033931987151921334,98955.76069105291,335.77656003776065,493939.3620551702,0.9960790326676622,6238651.074339018,63.04484984776723
Utuado,2005-2009,2,25,5,8.920917158699862e-4,2.5,0.004450532870587286,98619.98413101515,438.91148107187473,492002.6419523961,0.9953420781458961,5744711.712283848,58.25099002908057
Utuado,2005-2009,2,30,5,9.756213939839628e-4,2.5,0.004866237955276353,98181.07264994328,477.772462218898,489710.9320941692,0.9938649053254792,5252709.0703314515,53.50022085274586
Utuado,2005-2009,2,35,5,0.0014875426910664013,2.5,0.007410156146294304,97703.30018772438,723.9967103992967,486706.50916262367,0.9923875629850386,4762998.138237283,48.74961366797019
Utuado,2005-2009,2,40,5,0.0015693789130463791,2.5,0.007816228006698707,96979.30347732508,758.0123479095928,483001.48651685147,0.9906879660125163,4276291.629074659,44.094889071610076
Utuado,2005-2009,2,45,5,0.0021756948261142683,2.5,0.01081962363267605,96221.29112941549,1041.07815547043,478503.7602584014,0.9856728982018048,3793290.1425578073,39.42256540141325
Utuado,2005-2009,2,50,5,0.0036068211874848276,2.5,0.01787294464881888,95180.21297394506,1701.1506781461067,471648.1881743601,0.9812496390646196,3314786.382299406,34.82642325255993
Utuado,2005-2009,2,55,5,0.003967719356695588,2.5,0.019643744619070265,93479.06229579895,1836.2788269688463,462804.61441157263,0.971968569336608,2843138.194125046,30.41470597050287
Utuado,2005-2009,2,60,5,0.0074537934015767434,2.5,0.03658718373609771,91642.78346883011,3352.951356861493,449831.5389519968,0.9521696832903666,2380333.579713473,25.97404279544915
Utuado,2005-2009,2,65,5,0.01226497071606023,2.5,0.05950042612040158,88289.83211196862,5253.282632760849,428315.95397794095,0.9264642924671321,1930502.0407614766,21.86550811777766
Utuado,2005-2009,2,70,5,0.018510494615414735,2.5,0.0884589268540314,83036.54947920777,7345.324056592406,396819.4372545578,0.8935777968252975,1502186.0867835355,18.090661235383834
Utuado,2005-2009,2,75,5,0.026923662091807694,2.5,0.12612869457686746,75691.22542261536,9546.835453477892,354589.0384793821,0.8332799106954617,1105366.6495289777,14.603629989569589
Utuado,2005-2009,2,80,5,0.047720307569661544,2.5,0.21317017237256616,66144.38996913747,14100.011011199262,295471.92231768917,0.6064454800342061,750777.6110495956,11.35058636718705
Utuado,2005-2009,2,85,NA,0.1264805282840123,8.74841237129336,1,52044.37895793821,52044.37895793821,455305.68873190647,0,455305.68873190647,8.74841237129336
Utuado,2010-2014,1,0,1,0.00971819190266334,0.12989783396783045,0.009636705655935742,100000,963.6705655935802,99161.50815353559,0.9900071367355997,7599124.932105557,75.99124932105558
Utuado,2010-2014,1,1,4,3.224309625916108e-4,1.6239646058586656,0.0012887365397933539,99036.32943440642,127.63173650912358,395842.06021426426,0.9986865784294637,7499963.423952022,75.729416334229
Utuado,2010-2014,1,5,5,1.5379158163563987e-4,2.5,7.68662373672722e-4,98908.6976978973,76.02739434933756,494353.42000361317,0.9991293748625488,7104121.363737757,71.82504197392525
Utuado,2010-2014,1,10,5,1.9462792130556122e-4,2.5,9.726663364598334e-4,98832.67030354796,96.13121134669927,493923.02348937304,0.9980172361428308,6609767.943734144,66.8783705168883
Utuado,2010-2014,1,15,5,5.996666188603306e-4,2.5,0.002993844822296705,98736.53909220126,295.6018763326865,492943.69077017455,0.9956849574932937,6115844.920244771,61.9410501570622
Utuado,2010-2014,1,20,5,0.0011312316966782994,2.5,0.005640207529558297,98440.93721586857,555.2273153017159,490816.61779108853,0.9934832806132207,5622901.229474596,57.11954181362863
Utuado,2010-2014,1,25,5,0.0014851342612658871,2.5,0.0073982029944821715,97885.70990056686,724.1783521033794,487618.1036225759,0.9919698651845189,5132084.611683507,52.42935477401883
Utuado,2010-2014,1,30,5,0.001740899321175769,2.5,0.008666776641946978,97161.53154846348,842.0772921200114,483702.4645120174,0.9897003402041684,4644466.508060932,47.80149544827117
Utuado,2010-2014,1,35,5,0.0024037221172078134,2.5,0.01194681850635409,96319.45425634347,1150.7110386316053,478720.4936851383,0.9873754012326633,4160764.0435489146,43.19754587142392
Utuado,2010-2014,1,40,5,0.0026799506919287504,2.5,0.013310574252945875,95168.74321771186,1266.7506231588923,472676.8395306621,0.9831812738952207,3682043.549863776,38.68963091632496
Utuado,2010-2014,1,45,5,0.004116778723772024,2.5,0.02037420340117076,93901.99259455297,1913.1782968966581,464727.01723052317,0.9760615795151047,3209366.710333114,34.17783394853414
Utuado,2010-2014,1,50,5,0.005592464230482107,2.5,0.02757676595936029,91988.81429765631,2536.754002765534,453602.18648136774,0.9644127676423835,2744639.6931025907,29.836667795516075
Utuado,2010-2014,1,55,5,0.008961337927630165,2.5,0.04382486605233067,89452.06029489078,3920.2245605286007,437459.7400731324,0.951208850990313,2291037.506621223,25.61190316990474
Utuado,2010-2014,1,60,5,0.011096534336550355,2.5,0.053985054164752515,85531.83573436218,4617.4407849302515,416115.57670948526,0.9261379307232771,1853577.7665480906,21.671202899289824
Utuado,2010-2014,1,65,5,0.019919595950174965,2.5,0.09487338120099782,80914.39494943192,7676.622236685551,385380.41915544576,0.8865277814588124,1437462.1898386055,17.765222006998368
Utuado,2010-2014,1,70,5,0.028729264890480315,2.5,0.1340205451000377,73237.77271274637,9815.366220874945,341650.44801154453,0.8282831076091095,1052081.7706831596,14.365288999293314
Utuado,2010-2014,1,75,5,0.048241346103526865,2.5,0.21524719449858573,63422.40649187143,13651.495065724208,282983.2947950466,0.7386621666923975,710431.3226716152,11.201582563138283
Utuado,2010-2014,1,80,5,0.07621046502434008,2.5,0.3200705176457842,49770.91142614722,15930.201383869418,209029.05367106257,0.5109836985107753,427448.0278765685,8.58831023239024
Utuado,2010-2014,1,85,NA,0.1341896293663185,6.45432598585051,1,33840.7100422778,33840.7100422778,218418.97420550595,0,218418.97420550595,6.45432598585051
Utuado,2010-2014,2,0,1,0.005174364260254382,0.13839528436682696,0.005151398005853244,100000,515.1398005853262,99556.15311860535,0.9946469475049377,8362031.731242921,83.62031731242921
Utuado,2010-2014,2,1,4,1.741744287548923e-4,1.5156186754444767,6.963963733767692e-4,99484.86019941467,69.28089584877307,397767.3206338635,0.9993003445810483,8262475.578124316,83.0525927418746
Utuado,2010-2014,2,5,5,8.240070175973861e-5,2.5,4.119186528335395e-4,99415.5793035659,40.95113149739336,496975.518689086,0.9995428393865393,7864708.257490452,79.10941436528304
Utuado,2010-2014,2,10,5,1.005094926058509e-4,2.5,5.02421217775072e-4,99374.62817206851,49.92792170215398,496748.32105608715,0.9989236504127599,7367732.738801367,74.14098421625324
Utuado,2010-2014,2,15,5,3.3038595307443403e-4,2.5,0.0016505664554434343,99324.70025036635,163.94201843022893,496213.64620575623,0.9977867279482285,6870984.417745279,69.17699626000065
Utuado,2010-2014,2,20,5,5.561537872679517e-4,2.5,0.002776907966633414,99160.75823193612,275.36029951168166,495115.3904109014,0.9965796961363498,6374770.771539523,64.28723302648606
Utuado,2010-2014,2,25,5,8.147544660402865e-4,2.5,0.004065491387040833,98885.39793242444,402.01773359837534,493421.9453281263,0.9956056086732975,5879655.381128621,59.459288267683526
Utuado,2010-2014,2,30,5,9.471642751162131e-4,2.5,0.004724633864557283,98483.38019882607,465.2979131834436,491253.6562111717,0.9944676724902641,5386233.435800496,54.69180104223007
Utuado,2010-2014,2,35,5,0.0012728083212684917,2.5,0.006343855326720525,98018.08228564262,621.8125334227079,488535.8800946563,0.993633300428204,4894979.779589323,49.93955875737761
Utuado,2010-2014,2,40,5,0.0012820338316972522,2.5,0.006389689662682249,97396.26975221992,622.3319380195608,485425.51891605067,0.9916862392099073,4406443.899494668,45.24242982513438
Utuado,2010-2014,2,45,5,0.00206060183508031,2.5,0.010250205196307894,96773.93781420036,991.9527202503086,481389.807270376,0.9885743631498359,3921018.3805786166,40.517297003111686
Utuado,2010-2014,2,50,5,0.0025386586973476667,2.5,0.012613241697396225,95781.98509395005,1208.1213282463868,475889.62214913423,0.9817882158476839,3439628.5733082406,35.91101781754052
Utuado,2010-2014,2,55,5,0.004834092411142952,2.5,0.023881844448187063,94573.86376570366,2258.5983033165685,467222.82307022694,0.9718672826455628,2963738.9511591066,31.33782245062382
Utuado,2010-2014,2,60,5,0.006604805661487534,2.5,0.03248759271667961,92315.26546238709,2999.100745874195,454078.57544725,0.9626046869500953,2496516.1280888794,27.043372681477685
Utuado,2010-2014,2,65,5,0.00867782971734839,2.5,0.042467827155440216,89316.1647165129,3793.0634453676903,437098.16496914526,0.9374959730675749,2042437.5526416295,22.867501746456213
Utuado,2010-2014,2,70,5,0.01741210791787048,2.5,0.08342885885474347,85523.1012711452,7135.094744770307,409777.76949380024,0.8968326551291773,1605339.3876724842,18.770827575380647
Utuado,2010-2014,2,75,5,0.02659897573312901,2.5,0.12470248287594926,78388.0065263749,9775.17904153507,367502.08502803685,0.8447718534421651,1195561.618178684,15.251843632181387
Utuado,2010-2014,2,80,5,0.04201404526605099,2.5,0.19010276128561696,68612.82748483983,13043.48796448172,310455.41751299484,0.6250808002514545,828059.5331506472,12.068581976651654
Utuado,2010-2014,2,85,NA,0.1072637510946739,9.314563032515897,1,55569.33952035811,55569.33952035811,517604.11563765234,0,517604.11563765234,9.314563032515897
Utuado,2015-2019,1,0,1,0.010223573350092318,0.12888937055855829,0.010133327321020274,100000,1013.3327321020188,99117.275085905,0.9895414844064347,7875178.067249967,78.75178067249966
Utuado,2015-2019,1,1,4,3.116919356005847e-4,1.622468284781766,0.0012458445000387594,98986.66726789798,123.32199499287526,395653.46711731236,0.9987305729801139,7776060.792164062,78.55664815059279
Utuado,2015-2019,1,5,5,1.4089818328626323e-4,2.5,7.042428500858925e-4,98863.3452729051,69.62380404402211,494142.6668544155,0.9992195290028366,7380407.32504675,74.65261573613223
Utuado,2015-2019,1,10,5,1.7142400704480811e-4,2.5,8.567528652010409e-4,98793.72146886108,84.641803932318,493757.00283447467,0.998030731170321,6886264.658192334,69.70346450976466
Utuado,2015-2019,1,15,5,6.174995474378746e-4,2.5,0.003082738762712263,98709.07966492877,304.29430611472344,492784.662559357,0.9956125032265781,6392507.655357859,64.76109064188864
Utuado,2015-2019,1,20,5,0.0011425119293344377,2.5,0.005696289450048134,98404.78535881404,560.5421406736714,490622.571442386,0.9934603238841108,5899722.992798503,59.95361883353845
Utuado,2015-2019,1,25,5,0.0014830572309731428,2.5,0.007387894479043684,97844.24321814037,722.8629442774982,487414.0587300081,0.9921192863438498,5409100.421356116,55.282766195009685
Utuado,2015-2019,1,30,5,0.0016824874331779248,2.5,0.008377200828093435,97121.38027386287,813.6053072557843,483572.8881011749,0.9909384293700747,4921686.362626108,50.675622079792696
Utuado,2015-2019,1,35,5,0.0019599005964748193,2.5,0.009751721968119164,96307.77496660709,939.1666448425385,479190.95822092914,0.9880287602649335,4438113.474524933,46.08260834666532
Utuado,2015-2019,1,40,5,0.0028628673691576297,2.5,0.014212614768162695,95368.60832176455,1355.4372910530365,473454.44838119013,0.9840320767208377,3958922.516304004,41.5117991755419
Utuado,2015-2019,1,45,5,0.0035814909146576193,2.5,0.017748538995387034,94013.17103071151,1668.5964321185747,465894.36407326115,0.9784394609720282,3485468.0679228143,37.07425278511463
Utuado,2015-2019,1,50,5,0.0051538443589769145,2.5,0.0254414190102586,92344.57459859294,2349.377015686885,455849.4304537475,0.9691285691176018,3019573.703849553,32.698983313044174
Utuado,2015-2019,1,55,5,0.0074239148687291045,2.5,0.0364431963750634,89995.19758290605,3279.712658326491,441776.70626871404,0.9541765089820519,2563724.2733958056,28.48734535011196
Utuado,2015-2019,1,60,5,0.011429207736506134,2.5,0.05555856279326577,86715.48492457956,4817.787714330741,421532.9553370709,0.9334168488300195,2121947.5671270913,24.47022661491943
Utuado,2015-2019,1,65,5,0.016288598979698594,2.5,0.07825628191413884,81897.69721024882,6409.009281004008,393465.9628487341,0.9086570706072169,1700414.6117900205,20.76266695783514
Utuado,2015-2019,1,70,5,0.02228406450838862,2.5,0.10554063665334426,75488.68792924481,7967.124184178116,357525.6291857788,0.8713456510015951,1306948.6489412864,17.313172142643186
Utuado,2015-2019,1,75,5,0.03348576429736485,2.5,0.15449533551184444,67521.5637450667,10431.766645078482,311528.4021126373,0.8088777650172265,949423.0197555076,14.061034239967153
Utuado,2015-2019,1,80,5,0.05311448967178562,2.5,0.23444180613274673,57089.797099988216,13384.23514387328,251988.3976402579,0.6049686097503093,637894.6176428703,11.173530999342121
Utuado,2015-2019,1,85,NA,0.13200054997900548,8.829682144119404,1,43705.561956114936,43705.561956114936,385906.2200026124,0,385906.2200026124,8.829682144119404
Utuado,2015-2019,2,0,1,0.0049323544749535824,0.13889267981826214,0.00491149395277646,100000,491.1493952776509,99577.06766042358,0.9949150257093605,8521893.241546396,85.21893241546397
Utuado,2015-2019,2,1,4,1.5678669881954857e-4,1.5160089993388328,6.269026438126638e-4,99508.85060472235,62.38236152686295,397880.44519425667,0.9993541202354169,8422316.173885973,84.63886501253869
Utuado,2015-2019,2,5,5,7.73438745096664e-5,2.5,3.866446110676364e-4,99446.46824319549,38.45044103593682,497136.21511338756,0.9995809875867954,8024435.728691717,80.69100763908506
Utuado,2015-2019,2,10,5,9.029892714362016e-5,2.5,4.5139273501886923e-4,99408.01780215955,44.872057038519415,496927.9088682015,0.9990210081336001,7527299.513578329,75.72125146443474
Utuado,2015-2019,2,15,5,3.0159307658527725e-4,2.5,0.001506829259745548,99363.14574512103,149.72329534910386,496441.4204872324,0.9979015928252374,7030371.604710127,70.75431793135772
Utuado,2015-2019,2,20,5,5.389006262604021e-4,2.5,0.002690877841916513,99213.42244977193,266.97120009078935,495399.68424863263,0.9969312024886179,6533930.184222895,65.85732074237012
Utuado,2015-2019,2,25,5,6.907381136968288e-4,2.5,0.003447736860345549,98946.45124968114,341.1413271739002,493879.40293047094,0.9961489835212215,6038530.499974263,61.028267549855386
Utuado,2015-2019,2,30,5,8.529532147000322e-4,2.5,0.004255691309542049,98605.30992250724,419.6337605119188,491977.4652112564,0.9954417475437503,5544651.097043792,56.23075574126047
Utuado,2015-2019,2,35,5,9.747911117794241e-4,2.5,0.004862106712876533,98185.67616199532,477.38923517556395,489734.9077220377,0.9940812573280942,5052673.631832535,51.460394523292706
Utuado,2015-2019,2,40,5,0.0014009981042457343,2.5,0.006980541208728576,97708.28692681975,682.0567233269394,486836.2928257814,0.9919477293650133,4562938.724110497,46.69960826892796
Utuado,2015-2019,2,45,5,0.0018346835179651438,2.5,0.009131533902961958,97026.23020349281,885.9983105798019,482916.15524101455,0.9890908014722919,4076102.431284716,42.0103143524789
Utuado,2015-2019,2,50,5,0.0025568895083784003,2.5,0.012703245553695505,96140.23189291301,1221.2929733248893,477647.9270312528,0.9842892792291957,3593186.2760437015,37.374429053239815
Utuado,2015-2019,2,55,5,0.0037868936283267166,2.5,0.01875689225224053,94918.93891958812,1780.3843100117228,470143.73382291134,0.9775061123439515,3115538.3490124485,32.8231476718447
Utuado,2015-2019,2,60,5,0.0053305666003438884,2.5,0.026302317365568085,93138.5546095764,2449.75982231136,459568.3734921036,0.9697398193658217,2645394.6151895374,28.402787935443662
Utuado,2015-2019,2,65,5,0.006984869052564153,2.5,0.03432495693918303,90688.79478726504,3112.888975939277,445661.751496477,0.9536342599627614,2185826.241697434,24.102495207096723
Utuado,2015-2019,2,70,5,0.01212354405428218,2.5,0.0588345132385125,87575.90581132576,5152.485789831175,424998.3145820509,0.9203701666441151,1740164.4902009568,19.87035673887269
Utuado,2015-2019,2,75,5,0.02143527680824993,2.5,0.10172511883955469,82423.42002149459,8384.532196849075,391155.76961535023,0.8656475758593629,1315166.1756189058,15.956219424963601
Utuado,2015-2019,2,80,5,0.037319682684877564,2.5,0.17067460790128336,74038.88782464551,12636.55814891847,338603.0437509314,0.6335506163665127,924010.4060035556,12.48006869298188
Utuado,2015-2019,2,85,NA,0.10150240279541449,9.533960117543254,1,61402.329675727044,61402.329675727044,585407.3622526242,0,585407.3622526242,9.533960117543254
Utuado,2020-2024,1,0,1,0.00895874746117367,0.131413267378601,0.008889573695182243,100000,888.9573695182335,99227.86342297045,0.9907569847295268,7896899.13725891,78.9689913725891
Utuado,2020-2024,1,1,4,3.12153369666682e-4,1.626215714456416,0.0012476889601575466,99111.04263048177,123.65975371975219,396150.62894179294,0.998741788209338,7797671.273835939,78.67610981460659
Utuado,2020-2024,1,5,5,1.4691150573148314e-4,2.5,7.342878403267589e-4,98987.38287676201,72.68523159217148,494755.2013048297,0.9991862711720355,7401520.644894146,74.77236421240616
Utuado,2020-2024,1,10,5,1.7872545951296616e-4,2.5,8.932281910176068e-4,98914.69764516984,88.3533964426606,494352.60473474255,0.9981749410363754,6906765.443589317,69.82547192698804
Utuado,2020-2024,1,15,5,5.523061171667047e-4,2.5,0.002757722817879112,98826.34424872718,272.5356645422871,493450.38208228024,0.9961391514800222,6412412.838854574,64.8856627005826
Utuado,2020-2024,1,20,5,9.958782257986057e-4,2.5,0.004967024749505441,98553.8085841849,489.5192063956638,491545.24490493536,0.9936338526498086,5918962.456772294,60.05818082328398
Utuado,2020-2024,1,25,5,0.0015605151838806936,2.5,0.007772254117993199,98064.28937778923,762.1805769445928,488415.99544658465,0.991546939691258,5427417.211867359,55.345500857691675
Utuado,2020-2024,1,30,5,0.0018362307085361463,2.5,0.009139199346452258,97302.10880084464,889.2633691611118,484287.3855813204,0.9895196255041943,4939001.216420773,50.759446812502176
Utuado,2020-2024,1,35,5,0.002380871514888597,2.5,0.011833919967045461,96412.84543168353,1140.941896633667,479211.8724168335,0.9847039744171424,4454713.830839453,46.20456756455743
Utuado,2020-2024,1,40,5,0.0037955962556835894,2.5,0.018799592124725477,95271.90353504986,1791.0729274051264,471881.8353567365,0.9825932869339942,3975501.95842262,41.7279576760011
Utuado,2020-2024,1,45,5,0.003223194187089471,2.5,0.015987146739351296,93480.83060764473,1494.4917562408518,463667.9236476216,0.9793532885862948,3503620.1230658833,37.47955704171249
Utuado,2020-2024,1,50,5,0.005141648511398082,2.5,0.025381979514028805,91986.33885140388,2334.795368296851,454094.7058362772,0.9673871057105492,3039952.1994182616,33.04786599159084
Utuado,2020-2024,1,55,5,0.008169955085949893,2.5,0.04003212379622363,89651.54348310703,3588.9416872382717,439285.36319743947,0.9504383116044998,2585857.4935819847,28.843424141038195
Utuado,2020-2024,1,60,5,0.012262468936647846,2.5,0.05948865036527113,86062.60179586876,5119.748027759997,417513.6389099438,0.9367020618270497,2146572.130384545,24.94198508518233
Utuado,2020-2024,1,65,5,0.01393901739371103,2.5,0.06734816873014496,80942.85376810876,5451.352973074041,391085.8864078587,0.9127461452133979,1729058.4914746012,21.361471840715417
Utuado,2020-2024,1,70,5,0.022966434458103237,2.5,0.1085969598865565,75491.50079503472,8198.147483614317,356962.13526613783,0.8731614394434074,1337972.6050667425,17.723486630626695
Utuado,2020-2024,1,75,5,0.03180281275617829,2.5,0.14730248074662758,67293.3533114204,9912.477880531515,311685.5718557732,0.8178742097661393,981010.4698006047,14.578118365727462
Utuado,2020-2024,1,80,5,0.05018803973425571,2.5,0.222964784954667,57380.87543088889,12793.914550958674,254919.59077704776,0.6191392378204056,669324.8979448315,11.664598926361535
Utuado,2020-2024,1,85,NA,0.12391088366058196,9.294316073341493,1,44586.960879930215,44586.960879930215,414405.3071677837,0,414405.3071677837,9.294316073341493
Utuado,2020-2024,2,0,1,0.004894654419928551,0.13897016361035344,0.004874112747170389,100000,487.41127471704385,99580.32434987591,0.9949455157616428,8546770.587771343,85.46770587771343
Utuado,2020-2024,2,1,4,1.597849379851259e-4,1.5160698185603538,6.38886181445906e-4,99512.58872528296,63.57721781649161,397892.4335309455,0.9993550051631711,8447190.263421467,84.88564483777023
Utuado,2020-2024,2,5,5,7.496060546768037e-5,2.5,3.7473280184411483e-4,99449.01150746646,37.266806722822366,497151.8905205253,0.999583620888403,8049297.829890521,80.93894255838022
Utuado,2020-2024,2,10,5,9.162919165247273e-5,2.5,4.580410334382696e-4,99411.74470074364,45.53465827862965,496944.8868580216,0.9990340829186172,7552145.939369996,75.9683472219908
Utuado,2020-2024,2,15,5,2.950226082774093e-4,2.5,0.001474025863999383,99366.21004246501,146.4683636101836,496464.8793032996,0.9977621089931953,7055201.052511974,71.00201416051667
Utuado,2020-2024,2,20,5,6.014798407709301e-4,2.5,0.003002883768726982,99219.74167885483,297.9453518247028,495353.84501471237,0.9967949156379331,6558736.173208674,66.10313695874534
Utuado,2020-2024,2,25,5,6.827421502448879e-4,2.5,0.003407893969083792,98921.79632703013,337.1149931138352,493766.194152366,0.9961237081755854,6063382.328193963,61.29470504304984
Utuado,2020-2024,2,30,5,8.71151416635146e-4,2.5,0.00434629138842539,98584.68133391629,428.47775151225505,491852.2122908009,0.9952205562543311,5569616.134041596,56.49575632523214
Utuado,2020-2024,2,35,5,0.0010456235807155421,2.5,0.005214486927346295,98156.20358240404,511.83424041839316,489501.4323109742,0.9940796512957304,5077763.921750795,51.73146206177294
Utuado,2020-2024,2,40,5,0.001330392287246272,2.5,0.0066299104818060405,97644.36934198564,647.3734277897602,486603.4131404538,0.9925538456164519,4588262.489439821,46.98952454053012
Utuado,2020-2024,2,45,5,0.0016604333089349213,2.5,0.008267846027332288,96996.99591419588,801.9562273323536,482980.08900264854,0.9897936033762668,4101659.076299367,42.28645472616203
Utuado,2020-2024,2,50,5,0.002447101428314227,2.5,0.012161108476762711,96195.03968686353,1169.8383125584369,478050.6026529215,0.9841922559598926,3618678.9872967186,37.618145375024866
Utuado,2020-2024,2,55,5,0.003938251052329665,2.5,0.019499272683732395,95025.20137430509,1852.922313424162,470493.70108796505,0.9757237032351496,3140628.3846437973,33.05047860170098
Utuado,2020-2024,2,60,5,0.005915883394522162,2.5,0.029148321790464813,93172.27906088093,2715.815572017542,459071.8563743608,0.9653285508217666,2670134.683555832,28.658037674608174
Utuado,2020-2024,2,65,5,0.008238331156787255,2.5,0.04036039993325984,90456.46348886339,3650.8590429588367,443155.1698369199,0.945586989177587,2211062.8271814715,24.44339234480119
Utuado,2020-2024,2,70,5,0.014305265752379613,2.5,0.06905664462845387,86805.60444590455,5994.503777978971,419041.7627845753,0.9102185266324074,1767907.6573445515,20.366284741975097
Utuado,2020-2024,2,75,5,0.023738611072441483,2.5,0.11204365357389241,80811.10066792558,9054.37096816201,381419.5759192229,0.8647194385018014,1348865.8945599762,16.691591667620354
Utuado,2020-2024,2,80,5,0.03512539694893722,2.5,0.16144953705407017,71756.72969976357,11585.090790540868,329820.92152246565,0.6590809069532056,967446.3186407533,13.48230782936504
Utuado,2020-2024,2,85,NA,0.1047682158628696,10.596776299881649,1,60171.638909222704,60171.638909222704,637625.3971182876,0,637625.3971182876,10.596776299881649
Vega Alta,1980-1984,1,0,1,0.013650127132164012,0.12205185381412333,0.01348847979010833,100000,1348.8479790108395,98815.78141734087,0.9859550558859874,7294522.676019169,72.94522676019169
Vega Alta,1980-1984,1,1,4,4.705703079989073e-4,1.6123592103924036,0.001880168763001374,98651.15202098916,185.48081446395372,394161.7465256529,0.99809872206955,7195706.894601828,72.94093122268718
Vega Alta,1980-1984,1,5,5,2.3422099244411275e-4,2.5,0.0011704196201080693,98465.6712065252,115.24615348724183,492040.2406489079,0.9987132421203705,6801545.148076175,69.07529359963824
Vega Alta,1980-1984,1,10,5,2.808435370419162e-4,2.5,0.001403232463288876,98350.42505303796,138.00850921268284,491407.10399215814,0.9971182277945251,6309504.907427267,64.15330593665158
Vega Alta,1980-1984,1,15,5,8.743851238950111e-4,2.5,0.004362389598052127,98212.41654382528,428.44082433033327,489990.9806583006,0.9936667124189941,5818097.80343511,59.23994142674315
Vega Alta,1980-1984,1,20,5,0.001669503353361663,2.5,0.00831282106021849,97783.97571949495,812.8606927129149,486887.7268656925,0.9900660157954215,5328106.822776808,54.48854767432571
Vega Alta,1980-1984,1,25,5,0.0023272087837684563,2.5,0.01156873675436264,96971.11502678203,1121.8333025218599,482050.99187760556,0.989060825715697,4841219.095911116,49.92434184730207
Vega Alta,1980-1984,1,30,5,0.0020711172424309515,2.5,0.010302243327675585,95849.28172426017,987.4626231062575,476777.75206353527,0.9872598671870547,4359168.10403351,45.47940292942406
Vega Alta,1980-1984,1,35,5,0.0030639712838382597,2.5,0.015203399470703902,94861.81910115392,1442.222130312497,470703.5401799883,0.982562523709289,3882390.351969975,40.926796352387775
Vega Alta,1980-1984,1,40,5,0.003980427848684519,2.5,0.01970604303719107,93419.59697084142,1840.930598424442,462495.65835814603,0.9748460437081636,3411686.811789987,36.520033509188224
Vega Alta,1980-1984,1,45,5,0.006238066725816768,2.5,0.030711384465242846,91578.66637241698,2812.5076317774947,450862.06278264115,0.9620109969340765,2949191.1534318407,32.203910258297036
Vega Alta,1980-1984,1,50,5,0.009311259984657374,2.5,0.04549720906777105,88766.15874063948,4038.612482365832,433734.2624972828,0.9489371430622241,2498329.0906491997,28.14506255642894
Vega Alta,1980-1984,1,55,5,0.01171192725641286,2.5,0.05689379627381409,84727.54625827365,4820.471755598366,411586.55190237233,0.9277772041320717,2064594.8281519169,24.367456858227015
Vega Alta,1980-1984,1,60,5,0.018514349150050166,2.5,0.08847653222715289,79907.07450267528,7069.90085241347,381860.6203823428,0.8992906972123135,1653008.2762495447,20.686632398163972
Vega Alta,1980-1984,1,65,5,0.02420726916502821,2.5,0.11412944060423878,72837.17365026182,8312.865883898186,343403.7035415636,0.863652197429322,1271147.6558672017,17.451908032165008
Vega Alta,1980-1984,1,70,5,0.03512044773755728,2.5,0.16142862474135053,64524.30776636363,10416.070265111717,296581.36316903884,0.8222008354256867,927743.9523256383,14.378208530107921
Vega Alta,1980-1984,1,75,5,0.04378397167831858,2.5,0.197321104287452,54108.23750125191,10676.697174794746,243849.44456927272,0.7461109957003632,631162.5891565994,11.664815161314321
Vega Alta,1980-1984,1,80,5,0.07743034263595962,2.5,0.3243628890801363,43431.540326457165,14087.57989749009,181938.7518885606,0.5302541252959225,387313.1445873267,8.91778513209644
Vega Alta,1980-1984,1,85,NA,0.20740252596073708,6.998864151139921,1,29343.960428967075,29343.960428967075,205374.39269876608,0,205374.39269876608,6.998864151139921
Vega Alta,1980-1984,2,0,1,0.01370442919185305,0.12086369781486017,0.013541282985670703,100000,1354.1282985670696,98809.53665491349,0.9862071939987834,7856340.215525595,78.56340215525594
Vega Alta,1980-1984,2,1,4,2.9384618735456313e-4,1.5019683325823139,0.0011745226062723512,98645.87170143293,115.86180632877222,394294.06034447823,0.9986916432737553,7757530.678870681,78.64019593592374
Vega Alta,1980-1984,2,5,5,1.5563374921906756e-4,2.5,7.77866090555179e-4,98530.00989510416,76.6431535994634,492458.44159152213,0.9991796038922928,7363236.618526203,74.73090306562604
Vega Alta,1980-1984,2,10,5,1.7266634866420564e-4,2.5,8.629592332713905e-4,98453.3667415047,84.96124187625537,492054.4306028329,0.9982932631247954,6870778.17693468,69.78713277499516
Vega Alta,1980-1984,2,15,5,5.109003739252893e-4,2.5,0.0025512432917471264,98368.40549962844,250.96173465078755,491214.6231615152,0.996610957863832,6378723.746331847,64.84524897941891
Vega Alta,1980-1984,2,20,5,8.475889953613771e-4,2.5,0.004228983876319064,98117.44376497765,414.9370876677276,489549.87610571895,0.9953837850180721,5887509.123170332,60.004713710976624
Vega Alta,1980-1984,2,25,5,0.001003529505347156,2.5,0.0050050906364093465,97702.50667730992,489.0099013243307,487290.0086332388,0.9942812711643428,5397959.247064613,55.2489330175826
Vega Alta,1980-1984,2,30,5,0.0012913468916216904,2.5,0.006435956826003773,97213.4967759856,625.6618681550899,484503.3292095403,0.9923583845110308,4910669.238431375,50.51427426530392
Vega Alta,1980-1984,2,35,5,0.0017788929196540916,2.5,0.008855083982770727,96587.8349078305,855.2933898228221,480800.9410645955,0.9898199281817349,4426165.9092218345,45.82529376960907
Vega Alta,1980-1984,2,40,5,0.002316720185523402,2.5,0.011516897356167923,95732.54151800768,1102.5418543079868,475906.35295426846,0.9862572075790008,3945364.968157239,41.212370481307026
Vega Alta,1980-1984,2,45,5,0.0032247133490494522,2.5,0.01599462157101465,94629.9996636997,1513.5710338861245,469366.0707337832,0.9810392601619378,3469458.6152029703,36.66341147133981
Vega Alta,1980-1984,2,50,5,0.0044438411011765485,2.5,0.02197507119444486,93116.42862981357,2046.2401485125883,460466.5427777864,0.9732985793225349,3000092.544469187,32.21872432840097
Vega Alta,1980-1984,2,55,5,0.006407825206269755,2.5,0.03153396568098808,91070.18848130098,2871.8041981304705,448171.43191117875,0.9608284117435532,2539626.0016914005,27.886469151349676
Vega Alta,1980-1984,2,60,5,0.009638359964297879,2.5,0.04705789743488823,88198.38428317051,4150.430521520277,430615.8451120519,0.9424044621654669,2091454.569780222,23.713071240232466
Vega Alta,1980-1984,2,65,5,0.014218794273029106,2.5,0.06865354479138819,84047.95376165023,5770.18995819999,405814.29391275125,0.9074786323607296,1660838.72466817,19.760608680350582
Vega Alta,1980-1984,2,70,5,0.025113266549751517,2.5,0.11814859015608953,78277.76380345025,9248.407433949018,368267.80043237866,0.8538729543627862,1255024.4307554187,16.03296223314061
Vega Alta,1980-1984,2,75,5,0.03904275400081338,2.5,0.17785399551653255,69029.35636950123,12277.146838250395,314453.9147518801,0.7859974835682038,886756.6303230401,12.84607994280575
Vega Alta,1980-1984,2,80,5,0.05923460767398898,2.5,0.25797100951955987,56752.20953125083,14640.424785242372,247159.98569314822,0.5681306781036646,572302.71557116,10.084236724845386
Vega Alta,1980-1984,2,85,NA,0.15500254769352695,7.72094395521506,1,42111.78474600846,42111.78474600846,325142.7298780118,0,325142.7298780118,7.72094395521506
Vega Alta,1985-1989,1,0,1,0.012524521452020751,0.1242979436685652,0.012388645891082375,100000,1238.8645891082415,98915.12373180171,0.9869347737639333,7222602.85649123,72.2260285649123
Vega Alta,1985-1989,1,1,4,5.232876787394345e-4,1.6156730099301688,0.0020905423683745005,98761.13541089176,206.4643379252375,394552.263150165,0.997913146538237,7123687.732759428,72.13047625588355
Vega Alta,1985-1989,1,5,5,2.727351545747346e-4,2.5,0.001362746600611763,98554.67107296652,134.3050429790892,492437.59275738493,0.9986337814342006,6729135.469609263,68.27819926086751
Vega Alta,1985-1989,1,10,5,2.741267888532902e-4,2.5,0.001369695268852056,98420.36602998743,134.80590970996127,491764.81537566223,0.9970209688693276,6236697.876851878,63.367960600264745
Vega Alta,1985-1989,1,15,5,9.202270484402754e-4,2.5,0.004590574315568723,98285.56012027747,451.1871678794414,490299.8326816888,0.9925433169120986,5744933.061476217,58.451445506805115
Vega Alta,1985-1989,1,20,5,0.0020779407322359875,2.5,0.010336009622670611,97834.37295239803,1011.2170202639245,486643.82221133035,0.98898321477264,5254633.228794527,53.70947929876552
Vega Alta,1985-1989,1,25,5,0.002354714745328991,2.5,0.011704670824197554,96823.1559321341,1133.283168345588,481282.57173980656,0.9851009786234796,4767989.406583197,49.244308974241726
Vega Alta,1985-1989,1,30,5,0.0036594155152666714,2.5,0.01813120355731313,95689.87276378852,1734.9725614536437,474111.93241530843,0.9804908383713439,4286706.834843391,44.7979155059091
Vega Alta,1985-1989,1,35,5,0.004226708678971112,2.5,0.02091256509390071,93954.90020233487,1964.837966372259,464862.4060957437,0.9795109675246997,3812594.902428082,40.57898943235039
Vega Alta,1985-1989,1,40,5,0.004051924320131744,2.5,0.020056453521163736,91990.06223596261,1844.994407644539,455337.82516070176,0.9782170527161631,3347732.4963323385,36.39232776846166
Vega Alta,1985-1989,1,45,5,0.0047650514581199545,2.5,0.023544777104418473,90145.06782831808,2122.445529080447,445419.22531888925,0.9694883394962154,2892394.671171637,32.08600027546957
Vega Alta,1985-1989,1,50,5,0.007673751648482792,2.5,0.03764653288298774,88022.62229923763,3313.7465448350413,431828.74513410055,0.9502296913111502,2446975.4458527477,27.799392723544674
Vega Alta,1985-1989,1,55,5,0.012875173170158311,2.5,0.062368357347813035,84708.87575440259,5283.153433582091,410336.4951880577,0.9287064750539097,2015146.7007186469,23.789085650967493
Vega Alta,1985-1989,1,60,5,0.016843036232055804,2.5,0.08081236709291846,79425.7223208205,6418.580628810349,381082.16003207664,0.9023172863365377,1604810.2055305892,20.20516979434391
Vega Alta,1985-1989,1,65,5,0.02463662125280161,2.5,0.11603625320923291,73007.14169201015,8471.475179456436,343857.0205114096,0.8647775134076645,1223728.0454985125,16.76175805732765
Vega Alta,1985-1989,1,70,5,0.03405774656197434,2.5,0.15692726063172155,64535.66651255371,10127.405358857388,297359.8191656251,0.8022486157153697,879871.024987103,13.633872128924976
Vega Alta,1985-1989,1,75,5,0.05614569632097507,2.5,0.24617439898618335,54408.26115369632,13393.920989394494,238556.50329499537,0.7117193163081922,582511.2058214778,10.706300724736613
Vega Alta,1985-1989,1,80,5,0.08313189736461711,2.5,0.34413748219930884,41014.34016430183,14114.571758208818,169785.2714259871,0.5063731643183025,343954.70252648246,8.386205925747275
Vega Alta,1985-1989,1,85,NA,0.1617383253155627,6.47475578492507,1,26899.76840609301,26899.76840609301,174169.43110049536,0,174169.43110049536,6.47475578492507
Vega Alta,1985-1989,2,0,1,0.009556267153749938,0.12938929080691236,0.009477417048155861,100000,947.7417048155912,99174.88592223864,0.9902513317619924,7840701.127399634,78.40701127399633
Vega Alta,1985-1989,2,1,4,2.61792765886366e-4,1.5085802424626504,0.001046488506414058,99052.25829518441,103.65704984025797,395950.7799587576,0.9989261189945303,7741526.2414773945,78.15597922469337
Vega Alta,1985-1989,2,5,5,1.205404074768706e-4,2.5,6.02520467227771e-4,98948.60124534415,59.61855745388311,494593.95983308606,0.9992791933373726,7345575.461518637,74.23627387420264
Vega Alta,1985-1989,2,10,5,1.6790328337939548e-4,2.5,8.391641708480282e-4,98888.98268789027,82.98409116329276,494237.4532115431,0.99834261236751,6850981.501685551,69.27952250564013
Vega Alta,1985-1989,2,15,5,4.958736244290046e-4,2.5,0.002476298294618723,98805.99859672697,244.6731258231739,493418.3101690769,0.9965079626670857,6356744.048474008,64.3356085536752
Vega Alta,1985-1989,2,20,5,9.040984542917931e-4,2.5,0.004510297888086429,98561.3254709038,444.5409381184145,491695.275009223,0.9953982500365091,5863325.738304931,59.48911208621923
Vega Alta,1985-1989,2,25,5,9.40931462427434e-4,2.5,0.004693616383816926,98116.78453278539,460.52254741051,489432.61629540066,0.994416943047647,5371630.463295708,54.74731452803365
Vega Alta,1985-1989,2,30,5,0.001299546762098786,2.5,0.006476691900522839,97656.26198537488,632.4895210360264,486700.0861242843,0.9921134729152558,4882197.847000307,49.99369981754443
Vega Alta,1985-1989,2,35,5,0.0018698103820200802,2.5,0.00930555286172219,97023.77246433885,902.859843510596,482861.71271291777,0.9889080135862789,4395497.760876023,45.30330710951887
Vega Alta,1985-1989,2,40,5,0.0025957765011521707,2.5,0.012895199863800569,96120.91262082825,1239.49837933651,477505.8171558,0.9851059481968568,3912636.0481631053,40.705356841517165
Vega Alta,1985-1989,2,45,5,0.003412672744752633,2.5,0.016919016061311985,94881.41424149174,1605.300171471783,470393.8207787793,0.979775076708768,3435130.2310073054,36.20445857040271
Vega Alta,1985-1989,2,50,5,0.004773847266509381,2.5,0.02358772583133913,93276.11407001996,2200.1714052963507,460880.14183685894,0.9752166136776724,2964736.410228526,31.78451889626293
Vega Alta,1985-1989,2,55,5,0.005270118648860811,2.5,0.026007931038345377,91075.94266472361,2368.6968360764295,449457.97123342694,0.9635685611851642,2503856.268391667,27.491961050670344
Vega Alta,1985-1989,2,60,5,0.009654172263187705,2.5,0.047133279321199026,88707.24582864718,4181.063395455902,433083.57065459614,0.9427770841772292,2054398.29715824,23.15930652527137
Vega Alta,1985-1989,2,65,5,0.014038306921164609,2.5,0.0678116333029909,84526.18243319128,5731.858487661288,408301.26594680315,0.9099571786761272,1621314.7265036441,19.18121320320028
Vega Alta,1985-1989,2,70,5,0.024153687803596405,2.5,0.1138912073530325,78794.32394552999,8973.980686722352,371536.6680108441,0.8602767826625468,1213013.460556841,15.394680731005312
Vega Alta,1985-1989,2,75,5,0.036889986770494446,2.5,0.16887540519381766,69820.34325880764,11790.938758602591,319624.36939753173,0.7750282163052639,841476.7925459968,12.052028868246031
Vega Alta,1985-1989,2,80,5,0.0685119916801658,2.5,0.2924663312649473,58029.40450020505,16971.64703966459,247717.90490186377,0.5253104251057795,521852.4231484651,8.99289640559074
Vega Alta,1985-1989,2,85,NA,0.13336151382801403,6.676802027243326,1,41057.75746054046,41057.75746054046,274134.51824660134,0,274134.51824660134,6.676802027243326
Vega Alta,1990-1994,1,0,1,0.014200420206630204,0.12095377149867977,0.014025344276875476,100000,1402.5344276875549,98767.107400998,0.9852502268622507,7083019.401360953,70.83019401360953
Vega Alta,1990-1994,1,1,4,5.651861124729051e-4,1.6107416376937742,0.002257695712586427,98597.46557231245,222.60307529449346,393858.00603012735,0.9979085471684102,6984252.293959955,70.8360225429692
Vega Alta,1990-1994,1,5,5,2.2742407850532127e-4,2.5,0.0011364742385105108,98374.86249701795,111.80049694486661,491594.81124272756,0.998692406173943,6590394.287929827,66.99266581571692
Vega Alta,1990-1994,1,10,5,2.9600050034428796e-4,2.5,0.0014789081078717067,98263.06200007309,145.32203909620875,490952.0049026249,0.9968173020948643,6098799.4766871,62.066043460792656
Vega Alta,1990-1994,1,15,5,9.801983369035307e-4,2.5,0.004889011182941099,98117.73996097688,479.6987279141031,489389.4529850991,0.9926369541504704,5607847.471784475,57.154266639394805
Vega Alta,1990-1994,1,20,5,0.0019795958579741455,2.5,0.009849235525245758,97638.04123306277,961.6600643280981,485786.0560044936,0.9892148099666794,5118458.018799376,52.42278474822714
Vega Alta,1990-1994,1,25,5,0.002359932475568898,2.5,0.011730454675489797,96676.38116873468,1134.0579074902198,480546.76107494783,0.9840084934175375,4632671.962794882,47.91937706800611
Vega Alta,1990-1994,1,30,5,0.004102271661697167,2.5,0.020303135861267668,95542.32326124446,1939.8087696742004,472862.09438203677,0.9781101647008843,4152125.2017199346,43.458491064390856
Vega Alta,1990-1994,1,35,5,0.004757810138260078,2.5,0.0235094173309954,93602.51449157025,2200.540576412881,462511.22101681906,0.9769499565261349,3679263.1073378976,39.307310570906175
Vega Alta,1990-1994,1,40,5,0.004567488049390787,2.5,0.02257960999986818,91401.97391515737,2063.8209242223675,451850.317265231,0.9737296129607426,3216751.8863210785,35.19346189729977
Vega Alta,1990-1994,1,45,5,0.006100940843576543,2.5,0.0300464255556922,89338.152990935,2684.2921631251666,439980.0345468621,0.9600954325717652,2764901.569055848,30.948720971838288
Vega Alta,1990-1994,1,50,5,0.010270735380235535,2.5,0.05006808672676447,86653.86082780984,4338.593019135762,422422.8215912098,0.9436329166622156,2324921.5345089855,26.82998209541805
Vega Alta,1990-1994,1,55,5,0.01300939988221352,2.5,0.06299808133143547,82315.26780867408,5185.703936229736,398612.07920279604,0.9278759676108186,1902498.7129177756,23.112343111605565
Vega Alta,1990-1994,1,60,5,0.017071476820599115,2.5,0.08186355466328046,77129.56387244434,6314.10026822683,369862.56869165465,0.9038053643096754,1503886.6337149797,19.498186664222345
Vega Alta,1990-1994,1,65,5,0.02368472051710034,2.5,0.11180351506749416,70815.46360421751,7917.417752085719,334283.77364087326,0.8544348012113286,1134024.065023325,16.013791441955433
Vega Alta,1990-1994,1,70,5,0.04042597392966561,2.5,0.18357670220476818,62898.04585213179,11546.615832658652,285623.68967901234,0.7783505063932515,799740.2913824518,12.714867060617056
Vega Alta,1990-1994,1,75,5,0.06196928391110245,2.5,0.2682831351316738,51351.43001947314,13776.722639119005,222315.3434995682,0.687102457141266,514116.60170343943,10.011729011411749
Vega Alta,1990-1994,1,80,5,0.09196551777051719,2.5,0.37386977114691006,37574.707380354135,14048.047249205112,152753.4187787579,0.47651555816104646,291801.2582038712,7.765895692814867
Vega Alta,1990-1994,1,85,NA,0.16315438870789936,5.910224343361666,1,23526.660131149023,23526.660131149023,139047.8394251133,0,139047.8394251133,5.910224343361666
Vega Alta,1990-1994,2,0,1,0.008737929543438565,0.13107119554725702,0.00867208553146915,100000,867.2085531469202,99246.45750870285,0.9910032616568186,7948229.693152685,79.48229693152685
Vega Alta,1990-1994,2,1,4,2.797073264864697e-4,1.5098905168402996,0.0011180505816292755,99132.79144685308,110.83547513568192,396255.17331970646,0.9989150295792423,7848983.235643982,79.17645736680346
Vega Alta,1990-1994,2,5,5,1.177892819226443e-4,2.5,5.887730317316637e-4,99021.9559717174,58.30145722547604,494964.0262155233,0.9993133358904988,7452728.062324275,75.26338971180209
Vega Alta,1990-1994,2,10,5,1.569841572643574e-4,2.5,7.846128568515079e-4,98963.65451449192,77.64815569306666,494624.1521832269,0.9982465679636574,6957764.036108752,70.3062560719186
Vega Alta,1990-1994,2,15,5,5.453448824604752e-4,2.5,0.002723011960708248,98886.00635879886,269.26777806167956,493756.86234884005,0.996450088884565,6463139.8839255255,65.35949950769184
Vega Alta,1990-1994,2,20,5,8.777354465315945e-4,2.5,0.004379068074478611,98616.73858073718,431.849411528121,492004.06937486556,0.9949341224912837,5969383.021576685,60.5311340395786
Vega Alta,1990-1994,2,25,5,0.0011544639298115744,2.5,0.005755707756569133,98184.88916920905,565.1235281690897,489511.63702562253,0.993808607254586,5477378.95220182,55.78637403931129
Vega Alta,1990-1994,2,30,5,0.0013303297623939725,2.5,0.006629599926731623,97619.76564103996,647.1799911413982,486480.87822734634,0.9918396019914835,4987867.315176197,51.09485033509716
Vega Alta,1990-1994,2,35,5,0.0019497400962109192,2.5,0.009701412399193135,96972.58564989857,940.7710448057333,482511.00063747854,0.9897430979768909,4501386.436948851,46.41916482664767
Vega Alta,1990-1994,2,40,5,0.0021753328893463794,2.5,0.010817833474361271,96031.81460509283,1038.8561786386272,477561.9325788676,0.9873694475645346,4018875.436311372,41.849416808773285
Vega Alta,1990-1994,2,45,5,0.0029136895940380008,2.5,0.014463095542738865,94992.9584264542,1373.8922336092219,471530.061548248,0.9835336034701069,3541313.503732505,37.27974749280257
Vega Alta,1990-1994,2,50,5,0.0037343604783411106,2.5,0.018499096653139313,93619.06619284498,1731.8681540780963,463765.66057902965,0.9768321415054758,3069783.442184257,32.79015233778171
Vega Alta,1990-1994,2,55,5,0.005664005804458409,2.5,0.027924616053752727,91887.19803876689,2565.9147254877025,453021.20338011516,0.9643737522785621,2606017.781605227,28.36105395776414
Vega Alta,1990-1994,2,60,5,0.008903698658148959,2.5,0.04354912262895727,89321.28331327919,3889.863520385843,436881.7577654313,0.9488643088764422,2152996.578225112,24.10395930691953
Vega Alta,1990-1994,2,65,5,0.01217305539182022,2.5,0.0590676912650113,85431.41979289334,5046.236728658187,414541.5071428212,0.9226979586815869,1716114.8204596806,20.08763081100563
Vega Alta,1990-1994,2,70,5,0.020318416182835364,2.5,0.09668106559478948,80385.18306423516,7771.725156682485,382496.6024294696,0.8705764703648965,1301573.3133168593,16.191706776070692
Vega Alta,1990-1994,2,75,5,0.03612663188338134,2.5,0.16567037755695446,72613.45790755267,12029.898987260269,332992.5420696127,0.7898905526859212,919076.7108873898,12.657112570751087
Vega Alta,1990-1994,2,80,5,0.06066302081891477,2.5,0.2633726523612635,60583.5589202924,15956.0526023223,263027.66309565626,0.5512117933056886,586084.1688177771,9.673980519844779
Vega Alta,1990-1994,2,85,NA,0.13778490439237917,7.238954904187334,1,44627.5063179701,44627.5063179701,323056.50572212087,0,323056.50572212087,7.238954904187334
Vega Alta,1995-1999,1,0,1,0.01279052425425249,0.12376714837685188,0.01264876352116685,100000,1264.8763521166838,98891.67378703412,0.9867414424602827,7182835.397122813,71.82835397122814
Vega Alta,1995-1999,1,1,4,4.904440617884877e-4,1.6148892755107243,0.001959484114370668,98735.12364788332,193.469906318438,394479.04744310724,0.9980784880941318,7083943.723335779,71.74694740444218
Vega Alta,1995-1999,1,5,5,2.3196752748796552e-4,2.5,0.0011591654156013112,98541.65374156488,114.22607701340166,492422.70351529086,0.998725907570093,6689464.675892672,67.88463986444197
Vega Alta,1995-1999,1,10,5,2.7802367233104703e-4,2.5,0.001389152818235348,98427.42766455148,136.73073853185633,491795.3114764277,0.9956679962389443,6197041.972377381,62.96051943465793
Vega Alta,1995-1999,1,15,5,0.0014611073546469406,2.5,0.007278948460410698,98290.69692601962,715.4529170623427,489664.8523374423,0.9903917255195569,5705246.660900953,58.0446251713437
Vega Alta,1995-1999,1,20,5,0.0024053133483930788,2.5,0.011954679864331786,97575.24400895728,1166.4808048111445,484960.0180327585,0.9879495372322608,5215581.808563511,53.45189613960614
Vega Alta,1995-1999,1,25,5,0.0024443270305767755,2.5,0.012147404579471492,96408.76320414613,1171.116251647225,479116.0253916126,0.9865349296524513,4730621.790530752,49.06837960895352
Vega Alta,1995-1999,1,30,5,0.0029818519547798127,2.5,0.014798939159743691,95237.64695249891,1409.4161429671803,472664.6944050766,0.9839301520828874,4251505.76513914,44.64102065918993
Vega Alta,1995-1999,1,35,5,0.0035023697614817175,2.5,0.0173598472968178,93828.23080953173,1628.8437589840469,465069.04465019854,0.9790753605879863,3778841.070734063,40.27403094069831
Vega Alta,1995-1999,1,40,5,0.004971513122749371,2.5,0.02455240905422636,92199.38705054768,2263.7170654140064,455337.64258920343,0.9734401081254165,3313772.0260838647,35.941367205262566
Vega Alta,1995-1999,1,45,5,0.005806668104079973,2.5,0.028617903846718938,89935.66998513367,2573.77035602479,443243.92403560644,0.9684589014770902,2858434.383494661,31.78309989759524
Vega Alta,1995-1999,1,50,5,0.007031554250467031,2.5,0.034550413485339576,87361.89962910888,3018.389755050448,429263.5237579183,0.9590963070308925,2415190.4594590547,27.645809783356817
Vega Alta,1995-1999,1,55,5,0.009727826985445142,2.5,0.047484336404569893,84343.50987405844,4004.995596401961,411705.0603792872,0.9421198235192222,1985926.9357011365,23.54569946954447
Vega Alta,1995-1999,1,60,5,0.014248976904785556,2.5,0.06879426479819964,80338.51427765648,5526.829024711027,387875.4988265048,0.9051570999834581,1574221.8753218492,19.594859196439828
Vega Alta,1995-1999,1,65,5,0.02617024503510407,2.5,0.12281591847384092,74811.68525294545,9188.065836916387,351088.26167243626,0.8559876604808666,1186346.3764953443,15.857768375143456
Vega Alta,1995-1999,1,70,5,0.0367232989724294,2.5,0.168176504706005,65623.61941602906,11036.3509395449,300527.219731283,0.7930676413039599,835258.1148229082,12.72801046720215
Vega Alta,1995-1999,1,75,5,0.058065216770503934,2.5,0.25352379811713704,54587.26847648416,13839.171632998128,238338.4132999255,0.6855862070690687,534730.8950916252,9.795890324169338
Vega Alta,1995-1999,1,80,5,0.09874804904738725,2.5,0.3959837005317487,40748.09684348603,16135.582177709668,163401.528773156,0.4486988071175427,296392.4817916996,7.273774844752798
Vega Alta,1995-1999,1,85,NA,0.17958960438127028,5.403387456522968,1,24612.514665776365,24612.514665776365,132990.9530185436,0,132990.9530185436,5.403387456522968
Vega Alta,1995-1999,2,0,1,0.009239278765114425,0.13004078753242326,0.009165607484883731,100000,916.5607484883658,99202.62953306637,0.9905102492093731,7946029.887367712,79.46029887367712
Vega Alta,1995-1999,2,1,4,2.851016584145199e-4,1.5090875566220943,0.0011395973334908714,99083.43925151163,112.91522316413466,396052.4950716202,0.9988873721459238,7846827.257834646,79.19413493425878
Vega Alta,1995-1999,2,5,5,1.2009618402193534e-4,2.5,6.003006855556742e-4,98970.5240283475,59.41207342402777,494704.0899581774,0.9993341590905994,7450774.762763025,75.28276561038463
Vega Alta,1995-1999,2,10,5,1.4633761731047869e-4,2.5,7.314205007190752e-4,98911.11195492347,72.34561503274017,494374.6957370355,0.9984999685440048,6956070.672804848,70.32648339829525
Vega Alta,1995-1999,2,15,5,4.5435651415111827e-4,2.5,0.002269205000570707,98838.76633989073,224.28542282871786,493633.1181423819,0.9966403888320254,6461695.977067812,65.37612939084116
Vega Alta,1995-1999,2,20,5,8.924863601815849e-4,2.5,0.004452497318095061,98614.48091706201,439.08071180856496,491974.70280578866,0.9950217906999771,5968062.858925431,60.51913272194543
Vega Alta,1995-1999,2,25,5,0.0011042947703230937,2.5,0.0055062724818512624,98175.40020525345,540.5805045449233,489525.5497649049,0.9940200963306557,5476088.156119642,55.77861811279494
Vega Alta,1995-1999,2,30,5,0.0012954131432231259,2.5,0.006456157238761114,97634.81970070853,630.3457479658682,486598.23413362796,0.9925826352405913,4986562.606354737,51.07360900179498
Vega Alta,1995-1999,2,35,5,0.0016840237791739974,2.5,0.008384818312315006,97004.47395274266,813.3648895754304,482988.9575397747,0.9911447087653653,4499964.372221109,46.38924565905426
Vega Alta,1995-1999,2,40,5,0.0018746936731311704,2.5,0.00932974234329854,96191.10906316723,897.438263275486,478711.9496576474,0.9884809547707283,4016975.4146813345,41.760360742316095
Vega Alta,1995-1999,2,45,5,0.0027647719517382196,2.5,0.013728966107639183,95293.67079989174,1308.2835766842327,473197.64505774813,0.9824615754152561,3538263.465023687,37.130099358369
Vega Alta,1995-1999,2,50,5,0.004326477481180598,2.5,0.021400911007031315,93985.38722320751,2011.3729079252516,464898.5038462244,0.9754643872584856,3065065.819965939,32.61215291571509
Vega Alta,1995-1999,2,55,5,0.005625800067236054,2.5,0.02773886703608857,91974.01431528226,2551.254953866912,453491.934191744,0.9646732156342535,2600167.3161197146,28.270673357873378
Vega Alta,1995-1999,2,60,5,0.008816367596016195,2.5,0.0431311869818693,89422.75936141534,3856.9097544519173,437471.522420947,0.9482379669987803,2146675.3819279703,24.00591747847842
Vega Alta,1995-1999,2,65,5,0.012537407294604648,2.5,0.06078191733847463,85565.84960696343,5200.856397806812,414827.1070403001,0.9115884979520226,1709203.8595070234,19.975304018578072
Vega Alta,1995-1999,2,70,5,0.02504111622280231,2.5,0.11782914766145124,80364.99320915662,9469.338651653234,378151.61941665004,0.8686702509449004,1294376.7524667233,16.10622611636387
Vega Alta,1995-1999,2,75,5,0.03164697233424797,2.5,0.14663358884742497,70895.65455750338,10395.684261454015,328489.06213388185,0.799365033204988,916225.1330500733,12.92357252032879
Vega Alta,1995-1999,2,80,5,0.06080703103671054,2.5,0.2639153786343434,60499.97029604937,15966.872568048399,262582.6700601258,0.5532302966350199,587736.0709161914,9.714650569912271
Vega Alta,1995-1999,2,85,NA,0.12506199109124563,7.301387449892572,1,44533.09772800097,44533.09772800097,325153.4008560657,0,325153.4008560657,7.301387449892572
Vega Alta,2000-2004,1,0,1,0.012993033640203986,0.12336305102265496,0.012846707415529174,100000,1284.6707415529236,98873.81016068459,0.9866750059985683,7406998.1005897,74.069981005897
Vega Alta,2000-2004,1,1,4,4.2252133036207047e-4,1.6142928705570105,0.0016883834104563684,98715.32925844708,166.66932427769643,394463.69283859956,0.99832353928375706,7308124.290429016,74.0323143865081
Vega Alta,2000-2004,1,5,5,1.8911892646869815e-4,2.5,9.451477690149147e-4,98548.65993416938,93.14304607619124,492510.44205565646,0.9989821996731072,6913660.597590416,70.15479055939217
Vega Alta,2000-2004,1,10,5,2.182233120466839e-4,2.5,0.0010905216171355448,98455.51688809319,107.3678694927221,492009.1647667341,0.9974041294826475,6421150.155534759,65.21879482724353
Vega Alta,2000-2004,1,15,5,8.2225937376031e-4,2.5,0.004102862825258247,98348.14901860047,403.5089645413682,490731.9726816489,0.9938974101926176,5929140.990768025,60.287265697767765
Vega Alta,2000-2004,1,20,5,0.0016287159344534226,2.5,0.00811055519605442,97944.6400540591,794.3854093161208,487737.2367470052,0.9911594851981843,5438409.018086377,55.52533569049544
Vega Alta,2000-2004,1,25,5,0.0019245035887351732,2.5,0.00957644319543354,97150.25464474298,930.3538950272923,483425.38848614664,0.9893209708214792,4950671.781339371,50.958917189078754
Vega Alta,2000-2004,1,30,5,0.0023724434757754083,2.5,0.011792276107587076,96219.90074971569,1134.6516366852593,478262.8746568653,0.9855312742919311,4467246.392853225,46.427468310046294
Vega Alta,2000-2004,1,35,5,0.003465183598466415,2.5,0.017177113363590794,95085.24911303043,1633.2901032198133,471343.0203071026,0.9824564495070146,3988983.518196359,41.951654493269984
Vega Alta,2000-2004,1,40,5,0.003615668257366733,2.5,0.01791639196256966,93451.95900981061,1674.321927289755,463073.9902308287,0.9792176757970393,3517640.4978892566,37.6411638146609
Vega Alta,2000-2004,1,45,5,0.004796953261688331,2.5,0.023700540347630798,91777.63708252086,2175.1795906845073,453450.236435893,0.9703148645341378,3054566.5076584276,33.28225267896086
Vega Alta,2000-2004,1,50,5,0.007293612808925006,2.5,0.03581501196949378,89602.45749183635,3209.1130875661765,439989.5047402663,0.9587238522839568,2601116.2712225346,29.029519323836865
Vega Alta,2000-2004,1,55,5,0.009613661176297068,2.5,0.04694013939227171,86393.34440427017,4055.3156289009785,421828.4329490984,0.9410037675083358,2161126.7664822685,25.01496824071844
Vega Alta,2000-2004,1,60,5,0.014861610870484345,2.5,0.07164611273287463,82338.0287753692,5899.199691842776,396942.144647239,0.90773265280551,1739298.33353317,21.12387628659709
Vega Alta,2000-2004,1,65,5,0.02428614629998899,2.5,0.11448003434369793,76438.82908352642,8750.71977867416,360317.3459709467,0.8607314487251924,1342356.188885931,17.561181993239433
Vega Alta,2000-2004,1,70,5,0.03650531679360777,2.5,0.16726172804382372,67688.10930485226,11321.630130348814,310136.4711983893,0.8160586310678946,982038.8429149843,14.508291825556816
Vega Alta,2000-2004,1,75,5,0.04542716585292764,2.5,0.20397124080181,56366.479174503445,11497.140696852854,253089.5441303851,0.7510601473813352,671902.371716595,11.920247309335586
Vega Alta,2000-2004,1,80,5,0.07209645643339578,2.5,0.30543104253766956,44869.33847765059,13704.48882920439,190085.47031524198,0.5461326449555461,418812.8275862099,9.334053984210632
Vega Alta,2000-2004,1,85,NA,0.1470699780879885,7.3392735678534455,1,31164.8496484462,31164.8496484462,228727.35727096794,0,228727.35727096794,7.3392735678534455
Vega Alta,2000-2004,2,0,1,0.008100141569914072,0.1323820220356027,0.008043612441555615,100000,804.3612441555597,99302.12172379282,0.9917581823377875,8171747.92672096,81.7174792672096
Vega Alta,2000-2004,2,1,4,2.0826921832101206e-4,1.510913042557589,8.326452298345698e-4,99195.63875584444,82.59477543045068,396576.9694451009,0.999106609573066,8072445.804997168,81.37903950461282
Vega Alta,2000-2004,2,5,5,1.042656132638434e-4,2.5,5.211922102556403e-4,99113.04398041399,51.65694645731128,495436.0775359267,0.9994357164352838,7675868.835552067,77.44559673768991
Vega Alta,2000-2004,2,10,5,1.2151638231998727e-4,2.5,6.073973897663488e-4,99061.38703395668,60.16962791106198,495156.51110000577,0.9986507875153708,7180432.75801614,72.48467816783952
Vega Alta,2000-2004,2,15,5,4.1873357209485957e-4,2.5,0.00209147842988953,99001.21740604562,207.05891073754174,494488.4397533842,0.9972451356616997,6685276.246916134,67.5272125139331
Vega Alta,2000-2004,2,20,5,6.850995194595976e-4,2.5,0.0034196406119480624,98794.15849530807,337.84051661379635,493126.1911850059,0.9956414174351197,6190787.80716275,62.6635005697909
Vega Alta,2000-2004,2,25,5,0.001062966533894196,2.5,0.005300746379455924,98456.31797869428,521.8919710601185,490976.8599658211,0.9949773637954858,5697661.615977744,57.86994408231582
Vega Alta,2000-2004,2,30,5,9.508637908127437e-4,2.5,0.0047430439821116626,97934.42600763416,464.5072899170773,488510.86181337805,0.9945444347723226,5206684.756011923,53.16501018350843
Vega Alta,2000-2004,2,35,5,0.0012381169279180098,2.5,0.006171482098448967,97469.91871771708,601.5338585036661,485845.75894232624,0.9922958779630142,4718173.894198545,48.406461770660364
Vega Alta,2000-2004,2,40,5,0.0018578449511054077,2.5,0.009246279371908016,96868.38485921342,895.6721487137984,482102.7439242826,0.9891620806125365,4232328.135256219,43.691531983395826
Vega Alta,2000-2004,2,45,5,0.0025044660045458692,2.5,0.01244441349635899,95972.71271049962,1194.3241213367146,476877.7532491563,0.9851344787369917,3750225.3913319358,39.0759548773456
Vega Alta,2000-2004,2,50,5,0.003493677842917487,2.5,0.01731713796158956,94778.3885891629,1641.2904309756705,469788.7168683753,0.9793345794318667,3273347.6380827795,34.536856838448706
Vega Alta,2000-2004,2,55,5,0.004873197050904162,2.5,0.02407270763488679,93137.09815818723,2242.0621339237987,460080.33545612666,0.9683368650486737,2803558.9212144045,30.1014201285587
Vega Alta,2000-2004,2,60,5,0.008046845277582928,2.5,0.0394407915204387,90895.03602426343,3584.972166075735,445512.74970612786,0.9482163192745408,2343478.5857582777,25.782250475512345
Vega Alta,2000-2004,2,65,5,0.013358372720574635,2.5,0.06463337192206695,87310.0638581877,5643.1438298856665,422442.4597162243,0.9276192872340304,1897965.8360521498,21.738225265015238
Vega Alta,2000-2004,2,70,5,0.01681068149446425,2.5,0.0806633910349417,81666.92002830203,6587.530704862234,391865.77337935456,0.8841604156567937,1475523.3763359257,18.06757712700046
Vega Alta,2000-2004,2,75,5,0.03339343372535598,2.5,0.15410216734625287,75079.3893234398,11569.896617775194,346472.20507276105,0.819877965643789,1083657.602956571,14.433489839511159
Vega Alta,2000-2004,2,80,5,0.047147723974720085,2.5,0.21088209308378644,63509.492705664605,13393.014752460018,284064.926647173,0.6146628413115348,737185.39788381,11.607483645008838
Vega Alta,2000-2004,2,85,NA,0.1200653046529394,9.041347072707914,1,50116.47795320459,50116.47795320459,453120.471236637,0,453120.471236637,9.041347072707914
Vega Alta,2005-2009,1,0,1,0.009860637833011447,0.12961359023611732,0.009776728424244503,100000,977.6728424244502,99149.04684475853,0.989780153805026,7478886.303596055,74.78886303596055
Vega Alta,2005-2009,1,1,4,3.7032724455187825e-4,1.6235427172577512,0.0014800064735319483,99022.32715757555,146.55368521741184,395741.03005775454,0.9985188455428426,7379737.256751296,74.52599296124218
Vega Alta,2005-2009,1,5,5,1.7953733072448682e-4,2.5,8.972839137255034e-4,98875.77347235814,88.71964099390607,494157.06825930596,0.998985613034483,6983996.226693542,70.63404898315156
Vega Alta,2005-2009,1,10,5,2.2644716053033282e-4,2.5,0.0011315951863596118,98787.05383136423,111.78695459022128,493655.8017703456,0.9974015939021397,6489839.158434236,65.6952394745247
Vega Alta,2005-2009,1,15,5,8.150330655011015e-4,2.5,0.004066878725917993,98675.26687677401,401.30034363544837,492373.0835247814,0.9930054417225788,5996183.35666389,60.76683191697818
Vega Alta,2005-2009,1,20,5,0.0019967566764063794,2.5,0.009934192966704456,98273.96653313856,976.2725471436424,488929.1512978337,0.9899235248226013,5503810.273139109,56.004763695817566
Vega Alta,2005-2009,1,25,5,0.002054535874291494,2.5,0.010220185029494984,97297.69398599492,994.4004354800563,484002.46884127444,0.9889177953827363,5014881.121841275,51.54162361302335
Vega Alta,2005-2009,1,30,5,0.002404998659866921,2.5,0.011953125174271243,96303.29355051486,1151.1253225038963,478638.6544463146,0.9863250042541951,4530878.653000001,47.04801347861874
Vega Alta,2005-2009,1,35,5,0.0031074946140826837,2.5,0.015417697044098186,95152.16822801097,1467.02730282853,472093.2728829835,0.9830596897222436,4052239.9985536863,42.58694335628166
Vega Alta,2005-2009,1,40,5,0.0037318481628072467,2.5,0.018486766301886382,93685.14092518244,1731.935306243162,464095.86636030424,0.9753863582335283,3580146.7256707028,38.21466980051651
Vega Alta,2005-2009,1,45,5,0.006267883995069961,2.5,0.030855916709114133,91953.20561893928,2837.3004537140223,452672.77696041134,0.9691187215873124,3116050.8593103983,33.88735431610224
Vega Alta,2005-2009,1,50,5,0.006278515969683402,2.5,0.030907447590223583,89115.90516522525,2754.345168349537,438693.6629052524,0.9591562483186212,2663378.0823499872,29.886674858006028
Vega Alta,2005-2009,1,55,5,0.010487326460627512,2.5,0.05109695615235234,86361.55999687572,4412.812844409098,420775.7678733558,0.9413083586579323,2224684.4194447347,25.76012313262077
Vega Alta,2005-2009,1,60,5,0.013799229505110392,2.5,0.06669528854180706,81948.74715246662,5465.595336973347,396079.7474198997,0.91206584389358,1803908.651571379,22.012644662098197
Vega Alta,2005-2009,1,65,5,0.02343518626485439,2.5,0.11069078350137826,76483.15181549327,8465.97999911182,361250.8090796868,0.8798998408744524,1407828.9041514792,18.407046136745294
Vega Alta,2005-2009,1,70,5,0.027963270638749208,2.5,0.13068070349594774,68017.17181638145,8888.53186276948,317864.5294249836,0.8454805834272386,1046578.0950717925,15.38696871868071
Vega Alta,2005-2009,1,75,5,0.040029891464997656,2.5,0.1819416918779112,59128.63995361197,10757.964791600018,268748.2877890598,0.7678658541845128,728713.5656468088,12.324206445785062
Vega Alta,2005-2009,1,80,5,0.06879296243390984,2.5,0.2934897404463841,48370.675162011954,14196.296898515247,206362.63356377167,0.551351713927432,459965.2778577491,9.509176299837636
Vega Alta,2005-2009,1,85,NA,0.14566070268081371,7.420841495304176,1,34174.37826349671,34174.37826349671,253602.6442939774,0,253602.6442939774,7.420841495304176
Vega Alta,2005-2009,2,0,1,0.006119289543794662,0.13645320777932513,0.006087123401091386,100000,608.7123401091376,99474.34841131361,0.9936931641514308,8240789.976756488,82.407899767564885
Vega Alta,2005-2009,2,1,4,1.952938723289762e-4,1.5140962502264244,7.807964268849377e-4,99391.28765989086,77.60436226833554,397372.2336644018,0.9991968806018694,8141315.628345175,81.91176329462714
Vega Alta,2005-2009,2,5,5,9.738111440180775e-5,2.5,4.8678706234252055e-4,99313.68329762253,48.344616142858285,496447.55494775553,0.999459790704603,7743943.394680773,77.97458655796483
Vega Alta,2005-2009,2,10,5,1.1876676266617392e-4,2.5,5.936575463685832e-4,99265.33868147967,58.92961740109604,496179.3693638956,0.9986334976189466,7247495.839733018,73.01134450352923
Vega Alta,2005-2009,2,15,5,4.284196261944651e-4,2.5,0.0021398062934414133,99206.40906407857,212.2824984650506,495501.3390742303,0.9972367737007248,6751316.470369122,68.05322896032219
Vega Alta,2005-2009,2,20,5,6.787464234834607e-4,2.5,0.00338798316377921,98994.12656561352,335.39043411731836,494132.1567427743,0.9962981138081435,6255815.131294891,63.19380096907591
Vega Alta,2005-2009,2,25,5,8.049880273221119e-4,2.5,0.004016856333470767,98658.7361314962,396.29796908202115,492302.93573477597,0.9957437584884309,5761682.974552117,58.40012958277432
Vega Alta,2005-2009,2,30,5,9.01344918965884e-4,2.5,0.004496592143626121,98262.43816241418,441.8461074546649,490207.57554343424,0.9943941805288535,5269380.038817341,53.62557796609715
Vega Alta,2005-2009,2,35,5,0.0013485425556085985,2.5,0.006720057070703089,97820.59205495952,657.3599612992839,487459.56037154933,0.9926328544150661,4779172.463273907,48.85650723304534
Vega Alta,2005-2009,2,40,5,0.0016101780948070972,2.5,0.008018611990590471,97163.23209366023,779.1142579107545,483868.37482352427,0.9905174779544634,4291712.902902357,44.17013319159013
Vega Alta,2005-2009,2,45,5,0.002203727619138356,2.5,0.01095826551475996,96384.11783574948,1056.2027546500613,479280.08229212224,0.9866916593872422,3807844.528078833,39.50697079126536
Vega Alta,2005-2009,2,50,5,0.003161685412342559,2.5,0.015684453789843025,95327.91508109942,1495.166278971592,472901.6597080681,0.9809152314089536,3328564.445786711,34.91699617006165
Vega Alta,2005-2009,2,55,5,0.004559233948944018,2.5,0.02253926528602929,93832.74880212783,2114.9212177684967,463876.4409662179,0.9706953827878929,2855662.7860786426,30.43354076837921
Vega Alta,2005-2009,2,60,5,0.007378847229423695,2.5,0.03622597137581936,91717.82758435933,3322.567396723345,450282.7194299883,0.9544059250551428,2391786.345112425,26.07766023363921
Vega Alta,2005-2009,2,65,5,0.011377530737659437,2.5,0.05531430322535058,88395.26018763598,4889.522225702662,429752.4953739233,0.93343548342667,1941503.6256824366,21.96388835285083
Vega Alta,2005-2009,2,70,5,0.016335650575115986,2.5,0.078473465111865,83505.73796193332,6552.984614596309,401146.22827317583,0.8908424591462604,1511751.1303085133,18.103559913423624
Vega Alta,2005-2009,2,75,5,0.030675868090716107,2.5,0.14245454813481515,76952.75334733701,10962.269705824787,357358.0924721231,0.8264877306436751,1110604.9020353374,14.43229584031213
Vega Alta,2005-2009,2,80,5,0.046859787769204186,2.5,0.20972926654750373,65990.48364151223,13840.1357332494,295352.0788744376,0.6078946832238113,753246.8095632144,11.414476269868919
Vega Alta,2005-2009,2,85,NA,0.11629681698123234,8.780281418146146,1,52150.347908262826,52150.347908262826,457894.7306887768,0,457894.7306887768,8.780281418146146
Vega Alta,2010-2014,1,0,1,0.010170508761648241,0.12899525829156902,0.01008120379924042,100000,1008.120379924032,99121.92236887326,0.9895059218433849,7667192.255621034,76.67192255621033
Vega Alta,2010-2014,1,1,4,3.577430250565051e-4,1.6226253329528886,0.0014297561080901893,98991.87962007597,141.53424453813932,395631.0385528192,0.9985937310889372,7568070.333252161,76.45142573610981
Vega Alta,2010-2014,1,5,5,1.5748918266485278e-4,2.5,7.87135999811123e-4,98850.34537553783,77.80866543884622,494057.20521409204,0.9991079702906869,7172439.294699341,72.5585658547864
Vega Alta,2010-2014,1,10,5,1.9950066157749233e-4,2.5,9.970060494712961e-4,98772.53671009898,98.47681662159448,493616.4915089409,0.997931821974646,6678382.0894852495,67.61375491536221
Vega Alta,2010-2014,1,15,5,6.290715805834505e-4,2.5,0.0031404190320068553,98674.05989347739,309.8778956548631,492595.6047282498,0.994442966943682,6184765.597976308,62.67873851195554
Vega Alta,2010-2014,1,20,5,0.0016026476076772388,2.5,0.007981260169593572,98364.18199782252,785.0701278938795,489858.2346693779,0.9922528374555717,5692169.9932480585,57.868320334062915
Vega Alta,2010-2014,1,25,5,0.0015078993514706068,2.5,0.007511181493097485,97579.11186992865,732.9344191902928,486063.22330166755,0.9901803296538872,5202311.75857868,53.313784670568396
Vega Alta,2010-2014,1,30,5,0.002443967744562554,2.5,0.012145629903508844,96846.17745073835,1176.2578288862132,481290.2426814762,0.988242226857375,4716248.535277013,48.69834472998146
Vega Alta,2010-2014,1,35,5,0.002286020017249804,2.5,0.011365147698405135,95669.91962185214,1087.3027667969,475631.3411922684,0.9867629193748751,4234958.292595536,44.266351527572745
Vega Alta,2010-2014,1,40,5,0.0030491744001753425,2.5,0.015130532916799425,94582.61685505524,1431.0853976824437,469335.3707810701,0.9814290686177942,3759326.9514032686,39.746489116116486
Vega Alta,2010-2014,1,45,5,0.004462062815068671,2.5,0.02206418463087773,93151.5314573728,2055.312588724497,460619.3758150527,0.9767005958348416,3289991.5806221985,35.318706296608084
Vega Alta,2010-2014,1,50,5,0.004973580308756281,2.5,0.024562492718484843,91096.2188686483,2237.5502126426727,449887.2188116348,0.9649008938555365,2829372.2048071455,31.059161839492145
Vega Alta,2010-2014,1,55,5,0.009395848015854967,2.5,0.04590104204227829,88858.66865600563,4078.7054858001793,434096.57956552773,0.9492559841656892,2379484.9859955106,26.778310118589538
Vega Alta,2010-2014,1,60,5,0.011484529462778153,2.5,0.05581998175130429,84779.96317020545,4732.415997037126,412068.77585843444,0.9323159544717802,1945388.406429983,22.946322853719504
Vega Alta,2010-2014,1,65,5,0.0167208215988774,2.5,0.0802495134978993,80047.54717316832,6423.776717346904,384178.29407247435,0.8995148622102083,1533319.6305715486,19.15511074005166
Vega Alta,2010-2014,1,70,5,0.026095437110803154,2.5,0.12248634854081866,73623.77045582142,9017.90680894097,345574.08525675465,0.8480159060149519,1149141.3364990742,15.608292395030576
Vega Alta,2010-2014,1,75,5,0.04091692176656454,2.5,0.1855992353508594,64605.86364688045,11990.798892042898,293052.321004295,0.7735406005252814,803567.2512423196,12.437992557988512
Vega Alta,2010-2014,1,80,5,0.06420715084585873,2.5,0.27663145959239605,52615.06475483755,14554.982159679144,226687.8683749899,0.5559623138361537,510514.9302380246,9.702828127586534
Vega Alta,2010-2014,1,85,NA,0.1442724212372578,7.457342247048622,1,38060.082595158405,38060.082595158405,283827.06186303473,0,283827.06186303473,7.457342247048622
Vega Alta,2010-2014,2,0,1,0.0055370672143920914,0.13764983186627636,0.0055107539657414,100000,551.075396574146,99524.78003910993,0.9942703498134239,8414906.02976069,84.14906029760691
Vega Alta,2010-2014,2,1,4,1.8754502589033887e-4,1.5150340032977387,7.498306502264929e-4,99448.92460342585,74.56985179970798,397610.39486760204,0.9992474736385427,8315381.24972158,83.61459194135045
Vega Alta,2010-2014,2,5,5,8.91423929676698e-5,2.5,4.4561265739180756e-4,99374.35475162615,44.28247029747581,496761.067582387,0.9995054909928497,7917770.854853978,79.6761989010491
Vega Alta,2010-2014,2,10,5,1.0871497042454095e-4,2.5,5.434271554548718e-4,99330.07228132867,53.978658630963764,496515.4147600659,0.9988904603220519,7421009.787271592,74.71060492388807
Vega Alta,2010-2014,2,15,5,3.354731214939568e-4,2.5,0.0016759600086307977,99276.0936226977,166.38276272472285,495964.5112066767,0.9975895877437702,6924494.372511526,69.74986746384593
Vega Alta,2010-2014,2,20,5,6.302108489523167e-4,2.5,0.0031460974828477033,99109.71085997298,311.8088118623273,494769.0322702091,0.9965870714298579,6428529.861304848,64.86276476366062
Vega Alta,2010-2014,2,25,5,7.374775372612795e-4,2.5,0.003680601783459135,98797.90204811066,363.6357344802818,493080.42090435256,0.9959214901529949,5933760.8290346395,60.05958331124413
Vega Alta,2010-2014,2,30,5,8.975872198554722e-4,2.5,0.004477887861985202,98434.26631363037,440.77760632924037,491069.38755232876,0.9946135602496127,5440680.408130287,55.27221984664609
Vega Alta,2010-2014,2,35,5,0.0012637960415339605,2.5,0.006299078332016515,97993.48870730113,617.2686613948463,488424.27188301855,0.9928941798182267,4949611.020577959,50.50959085008249
Vega Alta,2010-2014,2,40,5,0.0015898290706713232,2.5,0.007917675974764525,97376.22004590629,770.9933579708741,484953.61683460424,0.991340831478512,4461186.74869494,45.81392404215107
Vega Alta,2010-2014,2,45,5,0.001890205949783372,2.5,0.009406578820781492,96605.22668793541,908.724679339517,480754.3217413283,0.9883091727424785,3976233.131860336,41.159606660877586
Vega Alta,2010-2014,2,50,5,0.0028190823580984316,2.5,0.013996766695339034,95696.5020085959,1339.4416121743707,475133.90601254354,0.9821182729066288,3495478.8101190072,36.52671452719377
Vega Alta,2010-2014,2,55,5,0.004412511811255151,2.5,0.02182183628044886,94357.06039642153,2059.0443238751322,466637.69117241976,0.9717032030605084,3020344.904106464,32.009739296848736
Vega Alta,2010-2014,2,60,5,0.0071073213948348885,2.5,0.034916205242802895,92298.0160725464,3222.696472692536,453433.3391810006,0.9579202307406826,2553707.212934044,27.668061802399155
Vega Alta,2010-2014,2,65,5,0.010151770467748532,2.5,0.04950250711423807,89075.31959985386,4409.4516421948065,434352.9688937823,0.9403845282217432,2100273.8737530434,23.578628549276505
Vega Alta,2010-2014,2,70,5,0.014562572897121314,2.5,0.07025512600113659,84665.86795765905,5948.211221360922,408458.81173489295,0.9108590206542778,1665920.9048592611,19.676416778628894
Vega Alta,2010-2014,2,75,5,0.023158159893959956,2.5,0.10945392096308958,78717.65673629813,8615.956178814406,372048.3932344546,0.856618940927685,1257462.0931243682,15.974333399390048
Vega Alta,2010-2014,2,80,5,0.03991770681364449,2.5,0.1814780637168315,70101.70055748372,12721.920880429272,318703.7005863454,0.6400510850171272,885413.6998899137,12.630416849358316
Vega Alta,2010-2014,2,85,NA,0.12010831405391928,9.876475693931418,1,57379.77967705445,57379.77967705445,566709.9993035683,0,566709.9993035683,9.876475693931418
Vega Alta,2015-2019,1,0,1,0.01019883438749213,0.12893873592147884,0.010109027710338265,100000,1010.9027710338269,99119.4417544028,0.9895523630094167,7851890.61357981,78.51890613579809
Vega Alta,2015-2019,1,1,4,3.18552897506629e-4,1.6225414995087508,0.0012732473009017902,98989.09722896617,126.03760086548573,395656.73975030554,0.9987071898724672,7752771.171825406,78.31944515963109
Vega Alta,2015-2019,1,5,5,1.447116602870627e-4,2.5,7.232966277955928e-4,98863.05962810069,71.50731764256489,494136.52984639705,0.9991790814257261,7357114.432075101,74.41722378157034
Vega Alta,2015-2019,1,10,5,1.8380665972351235e-4,2.5,9.186111814854279e-4,98791.55231045812,90.75102458869515,493730.88399081887,0.9980692736701153,6862977.902228704,69.46927891831685
Vega Alta,2015-2019,1,15,5,5.896222714745412e-4,2.5,0.002943772073431107,98700.80128586943,290.5526624506165,492777.62477322057,0.9955973575031989,6369247.018237885,64.53085421049913
Vega Alta,2015-2019,1,20,5,0.0011766149421928245,2.5,0.00586582018177888,98410.24862341881,577.2568224691058,490608.10106092127,0.9931644605870219,5876469.393464665,59.71399804050728
Vega Alta,2015-2019,1,25,5,0.0015683211439904182,2.5,0.007810980405638447,97832.9918009497,764.1715819821984,487254.530049793,0.9916382235808461,5385861.292403744,55.051585291000585
Vega Alta,2015-2019,1,30,5,0.0017913684461017603,2.5,0.008916908558935671,97068.8202189675,865.5537938163179,483180.21661029675,0.9901378982502764,4898606.76235395,50.46529618165432
Vega Alta,2015-2019,1,35,5,0.0021749215514255066,2.5,0.010815798971430408,96203.26642515119,1040.5151900493802,478415.0441506325,0.9872395619092266,4415426.545743654,45.89684643586378
Vega Alta,2015-2019,1,40,5,0.0029671153769597757,2.5,0.014726340010073313,95162.75123510181,1401.3990309821384,472310.2585980537,0.984776812579912,3937011.501593021,41.37135013957869
Vega Alta,2015-2019,1,45,5,0.003170423542869563,2.5,0.015727460933316447,93761.35220411967,1474.6280038452242,465120.1910109853,0.979998067679746,3464701.2429949674,36.952338693369825
Vega Alta,2015-2019,1,50,5,0.004928937662773651,2.5,0.024344704486783247,92286.72420027445,2246.6930287089344,455816.88842959993,0.9726150519611577,2999581.051983982,32.50284456380197
Vega Alta,2015-2019,1,55,5,0.006194682614272245,2.5,0.030501052226499955,90040.03117156551,2746.315693239623,443334.36662472854,0.9610533177595817,2543764.163554382,28.251480263344227
Vega Alta,2015-2019,1,60,5,0.009764276454266904,2.5,0.047658017134915756,87293.71547832589,4160.2453880365065,426067.96392153815,0.9384715130823297,2100429.7969296537,24.061638176589796
Vega Alta,2015-2019,1,65,5,0.015820531689914763,2.5,0.07609307614330325,83133.47009028938,6325.8814696374175,399852.64677735337,0.9078962345571144,1674361.8330081154,20.140646495203782
Vega Alta,2015-2019,1,70,5,0.02315349892104552,2.5,0.10943309687894433,76807.58862065196,8405.292286561918,363024.71238685504,0.8606436299011697,1274509.186230762,16.593532086074017
Vega Alta,2015-2019,1,75,5,0.037865904058604204,2.5,0.17295662305570253,68402.29633409005,11830.63018319966,312434.90621245105,0.7942261742084623,911484.473843907,13.325349040798873
Vega Alta,2015-2019,1,80,5,0.055958400391807994,2.5,0.2454539727471742,56571.666150890385,13885.740201662884,248143.98025029473,0.5857705377679923,599049.567631456,10.589215563028409
Vega Alta,2015-2019,1,85,NA,0.13360062097595124,8.220638994654667,1,42685.9259492275,42685.9259492275,350905.58738116117,0,350905.58738116117,8.220638994654667
Vega Alta,2015-2019,2,0,1,0.005498725236861938,0.13772863498243476,0.0054727766502334066,100000,547.2776650233427,99528.09814073669,0.9943585410261669,8480328.398851475,84.80328398851475
Vega Alta,2015-2019,2,1,4,1.616363881298196e-4,1.5150957923900703,6.462859711508322e-4,99452.72233497666,64.27489923784742,397651.1723723468,0.9993327196646893,8380800.300710738,84.26918945951552
Vega Alta,2015-2019,2,5,5,7.626051337920429e-5,2.5,3.8122988492917103e-4,99388.44743573881,37.88984637921385,496847.512562746,0.9995765263097453,7983149.128338391,80.322706856850985
Vega Alta,2015-2019,2,10,5,9.316841709612396e-5,2.5,4.657336063233957e-4,99350.5575893596,46.270893476335914,496637.11071310716,0.9990054469769429,7486301.615775645,75.35238651320287
Vega Alta,2015-2019,2,15,5,3.0495608712505603e-4,2.5,0.0015236188435233029,99304.28669588326,151.301882452477,496143.1787732851,0.9978389576048184,6989664.505062538,70.38633212751631
Vega Alta,2015-2019,2,20,5,5.606725080071468e-4,2.5,0.002799438619356417,99152.98481343078,277.57269491118495,495070.99232987594,0.9970202849242624,6493521.326289252,65.4899228551481
Vega Alta,2015-2019,2,25,5,6.330999798422771e-4,2.5,0.0031604976217598163,98875.4121185196,312.49550485110376,493595.82183047023,0.995918320748498,5998450.333959376,60.66675430661343
Vega Alta,2015-2019,2,30,5,0.0010036683731325467,2.5,0.005005781504216249,98562.9166136685,493.3844249863032,491581.1220058767,0.994833304520321,5504854.512128906,55.85117305026569
Vega Alta,2015-2019,2,35,5,0.001068530590913051,2.5,0.005328419007787696,98069.53218868219,522.5555593990284,489041.2720449134,0.9940367276755343,5013273.39012303,51.11958095688349
Vega Alta,2015-2019,2,40,5,0.0013246777530568799,2.5,0.006601526526968176,97546.97662928316,643.9589538437576,486124.9857618064,0.9919037216259108,4524232.118078116,46.38003426053865
Vega Alta,2015-2019,2,45,5,0.0019294550013802504,2.5,0.009600963439584812,96903.0176754394,930.3623298873281,482189.1825524787,0.9894671425231361,4038107.13231631,41.67163447727996
Vega Alta,2015-2019,2,50,5,0.002307997801262944,2.5,0.011473785328041514,95972.65534555208,1101.169644796988,477110.3526157679,0.9837842588034869,3555917.949763831,37.051365693286854
Vega Alta,2015-2019,2,55,5,0.004247169681718703,2.5,0.021012736762326293,94871.48570075509,1993.509555280776,469373.65461557347,0.9779332181387609,3078807.5971480636,32.452402051120814
Vega Alta,2015-2019,2,60,5,0.0046828791351345295,2.5,0.023143450719449836,92877.97614547431,2149.516863845027,459016.088567759,0.9709240098156222,2609433.94253249,28.095292886715647
Vega Alta,2015-2019,2,65,5,0.007155572288232812,2.5,0.03514908194928131,90728.45928162929,3189.0220504220197,445669.74128209136,0.946022846824163,2150417.853964731,23.701690417663116
Vega Alta,2015-2019,2,70,5,0.015258922160877821,2.5,0.0734911225096629,87539.43723120727,6433.371505985604,421613.7573910723,0.911207303138079,1704748.1126826396,19.4740583970182
Vega Alta,2015-2019,2,75,5,0.022232214902277683,2.5,0.10530799933123604,81106.06572522166,8541.117515150821,384177.5348382313,0.8629759969873174,1283134.3552915673,15.8204487397858
Vega Alta,2015-2019,2,80,5,0.03775004915145294,2.5,0.17247307784261226,72564.94821007084,12515.499961280671,331535.9911471525,0.6311992037838238,898956.820453336,12.388306511994111
Vega Alta,2015-2019,2,85,NA,0.10148909235811338,9.449226360170853,1,60049.44824879017,60049.44824879017,567420.8293061835,0,567420.8293061835,9.449226360170853
Vega Alta,2020-2024,1,0,1,0.010022378026707445,0.12929084576660663,0.009935673612881998,100000,993.5673612881947,99134.89180317885,0.9897153087745872,7864896.951110348,78.64896951110349
Vega Alta,2020-2024,1,1,4,3.220981005311341e-4,1.6230638154043866,0.0012874067549772362,99006.4326387118,127.46155016527337,395722.76258411474,0.9986857414124265,7765762.059307169,78.43694447254262
Vega Alta,2020-2024,1,5,5,1.5181644109229665e-4,2.5,7.587942118695646e-4,98878.97108854653,75.02879093760566,494207.28346538864,0.9991606262734991,7370039.296723055,74.53596265805753
Vega Alta,2020-2024,1,10,5,1.840875677758214e-4,2.5,9.200144308318808e-4,98803.94229760893,90.90105273688096,493792.45885620243,0.997852684902476,6875832.0132576665,69.590664637114
Vega Alta,2020-2024,1,15,5,6.762906804221379e-4,2.5,0.0033757459383167983,98713.04124487205,333.2301480412716,492732.13085425703,0.9950636573406116,6382039.554401464,64.65244585636752
Vega Alta,2020-2024,1,20,5,0.0013046867642648205,2.5,0.006502225402770948,98379.81109683077,639.687706833618,490299.8362170698,0.9934022880226916,5889307.423547206,59.86296739023649
Vega Alta,2020-2024,1,25,5,0.0013432604723657557,2.5,0.006693823490569091,97740.12338999716,654.2551339190832,487064.9791151881,0.9905474743733572,5399007.587330136,55.2383954518588
Vega Alta,2020-2024,1,30,5,0.00246101256260681,2.5,0.012229818470796473,97085.86825607807,1187.3425448515045,482460.9849182616,0.9876834273027302,4911942.608214948,50.593795950395034
Vega Alta,2020-2024,1,35,5,0.0024963631545732133,2.5,0.012404401048535782,95898.52571122657,1189.5637728853762,476518.71912391944,0.9854407479489515,4429481.623296687,46.18925672157795
Vega Alta,2020-2024,1,40,5,0.0033764969357838307,2.5,0.016741168419246586,94708.96193834119,1585.5386826217873,469580.9629851515,0.9792827481345114,3952962.904172768,41.73800264801005
Vega Alta,2020-2024,1,45,5,0.005014286037169236,2.5,0.024761032931609046,93123.4232557194,2305.8321499390295,459852.53590374946,0.9726800167423001,3483381.941187616,37.40607700408689
Vega Alta,2020-2024,1,50,5,0.006079807505161815,2.5,0.029943904586216253,90817.59110578038,2719.433282821483,447289.3723218482,0.9669347651257536,3023529.405283867,33.29233211836891
Vega Alta,2020-2024,1,55,5,0.007390660365394244,2.5,0.03628291507107924,88098.15782295889,3196.457978208957,432499.64416927204,0.9564651236674389,2576240.0329620186,29.242836588469906
Vega Alta,2020-2024,1,60,5,0.010479514537024896,2.5,0.05105986616089535,84901.69984474994,4335.069430905438,413670.8256464861,0.9438275125466842,2143740.3887927467,25.249675715713117
Vega Alta,2020-2024,1,65,5,0.012703041906408164,2.5,0.061560204876265144,80566.6304138445,4959.698274466602,390433.906383056,0.9151786505609649,1730069.5631462603,21.473773375645195
Vega Alta,2020-2024,1,70,5,0.02319273712973474,2.5,0.10960838925089932,75606.9321393779,8287.154047999255,357316.7755768913,0.8706862173717607,1339635.6567632044,17.718423679638896
Vega Alta,2020-2024,1,75,5,0.032770446289697365,2.5,0.15144493608863838,67319.77809137864,10195.239490550164,311110.7917305178,0.8187460671288722,982318.8811863131,14.591831836595352
Vega Alta,2020-2024,1,80,5,0.048526800254540876,2.5,0.21638305772141914,57124.53860082848,12360.782333372503,254720.73717071113,0.6205040714315071,671208.0894557952,11.749908286279982
Vega Alta,2020-2024,1,85,NA,0.10734747448060303,9.304119828475558,1,44763.756267455974,44763.756267455974,416487.35228508414,0,416487.35228508414,9.304119828475558
Vega Alta,2020-2024,2,0,1,0.004889127422497806,0.13898152308236292,0.004868632286606041,100000,486.8632286606007,99580.80176439145,0.9949398397799087,8583249.841825983,85.83249841825983
Vega Alta,2020-2024,2,1,4,1.6535949192577598e-4,1.516078735269692,6.611664002434257e-4,99513.1367713394,65.79474241603748,397889.11812556296,0.9993369650567439,8483669.040061591,85.25174982229038
Vega Alta,2020-2024,2,5,5,7.774886690130708e-5,2.5,3.886687881118464e-4,99447.34202892336,38.65207790731802,497140.0799498485,0.999568412741083,8085779.921936028,81.30714966302821
Vega Alta,2020-2024,2,10,5,9.49270059518191e-5,2.5,4.745224172782724e-4,99408.68995101604,47.17165185403428,496925.5206254452,0.9989812517589183,7588639.841986179,76.33779145188923
Vega Alta,2020-2024,2,15,5,3.128910476852733e-4,2.5,0.0015632324348405844,99361.51829916201,155.3251481802581,496419.2786253594,0.9976695199491371,7091714.321360734,71.37284577323678
Vega Alta,2020-2024,2,20,5,6.207476125876339e-4,2.5,0.0030989289310992727,99206.19315098175,307.4329420997965,495262.38339965924,0.9967010050795597,6595295.0427353745,66.4806786074132
Vega Alta,2020-2024,2,25,5,7.011634903816857e-4,2.5,0.0034996828273423076,98898.76020888195,346.11429274847615,493628.5153125386,0.9962802096879515,6100032.659335716,61.679566522896415
Vega Alta,2020-2024,2,30,5,7.896901160810087e-4,2.5,0.003940670808434669,98552.64591613348,388.36353485568543,491792.32074352814,0.994900084707417,5606404.144023177,56.88740359943381
Vega Alta,2020-2024,2,35,5,0.0012566849879401968,2.5,0.006263746050625756,98164.2823812778,614.8761360782519,489284.22156619333,0.9928847100025923,5114611.823279649,52.1025743703203
Vega Alta,2020-2024,2,40,5,0.001600821318941217,2.5,0.007972201419727104,97549.40624519954,777.6835149615072,485802.82243859395,0.990795669405545,4625327.601713455,47.41523069948025
Vega Alta,2020-2024,2,45,5,0.0021002422427717324,2.5,0.0104463614896491,96771.72273023803,1010.91239761615,481331.3326571498,0.9874282594252822,4139524.7792748613,42.776181538219056
Vega Alta,2020-2024,2,50,5,0.002965738481922564,2.5,0.014719556521580603,95760.81033262188,1409.5566602433973,475280.16001250094,0.9838755364906965,3658193.446617712,38.20136268595788
Vega Alta,2020-2024,2,55,5,0.0035411460012775738,2.5,0.017550359046987304,94351.25367237849,1655.8983784836164,467616.52241568343,0.9771470035255269,3182913.2866052105,33.73472172036453
Vega Alta,2020-2024,2,60,5,0.005731023651821873,2.5,0.028250359562052876,92695.35529389487,2618.6771167847764,456930.0836775124,0.9648381287073793,2715296.7641895274,29.292694931483403
Vega Alta,2020-2024,2,65,5,0.008637433178963731,2.5,0.04227431203142345,90076.6781771101,3807.92960001326,440863.5668855173,0.9474831036356861,2258366.680512015,25.071602619177195
Vega Alta,2020-2024,2,70,5,0.013054929760011724,2.5,0.063211591579825685,86268.74857709683,5453.184901158122,417710.78063258884,0.9259040776342882,1817503.1136264976,21.067920233040446
Vega Alta,2020-2024,2,75,5,0.017910536940980125,2.5,0.08571469421221874,80815.56367593871,6927.081328071174,386760.11505951564,0.8806571672617008,1399792.3329939086,17.320826203810416
Vega Alta,2020-2024,2,80,5,0.03386856686476733,2.5,0.15612362568465965,73888.48234786754,11535.73776048606,340603.0673381225,0.6637786426648663,1013032.217934393,13.71028590308608
Vega Alta,2020-2024,2,85,NA,0.0972280277288608,10.784275095604245,1,62352.74458738148,62352.74458738148,672429.1505962705,0,672429.1505962705,10.784275095604245
Vega Baja,1980-1984,1,0,1,0.014844374271203815,0.11966879336052635,0.014652890793769609,100000,1465.289079376962,98710.06029667644,0.984918084917163,7185597.641681914,71.85597641681915
Vega Baja,1980-1984,1,1,4,4.1408000503371476e-4,1.608850840038372,0.0016546816750390159,98534.71092062304,163.04358051561576,393748.9821619051,0.9982134048033897,7086887.581385237,71.92275204515744
Vega Baja,1980-1984,1,5,5,2.2712042478896928e-4,2.5,0.001134957693761035,98371.66734010742,111.6476806957653,491579.2174987977,0.9987010209162009,6693138.5992233325,68.03929200551887
Vega Baja,1980-1984,1,10,5,2.9285161685558734e-4,2.5,0.001463186842696323,98260.01965941166,143.77276792873454,490940.6663772364,0.9967884050966124,6201559.381724535,63.11376084821014
Vega Baja,1980-1984,1,15,5,9.949818230513398e-4,2.5,0.004962564960428355,98116.24689148292,486.9082488724089,489363.9638352336,0.9927043098770533,5710618.715347298,58.20258006467851
Vega Baja,1980-1984,1,20,5,0.0019374291085383936,2.5,0.009640451315198188,97629.33864261051,941.1908861190896,485793.71599775483,0.9881897613305848,5221254.751512065,53.48038636854227
Vega Baja,1980-1984,1,25,5,0.00281997088846125,2.5,0.014001147372318765,96688.14775649142,1353.7450058951508,480056.37626771926,0.9867233105256313,4735461.03551431,48.97664445326373
Vega Baja,1980-1984,1,30,5,0.002524218161988489,2.5,0.012541944300964588,95334.40275059627,1195.6787692637154,473682.8168298221,0.9843050343295983,4255404.659246591,44.63661109179158
Vega Baja,1980-1984,1,35,5,0.0038136227848604423,2.5,0.018888034329105456,94138.72398133256,1778.0954502575914,466248.38128101884,0.9792673596491078,3781721.8424167684,40.17179841068032
Vega Baja,1980-1984,1,40,5,0.0045742700513387285,2.5,0.02261275810129138,92360.62853107497,2088.5285510564136,456581.82127773383,0.972581788337672,3315473.4611357497,35.897043078482845
Vega Baja,1980-1984,1,45,5,0.0065732411302080644,2.5,0.032334843837412974,90272.09998001855,2918.9342557292402,444063.16426076967,0.9626464403520704,2858891.639858016,31.66971456840843
Vega Baja,1980-1984,1,50,5,0.008692893234927718,2.5,0.042539977468758226,87353.16572428931,3716.001701735964,427475.82436710666,0.950121802676351,2414828.475597246,27.644430005194213
Vega Baja,1980-1984,1,55,5,0.011849413057166643,2.5,0.05754245450640906,83637.16402255335,4812.687705812845,406154.1008482346,0.9283092658245145,1987352.6512301397,23.76159778318447
Vega Baja,1980-1984,1,60,5,0.01812637364777577,2.5,0.08670284770434115,78824.4763167405,6834.306565464809,377036.61517004046,0.9010224165927471,1581198.550381905,20.059740632188568
Vega Baja,1980-1984,1,65,5,0.023822559039424242,2.5,0.11241760746958375,71990.1697512757,8092.9626447676055,339718.44214445946,0.8548683317412541,1204161.9352118645,16.726755046865634
Vega Baja,1980-1984,1,70,5,0.04004138063501764,2.5,0.18198916009778204,63897.20710650809,11628.599053907441,290414.5378977718,0.7953256687824211,864443.4930674051,13.528658484657921
Vega Baja,1980-1984,1,75,5,0.052592734641709465,2.5,0.2324064467510464,52268.60805260065,12147.561474128044,230974.13657768312,0.7207946760079124,574028.9551696333,10.982288921716794
Vega Baja,1980-1984,1,80,5,0.08197812348225085,2.5,0.3401736281720253,40121.046578472604,13648.121980657848,166484.9279407184,0.5146987626524334,343054.8185919501,8.550495259912287
Vega Baja,1980-1984,1,85,NA,0.1855162008073162,6.669829394890768,1,26472.924597814756,26472.924597814756,176569.89065123172,0,176569.89065123172,6.669829394890768
Vega Baja,1980-1984,2,0,1,0.011065552148896691,0.1262873026349371,0.010959593555411396,100000,1095.9593555411411,99042.44639526767,0.9887081644831254,7728218.649799149,77.28218649799149
Vega Baja,1980-1984,2,1,4,3.089006052095402e-4,1.5061687412853457,0.0012346513121568334,98904.04064445886,122.11200355929032,395311.635846295,0.9987484514325635,7629176.203403881,77.13715388867996
Vega Baja,1980-1984,2,5,5,1.4118421771121213e-4,2.5,7.056720141778547e-4,98781.92864089957,69.70764254839742,493735.37409812683,0.9992412881582093,7233864.567557586,73.2306472153904
Vega Baja,1980-1984,2,10,5,1.6242375182900926e-4,2.5,8.117891245567851e-4,98712.22099835117,80.13350746731157,493360.7712230876,0.9983157188837102,6740129.19345946,68.2805951004997
Vega Baja,1980-1984,2,15,5,5.121513014526074e-4,2.5,0.002557481962973591,98632.08749088386,252.24978472836665,492529.8129925984,0.9965785727290164,6246768.422236372,63.33403845694469
Vega Baja,1980-1984,2,20,5,8.593598441471788e-4,2.5,0.004287587768843891,98379.8377061555,421.81218884975533,490844.65805865306,0.9952683451583665,5754238.609243773,58.49001933130591
Vega Baja,1980-1984,2,25,5,0.00103821456548166,2.5,0.005177634089591927,97958.02551730574,507.19081226752314,488522.1505558599,0.9941328172405547,5263393.95118512,53.731115172949906
Vega Baja,1980-1984,2,30,5,0.0013163819920249385,2.5,0.006560320241554942,97450.83470503821,639.3086834718852,485655.9018165114,0.9920574674008579,4774871.80062926,48.99775168762509
Vega Baja,1980-1984,2,35,5,0.0018755274858286988,2.5,0.009333872592651641,96811.52602156633,903.6264493854687,481798.563984368,0.9899439253853066,4289215.898812749,44.30480620517496
Vega Baja,1980-1984,2,40,5,0.002168711080491817,2.5,0.010785081090297756,95907.89957218086,1034.3744740861002,476953.56167568907,0.9869625406691848,3807417.334828381,39.6986833390392
Vega Baja,1980-1984,2,45,5,0.003086512938747215,2.5,0.01531439450178895,94873.52509809476,1452.9305911276024,470735.2990126548,0.9807277544437695,3330463.773152692,35.10424820527275
Vega Baja,1980-1984,2,50,5,0.004713219609418102,2.5,0.02329165137707511,93420.59450696716,2175.9199186953774,461663.1727380973,0.9715982205134529,2859728.4741400373,30.611328146994005
Vega Baja,1980-1984,2,55,5,0.006841811815678084,2.5,0.033633769278256016,91244.67458827178,3068.9023329714983,448551.1171089302,0.9595899629899124,2398065.3014019397,26.28170150447528
Vega Baja,1980-1984,2,60,5,0.009714777506957838,2.5,0.047422148481294946,88175.77225530028,4181.484564343686,430425.1498656422,0.9353591240457175,1949514.1842930096,22.109408678026334
Vega Baja,1980-1984,2,65,5,0.017257086032301527,2.5,0.0827168027098075,83994.2876909566,6947.738923683675,402602.09114557377,0.8898513027237029,1519089.0344273674,18.085623155905672
Vega Baja,1980-1984,2,70,5,0.030120080508034507,2.5,0.1400542865725232,77046.54876727292,10790.699420475517,358255.9952851758,0.8330847637910733,1116486.9432817937,14.491070153632165
Vega Baja,1980-1984,2,75,5,0.043988337763822695,2.5,0.1981508702925529,66255.8493467974,13128.654210040186,298457.61120888655,0.7511057813479728,758230.9479966179,11.443985028821736
Vega Baja,1980-1984,2,80,5,0.07398338699678303,2.5,0.3121771312093905,53127.19513675722,16585.09536699435,224173.23726630022,0.5124266256227104,459773.3367877313,8.654199334337285
Vega Baja,1980-1984,2,85,NA,0.16826782633276047,6.447360742974622,1,36542.09976976287,36542.09976976287,235600.0995214311,0,235600.0995214311,6.447360742974622
Vega Baja,1985-1989,1,0,1,0.013932629231887659,0.12148813499922978,0.01376415623362052,100000,1376.4156233620452,98790.802543704,0.9855243685869072,7126554.525993689,71.26554525993689
Vega Baja,1985-1989,1,1,4,5.557509665697708e-4,1.6115285972681015,0.0022200569731079104,98623.58437663795,218.94997620825598,393971.3817497496,0.9978959479480015,7027763.723449985,71.25844966870548
Vega Baja,1985-1989,1,5,5,2.4223682695454898e-4,2.5,0.0012104510951915378,98404.6344004297,119.11399748192343,491725.3870084437,0.9986211045319362,6633792.341700235,67.41341383075418
Vega Baja,1985-1989,1,10,5,3.09748471033891e-4,2.5,0.0015475439817139711,98285.52040294778,152.10116558920708,491047.34910076583,0.9968100841011842,6142066.954691791,62.49208356948964
Vega Baja,1985-1989,1,15,5,9.693099055710625e-4,2.5,0.004834833398093917,98133.41923735857,474.45873279793886,489480.94935479795,0.9926457352771145,5651019.605591025,57.58506785463896
Vega Baja,1985-1989,1,20,5,0.001987008973581643,2.5,0.009885936257767116,97658.96050456063,965.4502585478767,485881.1768764335,0.9893733478700778,5161538.656236228,52.85268888352734
Vega Baja,1985-1989,1,25,5,0.002287965289605187,2.5,0.011374763786225083,96693.51024601275,1099.865838709331,480717.88663329044,0.9870968153028813,4675657.479359794,48.3554425469066
Vega Baja,1985-1989,1,30,5,0.0029108680574161036,2.5,0.014449191065262082,95593.64440730342,1381.2508326658426,474515.09495485254,0.9825208848461497,4194939.5927265035,43.88303865529796
Vega Baja,1985-1989,1,35,5,0.004153375329790539,2.5,0.02055346105374659,94212.39357463758,1936.3907621165563,466220.9909678965,0.9744315915319262,3720424.497771651,39.489756672239
Vega Baja,1985-1989,1,40,5,0.006233365287233711,2.5,0.030688593404071138,92276.00281252102,2831.820731266387,454300.46223443915,0.966948258847948,3254203.5068037547,35.26597823504974
Vega Baja,1985-1989,1,45,5,0.007226168628621352,2.5,0.035489706631360474,89444.18208125464,3174.3477819457185,439285.0409514089,0.9622549481411299,2799903.0445693154,31.30335567299137
Vega Baja,1985-1989,1,50,5,0.008180630434931464,2.5,0.04008338380101329,86269.83429930892,3457.986878669006,422704.2042998721,0.9486090790467815,2360618.0036179065,27.363191581287374
Vega Baja,1985-1989,1,55,5,0.01304619386395899,2.5,0.06317062865010149,82811.84742063991,5231.276461238114,400981.04595010425,0.9197897407624213,1937913.7993180344,23.40140764490458
Vega Baja,1985-1989,1,60,5,0.020698110652214788,2.5,0.098398876192366,77580.5709594018,7633.840996767234,368818.2523050909,0.895876720111006,1536932.7533679302,19.810794563141496
Vega Baja,1985-1989,1,65,5,0.02338625486415901,2.5,0.11047243312923492,69946.72996263456,7727.185448405813,330415.6861921583,0.8486040838610216,1168114.5010628393,16.70005876882085
Vega Baja,1985-1989,1,70,5,0.043803833022231946,2.5,0.19740177872703338,62219.54451422875,12282.248758694579,280392.1006744073,0.7878348613098916,837698.814870681,13.463596067938282
Vega Baja,1985-1989,1,75,5,0.05212034205434811,2.5,0.2305595975510559,49937.29575553417,11513.522812184012,220902.67174721084,0.7235722939053546,557306.7141962737,11.160130034364379
Vega Baja,1985-1989,1,80,5,0.08078078842410114,2.5,0.3360400014687927,38423.77294335016,12911.92471631995,159839.0529259509,0.5248598924011052,336404.0424490628,8.755101768507688
Vega Baja,1985-1989,1,85,NA,0.1589981567035289,6.920901533744565,1,25511.84822703021,25511.84822703021,176564.98952311193,0,176564.98952311193,6.920901533744565
Vega Baja,1985-1989,2,0,1,0.011040995259987942,0.12633777367200458,0.010935510229300418,100000,1093.5510229300417,99044.60577870368,0.9886952679681498,7831796.151611492,78.31796151611492
Vega Baja,1985-1989,2,1,4,3.274158425944258e-4,1.5062079248569282,0.001308594893443155,98906.44897706996,129.42847405998327,395303.02820537117,0.998638877252175,7732751.545832789,78.18248077661262
Vega Baja,1985-1989,2,5,5,1.7042502905645167e-4,2.5,8.517622412704642e-4,98777.02050300998,84.13453636966005,493674.7661741257,0.9991446528552623,7337448.517627418,74.28295042978978
Vega Baja,1985-1989,2,10,5,1.7186082950843904e-4,2.5,8.589351042934009e-4,98692.88596664032,84.77078430078109,493252.50287244964,0.9982261911354484,6843773.751453292,69.34414455938182
Vega Baja,1985-1989,2,15,5,5.38618121911457e-4,2.5,0.002689469117544708,98608.11518233953,265.20348052219197,492377.5672103922,0.9960720056746999,6350521.248580842,64.40160869962764
Vega Baja,1985-1989,2,20,5,0.0010366515696916287,2.5,0.0051698594910668935,98342.91170181734,508.41903544079105,490443.5109204847,0.9944013981720877,5858143.68137045,59.56854012145538
Vega Baja,1985-1989,2,25,5,0.0012095610119658487,2.5,0.00602957222113545,97834.49266637655,589.9001392500504,487697.7129837576,0.9940166957304616,5367700.170449966,54.86510967818122
Vega Baja,1985-1989,2,30,5,0.0011908861299152209,2.5,0.005936755649676367,97244.5925271265,577.317384085909,484779.66917541774,0.9922207317935601,4880002.457466207,50.182764209793206
Vega Baja,1985-1989,2,35,5,0.0019358808893144032,2.5,0.009632784637346216,96667.27514304059,931.1750429319945,481008.43810787296,0.9894083432201668,4395222.78829079,45.46753574865007
Vega Baja,1985-1989,2,40,5,0.0023254117861293937,2.5,0.011559855370833748,95736.1001001086,1106.6954709249112,475913.7618232307,0.987747416596417,3914214.350182917,40.88545852703349
Vega Baja,1985-1989,2,45,5,0.002607571057162489,2.5,0.012953412924230698,94629.40462918369,1225.7737529359147,470082.5887635786,0.9844783634755347,3438300.588359686,36.33437832387371
Vega Baja,1985-1989,2,50,5,0.0036578595185278373,2.5,0.01812356396523944,93403.63087624777,1692.8066787712887,462786.13768431067,0.9755103886916007,2968217.9995961078,31.778400601243817
Vega Baja,1985-1989,2,55,5,0.00629207548785248,2.5,0.03097316372856799,91710.82419747648,2840.5743735503493,451452.6850535065,0.9609821893603335,2505431.861911797,27.31882396473694
Vega Baja,1985-1989,2,60,5,0.009693258492349961,2.5,0.04731958991964209,88870.24982392613,4205.303777724344,433837.9896753198,0.937304464506889,2053979.1768582906,23.112112106444275
Vega Baja,1985-1989,2,65,5,0.016414042915061055,2.5,0.07883520353999754,84664.94604620179,6674.578254255219,406638.2845953709,0.9078396087978992,1620141.1871829706,19.135914718458064
Vega Baja,1985-1989,2,70,5,0.02252613057152025,2.5,0.1066259762019963,77990.36779194657,8315.799100169024,369162.3412093103,0.859983393771843,1213502.9025875998,15.55965097927014
Vega Baja,1985-1989,2,75,5,0.03893157956562247,2.5,0.1773924747184977,69674.56869177755,12359.744165178396,317473.48304594174,0.7729183760268403,844340.5613782895,12.118346438762124
Vega Baja,1985-1989,2,80,5,0.06714948386974182,2.5,0.28748606683022915,57314.82452659915,16477.21347421674,245381.0889474539,0.5342637658740417,526867.0783323478,9.192509663670608
Vega Baja,1985-1989,2,85,NA,0.13866764344578486,6.8928123396795105,1,40837.61105238241,40837.61105238241,281485.98938489385,0,281485.98938489385,6.8928123396795105
Vega Baja,1990-1994,1,0,1,0.018129179263510313,0.11311412923862836,0.017842301586618526,100000,1784.2301586618414,98417.5914820965,0.9816986193322369,6971194.523022646,69.71194523022646
Vega Baja,1990-1994,1,1,4,4.5785548224737144e-4,1.5992411453195183,0.0018294110392716736,98215.76984133816,179.67701357832993,392431.71818402194,0.9980615351123107,6872776.93154055,69.97630770133065
Vega Baja,1990-1994,1,5,5,2.3078169827591845e-4,2.5,0.0011532431228635438,98036.09282775983,113.05944984601228,489897.8155141841,0.998653849358272,6480345.2133565275,66.10162672172058
Vega Baja,1990-1994,1,10,5,3.0809329840668945e-4,2.5,0.001539280886719538,97923.03337791382,150.7310536482255,489238.33925544855,0.9965401317346912,5990447.397842344,61.17505954624019
Vega Baja,1990-1994,1,15,5,0.0010795892442826758,2.5,0.0053834165249687545,97772.30232426559,526.349028016688,487545.63905128627,0.9919117645358013,5501209.0585868955,56.26551618209751
Vega Baja,1990-1994,1,20,5,0.002173282965754108,2.5,0.010807694383513623,97245.9532962489,1051.0045432593033,483602.2551230962,0.9864630101026175,5013663.419535609,51.55652497191369
Vega Baja,1990-1994,1,25,5,0.0032859954808257003,2.5,0.01629610508496784,96194.9487529896,1567.6029935218103,477055.7362811435,0.9799293047370652,4530061.164412512,47.09250561632764
Vega Baja,1990-1994,1,30,5,0.004839413008084986,2.5,0.023907815556428236,94627.34575946779,2262.3331290117203,467480.89597480965,0.9760096022859683,4053005.4281313694,42.83122807262986
Vega Baja,1990-1994,1,35,5,0.00487366729424245,2.5,0.02407500258939046,92365.01263045607,2223.687918247306,456265.8433566621,0.9747625008030151,3585524.5321565596,38.819076943148524
Vega Baja,1990-1994,1,40,5,0.0053565174904144745,2.5,0.026428673324790646,90141.32471220876,2382.315623882838,444750.8345013367,0.9724366381680958,3129258.6887998977,34.715028859300425
Vega Baja,1990-1994,1,45,5,0.005829508082939307,2.5,0.02872885271687997,87759.00908832593,2521.2156466778542,432492.006324935,0.9597788635014207,2684507.854298561,30.589541543213087
Vega Baja,1990-1994,1,50,5,0.010688864806905774,2.5,0.05205334608685519,85237.79344164807,4436.912361697978,415096.6863039954,0.9432667148674709,2252015.8479736256,26.420391202586753
Vega Baja,1990-1994,1,55,5,0.012726463318269972,2.5,0.061670207507174474,80800.8810799501,4983.007102963049,391546.88764234283,0.9230424408085479,1836919.1616696303,22.733900139678585
Vega Baja,1990-1994,1,60,5,0.01956200447564913,2.5,0.09324964733208813,75817.87397698704,7069.990009822737,361414.3948603784,0.8886423357524765,1445372.2740272875,19.06374049034929
Vega Baja,1990-1994,1,65,5,0.02811149122465223,2.5,0.1313278984604535,68747.8839671643,9028.515125010796,321168.1320232945,0.8375558965393759,1083957.8791669093,15.76714535220654
Vega Baja,1990-1994,1,70,5,0.044016346027675846,2.5,0.19826452976995707,59719.36884215351,11840.232581648197,268996.2627566471,0.7745129155647847,762789.7471436147,12.772903698292135
Vega Baja,1990-1994,1,75,5,0.059622618058907784,2.5,0.25944161891208856,47879.136260505315,12421.840623537973,208341.07974368165,0.6945592199061116,493793.4843869676,10.313333175024075
Vega Baja,1990-1994,1,80,5,0.09006243411051895,2.5,0.36755493929660427,35457.29563696734,13032.504145467283,144705.2178211685,0.4930670911600882,285452.40464328596,8.05059719065762
Vega Baja,1990-1994,1,85,NA,0.16190479772856345,6.276410056051872,1,22424.79149150006,22424.79149150006,140747.18682211742,0,140747.18682211742,6.276410056051872
Vega Baja,1990-1994,2,0,1,0.009153952744689053,0.1302161555424229,0.009081645048171817,100000,908.1645048171777,99210.0931856002,0.990594674512479,7941111.689485099,79.41111689485099
Vega Baja,1990-1994,2,1,4,2.8391240479423946e-4,1.5092241635066246,0.0011348470982544755,99091.83549518282,112.45408197242068,396087.2440706393,0.9988712033198738,7841901.596299499,79.1377166152172
Vega Baja,1990-1994,2,5,5,1.282777716575873e-4,2.5,6.411832343966049e-4,98979.3814132104,63.4639199131052,494738.2472662693,0.9992770259957494,7445814.352228859,75.22591317422696
Vega Baja,1990-1994,2,10,5,1.610282492808012e-4,2.5,8.048172506218594e-4,98915.9174932973,79.60923675968661,494380.56437458727,0.9981819861395174,6951076.10496259,70.27257372842553
Vega Baja,1990-1994,2,15,5,5.67208487804845e-4,2.5,0.0028320265652604635,98836.30825653761,279.9070505948039,493481.773656201,0.9965025387842911,6456695.540588004,65.3271621986237
Vega Baja,1990-1994,2,20,5,8.346953129627647e-4,2.5,0.004164785746957624,98556.4012059428,410.4662950139318,491755.8402921792,0.9950976446944192,5963213.766931802,60.50559571946128
Vega Baja,1990-1994,2,25,5,0.0011317952718252655,2.5,0.005643009530363003,98145.93491092887,553.8384460687666,489345.0784394725,0.9927849721359169,5471457.926639623,55.748186938207645
Vega Baja,1990-1994,2,30,5,0.0017669645724328758,2.5,0.008795967454981317,97592.09646486011,858.4169043683214,485814.44006337976,0.9903459845841632,4982112.848200151,51.050372198880424
Vega Baja,1990-1994,2,35,5,0.002115060419799988,2.5,0.010519677714094606,96733.67956049179,1017.6071330748673,481124.3799697718,0.9892553250935829,4496298.408136771,46.48120932198221
Vega Baja,1990-1994,2,40,5,0.0022065178598460696,2.5,0.01097206416040706,95716.07242741692,1050.2028878557903,475954.8549174451,0.9873436825716464,4015174.028166999,41.9487963341974
Vega Baja,1990-1994,2,45,5,0.002892619015960682,2.5,0.014359255441441038,94665.86953956113,1359.3314023046842,469931.0191920439,0.9837542195350277,3539219.173249554,37.38643283438604
Vega Baja,1990-1994,2,50,5,0.003665237818987411,2.5,0.018159789229267177,93306.53813725644,1694.4270662851486,462296.6230205693,0.976175235576716,3069288.15405751,32.89467399961302
Vega Baja,1990-1994,2,55,5,0.00600780242787188,2.5,0.029594517109996568,91612.1110709713,2711.2161885727837,451282.51488342456,0.961003530935164,2606991.531036941,28.456843757451697
Vega Baja,1990-1994,2,60,5,0.009979968740312086,2.5,0.04868515294040407,88900.89488239851,4328.153663888355,433684.0902522717,0.9390867685971516,2155709.0161535162,24.248451255807606
Vega Baja,1990-1994,2,65,5,0.01531841817164211,2.5,0.07376710254786409,84572.74121851016,6238.686074219804,407266.99090700125,0.9085816801495573,1722024.9259012444,20.36146518476985
Vega Baja,1990-1994,2,70,5,0.023386900960888052,2.5,0.11047531658542505,78334.05514429035,8653.979541485634,370035.3268677377,0.867489556390573,1314757.934994243,16.783989193109885
Vega Baja,1990-1994,2,75,5,0.03414136373711922,2.5,0.15728224301516897,69680.07560280472,10959.438584275675,321001.78155333444,0.8030288274596492,944722.6081265055,13.55800205372451
Vega Baja,1990-1994,2,80,5,0.055598384207775534,2.5,0.2440675214617087,58720.63701852904,14331.800335765052,257773.6842532326,0.5867162466427723,623720.8265731711,10.621833451438183
Vega Baja,1990-1994,2,85,NA,0.14412432962482283,8.244125542988927,1,44388.83668276399,44388.83668276399,365947.14231993846,0,365947.14231993846,8.244125542988927
Vega Baja,1995-1999,1,0,1,0.01381121045865367,0.12173042009027954,0.013645688718350247,100000,1364.5688718350284,98801.54067017557,0.9857784017866238,7013916.099357313,70.13916099357313
Vega Baja,1995-1999,1,1,4,4.824689544985597e-4,1.6118855398916108,0.0019276547913252631,98635.43112816497,190.13506140864047,394087.6602231363,0.9980445177357992,6915114.5586871365,70.10781500718308
Vega Baja,1995-1999,1,5,5,2.448465174415137e-4,2.5,0.0012234836729164182,98445.29606675633,120.44621241309505,491925.3648027489,0.9986284414760491,6521026.898464001,66.24010652618745
Vega Baja,1995-1999,1,10,5,3.0419411216628297e-4,2.5,0.0015198147640743777,98324.84985434324,149.43555848403776,491250.66037550604,0.9963226145919419,6029101.533661252,61.31818703606118
Vega Baja,1995-1999,1,15,5,0.0011710665139673332,2.5,0.005838240150983376,98175.4142958592,573.171645581504,489444.14236534224,0.9906807211892642,5537850.873285745,56.40771585233146
Vega Baja,1995-1999,1,20,5,0.0025806952286887095,2.5,0.012820759958312099,97602.2426502777,1251.3349244121346,484882.87594035815,0.9868501978629711,5048406.730920403,51.724290281008614
Vega Baja,1995-1999,1,25,5,0.002714926370714336,2.5,0.01348311767423859,96350.90772586556,1299.1106268875592,478506.7620621089,0.9844522343708102,4563523.854980045,47.36357926138105
Vega Baja,1995-1999,1,30,5,0.0035595225025835332,2.5,0.017640631946979995,95051.797098978,1676.7737685220927,471067.05107358476,0.9793745081501687,4085017.0929179364,42.97674760072326
Vega Baja,1995-1999,1,35,5,0.004789459188812935,2.5,0.023663952111850347,93375.02333045591,2209.622080534813,461351.0614509425,0.976577313525264,3613950.0418443517,38.70360523557265
Vega Baja,1995-1999,1,40,5,0.004689455036130151,2.5,0.023175573159975135,91165.4012499211,2112.810426326032,450544.9801837904,0.9680958129553436,3152598.980393409,34.5810903826427
Vega Baja,1995-1999,1,45,5,0.008338244700274066,2.5,0.0408398909898555,89052.59082359506,3636.898101599829,436170.7088639757,0.9564315452773019,2702054.000209619,30.342227836606547
Vega Baja,1995-1999,1,50,5,0.00950317587671158,2.5,0.04641319743792505,85415.69272199523,3964.4154106031056,417167.42508346844,0.945599966089741,2265883.291345643,26.527716619011386
Vega Baja,1995-1999,1,55,5,0.012961969254373632,2.5,0.06277560753488853,81451.27731139213,5113.153417715323,394473.5030126723,0.9254391868469249,1848715.8662621744,22.697199200381416
Vega Baja,1995-1999,1,60,5,0.01822092282941717,2.5,0.08713539583885943,76338.1238936768,6651.752643071421,365061.23786070547,0.8981856170923314,1454242.3632495021,19.050014449856803
Vega Baja,1995-1999,1,65,5,0.02505587921403647,2.5,0.11789451900002826,69686.37125060539,8215.641219447512,327892.7532044081,0.8469499615797818,1089181.1253887967,15.629758098206823
Vega Baja,1995-1999,1,70,5,0.042699259454000486,2.5,0.19290413770586953,61470.73003115787,11857.958170810816,277708.7547287623,0.7773517653844265,761288.3721843886,12.384566960543852
Vega Baja,1995-1999,1,75,5,0.059638424271542353,2.5,0.2595014738642022,49612.77186034706,12874.587420248477,215877.3907511141,0.6800333040485765,483579.61745562626,9.747079216150924
Vega Baja,1995-1999,1,80,5,0.10050721589974478,2.5,0.4016214460327665,36738.18444009858,14754.842759450872,146803.81530186572,0.4516152625659452,267702.2267045122,7.286757110738537
Vega Baja,1995-1999,1,85,NA,0.16284558063992255,5.4995465729887325,1,21983.341680647707,21983.341680647707,120898.41140264647,0,120898.41140264647,5.4995465729887325
Vega Baja,1995-1999,2,0,1,0.007430869882818576,0.13375755605593945,0.007383343779653793,100000,738.3343779653806,99360.42342398335,0.9922654617133042,7852267.885272165,78.52267885272165
Vega Baja,1995-1999,2,1,4,2.7791950090300777e-4,1.5119872996705033,0.0011109098458382467,99261.66562203462,110.2707616538246,396772.30743266875,0.998915142071479,7752907.461848182,78.10575626817963
Vega Baja,1995-1999,2,5,5,1.311370265778836e-4,2.5,6.55470241843104e-4,99151.3948603808,64.99078876820568,495594.49732998345,0.9992783802897423,7356135.154415512,74.19093967133789
Vega Baja,1995-1999,2,10,5,1.5762460254524076e-4,2.5,7.878125661196669e-4,99086.40407161259,78.06151425922872,495236.8665724149,0.9983172360010626,6860540.6570855295,69.23796177048891
Vega Baja,1995-1999,2,15,5,5.163498920388777e-4,2.5,0.0025784210416281996,99008.34255735336,255.28519374661846,494403.49980240024,0.9964822483275422,6365303.790513114,64.29058022889166
Vega Baja,1995-1999,2,20,5,8.938952785553845e-4,2.5,0.004459510554204244,98753.05736360674,440.39030157294474,492664.31106410135,0.9949127413126186,5870900.290710715,59.450314222618744
Vega Baja,1995-1999,2,25,5,0.001146842480770494,2.5,0.005717818810080598,98312.6670620338,562.1340169964824,490158.00026767777,0.9941945500702686,5378235.979646613,54.70542240760316
Vega Baja,1995-1999,2,30,5,0.0011822006980817012,2.5,0.005893584989685979,97750.53304503731,576.1010742880462,487312.41253946646,0.9918293131595644,4888077.979378935,50.00564014445645
Vega Baja,1995-1999,2,35,5,0.0021032591096215056,2.5,0.010461288547020279,97174.43197074927,1016.5697722387995,483330.7354231493,0.9893113240793044,4400765.566839469,45.28727853191007
Vega Baja,1995-1999,2,40,5,0.002195680172445555,2.5,0.010918467207326218,96157.86219851047,1049.8964651410352,478164.5698296998,0.9873155382418034,3917434.8314163196,40.739620680512616
Vega Baja,1995-1999,2,45,5,0.00291508076127145,2.5,0.014469951116069765,95107.96573336943,1376.207614910687,472099.30962957046,0.9832085765363293,3439270.2615866195,36.16174770500766
Vega Baja,1995-1999,2,50,5,0.0038664111714614997,2.5,0.019146980608001164,93731.75811845875,1794.6801550479868,464172.09020467376,0.9777945401655759,2967170.9519570493,31.65598311094433
Vega Baja,1995-1999,2,55,5,0.005129679657915483,2.5,0.02532364285058995,91937.07796341076,2328.181727072253,453864.9354993732,0.961529989136019,2502998.8617523755,27.2251295907895
Vega Baja,1995-1999,2,60,5,0.010668751680740142,2.5,0.05195794243938085,89608.8962363385,4655.893872704124,436404.74649993225,0.9351486389675465,2049133.9262530021,22.867527804923796
Vega Baja,1995-1999,2,65,5,0.016330872008862747,2.5,0.07845141019720055,84953.00236363438,6664.682835913249,408103.3047283888,0.905738650572117,1612729.17975307,18.983780853911608
Vega Baja,1995-1999,2,70,5,0.023598051986397577,2.5,0.11141718842066513,78288.31952772113,8722.66444795733,369634.9365187123,0.8532855543228406,1204625.8750246812,15.387044737856902
Vega Baja,1995-1999,2,75,5,0.04112073163164182,2.5,0.18643753822017015,69565.6550797638,12969.649477744642,315404.1517044574,0.7667615176879303,834990.9385059688,12.00291922139697
Vega Baja,1995-1999,2,80,5,0.06804548753374054,2.5,0.29076442075017445,56596.00560201916,16456.10478564474,241839.76604598397,0.5345536642016846,519586.7868015114,9.180626464263659
Vega Baja,1995-1999,2,85,NA,0.14340544272747804,6.919474515548006,1,40139.90081637442,40139.90081637442,277747.0207555274,0,277747.0207555274,6.919474515548006
Vega Baja,2000-2004,1,0,1,0.011704184021028028,0.12593488599523964,0.011585660180806149,100000,1158.5660180806153,98987.33786132433,0.987973739582052,7210223.276418411,72.10223276418411
Vega Baja,2000-2004,1,1,4,3.892257743086945e-4,1.618092405875231,0.0015554610295823283,98841.43398191938,153.74399866691965,394999.5319297017,0.9983629886188327,7111235.938557087,71.94590013594818
Vega Baja,2000-2004,1,5,5,2.11073603162385e-4,2.5,0.001054811408700197,98687.68998325247,104.09690129260707,493178.20766303083,0.9988649503752468,6716236.406627385,68.05546272049884
Vega Baja,2000-2004,1,10,5,2.4322231613754303e-4,2.5,0.0012153725663613141,98583.59308195986,119.81579452514416,492618.4259234865,0.9971488597956787,6223058.198964355,63.12468438628185
Vega Baja,2000-2004,1,15,5,8.997992193209424e-4,2.5,0.004488898328575554,98463.77728743471,441.9938852907944,491213.90172394656,0.9923552509366066,5730439.773040868,58.19845562406784
Vega Baja,2000-2004,1,20,5,0.002174725637819319,2.5,0.0108148299690905,98021.78340214392,1060.0889207612054,487458.6947088166,0.9881815564729021,5239225.871316922,53.44960772466756
Vega Baja,2000-2004,1,25,5,0.002583180951212,2.5,0.012833029661639286,96961.69448138271,1244.3123013223812,481697.6916536076,0.9860375638236956,4751767.176608105,49.00664331439129
Vega Baja,2000-2004,1,30,5,0.00304429935475211,2.5,0.015106524814398002,95717.38218006033,1445.9570090722991,474972.0183776209,0.9840152187620624,4270069.484954498,44.61122303702149
Vega Baja,2000-2004,1,35,5,0.0034040257473221887,2.5,0.016876508562432387,94271.42517098803,1590.972514090885,467379.69456971297,0.9784639702388039,3795097.4665768766,40.25713475417804
Vega Baja,2000-2004,1,40,5,0.005325066957636292,2.5,0.026275537299512035,92680.45265689715,2435.228690721953,457314.1915576809,0.9725095640621808,3327717.7720071636,35.90528182168432
Vega Baja,2000-2004,1,45,5,0.005831415573748244,2.5,0.02873811809518995,90245.2239661752,2593.4779038668203,444742.4250712089,0.9677751629953557,2870403.5804494824,31.80670903454501
Vega Baja,2000-2004,1,50,5,0.007293552777550809,2.5,0.03581472246644811,87651.74606230838,3139.222958921164,430410.672914239,0.9569267643582635,2425661.1553782737,27.67384866074386
Vega Baja,2000-2004,1,55,5,0.010382969574277584,2.5,0.050601366743111456,84512.52310338721,4276.449175940172,411871.4925770856,0.933468838282984,1995250.4824640346,23.60893284446345
Vega Baja,2000-2004,1,60,5,0.01738622056455711,2.5,0.08330998824561331,80236.07392744704,6684.466375769771,384469.20369781076,0.9044129640821181,1583378.989886949,19.734003826242912
Vega Baja,2000-2004,1,65,5,0.023052073146424608,2.5,0.10897983775366557,73551.60755167727,8015.642257503074,347718.93211462867,0.8683794263529487,1198909.7861891382,16.30025265384969
Vega Baja,2000-2004,1,70,5,0.03408205608543124,2.5,0.15703047664667155,65535.965294174195,10291.143867643907,301951.9668017612,0.7923126199547789,851190.8540745096,12.98814857237139
Vega Baja,2000-2004,1,75,5,0.06183530931951271,2.5,0.2677807784364665,55244.82142653029,14793.50128617986,239240.3539172018,0.6860646823812111,549238.8872727484,9.941907188589205
Vega Baja,2000-2004,1,80,5,0.09290496853267027,2.5,0.3769690892312944,40451.32014035043,15248.897311511424,164134.35742297358,0.47053182592085696,309998.5333555466,7.663496080720521
Vega Baja,2000-2004,1,85,NA,0.16151759196433468,5.787704496635197,1,25202.422828839004,25202.422828839004,145864.17593257304,0,145864.17593257304,5.787704496635197
Vega Baja,2000-2004,2,0,1,0.006332532475631026,0.13601493597880981,0.006298074366283011,100000,629.8074366283108,99455.85578154367,0.9934085600228453,8039808.458934768,80.39808458934768
Vega Baja,2000-2004,2,1,4,2.352495464647241e-4,1.5137530330060576,9.404481285905486e-4,99370.19256337169,93.4525116339064,397248.424229879,0.9990929289217808,7940352.603153225,79.90678490523601
Vega Baja,2000-2004,2,5,5,1.0475796973016923e-4,2.5,5.236527066648613e-4,99276.74005173778,51.986533636940294,496253.73392459657,0.9994075946327723,7543104.178923345,75.98057888476474
Vega Baja,2000-2004,2,10,5,1.32282542048842e-4,2.5,6.611940491701804e-4,99224.75351810084,65.60681655655208,495959.75054911285,0.9987098066531416,7046850.444998749,71.01907734860983
Vega Baja,2000-2004,2,15,5,3.842906058774573e-4,2.5,0.0019196088103053868,99159.14670154429,190.3467716306477,495319.86657864484,0.9971006092951727,6550890.694449636,66.06441172963032
Vega Baja,2000-2004,2,20,5,7.777205919085266e-4,2.5,0.00388105701464598,98968.79992991364,384.10355519909353,493883.74076157046,0.9956792548240513,6055570.827870991,61.18666521327268
Vega Baja,2000-2004,2,25,5,9.547025047126307e-4,2.5,0.004762146440726229,98584.69637471455,469.47476095092134,491749.7949711954,0.9949998180519994,5561687.08710942,56.41531892505688
Vega Baja,2000-2004,2,30,5,0.0010506235835642884,2.5,0.005239356439227063,98115.22161376363,514.0606181482581,489290.9565234475,0.9931161392764589,5069937.292138225,51.67330011337418
Vega Baja,2000-2004,2,35,5,0.00171472463139389,2.5,0.008537026532782885,97601.16099561537,833.2237010499812,485922.74572545185,0.9914104499419399,4580646.335614778,46.93229351872729
Vega Baja,2000-2004,2,40,5,0.0017360069100854731,2.5,0.008642525838984692,96767.93729456539,836.3193984535465,481748.8879766931,0.9908053866560683,4094723.589889326,42.31487933265362
Vega Baja,2000-2004,2,45,5,0.0019598585692401464,2.5,0.009751513876117798,95931.61789611184,935.4785030723579,477319.39322287834,0.9864327677675346,3612974.701912633,37.66198028501163
Vega Baja,2000-2004,2,50,5,0.0035147193372260317,2.5,0.017420526036814554,94996.13939303948,1654.8827196933125,470843.4901659641,0.9784339337123588,3135655.308689755,33.00823937398354
Vega Baja,2000-2004,2,55,5,0.005224376426148371,2.5,0.02578510440178569,93341.25667334617,2406.8140483161114,460689.2482459406,0.9677097991298413,2664811.8185237907,28.54913157907734
Vega Baja,2000-2004,2,60,5,0.007948357998267064,2.5,0.03896747145775166,90934.44262503006,3543.4852975174144,445813.4998813568,0.9443632392905312,2204122.57027785,24.23858888503438
Vega Baja,2000-2004,2,65,5,0.015149198624322069,2.5,0.0729819480539618,87390.95732751265,6377.962308062517,421009.88086740696,0.9104364334362747,1758309.0703964932,20.120034431101693
Vega Baja,2000-2004,2,70,5,0.022710237905494885,2.5,0.1074506168481881,81012.99501945013,8704.89628755911,383302.7343783529,0.8612342462828702,1337299.1895290862,16.50721824576438
Vega Baja,2000-2004,2,75,5,0.03808030593640055,2.5,0.173850800505645,72308.09873189102,12570.820847580464,330113.44154050393,0.7945530558743379,953996.4551507334,13.193493839300457
Vega Baja,2000-2004,2,80,5,0.05550097805027979,2.5,0.24369202581230634,59737.277884310555,14557.498264140318,262292.643761202,0.5795804052375287,623883.0136102295,10.443780428335966
Vega Baja,2000-2004,2,85,NA,0.15187924425133298,8.003367278214824,1,45179.77962017024,45179.77962017024,361590.3698490275,0,361590.3698490275,8.003367278214824
Vega Baja,2005-2009,1,0,1,0.012303070626978692,0.12473983771739537,0.012171997836487619,100000,1217.1997836487571,98934.63351983324,0.9873909684280306,7373180.56967232,73.7318056967232
Vega Baja,2005-2009,1,1,4,3.935786868085461e-4,1.6163257705186629,0.0015728391671359283,98782.80021635124,155.36945721964003,394760.85069418204,0.9984245400891509,7274245.936152487,73.63879056091388
Vega Baja,2005-2009,1,5,5,1.7809628753800104e-4,2.5,8.90085135544422e-4,98627.4307591316,87.78681007564592,492917.6867704689,0.9989743784244693,6879485.085458305,69.7522487659586
Vega Baja,2005-2009,1,10,5,2.3239068757738683e-4,2.5,0.0011612787619620308,98539.64394905596,114.43199572933372,492412.1397559564,0.9975752255114669,6386567.398687836,64.81216232108196
Vega Baja,2005-2009,1,15,5,7.393117721600618e-4,2.5,0.0036897391917486587,98425.21195332662,363.16336200035585,491218.1513616322,0.9932799601771702,5894155.25893188,59.884608241706374
Vega Baja,2005-2009,1,20,5,0.001961888123288259,2.5,0.009761562880740158,98062.04859132627,957.238853538438,487917.1458227852,0.9881105713574582,5402937.107570248,55.09712661711766
Vega Baja,2005-2009,1,25,5,0.0028275007015563596,2.5,0.014038270458854177,97104.80973778783,1363.1835819546395,482116.08973405254,0.9852279695119406,4915019.961747462,50.61561806278693
Vega Baja,2005-2009,1,30,5,0.0031275111842326785,2.5,0.015516237902222356,95741.62615583319,1485.5498485795397,474994.25615771714,0.9845753651862637,4432903.87201341,46.30069542372536
Vega Baja,2005-2009,1,35,5,0.0030900049390188695,2.5,0.0153315879885751,94256.07630725365,1445.0953273625055,467667.643217862,0.9837375782851238,3957909.6158556924,41.99102881127574
Vega Baja,2005-2009,1,40,5,0.003471417400649352,2.5,0.017207748806663127,92810.98097989114,1597.0680472019594,460062.2347814508,0.9764666918693858,3490241.972637831,37.60591619427062
Vega Baja,2005-2009,1,45,5,0.0060851085869819774,2.5,0.029969621925589857,91213.91293268919,2733.646484946352,449235.44845108,0.964279124503887,3030179.7378563797,33.2205870840393
Vega Baja,2005-2009,1,50,5,0.00850712351123829,2.5,0.041649817208165546,88480.26644774283,3685.1869240782835,433188.3649285185,0.954902464198748,2580944.2894053,29.16971651446853
Vega Baja,2005-2009,1,55,5,0.00998205698134894,2.5,0.0486950919503438,84795.07952366455,4129.104194341562,413652.6371324688,0.9429748975222114,2147755.9244767814,25.328780119575065
Vega Baja,2005-2009,1,60,5,0.01360373859736219,2.5,0.06578150692494224,80665.97532932299,5306.329414733074,390064.0531097823,0.9167548873262632,1734103.2873443125,21.497332428756323
Vega Baja,2005-2009,1,65,5,0.02148263046578507,2.5,0.10193839040078297,75359.64591458991,7682.04100570624,357593.127058684,0.8812957178034752,1344039.2342345302,17.834999327860682
Vega Baja,2005-2009,1,70,5,0.029500974403489085,2.5,0.1373732594877644,67677.60490888367,9297.09318065847,315145.29159277224,0.8325625057670548,986446.1071758461,14.575665148078558
Vega Baja,2005-2009,1,75,5,0.04501046231377366,2.5,0.20228945665568243,58380.5117282252,11809.761996783374,262378.1536491676,0.7461880970779772,671300.8155830739,11.498714137829667
Vega Baja,2005-2009,1,80,5,0.07573733630480246,2.5,0.31839979974276367,46570.74973144183,14828.117388361443,195783.4551863055,0.5212213129485356,408922.6619339063,8.780675945567305
Vega Baja,2005-2009,1,85,NA,0.15755757207135399,6.714604020358231,1,31742.632343080386,31742.632343080386,213139.20674760078,0,213139.20674760078,6.714604020358231
Vega Baja,2005-2009,2,0,1,0.006458020824891542,0.13575702353922517,0.006422176735402916,100000,642.21767354029,99444.96788628382,0.9933300890423605,8132851.4935303265,81.32851493530326
Vega Baja,2005-2009,2,1,4,2.1368799626042667e-4,1.5135511184514994,8.54298075732309e-4,99357.78232645971,84.8811622505309,397220.07663489645,0.9991265232239714,8033406.5256440425,80.85331956432654
Vega Baja,2005-2009,2,5,5,1.0743917478732224e-4,2.5,5.370516229786336e-4,99272.90116420918,53.31467268803681,496231.21913932584,0.9994065572226469,7636186.449009146,76.92115732951116
Vega Baja,2005-2009,2,10,5,1.3001509267158087e-4,2.5,6.498642329617232e-4,99219.58649152114,64.47926047009241,495936.7343064305,0.9987638593390042,7139955.22986982,71.96114680925392
Vega Baja,2005-2009,2,15,5,3.648922298489141e-4,2.5,0.0018227983368703069,99155.10723105105,180.73976455295633,495323.6867438729,0.9973217438753075,6644018.49556339,67.00631647829809
Vega Baja,2005-2009,2,20,5,7.083072482539075e-4,2.5,0.0035352760870768995,98974.3674664981,349.9017145378748,493997.0830461458,0.9957507575881903,6148694.808819517,62.124113204368726
Vega Baja,2005-2009,2,25,5,9.956203486816658e-4,2.5,0.004965741759553056,98624.46575196022,489.7436280981201,491897.9696895558,0.9944694817658781,5654697.725773371,57.3356487425229
Vega Baja,2005-2009,2,30,5,0.001223352719488965,2.5,0.0060981132389084,98134.7221238621,598.4366481801262,489177.5189988602,0.9937440966044708,5162799.756083815,52.609307331277876
Vega Baja,2005-2009,2,35,5,0.0012870603640242036,2.5,0.006414661678134637,97536.28547568197,625.6622726684582,486117.2716967387,0.991967374414631,4673622.237084955,47.916754408800976
Vega Baja,2005-2009,2,40,5,0.0019415859027217411,2.5,0.009661035189285665,96910.62320301351,936.256940979918,482212.47366261773,0.9892520788859056,4187504.965388216,43.20996839134971
Vega Baja,2005-2009,2,45,5,0.002383196955796319,2.5,0.011845409916846624,95974.3662620336,1136.8557098833553,477029.6920354596,0.9871921693900729,3705292.4917255985,38.60710558493546
Vega Baja,2005-2009,2,50,5,0.0027754832069498466,2.5,0.013781788230262155,94837.51055215024,1307.0304867149825,470919.97654396377,0.9811207563845132,3228262.7996901385,34.039936106451755
Vega Baja,2005-2009,2,55,5,0.004868120675425828,2.5,0.024047932780207695,93530.48006543526,2249.214697514137,462029.36358339095,0.9666498462564295,2757342.823146175,29.48068716440992
Vega Baja,2005-2009,2,60,5,0.008764229213723971,2.5,0.04288158594788175,91281.26536792112,3914.2854263059126,446620.6132738408,0.9479412270104521,2295313.459562784,25.14550439579493
Vega Baja,2005-2009,2,65,5,0.012721548170372205,2.5,0.061647123717033195,87366.97994161521,5385.923021244307,423370.09215496527,0.9235646734008001,1848692.8462889432,21.160086425379134
Vega Baja,2005-2009,2,70,5,0.019330083732598938,2.5,0.09219507248578648,81981.0569203709,7558.249485234977,391009.6608887671,0.8841283551774451,1425322.754133978,17.386001201697233
Vega Baja,2005-2009,2,75,5,0.03055956076762214,2.5,0.14195276822160954,74422.80743513592,10564.523534241336,345702.7283400763,0.8167175804725914,1034313.0932452108,13.897797313635053
Vega Baja,2005-2009,2,80,5,0.052347847120668305,2.5,0.23144952475789715,63858.28390089459,14779.96946071693,282341.49585268064,0.5899836682075255,688610.3649051345,10.78341481856652
Vega Baja,2005-2009,2,85,NA,0.12052318056096306,8.27797110977928,1,49078.31444017766,49078.31444017766,406268.8690524539,0,406268.8690524539,8.27797110977928
Vega Baja,2010-2014,1,0,1,0.009476772608864778,0.13037957409764078,0.009399311053305229,100000,939.9311053305282,99182.6167118636,0.9901482880308252,7560677.429896136,75.60677429896135
Vega Baja,2010-2014,1,1,4,3.7086317569402566e-4,1.6246798757963914,0.0014821470516264994,99060.06889466947,146.8215890461579,395891.527303549,0.9985431482181121,7461494.8131842725,75.322931797252
Vega Baja,2010-2014,1,5,5,1.72623374120454e-4,2.5,8.627445459159699e-4,98913.24730562331,85.33686463176855,494352.8943665371,0.9990291228348502,7065603.285880723,71.43232558172252
Vega Baja,2010-2014,1,10,5,2.159371403782105e-4,2.5,0.001079103155766979,98827.91044099155,106.64551003472297,493872.93842987093,0.9977105983288821,6571250.391514186,66.4918479222301
Vega Baja,2010-2014,1,15,5,7.014293816675446e-4,2.5,0.003501007634287394,98721.26493095682,345.6239021897927,492742.26489930967,0.9937955523388193,6077377.453084315,61.560976323942775
Vega Baja,2010-2014,1,20,5,0.0017914647319710877,2.5,0.008917385704876267,98375.64102876703,877.2535350179533,489685.0713062903,0.9900698016955468,5584635.188185005,56.76847570987563
Vega Baja,2010-2014,1,25,5,0.0022024857096699523,2.5,0.010952123807906137,97498.38749374908,1067.814410902749,484822.40144148853,0.9886366948332442,5094950.116878715,52.256762884466866
Vega Baja,2010-2014,1,30,5,0.002369764716681438,2.5,0.011779039701703473,96430.57308284633,1135.8595488008577,479313.2165422295,0.9867715828641899,4610127.715437227,47.80773947570063
Vega Baja,2010-2014,1,35,5,0.0029607684173093003,2.5,0.014695070336192658,95294.71353404547,1400.3625180501404,472972.661375102,0.9854464035627927,4130814.498894997,43.347782323929245
Vega Baja,2010-2014,1,40,5,0.0029029180554427936,2.5,0.01441001256309257,93894.35101599533,1353.0187777439132,466089.20813561685,0.9777345261849878,3657841.8375198953,38.95699579303515
Vega Baja,2010-2014,1,45,5,0.00613998105803442,2.5,0.030235787385616008,92541.33223825142,2798.0600459374255,455711.5110764135,0.9695864719532927,3191752.6293842783,34.490022481705594
Vega Baja,2010-2014,1,50,5,0.006214432992768433,2.5,0.030596810393879157,89743.27219231399,2745.857883394521,441851.71625308366,0.9650627886723733,2736041.1183078648,30.487423195854802
Vega Baja,2010-2014,1,55,5,0.008041395471229614,2.5,0.039414606265342024,86997.41430891947,3428.9688310888887,426414.6494668751,0.9516020699633904,2294189.402054781,26.370776882038523
Vega Baja,2010-2014,1,60,5,0.011893392102278248,2.5,0.057749856299345384,83568.44547783058,4826.065717504389,405777.0630953919,0.9266025787944059,1867774.7525879059,22.350239278812452
Vega Baja,2010-2014,1,65,5,0.018849047887049664,2.5,0.09000401448749457,78742.37976032619,7087.130288728193,375994.0730798105,0.8906311884358201,1461997.6894925141,18.566846645256355
Vega Baja,2010-2014,1,70,5,0.027955990158339834,2.5,0.13064890222939218,71655.249471598,9361.679682437512,334872.0481518962,0.8402825133969041,1086003.6164127036,15.155953324022171
Vega Baja,2010-2014,1,75,5,0.04276062384976308,2.5,0.1931545921042543,62293.56978916049,12032.289063343196,281387.12628744444,0.762653996625557,751131.5682608073,12.057931032096821
Vega Baja,2010-2014,1,80,5,0.06841605463405448,2.5,0.29211660854581023,50261.28072581729,14682.154866794648,214601.01646209983,0.5431536867991961,469744.4419733629,9.346049984995172
Vega Baja,2010-2014,1,85,NA,0.1292370635032171,7.17115497784385,1,35579.12585902264,35579.12585902264,255143.42551126308,0,255143.42551126308,7.17115497784385
Vega Baja,2010-2014,2,0,1,0.006785074197980565,0.13508484055311648,0.006745488209146556,100000,674.548820914657,99416.57249900389,0.9930621245851978,8251550.859594542,82.51550859594542
Vega Baja,2010-2014,2,1,4,1.8966414605683463e-4,1.5130250906837186,7.5829890223904e-4,99325.45117908534,75.31838059349684,397114.489793595,0.9992094687940157,8152134.287095538,82.07497867185232
Vega Baja,2010-2014,2,5,5,9.039813723859935e-5,2.5,4.518885614825031e-4,99250.13279849185,44.84999973725644,496138.53899311606,0.9994878983430133,7755019.7973019425,78.13611507248062
Vega Baja,2010-2014,2,10,5,1.1450116179075642e-4,2.5,5.723419744012556e-4,99205.28279875459,56.77934742807702,495884.46562520275,0.9987524623995957,7258881.258308827,73.17030961984167
Vega Baja,2010-2014,2,15,5,3.849941730778664e-4,2.5,0.0019231198905093913,99148.50345132651,190.67445910147217,495265.8311088789,0.9976475128526199,6762996.792683624,68.21078036748865
Vega Baja,2010-2014,2,20,5,5.573117546139794e-4,2.5,0.002782681719990147,98957.82899222504,275.36814178658824,494100.72460665874,0.9966788329851937,6267730.961574745,63.33739356859972
Vega Baja,2010-2014,2,25,5,7.737247203282419e-4,2.5,0.0038611549241067133,98682.46085043845,381.0282696356444,492459.7335781032,0.9955966208540877,5773630.236968086,58.50715706936521
Vega Baja,2010-2014,2,30,5,9.919950684338724e-4,2.5,0.004947705094534753,98301.43258080281,486.3664987801021,490291.24665706384,0.9950290193683899,5281170.503389983,53.724247599839536
Vega Baja,2010-2014,2,35,5,0.0010013749999397672,2.5,0.004994371901791697,97815.0660820227,488.52481761196395,487854.0183660836,0.9929499526071657,4790879.256732919,48.97895026432363
Vega Baja,2010-2014,2,40,5,0.0018315565174445568,2.5,0.00911604122542349,97326.54126441074,887.2327624942554,484414.6244158181,0.9894394757990138,4303025.238366836,44.21224860623211
Vega Baja,2010-2014,2,45,5,0.0024181905224851643,2.5,0.012018296286981825,96439.30850191649,1159.0361832876806,479298.9520513632,0.9851810752765763,3818610.6139510176,39.595997454452224
Vega Baja,2010-2014,2,50,5,0.0035621668492760695,2.5,0.01765362138421901,95280.2723186288,1682.0418528983428,472196.2569608982,0.9790512298207753,3339311.6618996547,35.047251447105346
Vega Baja,2010-2014,2,55,5,0.004920417926747004,2.5,0.024303135672635517,93598.23046573046,2274.7304937272565,462304.3260943342,0.9698828741823081,2867115.4049387565,30.63215394855682
Vega Baja,2010-2014,2,60,5,0.007347724751133377,2.5,0.03607593367863991,91323.4999720032,3294.5805282912625,448381.0485392879,0.9582772105780334,2404811.078844422,26.332883426299457
Vega Baja,2010-2014,2,65,5,0.009748109330512563,2.5,0.04758098504195663,88028.91944371194,4188.502699310862,429673.3404702826,0.9367984103793663,1956430.0303051344,22.22485568002602
Vega Baja,2010-2014,2,70,5,0.01658043645852343,2.5,0.07960256895152709,83840.41674440108,6673.912554820956,402517.302334953,0.8992633909284684,1526756.6898348518,18.210270763435936
Vega Baja,2010-2014,2,75,5,0.026370702298472222,2.5,0.12369847250907941,77166.50418958013,9545.378697116525,361969.0742051093,0.8361354205735669,1124239.3874998987,14.569007619392792
Vega Baja,2010-2014,2,80,5,0.04685261323486074,2.5,0.20970052248630594,67621.1254924636,14180.185346881699,302655.16409511375,0.6029555935519304,762270.3132947894,11.272665276471104
Vega Baja,2010-2014,2,85,NA,0.11399132988333004,8.600431578254582,1,53440.9401455819,53440.9401455819,459615.14919967565,0,459615.14919967565,8.600431578254582
Vega Baja,2015-2019,1,0,1,0.009909726320632625,0.12951563661349363,0.009824973526738725,100000,982.4973526738759,99144.75141742875,0.989827648755108,7690577.406720553,76.90577406720553
Vega Baja,2015-2019,1,1,4,3.199470170150313e-4,1.6233973547639362,0.001278815673340109,99017.50264732612,126.62513432039123,395769.0729601253,0.9986893875280769,7591432.655303123,76.66758353158812
Vega Baja,2015-2019,1,5,5,1.5311895257820714e-4,2.5,7.653018073631616e-4,98890.87751300573,75.6813672924327,494265.18414679763,0.9991583759311669,7195663.582342998,72.76367409518288
Vega Baja,2015-2019,1,10,5,1.8368526889842433e-4,2.5,9.180047846028471e-4,98815.1961457133,90.71282285322377,493849.19867143343,0.997967657811642,6701398.398196201,67.8174881959885
Vega Baja,2015-2019,1,15,5,6.305330653947418e-4,2.5,0.003147703499133054,98724.48332286008,310.75540160547826,492845.5281102867,0.9949736353219679,6207549.199524768,62.87750505843755
Vega Baja,2015-2019,1,20,5,0.0013869842946858204,2.5,0.006910957997918237,98413.7279212546,680.1331400823401,490368.3067560671,0.992433193515291,5714703.671414481,58.068155653925444
Vega Baja,2015-2019,1,25,5,0.0016522404832003915,2.5,0.008227219055034743,97733.59478117226,804.0756933006924,486657.78467260953,0.9899659103725726,5224335.364658413,53.454857322661866
Vega Baja,2015-2019,1,30,5,0.0023853299826070494,2.5,0.011855949036264092,96929.51908787157,1149.191438415408,481774.6168433193,0.9888428214708436,4737677.579985804,48.87755169496773
Vega Baja,2015-2019,1,35,5,0.0021009824655097713,2.5,0.010450024034397794,95780.32764945616,1000.9067259592994,476399.3714323825,0.986122645450522,4255902.963142484,44.433998792722335
Vega Baja,2015-2019,1,40,5,0.0034985094097553775,2.5,0.017340878978081273,94779.42092349686,1643.5584678469895,469788.20844786684,0.9801469467317689,3779503.5917101023,39.876837765877525
Vega Baja,2015-2019,1,45,5,0.004532699828684808,2.5,0.022409559625732888,93135.86245564987,2087.1336629939324,460461.4781207645,0.9745476286882733,3309715.3832622357,35.53642276988932
Vega Baja,2015-2019,1,50,5,0.00579576464991086,2.5,0.02856493416046861,91048.72879265594,2600.800943356575,448741.64160488825,0.9667513601577926,2849253.905141471,31.29372527133288
Vega Baja,2015-2019,1,55,5,0.007761759223951198,2.5,0.038070069340113276,88447.92784929936,3367.218746212151,433821.5923809664,0.9521444196262454,2400512.2635365827,27.140401385396597
Vega Baja,2015-2019,1,60,5,0.011952465078793342,2.5,0.058028370222313,85080.70910308721,4937.0948866108665,413060.8082989089,0.9301854846705951,1966690.6711556164,23.115588620361578
Vega Baja,2015-2019,1,65,5,0.017172210614128373,2.5,0.08232672348356466,80143.61421647634,6597.961166573325,384223.16816594836,0.8992678865590884,1553629.8628567075,19.385572737712945
Vega Baja,2015-2019,1,70,5,0.02571050863464487,2.5,0.12078869613580648,73545.65304990302,8883.483538354194,345519.5564036296,0.8520433317669215,1169406.694690759,15.900418939747263
Vega Baja,2015-2019,1,75,5,0.03928457322607498,2.5,0.17885705813692404,64662.169511548826,11565.285411586723,294397.6340287773,0.7802400280198752,823887.1382871295,12.741408840914024
Vega Baja,2015-2019,1,80,5,0.06231340846401243,2.5,0.26957214445084843,53096.8840999621,14313.440910484933,229700.81822359818,0.5661843787718954,529489.5042583522,9.972138916127664
Vega Baja,2015-2019,1,85,NA,0.12715043351672914,7.7298110064681795,1,38783.44318947717,38783.44318947717,299788.686034754,0,299788.686034754,7.7298110064681795
Vega Baja,2015-2019,2,0,1,0.005004879356551793,0.13874362160485978,0.004983398495730147,100000,498.33984957302164,99570.80162594675,0.9947997204937752,8512641.591316119,85.12641591316118
Vega Baja,2015-2019,2,1,4,1.7969331560559225e-4,1.5158920106474472,7.184525612916782e-4,99501.66015042698,71.48722258784983,397829.05862094084,0.9992760763602955,8413070.789690172,84.55206452808186
Vega Baja,2015-2019,2,5,5,8.939639347453642e-5,2.5,4.46882093254069e-4,99430.17292783913,44.43356381059857,497039.78072966915,0.9995295926675183,8015241.731069232,80.61176497084288
Vega Baja,2015-2019,2,10,5,9.881302188816639e-5,2.5,4.939430894175667e-4,99385.73936402853,49.09089914552169,496805.9695722788,0.9989015307395875,7518201.950339563,75.64668732605601
Vega Baja,2015-2019,2,15,5,3.409492044973183e-4,2.5,0.0017032941804969281,99336.64846488301,169.1995352403028,496260.24348631426,0.9978051292158338,7021395.9807672845,70.6828354819063
Vega Baja,2015-2019,2,20,5,5.381803454861271e-4,2.5,0.0026872861160048066,99167.4489296427,266.49130866823543,495171.0163765429,0.9968339260722474,6525135.7372809695,65.79916905909742
Vega Baja,2015-2019,2,25,5,7.305622396745656e-4,2.5,0.003646151846225398,98900.95762097447,360.6079092231812,493603.2683318144,0.9957860495233187,6029964.720904427,60.96973038434583
Vega Baja,2015-2019,2,30,5,9.590593797283205e-4,2.5,0.004783826963341128,98540.34971175129,471.3999819281307,491523.2486039361,0.9946229575894245,5536361.452572613,56.183700065683674
Vega Baja,2015-2019,2,35,5,0.0011982003586466978,2.5,0.005973109338853364,98068.94972982316,585.7765594827506,488880.3072504089,0.993452497228146,5044838.203968677,51.44174805447643
Vega Baja,2015-2019,2,40,5,0.0014301647578108478,2.5,0.007125347736006281,97483.17317034041,694.6015072479931,485679.36208358203,0.9920497777639693,4555957.896718267,46.73583910483982
Vega Baja,2015-2019,2,45,5,0.0017639479145348002,2.5,0.008781016433610093,96788.57166309241,849.9020383592433,481818.10321956396,0.9877459626552647,4070278.5346346856,42.05329683759319
Vega Baja,2015-2019,2,50,5,0.003176593114007431,2.5,0.015757825073486727,95938.66962473317,1511.784773729596,475913.8861893419,0.9823491711572921,3588460.4314151215,37.40369181114858
Vega Baja,2015-2019,2,55,5,0.003953521351781962,2.5,0.01957413980970869,94426.88485100358,1848.3250458688126,467513.6116403459,0.9772855923912557,3112546.5452257795,32.962503741779415
Vega Baja,2015-2019,2,60,5,0.005251527016947006,2.5,0.02591737065423763,92578.55980513476,2399.3928491051774,456894.3169029109,0.96629329863423985,2645032.9335854338,28.570685687408265
Vega Baja,2015-2019,2,65,5,0.008518276532592125,2.5,0.04170328243276296,90179.16695602958,3760.767269118587,441493.9166073515,0.9457805483149166,2188138.616682523,24.264347193952638
Vega Baja,2015-2019,2,70,5,0.013924481915921263,2.5,0.06728030123499525,86418.399686911,5814.255963181597,417556.358526601,0.9178717669845198,1746644.7000751714,20.21149091400867
Vega Baja,2015-2019,2,75,5,0.020620321891423907,2.5,0.0980471975234078,80604.1437237294,7903.010400885658,383263.1926164329,0.8697873261867399,1329088.3415485704,16.489082076276613
Vega Baja,2015-2019,2,80,5,0.03617521971931409,2.5,0.16587471311457555,72701.13332284374,12059.279633031212,333357.46753164066,0.6475485263761379,945825.1489321375,13.00977172848206
Vega Baja,2015-2019,2,85,NA,0.10997751750685508,10.099751972182666,1,60641.85368981253,60641.85368981253,612467.6814004969,0,612467.6814004969,10.099751972182666
Vega Baja,2020-2024,1,0,1,0.009292562806552464,0.1307471555476649,0.009218102782560692,100000,921.8102782560745,99198.71379358051,0.9902961635292128,7654336.275998004,76.54336275998004
Vega Baja,2020-2024,1,1,4,3.8646671961991473e-4,1.6252258563161446,0.001544449427316883,99078.18972174393,153.02125337533653,395949.3679710259,0.9985437346455551,7555137.562204423,76.25429555609206
Vega Baja,2020-2024,1,5,5,1.608549436753323e-4,2.5,8.039514194759179e-4,98925.16846836859,79.53102961204422,494427.0147678128,0.9991143142795641,7159188.194233398,72.36973466992431
Vega Baja,2020-2024,1,10,5,1.9359080511071998e-4,2.5,9.674857846736296e-4,98845.63743875654,95.63174909898953,493989.1078210352,0.9979638859167052,6664761.179465585,67.42595173808236
Vega Baja,2020-2024,1,15,5,6.221215386336332e-4,2.5,0.0031057772658399717,98750.00568965756,306.6955226725113,492983.2896416065,0.9946187762340207,6170772.07164455,62.488827504855905
Vega Baja,2020-2024,1,20,5,0.0015386477757363488,2.5,0.00766375931312943,98443.31016698504,754.4458351075154,490330.43624715647,0.9895226731561291,5677788.782002944,57.675719887638486
Vega Baja,2020-2024,1,25,5,0.002680366032798824,2.5,0.013312623405038353,97688.86433187753,1300.4950617161812,485193.0840050972,0.9859313085081302,5187458.345755787,53.101838999094916
Vega Baja,2020-2024,1,30,5,0.00298916419279604,2.5,0.014834960631179547,96388.36927016135,1429.9176634264295,478367.0521922406,0.984550275671522,4702265.26175069,48.78457118172613
Vega Baja,2020-2024,1,35,5,0.0032407949268197455,2.5,0.016073745353110347,94958.45160673492,1526.3379702523089,470976.41310804384,0.9791207158206061,4223898.209558449,44.48154048521648
Vega Baja,2020-2024,1,40,5,0.0052199066594708025,2.5,0.02576332788042116,93432.11363648261,2407.1221781774657,461142.7627369694,0.9733711929386551,3752921.796450405,40.16736484258443
Vega Baja,2020-2024,1,45,5,0.005580210514211744,2.5,0.02751717351858424,91024.99145830514,2504.7504844858486,448863.0810803111,0.972346212367587,3291779.0337134358,36.16346435166947
Vega Baja,2020-2024,1,50,5,0.005637194313131392,2.5,0.0277942673510347,88520.2409738193,2460.3552436043537,436450.3167600856,0.9627834689323207,2842915.952633125,32.11599879708805
Vega Baja,2020-2024,1,55,5,0.009606955678411732,2.5,0.046908166696047464,86059.88573021494,4036.9114656757156,420207.1499868854,0.9490067251191914,2406465.6358730393,27.962686859903048
Vega Baja,2020-2024,1,60,5,0.01137015575159022,2.5,0.05527943917475723,82022.97426453923,4534.184016789266,398779.41128072294,0.9332974175081415,1986258.4858861538,24.21587980314032
Vega Baja,2020-2024,1,65,5,0.016405142624344213,2.5,0.07879414034587921,77488.79024774996,6105.662614013607,372179.7947037158,0.9035589306873332,1587479.0746054307,20.486564179539844
Vega Baja,2020-2024,1,70,5,0.024537730022608395,2.5,0.11559740530624528,71383.12763373635,8251.7043371044565,336286.3773259206,0.8650551691263758,1215299.279901715,17.02502146077658
Vega Baja,2020-2024,1,75,5,0.03403274539885484,2.5,0.15682109591791474,63131.423296631896,9900.338988235591,290906.2690125705,0.8058258541718114,879012.9025757944,13.92354007996348
Vega Baja,2020-2024,1,80,5,0.05415179062139735,2.5,0.2384744120343714,53231.084308396305,12694.251532396855,234419.79271098936,0.6013991692447246,588106.6335632239,11.048180611088172
Vega Baja,2020-2024,1,85,NA,0.11222969129206739,8.725073387125624,1,40536.83277599945,40536.83277599945,353686.8408522345,0,353686.8408522345,8.725073387125624
Vega Baja,2020-2024,2,0,1,0.005612851471226261,0.1374940747567328,0.005585809908281673,100000,558.5809908281663,99518.22058568246,0.9942196760307344,8437762.02080172,84.37762020801719
Vega Baja,2020-2024,2,1,4,1.761637279325408e-4,1.5149118872792258,7.043465612118999e-4,99441.41900917183,70.04122152115451,397591.6174296847,0.9992837505950276,8338243.800216037,83.85081270257186
Vega Baja,2020-2024,2,5,5,8.302346314677871e-5,2.5,4.15031172420773e-4,99371.37778765068,41.24221942826989,496753.7833896827,0.9995399049696078,7940652.182786352,79.90884658714243
Vega Baja,2020-2024,2,10,5,1.0106104669545473e-4,2.5,5.051775990349598e-4,99330.13556822241,50.179359398185625,496525.2294426166,0.99890352290848,7443898.39939667,74.94098701077495
Vega Baja,2020-2024,2,15,5,3.3790028983955565e-4,2.5,0.001688075446241388,99279.95620882422,167.59205638003186,495980.800903171,0.9976160929196363,6947373.169954053,69.97760107126796
Vega Baja,2020-2024,2,20,5,6.171337317787004e-4,2.5,0.0030809153169763523,99112.36415244419,305.356800819005,494798.42876017344,0.9966650506230018,6451392.369050882,65.09170096203164
Vega Baja,2020-2024,2,25,5,7.192446635631672e-4,2.5,0.0035897685131994713,98807.00735162519,354.69428387434164,493148.30104844004,0.9954075623363111,5956593.940290709,60.28513665121884
Vega Baja,2020-2024,2,30,5,0.0011228871913419845,2.5,0.005598719131707633,98452.31306775085,551.2068487332872,490883.548216921,0.9947889342969893,5463445.639242268,55.49331924261189
Vega Baja,2020-2024,2,35,5,9.665759808052054e-4,2.5,0.0048212296919804935,97901.10621901756,472.0037201808591,488325.5217946356,0.9941930621071685,4972562.091025348,50.79168441571107
Vega Baja,2020-2024,2,40,5,0.0013641205395790276,2.5,0.006797421442380822,97429.1024988367,662.2666704375151,485489.84581808967,0.9920405508778997,4484236.569230712,46.02563766082371
Vega Baja,2020-2024,2,45,5,0.0018342587988473902,2.5,0.00912942965256526,96766.83582839918,883.4260203966842,481625.61409100424,0.9895094509683713,3998746.7234126222,41.323524626802644
Vega Baja,2020-2024,2,50,5,0.0023870017729417663,2.5,0.011864209144055301,95883.4098080025,1137.580827407306,476573.09697149426,0.9830643987470544,3517121.109321618,36.68122688131682
Vega Baja,2020-2024,2,55,5,0.004462819255613425,2.5,0.022067883835784678,94745.8289805952,2090.83994786891,468502.0450333037,0.9728900285497385,3040548.012350124,32.091629204836615
Vega Baja,2020-2024,2,60,5,0.0065589831709997075,2.5,0.03226583813173787,92654.98903272628,2989.5908782279002,455800.9679680617,0.9616810239729295,2572045.9673168203,27.759389906228996
Vega Baja,2020-2024,2,65,5,0.00911799964982497,2.5,0.044573935430019265,89665.39815449838,3996.7396676455683,438335.141603378,0.942936593435217,2116244.9993487583,23.601579236868524
Vega Baja,2020-2024,2,70,5,0.014536887285443945,2.5,0.0701355547904911,85668.65848685282,6008.418891132547,413322.2452064327,0.9045164769863221,1677909.8577453804,19.586041002414923
Vega Baja,2020-2024,2,75,5,0.026153776655176247,2.5,0.12274337616084846,79660.23959572027,9777.766753760821,373856.7810941993,0.8519223946118327,1264587.6125389477,15.87476536546706
Vega Baja,2020-2024,2,80,5,0.038826618139510015,2.5,0.17695653150724056,69882.47284195945,12366.160007262079,318496.964191642,0.6424318627491024,890730.8314447484,12.746126392223603
Vega Baja,2020-2024,2,85,NA,0.10025896796644596,9.94907077749775,1,57516.31283469737,57516.31283469737,572233.8672531064,0,572233.8672531064,9.94907077749775
Vieques,1980-1984,1,0,1,0.02052273629723538,0.10833790585568168,0.020153932512438574,100000,2015.3932512438623,98202.95023307158,0.979257168830915,6934070.029985732,69.34070029985732
Vieques,1980-1984,1,1,4,5.441091134158981e-4,1.5922762013400227,0.002173588912076103,97984.60674875614,212.9782547832292,391425.6341823859,0.9977792224000752,6835867.07975266,69.76470393232903
Vieques,1980-1984,1,5,5,2.594779958387785e-4,2.5,0.0012965489144093477,97771.62849397291,126.7656987839,488541.2282229048,0.9984443118844706,6444441.445570275,65.9132055468171
Vieques,1980-1984,1,10,5,3.6336252914119114e-4,2.5,0.0018151637394879913,97644.86279518901,177.24141429309384,487781.2104402123,0.9962933616514396,5955900.21734737,60.99553060809687
Vieques,1980-1984,1,15,5,0.001123457059301989,2.5,0.005601552537157643,97467.62138089591,545.9700018368894,485973.18189988734,0.9925306149832924,5468119.006907158,56.1019026568646
Vieques,1980-1984,1,20,5,0.0018783268941406329,2.5,0.009347739195875601,96921.65137905903,905.9983195250097,482343.26109648263,0.9889959081730159,4982145.82500727,51.40384789279103
Vieques,1980-1984,1,25,5,0.002551385517169956,2.5,0.012676073708662626,96015.65305953402,1217.1014953680424,477035.51155924995,0.9864619684265413,4499802.563910788,46.86530185990308
Vieques,1980-1984,1,30,5,0.002903129774766197,2.5,0.014411055959724738,94798.55156416597,1366.1472314920393,470577.3897420998,0.9836772523827347,4022767.0523515376,42.434899963937326
Vieques,1980-1984,1,35,5,0.0036861371586633983,2.5,0.018262391592677413,93432.40433267393,1706.2991553686588,462896.27377494803,0.9771377071226296,3552189.662609438,38.01881893097354
Vieques,1980-1984,1,40,5,0.005586500195923458,2.5,0.027547762034608313,91726.105177305275,2526.8489177858573,452313.4035920617,0.9644072214709605,3089293.38883449,33.67954392986521
Vieques,1980-1984,1,45,5,0.008969873952725117,2.5,0.0438656953678793,89199.25625951942,3912.787402121481,436214.3127922934,0.9554347032018596,2636979.9852424283,29.562802379991904
Vieques,1980-1984,1,50,5,0.009269335452074234,2.5,0.04529699466409049,85286.46885739794,3863.220724752682,416774.292475108,0.9445321532827516,2200765.672450135,25.80439431875055
Vieques,1980-1984,1,55,5,0.013676403910580306,2.5,0.06612126667749982,81423.24813264525,5383.808303526865,393656.7199044091,0.9179001262093337,1783991.379975027,21.910098416471378
Vieques,1980-1984,1,60,5,0.020877593387884447,2.5,0.09920981166913048,76039.43982911839,7543.8585048730165,361337.55288340943,0.8839219125822126,1390334.660070618,18.28438851200224
Vieques,1980-1984,1,65,5,0.02890938805282047,2.5,0.13480417476551138,68495.58132424537,9233.490315498879,319394.1808324797,0.8277424867581188,1028997.1071872084,15.022824644937707
Vieques,1980-1984,1,70,5,0.04831649683776462,2.5,0.21554637038149968,59262.091008746494,12773.728618153407,264376.133498349,0.7568699293167153,709602.9263547288,11.973977196484654
Vieques,1980-1984,1,75,5,0.06465514025603725,2.5,0.27829301628046366,46488.36239059309,12937.386591617418,200098.3454739219,0.6676615491112464,445226.79285637976,9.57716662754443
Vieques,1980-1984,1,80,5,0.1022677435751017,2.5,0.40722401501306077,33550.97579897567,13662.76307246491,133597.97131371606,0.454987894141589,245128.44738245787,7.3061495692754725
Vieques,1980-1984,1,85,NA,0.22188760668144825,5.607868218347894,1,19888.21272651076,19888.21272651076,111530.4760687418,0,111530.4760687418,5.607868218347894
Vieques,1980-1984,2,0,1,0.010546843017373311,0.12735338995168316,0.010450658637373532,100000,1045.0658637373417,99088.0268167324,0.9891745186270501,7725294.773642646,77.25294773642646
Vieques,1980-1984,2,1,4,3.250611254382743e-4,1.5069967783969933,0.0012991916648476553,98954.93413626266,128.56142562539026,395499.2324967927,0.9986958135873009,7626206.746825914,77.06747332401328
Vieques,1980-1984,2,5,5,1.5357117770225723e-4,2.5,7.675612003175578e-4,98826.37271063727,75.85528926081315,493942.22533003427,0.9991475336178665,7230707.5143291205,73.16576856969715
Vieques,1980-1984,2,10,5,1.8757527676874103e-4,2.5,9.374367839332065e-4,98750.51742137645,92.57236746321723,493521.1561882242,0.9979521379008155,6736765.288999086,68.22005053657352
Vieques,1980-1984,2,15,5,6.328655843491592e-4,2.5,0.003159329344716058,98657.94505391324,311.69294089822506,492510.49291732063,0.995652985104968,6243244.132810863,63.28171673755358
Vieques,1980-1984,2,20,5,0.0011107689026282797,2.5,0.005538464627450201,98346.25211301501,544.68723857023,490369.5424686495,0.9934716627463959,5750733.639893542,58.47435480596721
Vieques,1980-1984,2,25,5,0.001510426572877876,2.5,0.007523722787327017,97801.56487444478,735.8318622821098,487168.2447165186,0.9915886761338921,5260364.097424893,53.78609334296458
Vieques,1980-1984,2,30,5,0.0018698307253711274,2.5,0.009305653634143679,97065.73301216267,903.2600911554619,483070.5148329247,0.99033485242825,4773195.852708374,49.17488082133245
Vieques,1980-1984,2,35,5,0.002015710442214789,2.5,0.010028018258279113,96162.47292100721,964.3190342131275,478401.5670195033,0.9886038589378804,4290125.337875449,44.61330088089122
Vieques,1980-1984,2,40,5,0.002572057512869617,2.5,0.012778122400049547,95198.15388679408,1216.4536626242043,472949.6352774099,0.9852466414183129,3811723.7708559455,40.03989169147858
Vieques,1980-1984,2,45,5,0.0033791395776924756,2.5,0.016754161264909136,93981.70022416988,1574.584561506097,465972.03971708415,0.9792073138343966,3338774.135578536,35.52578988903929
Vieques,1980-1984,2,50,5,0.0050427879967653395,2.5,0.02490002610196141,92407.11566266378,2300.9395920072857,456283.2293333007,0.9704089081131658,2872802.0958614517,31.088537665743637
Vieques,1980-1984,2,55,5,0.00700081038124193,2.5,0.03440194811742118,90106.1760706565,3099.8279942419467,442781.3103676776,0.9541538304017472,2416518.866528151,26.818570845057778
Vieques,1980-1984,2,60,5,0.011882420943890666,2.5,0.05769812130685407,87006.34807641455,5020.102825779322,422481.4833176244,0.9353804794260631,1973737.5561604733,22.684983335089647
Vieques,1980-1984,2,65,5,0.014930167555188981,2.5,0.07196472429642345,81986.24525063523,5900.11753556093,395180.9324142738,0.8951916668700335,1551256.072842849,18.92093079882604
Vieques,1980-1984,2,70,5,0.0301535042112011,2.5,0.14019880770933357,76086.1277150743,10667.184388873487,353762.6776031878,0.8375764659486667,1156075.1404285752,15.19429592681889
Vieques,1980-1984,2,75,5,0.04156743989923178,2.5,0.18827221458501428,65418.94332620081,12316.569335835375,296303.2932914156,0.7693505834833518,802312.4628253874,12.264222288409462
Vieques,1980-1984,2,80,5,0.06588976182731972,2.5,0.28285559042502206,53102.373990365435,15020.30334801515,227961.11158178933,0.5494921331332024,506009.16953397176,9.528936872497995
Vieques,1980-1984,2,85,NA,0.18017453858102073,7.3012851786208,1,38082.070642350285,38082.070642350285,278048.0579521824,0,278048.0579521824,7.3012851786208
Vieques,1985-1989,1,0,1,0.01890642923631445,0.11156316578039634,0.01859410099553409,100000,1859.41009955341,98348.03157763681,0.9807192015288975,6914903.421590033,69.14903421590033
Vieques,1985-1989,1,1,4,5.846949954251406e-4,1.5969759737004559,0.0023354985219142467,98140.58990044659,229.20720265229465,392011.569186812,0.997666200999025,6816555.3900123965,69.45704521367848
Vieques,1985-1989,1,5,5,2.793972639383985e-4,2.5,0.0013960112154069626,97911.3826977943,136.68538836212247,489215.2000180662,0.9984518278431395,6424543.820825584,65.61590331795318
Vieques,1985-1989,1,10,5,3.4039859443191407e-4,2.5,0.0017005458136477383,97774.69730943217,166.27035219022946,488457.8106666853,0.9963859186089002,5935328.620807518,60.70413700206819
Vieques,1985-1989,1,15,5,0.0011092428559720208,2.5,0.005530876566563296,97608.42695724194,539.8601613569044,486692.48438281746,0.992345416776171,5446870.810140833,55.80328440829062
Vieques,1985-1989,1,20,5,0.0019676519894685244,2.5,0.009790101167245551,97068.56679588504,950.3110890912503,482967.0562566971,0.9885070292393329,4960178.325758016,51.09973794285267
Vieques,1985-1989,1,25,5,0.002660108868241115,2.5,0.01321267644673269,96118.25570679379,1269.9794132781972,477416.3300007734,0.9845564719238242,4477211.269501318,46.58023844251745
Vieques,1985-1989,1,30,5,0.0035724739641966614,2.5,0.01770424989150076,94848.27629351559,1679.2175852785003,470043.33750438166,0.9804500857169944,3999794.939500545,42.17045470729335
Vieques,1985-1989,1,35,5,0.004332185606266199,2.5,0.021428843710625742,93169.05870823709,1996.505197724924,460854.03054687317,0.9782682280476781,3529751.6019961634,37.88544878455553
Vieques,1985-1989,1,40,5,0.004457390161147088,2.5,0.022041333745298312,91172.55351051217,2009.5646803362615,450838.85585172015,0.9725959351486625,3068897.5714492905,33.66032268796165
Vieques,1985-1989,1,45,5,0.006687500476129167,2.5,0.03288766174667173,89162.9888301759,2932.3622169690934,438484.0386084568,0.9622544660032962,2618058.71559757,29.362617269190583
Vieques,1985-1989,1,50,5,0.008740632981924332,2.5,0.04276860324924372,86230.62661320681,3687.9634575539094,421933.2244221493,0.9407444083672947,2179574.6769891134,25.276108531203654
Vieques,1985-1989,1,55,5,0.015904004890259525,2.5,0.07647921012184511,82542.6631556529,6312.797679497875,396931.32157951983,0.9152576451289072,1757641.452566964,21.29373326921295
Vieques,1985-1989,1,60,5,0.01965887655125066,2.5,0.0936897925896717,76229.86547615503,7141.960285599533,363294.4266667763,0.8863446728736041,1360710.1309874442,17.850092250432727
Vieques,1985-1989,1,65,5,0.029111986667276327,2.5,0.13568479824288435,69087.9051905555,9374.178476804045,322004.0797607674,0.8293519492672367,997415.7043206679,14.436907611681608
Vieques,1985-1989,1,70,5,0.047202196438336015,2.5,0.21110002059144467,59713.72671375145,12605.568938864832,267054.7112215952,0.7384857526121488,675411.6245599005,11.310826868964456
Vieques,1985-1989,1,75,5,0.07773136084719122,2.5,0.32541870690400265,47108.15777488662,15329.875787733341,197216.09940509975,0.6260388762513192,408356.9133383053,8.66849676630744
Vieques,1985-1989,1,80,5,0.11477416399846099,2.5,0.44592045221136667,31778.281987153277,14170.585874211716,123464.9452502371,0.41524832195969813,211140.81393320556,6.644185926053573
Vieques,1985-1989,1,85,NA,0.22125350933961413,4.979406057475468,1,17607.69611294156,17607.69611294156,87675.86868296846,0,87675.86868296846,4.979406057475468
Vieques,1985-1989,2,0,1,0.011613895297152286,0.12516030941262182,0.01149708153904594,100000,1149.7081539045903,98994.18967437232,0.9881372685354025,7703445.577289418,77.03445577289418
Vieques,1985-1989,2,1,4,3.3149819181439586e-4,1.5052942483359724,0.0013248970900224858,98850.29184609541,130.96646401476755,395074.4445933289,0.9986717794591968,7604451.3876150465,76.92897254622949
Vieques,1985-1989,2,5,5,1.4934748336013393e-4,2.5,7.464587124753185e-4,98719.32538208064,73.68990052114532,493412.40215910034,0.9991489803801676,7209376.9430217175,73.0290337288949
Vieques,1985-1989,2,10,5,1.9122309918195843e-4,2.5,9.556586358945028e-4,98645.6354815595,94.2715534412564,492992.49852419435,0.9978386224997053,6715964.540862617,68.08172006878173
Vieques,1985-1989,2,15,5,6.747863690113539e-4,2.5,0.003368249722556251,98551.36392811824,331.94560420842026,491926.9556300701,0.9953891599693655,6222972.0423384225,63.144453757914064
Vieques,1985-1989,2,20,5,0.0011749672291774564,2.5,0.005857629838136127,98219.41832390982,575.332995458506,489658.7591309028,0.9932836000796413,5731045.086708352,58.34940976547433
Vieques,1985-1989,2,25,5,0.0015218138493828762,2.5,0.007580229999427789,97644.08532845131,740.1646248734032,486370.0150800731,0.9917120526398593,5241386.327577449,53.678482520950254
Vieques,1985-1989,2,30,5,0.0018083526260466026,2.5,0.00900107035718888,96903.92070357791,872.2390081403719,482339.0059975386,0.989980776737044,4755016.3124973765,49.06939036081551
Vieques,1985-1989,2,35,5,0.002221595338835471,2.5,0.011046623873907,96031.68169543754,1060.82586766826,477506.34380801703,0.9872047991518412,4272677.306499838,44.492372007506276
Vieques,1985-1989,2,40,5,0.002934026458255241,2.5,0.014563309453138041,94970.85582776928,1383.0899624491576,471396.5542327235,0.9847194036382954,3795170.9626918207,39.961427425424134
Vieques,1985-1989,2,45,5,0.003227530679992646,2.5,0.0160084837191043,93587.76586532012,1498.1982261623198,464193.33376119484,0.9791811366564764,3323774.408459097,35.5150523973642
Vieques,1985-1989,2,50,5,0.005208448637839729,2.5,0.025707502671025735,92089.5676391578,2367.3928060572507,454529.3561806459,0.9723003901096836,2859581.0746979024,31.052171793257152
Vieques,1985-1989,2,55,5,0.006038663954073392,2.5,0.029744280484365004,89722.17483310055,2668.721533902979,441939.0703307453,0.9544919178955575,2405051.7185172564,26.805544147710272
Vieques,1985-1989,2,60,5,0.012744548863780607,2.5,0.06175514079526575,87053.45329919757,5375.998265206043,421827.2708329728,0.9308660352298467,1963112.6481865111,22.550657943911876
Vieques,1985-1989,2,65,5,0.016016307911158628,2.5,0.07699846187077336,81677.45503399153,6289.038407136599,392664.6791521161,0.8968816665484846,1541285.3773535385,18.870389346877975
Vieques,1985-1989,2,70,5,0.028131944726382314,2.5,0.13141717207932868,75388.41662685493,9907.332520639517,352173.7518326759,0.8476685365389689,1148620.6982014223,15.236036908517052
Vieques,1985-1989,2,75,5,0.03869512579994437,2.5,0.17641010134035676,65481.084106215414,11551.524683053882,298526.60882344237,0.7703710551674229,796446.9463687465,12.163007947101907
Vieques,1985-1989,2,80,5,0.06900110249019425,2.5,0.2942470801191215,53929.55942316153,15868.615392375941,229976.2586348678,0.5381264003623009,497920.3375453041,9.232790752810388
Vieques,1985-1989,2,85,NA,0.1783085523347576,7.039869497028496,1,38060.94403078559,38060.94403078559,267944.0789104363,0,267944.0789104363,7.039869497028496
Vieques,1990-1994,1,0,1,0.01905731349086412,0.11126208379465519,0.0187399163322555,100000,1873.9916332255525,98334.51258090088,0.9805846748240099,6967051.836715044,69.67051836715045
Vieques,1990-1994,1,1,4,5.798046796304836e-4,1.5965366320909142,0.0023159912936172138,98126.00836677445,227.25898105486704,391957.8248311041,0.9976479698315625,6868717.324134144,69.99894766390904
Vieques,1990-1994,1,5,5,2.8997219452492806e-4,2.5,0.0014488106855897612,97898.74938571958,141.83675421589578,489139.15504305816,0.9983929991923178,6476759.499303039,66.15773480195038
Vieques,1990-1994,1,10,5,3.533960362636727e-4,2.5,0.0017654204498450785,97756.91263150368,172.58205267337325,488353.108025835,0.9963653952099163,5987620.344259981,61.250096623145375
Vieques,1990-1994,1,15,5,0.0011044601559430033,2.5,0.005507094862588199,97584.33057883031,537.4061655997793,486578.1374801521,0.9924076038982402,5499267.236234146,56.35399867596307
Vieques,1990-1994,1,20,5,0.0019472828273079934,2.5,0.00968924488609926,97046.92441323053,940.3114160825498,482883.84352594626,0.988127402969133,5012689.098753994,51.65222008901302
Vieques,1990-1994,1,25,5,0.0028354197815180877,2.5,0.014077311191036316,96106.61299714798,1352.9226986773574,477150.7582390465,0.9817111584648436,4529805.255228048,47.13312761695673
Vieques,1990-1994,1,30,5,0.004563579413266846,2.5,0.02256050542110263,94753.69029847062,2137.691143648117,468424.2236332328,0.9781709727799057,4052654.4969890015,42.77041331290939
Vieques,1990-1994,1,35,5,0.004261045963085142,2.5,0.021080665602761225,92615.99915482251,1952.4069076484302,458198.97850499145,0.9774660124063552,3584230.273355769,38.69990396976826
Vieques,1990-1994,1,40,5,0.004862111842306232,2.5,0.024018606335778958,90663.59224717408,2177.6131311724603,447873.92840793927,0.9715717915902864,3126031.2948507774,34.47945550545085
Vieques,1990-1994,1,45,5,0.0066996299994721295,2.5,0.03294632945439772,88485.97911600162,2915.2882200507447,435141.67502988124,0.9584673999101526,2678157.366442838,30.266460214356446
Vieques,1990-1994,1,50,5,0.010342980927046767,2.5,0.05041139440806277,85570.69089595087,4313.737848526216,417069.10985843884,0.9388662550502673,2243015.691412957,26.21242937187848
Vieques,1990-1994,1,55,5,0.015029315386450607,2.5,0.07242531951005052,81256.95304742466,5885.0607868728985,391572.113269941,0.9104006337121712,1825946.581554518,22.47126569573469
Vieques,1990-1994,1,60,5,0.022858542006749496,2.5,0.10811436797880572,75371.89226055176,8148.784495116182,356487.50006496836,0.8849441232001629,1434374.468284577,19.030628331926618
Vieques,1990-1994,1,65,5,0.026175447811800482,2.5,0.12283883525528477,67223.10776543558,8257.60826014659,315471.51817681146,0.8482240007935392,1077886.9682196085,16.034470943841587
Vieques,1990-1994,1,70,5,0.04071442430121676,2.5,0.18476556271455058,58965.499505288986,10894.793696839275,267590.51328434673,0.7821184623809858,762415.4500427971,12.929856550683697
Vieques,1990-1994,1,75,5,0.059374881146544184,2.5,0.2585029507854311,48070.70580844971,12426.419297822613,209287.48079769203,0.6936832464329211,494824.93675845047,10.293689856150849
Vieques,1990-1994,1,80,5,0.09103841069397087,2.5,0.37079954932775555,35644.2865106271,13216.885374249927,145179.21911751066,0.49155805626613586,285537.45596075844,8.01074965760999
Vieques,1990-1994,1,85,NA,0.20497422763602002,6.258337111364508,1,22427.40113637717,22427.40113637717,140358.23684324778,0,140358.23684324778,6.258337111364508
Vieques,1990-1994,2,0,1,0.011984615007789447,0.12439838031294058,0.011860157500041596,100000,1186.0157500041532,98961.522688322,0.9877972542945677,7671150.538469342,76.71150538469341
Vieques,1990-1994,2,1,4,3.235285038409868e-4,1.5047035237474324,0.0012930701204562024,98813.98424999585,127.77341051689291,394937.1044589618,0.9986897052718303,7572189.015781019,76.63074283720462
Vieques,1990-1994,2,5,5,1.4562942177761686e-4,2.5,7.27882106262441e-4,98686.21083947895,71.83192700489599,493251.4743798825,0.9991698496368233,7177251.911322057,72.72801184956259
Vieques,1990-1994,2,10,5,1.8658561761127244e-4,2.5,9.324931135475884e-4,98614.37891247406,91.95722923266294,492842.00148928864,0.9980961659957653,6684000.436942175,67.77916679751753
Vieques,1990-1994,2,15,5,5.760446775275829e-4,2.5,0.002876081509024392,98522.4216832414,283.35851522747544,491903.7121281383,0.9958271347758001,6191158.435452886,62.84009598706401
Vieques,1990-1994,2,20,5,0.001097681890741488,2.5,0.0054733893527736475,98239.06316801392,537.7006423702696,489851.06423414394,0.9937292050232057,5699254.723324748,58.01413958495883
Vieques,1990-1994,2,25,5,0.0014195377300431293,2.5,0.007072589132409278,97701.36252564365,691.0015948204382,486779.3086411671,0.99209082032872975,5209403.659090604,53.31966233043365
Vieques,1990-1994,2,30,5,0.0017580387830693563,2.5,0.00875172921689124,97010.36093082321,849.0084100994573,482929.2836288674,0.9904714245634834,4722624.350449437,48.68164910567725
Vieques,1990-1994,2,35,5,0.0020731455149675393,2.5,0.010312280430031179,96161.35252072375,991.642833724778,478327.65551930683,0.988090763876403,4239695.066820569,44.08938680336127
Vieques,1990-1994,2,40,5,0.002722977516676557,2.5,0.01352283166690582,95169.70968699898,1286.9639638856024,472631.13852528087,0.9849068365144625,3761367.4113012627,39.52273705228186
Vieques,1990-1994,2,45,5,0.0033650775430369953,2.5,0.016685021735318467,93882.74572311337,1566.435652961518,465497.6394831631,0.9760494278433741,3288736.2727759816,35.030252337052325
Vieques,1990-1994,2,50,5,0.0063676604302161585,2.5,0.031339405421557415,92316.31007015186,2893.138268310693,454348.70467998256,0.9680749748002963,2823238.6332928184,30.58223006473524
Vieques,1990-1994,2,55,5,0.006613485335664256,2.5,0.03252959173355869,89423.17180184116,2908.8992702337855,439843.61083362135,0.9532262231989802,2368889.928612836,26.490783997935335
Vieques,1990-1994,2,60,5,0.012689564229727123,2.5,0.06149689902341882,86514.27253160738,5320.359481960782,419270.46395313495,0.9288317453070564,1929046.3177792148,22.29743441551163
Vieques,1990-1994,2,65,5,0.01698664771867214,2.5,0.08147334122857815,81193.9130496466,6615.139383577363,389431.7167892896,0.8866348703587412,1509775.8538260798,18.59469259601907
Vieques,1990-1994,2,70,5,0.03198543739471565,2.5,0.14808572060955738,74578.77366606923,11044.051440516945,345283.7397290538,0.8364203688786581,1120344.1370367901,15.022292295301016
Vieques,1990-1994,2,75,5,0.03998756641790153,2.5,0.18176680192785818,63534.72222555229,11548.503270313457,288802.35295197775,0.7683070746247183,775060.3973077363,12.199005050438764
Vieques,1990-1994,2,80,5,0.06857883452127206,2.5,0.29270991119919565,51986.21895523883,15216.8815339699,221888.8909412694,0.5436807811884138,486258.0443557586,9.353595128248054
Vieques,1990-1994,2,85,NA,0.15279009469464874,7.189935200234719,1,36769.33742126893,36769.33742126893,264369.1534144892,0,264369.1534144892,7.189935200234719
Vieques,1995-1999,1,0,1,0.015793868302219762,0.11777412549633559,0.015576824578281424,100000,1557.682457828152,98625.77223144354,0.9836195826107212,6876133.835860855,68.76133835860855
Vieques,1995-1999,1,1,4,6.217766241970596e-4,1.6060670275456381,0.0024834099620143794,98442.31754217185,244.47263206800562,393184.01907391706,0.9976260612057454,6777508.063629411,68.84750616243858
Vieques,1995-1999,1,5,5,2.8286155752134655e-4,2.5,0.001413308361096039,98197.84491010384,138.78383525305253,490642.2649623866,0.9984315960554792,6384324.044555495,65.01490995449122
Vieques,1995-1999,1,10,5,3.450411842413536e-4,2.5,0.0017237190360630118,98059.06107485079,169.02627023319656,489872.7396986709,0.9963198922536723,5893681.779593107,60.10338784596684
Vieques,1995-1999,1,15,5,0.0011311647223468007,2.5,0.005639874543927622,97890.0348046176,552.0875153987581,488069.9552345911,0.9921575216919493,5403809.0398944365,55.202851349272706
Vieques,1995-1999,1,20,5,0.0020216815949274892,2.5,0.010057574939276599,97337.94728921884,978.9836992966739,484242.2771978525,0.9874463212878878,4915739.084659846,50.50177470923833
Vieques,1995-1999,1,25,5,0.0030379270500546216,2.5,0.01507514229387812,96358.96358992216,1452.6250874086836,478163.2552310891,0.9814574326544363,4431496.807461993,45.98946109799657
Vieques,1995-1999,1,30,5,0.004461833740794312,2.5,0.022063064391157107,94906.33850251348,2093.9246575099096,469296.88086879265,0.9760922959360024,3953333.552230904,41.65510559788591
Vieques,1995-1999,1,35,5,0.005226194188852708,2.5,0.025793960330299272,92812.41384500357,2393.999720877342,458077.06992282445,0.9728164801496837,3484036.6713621113,37.53847709618286
Vieques,1995-1999,1,40,5,0.005805014477555841,2.5,0.028609870605119905,90418.41412412623,2586.8591284113936,445624.9227996026,0.9698556595960584,3025959.601439287,33.466187510049174
Vieques,1995-1999,1,45,5,0.006447064181308311,2.5,0.03172400417896683,87831.55499571483,2786.368617729211,432191.85343425116,0.9617684461237558,2580334.6786396843,29.37821923755733
Vieques,1995-1999,1,50,5,0.009197179845980483,2.5,0.04495231296287159,85045.18637798562,3822.9778340489574,415668.4873048057,0.9419997940484642,2148142.825205433,25.25884081972558
Vieques,1995-1999,1,55,5,0.014865080250658089,2.5,0.07166223892199713,81222.20854393666,5820.565314447871,391559.6294335637,0.9142297358106485,1732474.3379006274,21.33005699990854
Vieques,1995-1999,1,60,5,0.02126711116855363,2.5,0.10096734639246226,75401.64322948879,7613.103830512657,357975.45657116233,0.8627982704876389,1340914.7084670637,17.783627133773738
Vieques,1995-1999,1,65,5,0.038958794640829505,2.5,0.17750547484853046,67788.53939897614,12032.836875303576,308860.60480662173,0.8047811379959656,982939.2518959014,14.500080111045254
Vieques,1995-1999,1,70,5,0.04862036187654832,2.5,0.21675503837218923,55755.70252367256,12085.329439987014,248565.18901839526,0.7607886687980171,674078.6470892796,12.089860168169913
Vieques,1995-1999,1,75,5,0.06186234434669261,2.5,0.26788217356925825,43670.37308368555,11698.514462238116,189105.57926283244,0.6729632985646932,425513.45807088434,9.743755961403691
Vieques,1995-1999,1,80,5,0.10246076773353428,2.5,0.407835892126294,31971.85862144743,13039.271483813758,127261.11439770277,0.46168835387660384,236407.87880805193,7.394248848875626
Vieques,1995-1999,1,85,NA,0.174248484778483,5.765021104452768,1,18932.587137633673,18932.587137633673,109146.76441034915,0,109146.76441034915,5.765021104452768
Vieques,1995-1999,2,0,1,0.009118636801786087,0.1302887393403931,0.009046889709168967,100000,904.6889709169045,99213.18181459901,0.9905941976027622,7798801.45470442,77.9880145470442
Vieques,1995-1999,2,1,4,3.0138563299209753e-4,1.509280710443182,0.0012046382497756744,99095.3110290831,119.37400203905418,396083.9169867821,0.9988026316201848,7699588.272889821,77.69881534182882
Vieques,1995-1999,2,5,5,1.420157527142334e-4,2.5,7.09826747121694e-4,98975.93702704404,70.255767423223,494704.04571666213,0.9991898748250583,7303504.355903039,73.79070686552268
Vieques,1995-1999,2,10,5,1.821819074120727e-4,2.5,9.104948478401924e-4,98905.68125962082,90.05311320901092,494303.27351508156,0.9980710101799872,6808800.310186377,68.8413468617008
Vieques,1995-1999,2,15,5,5.905531916879406e-4,2.5,0.0029484129717125556,98815.62814641181,291.3492798348161,493349.767532472,0.9959553925973756,6314497.036671295,63.90180536337143
Vieques,1995-1999,2,20,5,0.0010314616266926195,2.5,0.0051440434249658655,98524.27886657699,506.8131689031143,491354.36141062714,0.993804184701716,5821147.269138823,59.08337859566478
Vieques,1995-1999,2,25,5,0.0014558848864731934,2.5,0.007253025506824491,98017.46569767388,710.9231788195175,488310.0205413206,0.9917326948225017,5329792.907728196,54.37595095722498
Vieques,1995-1999,2,30,5,0.0018664678437947354,2.5,0.009288995191906534,97306.54251885436,903.880005598694,484273.01258027507,0.9891754526470433,4841482.887186876,49.75495749680735
Vieques,1995-1999,2,35,5,0.002490307549379575,2.5,0.012374496988720911,96402.66251325567,1192.934456974952,479030.9764238409,0.9864717365645032,4357209.8746066,45.19802421439833
Vieques,1995-1999,2,40,5,0.002961055767286283,2.5,0.014696486049492188,95209.72805628071,1399.2484401550755,472550.5191810159,0.9839307915080696,3878178.898182759,40.73301097856593
Vieques,1995-1999,2,45,5,0.0035232433616317173,2.5,0.0174624060427381,93810.47961612564,1638.1566861207975,464957.00636532623,0.9779816176417491,3405628.379001743,36.3032828841473
Vieques,1995-1999,2,50,5,0.005403076587891714,2.5,0.026655330952922964,92172.32293000484,2456.8837723989564,454719.4052190268,0.9714623670282183,2940671.372636417,31.904060559150135
Vieques,1995-1999,2,55,5,0.006188584143729773,2.5,0.030471482386811462,89715.43915760588,2733.7624241160374,441742.78972773935,0.9578288438934894,2485951.9674173906,27.70929943340345
Vieques,1995-1999,2,60,5,0.01115009050621375,2.5,0.054238540930323535,86981.67673348985,4717.759233697565,423113.98558320536,0.9363357527273051,2044209.177689651,23.50160694134545
Vieques,1995-1999,2,65,5,0.015288969113020044,2.5,0.07363050911597502,82263.91749979228,6057.1341273842845,396176.7521805007,0.9012648913467627,1621095.1921064456,19.70602958594257
Vieques,1995-1999,2,70,5,0.02685678159736716,2.5,0.12583509390135367,76206.783372408,9589.487741587072,357060.1975080723,0.8582669731134779,1224918.439925945,16.0736142600325
Vieques,1995-1999,2,75,5,0.034763576010627635,2.5,0.15991945015089237,66617.295630820925,10653.401287820328,306452.9749345538,0.7925231269325131,867858.2424178727,13.027521369635911
Vieques,1995-1999,2,80,5,0.06085270142592806,2.5,0.2640874241927767,55963.8943430006,14779.360704839732,242871.06995290364,0.5673872618943318,561405.2674833188,10.031561850261655
Vieques,1995-1999,2,85,NA,0.13232108446023352,7.734316001462914,1,41184.533638160865,41184.533638160865,318534.1975304152,0,318534.1975304152,7.734316001462914
Vieques,2000-2004,1,0,1,0.015167920503677624,0.11902317303093649,0.014967910505171541,100000,1496.7910505171603,98681.3617696797,0.9844830672895831,7154192.049541765,71.54192049541764
Vieques,2000-2004,1,1,4,4.808235340037603e-4,1.6079016856479182,0.0019210845484350296,98503.20894948284,189.23299268411938,393560.1718751119,0.9980669309461301,7055510.687772085,71.62721664621594
Vieques,2000-2004,1,5,5,2.2787601356499712e-4,2.5,0.0011387313439270466,98313.97595679872,111.95320596809324,491289.99676907336,0.9987019952186005,6661950.515896973,67.76198857855549
Vieques,2000-2004,1,10,5,2.9170453287325593e-4,2.5,0.0014574597952943598,98202.02275083063,143.12549997591123,490652.30000421335,0.9965199623211554,6170660.5191279,62.83638917280557
Vieques,2000-2004,1,15,5,0.0011041530328220665,2.5,0.005505567690951903,98058.89725085472,539.8698965146759,488944.8115129869,0.9923573067967421,5680008.219123687,57.92445538718495
Vieques,2000-2004,1,20,5,0.0019679647996798514,2.5,0.009791649942355898,97519.02735434004,954.8721785727394,485207.9563252684,0.990185388052091,5191063.4076106995,53.231287764476185
Vieques,2000-2004,1,25,5,0.0019772862770023967,2.5,0.00983780101266642,96564.1551757673,949.9789435754356,480445.8285198979,0.9888049054800826,4705855.451285431,48.73294280594879
Vieques,2000-2004,1,30,5,0.002529064648754379,2.5,0.012565873477788408,95614.17623219186,1201.4756412166753,475067.1920579176,0.9840579535341518,4225409.622765534,44.19229228628653
Vieques,2000-2004,1,35,5,0.003910088754189868,2.5,0.0193611839023385,94412.70059097519,1827.9416588582972,467493.64880773023,0.9771074756911063,3750342.430707616,39.72285939531855
Vieques,2000-2004,1,40,5,0.005369850400188965,2.5,0.02649358552387527,92584.75893211689,2452.902228975421,456791.5390881459,0.9716400754091802,3282848.7818998853,35.457766696858485
Vieques,2000-2004,1,45,5,0.006148490153232043,2.5,0.03027705532482633,90131.85670314147,2728.9272119303205,443836.96548588155,0.9629667081410763,2826057.2428117394,31.35469906183836
Vieques,2000-2004,1,50,5,0.008998054156061202,2.5,0.04400047415691528,87402.92949121115,3845.7703403167397,427400.2216052639,0.9488679089223121,2382220.277325858,27.25561135299708
Vieques,2000-2004,1,55,5,0.012072051512442731,2.5,0.05859194511316286,83557.15915089441,4895.776482781017,405546.3545475195,0.9278695091246908,1954820.055720594,23.39500379842281
Vieques,2000-2004,1,60,5,0.01808459559524763,2.5,0.08651165714201789,78661.3826681134,6805.126567700892,376294.0969213148,0.8920246322392599,1549273.7011730745,19.69548015332683
Vieques,2000-2004,1,65,5,0.02814445991925761,2.5,0.13147179306986848,71856.2561004125,9447.07083280891,335663.6034200402,0.8623542929828837,1172979.6042517598,16.32397327537673
Vieques,2000-2004,1,70,5,0.031209704765884614,2.5,0.14475418535781429,62409.18526760359,9033.99077225686,289460.9494073758,0.7943139489601648,837316.0008317195,13.416550740750777
Vieques,2000-2004,1,75,5,0.06428782437586321,2.5,0.2769309079439444,53375.19449534673,14781.241073280995,229922.86979353116,0.6906918320249531,547855.0514243437,10.26422585630308
Vieques,2000-2004,1,80,5,0.08605204239914664,2.5,0.35408571466707506,38593.95342206574,13665.567579279956,158805.8481621288,0.5005040152036686,317932.1816308125,8.237875455615743
Vieques,2000-2004,1,85,NA,0.1773697951389817,6.383338835985426,1,24928.38584278578,24928.38584278578,159126.33346868376,0,159126.33346868376,6.383338835985426
Vieques,2000-2004,2,0,1,0.008745095547110072,0.13105646747489108,0.008679142791231203,100000,867.9142791231134,99245.83150036978,0.9910087393634072,7979128.187598357,79.79128187598357
Vieques,2000-2004,2,1,4,2.7343269089275256e-4,1.5098790346786668,0.0010929865703545112,99132.08572087689,108.35003838416014,396258.5381813338,0.998915024555192,7879882.356097987,79.48871749037063
Vieques,2000-2004,2,5,5,1.2277091478237392e-4,2.5,6.136662230029467e-4,99023.73568249273,60.76752186390513,494966.75960780383,0.9993174103501474,7483623.817916653,75.57404057055534
Vieques,2000-2004,2,10,5,1.5036758451558344e-4,2.5,7.515553986531046e-4,98962.96816062882,74.37615298786841,494628.9004206745,0.9983418399302817,6988657.05830885,70.61891117660717
Vieques,2000-2004,2,15,5,5.137483203223291e-4,2.5,0.0025654466168858908,98888.59200764095,253.69340381459915,493808.72652866825,0.9964800110450525,6494028.157888175,65.67014481697133
Vieques,2000-2004,2,20,5,8.9740612129178e-4,2.5,0.0044769864189157125,98634.89860382635,441.58710148045793,492070.5252654306,0.9945889696881834,6000219.431359507,60.83262127596226
Vieques,2000-2004,2,25,5,0.0012738991101339423,2.5,0.006349274712155186,98193.3115023459,623.4563096246275,489407.91673766787,0.9933940927528961,5508148.906094076,56.094950071650075
Vieques,2000-2004,2,30,5,0.0013775638477125794,2.5,0.006864179624326203,97569.85519272127,669.7370119623229,486174.9334337005,0.9919753262948635,5018740.989356409,51.437413527398654
Vieques,2000-2004,2,35,5,0.001847128235725267,2.5,0.00919318868264617,96900.11818075895,890.8210698064358,482273.53822927864,0.9901470356629171,4532566.055922708,46.775650443145906
Vieques,2000-2004,2,40,5,0.0021148954889370656,2.5,0.010518861711728113,96009.29711095251,1009.908519350327,477521.71425638674,0.9870847576062789,4050292.5176934293,42.186461515416944
Vieques,2000-2004,2,45,5,0.0030911240853831647,2.5,0.015337098242472834,94999.38859160218,1457.0149558042613,471354.4055685003,0.9815274015498655,3572770.8034370425,37.60835576317457
Vieques,2000-2004,2,50,5,0.00437880316727178,2.5,0.021656937173635597,93542.37363579792,2025.8413089032256,462647.26490673155,0.9727582975583672,3101416.397868542,33.15520311622341
Vieques,2000-2004,2,55,5,0.00670040833960632,2.5,0.03295009398668363,91516.5323268947,3015.4783415065467,450043.9657807071,0.960562347195594,2638769.1329618106,28.833797193453474
Vieques,2000-2004,2,60,5,0.009447229332536335,2.5,0.046146260889037206,88501.05398538815,4083.992726164477,432295.28811152955,0.947000441917613,2188725.1671811035,24.73106328815553
Vieques,2000-2004,2,65,5,0.01241033623661286,2.5,0.060184409294206716,84417.06125922367,5080.590966239237,409383.8288805203,0.9201404717287218,1756429.879069574,20.806574558145506
Vieques,2000-2004,2,70,5,0.02122879676751933,2.5,0.10079461295347161,79336.47029298444,7996.6888162759715,376690.6294242323,0.876098133135512,1347046.0501890536,16.978900689865583
Vieques,2000-2004,2,75,5,0.032338785926728425,2.5,0.1495992817642279,71339.78147670846,10672.38007013256,330017.9572082109,0.808985153839857,970355.4207648215,13.601883839266177
Vieques,2000-2004,2,80,5,0.05447213997458868,2.5,0.23971608018759713,60667.401406575904,14542.951660351886,266979.6278819998,0.583064176193719,640337.4635566105,10.554885304304506
Vieques,2000-2004,2,85,NA,0.11599655382079567,8.0945753874316,1,46124.44974622402,46124.44974622402,373357.8356746107,0,373357.8356746107,8.0945753874316
Vieques,2005-2009,1,0,1,0.014619654251739856,0.12011721092336572,0.014433981544272894,100000,1443.3981544272829,98729.97880613446,0.9850568503918108,7270379.99073761,72.7037999073761
Vieques,2005-2009,1,1,4,4.5461455023801666e-4,1.609510413607106,0.0018164841343701165,98556.60184557272,179.0265035899065,393798.4463897709,0.9981625783627772,7171650.011931475,72.76681498382682
Vieques,2005-2009,1,5,5,2.1515157853265138e-4,2.5,0.0010751795762056898,98377.57534198281,105.77355976434774,491623.4428105032,0.9987741031697094,6777851.565541704,68.89630631757646
Vieques,2005-2009,1,10,5,2.755449432560788e-4,2.5,0.0013767763069069863,98271.80178221846,135.29828833082865,491020.7631902652,0.9970296802400862,6286228.122731201,63.967771107547215
Vieques,2005-2009,1,15,5,9.153016994335048e-4,2.5,0.004566060190537238,98136.50349388763,448.0971818419639,489562.27451483323,0.9932978759058951,5795207.359540936,59.05251515203908
Vieques,2005-2009,1,20,5,0.0017774607003948895,2.5,0.008847986132902266,97688.40631204567,864.3456643943064,486281.1673992426,0.9891383448114481,5305645.085026103,54.311921806547886
Vieques,2005-2009,1,25,5,0.0025953916239241748,2.5,0.012893300211188726,96824.06064765136,1248.381681596511,480999.34903426556,0.9870430374690078,4819363.917626861,49.77444537432507
Vieques,2005-2009,1,30,5,0.00262135822882387,2.5,0.013021456389474799,95575.67896605485,1244.5345355509344,474767.05849139695,0.9846897424944573,4338364.568592595,45.39193041080494
Vieques,2005-2009,1,35,5,0.0035572065212336854,2.5,0.017629255350921448,94331.14443050392,1662.9878327099868,467498.2525707446,0.9795194994863017,3863597.5101011978,40.95781444640063
Vieques,2005-2009,1,40,5,0.004731905476793952,2.5,0.02338291304817957,92668.15659779393,2166.8514480613085,457923.6543688164,0.9750752456069923,3396099.257530453,36.64796389843478
Vieques,2005-2009,1,45,5,0.005371889301884968,2.5,0.026503511682254125,90501.30514973262,2398.6023982951883,446510.01975292515,0.9667059204472914,2938175.6031616367,32.46556056070665
Vieques,2005-2009,1,50,5,0.008219399872426557,2.5,0.040269521120236906,88102.70275143743,3547.8536491989507,431643.87963418977,0.9515468836044582,2491665.5834087115,28.28137509513644
Vieques,2005-2009,1,55,5,0.011730212013841309,2.5,0.05698008876476117,84554.84910223848,4817.942807336542,410729.3884928511,0.9226895770736728,2060021.7037745218,24.363140915592805
Vieques,2005-2009,1,60,5,0.02080218269893494,2.5,0.098869176797107855,79736.90629490194,7883.522285725077,378975.72576019703,0.9075305706048232,1649292.3152816708,20.684177401890494
Vieques,2005-2009,1,65,5,0.017834759052082302,2.5,0.08536752228341651,71853.38400917687,6133.94536054229,343932.05664452864,0.8855330038314033,1270316.5895214737,17.679286884515186
Vieques,2005-2009,1,70,5,0.03156521472877603,2.5,0.1462824789927227,65719.43864863458,9613.602403532415,304563.1872343418,0.8175098382564188,926384.532876945,14.096050604293955
Vieques,2005-2009,1,75,5,0.05067932889593117,2.5,0.22490194533698624,56105.83624510216,12618.311716281867,248983.40193480614,0.727257760346661,621821.3456426032,11.083006461683137
Vieques,2005-2009,1,80,5,0.08032580764426438,2.5,0.33446384252480027,43487.52452882029,14545.004555800744,181075.11125459961,0.5143329312090806,372837.9437077971,8.573446011182078
Vieques,2005-2009,1,85,NA,0.19479030092394448,6.625643953324048,1,28942.51997301955,28942.51997301955,191762.83245319748,0,191762.83245319748,6.625643953324048
Vieques,2005-2009,2,0,1,0.007445342089983351,0.13372781176271992,0.007397629651398582,100000,739.7629651398602,99359.1639174114,0.9923214774196742,8119233.46277364,81.1923346277364
Vieques,2005-2009,2,1,4,2.4246315673482084e-4,1.5119640565571746,9.692679092407449e-4,99260.23703486014,96.20976242152392,396801.57479242573,0.9990284044941342,8019874.298856229,80.79644516705771
Vieques,2005-2009,2,5,5,1.1415879238112335e-4,2.5,5.706311055108661e-4,99164.02727243862,56.58607850938279,495678.67116591963,0.999365307855396,7623072.7240638025,76.87336762877257
Vieques,2005-2009,2,10,5,1.398067997379625e-4,2.5,6.987897597897979e-4,99107.44119392923,69.25526502529101,495364.0678070829,0.9984581747696383,7127394.052897883,71.9158316170357
Vieques,2005-2009,2,15,5,4.7765976027666645e-4,2.5,0.002385450217435801,99038.18592890394,236.25066215854895,494600.30298912333,0.9966287666867213,6632029.9850908,66.96437260928529
Vieques,2005-2009,2,20,5,8.737792788481517e-4,2.5,0.004359373568508457,98801.9352667454,430.714545119321,492932.88997092866,0.9951151866687304,6137429.682101677,62.11851686438984
Vieques,2005-2009,2,25,5,0.0010854482658189948,2.5,0.005412553711495486,98371.22072162607,532.4395158211846,490525.00481857744,0.994077980940864,5644496.792130748,57.379554210308314
Vieques,2005-2009,2,30,5,0.0012910047123473232,2.5,0.00643425692172063,97838.78120580489,629.5198551861686,487620.106391059,0.9928221480145871,5153971.7873121705,52.67820923147783
Vieques,2005-2009,2,35,5,0.0015915600643858683,2.5,0.00792626251473362,97209.26135061872,770.5061243283417,484120.0414422727,0.9906688051536858,4666351.680921111,48.00315953528651
Vieques,2005-2009,2,40,5,0.0021610833640893397,2.5,0.010747352011347362,96438.75522629038,1036.4612499531067,479602.62300656916,0.9868732565167425,4182231.639478839,43.36671112837748
Vieques,2005-2009,2,45,5,0.0031307100570529727,2.5,0.015531984931685804,95402.29397633727,1481.7869924887345,473307.0024004645,0.9826188549712268,3702629.01647227,38.81069167362618
Vieques,2005-2009,2,50,5,0.0038893492986843,2.5,0.01925947938680625,93920.50698384854,1808.8600682538236,465080.3847486081,0.9765954786349654,3229322.0140718054,34.383566675456194
Vieques,2005-2009,2,55,5,0.005603609034703583,2.5,0.02763096239720163,92111.64691559471,2545.133452269103,454195.40094730083,0.9676056726220025,2764241.629323197,30.00968630879191
Vieques,2005-2009,2,60,5,0.007600329477779192,2.5,0.037293048744670036,89566.51346332561,3340.208352477959,439482.04643543315,0.9510378391964243,2310046.2283758963,25.79140505811673
Vieques,2005-2009,2,65,5,0.012601533135398055,2.5,0.06108330737231058,86226.30511084765,5266.987898664534,417964.0558075769,0.922287589460417,1870564.1819404631,21.693660415296375
Vieques,2005-2009,2,70,5,0.020040854167027104,2.5,0.09542335688641354,80959.31721218312,7725.409819618508,385483.0615118693,0.8873878558678442,1452600.1261328862,17.942346553217874
Vieques,2005-2009,2,75,5,0.028177085499307263,2.5,0.13161416831285733,73233.90739256461,9638.619813773214,342072.98742839,0.8300809034842264,1067117.0646210168,14.571352295881464
Vieques,2005-2009,2,80,5,0.047935752936832034,2.5,0.2140295907283469,63595.287578791394,13611.273372740245,283948.2544621064,0.6083710447486793,725044.0771926269,11.400908853416746
Vieques,2005-2009,2,85,NA,0.10771325914255721,8.824737863433159,1,49984.01420605115,49984.01420605115,441095.8227305205,0,441095.8227305205,8.824737863433159
Vieques,2010-2014,1,0,1,0.012677185563936254,0.1239933100664434,0.012537947899112181,100000,1253.7947899112187,98901.66737623393,0.98699104723204,7441029.27591477,74.4102927591477
Vieques,2010-2014,1,1,4,4.154697155116267e-4,1.615223162979975,0.0016602338980600125,98746.20521008878,163.94179719458043,394593.8562397861,0.9983258097114335,7342127.608538535,74.35351660266535
Vieques,2010-2014,1,5,5,1.9647975028991673e-4,2.5,9.819164347098404e-4,98582.2634128942,96.79954461600573,492669.31820293097,0.9989079209267328,6947533.752298749,70.47448001067134
Vieques,2010-2014,1,10,5,2.406146492401653e-4,2.5,0.0012023499886488697,98485.4638682782,118.41399636412098,492131.2843504807,0.9971013476231833,6454864.434095819,65.54129087241783
Vieques,2010-2014,1,15,5,9.215174602629489e-4,2.5,0.0045969967693454345,98367.04987191407,452.1930104712228,490704.7668333923,0.9912882894686448,5962733.149745338,60.61717981284938
Vieques,2010-2014,1,20,5,0.0025856925573620113,2.5,0.012845426974499802,97914.85686144285,1257.75814353225,486429.8889483836,0.9880184680592086,5472028.382911946,55.88557812687498
Vieques,2010-2014,1,25,5,0.0022336831651433606,2.5,0.011106395404615018,96657.0987179106,1073.5119570240204,480601.71369699296,0.9876757819561613,4985598.493963562,51.580262185541145
Vieques,2010-2014,1,30,5,0.0027296447899658265,2.5,0.01355571821085785,95583.58676088658,1295.704167713673,474678.6733851487,0.9856776831335258,4504996.780266569,47.13148912832012
Vieques,2010-2014,1,35,5,0.0030428628018532478,2.5,0.015099450121508297,94287.88259317291,1423.6951802782423,467880.17501516896,0.9813629791391161,4030318.10688142,42.74481509221253
Vieques,2010-2014,1,40,5,0.004495732604841679,2.5,0.022228825881006917,92864.18741289467,2064.2618525824364,459160.2824330172,0.9763165769463753,3562437.931866251,38.361805892155886
Vieques,2010-2014,1,45,5,0.005098383796961433,2.5,0.025171089300207054,90799.92556031223,2285.533034730761,448285.7952147343,0.9706817498243662,3103277.649433234,34.177094642791715
Vieques,2010-2014,1,50,5,0.00682913454846702,2.5,0.03357249502814769,88514.39252558147,2971.6490029846173,435142.84012044576,0.9601282990659928,2654991.8542184997,29.995029943307614
Vieques,2010-2014,1,55,5,0.009498257507884357,2.5,0.04638973345424543,85542.74352259685,3968.305070958144,417792.9549355889,0.9451522622761546,2219849.014098054,25.950173243060195
Vieques,2010-2014,1,60,5,0.013162786651637908,2.5,0.06371719369167793,81574.4384516387,5197.694295112917,394877.9565204113,0.9128747205945923,1802056.059162465,22.090940414267287
Vieques,2010-2014,1,65,5,0.023757175679483496,2.5,0.11212636407343186,76376.74415652579,8563.846622037978,360474.10422753403,0.8781292966039065,1407178.1026420537,18.424169793860237
Vieques,2010-2014,1,70,5,0.02845948287524959,2.5,0.13284562024052976,67812.89753448781,9008.646433276524,316542.8715892477,0.8394858503307182,1046703.9984145197,15.435175851056862
Vieques,2010-2014,1,75,5,0.042581035735600306,2.5,0.1924214202482837,58804.25110121129,11315.197513531777,265733.261722227,0.7662923942777253,730161.126825272,12.416808532576171
Vieques,2010-2014,1,80,5,0.06642634969813022,2.5,0.28483103384326874,47489.05358767951,13526.356229617137,203629.37736435473,0.5615478900707768,464427.86510304495,9.77968247452157
Vieques,2010-2014,1,85,NA,0.14244611761377457,7.678968634002785,1,33962.697358062374,33962.697358062374,260798.48773869022,0,260798.48773869022,7.678968634002785
Vieques,2010-2014,2,0,1,0.008220761122942975,0.13213411628684898,0.008162525437331836,100000,816.2525437331933,99291.60226479989,0.9915953329788648,8209600.830649986,82.09600830649985
Vieques,2010-2014,2,1,4,2.319373567371524e-4,1.5107195711134611,9.272140932874398e-4,99183.7474562668,91.96456846651563,396506.0642246325,0.9990566948806178,8110309.228385187,81.77054644926855
Vieques,2010-2014,2,5,5,1.0412164195166857e-4,2.5,5.204727285706182e-4,99091.78288780029,51.574570618526195,495329.97801245516,0.9994204618024342,7713803.164160554,77.8450335573712
Vieques,2010-2014,2,10,5,1.2776768332753105e-4,2.5,6.38634424535365e-4,99040.20831718176,63.25048644450726,495042.9153697975,0.9986372938952188,7218473.186148099,72.884269013555965
Vieques,2010-2014,2,15,5,4.178842119517383e-4,2.5,0.002087240497632424,98976.95783073726,206.58871471676684,494368.3173668944,0.9970471851699224,6723430.270778301,67.92924755553906
Vieques,2010-2014,2,20,5,7.655021060504626e-4,2.5,0.0038201996031479563,98770.36911602049,377.322524899806,492908.5392678529,0.9953772833962811,6229061.953411407,63.0660997742597
Vieques,2010-2014,2,25,5,0.001088616902869127,2.5,0.005428311136203376,98393.04659112068,534.1080705355562,490629.96277926455,0.9943196417138573,5736153.414143554,58.29836165131209
Vieques,2010-2014,2,30,5,0.001190287672028569,2.5,0.005933781093931288,97858.93852058513,580.6735192656342,487843.0088047615,0.993388118578562,5245523.451364289,53.60290567898267
Vieques,2010-2014,2,35,5,0.001464145653994591,2.5,0.007294029466115651,97278.2650013195,709.5505313322356,484617.4486782669,0.9917788899087419,4757680.442559528,48.907949195999684
Vieques,2010-2014,2,40,5,0.0018394204606195096,2.5,0.009155002555553276,96568.71446998726,884.0868277592235,480633.3552805382,0.9890798968898737,4273062.993881261,44.24893732233841
Vieques,2010-2014,2,45,5,0.0025565384468759253,2.5,0.01270151247195953,95684.62764222804,1215.3394913725497,475384.7894827088,0.9849196598662517,3792429.638600723,39.6346804293465
Vieques,2010-2014,2,50,5,0.0035288133116312924,2.5,0.01748977121445904,94469.28815085549,1652.2462365512765,468215.8251628992,0.9782043770780879,3317044.849118014,35.11241498740959
Vieques,2010-2014,2,55,5,0.005305063010078157,2.5,0.026178123562923483,92817.04191430421,2429.775991977702,458010.76959157677,0.9684722687017139,2848829.0239551147,30.69295212602629
Vieques,2010-2014,2,60,5,0.0075438706355840345,2.5,0.037021146331161894,90387.265922326507,3346.240198184096,443570.7291161723,0.9557068966001547,2390818.254363538,26.45083054529016
Vieques,2010-2014,2,65,5,0.010644864822619738,2.5,0.051844626510636364,87041.02572414241,4512.609469770861,423923.6049462849,0.9267682609110252,1947247.5252473657,22.371605907066662
Vieques,2010-2014,2,70,5,0.020121352445366607,2.5,0.09578828749478153,82528.41625437155,7905.255662662734,392878.9421152009,0.8846778723650531,1523323.920301081,18.458174643820215
Vieques,2010-2014,2,75,5,0.02939770443120163,2.5,0.1369252985185055,74623.16059170882,10217.798540414107,347571.3066075088,0.8355049457950793,1130444.97818588,15.148714812160888
Vieques,2010-2014,2,80,5,0.043566848328022184,2.5,0.19643870362378416,64405.36205129471,12651.705827776794,290397.5456870315,0.6290620616969353,782873.6715783711,12.155411391909617
Vieques,2010-2014,2,85,NA,0.1111044723584824,9.515774571836886,1,51753.656223517915,51753.656223517915,492476.12589133956,0,492476.12589133956,9.515774571836886
Vieques,2015-2019,1,0,1,0.012884550648908026,0.12357952340763649,0.012740679279867015,100000,1274.0679279867036,98883.38077934284,0.9868589378209295,7602716.003242902,76.02716003242902
Vieques,2015-2019,1,1,4,3.8000522274062346e-4,1.6146123333297606,0.0015186443009962776,98725.9320720133,149.92957410169765,394546.0881311219,0.9984397784529078,7503832.62246356,76.00670325391374
Vieques,2015-2019,1,5,5,1.7894941184816988e-4,2.5,8.943469520881884e-4,98576.0024979116,88.16114738305623,492659.60962110036,0.9990046223691063,7109286.534332438,72.1198502088077
Vieques,2015-2019,1,10,5,2.1942004631519336e-4,2.5,0.001096498747061305,98487.84135052854,107.99179464162444,492169.22726603865,0.9975934054862142,6616626.924711337,67.18217024538156
Vieques,2015-2019,1,15,5,7.450106978572892e-4,2.5,0.0037181283757466007,98379.84955588692,365.7889102354238,490984.775503846,0.9939538329801098,6124457.697445299,62.253172017366836
Vieques,2015-2019,1,20,5,0.001683635652454257,2.5,0.008382893914607845,98014.0606456515,821.6414725324285,488016.1995469264,0.9910436627009164,5633472.921941453,57.47617112108076
Vieques,2015-2019,1,25,5,0.0019160601481513202,2.5,0.009534628436818557,97192.41917311907,926.6936036912084,483645.36185636726,0.989204329703743,5145456.722394527,52.9409265266815
Vieques,2015-2019,1,30,5,0.0024284244399445363,2.5,0.012068851465073072,96265.72556942786,1161.8167430749163,478424.08598945197,0.9873841324443704,4661811.3605381595,48.42649170265706
Vieques,2015-2019,1,35,5,0.0026513719395372237,2.5,0.013169566152305861,95103.90882635294,1252.477218631524,472388.3510851859,0.9836777022455867,4183387.274548707,43.98754295353953
Vieques,2015-2019,1,40,5,0.003941887829088982,2.5,0.019517103562960155,93851.43160772142,1831.7081102199736,464677.88776305714,0.9760931318495476,3710998.9234635215,39.54120741572372
Vieques,2015-2019,1,45,5,0.005758527795847983,2.5,0.028384013650332003,92019.72349750144,2611.889087852862,453568.894767875,0.969112009995084,3246321.035700464,35.278534995691544
Vieques,2015-2019,1,50,5,0.006806920292064002,2.5,0.033465115525453816,89407.83440964858,2992.0435073995322,439559.06327974406,0.9594054104793597,2792752.1409325893,31.236100945435776
Vieques,2015-2019,1,55,5,0.009829958652703547,2.5,0.04797091303436706,86415.79090224905,4145.444390167846,421715.34353582567,0.9426745345497548,2353193.077652845,27.23105410577919
Vieques,2015-2019,1,60,5,0.013896872194231347,2.5,0.06715137575482763,82270.3465120812,5524.56695211264,397540.3151801244,0.9124620472972534,1931477.7341170195,23.47720431484249
Vieques,2015-2019,1,65,5,0.023144314823197835,2.5,0.1093920632390782,76745.77955996856,8395.379170956425,362740.4498724517,0.8797872421740317,1533937.418936895,19.987254383653607
Vieques,2015-2019,1,70,5,0.028348658757040627,2.5,0.13236254241720405,68350.40038901214,9047.032770723512,319134.42001825187,0.8617691056589296,1171196.9690644434,17.13518812470223
Vieques,2015-2019,1,75,5,0.03126556615044316,2.5,0.14499449343718968,59303.36761828863,8598.66174693319,275020.18372411013,0.8097020569323489,852062.5490461915,14.367861105807135
Vieques,2015-2019,1,80,5,0.055395204560243445,2.5,0.2432840926102256,50704.705871355436,12335.648358981081,222684.40845932448,0.6140934845658494,577042.3653220814,11.380449909050146
Vieques,2015-2019,1,85,NA,0.1356421449660168,9.235513714364064,1,38369.057512374355,38369.057512374355,354357.95686275687,0,354357.95686275687,9.235513714364064
Vieques,2015-2019,2,0,1,0.006294857468749898,0.13609236829020238,0.006260810085311188,100000,626.0810085311241,99459.1238386614,0.9935180877650495,8394509.731130786,83.94509731130786
Vieques,2015-2019,2,1,4,1.981813378974511e-4,1.5138136619911988,7.923349556899601e-4,99373.91899146888,78.73742970085004,397299.9200438633,0.9991978033104802,8295050.607292125,83.47311539564264
Vieques,2015-2019,2,5,5,9.296660491732172e-5,2.5,4.647250148194888e-4,99295.18156176803,46.14495472278213,496360.5454220332,0.9994823161119574,7897750.687248262,79.53810610976475
Vieques,2015-2019,2,10,5,1.1416605222553007e-4,2.5,5.706673840217313e-4,99249.03660704524,56.6381880872359,496103.58756500814,0.9987311227707583,7401390.141826228,74.57392429037277
Vieques,2015-2019,2,15,5,0.00039388463070996076,2.5,0.0019674857475570446,99192.39841895801,195.1596301552927,495474.0930194018,0.9971175889781162,6905286.55426122,69.61507801329115
Vieques,2015-2019,2,20,5,7.612740828506536e-4,2.5,0.003799139947305751,98997.23878880272,376.10436455551826,494045.9330326248,0.9959588481394287,6409812.461241818,64.74738628737202
Vieques,2015-2019,2,25,5,8.586566231883064e-4,2.5,0.0042840867173561045,98621.1344242472,422.50149203749606,492049.4183911423,0.9953183142284044,5915766.528209194,59.984774690999004
Vieques,2015-2019,2,30,5,0.0010187873275857111,2.5,0.005080995503352717,98198.6329322097,498.94681236395263,489745.7976301386,0.9943047346406835,5423717.109818052,55.23210403104341
Vieques,2015-2019,2,35,5,0.0012665320522646298,2.5,0.0063126722569509745,97699.68611984575,616.7460980815667,486956.5653540248,0.9926742979291788,4933971.312187913,50.501403926063126
Vieques,2015-2019,2,40,5,0.0016760268494253917,2.5,0.008345167435415192,97082.94002176418,810.173389603995,483389.2666348109,0.9907066491966138,4447014.746833888,45.80634605664961
Vieques,2015-2019,2,45,5,0.002060462068751102,2.5,0.010249513509233192,96272.76663216019,986.7490221675835,478896.960605382,0.9854868628624416,3963625.480199077,41.17078607851098
Vieques,2015-2019,2,50,5,0.003799941863654214,2.5,0.0188209133766408,95286.0176099926,1793.3698834427487,471946.66334135615,0.9772993302847847,3484728.519593695,36.57124735611002
Vieques,2015-2019,2,55,5,0.005402977223869832,2.5,0.026654847287350944,93492.64772654985,2492.032247641284,461233.1580136461,0.9688610588174946,3012781.8562523387,32.22479980526613
Vieques,2015-2019,2,60,5,0.007279267945540201,2.5,0.03574583102282317,91000.61547890857,3252.892623881955,446870.84583483794,0.9518632291749904,2551548.6982386927,28.038807043344352
Vieques,2015-2019,2,65,5,0.012581051581163726,2.5,0.0609870547033048,87747.72285502662,5351.475173849947,425359.92634050816,0.9332471895287864,2104677.852403855,23.985555224961473
Vieques,2015-2019,2,70,5,0.015130045678949445,2.5,0.07289304080220982,82396.24768117667,6006.113044172991,396965.95579545083,0.9048074291243304,1679317.9260633467,20.381000025162372
Vieques,2015-2019,2,75,5,0.025361178448243434,2.5,0.11924538360911702,76390.13463700368,9109.170908741595,359177.74591316446,0.8571839033326223,1282351.9702678958,16.786879305311757
Vieques,2015-2019,2,80,5,0.037057695665082234,2.5,0.1695780489973552,67280.96372826208,11409.374563700505,307881.38223205914,0.6664969903733413,923174.2243547314,13.721180155553306
Vieques,2015-2019,2,85,NA,0.10652642014003923,11.012624686769108,1,55871.58916456158,55871.58916456158,615292.8421226722,0,615292.8421226722,11.012624686769108
Vieques,2020-2024,1,0,1,0.01337353694511387,0.12260377570287254,0.013218433292038553,100000,1321.8433292038535,98840.2196538442,0.9863222691664049,7505945.891478354,75.05945891478355
Vieques,2020-2024,1,1,4,4.161940078143042e-4,1.6131728604910878,0.00166312391198145,98678.15667079615,164.11400194944872,394320.91492935823,0.9983369796962187,7407105.67182451,75.06327561970609
Vieques,2020-2024,1,5,5,1.8622519107249372e-4,2.5,9.30692659316691e-4,98514.0426688467,91.68629635150137,492340.99760335474,0.9989648419771684,7012784.756895152,71.18563574198767
Vieques,2020-2024,1,10,5,2.2807411080572631e-4,2.5,0.0011397207020644058,98422.3563724952,112.17399710370228,491831.3468697167,0.9969969749798341,6520443.759291797,66.24962050912632
Vieques,2020-2024,1,15,5,9.760670510362688e-4,2.5,0.004868455407898621,98310.1823753915,478.6187390369596,490354.36502936506,0.9929961226035973,6028612.4124220805,61.32236017427155
Vieques,2020-2024,1,20,5,0.001838359552440697,2.5,0.00914974645271907,97831.56363635453,895.1340023457014,486919.98317590845,0.9899212550660786,5538258.047392716,56.61013523180243
Vieques,2020-2024,1,25,5,0.0022154675535090425,2.5,0.011016322007627944,96936.42963400883,1067.8829231179989,482012.4408622492,0.988674722819823,5051338.064216807,52.109801065384126
Vieques,2020-2024,1,30,5,0.002341157577044257,2.5,0.011637673814645469,95868.54671089083,1115.6868757054472,476553.51636519056,0.9862274635415309,4569325.623354558,47.66240628570491
Vieques,2020-2024,1,35,5,0.0032120957116400254,2.5,0.015932536477959124,94752.85983518539,1509.6533957150386,469990.1656866393,0.9820020905867822,4092772.106989367,43.194180250690046
Vieques,2020-2024,1,40,5,0.0040601421237959805,2.5,0.020096721752634703,93243.20643947035,1873.8827751375065,461531.325259508,0.976869069674906,3622781.941302728,38.85303905389063
Vieques,2020-2024,1,45,5,0.005315174947620732,2.5,0.02622736712637328,91369.32366433284,2396.3767958328826,450855.676332082,0.970149098344457,3161250.61604322,34.598599281054476
Vieques,2020-2024,1,50,5,0.006829038676531474,2.5,0.033572031626588096,88972.94686849996,2987.002586180024,437397.2278770497,0.9558803150947696,2710394.9397111377,30.463135538458012
Vieques,2020-2024,1,55,5,0.01131819027415382,2.5,0.05503374536686531,85985.94428231994,4732.128562762664,418099.400004693,0.9394233774076518,2272997.711834088,26.434526372951073
Vieques,2020-2024,1,60,5,0.0137450898852629,2.5,0.06644231059793168,81253.81571955727,5398.691261305925,392772.3504445215,0.9134398256958584,1854898.3118293951,22.82844559856077
Vieques,2020-2024,1,65,5,0.02285753177062124,2.5,0.10810984813211412,75855.12445825135,8200.685985224176,358773.90732819634,0.8866561916918219,1462125.9613848736,19.27524306139118
Vieques,2020-2024,1,70,5,0.025353673456851494,2.5,0.11921219934837783,67654.43847302717,8065.234406049072,318109.1063500132,0.8525705021887682,1103352.0540566773,16.308642551169314
Vieques,2020-2024,1,75,5,0.03943149051173459,2.5,0.17946592978948836,59589.2040669781,10694.231913295793,271210.440551651,0.7828601523962552,785242.9477066641,13.17760423220376
Vieques,2020-2024,1,80,5,0.06057844224744602,2.5,0.26305374585856195,48894.972153682305,12862.00557867621,212319.846821721,0.5869524906180822,514032.50715501304,10.512993146603131
Vieques,2020-2024,1,85,NA,0.10523569278323301,8.373239536224364,1,36032.966575006096,36032.966575006096,301712.66033329203,0,301712.66033329203,8.373239536224364
Vieques,2020-2024,2,0,1,0.006448871796032543,0.1357758272637682,0.006413129687014816,100000,641.3129687014734,99445.76183015895,0.9933627514069802,8266073.456088559,82.66073456088559
Vieques,2020-2024,2,1,4,2.0161406439138092e-4,1.513565837999227,8.060521835275388e-4,99358.68703129853,80.08828663402528,397235.61387333117,0.9991836643899931,8166627.6942584,82.19339383667447
Vieques,2020-2024,2,5,5,9.436421122497053e-5,2.5,4.71709774822782e-4,99278.5987446645,46.83068545856804,496275.9170096761,0.9994608170414767,7769392.080385068,78.25847844979396
Vieques,2020-2024,2,10,5,1.21374415200664e-4,2.5,6.06687985004847e-4,99231.76805920593,60.20272141229361,496008.33349249896,0.9987450448083213,7273116.163375393,73.2942313295873
Vieques,2020-2024,2,15,5,3.8108590720854757e-4,2.5,0.001903615933030699,99171.56533779364,188.7845718806202,495385.86525926663,0.9972815279281916,6777107.829882894,68.33720741221559
Vieques,2020-2024,2,20,5,7.082282201517522e-4,2.5,0.0035348823421846327,98982.78076591302,349.89248390977446,494039.17261979065,0.995835884063793,6281721.964623627,63.46277520207718
Vieques,2020-2024,2,25,5,9.614216254429448e-4,2.5,0.0047955816873627025,98632.88828200324,473.00207281686016,491981.9362279741,0.9949094117143228,5787682.7920038365,58.679035895777055
Vieques,2020-2024,2,30,5,0.001080313118131959,2.5,0.005387016429369194,98159.88620918638,528.7889197139011,489477.4587466472,0.9936731975031026,5295700.855775862,53.94974526040413
Vieques,2020-2024,2,35,5,0.001459642752035076,2.5,0.00727167862766538,97631.09728947248,709.9419635553932,486380.6315384739,0.9919480569282327,4806223.3970292155,49.228407038988266
Vieques,2020-2024,2,40,5,0.0017754301390796215,2.5,0.008837922908650906,96921.15532591709,856.5816989878222,482464.3223821159,0.9900959926870185,4319842.7654907415,44.57068996922696
Vieques,2020-2024,2,45,5,0.002208041242728329,2.5,0.010979597702253792,96064.57362692927,1054.750371862232,477685.99220499076,0.986543434822565,3837378.4431086252,39.945822879631386
Vieques,2020-2024,2,50,5,0.0032178865280438804,2.5,0.015961030676252385,95009.82325506704,1516.454703519441,471257.9795165366,0.9812484466368757,3359692.4509036345,35.36152721686551
Vieques,2020-2024,2,55,5,0.004364577423673335,2.5,0.021587338097126867,93493.3685515476,2018.272956761546,462421.16036583413,0.9667981992918309,2888434.471387098,30.894538469801297
Vieques,2020-2024,2,60,5,0.00922234119397955,2.5,0.0450725205621556,91475.09559478605,4123.013127121143,447067.9451561274,0.9525936579771442,2426013.3110212637,26.521025151675744
Vieques,2020-2024,2,65,5,0.010224921752939566,2.5,0.049850319718496225,87352.0824676649,4354.529239089548,425874.0892406007,0.9244193489602663,1978945.3658651365,22.65481611841002
Vieques,2020-2024,2,70,5,0.02164314137891738,2.5,0.1026609436033367,82997.55322857536,8520.607131213706,393686.24831484247,0.8903299598426399,1553071.2766245357,18.71225374978676
Vieques,2020-2024,2,75,5,0.024962514670353018,2.5,0.11748101918926496,74476.94609736165,8749.627533621999,350510.66165275325,0.8451457175268956,1159385.0283096933,15.567032337685562
Vieques,2020-2024,2,80,5,0.04375481949680704,2.5,0.19720267848097983,65727.31856373965,12961.603270142085,296232.58464334306,0.6337718230982324,808874.36665694,12.306517051544205
Vieques,2020-2024,2,85,NA,0.07389273010848357,9.715433196748483,1,52765.71529359757,52765.71529359757,512641.78201359697,0,512641.78201359697,9.715433196748483
Villalba,1980-1984,1,0,1,0.01996337570446459,0.10945408195052614,0.019614660334809672,100000,1961.4660334809596,98253.22443049084,0.9798309750110421,7165514.099234053,71.65514099234053
Villalba,1980-1984,1,1,4,5.219484147045536e-4,1.5939010284112185,0.002085174971929135,98038.53396651904,204.42749731161166,391662.26307503023,0.9978096719836838,7067260.874803563,72.08656217989846
Villalba,1980-1984,1,5,5,2.6848771747087045e-4,2.5,0.0013415381210842771,97834.10646920743,131.24818337066972,488842.41188761045,0.9986773292864545,6675598.611728532,68.23385885197028
Villalba,1980-1984,1,10,5,2.6092568671157423e-4,2.5,0.0013037779606586105,97702.85828583676,127.38283332642459,488195.83434586774,0.9971669625886368,6186756.199840922,63.3221617912254
Villalba,1980-1984,1,15,5,8.747675269638521e-4,2.5,0.004364293279721144,97575.47545251033,425.8479917829827,486812.7572830942,0.9941997193678085,5698560.365495054,58.40156390801831
Villalba,1980-1984,1,20,5,0.0014537770407255925,2.5,0.007242562525837756,97149.62746072735,703.6122512461588,483989.10667552135,0.9920243583114591,5211747.60821196,53.64660415521206
Villalba,1980-1984,1,25,5,0.0017504405210840453,2.5,0.008714068956906004,96446.0152094812,840.4372271542234,480128.9829795204,0.9899617839868708,4727758.501536438,49.01973908686352
Villalba,1980-1984,1,30,5,0.002287811429494242,2.5,0.011374003211107521,95605.57798232697,1087.4181509707705,475309.34453420795,0.9870210377015027,4247629.518556918,44.42867883024678
Villalba,1980-1984,1,35,5,0.0029419570394028896,2.5,0.014602386214723236,94518.1598313562,1380.190674162397,469140.322471375,0.9843611044111309,3772320.17402271,39.91106239005777
Villalba,1980-1984,1,40,5,0.0033662455589679734,2.5,0.016690764762942286,93137.9691571938,1554.543933700901,461803.4859517168,0.977020431349743,3303179.851551335,35.46544853234223
Villalba,1980-1984,1,45,5,0.005962599874279779,2.5,0.029375119166772025,91583.4252234929,2690.2740296412667,451191.4410433613,0.9610148087539031,2841376.3655996183,31.02500653001075
Villalba,1980-1984,1,50,5,0.01002219376478459,2.5,0.0488861038119023,88893.15119385163,4345.63981742975,433601.6564256838,0.9427266151717191,2390184.9245562567,26.888291082672023
Villalba,1980-1984,1,55,5,0.013670092643115195,2.5,0.0660917619437805,84547.51137642188,5587.893994829559,408767.82189503557,0.9316701486203394,1956583.2681305732,23.1418197446343
Villalba,1980-1984,1,60,5,0.014663824883710316,2.5,0.07072632819042118,78959.61738159232,5584.523812720567,380836.7773761602,0.902310968329355,1547815.4462355375,19.602620903737765
Villalba,1980-1984,1,65,5,0.027054739043842677,2.5,0.12670384646435295,73375.09356887176,9296.906589857863,343633.2013697141,0.847145447038807,1166978.6688593773,15.904288663891391
Villalba,1980-1984,1,70,5,0.04023757934341238,2.5,0.1827993848386332,64078.186979013895,11713.453161338657,291107.30199172284,0.7889688555345424,823345.4674896633,12.849075579484097
Villalba,1980-1984,1,75,5,0.05599064922891191,2.5,0.24557805877639402,52364.73381767524,12859.629679287282,229674.59489015798,0.6977686134153515,532238.1654979404,10.16405750005528
Villalba,1980-1984,1,80,5,0.09301350642195519,2.5,0.37732640266592515,39505.10413838796,14906.318831480676,160259.7236132381,0.4703271008756532,302563.5706077824,7.658847564301821
Villalba,1980-1984,1,85,NA,0.2343211095152569,5.784994877555426,1,24598.78530690728,24598.78530690728,142303.8469945443,0,142303.8469945443,5.784994877555426
Villalba,1980-1984,2,0,1,0.010500865549755437,0.12744788606155413,0.010405524386960574,100000,1040.552438696046,99092.06376995196,0.989301089781536,7821745.165963794,78.21745165963794
Villalba,1980-1984,2,1,4,2.8324638495246814e-4,1.507070211822415,0.0011321860880978824,98959.44756130395,112.0405098147603,395558.481120816,0.998839471051909,7722653.102193843,78.03856319438091
Villalba,1980-1984,2,5,5,1.2997715690782395e-4,2.5,6.496746773704208e-4,98847.4070514892,64.21865728507692,494076.48861423327,0.999202212021911,7327094.621073026,74.12530929876971
Villalba,1980-1984,2,10,5,1.8928904685374258e-4,2.5,9.459975668243374e-4,98783.18839420412,93.44865586407832,493682.3203313604,0.9982277325837333,6833018.132458793,69.17187269954232
Villalba,1980-1984,2,15,5,5.205404565428645e-4,2.5,0.0025993196551143873,98689.73973834004,256.52618025998527,492807.3832410502,0.9965725575130303,6339335.812127433,64.2350038508072
Villalba,1980-1984,2,20,5,8.533613853138445e-4,2.5,0.004257723484541592,98433.21355808005,419.10140502512513,491118.31427783746,0.9949636639834962,5846528.428886382,59.39589105700247
Villalba,1980-1984,2,25,5,0.0011670506806637552,2.5,0.005818277840533563,98014.11215305493,570.2733367996989,488644.8774232754,0.9939446126031208,5355410.114608545,54.63917385943108
Villalba,1980-1984,2,30,5,0.0012627507229007275,2.5,0.006293884596194391,97443.83881625523,613.300276119684,485685.9433909769,0.9920863443243529,4866765.23718527,49.94430942280789
Villalba,1980-1984,2,35,5,0.0019178890610110691,2.5,0.009543685977709411,96830.53854013555,924.1202528795402,481842.3920684789,0.9900310745366726,4381079.293794293,45.24480974541279
Villalba,1980-1984,2,40,5,0.0020905213760976627,2.5,0.010398262405903778,95906.418287256,997.2601037612476,477038.9411768769,0.9853822121354779,3899236.9017258137,40.656683581352574
Villalba,1980-1984,2,45,5,0.003812321476323519,2.5,0.018881650081333856,94909.15818349476,1792.0415143347054,470065.68713163707,0.9796274848713231,3422197.960548937,36.05761578806287
Villalba,1980-1984,2,50,5,0.004426871073055721,2.5,0.021892071915548116,93117.11666916005,2038.5266146897484,460489.2668090759,0.9708894685751638,2952132.2734172996,31.703433042348827
Villalba,1980-1984,2,55,5,0.0074337416672884465,2.5,0.03649055493964887,91078.5900544703,3323.5082942083973,447084.1795368305,0.9545529311866273,2491643.006608224,27.357066080163037
Villalba,1980-1984,2,60,5,0.011256668443417972,2.5,0.05474278866297192,87755.0817602619,4803.957894903826,426765.51406404993,0.9354261249089729,2044558.8270713934,23.298466437042624
Villalba,1980-1984,2,65,5,0.015578869570711456,2.5,0.0749743103483787,82951.12386535808,6219.203304428156,399207.61106572003,0.9106037863616164,1617793.3130073433,19.50297039535306
Villalba,1980-1984,2,70,5,0.022160698414478465,2.5,0.10498702744101031,76731.92056092992,8055.856249531775,363519.9621808202,0.8596000074151763,1218585.7019416234,15.881079126306899
Villalba,1980-1984,2,75,5,0.03955246431615002,2.5,0.17996697790187674,68676.06431139815,12359.423748317262,312481.7621861976,0.7770818569142328,855065.7397608032,12.450709695355798
Villalba,1980-1984,2,80,5,0.0638475760007775,2.5,0.27529550354132054,56316.64056308089,15503.717921568903,242823.90801148216,0.552467603085287,542583.9775746055,9.63452315602617
Villalba,1980-1984,2,85,NA,0.1348895760444551,7.34473422048508,1,40812.922641511985,40812.922641511985,299760.0695631234,0,299760.0695631234,7.34473422048508
Villalba,1985-1989,1,0,1,0.014132634088894008,0.12108903530731646,0.013959241781209952,100000,1395.9241781210003,98773.10693396983,0.9854155115199119,7120522.490114212,71.20522490114212
Villalba,1985-1989,1,1,4,5.117813971360903e-4,1.6109408045132145,0.002044625673695974,98604.075821879,201.60842495647375,393934.64882598614,0.9980392710249592,7021749.383180242,71.21155311941178
Villalba,1985-1989,1,5,5,2.2015428298540138e-4,2.5,0.0011001658993401713,98402.46739692253,108.25903904103325,491741.68938701006,0.9987543606464336,6627814.734354256,67.35415187934136
Villalba,1985-1989,1,10,5,2.7844830460729033e-4,2.5,0.0013912730289960273,98294.20835788149,136.75408099484048,491129.1565869204,0.9967315018115588,6136073.044967246,62.42558078932063
Villalba,1985-1989,1,15,5,0.001032325123565435,2.5,0.005148338719315739,98157.45427688665,505.3478224431601,489523.90182832535,0.9934607668128055,5644943.888380325,57.50906978961406
Villalba,1985-1989,1,20,5,0.0015937903178523222,2.5,0.007937325507901273,97652.10645444349,775.0965554611321,486322.7908835646,0.9912422268941615,5155419.986552,52.79374069577391
Villalba,1985-1989,1,25,5,0.0019261880423169224,2.5,0.009584784966109863,96877.00989898236,928.5453080414445,482063.6862248082,0.989045785490153,4669097.195668436,48.19613240062937
Villalba,1985-1989,1,30,5,0.0024826937212061736,2.5,0.012336896765682547,95948.46459094092,1183.7063024841773,476783.0571984941,0.9854790318489096,4187033.509443627,43.638358646949634
Villalba,1985-1989,1,35,5,0.003374697412882061,2.5,0.016732320765413915,94764.75828845674,1585.6343329393712,469859.7056099353,0.9800107074600185,3710250.4522451335,39.15221775748546
Villalba,1985-1989,1,40,5,0.00471527460662877,2.5,0.023301688384318467,93179.12395551737,2171.2309103352454,460467.5425017487,0.9731095756636782,3240390.746635198,34.77593058486065
Villalba,1985-1989,1,45,5,0.006207826208862456,2.5,0.03056477895465529,91007.89304518212,2781.6361340549047,448085.3748907734,0.9627157650493458,2779923.204133449,30.545957181464665
Villalba,1985-1989,1,50,5,0.009043030235360251,2.5,0.044215544903219405,88226.25691112722,3900.972024096918,431378.8544953938,0.9472668379978622,2331837.829242676,26.430202423657185
Villalba,1985-1989,1,55,5,0.01272105607641047,2.5,0.06164481258768303,84325.2848870303,5198.2163832639635,408630.88347699156,0.9217055082496302,1900458.974747282,22.537237523636083
Villalba,1985-1989,1,60,5,0.020176445141413677,2.5,0.09603796393023951,79127.06850376634,7599.202550870308,376637.3361416559,0.8937022380477856,1491828.0912702905,18.853574629765056
Villalba,1985-1989,1,65,5,0.025000116021056062,2.5,0.11764757268827411,71527.86595289603,8415.079808930459,336601.630242154,0.8454423766341117,1115190.7551286346,15.590997162742594
Villalba,1985-1989,1,70,5,0.043554634050754944,2.5,0.19638903849563247,63112.78614396557,12394.65938759387,284577.2822508432,0.7796032061072079,778589.1248864806,12.336472091573542
Villalba,1985-1989,1,75,5,0.05721382769714786,2.5,0.25027164198124613,50718.1267563717,12693.308861530117,221857.3616280332,0.6808874077721526,494011.8426356374,9.740340864887619
Villalba,1985-1989,1,80,5,0.10344031684245761,2.5,0.41093378254339274,38024.81789484158,15625.68224805094,151059.88385408057,0.4449480188795427,272154.4810076042,7.157285585436676
Villalba,1985-1989,1,85,NA,0.22017890060301945,5.406217412272072,1,22399.13564679064,22399.13564679064,121094.59715352363,0,121094.59715352363,5.406217412272072
Villalba,1985-1989,2,0,1,0.010404303403795364,0.1276463473432815,0.010310720907946963,100000,1031.0720907946961,99100.54049544285,0.9893589529319544,7846613.584040865,78.46613584040865
Villalba,1985-1989,2,1,4,3.0096220193574097e-4,1.5072244570827704,0.0012029463198622364,98968.9279092053,119.05430760908348,395578.93597053434,0.9988153440678581,7747513.043545423,78.28227714715712
Villalba,1985-1989,2,5,5,1.2622431472270133e-4,2.5,6.3092247921955e-4,98849.87360159622,62.366607323259814,494093.45148967294,0.9993006551250234,7351934.1075748885,74.37474464768734
Villalba,1985-1989,2,10,5,1.536210693754627e-4,2.5,7.678104672146855e-4,98787.50699427296,75.8500819002511,493747.90976661415,0.9984927947175101,6857840.6560852155,69.4201206685253
Villalba,1985-1989,2,15,5,4.499391943510524e-4,2.5,0.0022471682490763606,98711.65691237271,221.8217012272071,493003.7303087955,0.9966436100972796,6364092.746318601,64.47154211957022
Villalba,1985-1989,2,20,5,8.956228261474493e-4,2.5,0.0044681097779700404,98489.8352111455,440.0633957375685,491349.0175663836,0.9949927274945237,5871089.016009806,59.611116247917224
Villalba,1985-1989,2,25,5,0.001112858562123676,2.5,0.005548855083394532,98049.77181540793,544.0639747636014,488888.69914013066,0.9940143543331665,5379739.998443422,54.867440268718994
Villalba,1985-1989,2,30,5,0.001289115895584141,2.5,0.006424873461654368,97505.70784064433,626.4618346651841,485962.3846165587,0.9926371894407392,4890851.299303291,50.159640985289954
Villalba,1985-1989,2,35,5,0.0016682916434485415,2.5,0.00830681275150016,96879.24600597915,804.7577560781792,482384.3356397003,0.9904190177265101,4404888.914686733,45.467828211781026
Villalba,1985-1989,2,40,5,0.0021850360576830233,2.5,0.010865824741274743,96074.48824990097,1043.9285514310905,477762.6198709271,0.9873852796559989,3922504.5790470326,40.82774366535411
Villalba,1985-1989,2,45,5,0.0028974019958188406,2.5,0.014382827893483954,95030.55969846988,1366.8081847645517,471735.77803043806,0.9824208018366611,3444741.9591761054,36.24878113005127
Villalba,1985-1989,2,50,5,0.004208255018407127,2.5,0.020822212145150218,93663.75151370533,1950.286504328993,463443.0413077042,0.9753901618487404,2973006.181145667,31.741267385714767
Villalba,1985-1989,2,55,5,0.005777872755467364,2.5,0.028478008010797896,91713.46500937633,2611.816791235062,452037.78306879406,0.9610027928285345,2509563.139837963,27.363082831745565
Villalba,1985-1989,2,60,5,0.010219543779069048,2.5,0.049824753276859785,89101.64821814127,4439.467639030438,434409.5719931303,0.9381357902024108,2057525.356769169,23.091888847351903
Villalba,1985-1989,2,65,5,0.01548404856916549,2.5,0.0745349845438789,84662.18057911083,6310.294320915113,407535.1670932664,0.9020496533809421,1623115.7847760387,19.17167469197597
Villalba,1985-1989,2,70,5,0.026269163775678103,2.5,0.12325153216807451,78351.88625819572,9656.990029581328,367616.9562170253,0.8411111301934963,1215580.6176827725,15.514375922961534
Villalba,1985-1989,2,75,5,0.04432991409630455,2.5,0.19953603252873242,68694.8962286144,13707.107048430698,309206.7135219952,0.7689010202994251,847963.661465747,12.343910654493914
Villalba,1985-1989,2,80,5,0.06256940297099703,2.5,0.2705297953955684,54987.789180183696,14875.835356169737,237749.35751049413,0.5587075797019401,538756.9479437519,9.797756119606046
Villalba,1985-1989,2,85,NA,0.14815092909348518,7.504186700899434,1,40111.95382401396,40111.95382401396,301007.59043325775,0,301007.59043325775,7.504186700899434
Villalba,1990-1994,1,0,1,0.015592664705664344,0.11817561721308209,0.015381173691530702,100000,1538.1173691530712,98643.65060029275,0.9841068211084986,7160589.635076639,71.60589635076639
Villalba,1990-1994,1,1,4,4.6493945404108884e-4,1.606656523667418,0.0018576906526681046,98461.88263084693,182.9117190074321,393409.7599539565,0.9981196444176031,7061945.9844763465,71.7226382005408
Villalba,1990-1994,1,5,5,2.1719738007316985e-4,2.5,0.001085397536612624,98278.9709118395,106.67175292852335,491128.1751768762,0.9986421597349978,6668536.2245223895,67.85313442592268
Villalba,1990-1994,1,10,5,3.263819004138324e-4,2.5,0.0016305790233681074,98172.29915891097,160.07769168434606,490461.301565344,0.9970765224071458,6177408.049345514,62.92414563242709
Villalba,1990-1994,1,15,5,8.454808811390725e-4,2.5,0.004218487778784659,98012.22146722663,413.46335843102133,489027.4489400556,0.993794426179623,5686946.747780169,58.02283289417915
Villalba,1990-1994,1,20,5,0.0016469690349378752,2.5,0.008201077871421015,97598.7581087956,800.415015404229,485992.7530054675,0.9911497651669524,5197919.298840114,53.25804753627984
Villalba,1990-1994,1,25,5,0.0019100291043929452,2.5,0.009504759603283402,96798.34309339138,920.0449810988357,481691.6030142098,0.9881246381322595,4711926.545834647,48.67776033406443
Villalba,1990-1994,1,30,5,0.0028742483823413984,2.5,0.01426871235320873,95878.29811229254,1368.0598566794797,475971.340919764,0.9854695686256033,4230234.942820436,44.120880596628766
Villalba,1990-1994,1,35,5,0.002981242912974678,2.5,0.014795938845314886,94510.23825561306,1398.3677054862055,469055.2720143498,0.9818392212124902,3754263.6019006725,39.72335348205201
Villalba,1990-1994,1,40,5,0.004362291207658177,2.5,0.021576152388640735,93111.87055012686,2008.995908180921,460536.862980182,0.9745247440315564,3285208.329886323,35.28237925493858
Villalba,1990-1994,1,45,5,0.005980157215516046,2.5,0.02946034237994276,91102.87464194593,2683.9218787487334,448804.56851285783,0.9685022164427546,2824671.466906141,31.005294596989533
Villalba,1990-1994,1,50,5,0.006834218956868378,2.5,0.03359707044501547,88418.9527631972,2970.61778465964,434668.2193543369,0.9569079968883499,2375866.898393283,26.87056139147347
Villalba,1990-1994,1,55,5,0.010871037050185084,2.5,0.05291702782572752,85448.33497853756,4521.671919721353,415937.4950933844,0.9339614986750013,1941198.6790389463,22.717805789036447
Villalba,1990-1994,1,60,5,0.01664347352847734,2.5,0.07989312006990922,80926.66305881621,6465.48360861509,388469.6062725433,0.9025909192739194,1525261.1839455618,18.847449360874133
Villalba,1990-1994,1,65,5,0.024728986615453835,2.5,0.11644595680889215,74461.17945020112,8670.703286197284,350629.1390355124,0.8367413472042193,1136791.5776730184,15.26690264734919
Villalba,1990-1994,1,70,5,0.04849105955912039,2.5,0.21624091952597002,65790.47616400383,14226.5930617556,293385.8981656302,0.7577169639464696,786162.4386375061,11.949486984677606
Villalba,1990-1994,1,75,5,0.06390533294924702,2.5,0.27551023198191393,51563.883102248234,14206.377395388707,222303.4720227694,0.6706344499108041,492776.54047187587,9.556622015737801
Villalba,1990-1994,1,80,5,0.1011592635830955,2.5,0.4037010624520667,37357.50570685953,15081.264744418335,149084.3666732518,0.44880143694859503,270473.0684491065,7.240126537662354
Villalba,1990-1994,1,85,NA,0.1620218483524279,5.449245318387507,1,22276.240962441192,22276.240962441192,121388.70177585469,0,121388.70177585469,5.449245318387507
Villalba,1990-1994,2,0,1,0.011471265117060862,0.1254534529428583,0.011357326652309074,100000,1135.7326652308984,99006.74891924231,0.9884229311608717,7903681.773687583,79.03681773687583
Villalba,1990-1994,2,1,4,2.5598001254316865e-4,1.505521629536693,0.0010232666569559826,98864.2673347691,101.16450832804549,395204.7166611935,0.9989063005890515,7804675.024768341,78.94333549593355
Villalba,1990-1994,2,5,5,1.1713659999504652e-4,2.5,5.855115378982144e-4,98763.10282644106,57.82693622351508,493670.9467916465,0.9993339173540281,7409470.308107148,75.02265619507723
Villalba,1990-1994,2,10,5,1.493959684556651e-4,2.5,7.467009569967823e-4,98705.27589021754,73.7033239678567,493342.12114116806,0.9984360771566714,6915799.361315501,70.06514392409403
Villalba,1990-1994,2,15,5,4.7691903344656005e-4,2.5,0.0023817554060174403,98631.57256624968,234.91628116367792,492570.5721283392,0.9968859925599947,6422457.240174333,65.11563258165069
Villalba,1990-1994,2,20,5,7.710851073166211e-4,2.5,0.0038480076830400257,98396.656285086,378.6310893704649,491036.70370200387,0.9955145036689798,5929886.668045994,60.26512375446225
Villalba,1990-1994,2,25,5,0.0010277232740666037,2.5,0.00512544751607732,98018.02519571554,502.3862437701755,488834.16036915226,0.994475095444123,5438849.96434399,55.48826303615151
Villalba,1990-1994,2,30,5,0.0011888065912361956,2.5,0.005926419539653053,97515.63895194537,577.9185881065641,486133.39828946046,0.993123145277365,4950015.803974838,50.76125078167361
Villalba,1990-1994,2,35,5,0.0015727508771145892,2.5,0.007832956163880089,96937.7203638388,759.3089142364188,482790.329533603,0.990667484413289,4463882.405685377,46.04897236009857
Villalba,1990-1994,2,40,5,0.002180605896083434,2.5,0.010843913724904303,96178.41144960238,1042.9503959578433,478284.6812581173,0.9885286045562633,3981092.0761517743,41.39278260213179
Villalba,1990-1994,2,45,5,0.002435895400813493,2.5,0.012105756114957976,95135.46105364454,1151.686689399503,472798.0885447239,0.9843982636639022,3502807.394893657,36.81915613903958
Villalba,1990-1994,2,50,5,0.003865101427002012,2.5,0.019140556652927947,93983.77436424504,1798.9017576748302,465421.6174270381,0.975548234983266,3030009.306348933,32.23970655408858
Villalba,1990-1994,2,55,5,0.006063877077070462,2.5,0.02986661665509116,92184.8726065702,2753.250251538848,454041.2374040039,0.9585121750887893,2564587.688921895,27.820049173004026
Villalba,1990-1994,2,60,5,0.010987083065938392,2.5,0.053466804766589875,89431.62235503136,4781.623092415859,435204.05404411716,0.939413143586488,2110546.451517891,23.599554564036747
Villalba,1990-1994,2,65,5,0.014102058918283297,2.5,0.06810909829871734,84649.9992626155,5765.435120763825,408836.4085111679,0.920157011230141,1675342.3974737737,19.79140474976549
Villalba,1990-1994,2,70,5,0.019382710094027138,2.5,0.09243447394234,78884.56414185168,7291.653188622819,376193.6877377013,0.8621555754426821,1266505.9889626058,16.055181425419953
Villalba,1990-1994,2,75,5,0.041471702726670126,2.5,0.1878793248605863,71592.91095322886,13450.827774696721,324337.4853294025,0.775877021735492,890312.3012249046,12.435760599349555
Villalba,1990-1994,2,80,5,0.062094233015651104,2.5,0.26875138696460626,58142.083178532135,15625.76549524202,251646.00215455564,0.5553759724160272,565974.8158955021,9.734340170743618
Villalba,1990-1994,2,85,NA,0.14013411517854907,7.393133527753388,1,42516.317683290115,42516.317683290115,314328.8137409464,0,314328.8137409464,7.393133527753388
Villalba,1995-1999,1,0,1,0.015372704804364597,0.11861453619813067,0.01516720018418653,100000,1516.7200184186513,98663.1850231085,0.9842612337883957,7270479.891451719,72.7047989145172
Villalba,1995-1999,1,1,4,4.946503044842117e-4,1.607301225845046,0.0019762622144190896,98483.27998158135,194.62878497964994,393467.4318710893,0.9980512110764027,7171816.706428611,72.82268327953645
Villalba,1995-1999,1,5,5,2.2126507892543067e-4,2.5,0.0011057137550239675,98288.6511966017,108.67911359084246,491171.55819903134,0.9988079023734296,6778349.274557522,68.96370223861491
Villalba,1995-1999,1,10,5,2.5587900445669243e-4,2.5,0.0012785771196821988,98179.97208301086,125.53066591636161,490586.0337502634,0.9971775790753523,6287177.71635849,64.03727341705395
Villalba,1995-1999,1,15,5,8.755605658642658e-4,2.5,0.004368241180022797,98054.4414170945,428.32544888228585,489201.3934632667,0.9944965618037286,5796591.682608226,59.1160542942797
Villalba,1995-1999,1,20,5,0.001333151630247643,2.5,0.006643615783207909,97626.11596821221,648.5904048997036,486509.1038288118,0.9918826119945329,5307390.289144959,54.36445193490116
Villalba,1995-1999,1,25,5,0.0019294657944359127,2.5,0.009601016887986634,96977.5255633125,931.0828606885188,482559.92066484125,0.9895043330811706,4820881.185316148,49.71132391049512
Villalba,1995-1999,1,30,5,0.002292866132310024,2.5,0.011398989767598431,96046.44270262399,1094.8324175814487,477495.1324691663,0.9862292573607194,4338321.264651307,45.1689947339693
Villalba,1995-1999,1,35,5,0.0032603280620645053,2.5,0.016169842829482195,94951.61028504254,1535.3526147153752,470919.6698884242,0.9820401112156785,3860826.1321821404,40.660986376029115
Villalba,1995-1999,1,40,5,0.003995384105855961,2.5,0.019779355225549213,93416.25767032716,1847.7133443028433,462462.0049908787,0.9802345552616083,3389906.462293716,36.288185234918586
Villalba,1995-1999,1,45,5,0.00398965101618664,2.5,0.019751253558853106,91568.54432602432,1808.593536998378,453321.23778762564,0.9720956025381088,2927444.4573028376,31.969979198095004
Villalba,1995-1999,1,50,5,0.0073779862287657585,2.5,0.036221820904296986,89759.95078902594,3251.2688618586108,440671.5817904832,0.9577102866320125,2474123.219515212,27.563776470092478
Villalba,1995-1999,1,55,5,0.009959065128110083,2.5,0.04858565635082578,86508.68192716733,4203.0810914762405,422035.706907146,0.9309757573473312,2033451.6377247286,23.505752167588398
Villalba,1995-1999,1,60,5,0.018959282015302056,2.5,0.09050656151644632,82305.60083569109,7449.196925183554,392905.0118654966,0.8991487324541865,1611415.9308175826,19.57844805767831
Villalba,1995-1999,1,65,5,0.023779408490811324,2.5,0.1122254079097235,74856.40391050754,8400.79046351173,353280.04339375836,0.8526220321007462,1218510.918952086,16.277978306423087
Villalba,1995-1999,1,70,5,0.041251313412851466,2.5,0.1869742351305147,66455.6134469958,12425.487494381188,301214.34849902603,0.7989260210940374,865230.8755583277,13.019680816706709
Villalba,1995-1999,1,75,5,0.04903868082289202,2.5,0.21841628758139728,54030.12595261462,11801.059528125392,240647.9809427596,0.7104591231119135,564016.5270593016,10.438926749013211
Villalba,1995-1999,1,80,5,0.09399227592411892,2.5,0.38054148012045785,42229.066424489225,16069.91144128026,170970.55351924547,0.4712826724414079,323368.5461165421,7.657487448716511
Villalba,1995-1999,1,85,NA,0.15856010464647652,5.825799522007412,1,26159.154983208966,26159.154983208966,152397.9925972966,0,152397.9925972966,5.825799522007412
Villalba,1995-1999,2,0,1,0.009797435061308406,0.12889362564154466,0.009714525393861397,100000,971.4525393861404,99153.76150055403,0.9900655748714431,7969352.860437574,79.69352860437574
Villalba,1995-1999,2,1,4,2.3839329076076154e-4,1.5081944671841876,9.530070485319872e-4,99028.54746061386,94.37490373585024,395879.0259351675,0.9989565203578289,7870199.09893702,79.47404360411522
Villalba,1995-1999,2,5,5,1.2507737860475675e-4,2.5,6.2519139977026e-4,98934.17255687801,61.85279382595036,494516.23079982516,0.9993071119940029,7474320.073001852,75.54841648576793
Villalba,1995-1999,2,10,5,1.5218326975643373e-4,2.5,7.606269620367994e-4,98872.31976305206,75.20495221090096,494173.58643473306,0.9984141773844484,6979803.842202027,70.5941142974005
Villalba,1995-1999,2,15,5,4.8291158858269754e-4,2.5,0.002411646412912589,98797.11481084116,238.26370753967785,493389.9147853566,0.9968594568870467,6485630.255767294,65.64594794275932
Villalba,1995-1999,2,20,5,7.757419075036749e-4,2.5,0.00387120190364571,98558.85110330148,381.5412120122346,491840.4024864768,0.9954923367789016,5992240.340981937,60.798601788705426
Villalba,1995-1999,2,25,5,0.0010319751774883494,2.5,0.005146597984021692,98177.30989128925,505.2791451631929,489623.3515935383,0.9944435560925783,5500399.938495461,56.0251645169948
Villalba,1995-1999,2,30,5,0.001197254864980449,2.5,0.005968410054965979,97672.03074612605,582.9467303941055,486902.786904645,0.9927584060655049,5010776.586901922,51.302062101341775
Villalba,1995-1999,2,35,5,0.0017117787151786686,2.5,0.00852242232305741,97089.08401573195,827.4341769408784,483376.83463630755,0.9913360772635714,4523873.799997278,46.595081680493
Villalba,1995-1999,2,40,5,0.0017691178800168317,2.5,0.008806639441835625,96261.64983879107,847.7416422064707,479188.89508843917,0.9893703403141207,4040496.96536097,41.97410881828403
Villalba,1995-1999,2,45,5,0.002509420277897773,2.5,0.012468877255917322,95413.9081965846,1189.7043098105642,474095.28020839655,0.9852231689999167,3561308.0702725304,37.32483175235882
Villalba,1995-1999,2,50,5,0.0034523265683938614,2.5,0.01711392569108716,94224.20388677403,1612.5460236201034,467089.65437481995,0.9761420578368697,3087212.790064134,32.76454098539194
Villalba,1995-1999,2,55,5,0.00623971710670424,2.5,0.03071938485554477,92611.65786315393,2844.973160008274,455945.85641574895,0.9614368221701696,2620123.135689314,28.291504505414373
Villalba,1995-1999,2,60,5,0.009553986089792337,2.5,0.0466555639270359,89766.68470314566,4188.115296685675,438363.1352740141,0.9455221565154504,2164177.279273565,24.108913974381483
Villalba,1995-1999,2,65,5,0.012942215282532709,2.5,0.06268293627319124,85578.56940645998,5364.316012456009,414482.0570011599,0.9199055753110519,1725814.143999551,20.166429001666348
Villalba,1995-1999,2,70,5,0.020758168126755475,2.5,0.09867030374798083,80214.25339400397,7914.764747303867,381284.3551017602,0.8719457797658452,1311332.0869983912,16.347868757903488
Villalba,1995-1999,2,75,5,0.03493740169840291,2.5,0.16065485084508518,72299.4886467001,11615.263564711531,332459.2843217217,0.7937158077833718,930047.731896631,12.86382171306104
Villalba,1995-1999,2,80,5,0.05994119648582493,2.5,0.2606472172695332,60684.225081988574,15817.174399778334,263878.189410497,0.5584282285219055,597588.4475749092,9.847508916320939
Villalba,1995-1999,2,85,NA,0.13624352048459554,7.437757844348974,1,44867.05068221024,44867.05068221024,333710.2581644122,0,333710.2581644122,7.437757844348974
Villalba,2000-2004,1,0,1,0.011693424790572886,0.12595635550165135,0.011575120534731323,100000,1157.512053473125,98988.28394623159,0.9879456730365352,7465750.232845006,74.65750232845005
Villalba,2000-2004,1,1,4,4.0964871282150937e-4,1.6181241618288547,0.0016369975797558816,98842.48794652688,161.80491354552214,394984.55257203605,0.9983746494596412,7366761.948898774,74.53031689048684
Villalba,2000-2004,1,5,5,1.893527047587478e-4,2.5,9.463155552688755e-4,98680.68303298135,93.38306535866286,493169.9575015101,0.9989287472046027,6971777.3963267375,70.64986968114731
Villalba,2000-2004,1,10,5,2.3940487654339638e-4,2.5,0.001196308377568383,98587.29996762269,117.94081287311565,492641.64780593064,0.9971929037755111,6478607.438825227,65.71442204982674
Villalba,2000-2004,1,15,5,8.859204772792096e-4,2.5,0.004419813378451741,98469.35915474957,435.2161909597344,491258.7552963486,0.993818853384697,5985965.791019297,60.790136570423385
Villalba,2000-2004,1,20,5,0.0015964057870693207,2.5,0.007950299176311614,98034.14296378984,779.4007660554344,488222.2129038106,0.9920520699043793,5494707.035722949,56.04891183424216
Villalba,2000-2004,1,25,5,0.0015954467504225868,2.5,0.007945542029086304,97254.7421977344,772.7416416600463,484341.8568845219,0.9907939832597762,5006484.822819138,51.47805350859041
Villalba,2000-2004,1,30,5,0.002106351048681924,2.5,0.010476586819325886,96482.00055607436,1010.8020553279639,479882.9976420519,0.988165851264231,4522142.965934616,46.870327520897455
Villalba,2000-2004,1,35,5,0.0026587727578971892,2.5,0.013206083849541776,95471.1985007464,1260.8006526171084,474203.99087218917,0.9842879420395119,4042259.9682925637,42.34009870799895
Villalba,2000-2004,1,40,5,0.0036839325886535022,2.5,0.018251569068057815,94210.39784812929,1719.487583254333,466753.27028251055,0.9800836963336044,3568055.9774203748,37.87327151693187
Villalba,2000-2004,1,45,5,0.004369615466439812,2.5,0.02161198714893287,92490.91026487495,1998.9123640375765,457457.2704142808,0.971802545879784,3101302.707137864,33.53089182770902
Villalba,2000-2004,1,50,5,0.007109845730432315,2.5,0.0349283899910399,90491.99790083738,3160.7397937487985,444558.1400198149,0.9612001107929271,2643845.4367235834,29.216345069767968
Villalba,2000-2004,1,55,5,0.008749593199130023,2.5,0.042811507801880526,87331.25810708858,3738.7828377996775,427309.3334409437,0.9463230911473528,2199287.2967037684,25.183277378266176
Villalba,2000-2004,1,60,5,0.013442734792094447,2.5,0.0650282791828683,83592.4752692889,5435.874819398319,404372.68929794873,0.9192778859935709,1771977.9632628248,21.197816640247677
Villalba,2000-2004,1,65,5,0.02050099441923159,2.5,0.09750747176018558,78156.60044989058,7620.85251123982,371730.8709713534,0.8796053380896134,1367605.273964876,17.498269705854263
Villalba,2000-2004,1,70,5,0.03144236300906279,2.5,0.14575463934403826,70535.74793865076,10280.912501660037,326976.45843910374,0.8271766439896603,995874.4029935227,14.118718977215572
Villalba,2000-2004,1,75,5,0.04556098104184889,2.5,0.20451064155265258,60254.835436990725,12322.755051868473,270467.28955528245,0.7368338154398423,668897.9445544189,11.101149637258478
Villalba,2000-2004,1,80,5,0.08102979468521532,2.5,0.336901354471155,47932.08038512225,16148.382804367968,199289.44491469135,0.4998139766250585,398430.6549991365,8.312400626007594
Villalba,2000-2004,1,85,NA,0.1638974207439003,6.265514249198919,1,31783.697580754284,31783.697580754284,199141.21008444516,0,199141.21008444516,6.265514249198919
Villalba,2000-2004,2,0,1,0.006809479990726386,0.1350346800594598,0.006769607247481868,100000,676.9607247481908,99414.45245013101,0.9929406730995444,8096319.635692177,80.96319635692177
Villalba,2000-2004,2,1,4,2.3926777191055851e-4,1.512985849008347,9.565019093829702e-4,99323.03927525181,95.00267671249458,397055.8840996412,0.9990868674460739,7996905.183242046,80.51410067185313
Villalba,2000-2004,2,5,5,9.934310392169895e-5,2.5,4.96592187085374e-4,99228.03659853931,49.275867714663036,496016.99332340993,0.9994351536590995,7599849.299142405,76.58973773602087
Villalba,2000-2004,2,10,5,1.2666697981851638e-4,2.5,6.331344060350028e-4,99178.76073082465,62.79348576659686,495736.81993970677,0.9986621557313994,7103832.305818995,71.62654840081231
Villalba,2000-2004,2,15,5,4.090179299149776e-4,2.5,0.002043000589894654,99115.96724505805,202.4939795496466,495073.60127641616,0.9972719335531759,6608095.485879288,66.67034252454182
Villalba,2000-2004,2,20,5,6.840748504613008e-4,2.5,0.003414534758919996,98913.47326550841,337.7434925905691,493723.0075960656,0.9961781131608282,6113021.884602873,61.80171095796018
Villalba,2000-2004,2,25,5,8.479205415659674e-4,2.5,0.004230634602870752,98575.72977291784,417.03789338054776,491836.05413113785,0.9953081010235827,5619298.877006806,57.00489248166461
Villalba,2000-2004,2,30,5,0.0010336890134249762,2.5,0.005155123081893365,98158.69187953729,506.0201381966617,489528.40905219485,0.9943602347171483,5127462.822875669,52.23646245376023
Villalba,2000-2004,2,35,5,0.0012291492127733403,2.5,0.006126918820255094,97652.67174134063,598.3099923402042,486767.58372585266,0.9929355421532929,4637934.413823474,47.49418864962846
Villalba,2000-2004,2,40,5,0.0016079935284086778,2.5,0.008007776510030708,97054.36174900043,777.1896382096747,483328.8346494779,0.9904303806474888,4151166.8300976213,42.771563846179994
Villalba,2000-2004,2,45,5,0.002241302625576409,2.5,0.011144070044257541,96277.17211079075,1072.9195496656757,478703.56167978956,0.9868894198856288,3667837.995448143,38.09665276860632
Villalba,2000-2004,2,50,5,0.0030428225895056268,2.5,0.015099252084211935,95204.25256112507,1437.5130089094164,472427.48028335185,0.979616860212064,3189134.433768354,33.49781493973494
Villalba,2000-2004,2,55,5,0.0052167674253406435,2.5,0.025748033372295278,93766.73955221566,2414.309139201767,462797.9249130739,0.9657018505775442,2716706.953485002,28.973034217236012
Villalba,2000-2004,2,60,5,0.00880446934895767,2.5,0.04307423234867879,91352.43041301389,3934.935813226679,446924.8125320028,0.9509178619586112,2253909.028571928,24.672677217034835
Villalba,2000-2004,2,65,5,0.011387298841242243,2.5,0.05536047842661616,87417.49459978721,4839.474323900344,424988.7871891852,0.927676602746454,1806984.2160399253,20.67073901297011
Villalba,2000-2004,2,70,5,0.01890967176302779,2.5,0.09028042577028285,82578.02027588687,7455.178829774115,394252.15430499904,0.8719615954858585,1381995.4288507402,16.735632850407395
Villalba,2000-2004,2,75,5,0.037049441408744666,2.5,0.16954347905959072,75122.84144611275,12736.587895615972,343772.73749152385,0.7973222972868171,987743.274545741,13.148374788968422
Villalba,2000-2004,2,80,5,0.05521185074884817,2.5,0.24257650875310774,62386.25355049678,15133.439580465682,274097.6688013197,0.5743630290057153,643970.5370542172,10.322314619084692
Villalba,2000-2004,2,85,NA,0.12790986739329283,7.827531043706306,1,47252.8139700311,47252.8139700311,369872.86825289746,0,369872.86825289746,7.827531043706306
Villalba,2005-2009,1,0,1,0.011922453845611374,0.12549933947377478,0.011799430694892386,100000,1179.9430694892362,98968.13900634833,0.9877216951752256,7510146.199934765,75.10146199934765
Villalba,2005-2009,1,1,4,4.118809569579886e-4,1.6174483153162893,0.001645908652132798,98820.05693051076,162.64878670618054,394892.7085812645,0.9984070461279415,7411178.060928416,74.99669896102043
Villalba,2005-2009,1,5,5,1.7270479972745915e-4,2.5,8.631513226964938e-4,98657.40814380458,85.15627233314444,493074.15003819,0.9990225510933999,7016285.352347151,71.11767361777946
Villalba,2005-2009,1,10,5,2.184883240860972e-4,2.5,0.001091845231843319,98572.25187147144,107.62564319792727,492592.1952493624,0.997403172288144,6523211.202308961,66.17695221992686
Villalba,2005-2009,1,15,5,8.223783355075481e-4,2.5,0.004103455195903149,98464.62622827351,404.04518210906826,491313.0181860949,0.9947083611792997,6030619.007059599,61.246553590511105
Villalba,2005-2009,1,20,5,0.0013011624746353753,2.5,0.006484718193247778,98060.58104616444,635.8952339505195,488713.16714594595,0.9923145313310241,5539305.988873504,56.48861071163487
Villalba,2005-2009,1,25,5,0.0017867570583459348,2.5,0.008894056496175005,97424.68581221392,866.5006597359315,484957.1774117298,0.9907320579171727,5050592.821727558,51.840996761976484
Villalba,2005-2009,1,30,5,0.0019383846110948345,2.5,0.009645182870356437,96558.18515247799,931.3213534253882,480462.6223788265,0.9876189710792747,4565635.644315829,47.28377648260573
Villalba,2005-2009,1,35,5,0.0030518115239337703,2.5,0.015143519699836652,95626.8637990526,1448.1272957745387,474514.0007558267,0.9844363195301109,4085173.021937002,42.71993098635401
Villalba,2005-2009,1,40,5,0.0032238354082026527,2.5,0.015990301788280998,94178.73650327807,1505.9464187264239,467128.8164695743,0.979412259038067,3610659.0211811755,38.33836761077698
Villalba,2005-2009,1,45,5,0.005116600216432243,2.5,0.025259889195844928,92672.79008455164,2340.904409005554,457511.68940024433,0.9725513493886557,3143530.204711601,33.92074633604477
Villalba,2005-2009,1,50,5,0.006028329539402618,2.5,0.029694132654443785,90331.88567554609,2682.326996175718,444953.61088729114,0.9627297409940776,2686018.5153113566,29.734998834841036
Villalba,2005-2009,1,55,5,0.009223537702073526,2.5,0.04507823647616539,87649.55867937037,3951.0875331801944,428370.0745639014,0.9436885435106832,2241064.9044240657,25.568467636238466
Villalba,2005-2009,1,60,5,0.014094740245728734,2.5,0.06807495423566476,83698.47114619018,5697.769592872006,404247.9317487709,0.9187990678302073,1812694.8298601643,21.65744254389138
Villalba,2005-2009,1,65,5,0.020010504217866713,2.5,0.09528573222295848,78000.70155331817,7432.353961412373,371422.6228630599,0.886134151478374,1408446.8981113934,18.05684910601266
Villalba,2005-2009,1,70,5,0.02881712114151252,2.5,0.13440284783779738,70568.3475919058,9484.586883559707,329130.2707506297,0.8332254567634442,1037024.2752483335,14.695317527419054
Villalba,2005-2009,1,75,5,0.04547712248291002,2.5,0.2041726507948999,61083.76070834609,12471.63334434438,274239.7201808695,0.7477868413456861,707894.0044977037,11.588906712500131
Villalba,2005-2009,1,80,5,0.07409617007850175,2.5,0.3125786486156712,48612.12736400171,15195.113077772541,205072.8541255772,0.5271052044403465,433654.28431683424,8.920701640347554
Villalba,2005-2009,1,85,NA,0.15716365035159024,6.840270894143084,1,33417.01428622917,33417.01428622917,228581.430191257,0,228581.430191257,6.840270894143084
Villalba,2005-2009,2,0,1,0.006476553848176515,0.13571893317245826,0.006440502729239902,100000,644.0502729239961,99443.35954302667,0.9933095099005979,8225116.566098561,82.2511656609856
Villalba,2005-2009,2,1,4,2.150578148507248e-4,1.5135213020595266,8.597715080450388e-4,99355.949727076,85.4234147301031,397211.39540727227,0.9991596677344717,8125673.206555534,81.78345865422456
Villalba,2005-2009,2,5,5,9.288427422721852e-5,2.5,4.6431355256773224e-4,99270.5263123459,46.09265073733695,496237.39993488614,0.999472160859271,7728461.811148262,77.85253184647519
Villalba,2005-2009,2,10,5,1.1831383273623516e-4,2.5,5.913942383836725e-4,99224.43366160856,58.680758374364814,495975.46641210694,0.9987829650617346,7232224.411213376,72.88753530081001
Villalba,2005-2009,2,15,5,3.689491665961074e-4,2.5,0.0018430458573978237,99165.7529032342,182.76703008404002,495371.8469409609,0.9972419029367479,6736248.944801269,67.92918671604794
Villalba,2005-2009,2,20,5,7.363205021192652e-4,2.5,0.0036748378644424428,98982.98587315016,363.746424422221,494005.56330469524,0.9959919205091562,6240877.097860308,63.04999836899435
Villalba,2005-2009,2,25,5,8.703999263117056e-4,2.5,0.004342550243029683,98619.23944872794,428.25900223548524,492025.54973805096,0.9952642268383497,5746871.534555613,58.273330505082704
Villalba,2005-2009,2,30,5,0.0010287814137568576,2.5,0.005130711118189915,98190.98044649245,503.7895550827816,489695.42834475526,0.9944839699942906,5254845.984817562,53.516585341370565
Villalba,2005-2009,2,35,5,0.0011841624642111661,2.5,0.005903336048649741,97687.19089140967,576.6803154805966,486994.25366834685,0.9937215787679153,4765150.556472806,48.779686599544135
Villalba,2005-2009,2,40,5,0.00133559143424081,2.5,0.006655733818512571,97110.51057592907,646.3417093732278,483936.6986062123,0.9908260702827528,4278156.30280446,44.054513537537645
Villalba,2005-2009,2,45,5,0.0023555904741101707,2.5,0.011708998358066769,96464.16886655585,1129.4987948707858,479497.09734560223,0.9870584436595947,3794219.6041982477,39.33294246744612
Villalba,2005-2009,2,50,5,0.0028580192795805994,2.5,0.01418871732870808,95334.67007168506,1352.6766852727887,473291.6586452433,0.9823520376642624,3314722.5068526454,34.76932897927065
Villalba,2005-2009,2,55,5,0.004276639629825189,2.5,0.02115699602995158,93981.99338641227,1988.376660963244,464939.02527965326,0.9736065031262644,2841430.848207402,30.23377932115888
Villalba,2005-2009,2,60,5,0.0064510242069064265,2.5,0.031743180962548107,91993.61672544903,2920.170023115221,452667.65856945707,0.9609201208197518,2376491.822927749,25.833225255403164
Villalba,2005-2009,2,65,5,0.009554308694629806,2.5,0.04665710257124239,89073.44670233381,4155.908939164874,434977.46116375685,0.9312409251913919,1923824.1643582915,21.598178083164772
Villalba,2005-2009,2,70,5,0.019274626730053132,2.5,0.09194272918624745,84917.53776316893,7807.550177721991,405068.81337153964,0.8836498814783466,1488846.7031945346,17.53285295844139
Villalba,2005-2009,2,75,5,0.030855456725680942,2.5,0.1432288079170186,77109.98758544694,11044.371600359678,357939.0089263355,0.8232937376212948,1083777.889822995,14.054961280107088
Villalba,2005-2009,2,80,5,0.04837525952872143,2.5,0.21578023541962477,66065.61598508726,14255.654170404647,294688.9444994247,0.5940022610315627,725838.8808966596,10.986636090103215
Villalba,2005-2009,2,85,NA,0.1385231979223148,8.321757463157399,1,51809.96181468262,51809.96181468262,431149.9363972349,0,431149.9363972349,8.321757463157399
Villalba,2010-2014,1,0,1,0.008885760460422944,0.13155890928924904,0.008817716264616365,100000,881.771626461632,99234.23328695787,0.9907570513053267,7676307.497571778,76.76307497571777
Villalba,2010-2014,1,1,4,3.4949457736453015e-4,1.6264322208947108,0.0013968195790784051,99118.22837353837,138.4502820357302,396144.2923657054,0.998634435054523,7577073.26428482,76.4448012098214
Villalba,2010-2014,1,5,5,1.5915547759754866e-4,2.5,7.95460883095845e-4,98979.77809150264,78.73454168929311,494702.05410328996,0.9990989363142267,7180928.971919115,72.54945515517976
Villalba,2010-2014,1,10,5,2.0145151735846437e-4,2.5,0.0010067505582234328,98901.04354981334,99.56868080266577,494256.29604706005,0.9978899864204126,6686226.917815825,67.60522111627854
Villalba,2010-2014,1,15,5,6.439125787617546e-4,2.5,0.003214388430949486,98801.47486901068,317.5863177796855,493213.4085506042,0.9954204657101567,6191970.621768764,62.67083188766133
Villalba,2010-2014,1,20,5,0.001193366198602391,2.5,0.005949082408364848,98483.888551231,585.8887688874966,490954.72083393624,0.9928157723519732,5698757.21321816,57.86486802106403
Villalba,2010-2014,1,25,5,0.001692484051323651,2.5,0.008426764843862027,97897.9997823435,824.9634228502691,487427.5903545918,0.9910333007289601,5207802.492384224,53.19620936038249
Villalba,2010-2014,1,30,5,0.0019113340144060124,2.5,0.009511222265443766,97073.03635949323,923.2832247966435,483056.9737354745,0.9894472118505026,4720374.902029633,48.62704494529809
Villalba,2010-2014,1,35,5,0.0023344158412181783,2.5,0.011604355726503191,96149.75313469658,1115.7559383904882,477959.3758275067,0.987456276473107,4237317.928294158,44.069982398790785
Villalba,2010-2014,1,40,5,0.00271715683363936,2.5,0.01349412006681307,95033.9971963061,1282.4001685961266,471963.9855600401,0.9843353965136525,3759358.552466651,39.55803884268034
Villalba,2010-2014,1,45,5,0.0036051579303847964,2.5,0.017864776302024495,93751.59702770997,1674.8513088575855,464570.85686640587,0.9761380105125375,3287394.566906611,35.06494471699466
Villalba,2010-2014,1,50,5,0.00608483411221892,2.5,0.02996829037223988,92076.74571885238,2759.382652233471,453485.27196367824,0.9676861809936316,2822823.710040205,30.65729232720094
Villalba,2010-2014,1,55,5,0.007069123879917743,2.5,0.03473181071823605,89317.36306661891,3102.1537478817772,438831.43096339016,0.9511821430023952,2369338.438076527,26.527187511226842
Villalba,2010-2014,1,60,5,0.013097406223166247,2.5,0.06341074054621722,86215.20931873714,5466.970269248239,417408.6209205651,0.9199383851698425,1930507.0071131368,22.391722091354712
Villalba,2010-2014,1,65,5,0.0205744645663441,2.5,0.0978398181523384,80748.2390494889,7900.393024723555,383990.2126856356,0.8770932264738669,1513098.3861925716,18.738469148103967
Villalba,2010-2014,1,70,5,0.0325943058060555,2.5,0.1506922553930632,72847.84602476534,10977.606217998487,336795.2145788305,0.8348026818303282,1129108.173506936,15.499540962722284
Villalba,2010-2014,1,75,5,0.04011082162361673,2.5,0.1822760071004096,61870.239806766855,11277.460270322277,281157.5483580286,0.7764386454288532,792312.9589281055,12.806043121905743
Villalba,2010-2014,1,80,5,0.0635127070183432,2.5,0.2740494750485006,50592.77953644458,13864.924673207155,218301.585999205,0.5729252170964217,511155.41057007696,10.103327297956923
Villalba,2010-2014,1,85,NA,0.13808702445413776,7.973616364510377,1,36727.85486323742,36727.85486323742,292853.82457087195,0,292853.82457087195,7.973616364510377
Villalba,2010-2014,2,0,1,0.006095716513311524,0.1365016567216862,0.006063798852387273,100000,606.3798852387263,99476.39197369906,0.9937461333894224,8277568.603319762,82.77568603319762
Villalba,2010-2014,2,1,4,1.7998812955902408e-4,1.514134199267166,7.196305365819774e-4,99393.62011476127,71.52668417601672,397396.6747210121,0.9992488919166825,8178092.211346063,82.27985057696382
Villalba,2010-2014,2,5,5,8.910845187237094e-5,2.5,4.4544302751540663e-4,99322.09343058526,44.242333996880916,496499.86131793406,0.9995183282075881,7780695.536625051,78.3380139088879
Villalba,2010-2014,2,10,5,1.0361017118929472e-4,2.5,5.179167023509926e-4,99277.85109658838,51.417657256431994,496260.7113398008,0.9989254079357366,7284195.675307117,73.37181047785022
Villalba,2010-2014,2,15,5,3.2657759220498664e-4,2.5,0.001631555887042088,99226.43343933194,161.89347162813647,495727.43351758935,0.9974707447204082,6787934.963967316,68.40853519256568
Villalba,2010-2014,2,20,5,6.868617683857395e-4,2.5,0.003428421712428271,99064.53996770381,339.63501975701365,494473.6122891265,0.9964789217535845,6292207.530449727,63.51624438473201
Villalba,2010-2014,2,25,5,7.241192105806292e-4,2.5,0.003614053538914159,98724.9049479468,356.7970921060769,492732.53200946876,0.9957824322166099,5797733.918160601,58.726153458618015
Villalba,2010-2014,2,30,5,9.669862327577408e-4,2.5,0.004823271071980046,98368.10785584072,474.45604902648483,490654.3991566374,0.9943547145362525,5305001.386151131,53.930094842585106
Villalba,2010-2014,2,35,5,0.0012984581194884777,2.5,0.006471283869731968,97893.65180681423,633.4976098866027,487884.5150093546,0.9930989158814874,4814346.986994495,49.17935839695966
Villalba,2010-2014,2,40,5,0.0014721348543804747,2.5,0.007333683842911979,97260.15419692763,713.2752213931235,484517.58293115534,0.9916576503246054,4326462.47198514,44.483401324093414
Villalba,2010-2014,2,45,5,0.0018804927438082486,2.5,0.009358467393972416,96546.8789755345,903.5308188823547,480475.56783046667,0.9865124945966224,3841944.889053984,39.793568987637116
Villalba,2010-2014,2,50,5,0.003562559457475266,2.5,0.017655549921501895,95643.34815665215,1688.635908039345,473995.15101316234,0.9791665791694502,3361469.3212235174,35.14587669722562
Villalba,2010-2014,2,55,5,0.004872315881932436,2.5,0.024068407202992286,93954.7122486128,2261.34027303959,464120.2105604651,0.9741907710144612,2887474.1702103554,30.73261682255844
Villalba,2010-2014,2,60,5,0.005595798969237103,2.5,0.027592982883244917,91693.37197557322,2530.093643429005,452141.6257692936,0.9665163436941787,2423353.95964989,26.428889105479325
Villalba,2010-2014,2,65,5,0.00806780309920831,2.5,0.03954148324339564,89163.27833214421,3525.6482760967046,437002.2709704793,0.9452722577755018,1971212.3338805966,22.107894312023696
Villalba,2010-2014,2,70,5,0.014623611004009721,2.5,0.07053921009755665,85637.6300560475,6040.81077878036,413086.1233332866,0.8932408383723622,1534210.0629101172,17.915139196472605
Villalba,2010-2014,2,75,5,0.031436150745427334,2.5,0.14572794000276768,79596.81927726715,11599.480504048726,368985.39512621396,0.8265739387610491,1121123.9395768307,14.085034424196191
Villalba,2010-2014,2,80,5,0.04589338227504792,2.5,0.20584912940797462,67997.33877321842,13997.192988526134,304993.7113947767,0.5944979636463749,752138.5444506167,11.061293839147359
Villalba,2010-2014,2,85,NA,0.09926420554890578,8.280437516570457,1,54000.145784692286,54000.145784692286,447144.83305584,0,447144.83305584,8.280437516570457
Villalba,2015-2019,1,0,1,0.010535034188272594,0.12826786602901147,0.010439163749577736,100000,1043.916374957771,99089.98455077081,0.9892488598616731,7755642.425615471,77.55642425615471
Villalba,2015-2019,1,1,4,3.081434887720599e-4,1.6215467996225224,0.0012316712572292164,98956.08362504223,121.88136392894376,395534.44538006576,0.9987187154130005,7656552.4410647,77.37323629415647
Villalba,2015-2019,1,5,5,1.460238358177274e-4,2.5,7.298527393471831e-4,98834.20226111329,72.1344132614613,493990.6752724128,0.9991694603604726,7261017.995684634,73.46665253088719
Villalba,2015-2019,1,10,5,1.8634678838766905e-4,2.5,9.313000799910166e-4,98762.06784785182,91.97712168678117,493580.39643504214,0.9981211486488785,6767027.320412221,68.51848556712264
Villalba,2015-2019,1,15,5,5.66257666041834e-4,2.5,0.0028272858994225704,98670.09072616504,278.96855620483984,492653.03224031307,0.995610576907643,6273446.9239771785,63.5800259005296
Villalba,2015-2019,1,20,5,0.0011947558598619811,2.5,0.005955989416169294,98391.1221699602,586.0164822892984,490490.56964407774,0.9932871592968837,5780793.891736866,58.75320622678903
Villalba,2015-2019,1,25,5,0.0015004527214864645,2.5,0.007474226797583718,97805.1056876709,731.0175418712897,487197.98458367627,0.9914702372002899,5290303.322092788,54.09025719972891
Villalba,2015-2019,1,30,5,0.0019278969016711003,2.5,0.009593247527890541,97074.08814579961,931.255756126935,483042.3013386807,0.9901275961787007,4803105.3375091115,49.47875822737709
Villalba,2015-2019,1,35,5,0.00204121633883219,2.5,0.010154264069840511,96142.83238967268,976.2597085071466,478273.51267709554,0.9886671027308697,4320063.036170431,44.93380243532827
Villalba,2015-2019,1,40,5,0.0025205072181897835,2.5,0.012523621395634984,95166.57268116553,1191.8301257791027,472853.2880913799,0.9863657160487459,3841789.5234933356,40.36910666484122
Villalba,2015-2019,1,45,5,0.00297375133237789,2.5,0.014759032430998723,93974.74255538643,1386.9762730697112,466406.2720942579,0.9785611143255346,3368936.235401956,35.84937977793753
Villalba,2015-2019,1,50,5,0.00572453049216985,2.5,0.028218803951664585,92587.76628231672,2612.7160250432207,456407.0413489755,0.9655821699708252,2902529.963307698,31.34895764152429
Villalba,2015-2019,1,55,5,0.00832927716523922,2.5,0.04079686483939578,89975.0502572735,3670.6999642638402,440698.5013757079,0.9508644536615466,2446122.921958722,27.186680251517615
Villalba,2015-2019,1,60,5,0.011910153257420193,2.5,0.05782888896150627,86304.35029300966,4990.884689989398,419044.53974007483,0.9311680637473102,2005424.4205830144,23.23665509066982
Villalba,2015-2019,1,65,5,0.016777445288217202,2.5,0.0805103322067487,81313.46560302026,6546.574128581211,390200.8926936483,0.903714867913689,1586379.8808429395,19.509436340935096
Villalba,2015-2019,1,70,5,0.02405250629160072,2.5,0.11344117030196707,74766.89147443905,8481.643668700533,352630.3482004439,0.8490041203872052,1196178.9881492914,15.99877919972419
Villalba,2015-2019,1,75,5,0.04280997545328871,2.5,0.19335596678672684,66285.24780573852,12816.648173176327,299384.61859575176,0.7755341759561883,843548.6399488474,12.726038867969937
Villalba,2015-2019,1,80,5,0.06057290009987875,2.5,0.2630328449057383,53468.59963256219,14063.997874478744,232183.00347661407,0.5733216560343746,544164.0213530957,10.177263386223073
Villalba,2015-2019,1,85,NA,0.13226927550372242,7.917375229213726,1,39404.601758083445,39404.601758083445,311981.0178764815,0,311981.0178764815,7.917375229213726
Villalba,2015-2019,2,0,1,0.005280160369418329,0.13817784479754558,0.0052562415312168145,100000,525.6241531216801,99547.0054595302,0.9945686705666525,8428677.72712541,84.2867772712541
Villalba,2015-2019,2,1,4,1.6208633802911068e-4,1.5154480950287104,6.48084360819227e-4,99474.37584687832,64.4677872886241,397737.32982379606,0.99933731710544,8329130.72166588,83.73141978278883
Villalba,2015-2019,2,5,5,7.626193657359043e-5,2.5,3.812369981885138e-4,99409.9080595897,37.89873493883351,496954.7934606014,0.999576240662873,7931393.391842084,79.78473722244804
Villalba,2015-2019,2,10,5,9.328132711059132e-5,2.5,4.662978933371581e-4,99372.00932465086,46.33695860476291,496744.20422674244,0.9990236708408545,7434438.598381482,74.8142122606476
Villalba,2015-2019,2,15,5,2.975408343401498e-4,2.5,0.0014865983624080497,99325.6723660461,147.6573818844481,496259.2183755194,0.9978008632962038,6937694.39415474,69.84794795636692
Villalba,2015-2019,2,20,5,5.83396816530445e-4,2.5,0.0029127358805519548,99178.01498416165,288.8793628062849,495167.87651379255,0.9968900269165042,6441435.175779221,64.94821636436153
Villalba,2015-2019,2,25,5,6.626532506410543e-4,2.5,0.0033077864645723334,98889.13562135537,327.10414430157107,493627.91774602287,0.996106305335455,5946267.299265428,60.130642885115044
Villalba,2015-2019,2,30,5,8.983224083454005e-4,2.5,0.004481547355692803,98562.0314770538,441.71041153770057,491705.8813564247,0.994732702100532,5452639.381519405,55.32190540115676
Villalba,2015-2019,2,35,5,0.0012149964999538458,2.5,0.006056585673780944,98120.3210655161,594.2741308722034,489115.9200003999,0.9933971823341978,4960933.5001629805,50.55969493669417
Villalba,2015-2019,2,40,5,0.001435609635026376,2.5,0.007152378117783774,97526.04693464389,697.5431640092866,485886.3767631962,0.991692169711507,4471817.58016258,45.85254627575876
Villalba,2015-2019,2,45,5,0.0019033350650736634,2.5,0.00947160622474301,96828.5037706346,917.1214590465097,481849.7152055568,0.9885769575620509,3985931.2033993844,41.164853820742465
Villalba,2015-2019,2,50,5,0.002696686271830955,2.5,0.013393138626477894,95911.3823115881,1284.5544391561998,476345.52546005,0.9847689810520203,3504081.4881938277,36.534573934197816
Villalba,2015-2019,2,55,5,0.0034482415395876275,2.5,0.017093848402604948,94626.8278724319,1617.536650470749,469090.2977359826,0.9788368194847491,3027735.9627337777,31.996591567198283
Villalba,2015-2019,2,60,5,0.005125502603338542,2.5,0.025303282910614296,93009.29122196115,2353.440409105009,459162.8550870432,0.965496278099929,2558645.664997795,27.509570617969114
Villalba,2015-2019,2,65,5,0.008986037909709985,2.5,0.04394300575949632,90655.85081285614,3983.690574401364,443320.02762827725,0.9433648975604809,2099482.809910752,23.158823077451267
Villalba,2015-2019,2,70,5,0.014488564394798717,2.5,0.06991056274835326,86672.16023845477,6059.299496885826,418212.55245005933,0.914434684432624,1656162.7822824745,19.108359336215862
Villalba,2015-2019,2,75,5,0.021584441369257697,2.5,0.10239676444962682,80612.86074156895,8254.496112965004,382428.0634254322,0.8574168496722869,1237950.2298324152,15.356733633372373
Villalba,2015-2019,2,80,5,0.04134373936711946,2.5,0.1873539179525047,72358.36462860394,13556.623109804874,327900.2653685076,0.6167249917724269,855522.166406983,11.823403842778214
Villalba,2015-2019,2,85,NA,0.1015870616180301,8.972895826049529,1,58801.74151879907,58801.74151879907,527621.9010384755,0,527621.9010384755,8.972895826049529
Villalba,2020-2024,1,0,1,0.00918822426794373,0.1309553578845317,0.009115437706865816,100000,911.5437706865778,99207.8277700311,0.9905161029386268,7713130.718854315,77.13130718854315
Villalba,2020-2024,1,1,4,3.228401260777741e-4,1.6255351861892133,0.0012903713411005963,99088.45622931342,127.86090415219951,396050.2236992823,0.9987012173680074,7613922.891084284,76.83965600860628
Villalba,2020-2024,1,5,5,1.5216504229190916e-4,2.5,7.605358940183511e-4,98960.59532516122,75.26308483822504,494614.81891371054,0.9991109681054442,7217872.667385002,72.93683555225968
Villalba,2020-2024,1,10,5,2.036287479819723e-4,2.5,0.0010176256952942437,98885.332240323,100.62825497546874,494175.0905641763,0.9978471382229409,6723257.848471291,67.99044606667876
Villalba,2020-2024,1,15,5,6.589345578649e-4,2.5,0.0032892542810360505,98784.70398534753,324.9280104846839,493111.199900526,0.9953147507650113,6229082.757907115,63.057158715898545
Villalba,2020-2024,1,20,5,0.0012208852879921376,2.5,0.006085851124703037,98459.77597486285,599.2115383546334,490800.85102842766,0.9930654173301683,5735971.558006589,58.257003951248116
Villalba,2020-2024,1,25,5,0.001563792025016457,2.5,0.0077885110962346744,97860.56443650821,762.1880919975229,487397.35195254727,0.9912861563001877,5245170.706978161,53.59841052604208
Villalba,2020-2024,1,30,5,0.0019386384473289477,2.5,0.009646439838766542,97098.37634451069,936.6536458492483,483150.24760793033,0.9889512227954447,4757773.355025614,48.999515070620305
Villalba,2020-2024,1,35,5,0.0025085892785294125,2.5,0.012464773897252212,96161.72269866144,1198.6341310090793,477812.02816578455,0.9852109929502709,4274623.107417684,44.45243894821766
Villalba,2020-2024,1,40,5,0.0034581562383502345,2.5,0.017142576918471146,94963.08856765236,1627.9120501865546,470745.6627127954,0.9813074163747255,3796811.079251899,39.98196706236049
Villalba,2020-2024,1,45,5,0.004095431405793956,2.5,0.020269624883144547,93335.1765174658,1891.8690164111176,461946.21004630125,0.9783474815542316,3326065.4165391037,35.63571142887052
Villalba,2020-2024,1,50,5,0.004666620049208245,2.5,0.023064022669528682,91443.30750105469,2109.0505171810073,451943.9112123209,0.9692493788684733,2864119.2064928026,31.321255592813813
Villalba,2020-2024,1,55,5,0.007875814594087423,2.5,0.03861868888659324,89334.25698387368,3449.9718773751956,438046.35522593046,0.9468608756625375,2412175.2952804817,27.001683080163968
Villalba,2020-2024,1,60,5,0.014130729745840872,2.5,0.06824284570484854,85884.28510649849,5860.988016993986,414768.9554900075,0.9234799039052346,1974128.940054551,22.985915730760123
Villalba,2020-2024,1,65,5,0.01784262832616676,2.5,0.08540358075786779,80023.2970895045,6834.276115494344,383030.79515878664,0.894933774850134,1559359.9845645437,19.48632512380026
Villalba,2020-2024,1,70,5,0.027023074123925482,2.5,0.12656493647030967,73189.02097401016,9263.163789899758,342787.1953953014,0.8449114376259721,1176329.189405757,16.072481551891208
Villalba,2020-2024,1,75,5,0.04143907783289478,2.5,0.1877453986916011,63925.8571841104,12001.785543733167,289624.8220612191,0.7792637618727887,833541.9940104556,13.039199327586697
Villalba,2020-2024,1,80,5,0.06012780230583684,2.5,0.2613526155321135,51924.07164037723,13570.49193228942,225694.1283711626,0.5850579095299706,543917.1719492365,10.475241150508607
Villalba,2020-2024,1,85,NA,0.12343278819330196,8.29708845954133,1,38353.57970808781,38353.57970808781,318223.0435780739,0,318223.0435780739,8.29708845954133
Villalba,2020-2024,2,0,1,0.0059760943839144015,0.13674751249557224,0.00594542267165673,100000,594.5422671656706,99486.75990894271,0.9938915155882461,8539532.24366363,85.39532243663629
Villalba,2020-2024,2,1,4,1.6481858596012263e-4,1.5143267973132146,6.590043595455909e-4,99405.45773283433,65.5086300085677,397458.9978851803,0.9993020866367792,8440045.483754687,84.90525245040827
Villalba,2020-2024,2,5,5,8.12025951132746e-5,2.5,4.059305690272709e-4,99339.94910282576,40.32512206645333,496598.93270896265,0.999560266539906,8042586.485869506,80.96024367341589
Villalba,2020-2024,2,10,5,9.473244595055181e-5,2.5,4.735500783597513e-4,99299.62398075931,47.02334471717768,496380.5615420036,0.9990018857629774,7545987.5531605445,75.99210601867621
Villalba,2020-2024,2,15,5,3.048174915364805e-4,2.5,0.0015229269207729442,99252.60063604213,151.1544574653526,495885.1170365473,0.9977459612394156,7049606.99161854,71.02692469962926
Villalba,2020-2024,2,20,5,5.98146257546267e-4,2.5,0.0029862657285573972,99101.44617857678,295.9432523735595,494767.37276194996,0.9966707627305688,6553721.874581994,66.13144537540303
Villalba,2020-2024,2,25,5,7.359989654121473e-4,2.5,0.003673236082170257,98805.50292620322,362.93593846551084,493120.1747848523,0.9959818994708326,6058954.501820044,61.3220349310444
Villalba,2020-2024,2,30,5,8.747561042200301e-4,2.5,0.004364236414989473,98442.56698773771,429.6266356329288,491138.7683496062,0.9953801563749815,5565834.3270351915,56.53889874416306
Villalba,2020-2024,2,35,5,9.776981583916014e-4,2.5,0.004876571255119517,98012.94035210478,477.96708755081636,488869.7840416468,0.9942796919616519,5074695.558685585,51.77577104059004
Villalba,2020-2024,2,40,5,0.0013179642182596482,2.5,0.006568179527307998,97534.97326455396,640.6272145927796,486073.29828628787,0.9921097789744882,4585825.774643938,47.01724541621947
Villalba,2020-2024,2,45,5,0.0018527427416803342,2.5,0.009221003340874633,96894.34604996118,893.4630886385567,482238.07252820954,0.9883533532605163,4099752.47635765,42.31157589157693
Villalba,2020-2024,2,50,5,0.002838980557769665,2.5,0.014094865168404611,96000.88296132263,1353.1195013876422,476621.616053144,0.9818557403244671,3617514.4038294405,37.6820951249676
Villalba,2020-2024,2,55,5,0.0045003793642672445,2.5,0.022251545827177033,94647.76345993498,2106.059046068549,467973.6696845036,0.9752114896177729,3140892.7877762965,33.185071394802236
Villalba,2020-2024,2,60,5,0.005552667135562588,2.5,0.0273832110378232,92541.70441386644,2534.089021764754,456373.29951492033,0.9704116486932383,2672919.1180917933,28.88340057081641
Villalba,2020-2024,2,65,5,0.006474235336727833,2.5,0.03185557545296569,90007.61539210168,2867.244383464611,442869.9660018469,0.9544016241355773,2216545.818576873,24.626203115379706
Villalba,2020-2024,2,70,5,0.01232721603936617,2.5,0.05979336585043298,87140.37100863707,5210.416084061901,422675.81483303057,0.9118042180802919,1773675.8525750258,20.354238019014456
Villalba,2020-2024,2,75,5,0.02517107979258781,2.5,0.11840447758049336,81929.95492457517,9700.873511037687,385397.59084528167,0.8633585161764056,1351000.0377419952,16.489695850384976
Villalba,2020-2024,2,80,5,0.03415210852084219,2.5,0.15732784823825247,72229.08141353748,11363.645959017413,332736.29217014386,0.6554106783392034,965602.4468967136,13.368610371330796
Villalba,2020-2024,2,85,NA,0.08968582878143581,10.397792277350264,1,60865.43545452007,60865.43545452007,632866.1547265698,0,632866.1547265698,10.397792277350264
Yabucoa,1980-1984,1,0,1,0.018332330765571236,0.11270875057384089,0.018038907786912164,100000,1803.8907786912168,98399.42349714674,0.9814113612043257,7135767.170594976,71.35767170594977
Yabucoa,1980-1984,1,1,4,5.075867620710446e-4,1.5986487708380337,0.0020278752830762284,98196.10922130878,199.12946278414165,392306.2571050161,0.9979981613779619,7037367.747097829,71.66646217354103
Yabucoa,1980-1984,1,5,5,2.1361592405555092e-4,2.5,0.0010675095276922644,97996.97975852464,104.61270957729721,489723.36701868,0.9987997170023071,6645061.489992813,67.80883968431453
Yabucoa,1980-1984,1,10,5,2.668175315681657e-4,2.5,0.001333198356104662,97892.36704894734,130.509942824865,489135.56038767454,0.997156383087957,6155338.122974133,62.87863199687868
Yabucoa,1980-1984,1,15,5,8.731120293819577e-4,2.5,0.0043560518437463225,97761.85710612248,425.85571789517417,487744.6462358745,0.993217014025577,5666202.562586458,57.95923615112672
Yabucoa,1980-1984,1,20,5,0.001852648851562894,2.5,0.009220538209005206,97336.0013882273,897.4903199119435,484436.2811413567,0.990662453038324,5178457.916350584,53.201876412573824
Yabucoa,1980-1984,1,25,5,0.0019001123211385602,2.5,0.009455644638488053,96438.51106831536,911.8882901268807,479912.8346162596,0.9889333478854656,4694021.635209227,48.673725705740765
Yabucoa,1980-1984,1,30,5,0.0025548218492959713,2.5,0.012693038118680975,95526.62277818848,1212.5230642724055,474601.8062302614,0.9865797269654837,4214108.800592967,44.11449581315222
Yabucoa,1980-1984,1,35,5,0.0028515560249384197,2.5,0.014156857444343071,94314.09971391608,1335.1912646414712,468232.5204079767,0.9810072355439896,3739506.9943627063,39.6495010364918
Yabucoa,1980-1984,1,40,5,0.004837425847154129,2.5,0.0238981158277619,92978.9084492746,2222.0207236596325,459339.4904372239,0.9769741207266847,3271274.4739547297,35.18297352070336
Yabucoa,1980-1984,1,45,5,0.004475989454991287,2.5,0.022132287560616054,90756.88772561497,2008.6575372498482,448762.7947849502,0.9645410133368354,2811934.9835175057,30.983157906635366
Yabucoa,1980-1984,1,50,5,0.010064481526494187,2.5,0.049087311776081846,88748.23018836512,4356.41204483177,432850.1208297462,0.9389363468329406,2363172.1887325556,26.627823267199833
Yabucoa,1980-1984,1,55,5,0.0152949449542236,2.5,0.07365822839914174,84391.81814353335,6216.151815835197,406418.7111780788,0.9143867997659317,1930322.0679028092,22.8733319220558
Yabucoa,1980-1984,1,60,5,0.020724637696273314,2.5,0.09851877375070534,78175.66632769816,7701.7707837491325,371623.90467911796,0.888355628763422,1523903.3567247305,19.493320982219775
Yabucoa,1980-1984,1,65,5,0.02694091197651599,2.5,0.1262044054377149,70473.89554394902,8894.11608600372,330134.18750473583,0.8327248057224282,1152279.4520456125,16.350443567108144
Yabucoa,1980-1984,1,70,5,0.047998048646860615,2.5,0.21427793621795707,61579.779457945304,13195.18805500547,274910.9271522128,0.7980621470682027,822145.2645408767,13.350896540679308
Yabucoa,1980-1984,1,75,5,0.04107085224661979,2.5,0.18623244785921828,48384.591402939834,9010.780895637574,219396.00477560522,0.7379761519965662,547234.3373886639,11.310095249774376
Yabucoa,1980-1984,1,80,5,0.08636957546976445,2.5,0.35516027245883386,39373.81050730226,13984.013267515966,161909.0193677214,0.5061315189190536,327838.3326130586,8.32630442390781
Yabucoa,1980-1984,1,85,NA,0.18331110791328378,6.5352752398244,1,25389.797239786294,25389.797239786294,165929.31324533725,0,165929.31324533725,6.5352752398244
Yabucoa,1980-1984,2,0,1,0.010399890310766921,0.12765541744099007,0.010306387792761884,100000,1030.6387792761816,99100.92784432319,0.989326389272666,7781628.67481946,77.8162867481946
Yabucoa,1980-1984,2,1,4,3.196385977639979e-4,1.5072315070611764,0.0012775364691276904,98969.36122072382,126.43696828573593,395562.2667920099,0.9987678912833634,7682527.746975137,77.62531405897812
Yabucoa,1980-1984,2,5,5,1.3027365618065983e-4,2.5,6.511562096528585e-4,98842.92425243808,64.36218390722934,494053.7158024223,0.9992622545323125,7286965.480183127,73.7226820765917
Yabucoa,1980-1984,2,10,5,1.6494621921995685e-4,2.5,8.243911455932242e-4,98778.56206853085,81.43217194371391,493689.22991279495,0.9983804888806009,6792911.764380705,68.76908938670215
Yabucoa,1980-1984,2,15,5,4.8364149131269516e-4,2.5,0.002415287123897101,98697.12989658714,238.38190700483392,492889.6947154236,0.9966104538907624,6299222.5344679095,63.82376611222745
Yabucoa,1980-1984,2,20,5,8.751432909191365e-4,2.5,0.004366163906970087,98458.7479895823,429.88703179756703,491219.02236841765,0.9951728915242903,5806332.839752486,58.972239220092874
Yabucoa,1980-1984,2,25,5,0.0010608207964223084,2.5,0.005290074429687456,98028.86095778474,518.5799707241677,488847.85486211325,0.9939896564811745,5315113.817384069,54.2198875459032
Yabucoa,1980-1984,2,30,5,0.0013514392250955098,2.5,0.006734443148901047,97510.28098706057,656.6774437407294,485909.71132595104,0.9913927841022968,4826265.962521955,49.49494467319186
Yabucoa,1980-1984,2,35,5,0.0021096049593295786,2.5,0.010492686239329944,96853.60354331984,1016.2544731285016,481727.3815337779,0.9898585935842048,4340356.251196004,44.813575255924135
Yabucoa,1980-1984,2,40,5,0.001966904787823038,2.5,0.009786401638519283,95837.34907019134,937.9027899718785,476841.98837602703,0.9879111622079049,3858628.869662226,40.26226629908308
Yabucoa,1980-1984,2,45,5,0.0029037330872988855,2.5,0.014414029202701484,94899.44628021946,1367.8833900032769,471077.5229260891,0.9801055645760054,3381786.881286199,35.63547537780616
Yabucoa,1980-1984,2,50,5,0.005156629311134763,2.5,0.02545499166533344,93531.56289021618,2380.8451538160734,461705.7015665407,0.9735827841566526,2910709.3583601103,31.120076137042542
Yabucoa,1980-1984,2,55,5,0.005557059054706662,2.5,0.02740457319450606,91150.71773640011,2497.9465159389365,449508.7223921532,0.9586749745548404,2449003.656793569,26.867628885554947
Yabucoa,1980-1984,2,60,5,0.011445955526744017,2.5,0.05563771072723562,88652.77122046117,4932.437240331827,430932.7630014763,0.9427397601214709,1999494.9344014162,22.554229347541593
Yabucoa,1980-1984,2,65,5,0.012154086323028614,2.5,0.05897836137673407,83720.33398012935,4937.688112060932,406257.44962049444,0.905742064569005,1568562.1713999398,18.73573714806526
Yabucoa,1980-1984,2,70,5,0.028207906918319883,2.5,0.13174865042228423,78782.64586806842,10379.507269814756,367964.4611658052,0.8375295376086704,1162304.7217794454,14.753309043794657
Yabucoa,1980-1984,2,75,5,0.0439152010605234,2.5,0.19785400885398383,68403.13859825366,13533.835189859172,308181.10501662036,0.7560798002655899,794340.2606136403,11.612628848494387
Yabucoa,1980-1984,2,80,5,0.07096192599563415,2.5,0.30134888651823616,54869.30340839449,16534.803486150937,233009.5083265951,0.5207135242769386,486159.15559701994,8.860312149008296
Yabucoa,1980-1984,2,85,NA,0.14946753682450423,6.603702872970961,1,38334.49992224355,38334.49992224355,253149.64727042482,0,253149.64727042482,6.603702872970961
Yabucoa,1985-1989,1,0,1,0.013280598281674631,0.12278923015883236,0.013127662537982037,100000,1312.766253798196,98848.42730388418,0.9862853242881289,7170683.751388911,71.70683751388911
Yabucoa,1985-1989,1,1,4,4.8320727466456066e-4,1.6134463527730603,0.001930602727431344,98687.2337462018,190.5258426330838,394294.23484018026,0.9980693515867198,7071835.324085027,71.65906932067799
Yabucoa,1985-1989,1,5,5,2.380886474720556e-4,2.5,0.0011897350813193746,98496.70790356872,117.18498878733953,492190.57704587525,0.9986416116046379,6677541.089244846,67.79456117236286
Yabucoa,1985-1989,1,10,5,3.056819454801455e-4,2.5,0.0015272426011768575,98379.52291478138,150.249398478918,491521.9910777096,0.9966499278358323,6185350.512198972,62.87233693496222
Yabucoa,1985-1989,1,15,5,0.0010378237044906746,2.5,0.005175689888320394,98229.27351630246,508.4042576753709,489875.3569373239,0.9928742707618686,5693828.521121262,57.96468117191455
Yabucoa,1985-1989,1,20,5,0.0018254758373093096,2.5,0.009085913895854659,97720.86925862709,887.8834039119683,486384.63778335555,0.9902294401863218,5203953.164183938,53.25324266622319
Yabucoa,1985-1989,1,25,5,0.0021032984918828994,2.5,0.010461483403749585,96832.98585471512,1013.0166744546295,481632.38758743904,0.988913427595224,4717568.526400582,48.718610551559976
Yabucoa,1985-1989,1,30,5,0.002357466695236044,2.5,0.01171826989865058,95819.9691802605,1122.8442605346645,476292.7352499658,0.9850674212260687,4235936.138813144,44.20723754193998
Yabucoa,1985-1989,1,35,5,0.003670372947504848,2.5,0.01818500040369403,94697.12491972583,1722.0672548938746,469180.4564613945,0.980185976766493,3759643.403563177,39.70176926438056
Yabucoa,1985-1989,1,40,5,0.004341254054598244,2.5,0.021473218530464588,92975.05766483195,1996.4737311194913,459884.103996361,0.9765793491037116,3290462.947101783,35.39081372730795
Yabucoa,1985-1989,1,45,5,0.005147565641778954,2.5,0.02541081856742686,90978.58393371246,2311.840289860993,449113.31894390984,0.9630432126786418,2830578.843105422,31.112584090864708
Yabucoa,1985-1989,1,50,5,0.010004898181011778,2.5,0.0488037983224032,88666.74364385147,4327.273874698745,432515.53353251045,0.9440209337992744,2381465.524161512,26.858610413473247
Yabucoa,1985-1989,1,55,5,0.013121243243438743,2.5,0.06352248139274129,84339.46976915273,5357.452399084679,408303.7178480519,0.9183952597236739,1948949.9906290015,23.108397479418738
Yabucoa,1985-1989,1,60,5,0.021255175982686503,2.5,0.10091354216884488,78982.01737006805,7970.355140454791,374984.1989992033,0.8881811357680782,1540646.2727809497,19.50629173679237
Yabucoa,1985-1989,1,65,5,0.026427458054244565,2.5,0.1239482005911674,71011.66222961326,8801.76775434833,333053.89176219545,0.8455534457426782,1165662.0737817464,16.415079399389732
Yabucoa,1985-1989,1,70,5,0.04180831362780862,2.5,0.1892599679010526,62209.894475264926,11773.842631516505,281614.86579753336,0.7822746337619306,832608.1820195509,13.383854594876407
Yabucoa,1985-1989,1,75,5,0.057884828311075914,2.5,0.2528357557711013,50436.05184374842,12752.037286024584,220300.16600368064,0.7106438942027721,550993.3162220176,10.924592549968075
Yabucoa,1985-1989,1,80,5,0.08141576178983728,2.5,0.3382347162342368,37684.014557723836,12746.041970498569,156554.96786237275,0.5265853926547652,330693.15021833696,8.775422525956886
Yabucoa,1985-1989,1,85,NA,0.1667324462424416,6.982852425027057,1,24937.972587225267,24937.972587225267,174138.18235596424,0,174138.18235596424,6.982852425027057
Yabucoa,1985-1989,2,0,1,0.00996696352412622,0.1285451988777691,0.0098811383455607,100000,988.1138345560757,99138.90345482081,0.9898310543125217,7852698.678211771,78.5269867821177
Yabucoa,1985-1989,2,1,4,2.7468255455944795e-4,1.5079233879117728,0.001097978618966727,99011.88616544392,108.7129340332176,395776.62370144005,0.9988908128517534,7753559.77475695,78.30938360068345
Yabucoa,1985-1989,2,5,5,1.2079533776846627e-4,2.5,6.037943499862083e-4,98903.1732314107,59.71717719284061,494366.57321407145,0.9993338287544732,7357783.15105551,74.3938026522161
Yabucoa,1985-1989,2,10,5,1.4577026840347803e-4,2.5,7.285858266386299e-4,98843.45605421787,72.01594113708416,494037.2404182466,0.998368432983578,6863416.577841438,69.43723795004395
Yabucoa,1985-1989,2,15,5,5.076848600376777e-4,2.5,0.00253520658518747,98771.44011308078,250.4060054031288,493231.18555189605,0.9967685697637159,6369379.337423191,64.48604303157937
Yabucoa,1985-1989,2,20,5,7.874317652913287e-4,2.5,0.003929423444358223,98521.03410767765,387.1308611851273,491637.3433854254,0.995507238187232,5876148.151871296,59.64358986984458
Yabucoa,1985-1989,2,25,5,0.0010142296520660686,2.5,0.0050583225086354155,98133.90324649253,496.39293165197887,489428.53390333266,0.9941968781544459,5384510.80848587,54.86901703034341
Yabucoa,1985-1989,2,30,5,0.0013146481495514778,2.5,0.006551707771511839,97637.51031484055,639.6924351207999,486588.32048640074,0.992529629774273,4895082.274582538,50.135263166767814
Yabucoa,1985-1989,2,35,5,0.0016860956998532937,2.5,0.00839509118141432,96997.81787971975,814.3055254984647,482953.3255848526,0.9903901305621232,4408493.954096137,45.449413713232225
Yabucoa,1985-1989,2,40,5,0.0021787899623683174,2.5,0.010834932207997274,96183.51235422128,1042.1418358850642,478312.20718139375,0.9860408615383376,3925540.6285112845,40.81303055407709
Yabucoa,1985-1989,2,45,5,0.0034530672663855635,2.5,0.017117566064285872,95141.37051833622,1628.588695294311,471635.3808534453,0.98220791043517,3447228.4213298904,36.23269669702225
Yabucoa,1985-1989,2,50,5,0.00373013546380747,2.5,0.018478360350892654,93512.7818230419,1727.9628799405764,463244.0019153581,0.9766927786474655,2975593.040476445,31.820174552258347
Yabucoa,1985-1989,2,55,5,0.005726215243396389,2.5,0.028226991642436586,91784.81894310133,2590.809317209467,452447.07142248296,0.9651109698931539,2512349.038561087,27.37216314735585
Yabucoa,1985-1989,2,60,5,0.00852689178349416,2.5,0.04174458012430248,89194.00962589186,3723.3664814358635,436661.6319258696,0.9436653069401075,2059901.9671386043,23.094622338187175
Yabucoa,1985-1989,2,65,5,0.014843170918173722,2.5,0.0715603965967249,85470.643144456,6116.31312079441,412062.432920294,0.8950498759427731,1623240.3352127345,18.99178800455797
Yabucoa,1985-1989,2,70,5,0.030318845277905106,2.5,0.1409133976380924,79354.33002366159,11182.088260928635,368816.4294659864,0.8469946602107034,1211177.9022924406,15.262908803228456
Yabucoa,1985-1989,2,75,5,0.03646220228841918,2.5,0.16708068692887426,68172.24176273296,11390.264983198715,312385.546355668,0.7811328720030929,842361.4728264542,12.356370438252767
Yabucoa,1985-1989,2,80,5,0.06539815534755963,2.5,0.28104174714109154,56781.97677953424,15958.105960245193,244014.61899705825,0.539574145146555,529975.9264707862,9.333523708209537
Yabucoa,1985-1989,2,85,NA,0.13670076572373677,7.004757308280842,1,40823.87081928905,40823.87081928905,285961.30747372797,0,285961.30747372797,7.004757308280842
Yabucoa,1990-1994,1,0,1,0.016201130732634725,0.11696145367956404,0.015972622829642784,100000,1597.2622829642787,98589.55583555876,0.9834925324097071,7177149.465445015,71.77149465445015
Yabucoa,1990-1994,1,1,4,4.8238287626599347e-4,1.6048744874142864,0.001927304759716899,98402.73771703572,189.65206477121683,393156.7103692948,0.9980505959342519,7078559.909609456,71.934583059715
Yabucoa,1990-1994,1,5,5,2.2639055798724265e-4,2.5,0.0011313124937694073,98213.0856522645,111.10969085004763,490787.6540341974,0.998644603915735,6685403.199240161,68.07039158621544
Yabucoa,1990-1994,1,10,5,3.161964471451169e-4,2.5,0.0015797334704486042,98101.97596141446,154.97497494338313,490122.4423697138,0.9968752058997911,6194615.545205964,63.144656205930396
Yabucoa,1990-1994,1,15,5,9.366480251614545e-4,2.5,0.004672299375848892,97947.00098647107,457.6377115753712,488590.91065341694,0.9935009147000357,5704493.102836249,58.24061018084854
Yabucoa,1990-1994,1,20,5,0.0016738646841874434,2.5,0.008334446581449878,97489.3632748957,812.5198904741701,485415.5166482931,0.9900438007999729,5215902.192182832,53.502269549912725
Yabucoa,1990-1994,1,25,5,0.002331831171467363,2.5,0.011591581827755378,96676.84338442153,1120.6375409396278,480582.62306975864,0.9866676215888179,4730486.67553454,48.9309177868421
Yabucoa,1990-1994,1,30,5,0.0030416729274775787,2.5,0.015093590225469767,95556.2058434819,1442.28621450215,474175.31368115416,0.9838777727377581,4249904.052464781,44.47543741351548
Yabucoa,1990-1994,1,35,5,0.003463050057466226,2.5,0.01716662805663604,94113.91962897975,1615.6186532228166,466530.55151184177,0.9796473223839739,3775728.738783627,40.11870670851325
Yabucoa,1990-1994,1,40,5,0.004775209284051518,2.5,0.023594376209440777,92498.30097575694,2182.4397119561036,457035.4055988944,0.9756480353618618,3309198.187271785,35.77577266137136
Yabucoa,1990-1994,1,45,5,0.005089516291971072,2.5,0.0251278598298889,90315.86126380083,2269.4443022524792,445905.695563373,0.968033030089555,2852162.7816728908,31.579865837099153
Yabucoa,1990-1994,1,50,5,0.007951455614582522,2.5,0.03898236177441055,88046.41696154836,3432.2572789356636,431651.4416104026,0.9580320018582507,2406257.0861095176,27.32941520107943
Yabucoa,1990-1994,1,55,5,0.009222806362395976,2.5,0.045074742751402386,84614.15968261269,3813.9614808198676,413535.8947110138,0.9311692554081824,1974605.644499115,23.336586357482616
Yabucoa,1990-1994,1,60,5,0.019662903782519083,2.5,0.09370808620582269,80800.19820179282,7571.631938541148,385071.9111626113,0.8935981570855257,1561069.7497881013,19.320122778528823
Yabucoa,1990-1994,1,65,5,0.02562430685617347,2.5,0.12040809908364754,73228.56626325168,8817.312462379072,344099.5501603107,0.8463029130235274,1175997.83862549,16.059277118684236
Yabucoa,1990-1994,1,70,5,0.042366069385629944,2.5,0.19154303332743897,64411.253800872604,12337.52693344267,291212.45167075633,0.7828993043153595,831898.2884651793,12.915418337251948
Yabucoa,1990-1994,1,75,5,0.05680706144849461,2.5,0.24871358716900946,52073.726867429934,12951.443406457722,227990.02582100537,0.7001504317429741,540685.8367944229,10.383083165353403
Yabucoa,1990-1994,1,80,5,0.09017028768682084,2.5,0.36791413087213626,39122.28346097221,14393.640917276945,159627.31501166872,0.4895124609608578,312695.81097341754,7.992780157767582
Yabucoa,1990-1994,1,85,NA,0.15813885957407678,6.189927153958342,1,24728.642543695267,24728.642543695267,153068.49596174882,0,153068.49596174882,6.189927153958342
Yabucoa,1990-1994,2,0,1,0.010089350436880095,0.12829366072759343,0.010001388715842979,100000,1000.1388715843059,99128.17260548721,0.989623237432238,7865760.081958998,78.65760081958997
Yabucoa,1990-1994,2,1,4,3.204361631040774e-4,1.5077277405593235,0.0012807218498117393,98999.8611284157,126.7912852754962,395683.4461106318,0.9988038178986812,7766631.9093535105,78.45093741373212
Yabucoa,1990-1994,2,5,5,1.1785470423164156e-4,2.5,5.890999506570889e-4,98873.0698431402,58.24612056589103,494219.73391428625,0.9993336085799001,7370948.463242878,74.54960663137814
Yabucoa,1990-1994,2,10,5,1.4880102353375294e-4,2.5,7.437284487827396e-4,98814.8237225743,73.49139556393493,493890.39012396167,0.9984809711637799,6876728.729328592,69.59207606983364
Yabucoa,1990-1994,2,15,5,4.5950851764308076e-4,2.5,0.0022949062657746143,98741.33232701037,226.60210224820185,493140.15637943137,0.9968765213388305,6382838.339204631,64.64201149389014
Yabucoa,1990-1994,2,20,5,7.923578596914356e-4,2.5,0.0039539569263385135,98514.73022476217,389.522999918554,491599.84362401447,0.9954052947410347,5889698.182825199,59.78494961502513
Yabucoa,1990-1994,2,25,5,0.0010503502939139052,2.5,0.005237997139980779,98125.20722484362,513.9795548037655,489341.0872372087,0.9943301154647008,5398098.339201185,55.01235097350683
Yabucoa,1990-1994,2,30,5,0.0012245465577965314,2.5,0.006104046067481242,97611.22767003985,595.8234304013167,486566.57977419597,0.9926285480513262,4908757.251963976,50.288858865265944
Yabucoa,1990-1994,2,35,5,0.001736837233885249,2.5,0.008646641646526869,97015.40423963853,838.857434653095,482979.87761155993,0.9914878714209318,4422190.6721897805,45.58235577997997
Yabucoa,1990-1994,2,40,5,0.0016823344448496336,2.5,0.008376442280812406,96176.54680498544,805.6172930798057,478868.6907922277,0.9894582122303631,3939210.79457822,40.95812259266961
Yabucoa,1990-1994,2,45,5,0.0025613822106669458,2.5,0.012725424364359583,95370.92951190563,1213.6355500624195,473820.55868437217,0.985487564020676,3460342.1037859926,36.28298603668344
Yabucoa,1990-1994,2,50,5,0.0032913578004263523,2.5,0.01632248118768328,94157.29396184321,1536.8806593753543,466944.2681607777,0.97478281748782,2986521.5451016203,31.71843008054048
Yabucoa,1990-1994,2,55,5,0.006971312052831247,2.5,0.03425947651035541,92620.41330246786,3173.126873915302,455169.24932755105,0.9623428814038029,2519577.2769408426,27.2032609994163
Yabucoa,1990-1994,2,60,5,0.008408162560359157,2.5,0.04117529144200934,89447.28642855256,3683.018087392542,438028.8869242814,0.9395162869155724,2064408.0276132917,23.07960487166115
Yabucoa,1990-1994,2,65,5,0.016801542339659692,2.5,0.08062130598340152,85764.26834116002,6914.427320375238,411535.27340486203,0.8912942607705042,1626379.1406890103,18.963365188629236
Yabucoa,1990-1994,2,70,5,0.029934842539066232,2.5,0.13925292661688002,78849.84102078478,10980.07112542,366799.02729037387,0.8494804388918242,1214843.8672841482,15.407055379654045
Yabucoa,1990-1994,2,75,5,0.03563705592055325,2.5,0.16360892828663479,67869.76989536478,11104.100315641132,311588.598687721,0.7840027043746405,848044.8399937744,12.495177769148329
Yabucoa,1990-1994,2,80,5,0.06474705003738582,2.5,0.27863350625755384,56765.669579723646,15816.817550056156,244286.30402347783,0.5446295797980842,536456.2413060534,9.450364018918792
Yabucoa,1990-1994,2,85,NA,0.10948270604212372,7.1349970219164645,1,40948.85202966749,40948.85202966749,292169.9372825755,0,292169.9372825755,7.1349970219164645
Yabucoa,1995-1999,1,0,1,0.014985116190330596,0.11938794989800482,0.014789946957459891,100000,1478.9946957459906,98697.57944888914,0.9845942669990098,7100675.8441666765,71.00675844166676
Yabucoa,1995-1999,1,1,4,5.146690912110095e-4,1.6084378898171734,0.0020561455311859486,98521.00530425401,202.57352478429675,393599.55405061576,0.9980118596991728,7001978.264717787,71.07091775093215
Yabucoa,1995-1999,1,5,5,2.2289511758267092e-4,2.5,0.0011138549058628238,98318.43177946971,109.51246757429908,491318.3777284128,0.9987186924849198,6608378.7106671715,67.2140369924726
Yabucoa,1995-1999,1,10,5,2.8999946694576714e-4,2.5,0.0014489468501933638,98208.91931189541,142.29950429785822,490688.8477987324,0.996191013262449,6117060.332938759,62.28619941852714
Yabucoa,1995-1999,1,15,5,0.0012383119418380836,2.5,0.006172451159238176,98066.61980759756,605.3114211139764,488819.8204852028,0.9921632803110018,5626371.485140026,57.37295214394788
Yabucoa,1995-1999,1,20,5,0.0019113546846510764,2.5,0.00951132463600472,97461.30838648358,926.9861435136118,484989.0765736339,0.9902278120435414,5137551.664654823,52.71375635838811
Yabucoa,1995-1999,1,25,5,0.0020172332807034277,2.5,0.01003555625833045,96534.32224296997,968.7756217291171,480249.672160527,0.9881776368902816,4652562.588081189,48.195941919714556
Yabucoa,1995-1999,1,30,5,0.0027441543523667863,2.5,0.013627283339615581,95565.54662124085,1302.2987813129002,474571.98615292204,0.983597437420535,4172312.915920662,43.659174916426466
Yabucoa,1995-1999,1,35,5,0.00388052117076359,2.5,0.019216183833351434,94263.24783992795,1811.3798992208176,466787.7894515877,0.9780027460985747,3697740.9297677404,39.22781162863194
Yabucoa,1995-1999,1,40,5,0.005029004682682937,2.5,0.024832812586460938,92451.86794070713,2295.839909839822,456519.7399289361,0.973291503263991,3230953.1403161525,34.947407902978064
Yabucoa,1995-1999,1,45,5,0.005809558588314241,2.5,0.028631945528951538,90156.02803086731,2581.3424836864287,444326.78394512046,0.9612196475907472,2774433.4003872164,30.773687139780776
Yabucoa,1995-1999,1,50,5,0.010094032513490574,2.5,0.04922789269389584,87574.68554718088,4311.117222818284,427095.63467885874,0.9422947420659327,2330106.616442096,26.607079453191417
Yabucoa,1995-1999,1,55,5,0.013783448087230804,2.5,0.06662155362157009,83263.5683243626,5547.148281844784,402449.970917201,0.9224900402456426,1903010.9817632372,22.855265755003963
Yabucoa,1995-1999,1,60,5,0.018667449038177842,2.5,0.08917554532153549,77716.42004251781,6930.404137729027,371256.0898682665,0.9017252523970288,1500561.0108460363,19.308159202715405
Yabucoa,1995-1999,1,65,5,0.0228921724750831,2.5,0.10826482004195485,70786.01590478879,7663.63527341892,334770.99134039663,0.8509013221767882,1129304.9209777697,15.953785596532922
Yabucoa,1995-1999,1,70,5,0.043186322193264556,2.5,0.1948901400184994,63122.380631369866,12301.92959954869,284857.0791579776,0.7739116822193323,794533.9296373731,12.58719841821863
Yabucoa,1995-1999,1,75,5,0.0610521923942373,2.5,0.2648385297863748,50820.451031821176,13459.213534347975,220454.22132323595,0.6875759476957128,509676.8504793955,10.028971410746863
Yabucoa,1995-1999,1,80,5,0.09296053583852856,2.5,0.37715203989058554,37361.2374974732,14090.866935008653,151579.02014984438,0.4759088505899635,289222.6291561595,7.7412486450889135
Yabucoa,1995-1999,1,85,NA,0.16922299384977743,5.914972803584672,1,23270.370562464548,23270.370562464548,137643.60900631515,0,137643.60900631515,5.914972803584672
Yabucoa,1995-1999,2,0,1,0.009182852322820572,0.13015675910647656,0.00911008423116327,100000,911.00842311632,99207.5654807552,0.9906534134990256,7915057.875083284,79.15057875083285
Yabucoa,1995-1999,2,1,4,2.4002643598908938e-4,1.5091778929558974,9.595320750845078e-4,99088.99157688368,95.07906570579507,396119.14126875764,0.9989171745341535,7815850.309602529,78.87707993817021
Yabucoa,1995-1999,2,5,5,1.448760484300766e-4,2.5,7.241179737737891e-4,98993.91251117788,71.68327134354331,494790.3543775306,0.9992716781542819,7419731.168333772,74.95138822294729
Yabucoa,1995-1999,2,10,5,1.465594322934389e-4,2.5,7.325287639677302e-4,98922.22923983434,72.4633783139725,494429.9877533868,0.9982042514482421,6924940.813956241,70.00388959256978
Yabucoa,1995-1999,2,15,5,5.727685366799949e-4,2.5,0.002859747749565493,98849.76586152037,282.68539546756074,493542.11581893294,0.9965858644340857,6430510.8262028545,65.05337438240797
Yabucoa,1995-1999,2,20,5,7.956019827112149e-4,2.5,0.003970113338446932,98567.08046605281,391.3224808900559,491857.09612803895,0.9956323154038959,5936968.710383921,60.23277429251498
Yabucoa,1995-1999,2,25,5,9.556458152369242e-4,2.5,0.004766840548130315,98175.75798516275,467.988184007103,489708.819465796,0.9946091296201051,5445111.614255883,55.46289354933017
Yabucoa,1995-1999,2,30,5,0.0012072102507038752,2.5,0.006017889109966499,97707.76980115565,587.994523845482,487068.8626961645,0.9934088878155425,4955402.794790086,50.716568445629136
Yabucoa,1995-1999,2,35,5,0.0014387173706710084,2.5,0.007167805736797228,97119.77527731017,696.1356823891547,483858.537180578,0.9915316136529028,4468333.932093922,46.00848714214279
Yabucoa,1995-1999,2,40,5,0.0019652799177918784,2.5,0.009778356569471913,96423.63959492101,942.8647296853887,479761.03615039156,0.9889767859557191,3984475.3949133437,41.32259901879104
Yabucoa,1995-1999,2,45,5,0.002471246782156414,2.5,0.012280364383366812,95480.77486523562,1172.538706951309,474472.52755879983,0.9844084942843782,3504714.3587629525,36.70596896296254
Yabucoa,1995-1999,2,50,5,0.0038249929027985414,2.5,0.01894381462278252,94308.23615828432,1786.5577431841375,467074.78643346124,0.9761939030261185,3030241.8312041527,32.1312533734411
Yabucoa,1995-1999,2,55,5,0.005836387493399047,2.5,0.028762268112264705,92521.67841510018,2661.1333207718417,455955.5587735713,0.9661197891108614,2563167.044770691,27.703421389212114
Yabucoa,1995-1999,2,60,5,0.007986273492397191,2.5,0.03914971660214944,89860.54509432834,3518.0148741576268,440507.68828624766,0.9516262348776728,2107211.48599712,23.449796390453002
Yabucoa,1995-1999,2,65,5,0.011940856756638626,2.5,0.05797364626880359,86342.53022017071,5005.591304937654,419198.67283850943,0.9111048962815824,1666703.7977108723,19.303393049298307
Yabucoa,1995-1999,2,70,5,0.025921477128610752,2.5,0.12171951179059014,81336.93891523306,9900.292495303234,381933.96333790716,0.8576850444875566,1247505.124872363,15.337497839357782
Yabucoa,1995-1999,2,75,5,0.036149056434685786,2.5,0.1657646893939764,71436.64641992982,11841.67350514698,327579.0483367817,0.7799275359253536,865571.1615344557,12.116626478324905
Yabucoa,1995-1999,2,80,5,0.06651890952102266,2.5,0.2851713324517455,59594.97291478284,16994.777833534303,255487.91999007843,0.5251084286876808,537992.113197674,9.02747474970699
Yabucoa,1995-1999,2,85,NA,0.11701662890289251,6.631523462951143,1,42600.19508124854,42600.19508124854,282504.19320759556,0,282504.19320759556,6.631523462951143
Yabucoa,2000-2004,1,0,1,0.01175222287287254,0.1258390268683265,0.011632716088387366,100000,1163.2716088387388,98983.11335840108,0.9878920758585649,7432892.391338758,74.32892391338758
Yabucoa,2000-2004,1,1,4,4.0814237502886675e-4,1.6179506264256889,0.0016309838326975872,98836.72839116126,161.2011060826917,394962.9245708813,0.9983736649566054,7333909.2779803565,74.20226668122102
Yabucoa,2000-2004,1,5,5,1.9054950174369464e-4,2.5,9.522938609166952e-4,98675.52728507857,93.968098856305,493142.71617825207,0.9989245529914068,6938946.353409476,70.32084392478096
Yabucoa,2000-2004,1,10,5,2.398872877596071e-4,2.5,0.0011987175460457585,98581.55918622226,118.17144471306528,492612.36731932865,0.9973867226079146,6445803.637231223,65.38549086097319
Yabucoa,2000-2004,1,15,5,8.075339793662409e-4,2.5,0.004029534930886869,98463.3877415092,396.76166031786124,491325.0345567514,0.9942872639596391,5953191.269911895,60.460963272363706
Yabucoa,2000-2004,1,20,5,0.0014860498472985533,2.5,0.007402747108467447,98066.62608119134,725.9624326597113,488518.22432430746,0.9910831615854755,5461866.235355143,55.69546392707703
Yabucoa,2000-2004,1,25,5,0.002099405578824129,2.5,0.010442221747639861,97340.66364853163,1016.452794880388,484162.18625545717,0.9890788832888296,4973348.011030836,51.09219338166962
Yabucoa,2000-2004,1,30,5,0.002294095186926993,2.5,0.011405065171841687,96324.21085365124,1098.5839024121087,478874.59451222594,0.9879966147928824,4489185.824775379,46.604958244567996
Yabucoa,2000-2004,1,35,5,0.0025377201281663107,2.5,0.012608607846033964,95225.62695123913,1200.6625871209108,473126.4782883934,0.9850697506883986,4010311.230263153,42.113781328178156
Yabucoa,2000-2004,1,40,5,0.0034864329090139663,2.5,0.017281537244649592,94024.96436411822,1624.8959235853545,466062.58201162773,0.9788763510532215,3537184.7519747596,37.619634060979436
Yabucoa,2000-2004,1,45,5,0.005070126236431648,2.5,0.025033325876380786,92400.06844053286,2313.0810242717416,456217.63964198495,0.9694384617288627,3071122.1699631317,33.23722830291683
Yabucoa,2000-2004,1,50,5,0.007380034271865207,2.5,0.036231693509751826,90086.98741626112,3264.0041172828496,442274.9267880985,0.9537962733001862,2614904.530321147,29.026439947853603
Yabucoa,2000-2004,1,55,5,0.011639232317032091,2.5,0.056550646309960595,86822.98329897827,4909.8958201161295,421840.17694460106,0.9352136179396623,2172629.603533048,25.023669090608358
Yabucoa,2000-2004,1,60,5,0.01526423507235968,2.5,0.07351577036100829,81913.08747886214,6021.903728657213,394510.6780726677,0.9176359075264899,1750789.4265884473,21.373744788221327
Yabucoa,2000-2004,1,65,5,0.019268428547772328,2.5,0.09191452175167462,75891.18375020493,6975.50185956854,362017.1641021033,0.8770521271270334,1356278.7485157796,17.871361092218002
Yabucoa,2000-2004,1,70,5,0.03410369768943275,2.5,0.15712235519279671,68915.68189063639,10828.194248374362,317507.92383224604,0.8152826041840152,994261.5844136762,14.42721826349319
Yabucoa,2000-2004,1,75,5,0.048796896233029144,2.5,0.2174564781646453,58087.48764226203,12631.500488118654,258858.6869910135,0.7435479954439133,676753.6605814302,11.650592718853492
Yabucoa,2000-2004,1,80,5,0.07233414106280457,2.5,0.3062837714845032,45455.987154143375,13922.431182122164,192473.85781541147,0.539420500414879,417894.97359041666,9.193397828394207
Yabucoa,2000-2004,1,85,NA,0.15229119840274533,7.148610704578154,1,31533.55597202121,31533.55597202121,225421.1157750052,0,225421.1157750052,7.148610704578154
Yabucoa,2000-2004,2,0,1,0.007627427617770259,0.1333535768400253,0.0075773392619012964,100000,757.7339261901361,99343.31260316036,0.9921725887920053,8153293.837685766,81.53293837685766
Yabucoa,2000-2004,2,1,4,2.290076626820015e-4,1.5116716690208867,9.155089513805851e-4,99242.26607380986,90.85718294586695,396742.98179284233,0.999085967949862,8053950.525082606,81.1544399751272
Yabucoa,2000-2004,2,5,5,1.002264717687929e-4,2.5,5.010068234783412e-4,99151.408890864,49.675532411798486,495632.8556232905,0.9994299999834929,7657207.543289763,77.22742045670833
Yabucoa,2000-2004,2,10,5,1.278464072883229e-4,2.5,6.39027792922908e-4,99101.7333584522,63.32876194288838,495350.3448874038,0.9986742737363302,7161574.687666473,72.26487817082844
Yabucoa,2000-2004,2,15,5,4.02978337144858e-4,2.5,0.0020128638344220537,99038.40459650931,199.35082283116935,494693.64592546865,0.9970330391849486,6666224.342779069,67.30948837410922
Yabucoa,2000-2004,2,20,5,7.861384307950506e-4,2.5,0.003922982136423341,98839.05377367814,387.74384233512683,493225.90926255286,0.995655246358978,6171530.6968536,62.440204162467836
Yabucoa,2000-2004,2,25,5,9.559162462050107e-4,2.5,0.0047681862642377625,98451.30993134301,469.43418371085136,491082.964197438,0.9950824391354852,5678304.787591048,57.6762746128104
Yabucoa,2000-2004,2,30,5,0.0010161048570802383,2.5,0.005067651123100764,97981.87574763216,496.5379626760114,488668.03383147076,0.9935740607631433,5187221.823393609,52.94062584343783
Yabucoa,2000-2004,2,35,5,0.0015643230827389306,2.5,0.007791145740886025,97485.33778495615,759.522474282101,485527.88273907546,0.9925722958577173,4698553.789562139,48.19754330570946
Yabucoa,2000-2004,2,40,5,0.0014172857534357525,2.5,0.007061408682366996,96725.81531067405,683.0205120438186,481921.5252732607,0.9901930363863326,4213025.906823063,43.55637523748162
Yabucoa,2000-2004,2,45,5,0.0025303143932166277,2.5,0.012572043906958317,96042.79479863023,1207.4542331553675,477195.3384102628,0.98584452307864,3731104.3815498026,38.84835285533586
Yabucoa,2000-2004,2,50,5,0.0031768461476531355,2.5,0.01575907038317224,94835.34056547486,1494.516806783431,470440.41081041575,0.9795681803520094,3253909.0431395397,34.311144176184214
Yabucoa,2000-2004,2,55,5,0.005100085743646513,2.5,0.025179386147421972,93340.82375869143,2350.264644738563,460828.45718161075,0.9669224886138734,2783468.632329124,29.820484973703067
Yabucoa,2000-2004,2,60,5,0.008409069916721192,2.5,0.041179643333757926,90990.55911395287,3746.958771051781,445585.39864213485,0.9523797072596992,2322640.1751475134,25.5261666459125
Yabucoa,2000-2004,2,65,5,0.011171014143099654,2.5,0.054337556680062134,87243.60034290109,4740.604078605087,424366.49151799275,0.9243052432509462,1877054.7765053783,21.515099894179368
Yabucoa,2000-2004,2,70,5,0.020671621951769387,2.5,0.09827913685197152,82502.996264296,8108.323260556441,392244.1731700889,0.8810157537306383,1452688.2849873856,17.60770336550857
Yabucoa,2000-2004,2,75,5,0.03055799676904132,2.5,0.14194601887946423,74394.67300373956,10560.027658720377,345573.2958718969,0.8222593139397096,1060444.1118172966,14.254301672432806
Yabucoa,2000-2004,2,80,5,0.04930108661322765,2.5,0.2194567878072708,63834.645345019184,14008.946218234269,284150.86117951025,0.6025143916335045,714870.8159453998,11.198790438665434
Yabucoa,2000-2004,2,85,NA,0.12058005555705367,8.64453409213372,1,49825.699126784915,49825.699126784915,430719.9547658895,0,430719.9547658895,8.64453409213372
Yabucoa,2005-2009,1,0,1,0.01091825694573991,0.1275031641776233,0.010815229505181963,100000,1081.5229505181924,99056.37464780359,0.9887568887706597,7471263.401121048,74.71263401121048
Yabucoa,2005-2009,1,1,4,3.74016527443446e-4,1.6204137135008867,0.0014947357880471925,98918.47704948181,147.85698774497723,395322.06973752624,0.9985052460242876,7372207.026473245,74.52810886671314
Yabucoa,2005-2009,1,5,5,1.731061485029731e-4,2.5,8.651563328132998e-4,98770.62006173683,85.4520274423121,493639.47024007834,0.999021908778243,6976884.956735718,70.63724974465887
Yabucoa,2005-2009,1,10,5,2.183439004521877e-4,2.5,0.001091123901639537,98685.16803429452,107.67774557953817,493156.64580752375,0.9971134646560499,6483245.486495639,65.69625016236095
Yabucoa,2005-2009,1,15,5,9.389806379265221e-4,2.5,0.0046839079424631025,98577.49028871498,461.7278897113865,491733.13171929645,0.9934439282382016,5990088.840688116,60.7652804219733
Yabucoa,2005-2009,1,20,5,0.0016945577087357719,2.5,0.008437045890795844,98115.7623990036,827.8071899708157,488509.2940200909,0.9898083702610515,5498355.708968819,56.03947392885628
Yabucoa,2005-2009,1,25,5,0.002406621582938741,2.5,0.011961143052129024,97287.95520903278,1163.6751495043718,483530.588171403,0.988262051876064,5009846.414948729,51.4950324958992
Yabucoa,2005-2009,1,30,5,0.0023157396990920805,2.5,0.011512051210445379,96124.2800595284,1106.587634612486,477854.9312111108,0.9868026473764896,4526315.826777326,47.088163614585646
Yabucoa,2005-2009,1,35,5,0.003002830766810402,2.5,0.014902281262376195,95017.69242491592,1415.9803774180618,471548.51118103444,0.984629409465012,4048460.895566215,42.60744280614219
Yabucoa,2005-2009,1,40,5,0.003194506904779365,2.5,0.015845984258579186,93601.71204749786,1483.211255680697,464300.53209828754,0.9818235541286257,3576912.38438518,38.21417692199998
Yabucoa,2005-2009,1,45,5,0.004151531531944132,2.5,0.020544430531823903,92118.50079181716,1892.5221402132447,455861.1986085527,0.9735858474487249,3112611.852286893,33.78921525569796
Yabucoa,2005-2009,1,50,5,0.006588149884649749,2.5,0.032406994087352654,90225.97865160392,2923.9527566881443,443820.01136629924,0.9635048345301248,2656750.65367834,29.445517725410802
Yabucoa,2005-2009,1,55,5,0.008313312000355878,2.5,0.04072025944796349,87302.02589491577,3554.9611447738134,427622.72661264427,0.9499846762769832,2212930.642312041,25.347987284690447
Yabucoa,2005-2009,1,60,5,0.012308427473457097,2.5,0.05970495218291151,83747.06475014196,5000.114496366412,406235.03750979376,0.9160383730830884,1785307.9156993965,21.317856584297424
Yabucoa,2005-2009,1,65,5,0.023226345007468042,2.5,0.10975850289782033,78746.95025377555,8643.147367623533,372126.8828498189,0.8810477643197687,1379072.8781896029,17.5127147622264
Yabucoa,2005-2009,1,70,5,0.027642711611019048,2.5,0.12927947027032544,70103.80288615201,9062.98250105705,327861.55817811744,0.8264936538611736,1006945.995339784,14.363642967772458
Yabucoa,2005-2009,1,75,5,0.050526494243990853,2.5,0.22429976877953509,61040.820385094965,13691.441898489931,270975.49717925,0.7323301433881472,679084.4371616665,11.125086997151275
Yabucoa,2005-2009,1,80,5,0.07720759402195249,2.5,0.32358074342966464,47349.378486605034,15321.347091628224,198443.5247039546,0.5137486458578815,408108.9399824165,8.619098138698252
Yabucoa,2005-2009,1,85,NA,0.13352190415422818,6.546309783852194,1,32028.03139497681,32028.03139497681,209665.4152784619,0,209665.4152784619,6.546309783852194
Yabucoa,2005-2009,2,0,1,0.006984639502576692,0.1346746799695392,0.006942678057669921,100000,694.2678057669837,99399.23248878783,0.9928189498021359,8277825.874591662,82.77825874591662
Yabucoa,2005-2009,2,1,4,2.1538254846917214e-4,1.512704262800171,8.610689019630076e-4,99305.73219423302,85.5090777791338,397010.2424122801,0.9991339809901424,8178426.642102874,82.3560378781218
Yabucoa,2005-2009,2,5,5,9.802074867594481e-5,2.5,4.899836719638119e-4,99220.22311645388,48.61628925567493,495979.5748591302,0.9994568400655853,7781416.399690594,78.42570955073963
Yabucoa,2005-2009,2,10,5,1.193080284308265e-4,2.5,5.963622651389219e-4,99171.60682719821,59.14220408492838,495710.1786257787,0.9987533545028322,7285436.824831463,73.46293014618578
Yabucoa,2005-2009,2,15,5,3.7982367591161433e-4,2.5,0.0018973167649879554,99112.46462311328,188.0477407487051,495092.2037636946,0.9974811525620393,6789726.646205684,68.50527501282924
Yabucoa,2005-2009,2,20,5,6.2930041100068e-4,2.5,0.0031415595931455257,98924.41688236457,310.77695085312007,493845.1420346901,0.9964448950375769,6294634.44244199,63.63074598586939
Yabucoa,2005-2009,2,25,5,7.955699084981728e-4,2.5,0.003969953603428311,98613.63993151145,391.4915751932858,492089.4707195741,0.9952429684198201,5800789.3004073,58.82339709228894
Yabucoa,2005-2009,2,30,5,0.00111253508812205,2.5,0.0055472466741914835,98222.14835631817,544.8624858015246,489748.58556708705,0.9941979440849777,5308699.829687726,54.04788959033436
Yabucoa,2005-2009,2,35,5,0.0012153387412190378,2.5,0.0060582865302810495,97677.28587051664,591.7569853037712,486907.03688932373,0.9928821593579563,4818951.244120639,49.335433526569894
Yabucoa,2005-2009,2,40,5,0.0016434956557721298,2.5,0.00818385296188481,97085.52888521287,794.5336931234051,483441.31019325583,0.9902470591454919,4332044.207231315,44.620905473494616
Yabucoa,2005-2009,2,45,5,0.0022799165775653266,2.5,0.011334975889236201,96290.99519208947,1091.4561088529008,478726.3356883151,0.9867239305534155,3848602.8970380593,39.968461114775465
Yabucoa,2005-2009,2,50,5,0.0030712858047020125,2.5,0.01523941750685821,95199.53908323657,1450.7855225498934,472370.7316098081,0.981612694539359,3369876.561349744,35.39803442118909
Yabucoa,2005-2009,2,55,5,0.004363876306188776,2.5,0.021583907771644765,93748.75356068667,2023.4644505605247,463685.1066770321,0.9746601816987427,2897505.829739936,30.907139771882775
Yabucoa,2005-2009,2,60,5,0.005922116367013146,2.5,0.02917858440439685,91725.28911012615,2676.414090317514,451935.41032483696,0.9628565455212682,2433820.723062904,26.53380269143484
Yabucoa,2005-2009,2,65,5,0.009279955010995189,2.5,0.04534771320890067,89048.87501980863,4038.1628459735075,435148.9679841094,0.9366113950676296,1981885.312738067,22.25615216696677
Yabucoa,2005-2009,2,70,5,0.017163454391660667,2.5,0.08228647169819665,85010.71217383513,6995.231561335837,407565.481965836,0.9008451506839167,1546736.3447539576,18.19460518800379
Yabucoa,2005-2009,2,75,5,0.02497486423464888,2.5,0.11753572428160865,78015.48061249929,9169.606018967897,367153.3880150767,0.8409161063447342,1139170.8627881214,14.601856629536787
Yabucoa,2005-2009,2,80,5,0.04597211652360635,2.5,0.20616587818074023,68845.8745935314,14193.670194696511,308745.1974809157,0.6000800401938057,772017.4747730448,11.213707129600207
Yabucoa,2005-2009,2,85,NA,0.1009750725768694,8.476735428845858,1,54652.20439883488,54652.20439883488,463272.2772921291,0,463272.2772921291,8.476735428845858
Yabucoa,2010-2014,1,0,1,0.011703872136920377,0.12593550834438225,0.011585354664829324,100000,1158.5354664829356,98987.36528642359,0.9880500242320868,7604431.328963973,76.04431328963973
Yabucoa,2010-2014,1,1,4,3.488111093459966e-4,1.6180933263948694,0.001394086181081888,98841.46453351706,137.79351982407388,395037.64682961977,0.9985566782204712,7505443.963677549,75.93416385622714
Yabucoa,2010-2014,1,5,5,1.6734238978650154e-4,2.5,8.363620518712905e-4,98703.67101369299,82.55200481622887,493311.97505642433,0.9990979623561921,7110406.316847929,72.03791149633649
Yabucoa,2010-2014,1,10,5,1.9364734493149892e-4,2.5,9.67768210296412e-4,98621.11900887676,95.44238384065102,492866.9890847822,0.9974967256635731,6617094.341791505,67.0961190492668
Yabucoa,2010-2014,1,15,5,8.096892639942825e-4,2.5,0.0040402679160831305,98525.67662503611,398.0701301785157,491633.20779973426,0.9933029017222659,6124227.352706723,62.15869367752721
Yabucoa,2010-2014,1,20,5,0.0018817523273701405,2.5,0.009364706491263022,98127.6064948576,918.9362335144979,488340.69189050177,0.9899733258576341,5632594.144906988,57.40070858858833
Yabucoa,2010-2014,1,25,5,0.002150479486638561,2.5,0.010694899528075837,97208.6702613431,1039.6369617029122,483444.2589024582,0.9895902257217503,5144253.453016486,52.91969779224722
Yabucoa,2010-2014,1,30,5,0.002034610056089478,2.5,0.010121566677085943,96169.03329964018,973.3812828132213,478411.71329116786,0.9891907396164827,4660809.1941140285,48.46476078835106
Yabucoa,2010-2014,1,35,5,0.00231410789207841,2.5,0.011503985799569197,95195.65201682696,1095.1294289822981,473240.436511679,0.9868079452181671,4182397.4808228603,43.93475323939765
Yabucoa,2010-2014,1,40,5,0.0030023208011359984,2.5,0.014899769287519871,94100.52258784467,1402.076076393947,466997.42274823843,0.9826176765033673,3709157.044311181,39.41696541428461
Yabucoa,2010-2014,1,45,5,0.004020494127049729,2.5,0.019902426661482325,92698.44651145072,1844.9240333274938,458879.9224739348,0.9757396020085679,3242159.621562943,34.97533932418652
Yabucoa,2010-2014,1,50,5,0.005824981437489319,2.5,0.02870686480096131,90853.52247812322,2608.1197864705755,447747.31292443967,0.9680092696976884,2783279.699089008,30.634802296842135
Yabucoa,2010-2014,1,55,5,0.007201698270526394,2.5,0.035371651449950046,88245.40269165265,3121.3856260696193,433423.5493930892,0.9568795492319273,2335532.3861645684,26.466334958268508
Yabucoa,2010-2014,1,60,5,0.010499212826490908,2.5,0.051153388354626135,85124.01706558303,4354.381903261587,414734.13056976115,0.9403736305228572,1902108.8367714793,22.34514890557875
Yabucoa,2010-2014,1,65,5,0.014197904461594427,2.5,0.06855613854468884,80769.63516232144,5537.254298392101,390005.04006562696,0.8949775603266145,1487374.7062017182,18.41502321030131
Yabucoa,2010-2014,1,70,5,0.031074601912488627,2.5,0.14417273378957735,75232.38086392934,10846.458018651363,349045.75927301834,0.8380486970994763,1097369.666136091,14.586400875985465
Yabucoa,2010-2014,1,75,5,0.04021952347683202,2.5,0.18272485127047622,64385.92284527798,11764.90817581577,292517.34378685046,0.7599250864275988,748323.9068630728,11.62247699176924
Yabucoa,2010-2014,1,80,5,0.07344203125928224,2.5,0.310247195687032,52621.01466946221,16325.522235406832,222291.26775879395,0.5123122706734233,455806.5630762224,8.662063358894953
Yabucoa,2010-2014,1,85,NA,0.1549848780431335,6.433727156111688,1,36295.49243405538,36295.49243405538,233515.2953174284,0,233515.2953174284,6.433727156111688
Yabucoa,2010-2014,2,0,1,0.007152264480508302,0.1343301653811457,0.007108253730309368,100000,710.825373030937,99384.65991688543,0.9927237840167951,8253498.568691675,82.53498568691674
Yabucoa,2010-2014,2,1,4,1.8173690651700916e-4,1.5124348711807867,7.266191343522352e-4,99289.17462696906,72.14541411798564,396977.2320915121,0.9992273634539018,8154113.908774789,82.12490374111698
Yabucoa,2010-2014,2,5,5,8.610165040547039e-5,2.5,4.3041560329284246e-4,99217.02921285108,42.70455748557288,495978.38467054145,0.9994969400962022,7757136.676683277,78.18352089581144
Yabucoa,2010-2014,2,10,5,1.1518025368097087e-4,2.5,5.757354850068139e-4,99174.3246553655,57.09817790568923,495728.8778320633,0.9988643854271891,7261158.292012735,73.21611029110137
Yabucoa,2010-2014,2,15,5,3.394510610149996e-4,2.5,0.001695816188563762,99117.22647745982,168.084597226014,495165.92089423403,0.997549305544065,6765429.414180672,68.2568475190253
Yabucoa,2010-2014,2,20,5,6.424010500508994e-4,2.5,0.003206855032653653,98949.1418802338,317.31555361537903,493952.4205171306,0.9964088676337004,6270263.493286438,63.36854846983765
Yabucoa,2010-2014,2,25,5,7.969137191188644e-4,2.5,0.003976645986238043,98631.82632661842,392.2238562770799,492178.57199239946,0.9952540159696263,5776311.0727693075,58.56437306190706
Yabucoa,2010-2014,2,30,5,0.0011067324274572335,2.5,0.005518393674219334,98239.60247034134,542.1248008301482,489842.70034963137,0.9943532743128892,5284132.500776908,53.78821135165113
Yabucoa,2010-2014,2,35,5,0.0011584995767053312,2.5,0.005775769816308304,97697.4776695112,564.2781426530273,487076.6929909234,0.9933641566659644,4794289.800427277,49.07281042244807
Yabucoa,2010-2014,2,40,5,0.0015058302102718888,2.5,0.007500913296742283,97133.19952685817,728.5877078861231,483844.5283645755,0.9910767841141209,4307213.107436353,44.34336692724069
Yabucoa,2010-2014,2,45,5,0.0020820345881920627,2.5,0.010356267672214996,96404.61181897204,998.3919648332521,479527.0791827771,0.987015682966675,3823368.579071778,39.659602449842076
Yabucoa,2010-2014,2,50,5,0.0031526269327201728,2.5,0.015639867990969565,95406.21985413879,1492.1406840361597,473300.74756060354,0.9811789657863593,3343841.499889001,35.0484643978266
Yabucoa,2010-2014,2,55,5,0.004459723358652619,2.5,0.0220527439499729,93914.07917010263,2071.0631412357616,464392.73799742374,0.9760646980760165,2870540.7523283972,30.565606112466984
Yabucoa,2010-2014,2,60,5,0.005239813939610913,2.5,0.025860311644461238,91843.01602886687,2375.0890168737387,453277.35760215,0.9656765145297744,2406148.0143309734,26.19848648671016
Yabucoa,2010-2014,2,65,5,0.008791329312397346,2.5,0.04301132965410347,89467.92701199313,3848.1345021821035,437719.2988045104,0.9426142847600099,1952870.6567288234,21.827605958356923
Yabucoa,2010-2014,2,70,5,0.015025187940160046,2.5,0.07240614968326421,85619.79250981103,6199.399512315402,412600.4637682666,0.9011206606680539,1515151.357924313,17.69627458219657
Yabucoa,2010-2014,2,75,5,0.027217828713898832,2.5,0.12741897404345545,79420.39299749563,10119.664993868922,371802.80250280583,0.8304035714810891,1102550.8941560464,13.882465857236609
Yabucoa,2010-2014,2,80,5,0.04891686896434621,2.5,0.21793286172202755,69300.7280036267,15102.905973250228,308746.375085008,0.5774927384531354,730748.0916532406,10.544594735209687
Yabucoa,2010-2014,2,85,NA,0.09826256440724343,7.786322415902832,1,54197.822030376476,54197.822030376476,422001.7165682327,0,422001.7165682327,7.786322415902832
Yabucoa,2015-2019,1,0,1,0.010393751738447431,0.12854978809351508,0.010300453963910819,100000,1030.045396391084,99102.36672104169,0.9893807982206877,7801042.433240368,78.01042433240369
Yabucoa,2015-2019,1,1,4,3.101723297596029e-4,1.6219647322067368,0.001239774860185021,98969.95460360892,122.70046163120423,395588.03238930216,0.9987150442675629,7701940.0665193265,77.8209922129082
Yabucoa,2015-2019,1,5,5,1.4696902796641987e-4,2.5,7.345752403095081e-4,98847.25414197771,72.61074546526652,494054.7438462254,0.9991852934513182,7306352.034130024,73.91557911801635
Yabucoa,2015-2019,1,10,5,1.7905947243109934e-4,2.5,8.948967627999284e-4,98774.64339651245,88.39310862227285,493652.23421100655,0.9980927313210654,6812297.290283799,68.96807779843961
Yabucoa,2015-2019,1,15,5,5.849636820518068e-4,2.5,0.002920547374893973,98686.25028789017,288.21786921641615,492710.7067664098,0.9947937851172078,6318645.056072792,64.02761314407906
Yabucoa,2015-2019,1,20,5,0.0015053594960775275,2.5,0.007498577343858516,98398.03241867376,737.8452565749321,490145.5489519315,0.9917579192539493,5825934.349306382,59.20783379608259
Yabucoa,2015-2019,1,25,5,0.0018063609753581177,2.5,0.008991201488066525,97660.18716209882,878.0824201367213,486105.7297601523,0.9897888258405371,5335788.800354451,54.63627457008632
Yabucoa,2015-2019,1,30,5,0.002301610837536486,2.5,0.011442215370427423,96782.1047419621,1107.4016864607984,481142.01949365856,0.9880632773210571,4849683.070594299,50.1092953446755
Yabucoa,2015-2019,1,35,5,0.0025029553175439333,2.5,0.012436953738982083,95674.7030555013,1189.9018558921089,475398.7606377762,0.9862261126844436,4368541.051100641,45.66035651625102
Yabucoa,2015-2019,1,40,5,0.0030485905514049793,2.5,0.015127657671419945,94484.8011996092,1429.3337276998645,468850.67167879635,0.982214908617565,3893142.290462864,41.203899897489194
Yabucoa,2015-2019,1,45,5,0.004139059553973735,2.5,0.020483343325150456,93055.46747190933,1906.0870885094919,460512.1196382729,0.9777117407718208,3424291.6187840677,36.798392526669744
Yabucoa,2015-2019,1,50,5,0.004885125071248002,2.5,0.024130918963191656,91149.38038339984,2199.5183115769614,450248.1061380568,0.9691373663681191,2963779.4991457947,32.51562969138471
Yabucoa,2015-2019,1,55,5,0.007697493297013949,2.5,0.03776080757703461,88949.86207182288,3358.818625697866,436352.2637948697,0.9578062924303313,2513531.393007738,28.257844750542482
Yabucoa,2015-2019,1,60,5,0.009584390709691694,2.5,0.04680056626711143,85591.04344612501,4005.709300671573,417940.9439789461,0.9402908118878917,2077179.1292128682,24.26865061553247
Yabucoa,2015-2019,1,65,5,0.015207300076071116,2.5,0.07325160262492954,81585.33414545344,5976.25647684485,392986.02953515504,0.9167063203384216,1659238.1852339222,20.337456512413976
Yabucoa,2015-2019,1,70,5,0.019755696439263632,2.5,0.09412949773808334,75609.07766860859,7117.044505385871,360252.77707957826,0.8664032821370133,1266252.1556987672,16.747356200385052
Yabucoa,2015-2019,1,75,5,0.038876804140042916,2.5,0.1771649983471788,68492.03316322272,12134.390942157268,312124.1884607204,0.7926427217053658,905999.3786191888,13.227806750313722
Yabucoa,2015-2019,1,80,5,0.05559390879538122,2.5,0.2440502724998014,56357.64222106545,13754.097941497334,247402.96625158394,0.5834091567530082,593875.1901584684,10.537615960386804
Yabucoa,2015-2019,1,85,NA,0.1393155231969336,8.132474181802902,1,42603.544279568116,42603.544279568116,346472.22390688444,0,346472.22390688444,8.132474181802902
Yabucoa,2015-2019,2,0,1,0.005828120814083221,0.13705163813443919,0.00579895573567831,100000,579.8955735678319,99499.58006473655,0.994035818491175,8562299.891757054,85.62299891757054
Yabucoa,2015-2019,2,1,4,1.6405622689035404e-4,1.5145650990180515,6.559574402119593e-4,99420.10442643217,65.21535720517568,397518.32918085094,0.9993173050637825,8462800.311692318,85.12161962125609
Yabucoa,2015-2019,2,5,5,7.719093261121362e-5,2.5,3.8588019692537587e-4,99354.88906922699,38.3390841595392,496678.5976357361,0.999571212243052,8065281.982511466,81.17649828879443
Yabucoa,2015-2019,2,10,5,9.436463256712515e-5,2.5,4.7171188053991397e-4,99316.54998506745,46.84879656218982,496465.6279339318,0.9989860572477955,7568603.38487573,76.20686971117797
Yabucoa,2015-2019,2,15,5,3.115283402173228e-4,2.5,0.0015564295213230065,99269.70118850526,154.50629350269446,495962.24020876957,0.9977925974382276,7072137.756941798,71.24165452570841
Yabucoa,2015-2019,2,20,5,5.726968570008865e-4,2.5,0.002859390375302247,99115.19489500257,283.4090343289863,494867.45188919036,0.9967206359381281,6576175.516733029,66.34881285053703
Yabucoa,2015-2019,2,25,5,7.4148035176606e-4,2.5,0.00370054206075796,98831.78586067358,365.7311805172503,493244.6013520748,0.9960426903045,6081308.064843838,61.53190506358813
Yabucoa,2015-2019,2,30,5,8.447866086710598e-4,2.5,0.004215031038913282,98466.05468015633,415.03747675618797,491292.6797088912,0.9955198863783981,5588063.463491764,56.751166497360586
Yabucoa,2015-2019,2,35,5,9.515217655930384e-4,2.5,0.004746318265125945,98051.01720340014,465.38133386666595,489091.63268233405,0.9940851383437737,5096770.783782872,51.980804780535514
Yabucoa,2015-2019,2,40,5,0.001422838791508388,2.5,0.007088977776111957,97585.63586953348,691.7824039468833,486198.7233378002,0.9918054274047039,4607679.151100539,47.216776424562596
Yabucoa,2015-2019,2,45,5,0.001870316692523121,2.5,0.009308060908385667,96893.8534655866,901.8938897058833,482214.5326036683,0.9894093749925882,4121480.427762738,42.53603588205466
Yabucoa,2015-2019,2,50,5,0.0023912582296477173,2.5,0.011885239456583863,95991.95957588071,1140.8874254660477,477107.57931573846,0.9853380605643928,3639265.89515907,37.912195055068814
Yabucoa,2015-2019,2,55,5,0.003525203870238783,2.5,0.017472038110275655,94851.07215041466,1657.2415474125446,470112.25688354194,0.9771762744666337,3162158.315843331,33.338139929813195
Yabucoa,2015-2019,2,60,5,0.005735184622822267,2.5,0.02827058061604287,93193.83060300212,2634.643700980014,459382.5437625606,0.967208319077287,2692046.0589597896,28.886526517272152
Yabucoa,2015-2019,2,65,5,0.0076317455099071466,2.5,0.03744431386402737,90559.1869020221,3390.9266176304372,444318.61796603445,0.9540947925611206,2232663.5151972286,24.65419127065258
Yabucoa,2015-2019,2,70,5,0.01124661569196983,2.5,0.05469523766436888,87168.26028439167,4767.688713044365,423922.07963934744,0.9185881066550298,1788344.8972311944,20.516009971939468
Yabucoa,2015-2019,2,75,5,0.023207508884092426,2.5,0.10967437201332111,82400.5715713473,9037.230940626236,389409.78050517093,0.8665171849793921,1364422.817591847,16.558414481511804
Yabucoa,2015-2019,2,80,5,0.034835566619337864,2.5,0.16022409063807555,73363.34063072107,11754.574538728659,337430.2668067837,0.6539223026032348,975013.037086676,13.290194103816301
Yabucoa,2015-2019,2,85,NA,0.1070724142521026,10.348896930152314,1,61608.76609199241,61608.76609199241,637582.7702798923,0,637582.7702798923,10.348896930152314
Yabucoa,2020-2024,1,0,1,0.010930179015379673,0.12747937428376063,0.010826924727813008,100000,1082.692472781302,99055.3284861906,0.9888023411674465,7711480.244323419,77.1148024432342
Yabucoa,2020-2024,1,1,4,3.437469484546702e-4,1.6203784757950994,0.0013738639900593122,98917.3075272187,135.89892680526827,395345.84209753264,0.9985958825513971,7612424.915837229,76.95746180457397
Yabucoa,2020-2024,1,5,5,1.6209593090707355e-4,2.5,8.101513489426616e-4,98781.40860041343,80.02789142809343,493706.9732734969,0.9991248854512584,7217079.073739696,73.06110710502149
Yabucoa,2020-2024,1,10,5,1.8811451033435937e-4,2.5,9.401304212371932e-4,98701.38070898534,92.79217062261887,493274.9231183701,0.9978268614700144,6723372.100466199,68.11831863112056
Yabucoa,2020-2024,1,15,5,6.826243389123298e-4,2.5,0.003407306917980754,98608.58853836272,335.98972589908226,492202.9683770659,0.9949649353749781,6230097.17734783,63.18006645966817
Yabucoa,2020-2024,1,20,5,0.001338139128083552,2.5,0.00666838756461417,98272.59881246364,655.3197758633614,489724.69462265976,0.9914091730366923,5737894.208970764,58.38752895830656
Yabucoa,2020-2024,1,25,5,0.0021163730519183585,2.5,0.01052617199272862,97617.27903660027,1027.5362686014269,485517.5545114978,0.9889278372794507,5248169.514348104,53.76271051747277
Yabucoa,2020-2024,1,30,5,0.002338382993306285,2.5,0.011623961780177402,96589.74276799885,1122.755478292398,480141.8251442633,0.9872440668712751,4762651.959836606,49.3080509726186
Yabucoa,2020-2024,1,35,5,0.0027997030834970224,2.5,0.01390121721572703,95466.98728970645,1327.1073272452631,474017.1681304191,0.983763223920492,4282510.134692343,44.85854488836579
Yabucoa,2020-2024,1,40,5,0.003755992558433776,2.5,0.018605259749254064,94139.87996246119,1751.4969194651785,466320.657513643,0.9802169781354126,3808492.9665619237,40.45568114257828
Yabucoa,2020-2024,1,45,5,0.004241118323933863,2.5,0.020983111968017523,92388.383042996,1938.5957859352784,457095.42575014185,0.9758209044899749,3342172.3090482806,36.17524410501794
Yabucoa,2020-2024,1,50,5,0.005565078443276943,2.5,0.027443578054787008,90449.78725706073,2482.265796628024,446043.2717937336,0.9635967343320483,2885076.8832981386,31.89700021182662
Yabucoa,2020-2024,1,55,5,0.009336092063595243,2.5,0.045615777570597274,87967.5214604327,4012.706892375849,429805.8400712239,0.949352546391082,2439033.6115044053,27.72652418769658
Yabucoa,2020-2024,1,60,5,0.01150561972103487,2.5,0.05591962378951074,83954.81456805686,4694.721645963873,408037.2687253746,0.9374512349369633,2009227.7714331814,23.932251911585457
Yabucoa,2020-2024,1,65,5,0.014415561898628854,2.5,0.06957056261393522,79260.09292209298,5514.169257422793,382515.04146690795,0.9096011224028344,1601190.5027078066,20.20172376383236
Yabucoa,2020-2024,1,70,5,0.023904971755968882,2.5,0.11278457837824254,73745.92366467019,8317.402907633892,347936.1110542662,0.8582439751374692,1218675.4612408988,16.525326427292896
Yabucoa,2020-2024,1,75,5,0.038214585990877625,2.5,0.17441037889904076,65428.5207570363,11411.413096038457,298614.0710450854,0.7923338478632125,870739.3501866326,13.30825365011774
Yabucoa,2020-2024,1,80,5,0.05660729373709719,2.5,0.2479473916143364,54017.10766099784,13393.4009470952,236602.0359372512,0.5864506523951122,572125.2791415472,10.591557080991969
Yabucoa,2020-2024,1,85,NA,0.14161965500483578,8.259296611391445,1,40623.70671390264,40623.70671390264,335523.243204296,0,335523.243204296,8.259296611391445
Yabucoa,2020-2024,2,0,1,0.005072621160765878,0.1386043939069127,0.005050552601579466,100000,505.05526015795476,99564.94761806574,0.9947577293517689,8487389.977634596,84.87389977634595
Yabucoa,2020-2024,2,1,4,1.6783289843497735e-4,1.5157827509172301,6.71051809839835e-4,99494.94473984205,66.76626273758302,397813.9170578187,0.9993245920404339,8387825.03001653,84.304032249567
Yabucoa,2020-2024,2,5,5,7.883532600015341e-5,2.5,3.940989577012503e-4,99428.17847710446,39.18454150395701,497042.9310317624,0.9995621492544009,7990011.112958712,80.35962475968107
Yabucoa,2020-2024,2,10,5,9.634715791445665e-5,2.5,4.816197828291059e-4,99388.9939356005,47.867705674871104,496825.30041381536,0.9989549079029251,7492968.181926949,75.39032125410232
Yabucoa,2020-2024,2,15,5,3.22026227981404e-4,2.5,0.0016088359214989168,99341.12622992563,159.82357236086682,496306.072218726,0.9977142541525653,6996142.881513134,70.42544359040704
Yabucoa,2020-2024,2,20,5,5.93628996005032e-4,2.5,0.002963746565280259,99181.30265756477,293.94824509137834,495171.6426750954,0.9964507909434447,6499836.809294408,65.53490058237959
Yabucoa,2020-2024,2,25,5,8.289969099577604e-4,2.5,0.004136411868146287,98887.35441247339,409.03882640134543,493414.1749963636,0.9957667767644113,6004665.166619312,60.722275383897816
Yabucoa,2020-2024,2,30,5,8.679666809994466e-4,2.5,0.004330436718033659,98478.31558607204,426.4541137440392,491325.4426460001,0.9949030555081999,5511250.991622949,55.96410700999454
Yabucoa,2020-2024,2,35,5,0.0011768092471306697,2.5,0.0058667860155682035,98051.861472328,575.2492896862823,488821.18413742434,0.9936987396516398,5019925.5489769485,51.19663689805279
Yabucoa,2020-2024,2,40,5,0.0013522155544692066,2.5,0.006738298691592457,97476.61218264172,656.826528331163,485740.9945923807,0.9910287575400537,4531104.364839524,46.484015635972284
Yabucoa,2020-2024,2,45,5,0.0022565252647765645,2.5,0.011219334544250118,96819.78565431056,1086.2535657583066,481383.294357157,0.9880515149058278,4045363.370247144,41.782403698877
Yabucoa,2020-2024,2,50,5,0.0025533777691062985,2.5,0.01268590905015755,95733.53208855225,1214.4668811257143,475631.493239947,0.9845354391417771,3563980.0758899865,37.22812684476482
Yabucoa,2020-2024,2,55,5,0.003689503119714198,2.5,0.018278915310909506,94519.06520742654,1727.7059881928872,468276.06106665044,0.978247602145565,3088348.58265004,32.674345391297656
Yabucoa,2020-2024,2,60,5,0.005122891189376095,2.5,0.02529055405551686,92791.35921923365,2346.744886218905,458089.933880621,0.9684930134241031,2620072.521583389,28.236169225553326
Yabucoa,2020-2024,2,65,5,0.007723239442417371,2.5,0.03788471539164311,90444.61433301475,3426.4684727131826,443656.9004832908,0.9487139919440315,2161982.5877027684,23.90393948436116
Yabucoa,2020-2024,2,70,5,0.01348263426974377,2.5,0.06521499648252749,87018.14586030156,5674.888076195639,420903.50911101873,0.9162219142458169,1718325.6872194775,19.74675132676428
Yabucoa,2020-2024,2,75,5,0.021859987979457797,2.5,0.10363622340273833,81343.25778410592,8430.10803602013,385641.01883047924,0.8640308750112374,1297422.1781084586,15.949965780224364
Yabucoa,2020-2024,2,80,5,0.037646411669749955,2.5,0.17204030772749995,72913.1497480858,12544.000720041964,333205.7469403241,0.6345551303076028,911781.1592779794,12.505030470198781
Yabucoa,2020-2024,2,85,NA,0.10108977640772883,9.583958390218228,1,60369.14902804383,60369.14902804383,578575.4123376553,0,578575.4123376553,9.583958390218228
Yauco,1980-1984,1,0,1,0.020350008758884083,0.10868257502208475,0.019987469689527686,100000,1998.7469689527643,98218.4819984506,0.979543969302435,7108678.281258627,71.08678281258626
Yauco,1980-1984,1,1,4,4.7902652646900036e-4,1.592777753825453,0.0019138991441579245,98001.25303104724,187.5645143025322,391553.50265276694,0.9980355171210753,7010459.799260176,71.53438943315582
Yauco,1980-1984,1,5,5,2.116214461320088e-4,2.5,0.0010575477312094637,97813.6885167447,103.44264437211677,488809.8359727932,0.998753931898456,6618906.29660741,67.66850731198345
Yauco,1980-1984,1,10,5,2.8716361991231815e-4,2.5,0.0014347880522343742,97710.24587237259,140.19349335855804,488200.74562846654,0.9970176704540622,6130096.460634616,62.737499081126465
Yauco,1980-1984,1,15,5,9.08477577985428e-4,2.5,0.004532094624058975,97570.05237901403,442.19670985608536,486744.7701204299,0.9938814943870116,5641895.715006149,57.824051309207285
Yauco,1980-1984,1,20,5,0.0015483985524442003,2.5,0.007712139099675536,97127.85566915794,749.0635333737591,483766.6195123553,0.9913911296601283,5155150.94488572,53.075926667684996
Yauco,1980-1984,1,25,5,0.001911606354753413,2.5,0.009512571045614964,96378.79213578418,916.8101074822043,479601.9354102154,0.9899178966646233,4671384.325373365,48.46900673741626
Yauco,1980-1984,1,30,5,0.0021428393067187586,2.5,0.01065710537287171,95461.98202830198,1017.3484015787981,474766.5391375629,0.9871832950823176,4191782.389963149,43.910489819082066
Yauco,1980-1984,1,35,5,0.003022582204559444,2.5,0.014999567458606039,94444.63362672318,1416.628653187363,468681.5965006475,0.9818243609185952,3717015.850825586,39.35655958512664
Yauco,1980-1984,1,40,5,0.0043263068193056,2.5,0.021400075861198103,93028.00497353582,1990.806363649579,460163.0089585551,0.9772232167743232,3248334.2543249386,34.917810558756045
Yauco,1980-1984,1,45,5,0.004895919774355919,2.5,0.024183596500969243,91037.19860988624,2201.6068777600885,449681.97585503093,0.9660068734989123,2788171.2453663833,30.62672498650019
Yauco,1980-1984,1,50,5,0.009007524754521273,2.5,0.04404576546569613,88835.59173212615,3912.831638439573,434395.87956453185,0.9479806605990434,2338489.2695113523,26.32378784128333
Yauco,1980-1984,1,55,5,0.012447733900398977,2.5,0.06036029720752424,84922.76009368658,5125.963038938193,411798.8928710874,0.9174214200379615,1904093.3899468207,22.421473205136405
Yauco,1980-1984,1,60,5,0.022436469908850305,2.5,0.10622411419019505,79796.79705474839,8476.344082355412,377793.12506785337,0.8900666162784505,1492294.4970757333,18.701182906525354
Yauco,1980-1984,1,65,5,0.024196934460725635,2.5,0.11408349516474835,71320.45297239297,8136.486551823662,336261.0484824057,0.8455969434884008,1114501.37200788,15.626672652223421
Yauco,1980-1984,1,70,5,0.04442339631568138,2.5,0.19991475104126472,63183.96642056931,12631.406916767737,284341.3148109272,0.7714881789111517,778240.323525474,12.317053955513003
Yauco,1980-1984,1,75,5,0.06089702137259643,2.5,0.26425434988162494,50552.559503801574,13358.733746529251,219365.96315268474,0.677921680377579,493899.00871454686,9.770009937427707
Yauco,1980-1984,1,80,5,0.10020966793470139,2.5,0.4006706561608601,37193.82575727232,14902.474571299,148712.94235811412,0.4583058587582537,274533.0455618621,7.381145659859528
Yauco,1980-1984,1,85,NA,0.19363236505120232,5.644346193016753,1,22291.351185973323,22291.351185973323,125820.103203748,0,125820.103203748,5.644346193016753
Yauco,1980-1984,2,0,1,0.011245161333258893,0.125918157266593,0.011135706344888825,100000,1113.570634488875,99026.64812779216,0.9884950045130001,7751661.24520468,77.5166124520468
Yauco,1980-1984,2,1,4,3.2956712463740495e-4,1.505882205776866,0.0013171857991807095,98886.42936551113,130.25180049195478,395220.8541287079,0.9986505872932908,7652634.597076888,77.38811731982626
Yauco,1980-1984,2,5,5,1.6234790855675568e-4,2.5,8.11410215904944e-4,98756.17756501917,80.13177135997103,493580.5583966959,0.9991673281859283,7257413.74294818,73.48820015001125
Yauco,1980-1984,2,10,5,1.7086308995104484e-4,2.5,8.53950678126398e-4,98676.0457936592,84.2644762203272,493169.5677777452,0.9983050775513518,6763833.184551484,68.54584747645127
Yauco,1980-1984,2,15,5,5.079668539320952e-4,2.5,0.002536612981371,98591.78131743887,250.08919234630594,492333.68360632856,0.996483423879298,6270663.6167737385,63.6022955765846
Yauco,1980-1984,2,20,5,9.018349656537787e-4,2.5,0.004499031368769071,98341.69212509257,442.4423577286216,490602.3547311413,0.9946817159562911,5778329.93316741,58.75768260950056
Yauco,1980-1984,2,25,5,0.00123203094233177,2.5,0.006141239219801208,97899.24976736394,601.2227122604527,487993.1920561686,0.9929879074979611,5287727.578436269,54.01193156230913
Yauco,1980-1984,2,30,5,0.0015839126001511406,2.5,0.007888326949631621,97298.02705510349,767.5186489647604,484571.33865310554,0.9919229628405709,4799734.386380101,49.33023342458766
Yauco,1980-1984,2,35,5,0.0016603126707584778,2.5,0.008267247813051614,96530.50840613873,798.0416345134145,480657.43794441014,0.9913485535553468,4315163.047726994,44.70258283082426
Yauco,1980-1984,2,40,5,0.001815976732549187,2.5,0.009038847819423122,95732.46677162532,865.3111985266878,476499.0558618099,0.9872973179351069,3834505.6097825845,40.05439052280971
Yauco,1980-1984,2,45,5,0.003307105199310056,2.5,0.016399935218972747,94867.15557309863,1555.815205807041,470446.2398509756,0.9805470719924134,3358006.5539207747,35.39693515247548
Yauco,1980-1984,2,50,5,0.004562826335948848,2.5,0.022556824497562106,93311.34036729159,2104.8075282972713,461294.68301571475,0.9707108942139812,2887560.314069799,30.945438171864215
Yauco,1980-1984,2,55,5,0.007368636760021738,2.5,0.0361767504667403,91206.53283899432,3299.5559794528526,447783.77424633945,0.9509915257798799,2426265.6310540843,26.60188426784229
Yauco,1980-1984,2,60,5,0.012865259675151125,2.5,0.062321831995618686,87906.97685954146,5478.52384308308,425838.57468999963,0.9311787647724755,1978481.856807745,22.50653961140059
Yauco,1980-1984,2,65,5,0.015746959628575138,2.5,0.07575261472816706,82428.45301645838,6244.170843994594,396531.8379723054,0.8914641695630416,1552643.2821177454,18.83625405183488
Yauco,1980-1984,2,70,5,0.031035877257713583,2.5,0.14400600458210783,76184.28217246379,10970.994087612431,353493.92564328783,0.8404608751091521,1156111.44414544,15.1751963945564
Yauco,1980-1984,2,75,5,0.039002139979887156,2.5,0.17768542076662333,65213.28808485136,11587.450532931827,297097.81409192726,0.7721535914346863,802617.5185021522,12.307576294233739
Yauco,1980-1984,2,80,5,0.06752079382207767,2.5,0.28884616348326,53625.83755191953,15489.6174404485,229405.14415847638,0.5461994020072537,505519.70441022486,9.426793640673493
Yauco,1980-1984,2,85,NA,0.15234217124757263,7.240218339538472,1,38136.22011147103,38136.22011147103,276114.5602517485,0,276114.5602517485,7.240218339538472
Yauco,1985-1989,1,0,1,0.02199054873241978,0.10540895953189296,0.021566284959161054,100000,2156.6284959160985,98070.69946993525,0.9778818312873289,7017974.740050848,70.17974740050848
Yauco,1985-1989,1,1,4,5.338199087544127e-4,1.5880207834180478,0.002132533864329978,97843.3715040839,208.65430313268735,390870.21617372916,0.9978671973117385,6919904.0405809125,70.7243008310694
Yauco,1985-1989,1,5,5,2.2585442307023997e-4,2.5,0.0011286348474203972,97634.71720095121,110.19394415101851,487898.10114437854,0.9986098031623794,6529033.824407184,66.87205137255802
Yauco,1985-1989,1,10,5,3.306840278678456e-4,2.5,0.0016520543693564391,97524.5232568002,161.1158147658134,487219.8267470865,0.9969438217080051,6041135.723262805,61.94478600377642
Yauco,1985-1989,1,15,5,8.945211049125961e-4,2.5,0.0044626257422884725,97363.40744203438,434.49644840775,485730.7960891525,0.993761000865917,5553915.896515719,57.04315453238693
Yauco,1985-1989,1,20,5,0.0016111303898276854,2.5,0.00802333535061056,96928.91099362663,777.6931580713426,482700.32207295485,0.9903510514919864,5068185.100426566,52.287651315507034
Yauco,1985-1989,1,25,5,0.0022703555572444654,2.5,0.011287709998413671,96151.21783555529,1085.3270629220497,478042.7715204713,0.9861623220490996,4585484.778353611,47.690345287108435
Yauco,1985-1989,1,30,5,0.0033105256103601083,2.5,0.01641675780888704,95065.89077263324,1560.673704700428,471427.76960141514,0.9831800429746234,4107442.00683314,43.20626434413588
Yauco,1985-1989,1,35,5,0.0034759220594541233,2.5,0.017229885945669536,93505.21706793281,1611.0842254055606,463498.37477615016,0.9782528179724732,3636014.2372317244,38.88568308001585
Yauco,1985-1989,1,40,5,0.005339060267039857,2.5,0.026343675161838345,91894.13284252725,2420.8291848823574,453418.5912504304,0.9739976117980442,3172515.8624555743,34.523595406162656
Yauco,1985-1989,1,45,5,0.005197030210780431,2.5,0.025651867231489708,89473.3036576449,2295.1573061886593,441628.6250227528,0.9676716136198293,2719097.271205144,30.39003993425044
Yauco,1985-1989,1,50,5,0.007992715950771431,2.5,0.03918067964593679,87178.14635145623,3415.6990243229957,427351.4841964737,0.9550817728980873,2277468.6461823913,26.12430685324325
Yauco,1985-1989,1,55,5,0.01044368678477332,2.5,0.05088974259335964,83762.44732713324,4262.649383467651,408155.61317699705,0.922177352661162,1850117.1619859175,22.08766841255613
Yauco,1985-1989,1,60,5,0.022431012961952854,2.5,0.10619965046919105,79499.79794366559,8442.850753988605,376391.8628333564,0.8774973154671334,1441961.5488089204,18.13792721625167
Yauco,1985-1989,1,65,5,0.03027936425885156,2.5,0.1407428139669548,71056.94718967698,10000.75469937644,330282.84919994377,0.8237837047247344,1065569.685975564,14.995995861335961
Yauco,1985-1989,1,70,5,0.048807901419572114,2.5,0.21750018778721816,61056.19249030054,13279.733332212905,272081.62912097044,0.7646462992742621,735286.8367756202,12.042788893074666
Yauco,1985-1989,1,75,5,0.059286991794441316,2.5,0.25816969717694865,47776.45915808764,12334.43399303034,208046.21080786234,0.6750204521936738,463205.20765464986,9.695260298004694
Yauco,1985-1989,1,80,5,0.10474471862047063,2.5,0.41504037489188916,35442.0251650573,14709.871411433152,140435.4472967036,0.44961592954909857,255158.9968467875,7.199334565631754
Yauco,1985-1989,1,85,NA,0.17511419437717757,5.5336049941279875,1,20732.153753624145,20732.153753624145,114723.54955008387,0,114723.54955008387,5.5336049941279875
Yauco,1985-1989,2,0,1,0.012556699246553565,0.12322259273953586,0.01241996253581534,100000,1241.9962535815284,98911.04574495758,0.9873244424200516,7750283.942306836,77.50283942306837
Yauco,1985-1989,2,1,4,2.850060937737586e-4,1.5037927209542286,0.0011392138992681775,98758.00374641847,112.50649053191592,394751.1754650682,0.9987886072243943,7651372.896561879,77.4759777061549
Yauco,1985-1989,2,5,5,1.324646299513956e-4,2.5,6.621038863912276e-4,98645.49725588656,65.31356710809632,493064.2023616625,0.9992883733172114,7256621.72109681,73.56262498503224
Yauco,1985-1989,2,10,5,1.5229441993692557e-4,2.5,7.611822901462677e-4,98580.18368877846,75.03748998328228,492713.3247189341,0.9984152520972722,6763557.518735148,68.609706998396
Yauco,1985-1989,2,15,5,4.8236917469209414e-4,2.5,0.0024089408764043875,98505.14619879518,237.29307321447413,491932.4983109397,0.9966598734815253,6270844.1940162135,63.660066869612066
Yauco,1985-1989,2,20,5,8.565423926576697e-4,2.5,0.004273560748416806,98267.8531255807,419.95363994866784,490289.38152803184,0.9952122380540102,5778911.695705274,58.8077536233559
Yauco,1985-1989,2,25,5,0.0010636549122508066,2.5,0.005304170044944736,97847.89948563204,519.0018974124541,487941.99268462905,0.9939177439718192,5288622.314177242,54.049421009327055
Yauco,1985-1989,2,30,5,0.001377626576571506,2.5,0.00686449111935587,97328.89758821958,668.1133531510131,484974.2045582204,0.9924429829953492,4800680.321492613,49.32430594049669
Yauco,1985-1989,2,35,5,0.001657707549428586,2.5,0.008254329585967604,96660.78423506857,797.8699711143709,481309.24624755693,0.9905782936968625,4315706.116934393,44.64795264270836
Yauco,1985-1989,2,40,5,0.0021310531285197404,2.5,0.010598799132474173,95862.9142639542,1016.0317725372297,476774.49188842793,0.987242437362001,3834396.8706868356,39.99875134328795
Yauco,1985-1989,2,45,5,0.0030103769998189697,2.5,0.014939451545786483,94846.88249141697,1416.9604052494396,470692.0114439612,0.9812670180896889,3357622.378798408,35.40045060629432
Yauco,1985-1989,2,50,5,0.004568395433316957,2.5,0.022584045045950428,93429.92208616753,2110.025569033649,461874.5465082535,0.9729111583002824,2886930.3673544466,30.899419617324735
Yauco,1985-1989,2,55,5,0.006441637751918772,2.5,0.03169772559498728,91319.89651713388,2894.6330211627355,449362.90003276255,0.9552704222849647,2425055.820846193,26.555612887616363
Yauco,1985-1989,2,60,5,0.01198633713237659,2.5,0.05818803223333702,88425.26349597114,5145.292082544896,429263.08727349347,0.9236050153801407,1975692.9208134306,22.3430820865289
Yauco,1985-1989,2,65,5,0.020107791108002333,2.5,0.09572681837187338,83279.97141342625,7972.126697507847,396469.54032336164,0.8886130166325864,1546429.8335399372,18.56904856346558
Yauco,1985-1989,2,70,5,0.027511415859746747,2.5,0.12870494138464075,75307.8447159184,9692.491739965903,352307.99422967725,0.8462072372932843,1149960.2932165756,15.270126207363091
Yauco,1985-1989,2,75,5,0.040186006127425296,2.5,0.18258647738925268,65615.3529759525,11980.476162531588,298125.57447343355,0.7673237659034329,797652.2989868983,12.156488730301145
Yauco,1985-1989,2,80,5,0.06892069535854436,2.5,0.2939545899369892,53634.87681342091,15766.21822001008,228758.83851707936,0.5420488488581091,499526.7245134647,9.31346829137248
Yauco,1985-1989,2,85,NA,0.15474953715716527,7.150184243481472,1,37868.65859341083,37868.65859341083,270767.88599638536,0,270767.88599638536,7.150184243481472
Yauco,1990-1994,1,0,1,0.019069590032885206,0.11123758656887922,0.01875177860977179,100000,1875.1778609771864,98333.41239866531,0.9806620990313543,7121680.521136345,71.21680521136345
Yauco,1990-1994,1,1,4,5.324448709065358e-4,1.5965008910487577,0.0021270574227867127,98124.82213902281,208.71713129043928,391997.6371170118,0.9978361063868204,7023347.10873768,71.5756416738981
Yauco,1990-1994,1,5,5,2.538473508094269e-4,2.5,0.0012684317839270535,97916.10500773237,124.19989975015051,489270.0252892865,0.9986721255755,6631349.471620668,67.7248086113821
Yauco,1990-1994,1,10,5,2.776711313843228e-4,2.5,0.0013873925597672522,97791.90510798222,135.67576155228016,488620.3361360304,0.9968810811361031,6142079.446331382,62.80764690645174
Yauco,1990-1994,1,15,5,9.72930906732705e-4,2.5,0.0048528508123108745,97656.22934642994,473.91111191104574,487096.36895237205,0.9935609443317619,5653459.110195351,57.89143353200772
Yauco,1990-1994,1,20,5,0.0016130780599880777,2.5,0.008032995677233078,97182.3182345189,780.6651422813738,483959.9283168911,0.9903225137934707,5166362.741242979,53.161550733700246
Yauco,1990-1994,1,25,5,0.002279980906396437,2.5,0.011335293897843499,96401.65309223752,1092.7410700384644,479276.41278609145,0.9847566152403393,4682402.8129260875,48.57181036559554
Yauco,1990-1994,1,30,5,0.003876463420899376,2.5,0.019196282883459464,95308.91202219906,1829.5768364928808,471970.6180197631,0.9830578062299135,4203126.400139997,44.10003546322108
Yauco,1990-1994,1,35,5,0.0029504003414189133,2.5,0.014643987641749684,93479.33518570618,1368.9102292184543,463974.40035548474,0.980927235828834,3731155.7821202334,39.914231040560075
Yauco,1990-1994,1,40,5,0.004769676237090366,2.5,0.023567359499018246,92110.42495648772,2170.7994985568803,455125.1260360464,0.9743267095258421,3267181.3817647486,35.470267163658626
Yauco,1990-1994,1,45,5,0.005644554232993607,2.5,0.02783005059030816,89939.62545793084,2503.0243265675817,443440.56647323526,0.9693877129658252,2812056.255728702,31.266043653295377
Yauco,1990-1994,1,50,5,0.006808793316022811,2.5,0.03347416982077627,87436.60113136326,2926.867634822731,429865.83656975947,0.9565183950171656,2368615.6892554667,27.08952153454477
Yauco,1990-1994,1,55,5,0.011064971392339033,2.5,0.05383563262449878,84509.73349654053,4549.634965714053,411174.58006841753,0.930678507782715,1938749.8526857074,22.94114266453191
Yauco,1990-1994,1,60,5,0.017904813912889263,2.5,0.08568847889185338,79960.09853082648,6851.659215149251,382671.3446162593,0.8970230140003215,1527575.2726172898,19.104219488028445
Yauco,1990-1994,1,65,5,0.02595917844196337,2.5,0.12188575692588481,73108.43931567723,8910.877463661433,343265.0029192326,0.8449823217437824,1144903.9280010306,15.660352467071741
Yauco,1990-1994,1,70,5,0.04266112075117967,2.5,0.1927484423243917,64197.561852015795,12373.98004799983,290052.8591400794,0.7821039687294812,801638.925081798,12.487061844025883
Yauco,1990-1994,1,75,5,0.05689434338162631,2.5,0.2490481408044251,51823.581804015965,12906.566698116214,226851.49227478929,0.686226441586971,511586.0659417186,9.871684822488943
Yauco,1990-1994,1,80,5,0.09998897714419992,2.5,0.3999647260838011,38917.01510589975,15565.433286830343,155671.4923124229,0.4532750613751565,284734.5736669293,7.316454586563708
Yauco,1990-1994,1,85,NA,0.16543128746864627,5.526952407528586,1,23351.581819069408,23351.581819069408,129063.08135450642,0,129063.08135450642,5.526952407528586
Yauco,1990-1994,2,0,1,0.010054325446814654,0.12836564653892524,0.009966977887944945,100000,996.6977887944959,99131.24396726803,0.989714526978044,7826918.418396029,78.26918418396029
Yauco,1990-1994,2,1,4,2.911977103619982e-4,1.5077837269763137,0.0011639461335296707,99003.3022112055,115.23451081539679,395726.01952175394,0.9988353220720767,7727787.174428761,78.05585270219508
Yauco,1990-1994,2,5,5,1.2901517385809083e-4,2.5,6.448678749379526e-4,98888.06770039011,63.76973807468312,494280.9141567638,0.9992903053330251,7332061.154907007,74.14505435702918
Yauco,1990-1994,2,10,5,1.5497267621369498e-4,2.5,7.745632907033319e-4,98824.29796231542,76.54567343114468,493930.12562799925,0.9983828980612954,6837780.240750243,69.19128576413148
Yauco,1990-1994,2,15,5,4.92664788452662e-4,2.5,0.0024602936920849537,98747.75228888428,242.94847206390114,493131.39026426163,0.9965374368946434,6343850.115122244,64.24298242823245
Yauco,1990-1994,2,20,5,8.954610440634852e-4,2.5,0.004467304477488523,98504.80381682038,440.0509511450218,491423.8917062394,0.9952012074185356,5850718.724857982,59.39526295324626
Yauco,1990-1994,2,25,5,0.001028993916897024,2.5,0.005131768188861958,98064.75286567536,503.24557920468214,489065.6503803651,0.9940308218689242,5359294.833151743,54.650571959250854
Yauco,1990-1994,2,30,5,0.0013668362244329782,2.5,0.006810907633976426,97561.50728647067,664.4824147596664,486146.33039545425,0.9929229595318538,4870229.182771377,49.9195770773701
Yauco,1990-1994,2,35,5,0.0014744144535802572,2.5,0.00734499833862132,96897.02487171101,711.7084867000813,482705.85314180487,0.9911105019278265,4384082.852375924,45.24476224301343
Yauco,1990-1994,2,40,5,0.002100053194109619,2.5,0.010445426094464305,96185.31638501093,1004.6966136722913,478414.8403908739,0.9877363710363521,3901376.9992341185,40.56104555104516
Yauco,1990-1994,2,45,5,0.0028402299172258557,2.5,0.014101024209073935,95180.61977133864,1342.1442236302973,472547.7382976174,0.982432322321373,3422962.1588432444,35.9628059479603
Yauco,1990-1994,2,50,5,0.004261709492957165,2.5,0.021083913677119648,93838.47554770834,1978.482318040391,464246.1719434407,0.9712243441641095,2950414.4205456274,31.441414657739294
Yauco,1990-1994,2,55,5,0.007463314614130218,2.5,0.03663306288664546,91859.99322966795,3365.112908749259,450887.1838764666,0.9586639089496563,2486168.2486021863,27.064755408660652
Yauco,1990-1994,2,60,5,0.00946225441609234,2.5,0.046217956913199965,88494.88032091869,4090.0525657109974,432249.2701903159,0.9432170008265002,2035281.0647257199,22.998856627015677
Yauco,1990-1994,2,65,5,0.014048670922700091,2.5,0.067859997673186,84404.82775520769,5727.711415074053,407704.8602383533,0.9042270118057332,1603031.794535404,18.99218133806924
Yauco,1990-1994,2,70,5,0.02683012566342005,2.5,0.12571805057910623,78677.11634013364,9891.133691467156,368657.7474720003,0.8518974947039091,1195326.9342970508,15.192815775421447
Yauco,1990-1994,2,75,5,0.038045512114437144,2.5,0.17370575002945332,68785.98264866648,11948.52070749957,314058.61147458345,0.7725993083113177,826669.1868250504,12.017989058139545
Yauco,1990-1994,2,80,5,0.06848927250102317,2.5,0.2923835251782573,56837.46194116691,16618.337484543415,242641.46599447605,0.5266553643990188,512610.57535046694,9.018885746184019
Yauco,1990-1994,2,85,NA,0.12787337007913105,6.712456151231083,1,40219.1244566235,40219.1244566235,269969.1093559909,0,269969.1093559909,6.712456151231083
Yauco,1995-1999,1,0,1,0.017574174705910217,0.11422161308309146,0.017304794020912364,100000,1730.4794020912377,98467.17874662268,0.9821379713691457,7151307.718384895,71.51307718384895
Yauco,1995-1999,1,1,4,5.056504898985347e-4,1.6008606556149911,0.002020151261605412,98269.52059790876,198.51929601321172,392601.80693795014,0.99799757146047,7052840.539638272,71.77037698694502
Yauco,1995-1999,1,5,5,2.1984024539120812e-4,2.5,0.0010985974371306281,98071.00130189555,107.74055068710004,490085.65513276,0.998711413587324,6660238.732700321,67.91241696613115
Yauco,1995-1999,1,10,5,2.959757099575025e-4,2.5,0.0014787843391758585,97963.26075120845,144.86653581348946,489454.1374165085,0.996659433330423,6170153.0775675615,62.984357913907516
Yauco,1995-1999,1,15,5,0.001043737633022023,2.5,0.005205106251912617,97818.39421539496,509.1551352825918,487819.08323876833,0.9935812174977828,5680698.940151053,58.07393369842302
Yauco,1995-1999,1,20,5,0.0015336193368291565,2.5,0.007638809120701147,97309.23908011237,743.3267030136485,484687.8786430277,0.9905720236701292,5192879.856912284,53.36471547822001
Yauco,1995-1999,1,25,5,0.00225886774676804,2.5,0.011230915849890244,96565.91237709872,1084.5236358750699,480118.2527958059,0.9877295235704954,4708191.978269257,48.75625220505696
Yauco,1995-1999,1,30,5,0.0026822351279496694,2.5,0.01332184483925598,95481.38874122365,1271.9882458472857,474226.97309150005,0.9864257935158329,4228073.7254734505,44.28165301336887
Yauco,1995-1999,1,35,5,0.0027852550934668965,2.5,0.013829975443468376,94209.40049537637,1302.9136953949346,467789.7182383945,0.9816750473617758,3753846.7523819506,39.84577688259658
Yauco,1995-1999,1,40,5,0.004629562474911252,2.5,0.022882967060511326,92906.48679998143,2125.976077151805,459217.49380702764,0.9732514683262579,3286057.0341435564,35.369511293846635
Yauco,1995-1999,1,45,5,0.006236672013476868,2.5,0.03070462340371854,90780.51072282963,2787.381394141703,446934.10012879386,0.9624216091901577,2826839.540336529,31.13927777920763
Yauco,1995-1999,1,50,5,0.009138078599316262,2.5,0.044669900345626415,87993.12932868792,3930.644318212304,430139.0358479089,0.9478541844225797,2379905.4402077347,27.046491679115984
Yauco,1995-1999,1,55,5,0.012365032326983542,2.5,0.059971294157545006,84062.48501047562,5041.336016177462,407709.08501193445,0.9267001066184439,1949766.404359826,23.194251325271335
Yauco,1995-1999,1,60,5,0.018296021447011465,2.5,0.08747882126021679,79021.14899429816,6912.676968649161,377824.0525498679,0.902739341137251,1542057.3193478915,19.514488703007345
Yauco,1995-1999,1,65,5,0.02282856319535867,2.5,0.10798023209615208,72108.472025649,7786.289545428459,341076.63626467384,0.8597091259250634,1164233.2667980236,16.145582260901403
Yauco,1995-1999,1,70,5,0.038719824450854506,2.5,0.17651276415110762,64322.18248022054,11353.686225815676,293226.6968365635,0.7898144420468356,823156.6305333497,12.797398949988604
Yauco,1995-1999,1,75,5,0.057424119281578916,2.5,0.25107604457660904,52968.49625440486,13299.120526726903,231594.67995520704,0.6908713548455576,529929.9336967862,10.0046248462777
Yauco,1995-1999,1,80,5,0.09586059447348623,2.5,0.38664332492592096,39669.37572767796,15337.89932908503,160002.1303156772,0.4636834624503594,298335.2537415792,7.520543196585418
Yauco,1995-1999,1,85,NA,0.1545133565910707,5.6853567436582555,1,24331.476398592928,24331.476398592928,138333.12342590198,0,138333.12342590198,5.6853567436582555
Yauco,1995-1999,2,0,1,0.011515744412079408,0.12536203598218554,0.01140091319170192,100000,1140.0913191701839,99002.83284980661,0.9883703926871689,7883189.485887552,78.83189485887551
Yauco,1995-1999,2,1,4,2.609766060326401e-4,1.505450714237101,0.001043227263354352,98859.90868082982,103.13335198856657,395182.36349377787,0.9988871956429471,7784186.6530377455,78.7395695273103
Yauco,1995-1999,2,5,5,1.2042230437715043e-4,2.5,6.019303072990537e-4,98756.77532884125,59.44469612155808,493635.2649039023,0.9993030311739849,7389004.289543968,74.82022640917538
Yauco,1995-1999,2,10,5,1.5847567863660648e-4,2.5,7.92064585751155e-4,98697.33063271969,78.17466030234937,493291.21651284257,0.9984419181659349,6895369.024640066,69.86378436413501
Yauco,1995-1999,2,15,5,4.6548231452775765e-4,2.5,0.002324706298467768,98619.15597241734,229.26057303865673,492522.62842949,0.9968916625765872,6402077.808127223,64.9171831273613
Yauco,1995-1999,2,20,5,7.802780222144139e-4,2.5,0.003893794505383145,98389.89539937869,383.1100340913399,490991.70191166503,0.9954415466237629,5909555.179697732,60.0626228507511
Yauco,1995-1999,2,25,5,0.0010478800405892851,2.5,0.00522571040885807,98006.78536528735,512.1550784221035,488753.5391303814,0.9939706316505472,5418563.477786068,55.28763603040539
Yauco,1995-1999,2,30,5,0.001372140439327772,2.5,0.00683724803533138,97494.63028686524,666.5949693842267,485806.6640108657,0.9931800547635601,4929809.938655687,50.56493802941109
Yauco,1995-1999,2,35,5,0.0013651478890914109,2.5,0.0068025233195815,96828.03531748102,658.674968236417,482493.489166814,0.9925105187537551,4444003.274644821,45.89583233898907
Yauco,1995-1999,2,40,5,0.0016429494484895904,2.5,0.008181144226460758,96169.3603492446,786.7754071836534,478879.86322826386,0.989683974479795,3961509.7854780066,41.19305536702703
Yauco,1995-1999,2,45,5,0.002509347249861009,2.5,0.012468516654363859,95382.58494206094,1189.279348886368,473939.7263380888,0.9831262066277211,3482629.922249743,36.51221996515639
Yauco,1995-1999,2,50,5,0.004312945856254782,2.5,0.021334690864873575,94193.30559317458,2009.5850563709537,465942.5653249455,0.9739132847438975,3008690.195911654,31.941656330719844
Yauco,1995-1999,2,55,5,0.006285713874203903,2.5,0.03094233274542415,92183.72053680362,2852.379354560966,453787.6542976157,0.9611475974027588,2542747.6305867084,27.58347803473105
Yauco,1995-1999,2,60,5,0.009629371378238223,2.5,0.04701504360314427,89331.34118224266,4199.916900810495,436156.91365918703,0.9448900772242721,2088959.9762890926,23.38440180840291
Yauco,1995-1999,2,65,5,0.013138668752372129,2.5,0.06360415882662007,85131.42428143216,5414.712631132585,412120.3398293294,0.9101140203138208,1652803.0626299055,19.41472348877869
Yauco,1995-1999,2,70,5,0.025069082129107644,2.5,0.1179529783890202,79716.71165029958,9402.823566531544,375076.49933516904,0.8535346010419392,1240682.7228005761,15.563646531773538
Yauco,1995-1999,2,75,5,0.039268563234813446,2.5,0.17879068306475743,70313.88808376803,12571.468079435792,320140.7702202507,0.7772269945631527,865606.2234654072,12.310601035661294
Yauco,1995-1999,2,80,5,0.06412623247593045,2.5,0.2763309978573815,57742.42000433224,15956.020538497156,248822.0486754183,0.5438353663002988,545465.4532451564,9.446529141041054
Yauco,1995-1999,2,85,NA,0.14129501223726754,7.099041993610298,1,41786.399465835086,41786.399465835086,296643.4045697382,0,296643.4045697382,7.099041993610298
Yauco,2000-2004,1,0,1,0.015951249964763093,0.11746007825781349,0.01572981173280845,100000,1572.9811732808448,98611.78131843079,0.9838390767592038,7301950.275701,73.01950275701
Yauco,2000-2004,1,1,4,4.2508645948643835e-4,1.6056060772490481,0.0016986169441139246,98427.01882671916,167.1898019376822,393307.7570611711,0.9982207328034586,7203338.49438257,73.18456436300335
Yauco,2000-2004,1,5,5,2.0760900927443933e-4,2.5,0.001037506557101108,98259.82902478147,101.94521691284899,491044.28208162525,0.998781749781058,6810030.737321399,69.30635647253045
Yauco,2000-2004,1,10,5,2.8003222762498694e-4,2.5,0.0013991815982753923,98157.88380786862,137.34070474960026,490446.0672774691,0.9975482096181578,6318986.455239774,64.3757404918017
Yauco,2000-2004,1,15,5,7.024060775770447e-4,2.5,0.0035058740198383384,98020.54310311902,343.6476754756877,489243.5963269059,0.9933243325361012,5828540.387962304,59.4624371937074
Yauco,2000-2004,1,20,5,0.001981085979196979,2.5,0.009856612901928937,97676.89542764334,962.7633476924675,485977.5687689855,0.9896607874563546,5339296.791635399,54.66284291959934
Yauco,2000-2004,1,25,5,0.002177108627087276,2.5,0.010826616335868918,96714.13207995087,1047.0868022861832,480952.9433940389,0.9894798905048827,4853319.222866413,50.182110085569605
Yauco,2000-2004,1,30,5,0.002052527990157862,2.5,0.01021024790177719,95667.04527766469,976.7842483154964,475893.26576753467,0.9867853687310005,4372366.279472374,45.7039962589206
Yauco,2000-2004,1,35,5,0.0032766238940085323,2.5,0.016250006570525714,94690.26102934919,1538.717363891701,469604.5117370167,0.9837299437244138,3896473.0137048396,41.14967021262229
Yauco,2000-2004,1,40,5,0.0032848431999455375,2.5,0.016290437170320023,93151.54366545749,1517.479369400462,461964.0199037863,0.9791015329152418,3426868.5019678227,36.788102130384516
Yauco,2000-2004,1,45,5,0.005182857408923069,2.5,0.025582806943346907,91634.06429605703,2344.256576320273,452309.68003948446,0.9683962464377388,2964904.4820640367,32.3559203102117
Yauco,2000-2004,1,50,5,0.007702057957595488,2.5,0.037782776943434355,89289.80771973675,3373.6168883969513,438014.9963776914,0.958009798620266,2512594.802024552,28.13977167372894
Yauco,2000-2004,1,55,5,0.00949261960305148,2.5,0.04636283609825891,85916.1908313398,3983.3182737001334,419622.6584724487,0.9393034896283864,2074579.8056468605,24.14655242013025
Yauco,2000-2004,1,60,5,0.015741434700134713,2.5,0.07572704275429593,81932.87255763967,6204.534143154669,394153.02743031166,0.9036346624351598,1654957.147174412,20.198939638179436
Yauco,2000-2004,1,65,5,0.025236637408691313,2.5,0.11869455822282124,75728.338414485,8988.541673055603,356170.33788978594,0.858188270836983,1260804.1197441001,16.64903979331123
Yauco,2000-2004,1,70,5,0.036691312764978126,2.5,0.16804232963857899,66739.7967414294,11215.110924035034,305661.2063970594,0.805101373896957,904633.7818543143,13.55463795251198
Yauco,2000-2004,1,75,5,0.05125831232467985,2.5,0.2271794709359262,55524.68581739436,12614.06874787918,246088.25721727384,0.7192101503704732,598972.5754572549,10.78750048991026
Yauco,2000-2004,1,80,5,0.08489539183461105,2.5,0.35015961489511255,42910.61706951518,15025.565147973073,176989.1724776432,0.49844987909811084,352884.3182399811,8.2237064470154
Yauco,2000-2004,1,85,NA,0.1634814077742718,6.307865097660196,1,27885.051921542108,27885.051921542108,175895.14576233784,0,175895.14576233784,6.307865097660196
Yauco,2000-2004,2,0,1,0.011228055484128035,0.12595331440513616,0.011118935973460094,100000,1111.8935973460175,99028.15308650557,0.9887070008495361,7945674.952345168,79.45674952345168
Yauco,2000-2004,2,1,4,2.3030783380637024e-4,1.5059094911711806,9.207024758215273e-4,98888.10640265398,91.04652439421625,395325.3473382625,0.9989915157337224,7846646.799258662,79.34874156967447
Yauco,2000-2004,2,5,5,1.0557488021647772e-4,2.5,5.277351121542593e-4,98797.05987825977,52.13867747536278,493854.9526976104,0.9994025875074324,7451321.4519204,75.420477705532
Yauco,2000-2004,2,10,5,1.3346985336831535e-4,2.5,6.671266635966559e-4,98744.9212007844,65.87536982780148,493559.9175793525,0.9985356361991049,6957466.49922279,70.45898072140567
Yauco,2000-2004,2,15,5,4.529389343692034e-4,2.5,0.0022621331513985278,98679.0458309566,223.22514092258643,492837.16630247654,0.9970598591840344,6463906.581643437,65.50434823535399
Yauco,2000-2004,2,20,5,7.252497283451637e-4,2.5,0.0036196857015464642,98455.82069003402,356.37912638572743,491388.1556342058,0.9958906363923903,5971069.415340961,60.64719559993846
Yauco,2000-2004,2,25,5,9.222857220808402e-4,2.5,0.004600820432916359,98099.44156364829,451.33791520372324,489368.86303023214,0.9951014220966046,5479681.259706755,55.85843479191939
Yauco,2000-2004,2,30,5,0.0010422509869316848,2.5,0.005197711634456427,97648.10364844456,507.5466844161274,486971.6515311825,0.993915842306028,4990312.396676523,51.105062056737786
Yauco,2000-2004,2,35,5,0.001399929482388328,2.5,0.0069752353180209045,97140.55696402844,677.5782437477319,484008.8392107728,0.9920400500389582,4503340.74514534,46.35901713856702
Yauco,2000-2004,2,40,5,0.0017983654006290856,2.5,0.008951581467166764,96462.9787202807,863.496212580154,480156.15306995314,0.9898111166763709,4019331.9059345676,41.66709300559396
Yauco,2000-2004,2,45,5,0.0023006287668995117,2.5,0.011437361029990033,95599.48250770055,1093.4057957207988,475263.89804920077,0.9853209875217717,3539175.752864614,37.02086726860193
Yauco,2000-2004,2,50,5,0.0036241755424020706,2.5,0.017958168821437897,94506.07671197975,1697.156080245477,468287.4933592851,0.9754096784874475,3063911.8548154137,32.42026292291347
Yauco,2000-2004,2,55,5,0.006368557950185293,2.5,0.03134375347497226,92808.92063173428,2908.9799285593617,456772.153337273,0.9637877598557669,2595624.3614561283,27.96740166557441
Yauco,2000-2004,2,60,5,0.008421291954073522,2.5,0.041238261177727664,89899.94070317491,3707.31723457975,440231.4104294252,0.9478475011916895,2138852.2081188555,23.79147518217795
Yauco,2000-2004,2,65,5,0.013124165600068328,2.5,0.06353617964228891,86192.62346859516,5476.3500085408305,417272.2423216237,0.9165219590167366,1698620.7976894302,19.707264140861586
Yauco,2000-2004,2,70,5,0.022113000778486453,2.5,0.1047728960619754,80716.27346005433,8456.877729740256,382439.172975921,0.8628370947976969,1281348.5553678065,15.874723899412091
Yauco,2000-2004,2,75,5,0.03795868478523634,2.5,0.17334367877120785,72259.39573031408,12525.70948167715,329982.70494737756,0.7832284738299362,898909.3823918855,12.440034590751184
Yauco,2000-2004,2,80,5,0.062242279630623225,2.5,0.26930586998818407,59733.68624863693,16086.632342790392,258451.85038620868,0.5457202823620139,568926.677444508,9.524385872929287
Yauco,2000-2004,2,85,NA,0.1276638914029051,7.1133054645118,1,43647.05390584654,43647.05390584654,310474.82705829927,0,310474.82705829927,7.1133054645118
Yauco,2005-2009,1,0,1,0.014332709718561916,0.12068979439209562,0.014154324215215834,100000,1415.4324215215747,98755.39582640777,0.985446817442647,7355937.382514508,73.55937382514509
Yauco,2005-2009,1,1,4,3.9328651885024463e-4,1.6103530211395547,0.0015716689958237896,98584.56757847843,154.94230832980247,393968.0128949157,0.9983778668257316,7257181.9866881,73.61377307772848
Yauco,2005-2009,1,5,5,1.8212614150970249e-4,2.5,9.102162721045681e-4,98429.62527014862,89.59224657804589,491924.145734298,0.9989765558860293,6863213.973793184,69.72711675937504
Yauco,2005-2009,1,10,5,2.2748432156851774e-4,2.5,0.0011367751115550185,98340.03302357058,111.79050201068458,491420.68886282615,0.9969133950144115,6371289.828058886,64.78836372295896
Yauco,2005-2009,1,15,5,0.0010102759955917529,2.5,0.005038653900244983,98228.24252155989,494.93811729545996,489903.8673145608,0.9930364938042897,5879869.139196061,59.859252168799635
Yauco,2005-2009,1,20,5,0.0017875742671771607,2.5,0.008898106271392432,97733.30440426443,869.6413288434851,486492.4186992134,0.990034023649165,5389965.271881499,55.14972920168979
Yauco,2005-2009,1,25,5,0.002220950210430366,2.5,0.011043433760814443,96863.66307542095,1069.707447003253,481644.04675959656,0.9891289619247565,4903472.853182286,50.622418123546446
Yauco,2005-2009,1,30,5,0.002150846958850707,2.5,0.010696717289623353,95793.9556284177,1024.6808614119218,476408.07598855864,0.9880035593577235,4421828.80642269,46.159789283311895
Yauco,2005-2009,1,35,5,0.002679878299002417,2.5,0.01331021709017466,94769.27476700577,1261.3996206272568,470692.87478346075,0.9836120880018916,3945420.730434131,41.63185526252167
Yauco,2005-2009,1,40,5,0.0039398524555682825,2.5,0.01950712429891601,93507.87514637852,1824.0697434079193,462979.20137337275,0.9782079236495571,3474727.8556506704,37.159734944370015
Yauco,2005-2009,1,45,5,0.004883397454793315,2.5,0.024122488032315842,91683.8054029706,2211.6414985903393,452889.92326837714,0.9690349055145845,3011748.6542772977,32.849298096212266
Yauco,2005-2009,1,50,5,0.007742383991202837,2.5,0.037976841727446614,89472.16390438026,3397.8702076088084,438866.1440028793,0.9541675688562185,2558858.7310089204,28.599495299382685
Yauco,2005-2009,1,55,5,0.011099296194907356,2.5,0.05399812793474129,86074.29369677145,4647.850722930758,418751.84167653037,0.939042933391712,2119992.587006041,24.629799397187032
Yauco,2005-2009,1,60,5,0.014145818019661095,2.5,0.06831322401033899,81426.44297384069,5562.502839237073,393225.9577711108,0.9177089195344225,1701240.7453295107,20.89297632559065
Yauco,2005-2009,1,65,5,0.020453777627107168,2.5,0.09729382260538162,75863.94013460362,7381.092733601414,360866.96883901453,0.8704593626382449,1308014.7875583998,17.241587837879496
Yauco,2005-2009,1,70,5,0.03602980065897561,2.5,0.16526301919971276,68482.8474010022,11317.682124882827,314120.03169280395,0.8177890598769313,947147.8187193853,13.830438637770841
Yauco,2005-2009,1,75,5,0.045066114476755306,2.5,0.20251424680909513,57165.165276119376,11576.760389610754,256883.92540657,0.7355646801962622,633027.7870265814,11.073663199763848
Yauco,2005-2009,1,80,5,0.08253252919721736,2.5,0.34208068556341925,45588.40488650862,15594.912797319605,188954.74243924412,0.49765299472006214,376143.8616200114,8.250866915752232
Yauco,2005-2009,1,85,NA,0.1576816704841865,6.240991166488365,1,29993.492089189018,29993.492089189018,187189.1191807673,0,187189.1191807673,6.240991166488365
Yauco,2005-2009,2,0,1,0.00769642550460453,0.13321176755315145,0.007645421589361472,100000,764.5421589361504,99337.30385342463,0.9921089777712162,8072139.867746568,80.72139867746569
Yauco,2005-2009,2,1,4,2.2755757736694362e-4,1.511560899074109,9.097151712681549e-4,99235.45784106385,90.27600152575178,396717.1850321835,0.9990903364535993,7972802.563893143,80.34227621202126
Yauco,2005-2009,2,5,5,9.900096384801312e-5,2.5,4.948823346697564e-4,99145.1818395381,49.06519906000176,495603.24620004045,0.9994527129688489,7576085.37886096,76.41405500796301
Yauco,2005-2009,2,10,5,1.1997951184330503e-4,2.5,5.997176746319098e-4,99096.1166404781,59.42969263669511,495332.00897079875,0.9986663446492697,7080482.13266092,71.45065187921536
Yauco,2005-2009,2,15,5,4.140348081861061e-4,2.5,0.0020680334463523235,99036.6869478414,204.81118102405162,494671.40678664687,0.9972647197482462,6585150.123690121,66.49202761758632
Yauco,2005-2009,2,20,5,0.00068194259663281135,2.5,0.0034039098054355005,98831.87576681735,336.4147910122556,493318.3418565561,0.9960080249860509,6090478.716903474,61.62463951684243
Yauco,2005-2009,2,25,5,9.185140942611311e-4,2.5,0.004582048780342314,98495.4609758051,451.3110068334354,491349.0273619419,0.9945041478334495,5597160.375046918,56.82658185052641
Yauco,2005-2009,2,30,5,0.0012868993811108419,2.5,0.006413861918221486,98044.14996897166,628.841639790393,488648.6457453823,0.9936490710374346,5105811.347684976,52.07665474483514
Yauco,2005-2009,2,35,5,0.001261483797903242,2.5,0.006287589757997271,97415.30832918127,612.5074949226982,485545.2729085996,0.992512508600976,4617162.701939594,47.39668519384544
Yauco,2005-2009,2,40,5,0.0017465903418687363,2.5,0.008694985266122432,96802.80083425857,841.6989269732585,481909.75685385964,0.989122461763554,4131617.429030994,42.680763298419066
Yauco,2005-2009,2,45,5,0.002633066231319952,2.5,0.013079234927054938,95961.10190728531,1255.0977957044524,476667.7650471654,0.9853666734658845,3649707.6721771345,38.03319886534203
Yauco,2005-2009,2,50,5,0.0032680873719824746,2.5,0.016208013846470953,94706.00411158086,1534.996225984447,469692.52999294316,0.9788444905913876,3173039.907129969,33.504105013147345
Yauco,2005-2009,2,55,5,0.005306375467592748,2.5,0.026184515165698554,93171.00788559641,2439.637668983807,459755.9452555225,0.9672454988766307,2703347.377137026,29.01489893139757
Yauco,2005-2009,2,60,5,0.008059406831883643,2.5,0.039501144671339666,90731.3702166126,3583.992981155301,444696.8686301748,0.9463513252068408,2243591.4318815037,24.727846901519733
Yauco,2005-2009,2,65,5,0.014159712918932312,2.5,0.0683780313596264,87147.3772354573,5958.966093515279,420839.4709434983,0.920928518298477,1798894.5632513287,20.641981667342936
Yauco,2005-2009,2,70,5,0.01896876838384017,2.5,0.09054979662093496,81188.41114194202,7351.5941168797,387563.07041751087,0.8827701606397108,1378055.0923078305,16.97354428945002
Yauco,2005-2009,2,75,5,0.031631299521996295,2.5,0.14656629191175852,73836.81702506232,10821.98847793039,342129.1139304856,0.8084170677546086,990492.0218903195,13.41460888751635
Yauco,2005-2009,2,80,5,0.05566665421989875,2.5,0.24433060310370988,63014.82854713193,15396.451063397624,276583.0150771656,0.5734132664259382,648362.9079598339,10.28905295639884
Yauco,2005-2009,2,85,NA,0.12479027818674894,7.807487624072502,1,47618.37748373431,47618.37748373431,371779.8928826683,0,371779.8928826683,7.807487624072502
Yauco,2010-2014,1,0,1,0.013380813879940608,0.12258925494327252,0.013225539827997958,100000,1322.5539827998,98839.57692457389,0.9864401039127081,7549346.399659316,75.49346399659316
Yauco,2010-2014,1,1,4,3.4983509873070466e-4,1.613151448498242,0.0013981729157862088,98677.4460172002,137.96813242021017,394380.4750317802,0.9985215682418909,7450506.8227347415,75.50364468731856
Yauco,2010-2014,1,5,5,1.6774293532411213e-4,2.5,8.383631029011905e-4,98539.47788477999,82.61186243775592,492490.85976780555,0.9990520083769308,7056126.347702961,71.60710102354645
Yauco,2010-2014,1,10,5,2.1165436046427012e-4,2.5,0.0010577121288608772,98456.86602234223,104.13902136145043,492023.9825583075,0.9976303995905944,6563635.487935156,66.6650864800603
Yauco,2010-2014,1,15,5,7.379344129851633e-4,2.5,0.003682877759332244,98352.72700098078,362.22107084159506,490858.0823278,0.9939528373652562,6071611.505376848,61.73302653129589
Yauco,2010-2014,1,20,5,0.0016911573444148922,2.5,0.008420187069066463,97990.50593013919,825.098390924235,487889.78367338533,0.9911213857067431,5580753.4230490485,56.95198090953587
Yauco,2010-2014,1,25,5,0.0018769531156482254,2.5,0.009340934338715832,97165.40753921495,907.6156918183697,483557.99846652884,0.9903665863271105,5092863.639375663,52.41437017922491
Yauco,2010-2014,1,30,5,0.001995637151731208,2.5,0.009928650797660102,96257.79184739658,955.7100018066558,478899.6842324663,0.9888008664349379,4609305.640909134,47.88501327992804
Yauco,2010-2014,1,35,5,0.0025121501796914487,2.5,0.012482357009943486,95302.08184558993,1189.59460938751,473536.4227044808,0.9873320348869052,4130405.956676668,43.340144062842434
Yauco,2010-2014,1,40,5,0.002587818256944479,2.5,0.012855919327856315,94112.48723620242,1209.9025436525408,467537.67982188077,0.9833630589763599,3656869.5339721874,38.85636902565564
Yauco,2010-2014,1,45,5,0.004135764624659609,2.5,0.0204672042747847,92902.58469254988,1901.456178557899,459759.2830163546,0.9743931089850916,3189331.8541503064,34.32985061400631
Yauco,2010-2014,1,50,5,0.006267482523213569,2.5,0.03085397080902459,91001.12851399198,2807.746162759009,447986.27716306236,0.9609641909199726,2729572.5711339517,29.99493100477609
Yauco,2010-2014,1,55,5,0.009726523836282844,2.5,0.0474781263620089,88193.38235123297,4187.256551564802,430498.77037725283,0.9436234992644202,2281586.2939708894,25.870266375365887
Yauco,2010-2014,1,60,5,0.0135902470296106,2.5,0.06571841153032615,84006.12579966817,5520.749146370945,406228.75613241346,0.9232620437026621,1851087.5235936367,22.035149293850054
Yauco,2010-2014,1,65,5,0.018526631313388303,2.5,0.08853262816394476,78485.37665329722,6948.516667553515,375055.59159760235,0.8908357022924226,1444858.7674612233,18.4092735369516
Yauco,2010-2014,1,70,5,0.02821966800943346,2.5,0.13179996211109013,71536.85998574371,9428.555435667375,334112.9113395501,0.8323819460801881,1069803.1758636208,14.954572734626842
Yauco,2010-2014,1,75,5,0.04664631872583987,2.5,0.20887362895504924,62108.30455007633,12972.786959619843,278109.55535133206,0.7523664094821064,735690.2645240708,11.845280109536763
Yauco,2010-2014,1,80,5,0.06965637596366385,2.5,0.2966269789087373,49135.51759045649,14574.920139974223,209240.28760234686,0.5427248496103936,457580.7091727387,9.312626214435438
Yauco,2010-2014,1,85,NA,0.1570690983093824,7.185651866296844,1,34560.597450482266,34560.597450482266,248340.42157039186,0,248340.42157039186,7.185651866296844
Yauco,2010-2014,2,0,1,0.008213374641084728,0.1321492975014178,0.008155244199460359,100000,815.5244199460285,99292.24655924509,0.9916650590994948,8197215.515648458,81.97215515648458
Yauco,2010-2014,2,1,4,2.002028943974833e-4,1.510731417687478,8.004126849047002e-4,99184.47558005397,79.38851239990618,396540.28299050225,0.9991540412577541,8097923.269089214,81.64506815941374
Yauco,2010-2014,2,5,5,9.071997256413973e-5,2.5,4.5349700972999716e-4,99105.08706765407,44.94386063420097,495413.07568668487,0.9994974773447913,7701382.986098711,77.709260079065
Yauco,2010-2014,2,10,5,1.1034454015059256e-4,2.5,5.515705437579339e-4,99060.14320701986,54.638657053452334,495164.1193924657,0.998797959006368,7205969.910412027,72.74338272813418
Yauco,2010-2014,2,15,5,3.709177156016304e-4,2.5,0.0018528704218477078,99005.50454996641,183.44437098072376,494568.91182238027,0.9974698336260109,6710805.791019561,67.78214829088347
Yauco,2010-2014,2,20,5,6.427751620951904e-4,2.5,0.0032087195973277264,98822.06017898569,317.09228114462167,493317.5701920669,0.9963320101403691,6216236.87919718,62.90333219058967
Yauco,2010-2014,2,25,5,8.274558815399287e-4,2.5,0.004128738535238834,98504.96789784107,406.7012568722712,491508.08634702465,0.9953362586126638,5722919.309005113,58.0977734538254
Yauco,2010-2014,2,30,5,0.0010429045103223559,2.5,0.005200962284051645,98098.2666409688,510.20538493053755,489215.81974251766,0.9943435870583782,5231411.222658088,53.32827379921607
Yauco,2010-2014,2,35,5,0.001226598815741858,2.5,0.006114244765238796,97588.06125603826,596.6772926845297,486448.61304847995,0.9931193605182681,4742195.402915571,48.594011827672695
Yauco,2010-2014,2,40,5,0.001536227202493347,2.5,0.007651748950256649,96991.38396335373,742.1537204255292,483101.53551570483,0.9905535141066348,4255746.789867091,43.877575676980136
Yauco,2010-2014,2,45,5,0.0022637516529079712,2.5,0.011255061603767085,96249.2302429282,1083.2910156993166,478537.9236753927,0.9871828447251005,3772645.2543513863,39.19662780501641
Yauco,2010-2014,2,50,5,0.0029002838454401025,2.5,0.014397030539460749,95165.93922722888,1370.1069333708874,472404.4288027172,0.9821780143909306,3294107.3306759936,34.61435212456227
Yauco,2010-2014,2,55,5,0.004305238293090778,2.5,0.02129697013705177,93795.832293858,1997.5670393422042,463985.2438709345,0.975440887496307,2821702.901873276,30.083457152264632
Yauco,2010-2014,2,60,5,0.005657346107923244,2.5,0.02789224039550923,91798.26525451579,2560.459282369673,452590.1780666548,0.9619262453338742,2357717.6580023416,25.683684233742746
Yauco,2010-2014,2,65,5,0.009951028787248302,2.5,0.04854740243821939,89237.80597214612,4332.263679233525,435358.3706626468,0.9333640679866815,1905127.479935687,21.34888301187432
Yauco,2010-2014,2,70,5,0.017895850709261963,2.5,0.0856474199439345,84905.54229291259,7271.940636328582,406347.8598737415,0.8978650190857523,1469769.1092730402,17.310638028817205
Yauco,2010-2014,2,75,5,0.025569702759791313,2.5,0.1201669319689512,77633.60165658401,9328.99172877139,364845.52896099153,0.8278249918613744,1063421.2493992988,13.697950716023637
Yauco,2010-2014,2,80,5,0.052306104456085356,2.5,0.231286307837854,68304.60992781262,15797.921038508597,302028.2470427916,0.5676513823679843,698575.7204383073,10.227358317053469
Yauco,2010-2014,2,85,NA,0.12159528432470959,7.552322985582416,1,52506.68888930402,52506.68888930402,396547.47339551564,0,396547.47339551564,7.552322985582416
Yauco,2015-2019,1,0,1,0.010786039528022892,0.12776699742380673,0.01068551088654305,100000,1068.5510886543052,99067.97447553699,0.9889710505102594,7716580.631136835,77.16580631136834
Yauco,2015-2019,1,1,4,3.276497117777739e-4,1.6208045556988457,0.0013095779751584001,98931.4489113457,129.5584465448046,395417.55077959265,0.9985920339867251,7617512.656661298,76.99788834071856
Yauco,2015-2019,1,5,5,1.7833183474699613e-4,2.5,8.912618228447111e-4,98801.89046480089,88.05835299615865,493789.30644151405,0.9990628674731888,7222095.105881705,73.09672995026997
Yauco,2015-2019,1,10,5,1.9670551511386967e-4,2.5,9.83044150054558e-4,98713.83211180473,97.0400551869825,493326.5604210562,0.9980519809234591,6728305.799440191,68.15970624886302
Yauco,2015-2019,1,15,5,5.83639055516477e-4,2.5,0.0029139435494298415,98616.79205661775,287.36376507884415,492365.55087039166,0.9955419121548285,6234979.239019135,63.22431615337393
Yauco,2015-2019,1,20,5,0.001204967935458987,2.5,0.006006744839973306,98329.4282915389,590.6397860077268,490170.54199267516,0.9927230726555615,5742613.6881487435,58.40178050382183
Yauco,2015-2019,1,25,5,0.001718306997492605,2.5,0.008554785617491562,97738.78850553118,836.1343821781775,486603.60657221044,0.9912841776412386,5252443.146156068,53.73959741539895
Yauco,2015-2019,1,30,5,0.0017835672008999005,2.5,0.008878248621890902,96902.654123353,860.325855428222,482362.4559781944,0.989195462322802,4765839.539583858,49.18172348011382
Yauco,2015-2019,1,35,5,0.0025659720112535945,2.5,0.01274808200223075,96042.32826792478,1224.3554764446744,477150.75264851225,0.9866381957778595,4283477.083605663,44.59988799580376
Yauco,2015-2019,1,40,5,0.0028163816173889596,2.5,0.013983451249329135,94817.9727914801,1325.8825000898796,470775.1577071758,0.983704149804517,3806326.330957151,40.143510970518975
Yauco,2015-2019,1,45,5,0.0037632843792921797,2.5,0.01864104303132713,93492.09029139022,1742.7900782105135,463103.47626142483,0.9749458404006127,3335551.1732499753,35.6773622544318
Yauco,2015-2019,1,50,5,0.006419207304778247,2.5,0.03158909416387111,91749.30021317971,2898.277283903415,451500.80785614,0.9579241534980364,2872447.6969885505,31.307570633393514
Yauco,2015-2019,1,55,5,0.010868429674717985,2.5,0.052904671616276065,88851.0229292763,4700.634190843586,432503.5291692725,0.9405803565161183,2420946.8891324103,27.247259618602673
Yauco,2015-2019,1,60,5,0.013714328211800882,2.5,0.06629854117491352,84150.38873843271,5579.048012659958,406804.3236605137,0.9280939638253615,1988443.359963138,23.629639622270535
Yauco,2015-2019,1,65,5,0.01621396846072588,2.5,0.07791169777741776,78571.34072577275,6121.626552592934,377552.63724738144,0.9002536714306204,1581639.036302624,20.12997387715212
Yauco,2015-2019,1,70,5,0.026308765760863967,2.5,0.12342587285958719,72449.71417317982,8942.169210252308,339893.1478402683,0.8577242319539454,1204086.3990552428,16.619615588504058
Yauco,2015-2019,1,75,5,0.03567759930000563,2.5,0.1637798195607399,63507.54496292751,10401.254254773841,291534.58917770296,0.796962167409178,864193.2512149743,13.607725691796881
Yauco,2015-2019,1,80,5,0.05713889014877555,2.5,0.24998481371899794,53106.29070815367,13275.766189984752,232342.03806580644,0.5942748211661828,572658.6620372714,10.783254759484612
Yauco,2015-2019,1,85,NA,0.15257454272582477,8.544116053913065,1,39830.52451816892,39830.52451816892,340316.623971465,0,340316.623971465,8.544116053913065
Yauco,2015-2019,2,0,1,0.007390823402879015,0.13383986238476483,0.00734381099352389,100000,734.3810993523948,99363.9083659229,0.9924939079862006,8330951.73856743,83.3095173856743
Yauco,2015-2019,2,1,4,1.8171512844842628e-4,1.5120516195135367,7.265320502089234e-4,99265.6189006476,72.11965361514012,396883.0456271774,0.999222923957081,8231587.830201507,82.92486282123814
Yauco,2015-2019,2,5,5,8.563995976317155e-5,2.5,4.28108140905954e-4,99193.49924703247,42.46554455260048,495861.3323737808,0.9995119780287477,7834704.784574329,78.98405484277455
Yauco,2015-2019,2,10,5,1.0962232684186983e-4,2.5,5.479614621830887e-4,99151.03370247986,54.33094540456659,495619.34114888794,0.9989450952154094,7338843.452200549,74.01681231304195
Yauco,2015-2019,2,15,5,3.126694234651423e-4,2.5,0.00156212604470127,99096.7027570753,154.80154032085557,495096.50993457437,0.9977217859753419,6843224.11105166,69.05602225562514
Yauco,2015-2019,2,20,5,5.99983076256969e-4,2.5,0.0029954223744575546,98941.90121675444,296.37278467604483,493968.57412208215,0.9967977989348952,6348127.601117086,64.1601538180481
Yauco,2015-2019,2,25,5,6.830847244169772e-4,2.5,0.0034096010061756975,98645.5284320784,336.3418929967447,492386.7874279001,0.9958320637613031,5854159.026995004,59.34540693373486
Yauco,2015-2019,2,30,5,9.882085613359542e-4,2.5,0.004928865937886031,98309.18653908165,484.55280091376335,490334.55069312383,0.9949272110350663,5361772.239567104,54.5398902007555
Yauco,2015-2019,2,35,5,0.001046214248733526,2.5,0.005217424883031818,97824.63373816789,510.39267823897535,487847.186995242,0.9940217049320563,4871437.68887398,49.79765834761627
Yauco,2015-2019,2,40,5,0.0013531935688827635,2.5,0.00674315585656612,97314.24105992891,656.2050945305527,484930.6925633182,0.9915917627515719,4383590.5018787375,45.04572459419579
Yauco,2015-2019,2,45,5,0.0020271460554600156,2.5,0.010084622769131957,96658.03596539836,974.7598303162376,480853.28025120124,0.987216057282654,3898659.8093154198,40.334564740287725
Yauco,2015-2019,2,50,5,0.00312639873380287,2.5,0.015510761605405703,95683.27613508212,1484.1204857554549,474706.079461022,0.9807741625510168,3417806.5290642185,35.719999012566056
Yauco,2015-2019,2,55,5,0.004653401792232703,2.5,0.02299944481683596,94199.15564932667,2166.528282149229,465579.4575412603,0.9708395415616817,2943100.4496031967,31.24338460696419
Yauco,2015-2019,2,60,5,0.0072213597437709234,2.5,0.03546650769161371,92032.62736717744,3264.075886397419,452002.9471198936,0.9610861060739672,2477520.9920619363,26.920028939057765
Yauco,2015-2019,2,65,5,0.008682050207476444,2.5,0.04248804273673781,88768.55148078002,3771.6020089936937,434413.75238141586,0.9409051749680897,2025518.0449420426,22.817968876968816
Yauco,2015-2019,2,70,5,0.015895204111078417,2.5,0.07643850640236324,84996.94947178633,6497.039866380481,408742.1476929805,0.9000045681184098,1591104.2925606268,18.7195458478045
Yauco,2015-2019,2,75,5,0.026780940336723402,2.5,0.12550204475201568,78499.90960540585,9851.899168326825,367869.80010621215,0.8421123286450959,1182362.1448676463,15.061955495375802
Yauco,2015-2019,2,80,5,0.043193914835283224,2.5,0.19492106452470861,68648.01043707902,13380.943271898752,309787.69400564826,0.6196554872515279,814492.3447614341,11.864762570329356
Yauco,2015-2019,2,85,NA,0.11622850315928168,9.132104825597898,1,55267.06716518027,55267.06716518027,504704.6507557858,0,504704.6507557858,9.132104825597898
Yauco,2020-2024,1,0,1,0.01273227042037089,0.12388339098967091,0.012591809371274368,100000,1259.1809371274285,98896.81066723347,0.9870706664054796,7629682.438244726,76.29682438244726
Yauco,2020-2024,1,1,4,3.450462843197049e-4,1.6150608783643503,0.0013790502969556098,98740.81906287257,136.16855585029407,394638.5225355063,0.9985566933787018,7530785.627577493,76.2682110504098
Yauco,2020-2024,1,5,5,1.6252662104378806e-4,2.5,8.123030530427539e-4,98604.65050702228,80.09685865108622,492823.01038848364,0.9991020805499081,7136147.105041986,72.37130366922983
Yauco,2020-2024,1,10,5,1.968178856005646e-4,2.5,9.836054501404185e-4,98524.55364837119,96.90928794117644,492380.495022003,0.9979609227759413,6643324.094653503,67.42810648361998
Yauco,2020-2024,1,15,5,6.200773897054157e-4,2.5,0.003095588187919159,98427.64436043001,304.69145324685087,491376.4931690329,0.994936990651362,6150943.5996314995,62.492033001495955
Yauco,2020-2024,1,20,5,0.0014122767199859316,2.5,0.007036539746745696,98122.95290718316,690.4460581994645,488888.64939041715,0.9917987603617148,5659567.1064624665,57.67832029898229
Yauco,2020-2024,1,25,5,0.0018836675442574502,2.5,0.009374193063220274,97432.5068489837,913.3511298359081,484879.1564203287,0.990085185828165,5170678.457072049,53.06933614144183
Yauco,2020-2024,1,30,5,0.0021031100700036574,2.5,0.010460551124001597,96519.15571914779,1009.6435628455947,480071.669688625,0.9891331715920575,4685799.300651721,48.547868718272845
Yauco,2020-2024,1,35,5,0.002268270196177979,2.5,0.011277400502265765,95509.5121563022,1077.099020362657,474854.8132306043,0.9859383467261865,4205727.6309630955,44.03464676984616
Yauco,2020-2024,1,40,5,0.003404260646208124,2.5,0.01687766331845322,94432.41313593954,1593.7984752574557,468177.56949155405,0.9803187797048172,3730872.8177324915,39.50839223351985
Yauco,2020-2024,1,45,5,0.0045579331584471765,2.5,0.022532907081379807,92838.61466068208,2091.9238777131686,458963.2636091275,0.9721549529963247,3262695.2482409375,35.14373044197002
Yauco,2020-2024,1,50,5,0.006768556414532704,2.5,0.0332796441996119,90746.69078296892,3020.017581549415,446183.4099609711,0.9607856814983823,2803731.98463181,30.896244925748924
Yauco,2020-2024,1,55,5,0.009281123936201478,2.5,0.0453532957833072,87726.6732014195,3978.6937577895005,428686.6316126237,0.9473398419359621,2357548.5746708387,26.87379435052703
Yauco,2020-2024,1,60,5,0.012437922240591499,2.5,0.06031415429998195,83747.97944363,5051.188554474822,406111.92583196296,0.9298210730122618,1928861.943058215,23.03174304469655
Yauco,2020-2024,1,65,5,0.016813609637665854,2.5,0.08067687450168362,78696.79088915518,6349.01112224962,377611.4266401519,0.9051432933173383,1522750.0172262522,19.34958211156352
Yauco,2020-2024,1,70,5,0.02334334595571152,2.5,0.11028091585100104,72347.77976690556,7978.579412480867,341792.4503033256,0.8479727864433909,1145138.5905861002,15.828247864351564
Yauco,2020-2024,1,75,5,0.04418483713855996,2.5,0.19894797590660146,64369.20035442469,12806.122121239292,289830.6964690252,0.7694261633034267,803346.1402827747,12.480287713059235
Yauco,2020-2024,1,80,5,0.06244224570398802,2.5,0.27005424475841533,51563.0782331854,13924.828149681962,223003.3207917221,0.5657320077161988,513515.44381374953,9.95897571303757
Yauco,2020-2024,1,85,NA,0.141757027623688,7.7185342670688275,1,37638.25008350344,37638.25008350344,290512.12302202743,0,290512.12302202743,7.7185342670688275
Yauco,2020-2024,2,0,1,0.0058346690305032594,0.13703817978167757,0.00580543808888017,100000,580.5438088880182,99499.01285796551,0.9940041502266636,8339156.537798383,83.39156537798384
Yauco,2020-2024,2,1,4,1.7689011211895002e-4,1.514554552229392,7.072495057186177e-4,99419.45619111198,70.3143612499698,397503.0622553663,0.999266596827674,8239657.524940418,82.87771670266928
Yauco,2020-2024,2,5,5,8.709525059630256e-5,2.5,4.3538145383944496e-4,99349.14182986201,43.254773807595484,496637.5722147911,0.9995289707692497,7842154.462685051,78.9353014856932
Yauco,2020-2024,2,10,5,1.0136418719884781e-4,2.5,5.066925348018642e-4,99305.88705605442,50.31755163318303,496403.6414011891,0.9988678559058423,7345516.890470261,73.96859449353687
Yauco,2020-2024,2,15,5,3.5189184273585333e-4,2.5,0.001757912725808133,99255.56950442123,174.4826287391479,495841.64095025836,0.9977081210643681,6849113.249069071,69.00482545479713
Yauco,2020-2024,2,20,5,5.661572954966419e-4,2.5,0.0028267854644494547,99081.08687568209,280.0809761820419,494705.2319379553,0.9967690365062464,6353271.608118813,64.12194101272141
Yauco,2020-2024,2,25,5,7.285821242504696e-4,2.5,0.0036362872864634565,98801.00589950004,359.26884164214425,493106.85739339486,0.9961188061952212,5858566.376180857,59.296626819165844
Yauco,2020-2024,2,30,5,8.271055546154899e-4,2.5,0.0041269941236685695,98441.7370578579,406.26847036150866,491193.0141133857,0.9948303471555743,5365459.518787463,54.50390941023299
Yauco,2020-2024,2,35,5,0.001247203190677061,2.5,0.006216632443837255,98035.46858749639,609.4504746678285,488653.71675081237,0.9936284438675875,4874266.504674077,49.719418644118655
Yauco,2020-2024,2,40,5,0.0013097645003219878,2.5,0.0065274489493311934,97426.01811282856,635.9433595681039,485540.2321652226,0.992428910391842,4385612.787923264,45.01480069568592
Yauco,2020-2024,2,45,5,0.00173178282589791,2.5,0.008621587337282837,96790.07475326046,834.4840828673769,481864.1635591338,0.988816748791043,3900072.5557580423,40.294137241862856
Yauco,2020-2024,2,50,5,0.0027725234842924562,2.5,0.013767192758373849,95955.59067039308,1321.0391130029166,476475.3555694581,0.9824691185625605,3418208.392198908,35.622816433285635
Yauco,2020-2024,2,55,5,0.004315483317060026,2.5,0.021347108854972385,94634.55155739016,2020.1740735370986,468122.32260310807,0.9748816796238909,2941733.03662945,31.08519022088318
Yauco,2020-2024,2,60,5,0.005879528719418457,2.5,0.028971792383660384,92614.37748385307,2683.2045162041613,456363.8761287549,0.9603691872450285,2473610.714026342,26.7087117705629
Yauco,2020-2024,2,65,5,0.010384336060571294,2.5,0.05060785779620303,89931.1729676489,4551.224012992505,438277.80480576324,0.9355059936560381,2017246.837897587,22.43100775104151
Yauco,2020-2024,2,70,5,0.016475860744384025,2.5,0.07912036349447028,85379.9489546564,6755.29259643174,410011.51328220265,0.9078028620408195,1578969.033091824,18.493440818644473
Yauco,2020-2024,2,75,5,0.022475137821685767,2.5,0.10639744595418942,78624.65635822466,8365.46262554091,372209.62522727106,0.847676692186907,1168957.5198096214,14.867569207344976
Yauco,2020-2024,2,80,5,0.04536421215539633,2.5,0.2037173662241539,70259.19373268375,14313.017900254927,315513.42391278147,0.6039984215105189,796747.8945823503,11.340122939835453
Yauco,2020-2024,2,85,NA,0.1220686210919049,8.601740217436355,1,55946.175832428824,55946.175832428824,481234.4706695688,0,481234.4706695688,8.601740217436355
