country_code	reg_code	name	include_code	1980	1985	1990	1995	2000	2005	2010	2015	2020
630	72001	Adjuntas	2	72.1850907573073	71.1358380461081	70.9613443443882	71.3328380293457	73.6657621752017	75.89770851043	76.5296540629282	77.2892395043304	79.0787298608468
630	72003	Aguada	2	72.8333969182717	72.6139125506263	72.4259639457208	72.6040281612464	75.1132503151913	76.5388582970975	76.2836173241977	78.9643422196659	77.2516212051185
630	72005	Aguadilla	2	71.0247980300874	70.5628020423462	70.4541180769563	70.5446744257729	72.9524842626285	73.7235122537921	75.0425794449422	76.737175617975	75.6901969849233
630	72007	Aguas Buenas	2	71.4920092078808	71.9001179631815	71.783243418566	71.8874455757271	73.9802776949294	74.4172718769679	76.4408375208317	77.2629075174326	76.9970240845013
630	72009	Aibonito	2	71.3727678280481	70.9978903056241	72.2620118352047	72.1368537299716	73.9385919081378	74.2434995424103	75.0909776498749	76.5919031094184	78.8722677013378
630	72011	Añasco	2	71.4608889427444	70.9592961742103	70.1820841349229	71.2339857910942	73.6041449966028	74.9029977885533	75.2545002557937	76.0193232194925	77.2697790763977
630	72013	Arecibo	2	70.8602610681619	70.3546413568214	70.6166846609226	70.3730856578581	73.0170259223066	73.5829573346967	75.2706511207243	76.699540321083	76.6186880083881
630	72015	Arroyo	2	69.5546700670065	69.4117463939557	69.5938201734095	69.640886737891	72.0334159429316	72.8303705233723	74.1778390840504	75.9505827087353	76.2056543393511
630	72017	Barceloneta	2	70.2162312144248	71.5698780365614	71.1367121438243	69.9530473017051	73.2903871959152	74.372959752061	74.8579367788018	77.4318519300534	75.842098420239
630	72019	Barranquitas	2	71.040871669	71.1370100141785	70.6558003029686	70.916851936047	73.7464363104165	74.8229217652711	75.6356425948078	77.5231225877135	76.9228713554612
630	72021	Bayamón	2	71.8098152952481	71.358207277045	69.3469750140898	70.56275506324	73.4004080150577	74.317119148579	75.4086002900724	76.7748895628473	75.6136285598004
630	72023	Cabo Rojo	2	72.2157331895152	72.9758301184	72.3304904180556	72.1996626718976	74.5274229724454	75.3965239993501	76.0209328553126	79.2252570149248	78.0663847242476
630	72025	Caguas	2	71.4374712031078	70.4485210401503	68.8704720896565	69.7906167446656	72.813403409955	74.4782068702119	74.0670598283055	76.9102590351401	75.9256660840118
630	72027	Camuy	2	71.9049958260752	72.5580057035368	71.8366474933104	71.9615023077985	74.5697864036359	75.2568084750035	76.2223622786181	77.4623088250822	77.6256640509377
630	72029	Canóvanas	2	71.8155995568889	71.2370448294711	68.77046578091	68.7612497798334	71.7854656424068	72.4162513971489	74.3086836639593	75.6477879603074	74.893625323281
630	72031	Carolina	2	72.4057432636082	71.1771782666189	70.0175734157688	70.5421932049842	73.5092706871433	74.3134439752862	75.2944869775081	77.4927506795614	77.2862203853713
630	72033	Cataño	2	65.8851458306149	66.4156356643027	64.9348646221129	66.1724828955365	69.7385319356566	70.9392146066208	73.3366847410763	74.1464934354465	73.9787894622724
630	72035	Cayey	2	70.8416096918881	69.9045895448104	69.7947071601682	70.5213155776555	73.4898359765547	73.877134218268	75.1883580735609	77.1347692287033	77.9746112610746
630	72037	Ceiba	2	70.7513510770199	70.4084430309248	70.6846210342835	71.2225751180785	73.2631835402832	74.191290137299	75.5768559655033	77.0946110957837	75.6892000185989
630	72039	Ciales	2	72.4936021617343	72.6042512066612	71.9480216464713	71.6386295638338	73.5965758290144	74.4544889253633	76.2997893053986	77.2076243639251	77.2560963406061
630	72041	Cidra	2	72.9960535446915	72.6788127722546	72.8920530766748	73.6803753383907	74.7655239439522	75.5028625030374	77.2776460461602	77.7626425249258	78.2279244676219
630	72043	Coamo	2	71.5089782830869	71.3491399469671	70.8249219209312	70.9937689632095	73.2285354391842	75.5621491218939	75.4798493772737	76.1367212663596	77.5898336646665
630	72045	Comerío	2	72.1169483811286	71.6583573772765	71.5039707034202	71.4371991047352	73.4591933926983	73.9316727458394	76.203844761371	75.9303072463895	75.9805585042356
630	72047	Corozal	2	71.6666102961131	73.1604026445154	70.9603472997672	71.5277722988735	74.7858871997588	74.8060494455424	75.7396803869818	77.3964526140241	76.1155367952925
630	72049	Culebra	2	73.1484685326553	72.7054829783691	71.9665189974333	72.052197273654	74.4362678329666	74.9089644781462	76.7906127739692	77.0222862354402	76.5416351261132
630	72051	Dorado	2	72.110019788213	70.87948511938	70.6537872717447	71.3856201945505	73.0270048599796	74.2938317356353	77.0040590874888	77.7572409582992	77.0645949917951
630	72053	Fajardo	2	70.0064774313983	70.5154240838483	68.6402737349351	69.6024126779559	71.885842544633	71.5482657670825	73.2880123223877	75.9718940049713	74.1196913198246
630	72054	Florida	2	70.9281736231689	70.6638912398376	70.2687082778289	71.2818229072543	73.6882568329064	74.3779299740115	76.0257467547497	76.2964969412828	77.0312125101556
630	72055	Guánica	2	69.886550007334	69.4923299157854	68.9689808878587	68.9486318366025	71.5414529074526	71.6265494443109	74.5600677299036	74.6587206676082	73.613837072974
630	72057	Guayama	2	70.091150349796	69.0715311695615	69.487037641917	69.7092544633119	71.4960460797419	73.1385021910027	74.984489434822	76.1158697581709	74.5304027098786
630	72059	Guayanilla	2	71.4053366810575	70.120189564975	70.9309950208082	70.9858225189093	72.7163443444544	73.0731516307074	74.6564521831057	75.4376739310884	74.7578407553567
630	72061	Guaynabo	2	72.5902556618899	72.703987915593	71.8073158907699	71.9038508414337	74.6825475265587	75.1633688963422	77.1975629060813	79.1201388306324	77.3323900549388
630	72063	Gurabo	2	71.5597253329207	71.9243914345713	70.5352286562537	72.2670346641248	73.8545279836865	75.2988784143346	75.7159188362059	77.7623355886391	77.2444147678498
630	72065	Hatillo	2	72.0332292475173	72.3578169888857	72.0223188376812	72.1992767255386	73.8963158268257	74.9967352373643	76.5914336282917	78.9094825820513	77.6109360367399
630	72067	Hormigueros	2	73.0835482443281	72.9546990865931	73.2136403255416	73.4398912038628	75.0878268719477	75.7663773132594	76.7423886456084	77.747236193129	78.2115176694893
630	72069	Humacao	2	70.6405470429701	70.746645120934	69.8321536983745	71.2597213094107	73.2333611128046	73.6415505293077	74.9775743321854	76.893437875308	76.666261401032
630	72071	Isabela	2	72.1152659461704	71.3453365035207	71.5499418722242	71.2863788446869	73.0118534498019	74.4245030553045	75.4324424563426	77.6353939750697	77.3915399321479
630	72073	Jayuya	2	71.5955291729544	71.3124608154627	70.7931969851131	71.4855045009043	73.5983696375013	74.8132896072718	76.3110507485508	77.3434130818427	77.8435841819928
630	72075	Juana Díaz	2	70.7485328735855	70.6557978582354	70.4944112561742	70.4624700803866	72.5440626150728	74.1715352973493	75.287919905899	76.097989056692	76.1034667977412
630	72077	Juncos	2	70.5004210293878	69.7803874242891	69.6322855615998	70.4351059793277	72.4966226910485	72.8698391480642	74.1568003569544	76.8788810479544	75.7739377077227
630	72079	Lajas	2	71.6397371975931	71.9783562818552	71.4336276956717	71.8981651683053	73.6967683381075	74.7633284458671	75.8727290961879	77.7113117551751	77.0228807947036
630	72081	Lares	2	71.5730291687207	72.1711181488717	71.9275092458878	73.5427240641082	74.7205659514112	75.5462878954132	77.5619300124507	77.7704793503702	77.9899812695894
630	72083	Las Marías	2	73.0161525332831	72.8612691828596	73.0739444449858	73.3376530853432	75.5875140371004	76.3716147293049	77.1843387087031	78.3155770598863	78.8758624756861
630	72085	Las Piedras	2	72.3149880124465	71.8882717532478	71.6413095247019	72.6583642022477	74.2636115877438	75.8355896316751	76.1787221740365	77.4520133139191	77.0997982301131
630	72087	Loíza	2	70.7790798492603	70.6764714380688	69.0909820473262	68.7825071437709	70.4243734509648	71.1956559300765	73.8983195422876	76.3678763772611	75.2636345191604
630	72089	Luquillo	2	70.8909042468568	70.6708874070757	69.5687172635334	69.5105525560905	72.0813648747844	73.5459915672347	74.5485061620248	76.0255087995544	75.6676607766425
630	72091	Manatí	2	69.8282227659559	69.588507511757	69.7615595767959	70.3325765007902	73.2041876822797	73.9584036468121	75.1825463894302	76.4913650539743	76.432501817086
630	72093	Maricao	2	71.2762285077006	72.0528303849982	71.2589129712894	71.4936889186828	75.0367002582156	75.4543189165568	77.0895340672451	77.62371336188	78.0972651315895
630	72095	Maunabo	2	71.0323177552606	71.5055867838446	71.4610712403338	71.0902098529041	73.6149446444715	74.1878849690971	74.8942707306569	77.5997403509028	76.0921878676457
630	72097	Mayagüez	2	70.2503652787758	70.488540276766	70.0769067967876	70.5975454636835	73.3481710229497	73.4657283196771	74.5089786173023	76.9387464238248	75.4507077203582
630	72099	Moca	2	71.8952869085187	73.2944183910281	73.1265853224682	73.2553624399511	74.952800729595	76.5506762688162	77.6470107996552	77.7522461439954	78.6083952096703
630	72101	Morovis	2	72.6398804078568	72.6572638063806	72.7482252374142	72.2460248757891	74.3103077358958	75.6587200450365	77.1108766278372	77.4046385340706	77.1510633216234
630	72103	Naguabo	2	70.7735029414026	70.5081196350483	69.8010010734646	70.188978657015	72.1468782655727	73.6470256306574	74.6247446806023	75.5590902405931	75.8877910667565
630	72105	Naranjito	2	73.9627639329042	73.3013657116087	72.5350049207075	71.9579530428864	74.5612017508395	76.0278297752255	77.3644180676598	78.8709961289478	77.360227956459
630	72107	Orocovis	2	72.836907259067	72.5546817659027	71.3164563475658	73.0543518999762	74.3274057731942	75.5470491807639	76.7715086430521	77.3083568468887	78.3600852053358
630	72109	Patillas	2	71.1380214089911	70.6998395121518	71.0138907534247	70.7558111755943	73.5594118646349	74.3493594046691	75.0132666345297	76.7499862053126	76.4323482619354
630	72111	Peñuelas	2	71.4441843162848	71.7310322925913	70.8865338617263	71.7431500268532	72.8680943817972	74.110170794891	76.0042894567816	76.5489025633444	77.3053128290001
630	72113	Ponce	2	70.6602106795705	68.912517665005	68.1241708317462	68.9253009448758	71.9017063739378	72.327826140675	74.2831703560525	75.4351577513	75.34576145471
630	72115	Quebradillas	2	71.3881084893202	70.7324090657966	71.3324090213269	71.5166306256062	73.2323323714325	74.7158113947736	75.9169502470592	76.6226637758954	77.3846895785011
630	72117	Rincón	2	71.7806604506168	72.4032909784268	72.6086061666966	71.6127012487633	74.4282974712868	75.5968590637807	76.8032576370926	77.9708345909687	77.8909538075636
630	72119	Río Grande	2	70.7041444166334	71.8462000089044	70.0750930542478	69.5806833864817	73.1322089963576	74.0839009662279	75.3220375348508	77.296820643401	76.1295568595619
630	72121	Sabana Grande	2	71.5044094939276	71.9033471766604	71.443100214025	71.668223544917	73.8384793336315	74.692491242327	75.0317715125255	76.4045853969102	75.7832464616928
630	72123	Salinas	2	69.461555712676	68.8192298178963	69.265885075891	69.4884962450805	72.716791837879	73.2768577962357	75.3392857335463	77.3463365697637	76.3804939312943
630	72125	San Germán	2	72.0376235785	72.5327914779944	71.8745694309001	72.7311928122227	74.2684980943055	74.1633141801558	76.1977816874752	77.1081201278186	77.2058954399079
630	72127	San Juan	2	68.3762676664353	67.1242073983941	64.6992709242933	67.0551536891292	70.9432711308809	72.0360910531924	73.6774684928181	74.7211486069075	74.7936743608576
630	72129	San Lorenzo	2	72.312432769346	70.8579741027808	70.6406539108745	71.6688670753883	73.3331143759754	74.4092703025546	76.0790949735582	77.938582168159	77.7339296843951
630	72131	San Sebastián	2	72.6980504562657	71.6003627292214	72.1596747456453	72.3237231406023	74.2783657440546	75.610786525374	76.1252058847469	78.0015012494163	76.727768951218
630	72133	Santa Isabel	2	69.33638524851	69.194405520419	68.1077062160837	69.0089081883828	70.4663435027303	71.9977982646152	74.6743917940462	75.2009435860583	74.3055027421821
630	72135	Toa Alta	2	73.8837869698257	72.849996455215	72.7324161645076	72.9184613975899	74.6491498893121	76.3626126203836	77.4068133458798	78.3986626415498	79.0596855239315
630	72137	Toa Baja	2	72.069179470428	71.1704450205724	69.9216377797441	71.0512465329061	72.7905310070061	73.5901896059487	75.5785292292596	76.2195649740537	75.6472186965442
630	72139	Trujillo Alto	2	73.6095712126816	72.6164564351043	72.56149055787	72.2118117733595	74.5391510644916	75.8268270768712	77.0623411319902	78.6719204735305	78.3837965774719
630	72141	Utuado	2	72.5444520096938	72.2386044991702	72.7674225339047	72.089822700245	74.5982943210711	74.561379298177	75.8438910627322	77.8594395777841	77.7778085610784
630	72143	Vega Alta	2	72.1096980184557	71.963399304014	70.7196687737903	71.7070719260753	73.9849494643265	74.0741690917195	76.3432810480447	78.5212425403314	78.3733394351258
630	72145	Vega Baja	2	71.688481583795	70.9912563295871	69.5960489655724	69.81875974444	71.6214401818113	73.2287627334583	75.4092156142331	76.40113411063	76.0794049312577
630	72147	Vieques	2	69.158611147188	69.0900282404885	69.221222138597	68.6010505423552	71.2316936293752	71.7170389147495	74.3128698075884	75.3509677122854	74.4719255643313
630	72149	Villalba	2	71.507406013772	70.6800739120734	71.5936946566469	72.1394519877464	74.1922841412124	74.4899167080562	76.7039830519419	77.167271440123	76.5303244781783
630	72151	Yabucoa	2	70.5502060698796	71.5364510967727	71.5344888033162	70.8073375065207	74.1683237804833	74.5877432616581	75.7559639739122	77.6680297966333	76.5412439979779
630	72153	Yauco	2	70.6155066861856	69.7241589126131	70.9556851086814	71.0973806173702	72.7922774770107	73.146219969065	75.0684186304326	76.1663958423008	75.673536344062
630	630	Puerto Rico	0	71.0219304301176	70.56128428093	69.7210747539397	70.4587139780467	73.0738511411843	73.9924788358299	75.3561261427583	76.8496738582737	76.4541465703111
