country_code	reg_code	name	include_code	1980	1985	1990	1995	2000	2005	2010	2015	2020
630	72001	Adjuntas	2	72.2761640184542	71.5978745658838	71.4698606443412	72.0566550731687	73.8679589077475	75.9229066211046	76.8845368846768	79.3026151541008	78.9664347767626
630	72003	Aguada	2	72.9297520426758	72.8693065938553	72.8844373003807	72.6130608527312	75.0975118512935	76.5832985291459	76.9051269677175	79.0785327223844	78.0867787362816
630	72005	Aguadilla	2	71.0722728479177	70.6856102675452	70.728547698398	70.7218327438194	73.2646835161899	74.0473426229221	75.5393912705755	76.8494221986291	76.4362618501241
630	72007	Aguas Buenas	2	71.5501558343366	71.9495503024186	71.778890861833	72.1258206719459	74.4140007234639	75.1313514892433	77.3951563966123	77.9208901212219	78.0358620233231
630	72009	Aibonito	2	71.6526661811007	71.2899329927721	72.2534909409633	72.1709661716194	74.0627636118737	74.9252912584517	75.5359206548546	77.6688995977043	78.9434350612745
630	72011	Añasco	2	71.6036374850469	71.3342206362678	70.6308316434498	71.2813419872111	73.8656555210191	75.7044806363205	75.9303664512627	77.5732314290905	77.2904479902231
630	72013	Arecibo	2	70.9807929817464	70.4171103886444	70.6444014912346	70.4533960823148	73.230724144339	73.762830810474	75.5493061883474	77.2398051098845	76.7423410717792
630	72015	Arroyo	2	69.9001794506797	69.611009768743	69.7688918134253	69.9716907610671	72.484363598577	73.5600318040506	74.2651841107957	76.2164340250414	76.6346194168074
630	72017	Barceloneta	2	70.6076696631393	71.7879988807386	71.1193889898196	70.4970549462202	73.5569798720126	74.6233985984908	75.4932795780305	77.7231805989676	75.9899720742882
630	72019	Barranquitas	2	71.5873507262156	71.5701545641262	71.0925952880596	71.0431640828156	73.86683167038	75.2560278536573	75.759075788424	78.0884573091452	77.6834443640185
630	72021	Bayamón	2	71.9835726536755	71.6036824513156	69.769561199583	70.9647172120944	73.6180368460675	74.7730997275575	76.3183932310212	77.468701810954	76.3196806541972
630	72023	Cabo Rojo	2	72.6314286005489	72.9119016586638	72.6957401819025	72.445424767041	74.8244250548527	76.1425264679651	76.1413434551018	79.311165930264	79.1316002426086
630	72025	Caguas	2	71.7066991439325	70.525173514102	69.2782461499738	70.0313304728882	73.1771352016945	74.6234368317642	74.9037328223343	77.2304010626324	76.3281855004033
630	72027	Camuy	2	72.2002413371232	72.6283161239642	72.0130774989324	72.2212442530076	74.7550322414017	75.4910557015431	76.4425992532138	78.0365193839534	77.7472263565374
630	72029	Canóvanas	2	71.8179860255828	71.2312311673203	69.2785376595646	68.8666923217476	71.9092699464965	72.8882215021512	74.4633841591427	76.6855988827629	75.4596699151066
630	72031	Carolina	2	72.6115815620163	71.5644763049359	70.2615187314038	70.9243585404908	74.0308279166505	74.8886309296316	75.9750089057344	78.0537295649366	78.3359251356473
630	72033	Cataño	2	66.3026265332301	66.960071600469	65.4549692670119	66.5098825934088	70.3978671640044	70.9766522256685	73.2547694470107	74.5216837688479	73.9369240552919
630	72035	Cayey	2	71.1692201067121	70.0064093980844	69.931042136696	70.5541761526182	73.6131369199667	74.4966408327133	75.5772346687254	78.2622560134446	78.9704857929942
630	72037	Ceiba	2	71.4965178727043	70.6418296146975	70.7278526417434	71.4366077955409	73.5888308759594	74.7205716738749	76.0958227558695	77.7759416411023	76.0672526929881
630	72039	Ciales	2	72.6802292071382	72.8932257650917	72.0211472330688	71.7248699494406	73.7248573975968	74.9522881451351	76.4384098585839	78.9177300064471	78.0097341899327
630	72041	Cidra	2	73.1898751901566	72.7247161965521	73.7585641305697	73.6922353036086	75.6716363241531	76.2237210821117	77.5158194935171	79.1000046487698	79.4138347351614
630	72043	Coamo	2	71.8488908234928	71.3764539599693	71.2112781661662	71.3584823216243	73.33944442702	75.6341347528062	75.9434440519226	76.7069063649042	77.8784038981401
630	72045	Comerío	2	72.1295346569409	72.0023501818572	71.8362310632185	71.3831478394607	73.7472132279023	74.9226257729931	76.7817572151024	76.7893618924868	76.1959932222607
630	72047	Corozal	2	72.5175191312263	73.0607008881372	71.5426742821433	72.1231352637084	74.9396502658898	75.4281003801629	76.6416693824303	78.2253723270781	77.2239402984679
630	72049	Culebra	2	73.4354103037654	72.7924466315677	72.3135662404905	72.6252494033329	75.3787103945112	76.0382765476241	76.9068184507398	78.0379481074894	77.5274067148801
630	72051	Dorado	2	72.7190035932308	71.1443797845162	71.098700669019	71.5182911810471	73.2306310619718	74.9317689985186	77.2327351163116	78.4320717116555	77.7100479812722
630	72053	Fajardo	2	70.4117357076959	70.7058152958306	68.7212136062228	69.9619872034393	71.9928841524459	72.5235730565504	74.127508924861	76.446935408183	74.8626178630797
630	72054	Florida	2	71.3328539556379	70.8599046133248	70.4006003788291	71.5080656053528	73.8425524012373	74.7250228736809	77.1770892159784	77.0810559193526	77.0765240124398
630	72055	Guánica	2	69.8699530546932	69.4827054240246	69.060922493741	69.2888028165793	71.9957130412507	72.1726836355057	74.5217684602109	74.6704122313504	74.4930742030682
630	72057	Guayama	2	70.207294598271	69.4552987618546	69.515877988512	70.1098213059766	71.9235488717232	73.6859829338933	75.4746044330218	76.4475849278676	75.1390718388457
630	72059	Guayanilla	2	71.5786655264623	70.4083868577828	71.2372371722593	71.2308179592898	73.3621814357828	73.6837712559413	75.9815624742166	75.9797065924321	75.174024486496
630	72061	Guaynabo	2	73.1993718826531	73.2572281244938	72.0082385871588	72.1712305875093	74.875524946957	75.7364359991303	77.4699437355523	79.3514579625372	77.7275581462271
630	72063	Gurabo	2	72.0326823059174	72.0402004102859	70.7751290835315	72.403121339943	73.9639534436745	75.4703452698544	76.1974307597357	77.8882001226479	77.7584122432379
630	72065	Hatillo	2	72.3584477832126	72.4216612242187	72.0336977408922	72.2330021016238	74.0812655238776	75.2250165949375	77.0421461972532	78.9838768162777	78.1621809825932
630	72067	Hormigueros	2	73.6073783108883	72.99003821408	73.2752977553001	73.6043708108728	75.2145180733152	76.1706038327924	77.0282338573933	78.4143789062803	78.823209351027
630	72069	Humacao	2	70.7846661848006	70.7452775802394	69.8863414800656	71.3653699216737	73.3128195494911	73.9559459710372	75.7812816047609	77.1003073388074	77.3052827180069
630	72071	Isabela	2	72.6723620989709	71.5532853215602	71.5447973553928	71.5541587198591	73.2517518813233	74.810820462184	76.0156039730877	77.7887052821333	77.4367044035471
630	72073	Jayuya	2	71.7706499421866	71.4204060690639	71.0929165079048	72.072809304127	73.7902034035453	75.4239104913425	76.9265342408004	78.0565529169446	79.0063012172412
630	72075	Juana Díaz	2	70.9969720170943	70.6531117850026	70.5959586617361	70.6752908036463	72.6615138369585	74.2791864545059	75.8961010784333	77.2793676231887	76.535085709281
630	72077	Juncos	2	70.7105941467809	69.9534888310344	69.7684088158647	70.5385163715544	73.279597994072	73.1112546759116	74.6719698766851	76.8732683319922	76.4827138604042
630	72079	Lajas	2	72.010116577706	72.452789084653	71.9672454763768	72.0901431913012	73.9539734301194	75.4155095137364	76.396693938786	78.119564851773	77.4911273084522
630	72081	Lares	2	71.7291000152417	72.2339695199097	71.921193858153	73.7276805018807	74.7671219071433	75.6618418608209	78.176371307002	77.8456526617559	78.0107949087101
630	72083	Las Marías	2	73.433928037299	73.1193438609768	73.2057049137023	73.6759772711939	75.6050111840808	76.8384339344457	77.4091400649859	79.1718787433917	78.8741579642709
630	72085	Las Piedras	2	72.6330047409279	72.3000846776687	71.7547041592551	72.8710441701834	74.5013943639324	75.7924154227051	76.4397683272241	78.2838672372511	77.8178279255744
630	72087	Loíza	2	70.7616041231382	70.6163259837518	69.2014187890139	69.0520064812387	71.1721756367938	71.8290155593092	74.3854850838768	76.6455568469398	75.6186951193722
630	72089	Luquillo	2	70.8982677432008	70.6610831712332	69.9515634830793	69.5975656373835	72.0706667209249	73.8140359387534	74.9575355413662	77.0620414570075	76.4474121784444
630	72091	Manatí	2	70.303864164404	69.9351472763385	69.800496132124	70.7525838178611	73.18274026523	74.3511503123468	75.6271847143389	76.7589266009782	76.4829829295878
630	72093	Maricao	2	71.5610717139491	72.875687393692	71.6394276355383	71.8497877480484	75.1564920881596	75.5025411701128	77.0774802189338	77.8957568202431	78.1117523552946
630	72095	Maunabo	2	71.6556154639015	72.1442824582502	71.9444157301708	71.4286197838044	73.803454331641	74.2824441471927	75.4764908664938	77.6695396312768	76.1981105226795
630	72097	Mayagüez	2	70.4024355063019	70.539758613937	70.3252960757774	70.8621488692714	73.471794228263	73.9912976653933	74.9556930705622	77.2119933487499	76.453483010692
630	72099	Moca	2	72.3145081439856	73.3838891963645	73.518423419209	73.3613241717906	75.8389397324608	77.1280778695454	77.8649310510462	78.558774290605	79.0577306670736
630	72101	Morovis	2	72.6932427345147	72.7937820137794	73.4320768513871	72.6525023074605	74.5167437858819	76.1001857701919	77.2317150360918	78.3837917915688	78.4702644158167
630	72103	Naguabo	2	71.4801136573092	70.4581360391767	69.9851059887358	70.1653157832441	72.2410868743156	73.7356020210408	74.9420745887971	76.0472727123813	76.63080137929
630	72105	Naranjito	2	74.0742282117117	73.3230554001754	72.6274773115881	72.1001554504521	74.9004471637246	76.0380172293114	77.5138342351838	79.4187170772326	77.5179421581606
630	72107	Orocovis	2	73.3580641710886	72.6258166108786	71.4270274529439	73.081580119176	74.3166499147131	75.5609394112196	77.5915702441317	78.0821856567235	78.3724054717402
630	72109	Patillas	2	71.6856530748449	70.9521538516144	71.5419786706021	71.2737556624634	73.5648877777953	74.3779401174699	75.943925348422	77.2372856701153	76.4552404904642
630	72111	Peñuelas	2	71.5913584084041	71.8029984931419	71.0888556484215	71.8080461521802	73.0129304772046	74.2893878978671	76.6755038795416	76.8182318434163	77.3688426217185
630	72113	Ponce	2	70.7710360503048	69.1561789522664	68.4302537446371	69.168694864487	71.98229353236	72.7957795042568	74.8466689222912	76.0650485560342	76.0346631779054
630	72115	Quebradillas	2	71.4995776548571	70.911325659557	71.5383598275232	71.6734325598832	73.3493623474176	75.0839104051355	76.3027336447697	77.1631820414219	77.3941421920791
630	72117	Rincón	2	72.4962798935174	72.4016132332258	73.004691241838	71.7821430099973	74.731038263196	75.683654229337	77.6990184997082	78.8487370792895	79.419670714617
630	72119	Río Grande	2	71.2149804974915	71.7541320649949	70.1910638565285	69.991685183154	73.4794824016514	74.7562249683436	75.6726571665304	77.3135063268713	76.5123994547851
630	72121	Sabana Grande	2	71.9300469397467	71.9671423617268	71.4442467071791	71.7173439766456	74.23244425367	74.8025903754381	75.7984343288553	76.9496162847677	77.3353937327162
630	72123	Salinas	2	69.8394575944904	69.0405789437948	69.9861595545128	69.6356255126514	72.9831278723096	73.5797922884512	75.4115651471568	77.4747308669112	76.9431986551209
630	72125	San Germán	2	72.0252419296269	72.5981475185671	71.9934321008234	73.2901472842268	74.6813858813741	75.3884453834594	76.3227688952291	78.0049753657449	77.5425013314702
630	72127	San Juan	2	68.7332954878254	67.5257129383823	65.3898853313038	67.4809332637567	71.3125215668371	72.7212086248416	74.4550357072293	75.7966778347342	75.1426712595557
630	72129	San Lorenzo	2	72.3100037737518	70.9576430382355	70.7034138075925	72.061340234252	73.6602274619889	74.9063534985821	76.5465494541273	77.8991366093571	77.6375687769662
630	72131	San Sebastián	2	72.7052916718953	71.7792099915012	72.2015249590203	72.7660325670047	74.4575850284505	75.9104262339955	76.3526888277132	78.3608145585969	77.732443453418
630	72133	Santa Isabel	2	69.4028256416344	69.5739101550422	68.2121556489115	69.3046747678832	70.8815754782738	72.591452700645	74.9076783520545	75.2708684326546	75.0012556074416
630	72135	Toa Alta	2	74.1093209639488	72.904682074097	73.2464217212576	73.0678056567013	75.1566962582594	77.0334386420094	77.679951660518	79.3615203498048	79.1159133752442
630	72137	Toa Baja	2	72.3880261471257	71.1645225927773	70.0494580006877	71.201477803004	73.4683641215709	74.1070077179581	75.6975924329408	77.1101354776222	76.2699562408697
630	72139	Trujillo Alto	2	73.7115303470356	73.0068996590215	72.7518594746854	72.724336349295	74.8954897729515	75.9447222812397	77.8123391092658	79.4055842772861	78.5282326679884
630	72141	Utuado	2	72.750472676651	72.3661932244551	72.8195864783403	72.6686412747615	74.7844660263219	74.9758391494342	75.9914445268801	78.7466958054779	78.9616155885543
630	72143	Vega Alta	2	72.9399862603197	72.2224775444883	70.8316221130941	71.8259091737856	74.0692076134285	74.7868403896257	76.670427027164	78.5142071099861	78.6423658135469
630	72145	Vega Baja	2	71.8510045239256	71.2657222785111	69.7132493512579	70.1412166429302	72.1060302467162	73.7317077775301	75.6029102676851	76.9025736728551	76.5404633398748
630	72147	Vieques	2	69.3386794906547	69.1472320428597	69.6636475389304	68.7596092353366	71.5386054954464	72.6980489691233	74.4041982995978	76.0237546458741	75.0551518011146
630	72149	Villalba	2	71.6587979701091	71.2096082634521	71.6057612065939	72.7007771218643	74.654005676967	75.1008078229849	76.7584169773298	77.5569978110029	77.130603206332
630	72151	Yabucoa	2	71.362032731014	71.7073498114657	71.768410495495	71.0088736403771	74.3264469875467	74.7134102845707	76.0456404836172	78.0070874915884	77.1128983423958
630	72153	Yauco	2	71.0847119151036	70.1813976734421	71.2105394894625	71.5066703650229	73.0187647982982	73.5582818913801	75.4913244559936	77.1638286654196	76.2948396384114
630	630	Puerto Rico	0	71.2681110588957	70.7355156593063	70.0000625136734	70.7220629516042	73.3447373283903	74.4330717192994	75.8481552514276	77.4304565312874	76.9551820397348
