country_code	reg_code	name	include_code	1980	1985	1990	1995	2000	2005	2010	2015	2020
630	72001	Adjuntas	2	72.2777216575226	71.6017500748028	71.4711507050354	72.0590643958215	73.8702007088797	75.9219297363836	76.8795585715599	79.3088868812269	78.9628326173737
630	72003	Aguada	2	72.9364741775456	72.8729002344825	72.887511150771	72.6152186052005	75.0982633838637	76.584612953381	76.9016395642152	79.0821964783883	78.0919098419021
630	72005	Aguadilla	2	71.0718192333145	70.6838406039523	70.7277749458434	70.7209620049005	73.2609903428103	74.041778302437	75.5410061189431	76.8493497119289	76.4350261969876
630	72007	Aguas Buenas	2	71.5493462059844	71.9525258262817	71.7719840984065	72.125299190023	74.4137345716898	75.1343578745177	77.3960110533806	77.9230427862519	78.0373017960204
630	72009	Aibonito	2	71.6535553216074	71.2880177664674	72.2496649648666	72.1707560483052	74.0657108677845	74.9308912719713	75.5403049813998	77.6682568383911	78.9398675810391
630	72011	Añasco	2	71.6058825633576	71.336440953682	70.63220940992	71.2800391989419	73.8643095601499	75.7018781718793	75.9316027714458	77.5763124468358	77.2924668903593
630	72013	Arecibo	2	70.9797771375948	70.4178799795091	70.6462166338104	70.4539391408541	73.2299374733966	73.7622369733536	75.5487343362455	77.2383592850819	76.7422743624748
630	72015	Arroyo	2	69.8940194522623	69.6066841626438	69.7579907802148	69.9649082465035	72.4793088472205	73.5536409237455	74.2582634730008	76.2150162706494	76.6445303017311
630	72017	Barceloneta	2	70.6114185186325	71.7862521325346	71.1165853934318	70.4978406194978	73.5582607671536	74.6190980712457	75.4901547943833	77.7183502207275	75.9884755578983
630	72019	Barranquitas	2	71.5890399619801	71.5726205588098	71.0917547181273	71.0468024972859	73.8695140360966	75.2543347384297	75.763183381128	78.091543127915	77.6775084167095
630	72021	Bayamón	2	71.9825407413945	71.6023685628196	69.766616231821	70.9658712407878	73.6192897196289	74.7744838207396	76.3206806718114	77.4700906466505	76.3507217822831
630	72023	Cabo Rojo	2	72.6343982708792	72.9156630304314	72.6934033821763	72.4437112485475	74.8206532612567	76.1415157360748	76.1445618004832	79.3152857532875	79.1349646476515
630	72025	Caguas	2	71.7038920404136	70.5220722359595	69.2781866854336	70.0310005519333	73.1758326208509	74.6208216955311	74.9028273887168	77.2334658850643	76.3269740425391
630	72027	Camuy	2	72.2043512894397	72.6277493120064	72.0140061841158	72.2203074485916	74.7530070860484	75.4920581026347	76.4418377799008	78.0342175931803	77.7484871240315
630	72029	Canóvanas	2	71.8055249316824	71.2271226157014	69.2790365835798	68.8683423198145	71.9112814534788	72.8856591678847	74.4611239186048	76.6941363574871	75.4582615025616
630	72031	Carolina	2	72.6077003458185	71.5633333816063	70.2629652029248	70.9227617915725	74.0331696935476	74.8886028363553	75.9744341338577	78.0560338722917	78.3350608375917
630	72033	Cataño	2	66.2995777575797	66.9531888525204	65.4499748902724	66.5045725181836	70.3894972423924	70.9714744223156	73.243959392118	74.5123843161598	73.9301040158966
630	72035	Cayey	2	71.168445037194	70.0054436531113	69.930482776394	70.554784131597	73.6070043451986	74.4965644830305	75.5735035960591	78.2595192104803	78.9629732371482
630	72037	Ceiba	2	71.4967719964952	70.6365766508507	70.7236017734012	71.4340751773617	73.5871546077424	74.7167848662278	76.1026016934955	77.780190759607	76.0711793796328
630	72039	Ciales	2	72.6773871691921	72.8945125215524	72.0183746799692	71.7255593679455	73.7306871084258	74.9528603159877	76.4366642794533	78.9195778658221	78.0131240023891
630	72041	Cidra	2	73.1905326683963	72.7264751898651	73.7608523282478	73.6910183715507	75.6700808997951	76.2241212407965	77.5176408869497	79.0980890518181	79.4209624365458
630	72043	Coamo	2	71.8514311095283	71.3795462772025	71.21074324919	71.3611009353274	73.3398519830915	75.6310732396122	75.9432795524627	76.7038985208964	77.8734789354293
630	72045	Comerío	2	72.1204794678002	71.9972973151849	71.8328136920403	71.3833335063543	73.7462378101621	74.9233441851636	76.7740595615753	76.7884722093479	76.193162249005
630	72047	Corozal	2	72.5171552176255	73.0594975971475	71.5443021427508	72.1228086617005	74.9379130752037	75.4327793457802	76.6440611498819	78.2335058419496	77.2283022620682
630	72049	Culebra	2	73.4433231898603	72.7959210297358	72.3175928215724	72.6311264003707	75.3832407381695	76.0499419381593	76.9199700795074	78.053371829282	77.5387506117337
630	72051	Dorado	2	72.7158558831444	71.1436446500199	71.0983974355581	71.5194409954035	73.2300940195042	74.9345073454279	77.2334848311537	78.4340066454101	77.712187093511
630	72053	Fajardo	2	70.4043099466644	70.7024020209074	68.7164198723109	69.9586943727842	71.9889220906809	72.5231608069841	74.129092002271	76.4533082946109	74.8633077721519
630	72054	Florida	2	71.3264808193487	70.8581348860362	70.3977843885394	71.503514635743	73.8347574557098	74.7197599837991	77.1955844742618	77.0761560165227	77.0705432103553
630	72055	Guánica	2	69.864898534273	69.4776530908578	69.0567388110803	69.2877095641205	71.9939734570433	72.1668017956967	74.5209811259752	74.6740914008551	74.4933867717489
630	72057	Guayama	2	70.2067330036159	69.4524984150556	69.5130127291966	70.1042148704538	71.9210423212181	73.6831206596866	75.4710576750864	76.449186624948	75.1447562762627
630	72059	Guayanilla	2	71.574041235844	70.4051253060248	71.2327544810397	71.224564350366	73.3606656724876	73.6900288574431	75.9896785724869	75.9822745358245	75.1802203878593
630	72061	Guaynabo	2	73.1974077379743	73.2570545540756	72.0113137691689	72.1738266146499	74.87897545758	75.7370849022413	77.4688597106099	79.3484013145045	77.7288118225059
630	72063	Gurabo	2	72.0314560736424	72.0414957387851	70.7730920221052	72.400876741508	73.959702412578	75.4709930816393	76.1942534853948	77.8871240102472	77.7544530324273
630	72065	Hatillo	2	72.3597913622767	72.4235960360947	72.0337026381281	72.2354111588886	74.0821179793424	75.2281144686166	77.0407707296218	78.9868862588044	78.162078125854
630	72067	Hormigueros	2	73.6097759566591	72.9923939117571	73.2758576419367	73.6000481174195	75.214158704492	76.1709627290256	77.0367876936258	78.4244824095843	78.829308509359
630	72069	Humacao	2	70.7880660454733	70.7454652504312	69.8847716478756	71.3634216109111	73.3143671592952	73.9581150674339	75.7807342909235	77.1015181395873	77.307347203258
630	72071	Isabela	2	72.6747274262304	71.5532688243015	71.5433308402263	71.5539479487166	73.2508305148253	74.8109206985001	76.0186243238488	77.7914825961656	77.435628892955
630	72073	Jayuya	2	71.7721708645404	71.4215683141652	71.0924070141131	72.0702034320677	73.781743862174	75.4182934416079	76.9207085819224	78.0512308574373	79.0050572528325
630	72075	Juana Díaz	2	70.9994947148475	70.6527570403879	70.5963999693873	70.6753488027793	72.6636844638614	74.2816854917192	75.8978100356133	77.273938735466	76.5320362823429
630	72077	Juncos	2	70.7109129800599	69.9526036117827	69.7676875720353	70.5340131188042	73.2780136081914	73.1141828577492	74.6760036559564	76.8717119863902	76.4886677101293
630	72079	Lajas	2	72.0098141439634	72.453326997927	71.9652313006118	72.089859039013	73.9527408984259	75.4148184043327	76.3985651282967	78.1196246425078	77.4923983456923
630	72081	Lares	2	71.7317386880115	72.2344531759205	71.9212185666651	73.727292864682	74.7691018055902	75.661604147613	78.1761415271311	77.8452111807295	78.0108887776324
630	72083	Las Marías	2	73.4270622414832	73.1170834526324	73.2003015110483	73.6714254977427	75.6064433220327	76.8409407709028	77.4058062717656	79.1713708958842	78.8740001284717
630	72085	Las Piedras	2	72.6357652708665	72.3011747566907	71.7537364102789	72.8685049909499	74.5034456063983	75.7910183918217	76.4443959967371	78.2935722357756	77.8202698683068
630	72087	Loíza	2	70.7539188452119	70.6088997263299	69.2005095020289	69.0497846187685	71.1709097996842	71.8291195214489	74.3897016054784	76.6434488541112	75.6158641226129
630	72089	Luquillo	2	70.8898096632996	70.6626573068856	69.9495226348629	69.6001044635739	72.0705805746656	73.8145369253483	74.9561730254115	77.0588077827728	76.4452333833614
630	72091	Manatí	2	70.3059963549924	69.9347733553677	69.8010096703868	70.7533914839492	73.1821076468291	74.3496023796823	75.6247141633746	76.7591063051031	76.4839758773273
630	72093	Maricao	2	71.5596681454412	72.866990183595	71.6299227301838	71.8437746986239	75.1538244038748	75.4891365023148	77.067445027073	77.8900253957853	78.1041705958969
630	72095	Maunabo	2	71.6567139508292	72.1403661610806	71.9397040636392	71.4284643582565	73.8016923049202	74.2821666034766	75.4794899953525	77.6671124876288	76.2052962356408
630	72097	Mayagüez	2	70.3997588728464	70.5389079581424	70.322040038686	70.8612382854585	73.4700693568012	73.9910616173904	74.9595293585983	77.2162954434869	76.4554912699968
630	72099	Moca	2	72.3209960589767	73.385678588606	73.5185871995696	73.3614907179703	75.8394940207379	77.1281324197992	77.8681683543619	78.5604308490911	79.0588974708625
630	72101	Morovis	2	72.6930919258465	72.7926920086328	73.4332841621114	72.653085996398	74.5195466433477	76.101951584791	77.2346325418987	78.383354571305	78.4748068025365
630	72103	Naguabo	2	71.4766098188618	70.45343372286	69.9797625915618	70.1638549963946	72.2392314215231	73.7350175359361	74.9366198637771	76.0461148399922	76.6280808981484
630	72105	Naranjito	2	74.0669466850798	73.3212657899956	72.6298118927961	72.1033531767353	74.9031147148676	76.0430888134292	77.5148249148893	79.4252395313006	77.5197223584052
630	72107	Orocovis	2	73.3601466294779	72.6207737898937	71.4300664671451	73.0812236509963	74.3133804976955	75.5628800600352	77.596540925398	78.0845912065968	78.3772686173074
630	72109	Patillas	2	71.6887869006655	70.9483751171706	71.5381839777983	71.2739773766768	73.5700252796345	74.3757734651374	75.9476168745602	77.2401787252239	76.4517172598631
630	72111	Peñuelas	2	71.5877887530502	71.7986104091786	71.0880346688937	71.8066090682317	73.0129712815434	74.2899070360251	76.6808096046938	76.8215960851701	77.3706539427969
630	72113	Ponce	2	70.7682960477819	69.155076831306	68.4299410454543	69.1671318153668	71.980292480471	72.7943745484393	74.8442657500228	76.0663659653262	76.0346369929738
630	72115	Quebradillas	2	71.4982786130511	70.9150383475789	71.5351237828135	71.6715222777007	73.3485948202611	75.0789225488314	76.3040062015395	77.1659189689785	77.3994157385503
630	72117	Rincón	2	72.5018747994022	72.4052602810755	73.0023522295704	71.7790616358257	74.7294062608182	75.6877397561422	77.7047010489719	78.8510923103097	79.4170715711455
630	72119	Río Grande	2	71.2133893248215	71.7514237659469	70.18882533923	69.9941274807012	73.4788586397515	74.756891517804	75.6732518951317	77.3105316826456	76.519205678288
630	72121	Sabana Grande	2	71.929474199247	71.964374530816	71.4429314056318	71.7168197107438	74.2344897708842	74.8045858138661	75.8009419318733	76.9521102005856	77.3410159217675
630	72123	Salinas	2	69.8398204907926	69.0397644742305	69.9833174520953	69.6301699017579	72.9772907054096	73.5764579719173	75.4065028872381	77.4705975095943	76.9341197851164
630	72125	San Germán	2	72.0261273875028	72.5814619150994	71.9909676853642	73.2915654259514	74.6842322749914	75.3916428114445	76.3219358112106	78.0074635775188	77.5494626491528
630	72127	San Juan	2	68.7318230804585	67.5236864359862	65.3835821842426	67.477502072596	71.3093477963005	72.7200974504683	74.4547942868613	75.7996260972855	75.1422904278718
630	72129	San Lorenzo	2	72.3107897471663	70.9569311228354	70.7013989221383	72.0605680149855	73.663274249461	74.9073820904171	76.5450514473859	77.8985071759195	77.6424529565239
630	72131	San Sebastián	2	72.7087693773055	71.7795598027769	72.1985255593576	72.7665315438978	74.4600661909851	75.9117057212974	76.3560141470108	78.3629204764171	77.7329154839544
630	72133	Santa Isabel	2	69.3904530134683	69.5647848050141	68.208570246685	69.2960889739643	70.8788243410319	72.5871927554937	74.8974153954411	75.2628260066202	74.9928418636808
630	72135	Toa Alta	2	74.1149885190218	72.9033037417508	73.2475004521756	73.0685134482823	75.1573911698325	77.035106247937	77.6791599276922	79.3663223383558	79.1194808737452
630	72137	Toa Baja	2	72.3850879242373	71.1643584561661	70.0495066591872	71.1985530050139	73.469278247057	74.1070667755091	75.702083985249	77.1089377146655	76.2796980208871
630	72139	Trujillo Alto	2	73.7106542925151	73.0062343901489	72.7540931157078	72.7235725023339	74.8966281888522	75.9479544020434	77.8144534491007	79.40339921319	78.5309294472184
630	72141	Utuado	2	72.7497606111137	72.3663948579756	72.8174677203448	72.66743424401	74.7874415134259	74.9803352675303	75.9907411232708	78.7493603984306	78.9661914540773
630	72143	Vega Alta	2	72.9404923962008	72.2227214306686	70.8282382172923	71.825867793852	74.0658938448749	74.7867287460813	76.6668351183917	78.5101611796419	78.6371170377539
630	72145	Vega Baja	2	71.8494058006841	71.2639626555868	69.7119900799595	70.1408824900256	72.1046934647957	73.7327551641765	75.6045133317506	76.9051651000495	76.5432108347959
630	72147	Vieques	2	69.3266173734954	69.14088828261	69.6568807201316	68.7544506633028	71.5312887202181	72.6899698857599	74.401569112126	76.0239600984428	75.0534751927215
630	72149	Villalba	2	71.6645802485148	71.2141137160757	71.6030939727802	72.6961400829369	74.6540865242274	75.1030206823138	76.7601710643944	77.5637042748295	77.1313508264848
630	72151	Yabucoa	2	71.3631702933125	71.7058006338149	71.7649293599445	71.0083104923231	74.3268587350198	74.7099430501826	76.0453503136557	78.0075130364642	77.1192343717607
630	72153	Yauco	2	71.0816260794878	70.1779221672137	71.2042870124958	71.5007623822227	73.0175006492077	73.5639744063033	75.4887777387485	77.1688606229657	76.2949863764956
630	630	Puerto Rico	0	71.2659470976411	70.7330582670765	69.9981693844354	70.7219326476362	73.344509957842	74.4346161792655	75.8487027838465	77.4297881844854	76.9574122605211
