country_code	reg_code	name	include_code	1980	1985	1990	1995	2000	2005	2010	2015	2020
630	72001	Adjuntas	2	72.2447795070038	71.5384801736057	71.4452104485103	72.0516051773178	73.8212734870428	75.9795521597062	76.9147570397272	79.4506088351235	79.1120897405892
630	72003	Aguada	2	72.9379828884825	72.9019379476185	72.9635337338568	72.6399037672293	75.1375236181352	76.6761396229444	76.9201486270491	79.1723284782281	78.1432610949248
630	72005	Aguadilla	2	71.0863994568834	70.6899967204107	70.7976123256293	70.7429475079152	73.3013610931684	74.0803831489935	75.6019371198185	76.9221799921623	76.5001234700314
630	72007	Aguas Buenas	2	71.4762141808422	71.9484339972932	71.8003430495844	72.1492158118912	74.4336268348215	75.1446088732641	77.4986345183354	77.9595821417676	78.1433746497205
630	72009	Aibonito	2	71.6125909445279	71.2462256395012	72.3467140672693	72.2322017422861	74.0762519304604	74.9510376447795	75.4976958659163	77.7001388248117	79.1467962787287
630	72011	Añasco	2	71.6047498445568	71.3412330641704	70.6277274217741	71.298339441563	73.9063477873421	75.8272070510594	75.9659345556779	77.646638973388	77.3853362567938
630	72013	Arecibo	2	70.9683078759701	70.3868772973018	70.6851524618615	70.4423726623021	73.2528404885685	73.7615521372121	75.5939414576637	77.3190402914565	76.8309959710961
630	72015	Arroyo	2	69.836448853071	69.5573352827467	69.776855733549	69.9676646505564	72.4917292994497	73.5864180787623	74.2440314419354	76.2510775060731	76.7713056299064
630	72017	Barceloneta	2	70.5409675211002	71.8592054650917	71.1756610031255	70.465614511272	73.5955754011207	74.6811562678248	75.512475089066	77.8378183198048	75.9811976941278
630	72019	Barranquitas	2	71.555305756482	71.5681051919458	71.0942951116013	71.0161278244206	73.8784513684079	75.3183112381857	75.7571890301574	78.178811659925	77.7861448080879
630	72021	Bayamón	2	71.9976134767864	71.6155786140386	69.6285065427286	70.9270181441142	73.6191010654824	74.8016731819277	76.3765095316325	77.516476969015	76.3336571891736
630	72023	Cabo Rojo	2	72.6123170314394	72.9629444479232	72.754605962041	72.4462041284604	74.8351753098082	76.2012789111129	76.0963081501629	79.4394336246193	79.2890423460581
630	72025	Caguas	2	71.7381009511329	70.478942267219	69.1563450586603	69.9478762549493	73.1767319825919	74.6844570980449	74.8647773666334	77.2885752845297	76.3517358549545
630	72027	Camuy	2	72.1649450308263	72.6644372528816	72.0397930467437	72.2343748880882	74.783594647727	75.5151772803994	76.4384603661917	78.0646159935189	77.7906428487469
630	72029	Canóvanas	2	71.9473295853355	71.3357045905391	69.2551466634207	68.7741994303153	71.8632001583885	72.8553198424946	74.4596887852975	76.8012968569653	75.479898212098
630	72031	Carolina	2	72.6575539719449	71.5472147080406	70.1584378686064	70.8448881399079	74.0339551019285	74.9041660873975	75.9682250989406	78.1375180218418	78.5014033580621
630	72033	Cataño	2	66.112859187475	66.8547817829205	65.2140483234265	66.3584651405382	70.3898842179168	70.9567725145565	73.3434836703287	74.5976901154823	74.0273728839346
630	72035	Cayey	2	71.1555913505892	69.9232416622878	69.8758575561664	70.5289478088746	73.6487667545909	74.5331820529741	75.57890926325	78.415008348199	79.2700868592263
630	72037	Ceiba	2	71.5065450956354	70.6051566488688	70.7460041648803	71.4870742260545	73.6221095149698	74.7870209514437	76.187348625231	77.91104850441	76.0758590693835
630	72039	Ciales	2	72.6920448659272	72.9713799687531	72.0553767096332	71.709071819602	73.6772009044835	74.940934289825	76.4398787937341	79.0324859551517	78.0901415579338
630	72041	Cidra	2	73.172477518668	72.7020867032303	73.8866630798676	73.7758190719546	75.7215408550366	76.2484374934814	77.5492921984878	79.1554710574883	79.5762489091033
630	72043	Coamo	2	71.8495713699835	71.3629672076517	71.2289130997987	71.3591803910162	73.3093413694	75.723374373731	75.9572106845195	76.6740232111625	77.9980760718454
630	72045	Comerío	2	72.1413975009773	72.0405178656027	71.9076656942621	71.3858218211142	73.7517794554315	74.9566588019115	76.8747082718525	76.7655562333927	76.1600645086013
630	72047	Corozal	2	72.5357290235228	73.1690801499445	71.5614457770773	72.1551072706796	75.0131943140146	75.477090688567	76.6857217441915	78.3071264764574	77.2570226958263
630	72049	Culebra	2	73.4676763462205	72.7965222178917	72.3248837602477	72.6347609324048	75.4194611352651	76.0703573611142	76.9102367263344	78.0320340846902	77.5130811895243
630	72051	Dorado	2	72.7749452033156	71.0931267212944	71.0790278768334	71.5116823693383	73.1678479899306	74.9570373845121	77.3463722386939	78.549374467338	77.802584236729
630	72053	Fajardo	2	70.4508237209914	70.8062456594177	68.6949467499481	70.0096701792515	72.0198067710784	72.5227847067114	74.1552732189875	76.600019055012	74.8974524474188
630	72054	Florida	2	71.3085960064268	70.816507965947	70.3757956024086	71.5509622644322	73.8787251042352	74.7687279018697	77.36268873576	77.1037704575248	77.1531967118812
630	72055	Guánica	2	69.8967421350163	69.5043532171755	69.1043350571135	69.3143352372418	72.0432492660919	72.1628625174558	74.6146490762807	74.6630878117242	74.5105250992866
630	72057	Guayama	2	70.1884076975599	69.398290589124	69.5223639067754	70.1208289986812	71.8888532707458	73.7447315084139	75.5704300799444	76.5233613929828	75.1384519428142
630	72059	Guayanilla	2	71.622185138451	70.3827225053015	71.3404899902388	71.2930421789252	73.409936032761	73.693692587079	76.0819344434583	75.964426754377	75.131185075409
630	72061	Guaynabo	2	73.2252507166748	73.3212952373005	71.9917119248672	72.1502100519015	74.8915324883669	75.7485762064103	77.5209607463654	79.4700628967867	77.7444141288416
630	72063	Gurabo	2	72.0182074908651	72.0664136118646	70.7293467322292	72.4752478218921	73.9566629441454	75.5321513064421	76.1992678141343	77.9407250664632	77.840721345729
630	72065	Hatillo	2	72.3303191790039	72.440218862001	72.0657632683501	72.2478120044646	74.0520148179936	75.2284775878019	77.0871637166222	79.1036310150698	78.2501975150107
630	72067	Hormigueros	2	73.616150519627	72.9753858895042	73.3377697830475	73.6585482703804	75.2083026021478	76.1762577250058	77.0091787685204	78.40763671601	78.9061455527277
630	72069	Humacao	2	70.7713282090888	70.7646311160305	69.8654236355516	71.4453636162222	73.3684395497904	73.9890356713434	75.8523261988661	77.1937220467647	77.4578436603351
630	72071	Isabela	2	72.7555498063329	71.5682036007556	71.6130225578643	71.5848035554798	73.225924744338	74.8424632966828	76.0556380511806	77.8707936178201	77.5225815453026
630	72073	Jayuya	2	71.7293273792657	71.3820497745926	71.0746264987427	72.1043703955408	73.7632457649605	75.4710757244702	76.9962831135372	78.1136426741455	79.2227824224799
630	72075	Juana Díaz	2	70.9673351654868	70.6252006346548	70.610811060149	70.6649190374658	72.6204772304627	74.3111083525335	75.9595989978679	77.3474630501374	76.5835664669946
630	72077	Juncos	2	70.7154268119274	69.9200479258061	69.7538205882327	70.5671592442577	73.3464037367188	73.0915573781266	74.672115911025	76.9520710454176	76.6035347853288
630	72079	Lajas	2	71.9958970437772	72.5115825000762	72.0273931302022	72.127292938594	73.9520907092874	75.4686689295205	76.4321632712566	78.2063313487674	77.5537394319291
630	72081	Lares	2	71.6318346664468	72.2050836107631	71.9235069765416	73.8656383604881	74.776856135216	75.6763239461155	78.3053146465919	77.832156329722	78.0496022274285
630	72083	Las Marías	2	73.4022467574652	73.0937899281968	73.2420608773568	73.716000878878	75.6164916155782	76.8918648677217	77.3966085502998	79.2036477680245	78.924732795701
630	72085	Las Piedras	2	72.6457036782202	72.3199553192308	71.7662841664371	72.957537124623	74.5232540615845	75.8577116341581	76.4506329353655	78.3518894195492	77.8927927486142
630	72087	Loíza	2	70.8027331415617	70.6797542040054	69.1882262492419	68.9662472195539	71.0443744225116	71.6727796825252	74.3796546484331	76.745089057222	75.6771482763473
630	72089	Luquillo	2	70.9084723863533	70.6907503570862	69.9702136696227	69.5554185593251	72.028771402491	73.8613848616119	74.9951848113309	77.1619772433944	76.5610028896096
630	72091	Manatí	2	70.2609514160473	69.8803867645786	69.7924784572204	70.7876773920274	73.2370427649464	74.4337839880849	75.7025082223443	76.8200742682303	76.5720663943751
630	72093	Maricao	2	71.4616224024151	72.9126024881962	71.61831295522	71.8192404631389	75.2140838806618	75.5112960472208	77.1098551225966	77.8943471619762	78.1795917318317
630	72095	Maunabo	2	71.631941260448	72.1950056045987	72.0229991538695	71.4327239507411	73.8107723979519	74.2625271694931	75.4530205010169	77.7170930507048	76.1619711287327
630	72097	Mayagüez	2	70.3268873838428	70.5152541010343	70.3173513398655	70.880319540184	73.5067759219587	74.005582217513	74.943156909524	77.2972388055588	76.5188099038013
630	72099	Moca	2	72.2202022200805	73.4040505110263	73.6062483663022	73.3988713827376	75.8872016912166	77.2204638283332	77.9166323847844	78.5627191314712	79.1471510800161
630	72101	Morovis	2	72.6592944330083	72.7989068579686	73.5450867402285	72.6649283132861	74.4902758030092	76.1409566461185	77.2627463172599	78.4034956888165	78.5380304135895
630	72103	Naguabo	2	71.5932501453662	70.5078167699808	70.0243301979689	70.1968931552539	72.2461079893401	73.8006815874378	74.9954245540165	76.0902021312415	76.7777976696301
630	72105	Naranjito	2	74.1577765567492	73.3708671953798	72.6599166017848	72.0660147777294	74.9035232314612	76.0760202107277	77.5655578122731	79.5363284517803	77.4951291583066
630	72107	Orocovis	2	73.4042862460622	72.6317433049682	71.3862053927416	73.1538345730331	74.2913741425289	75.5746607346377	77.6772446935632	78.0973558890138	78.4727607397043
630	72109	Patillas	2	71.68539971376	70.9205581366075	71.6131417000519	71.2899498861666	73.5775734383247	74.3861145257935	75.9796796387155	77.2719328784292	76.4587311987443
630	72111	Peñuelas	2	71.5782499200283	71.8389476423243	71.1186296207413	71.8689524782652	72.9754833068899	74.2933906232549	76.7899848865881	76.8207640854689	77.4718125874247
630	72113	Ponce	2	70.816930148086	69.0994485854277	68.3317486744205	69.1068701336903	71.9744695695422	72.7787709892163	74.9048015060964	76.1305633347172	76.146906450926
630	72115	Quebradillas	2	71.4653920817169	70.8624418485149	71.5936647599054	71.7040479471321	73.3251577862725	75.1361578022418	76.3505478030849	77.181515930572	77.4842400444205
630	72117	Rincón	2	72.4545116821329	72.3858157166752	73.0894251424053	71.7208957364922	74.7320318497986	75.6981571083652	77.7788847480677	78.9200779205205	79.5868826615291
630	72119	Río Grande	2	71.2171965644121	71.8491675957473	70.1781303127521	69.9255974063576	73.5224124649001	74.8543806962242	75.7301618599911	77.4025928825681	76.5852817895386
630	72121	Sabana Grande	2	71.9379614343425	72.0166050938559	71.4959798492163	71.7557126581747	74.2931843113864	74.8441109817885	75.812533939541	76.9463945978749	77.4303500610558
630	72123	Salinas	2	69.7580414442496	68.9191405453867	70.0054388153734	69.5822549437192	73.0186085788574	73.5945184643846	75.4705200360414	77.6221917333932	77.0680733385946
630	72125	San Germán	2	72.0062798497834	72.6419785983978	72.044396746891	73.4378065082256	74.741046110945	75.433033334035	76.3423629361068	78.060112507781	77.6013055234224
630	72127	San Juan	2	68.6483225058631	67.3314880355037	64.958442090455	67.2699995145119	71.2591041426348	72.7416295221392	74.5189169011401	75.876295064333	75.2100904266191
630	72129	San Lorenzo	2	72.3520019851885	70.8977352814206	70.674632559814	72.1343816864726	73.6638243661172	74.9439017419817	76.6147364334538	77.9884793693163	77.7547951725125
630	72131	San Sebastián	2	72.7337219897862	71.7607194392196	72.2661693950956	72.8445670492562	74.4833641300804	75.9923742538316	76.3675375962688	78.4342180799175	77.7922367879695
630	72133	Santa Isabel	2	69.356723844029	69.5813197433434	68.1466649703711	69.2946712809603	70.812839956538	72.5959299987163	74.9954554662746	75.2877213328127	75.0347923806764
630	72135	Toa Alta	2	74.1501064527736	72.8602070348449	73.2817150381458	73.0582996595152	75.1300370543986	77.0989177359756	77.6889019003986	79.4131634045982	79.2031358281688
630	72137	Toa Baja	2	72.4742206059897	71.1721339968425	69.9852332571532	71.2157512864264	73.477660363906	74.1119443775216	75.7286366736897	77.1537400676702	76.2956292232528
630	72139	Trujillo Alto	2	73.7405305711261	73.0089061684437	72.7807768554823	72.7123511420981	74.8729641377604	75.9396893461228	77.8712645615793	79.496396455062	78.5871942076663
630	72141	Utuado	2	72.7578022576309	72.3653597623298	72.9142199812045	72.7091198278043	74.8134006661821	74.9517159243523	75.9462367149712	78.8399822378355	79.1247135330004
630	72143	Vega Alta	2	73.0217100083792	72.2650070630783	70.7956589065276	71.8436998002412	74.0917630189765	74.7942180925179	76.7322728767476	78.6315327827022	78.8218781373724
630	72145	Vega Baja	2	71.9231880835578	71.3161127999629	69.6695631282608	70.1014521859703	72.0325566231877	73.728059275955	75.6526626193136	76.9619549636164	76.6027524121814
630	72147	Vieques	2	69.3058172588287	69.1329028024622	69.7516421451421	68.7250633799383	71.5418508470012	72.7258876417878	74.4762410117681	76.1459732266948	75.1266845688296
630	72149	Villalba	2	71.5976369692297	71.1479637083334	71.6198305402794	72.7763592349776	74.7039819331745	75.1220031893602	76.8127054792374	77.5746262481006	77.1540952326994
630	72151	Yabucoa	2	71.2939283213836	71.7154470467004	71.8245268999926	70.9692665481767	74.3176075381718	74.7141140975261	76.051367515456	78.0781185230878	77.1552238378189
630	72153	Yauco	2	71.065626241388	70.1137039378202	71.2811895142987	71.5765254295344	73.0180044488583	73.5377858220853	75.5217907969598	77.2402357885356	76.3326635333792
630	630	Puerto Rico	0	71.2614634024729	70.7062658729198	69.9280240700867	70.6944447300878	73.3460957820781	74.4594427249071	75.8835514688813	77.4982331081037	77.0282640361416
