country_code	reg_code	name	include_code	1980	1985	1990	1995	2000	2005	2010	2015	2020
630	72001	Adjuntas	2	72.2411000234467	71.5345515123647	71.4432824247733	72.0501161131586	73.8194069576802	75.9784193590616	76.9140235322368	79.4472505242906	79.1086537724042
630	72003	Aguada	2	72.9376436983082	72.9009644197336	72.9660267423145	72.6404692261442	75.1377424868028	76.6752509958464	76.9197449073144	79.1755548085517	78.1453350919801
630	72005	Aguadilla	2	71.081829453065	70.6907495656852	70.7942000198476	70.7409395530212	73.2975867626844	74.0801505742986	75.5993185551917	76.9194749714463	76.4981766269918
630	72007	Aguas Buenas	2	71.4762928207302	71.947774150202	71.797996730653	72.1475386246816	74.4322990015685	75.1448699389529	77.4969229515013	77.9560391529774	78.138191260761
630	72009	Aibonito	2	71.6122353302581	71.2467965710169	72.3452634515417	72.2311787508476	74.075549113401	74.9508287290232	75.4982345121789	77.6992494413598	79.1511260841713
630	72011	Añasco	2	71.6053279332401	71.3395878723081	70.6259870034303	71.2959738328977	73.9068757013203	75.8282413522792	75.9702088385692	77.647361144603	77.3844447741164
630	72013	Arecibo	2	70.9671642818257	70.3859195000176	70.6842019560514	70.4417673241953	73.2521926255234	73.7605943998197	75.5917952423723	77.3194855541751	76.8289091414228
630	72015	Arroyo	2	69.826278349878	69.5494544352396	69.7695064191398	69.9601023253457	72.4863423277039	73.5792840768352	74.2385844560408	76.2433503378079	76.7656214700785
630	72017	Barceloneta	2	70.5393331991838	71.8563023603158	71.1729097912213	70.4636446584469	73.5927290518984	74.6777666820055	75.5092586800687	77.833250335173	75.9778352202044
630	72019	Barranquitas	2	71.5560153186592	71.5717896413569	71.0941568705376	71.0180066040367	73.8779306092328	75.3229043641487	75.7574375220319	78.1720575848529	77.7847969758345
630	72021	Bayamón	2	71.9975103043338	71.6148706245742	69.6277296200391	70.9253789086958	73.61826135527	74.8030637772509	76.3759055947825	77.5157597210475	76.3356269959129
630	72023	Cabo Rojo	2	72.6113421258028	72.9621789913613	72.7541117677862	72.4454574433532	74.8347511705431	76.2008579807006	76.0933440495725	79.4386653071312	79.2883314406353
630	72025	Caguas	2	71.7368049814651	70.4777158520791	69.1539484704965	69.9467022106238	73.1756064056104	74.6832566402584	74.8634399502282	77.2869134566601	76.3527790592712
630	72027	Camuy	2	72.1655509954813	72.6644575454335	72.0419048429295	72.2340293594783	74.7857969242245	75.515911853053	76.4376879124167	78.0643926457401	77.7938652112116
630	72029	Canóvanas	2	71.9436969703434	71.3329670675938	69.25235473937	68.7729930460044	71.8622228103325	72.852124481853	74.4532612706493	76.8000536448557	75.4774085039641
630	72031	Carolina	2	72.6566300566667	71.546374524169	70.1580478187354	70.8440910881879	74.0362582344095	74.9035294665802	75.9671314374979	78.1378641271971	78.5003447490781
630	72033	Cataño	2	66.1062963061903	66.8463388081262	65.2041766165133	66.3511440960312	70.3829797707172	70.9489226938509	73.3343590505984	74.5890518866626	74.0190525807138
630	72035	Cayey	2	71.151662866942	69.9198626730728	69.8721450775042	70.5254895266196	73.6470252676661	74.5316976478878	75.5745641307105	78.4083251957976	79.2650168645105
630	72037	Ceiba	2	71.5034080683521	70.6026033118943	70.7422356860027	71.484991763091	73.6219606851106	74.7849567930158	76.1845671718467	77.9077972643529	76.0753892470955
630	72039	Ciales	2	72.6910807904555	72.9685929160923	72.0526248738255	71.711773135593	73.6765909960528	74.9407425529407	76.4386575545989	79.0328526630366	78.0886955981816
630	72041	Cidra	2	73.1728204008992	72.7013367555438	73.8886972542155	73.774504211955	75.7219700629155	76.2512227842073	77.5466536582689	79.1546968044993	79.5753764131146
630	72043	Coamo	2	71.8483286558264	71.3615305606271	71.2273902612354	71.3580886339641	73.3081044159013	75.722235617062	75.955882330842	76.6723886640052	77.9959604963032
630	72045	Comerío	2	72.1360333188352	72.0362531820412	71.9033040659802	71.3824274422445	73.7481895988972	74.9559368465919	76.8709267965072	76.7588067362926	76.1555534413206
630	72047	Corozal	2	72.5372288625851	73.1693756244385	71.5630843304971	72.155590058806	75.0142198031259	75.4759088477682	76.6863627793401	78.310204606019	77.2565016840566
630	72049	Culebra	2	73.4990887548247	72.8253596607992	72.354241670453	72.6631608202828	75.4491809414962	76.1018574775755	76.936794970005	78.0581288251174	77.5369158774618
630	72051	Dorado	2	72.7743598155838	71.0930123938532	71.0789635739694	71.510407415931	73.1678483271587	74.9565898753743	77.345566149502	78.545463370512	77.7983626850562
630	72053	Fajardo	2	70.4474240671196	70.8035050843875	68.6922871234911	70.0064829376078	72.0185618377493	72.522028200046	74.151797524639	76.6008949113683	74.8846157592354
630	72054	Florida	2	71.2949682901259	70.8046617640172	70.3651660501545	71.5397779500103	73.8656026968623	74.7589103743725	77.3529459912847	77.0931508271944	77.1413494960954
630	72055	Guánica	2	69.8914330305676	69.4989116162191	69.0987175299789	69.3095251228748	72.0388860439189	72.157367250976	74.6081295012572	74.6570525735455	74.5036359669918
630	72057	Guayama	2	70.1871374055405	69.3950291439211	69.5191376104469	70.1176782887709	71.8861145043265	73.7422603433939	75.5662744391338	76.5202750582283	75.1351484055483
630	72059	Guayanilla	2	71.6184673243305	70.3793375493813	71.3354570254092	71.2902062061156	73.4070788801076	73.6899846163043	76.0789598460539	75.9607176996461	75.1255041722367
630	72061	Guaynabo	2	73.2229452600141	73.3188877614295	71.9911579209356	72.1489676672319	74.8910902348335	75.7507364539876	77.5191841166602	79.4679367583752	77.7409825469087
630	72063	Gurabo	2	72.0128865554666	72.0616316320614	70.7243499999066	72.4715761951632	73.952686859478	75.5281081283034	76.1942940764756	77.9367027504795	77.8358794337654
630	72065	Hatillo	2	72.3325976145976	72.4399977653018	72.0684602005602	72.2483022939187	74.0534134290641	75.2224082319224	77.0894938364787	79.0988830668649	78.2506545833703
630	72067	Hormigueros	2	73.6188349624916	72.9777426063413	73.3381492512679	73.6598116054545	75.2107081837039	76.1779693201205	77.0086798854666	78.4112647587884	78.9057720660316
630	72069	Humacao	2	70.770427880214	70.7642714733891	69.8629920550632	71.4446718814963	73.3675397544612	73.9876087239536	75.8505209612538	77.1919698581964	77.4554305639408
630	72071	Isabela	2	72.7542986571587	71.5653629230926	71.6117058325429	71.5835871045997	73.2262139052796	74.8460456635888	76.054073507627	77.8703161190434	77.5213066295441
630	72073	Jayuya	2	71.7232188338565	71.3758788561405	71.0684138312714	72.0985856161037	73.7569968995197	75.4643451937451	76.9876863589447	78.1108076240625	79.2187202098274
630	72075	Juana Díaz	2	70.9653333936933	70.6239231375604	70.6095938138484	70.6636426208148	72.6193874171198	74.3070226188351	75.9603448105412	77.3450758613695	76.5822222460087
630	72077	Juncos	2	70.7159224592921	69.9188058700641	69.7516245898988	70.5657603480442	73.3451616178313	73.0904218690741	74.671786516876	76.9536440816421	76.6056817247543
630	72079	Lajas	2	71.9940752596306	72.5106047601274	72.0264562850484	72.125915184539	73.9505406135057	75.4696696866342	76.4320224440488	78.2052673598946	77.5526917830194
630	72081	Lares	2	71.6312752331979	72.2041009682932	71.9228421688695	73.8665021147046	74.7778001230742	75.6763688742464	78.303119473292	77.8305638159163	78.048476778611
630	72083	Las Marías	2	73.3928588197591	73.0858340350182	73.2274749763008	73.7090194313272	75.6079254437227	76.8840195195958	77.3911623645782	79.1997908530185	78.9192479362212
630	72085	Las Piedras	2	72.6419968116832	72.3178770286944	71.7644463829128	72.9558248609421	74.5215729225885	75.856419756181	76.448613582126	78.3514511791684	77.8886815263131
630	72087	Loíza	2	70.7977858263686	70.6760807167842	69.1858259687646	68.961254537894	71.0392945489397	71.6666079756796	74.3723385307451	76.7409717346095	75.6729920890994
630	72089	Luquillo	2	70.9036938588329	70.6881158744727	69.9686160249644	69.5530070695069	72.0241333548873	73.8586602187717	74.9906081686916	77.1673042680105	76.5572805504803
630	72091	Manatí	2	70.2591911349659	69.8787867545711	69.7910017162783	70.7846011842433	73.2354595054117	74.4319293372237	75.7005547130636	76.8199382822763	76.5695176526931
630	72093	Maricao	2	71.448209882285	72.899821056413	71.6049190769574	71.8061194479199	75.2047735068765	75.5008522401113	77.0969706631876	77.8843361199102	78.1677180273745
630	72095	Maunabo	2	71.6317783229124	72.1956566223008	72.0224114284592	71.4328756789803	73.8106856653173	74.2600520094029	75.4491167377321	77.7202641865105	76.1636002141221
630	72097	Mayagüez	2	70.3254242663323	70.5143714489137	70.3162941202097	70.8793519413833	73.5113388649752	74.0018132412783	74.9425883199467	77.295949909003	76.517243308355
630	72099	Moca	2	72.2197056464131	73.4035507104157	73.6041687498996	73.3980862513253	75.8883654518953	77.2210443981345	77.9160659042651	78.5617531905109	79.1476464553861
630	72101	Morovis	2	72.6583525767484	72.7975309305148	73.5456065371773	72.664716161384	74.4908578233381	76.1434525315942	77.2635198725182	78.4033160724622	78.5365459100449
630	72103	Naguabo	2	71.5858721998174	70.500871212466	70.0177000340296	70.1909534263418	72.2423508940786	73.794463285723	74.9895813246225	76.0838455304913	76.7747573245787
630	72105	Naranjito	2	74.1565609882738	73.3715196802888	72.6615639011025	72.067341886816	74.9070152600565	76.0781274037029	77.5662679923558	79.5442419929152	77.4978270663865
630	72107	Orocovis	2	73.4073456893632	72.6305824563218	71.3858731497111	73.1563821982887	74.2874641918689	75.5742219958248	77.6748582822083	78.0990183569811	78.4748096884434
630	72109	Patillas	2	71.682474603859	70.9175971858203	71.6101586537416	71.2882830554065	73.5786282307361	74.3809855787439	75.9767007661874	77.2690619848055	76.4551322221933
630	72111	Peñuelas	2	71.5747482292422	71.8368674001049	71.116543086042	71.8664773624833	72.9732757185321	74.2906062068776	76.7889297157782	76.8185447040513	77.4668691877272
630	72113	Ponce	2	70.8155904171411	69.0982767432853	68.3306251285777	69.1047332089377	71.9731621353109	72.7772924938686	74.9034548844346	76.1263307975838	76.149083165236
630	72115	Quebradillas	2	71.4634219225929	70.8612062331816	71.5909826526573	71.7027204555159	73.3237486566085	75.1347425004834	76.349295726792	77.1797763526998	77.4862241828783
630	72117	Rincón	2	72.4548211387888	72.3869039768889	73.0895129296359	71.7231118762645	74.7317152426591	75.6998136178674	77.7785329678858	78.9199135794995	79.5842508666205
630	72119	Río Grande	2	71.2150824503913	71.8501591320357	70.1759742328946	69.9239483532148	73.5197279019824	74.8508242038386	75.730456196005	77.400196337802	76.5828618515324
630	72121	Sabana Grande	2	71.9360654035901	72.0125230515702	71.4914086050879	71.7559912477498	74.2925930872984	74.841879280159	75.8084917267569	76.949875032835	77.4299801880831
630	72123	Salinas	2	69.7516728960477	68.9128756241592	69.9982142373887	69.574966527359	73.0130172804267	73.5887630290864	75.4612910291124	77.6125417917258	77.0641912663269
630	72125	San Germán	2	72.0049516877162	72.6407098002666	72.0443179122374	73.4377265785612	74.7412692491754	75.4321890624645	76.339668559397	78.0626141313862	77.6073582720629
630	72127	San Juan	2	68.64765599505	67.3309455201844	64.9579246544657	67.2686998378611	71.2584481655252	72.7413180054365	74.5180988625234	75.8754220777843	75.2090258832986
630	72129	San Lorenzo	2	72.3522657513022	70.8968890438836	70.672662384046	72.1350332050364	73.6644006460485	74.9437157841992	76.6149132501694	77.9884399872778	77.7556805975664
630	72131	San Sebastián	2	72.734616171049	71.7579099110193	72.2621897211185	72.8440758684345	74.4829912857546	75.9921482521959	76.3670521568561	78.4319404221241	77.792678032679
630	72133	Santa Isabel	2	69.345328261012	69.5701482063635	68.1355408145031	69.2837089791824	70.8013713111159	72.584231088392	74.9904740445953	75.2769390346093	75.025723121629
630	72135	Toa Alta	2	74.1519645861197	72.8622230568403	73.2837134258958	73.0589081940084	75.1300930175437	77.100203346874	77.6877331863049	79.4120245210673	79.1997848088008
630	72137	Toa Baja	2	72.4735612191266	71.1720783714857	69.9833603742839	71.2123997262432	73.4762569116504	74.1106433855087	75.7283297409523	77.1535067754535	76.2945174274507
630	72139	Trujillo Alto	2	73.7427222429244	73.0085859310644	72.7799951940893	72.7125410974363	74.8713211367081	75.9383553091104	77.8487457932867	79.4902715982786	78.5867783435588
630	72141	Utuado	2	72.7568190257203	72.3638116527139	72.9125919762684	72.7092840677558	74.8135940513636	74.952190959905	75.945605850237	78.8399963084796	79.121558053443
630	72143	Vega Alta	2	73.0167512886302	72.2616020871573	70.7920178700866	71.8406783654317	74.0885867233204	74.7909618116118	76.7277341728832	78.6280812410314	78.8177765197828
630	72145	Vega Baja	2	71.9248124496783	71.3146511796549	69.6685945532722	70.099881672437	72.0309584857137	73.7268452528152	75.6495797119859	76.9599503301352	76.5999248897017
630	72147	Vieques	2	69.2911675653575	69.1203436794896	69.7390809647721	68.7127565357196	71.5291919218019	72.713364837695	74.4663369310818	76.1323214598179	75.1135930261133
630	72149	Villalba	2	71.5987124443142	71.1489127390105	71.6205807928301	72.7763143751416	74.7024628273766	75.122783757832	76.8134052217091	77.574680655677	77.1531371582408
630	72151	Yabucoa	2	71.2933867490641	71.7133143097474	71.8271627079937	70.9689247415963	74.3758893763222	74.7149820777014	76.0521845692611	78.0786311783351	77.1537193418549
630	72153	Yauco	2	71.0608011346028	70.1099521894742	71.2770011749289	71.5715386158852	73.0164012129849	73.531183671279	75.5175884986048	77.2366865684001	76.3280915376613
630	630	Puerto Rico	0	71.2597325494582	70.7045869500764	69.9287346049551	70.6917399555688	73.3447199128051	74.4579677602544	75.8819623994647	77.4964756609278	77.0262297280386
