country_code	reg_code	name	include_code	1980	1985	1990	1995	2000	2005	2010	2015	2020
630	72001	Adjuntas	2	72.2478491218589	71.5445918802122	71.4481796510467	72.0553093798625	73.8235815344537	75.9802268941864	76.9119939076567	79.4484986522942	79.1042588352374
630	72003	Aguada	2	72.947221662659	72.9041060624725	72.9626024541963	72.6406454631992	75.1381897584154	76.674119642709	76.919566136052	79.1707322923105	78.1491600484451
630	72005	Aguadilla	2	71.0880174942685	70.6956926963223	70.7971388414766	70.7441872148832	73.3016158053147	74.083615623604	75.6033907806701	76.9279159759803	76.5066109043795
630	72007	Aguas Buenas	2	71.4788499078165	71.9525159325402	71.7924544776048	72.1483372347166	74.433059342967	75.1492881104133	77.497990307424	77.9600750954076	78.1438518394847
630	72009	Aibonito	2	71.6185190181057	71.2459730746356	72.3412822825833	72.2296778838636	74.0773806341528	74.955137152278	75.505496950528	77.7033495472266	79.145643482795
630	72011	Añasco	2	71.6073738054112	71.3459103437325	70.6316338704559	71.2962427080336	73.9046071400618	75.8249896406446	75.9708212983804	77.6465882098706	77.3860161540425
630	72013	Arecibo	2	70.968764344092	70.3888270395885	70.6855186566584	70.4432816536129	73.2515299485816	73.7616665914103	75.5945738150547	77.318392651846	76.8313112807333
630	72015	Arroyo	2	69.8422865142145	69.5644784271249	69.7760587195841	69.9708892751562	72.4958637852705	73.5891120858678	74.2481452909848	76.2559761212937	76.7753295025729
630	72017	Barceloneta	2	70.5506180340575	71.857409093135	71.1745162798602	70.4710579812926	73.5918524089518	74.675758305595	75.5099272025257	77.8344278049538	75.9813926133375
630	72019	Barranquitas	2	71.5603082422796	71.575230822967	71.0953671148992	71.0211153024032	73.8801538748928	75.3214216777323	75.7583593188366	78.1769856515834	77.7784912208302
630	72021	Bayamón	2	71.996690730584	71.6129908201631	69.6284977847018	70.9264023987423	73.6193028108275	74.8017653798944	76.374555329152	77.5171134510123	76.3368245596512
630	72023	Cabo Rojo	2	72.6162493277706	72.9635141261016	72.7519264705136	72.445955128048	74.8364510573976	76.1993721064602	76.097439682458	79.440212296426	79.2895214536689
630	72025	Caguas	2	71.7375791689724	70.4783605718757	69.1574792563621	69.9491521399977	73.1782086291399	74.68414627577	74.8668372687115	77.2883964288403	76.355843340209
630	72027	Camuy	2	72.1721120748795	72.664880494583	72.0418810683966	72.2348060012371	74.7831711577037	75.5150418612711	76.4381131613205	78.0671758878065	77.7918581855901
630	72029	Canóvanas	2	71.93154370996	71.3308228051148	69.2557019276198	68.7794467549145	71.8676947565709	72.85273721148	74.4590934863527	76.8047787128785	75.4797032926612
630	72031	Carolina	2	72.6537218202278	71.5453522420038	70.1607309908361	70.8452957449061	74.0337633621592	74.904574688131	75.9706311647601	78.1373219443914	78.4999100918075
630	72033	Cataño	2	66.117342374032	66.8510305748418	65.2141770097513	66.356771582494	70.3837214307674	70.9501163262878	73.3302128192158	74.5912128162264	74.0196528466643
630	72035	Cayey	2	71.159063421624	69.9288852129258	69.8827502524229	70.5315667903815	73.6500963314772	74.5371529431019	75.5823976705801	78.4106145845491	79.2678853646029
630	72037	Ceiba	2	71.5090330936791	70.6051776285986	70.7429154579992	71.4846170779208	73.6213336850068	74.7825446911948	76.1958701372152	77.9131182093087	76.090690133071
630	72039	Ciales	2	72.6912592309296	72.9712174151561	72.0516480187303	71.7146436430198	73.6820267426293	74.9447409222466	76.4389169976259	79.0321067215739	78.0909914664616
630	72041	Cidra	2	73.175432797541	72.704493128116	73.8827142088881	73.7738306742455	75.7212326756611	76.2499378696439	77.5502695900369	79.160542126471	79.5797584414135
630	72043	Coamo	2	71.8534491060626	71.3665545512197	71.229334598887	71.3611089036682	73.3107068528954	75.7203715048641	75.9584274488931	76.6782961430116	77.9925660431861
630	72045	Comerío	2	72.1426848300632	72.0441021456969	71.9121616892563	71.395969995917	73.7618951674481	74.9672559312985	76.8777181158357	76.77254918402	76.1677542080381
630	72047	Corozal	2	72.5365016712595	73.166174577601	71.5640314711238	72.15419998013	75.0109511180867	75.478204366264	76.6870930190024	78.314190909742	77.2591830350276
630	72049	Culebra	2	73.4923951655009	72.8140932356352	72.3403882562554	72.6536263467172	75.4351973733597	76.0894721012263	76.9354646281221	78.0554189428964	77.5366593293584
630	72051	Dorado	2	72.770042029504	71.095505488952	71.0788370086471	71.5126647917264	73.1708862008634	74.9592404312726	77.3418691074168	78.5484952609855	77.8016724494398
630	72053	Fajardo	2	70.4459557783439	70.803497674538	68.6937726343257	70.0071654903149	72.0206512119898	72.5272015968189	74.1602767434438	76.6072733663128	74.8908727159751
630	72054	Florida	2	71.3205742279175	70.8345550171853	70.3895212363733	71.5612779475806	73.880607682722	74.77368506087	77.3584029967742	77.1113611539154	77.1568623690379
630	72055	Guánica	2	69.8903710199737	69.5008823340325	69.0983486412422	69.3143329467871	72.042712014577	72.1594091113779	74.6124346627797	74.6678342896878	74.5139606265762
630	72057	Guayama	2	70.1904373075117	69.399005958596	69.5189493090594	70.1186864548384	71.8903911310716	73.7437076070396	75.5655292163315	76.5247908666955	75.143062454339
630	72059	Guayanilla	2	71.6158205993891	70.3838944383184	71.3309843180306	71.2862501937563	73.4073937807191	73.701758976106	76.0863043597075	75.9663791534282	75.1392746272307
630	72061	Guaynabo	2	73.2233295393836	73.3199650218287	71.9929780564319	72.1505892087789	74.8928317219455	75.7528426530337	77.5207628832811	79.4666258393417	77.7429760989113
630	72063	Gurabo	2	72.025049991154	72.075677167972	70.7368259198255	72.4780726396648	73.9577077028306	75.5338774931735	76.201001114279	77.9465288287642	77.8410648518547
630	72065	Hatillo	2	72.3372333718235	72.4428340068052	72.0661068913803	72.2507398806746	74.055303590148	75.2304757013468	77.0894954059693	79.0994294157561	78.250439362003
630	72067	Hormigueros	2	73.6216132648723	72.981062088414	73.333689661796	73.6539904311793	75.2088275831585	76.1782298225258	77.0185466596882	78.4153552702543	78.908822942554
630	72069	Humacao	2	70.7768330833085	70.762560712908	69.8636298527374	71.4438103089774	73.3681994095578	73.9899618676995	75.8523424884151	77.1948306065085	77.4559559743428
630	72071	Isabela	2	72.7561664478906	71.5676912078124	71.612433500928	71.5831109832427	73.2283410372356	74.8433670844671	76.0536286380352	77.871858327071	77.5227173823635
630	72073	Jayuya	2	71.7459649125781	71.3966819324525	71.0867272753492	72.1121702232878	73.765097703654	75.4724375753308	76.9984647482538	78.120322946354	79.224995352692
630	72075	Juana Díaz	2	70.9713794778701	70.6267248291383	70.6112237584611	70.665464450945	72.6234129955468	74.3093934807909	75.9541979465195	77.341945304739	76.5805433229193
630	72077	Juncos	2	70.7185071091525	69.9213232289637	69.7525164005692	70.5631222485106	73.3432564990409	73.0959811606303	74.6762577103564	76.9507481988921	76.6024769993757
630	72079	Lajas	2	71.9986480886275	72.5112176562413	72.0264320255592	72.1239659470466	73.9519783442047	75.4704173091909	76.436421409109	78.2102022686601	77.5562939170745
630	72081	Lares	2	71.6399070387416	72.207756562563	71.9250898362644	73.8623299907379	74.7807795611155	75.676821051839	78.3031928541696	77.8338100053013	78.0513981700037
630	72083	Las Marías	2	73.4092777452648	73.1080708036021	73.2413597432923	73.7230329366763	75.6288588033456	76.900536501854	77.4006734903588	79.2173308813642	78.9319332090309
630	72085	Las Piedras	2	72.6497145432066	72.3196094992753	71.767284410337	72.9522752819708	74.5243473654099	75.8553187969349	76.4558067306703	78.355027665995	77.8939773665808
630	72087	Loíza	2	70.7960397761662	70.6684683502363	69.185836740236	68.9655510690605	71.0450953127305	71.6744014413397	74.3774818250025	76.7385089938916	75.6753181347944
630	72089	Luquillo	2	70.9019564436494	70.6948808245885	69.9713198264995	69.5613659162152	72.0334121448032	73.8614049282688	74.9974094161482	77.1570637875465	76.558781655643
630	72091	Manatí	2	70.2639218682048	69.8832983324098	69.7941320755725	70.7884184136008	73.2354957984458	74.4290463395694	75.7012798834963	76.8172245524008	76.5714061360886
630	72093	Maricao	2	71.4842890697218	72.919944420563	71.6275788846588	71.8306774572918	75.2275414769192	75.517103271685	77.1143442806921	77.9049891374779	78.1888399077267
630	72095	Maunabo	2	71.6365558076195	72.1922430958125	72.0181302042247	71.4336851934291	73.8087728856027	74.26395477594	75.4589815056759	77.7199769578413	76.1724052869941
630	72097	Mayagüez	2	70.326539990429	70.5148180632705	70.3155157408961	70.8796501398392	73.5079721929034	74.0059594519552	74.9453639287098	77.2980133791402	76.5211232532873
630	72099	Moca	2	72.2296484305854	73.4040927828609	73.6020152559822	73.3965538053854	75.8896000995874	77.2192084580744	77.9184243199496	78.5649381631779	79.1479715123403
630	72101	Morovis	2	72.6609619625139	72.799603750838	73.5423433646381	72.6661924685071	74.4954765558989	76.1436795969469	77.2658133299669	78.4006456695462	78.5428357400644
630	72103	Naguabo	2	71.5979850466305	70.5099237727833	70.0273248596042	70.2033964470748	72.2520714081466	73.8077548742783	74.9972995123238	76.0947156321257	76.7828612830134
630	72105	Naranjito	2	74.1486667687543	73.3660918799809	72.6626142630864	72.0690414009651	74.9063055146485	76.0827425432246	77.5668278226043	79.5451364841048	77.502113469597
630	72107	Orocovis	2	73.4068741792602	72.6274292058999	71.3903447549567	73.1550401661201	74.289364456343	75.5760462241357	77.6781794593657	78.1013735843128	78.4737122423166
630	72109	Patillas	2	71.690954140148	70.91866207608	71.6089306839821	71.2903163612318	73.5832017984053	74.3871331453551	75.9809876684367	77.2760811292022	76.4584165621362
630	72111	Peñuelas	2	71.5758343344761	71.8367121105616	71.1185568737803	71.8679994830578	72.9759234121753	74.2936200578147	76.7965463879006	76.8269328329359	77.469929697393
630	72113	Ponce	2	70.8131558475251	69.1009805050066	68.3342919922645	69.106568845807	71.974386705045	72.7789251208627	74.9049534939251	76.1292229418163	76.1460427950303
630	72115	Quebradillas	2	71.4671402432758	70.8690781425142	71.5894967435728	71.7035111410866	73.3274240968887	75.1347729097337	76.3520702587241	77.1822778168064	77.4917462461203
630	72117	Rincón	2	72.4652192147117	72.3920824607816	73.0867012343408	71.724070726149	74.729485535323	75.7031381755982	77.7774407616249	78.9213704009669	79.5837105161082
630	72119	Río Grande	2	71.2175769757692	71.8458869610861	70.1771810903349	69.9299818562583	73.5208813833566	74.8535086422407	75.7307197296139	77.4014081762119	76.5887320777176
630	72121	Sabana Grande	2	71.9392728521283	72.0117972161272	71.4926947925874	71.7557370691347	74.2962223405678	74.8460147623958	75.8143526812584	76.9483307290276	77.4328240361037
630	72123	Salinas	2	69.7657389205685	68.9295604086338	70.0089771188316	69.5841568793991	73.0192003400986	73.6007274559728	75.4708263447259	77.6143618840823	77.0640136819819
630	72125	San Germán	2	72.0091527914615	72.6374238625515	72.0422547196287	73.4365607228159	74.7432979003501	75.43556529086	76.3426440658291	78.0633285426491	77.610758226375
630	72127	San Juan	2	68.6475319226053	67.3315752471964	64.9599695160391	67.2697499192738	71.2581003717898	72.7409500423037	74.5175069427658	75.8752718354717	75.2085760382421
630	72129	San Lorenzo	2	72.3558413780251	70.8984230679229	70.6714718542884	72.1346515931409	73.6683176699852	74.9446475109481	76.6181026086482	77.9922547407902	77.7545394971604
630	72131	San Sebastián	2	72.7382551183708	71.7630600423458	72.2621308847792	72.8422744609051	74.4832766231711	75.9917228257554	76.3698313206762	78.4348313111067	77.7955889583066
630	72133	Santa Isabel	2	69.3550966315223	69.5831962483454	68.1554067756322	69.2945681977523	70.820653194169	72.59891961546	74.9946798663706	75.2868063878831	75.0369284728056
630	72135	Toa Alta	2	74.1551092604991	72.8610313567943	73.2827599990613	73.0575035035473	75.1299078052086	77.0986407262918	77.6894571873055	79.4114374522297	79.2007528135563
630	72137	Toa Baja	2	72.4684809237367	71.170997922866	69.985511632103	71.2121605353922	73.4771589605373	74.1138038174153	75.7316365676787	77.1543101227697	76.3002229940608
630	72139	Trujillo Alto	2	73.7393752732628	73.0094863781632	72.7818364426554	72.7122115139321	74.8731895166529	75.9397222429527	77.8730247348883	79.4979760874954	78.5881537593035
630	72141	Utuado	2	72.7608559320689	72.3665613045806	72.9114873427888	72.7093323478947	74.8162120561524	74.9587354936414	75.9478268002593	78.8411091656844	79.124181771006
630	72143	Vega Alta	2	73.0270647676621	72.2734981734997	70.801419601159	71.8487463623732	74.0973829819319	74.7992941971457	76.7335093429015	78.624638480216	78.8222582262284
630	72145	Vega Baja	2	71.9218535924924	71.3150221291002	69.6687421635162	70.1021897595102	72.0334486234138	73.7290262737338	75.6500139675595	76.9575945385604	76.6021602303924
630	72147	Vieques	2	69.2985190485793	69.1313760290831	69.7453286455493	68.7210543878272	71.5362920778807	72.7188902817782	74.4705527989984	76.1447393794245	75.1262107851324
630	72149	Villalba	2	71.6089101512518	71.1571912000007	71.618402656475	72.7714430945073	74.7034903012455	75.1244590576625	76.8130676549187	77.5791895830003	77.1558160505303
630	72151	Yabucoa	2	71.2983817252513	71.7150556333082	71.822100294377	70.9705375634096	74.3744270954851	74.713718518648	76.0538246445497	78.0776555747706	77.1569918416952
630	72153	Yauco	2	71.0672708974039	70.1185046545165	71.2780139848607	71.5714737285955	73.023720572884	73.544426592044	75.5253942388808	77.2467413162343	76.3336568606987
630	630	Puerto Rico	0	71.2622098731529	70.7068902824469	69.9284800515857	70.694840894621	73.3466449977235	74.4599694392996	75.8841432019847	77.4987197174495	77.0286965195211
