country_code	reg_code	name	include_code	1980	1985	1990	1995	2000	2005	2010	2015	2020
630	72001	Adjuntas	2	78.8622386988929	79.0124262240621	78.6058810842617	78.9686760518743	80.0960738638591	82.2488297553106	83.6490869238048	84.9837573630732	86.18385437947
630	72003	Aguada	2	77.7562611318404	78.1454540937778	79.4286181729144	78.6486975784843	80.5141543178443	81.5513641989631	83.5537942464144	84.8450904906954	84.1797310999122
630	72005	Aguadilla	2	77.3639881834205	77.5860972248227	77.9075587827247	78.0918969892511	80.0459164096442	80.8713814174779	81.7102223974596	83.530211483648	83.3866412558468
630	72007	Aguas Buenas	2	78.819313804926	78.8599321970102	80.6948495776916	79.2411865149321	81.4304011890701	83.4177892272518	83.8875099610065	85.9362009545859	85.4571389961509
630	72009	Aibonito	2	78.2874084965447	79.1920091012078	79.0432994171756	79.5710671674787	80.7563810253442	81.3610447445323	82.9692886610191	84.4418958066478	85.5728543292204
630	72011	Añasco	2	76.9000846309512	77.2233906583791	77.6420359627044	78.0473675548365	80.3901043780249	81.691602629973	82.8578020952902	84.8770926996879	84.2890667889883
630	72013	Arecibo	2	77.378529566226	77.2340138352909	77.9268825584236	77.8107548860014	79.9714547646918	80.7770072844298	81.7987026086971	84.3056423439358	83.7563085178752
630	72015	Arroyo	2	77.458540139403	76.7642923477882	78.375509177209	77.6513504756983	79.5805103007128	81.0702470807073	82.1798784562808	83.5008559429196	83.1777090461488
630	72017	Barceloneta	2	77.4292601794644	78.591148704127	79.5667932989798	78.5739002950537	80.3792808911001	82.3824038210458	82.7686021188009	84.9568290158135	84.4506817699979
630	72019	Barranquitas	2	77.7698526788963	78.1494002126188	79.6000821941582	78.1700833693781	81.1319480369055	82.9892206978085	83.1184318884699	85.7673464917489	85.6776637032283
630	72021	Bayamón	2	78.1166674527971	79.282599090637	79.8521417325718	79.6928910570293	81.607834985691	82.698127868297	84.0144425207664	85.2439092299584	85.5137579525022
630	72023	Cabo Rojo	2	77.7305282146843	78.9930846503614	80.0821174318748	79.8361883392075	81.8723717813876	82.4487341390582	83.7351374113803	84.5582446487236	84.748077905959
630	72025	Caguas	2	78.3233896232263	78.9993076442857	78.612511104445	79.5170600447067	80.960114868208	82.9325993542711	83.6737936375846	84.7211691985074	84.5103239288396
630	72027	Camuy	2	78.8981098431563	79.3033895485435	78.6828845216545	80.5359679853226	80.9455883133071	82.8102480063925	83.3231514079965	85.1219269135681	85.4073209957522
630	72029	Canóvanas	2	78.5649431481372	77.7890644573474	78.1627236892896	77.3425794040791	79.8270353556823	81.6504142647038	81.9625130339953	83.3205493422424	84.0728924951839
630	72031	Carolina	2	79.6650446843662	79.7602731678467	79.2665165974031	80.0326025916097	81.7590991249901	82.8207807603266	84.1543451771281	86.0423297611065	85.5346674982439
630	72033	Cataño	2	75.32620970106	77.2650581426249	77.1561601270833	77.3963358073686	79.2229805214482	81.4573117607262	82.8350111061384	84.9750671581816	84.5643785074211
630	72035	Cayey	2	77.2066743908338	78.1423401015589	78.3061690446054	78.90833365441	80.6043630706325	81.8159000378144	83.3361185025385	85.1254727783409	86.7655980494933
630	72037	Ceiba	2	77.8980037200294	78.3474566189476	78.6852525941477	78.5248891195853	80.7793128150138	82.1656114992725	82.3756766211142	85.4123397341047	83.9728796986614
630	72039	Ciales	2	78.8703698073663	79.1965981638968	79.4772471485743	79.6930164178444	81.258525522575	82.3585922822652	83.5605354683012	85.7896925633737	84.4331478045002
630	72041	Cidra	2	79.9224828099666	79.3865298330641	79.4797346123025	80.7565632520168	82.6367964712686	83.2346391644419	83.4613410345693	85.1586437061139	85.248591297533
630	72043	Coamo	2	78.3050975951191	78.1049959347367	79.2767340425182	78.7254076252495	81.0120844107491	82.1494812447826	82.5149111515889	84.535373881772	85.1209582328851
630	72045	Comerío	2	79.3286499645481	79.1042010505229	78.6124679922333	78.6118387345519	80.5170113737993	81.75767955156	83.0506813673026	84.5551476912099	83.8107078540873
630	72047	Corozal	2	78.4374488698564	78.4167907298389	78.9205732859249	80.2455819479995	82.1131481997678	81.7360820066153	83.7965519231326	84.6863952530306	85.3474233120931
630	72049	Culebra	2	80.0981326136766	80.5343842311565	80.478425473129	81.3941414433046	82.9372892797867	84.0972971333306	84.8297263245251	86.0378385084907	85.1928649608081
630	72051	Dorado	2	79.1194229532226	79.202469291025	79.3930728338852	79.5895418002651	80.3521755127719	81.6260947859916	83.5415678085299	85.1151341441198	86.517839360889
630	72053	Fajardo	2	76.8736775527126	77.2367676799373	77.8472691868796	78.4924243654055	79.8078821084242	80.3243793048247	81.3359958451385	83.6613103374786	83.3887209888826
630	72054	Florida	2	78.3725653393967	77.1497576839675	77.2395587359966	78.0705948666791	80.6581704944838	80.9359468171884	83.1215809336847	83.8623702653717	85.9668454777709
630	72055	Guánica	2	76.6190570574392	76.7260317911334	77.1050316386492	77.0746022406158	78.6290812029412	79.857854787166	81.0970076914295	81.695920738968	82.0369639575482
630	72057	Guayama	2	76.8345028302674	76.9161280212883	77.8532406227862	78.6695888945696	80.0524846291865	80.552478780621	81.9289785495101	83.4032823022008	82.5945664051605
630	72059	Guayanilla	2	77.4531948179074	76.8901711044165	77.9703524460931	78.6894446610211	79.8297880113058	79.8276792429289	80.9904370046902	84.3088258022784	84.4646054399217
630	72061	Guaynabo	2	79.3927188544211	80.4410981452018	80.3989330132167	81.3452284618466	82.4148461422632	83.5225034123194	84.4500934327405	86.3251361829929	86.6656262813697
630	72063	Gurabo	2	77.7657247210235	78.1647691590421	79.0237964783244	78.8327793322826	81.6156082812971	82.328218526283	83.421561045257	85.8661665158979	84.8236948825437
630	72065	Hatillo	2	78.9145129229997	79.3010055612363	78.4817686215759	78.5632205841035	80.4904943027264	81.8416370382131	83.5475272274769	84.5302116850221	85.2182433413868
630	72067	Hormigueros	2	80.1227691661053	79.1946615813959	80.708210155534	80.4071266899606	82.1022879041224	83.7434806310875	83.5233202337402	86.2728575683631	86.1142361114773
630	72069	Humacao	2	76.2971753438744	78.0491341888158	78.7002549107057	78.4104590374184	80.0036736737616	81.5819559837057	83.0548901723603	84.4358979812995	84.2336074923999
630	72071	Isabela	2	77.8497275192077	78.3283008652166	78.4570795011392	79.3448459384813	79.8830536716988	80.711581006629	82.6423407106449	84.2289636877203	84.8840300236813
630	72073	Jayuya	2	77.4188617110494	77.3229772952339	78.2891069542438	78.6325531237336	81.6666304969596	82.3837025014668	83.1844209584118	85.7611781153858	85.5192043629527
630	72075	Juana Díaz	2	76.6119757315303	77.8115642765769	77.9961260168576	78.3064364304752	80.0332657067883	81.4683564996906	82.7101051032326	85.7487377835895	85.2577188967506
630	72077	Juncos	2	77.0999926684312	77.4806889652838	78.3423673434735	78.631393075363	80.3604002272505	80.4127660854461	82.4490571997543	83.4977721086458	84.4288762996341
630	72079	Lajas	2	77.8773631029088	77.9021193305571	79.2937030096202	79.6634091925498	80.9778509339836	81.7113596665509	83.3715694571094	84.7011000020024	85.4793554671068
630	72081	Lares	2	79.691131946892	79.570868569044	78.8252850202029	80.6948063253701	81.7113479690168	82.1873378858083	82.587777960657	84.5395933812385	84.7021883946813
630	72083	Las Marías	2	81.0892589350597	79.8136640754726	80.6462123522462	81.0463107424227	82.5937762656103	83.5241014528287	84.9431589358848	86.0769883035028	87.3501575404258
630	72085	Las Piedras	2	78.1098033355981	79.0700181941382	78.893406554673	79.7712308656459	80.5216375517951	82.4254660352554	82.6917896236922	85.1518578824539	84.875181101792
630	72087	Loíza	2	77.4747747973206	78.6154795514776	77.8304043164152	79.3941422969331	81.9048732947596	81.2445806164132	82.7654238063682	84.4822185169811	84.9573278847818
630	72089	Luquillo	2	79.8438143077694	76.7442080332031	78.2510372723751	77.8967915845385	80.5320343462665	80.3671772847451	82.9059624077831	85.1848898553021	84.540313670866
630	72091	Manatí	2	77.0158816944565	77.940411347179	78.0122430605129	78.3059633673163	79.8548512502426	81.2662808816562	82.13754860441	84.1485994259387	84.5139771975267
630	72093	Maricao	2	78.8238789572796	79.4362326960181	79.7121145677122	80.2390320653243	81.5676199135471	82.9350655492891	85.3312847108589	86.7805492309931	84.5970807207358
630	72095	Maunabo	2	78.4279302854931	79.3307946571836	79.9978498151535	79.6972773458272	81.3183018775285	82.8698964737928	84.6817307451756	85.3971579705788	83.2701699287016
630	72097	Mayagüez	2	77.4085432346255	77.8878970468844	78.4737032146981	79.3864645114423	81.0695351178843	81.402915700519	82.7771770591526	84.9093651836364	84.8210530468162
630	72099	Moca	2	78.29170638636	79.001329441204	79.3592745217929	79.7259248990307	81.5388686059646	82.0441023085115	82.7476986035783	85.262513041691	85.0910777641708
630	72101	Morovis	2	79.4538772764533	79.1879892084636	79.399545248732	80.6675578351621	82.0279667524426	82.8005908185138	83.3306170730981	86.2288873956405	85.6701313074966
630	72103	Naguabo	2	76.7838701520324	77.2657482815352	77.8270236271076	77.3510727293722	80.0385991283438	80.8836759711567	82.448859940567	84.2468983118141	83.7485588036397
630	72105	Naranjito	2	80.5318105237654	80.5056793384498	80.5657902748403	81.0051979326067	81.9631752400169	82.0851521529411	83.6192347565175	86.6418422463445	85.2610563507532
630	72107	Orocovis	2	79.3226481954368	81.0601347254624	80.2787798749187	80.0715899623059	82.3708660780117	81.6985642211667	83.4210444413602	85.2941884241954	84.8880331558902
630	72109	Patillas	2	77.7047164874933	78.6365083605668	78.4288013896792	78.4140437608109	80.7125480064684	81.6550182826392	83.1650092664795	85.5111622549163	85.4077707274874
630	72111	Peñuelas	2	77.6355321230437	78.1357520531127	78.238574523145	78.5398413444712	80.7326146414158	82.7988440049857	82.4340755280065	83.5916702916904	83.4854150388648
630	72113	Ponce	2	77.5783759039822	77.2899209224904	77.7629462155502	78.5408723393372	79.9880204461146	81.4016366026969	81.840593053294	84.389901269715	83.8559610275225
630	72115	Quebradillas	2	78.5649760640861	77.6784725030998	78.6951709360223	78.8046794174825	79.9353709092901	82.2896578693931	82.9863304118612	83.6996087146227	84.070337637201
630	72117	Rincón	2	78.5985511475924	78.8708809767418	79.45157629192	80.309609062621	82.283855527999	81.3990302107596	83.9956332016551	86.2295411137428	85.7206212260231
630	72119	Río Grande	2	77.6461795904363	78.3680399710663	78.9206965239185	78.5869364584678	80.8243202088876	81.8727516987339	82.0452105309736	84.3836650997026	85.1073872079719
630	72121	Sabana Grande	2	77.3715853624329	78.8288607635281	77.7870646545406	77.9452537358015	80.6154502332135	81.2647238723669	83.0197454095	83.2790709946102	84.5419176510285
630	72123	Salinas	2	77.0435499335688	76.8591831928461	77.6994694426115	78.8067709161647	80.2496825430429	80.8450864724683	83.1948748480621	84.6799484286462	84.9284469424363
630	72125	San Germán	2	77.5871310878122	78.252770803817	79.1184537565952	79.0623305813266	81.1603476324741	81.7694056722942	82.6404736078994	84.3457869076187	83.9207326536335
630	72127	San Juan	2	78.2004642545599	78.5268016410736	78.4936333007974	79.4078402695998	81.6373889409634	82.2727142768133	83.8673555350332	84.9720655693183	85.2045407105532
630	72129	San Lorenzo	2	78.411077371331	78.8062194476186	79.1181772567327	78.6735560898041	81.0612366798738	81.8053564136963	83.3389028904524	85.4070342676221	84.3976672055269
630	72131	San Sebastián	2	77.820533037634	78.4817326991405	78.8133104314323	79.4827157784206	80.4061886974521	81.2293526771541	83.0326031704792	84.1367319370989	84.3746640752554
630	72133	Santa Isabel	2	77.135800821559	76.680734596085	76.9217657243618	77.5445103515289	79.2062691377394	81.2629078967185	81.4047538962913	83.7663748005787	83.0533790098171
630	72135	Toa Alta	2	78.8742753064775	80.8171127920712	79.9420477471549	80.7718866097608	81.7297433246197	83.4597326721741	84.407798396343	84.5741398713231	85.516303285753
630	72137	Toa Baja	2	78.6455246151893	78.9345561526445	78.4138804751827	79.8452234022881	81.0249279756349	81.3081774542231	83.0084169595777	85.0694580583098	84.7484701511577
630	72139	Trujillo Alto	2	80.1062320688451	80.596878694288	79.9274810169426	80.8614300257501	83.214702600024	83.5563689833075	85.0046521017636	86.2599955738467	85.8679636653751
630	72141	Utuado	2	78.3265421602529	78.6064562373577	78.985592249011	79.5120682082943	81.1514028094498	82.2334082994297	83.6212979574391	85.2200305105656	85.4655911637305
630	72143	Vega Alta	2	78.5657792610565	78.4140243234113	79.4862124623441	79.4659727932478	81.7190460811858	82.4112939672185	84.1488960496364	84.8053870876227	85.8311903268649
630	72145	Vega Baja	2	77.2828031384665	78.3225778742631	79.4104321269046	78.5238459181884	80.4034163183758	81.3345170940613	82.5222758414968	85.0962845706022	84.3838781134723
630	72147	Vieques	2	77.2449028978783	77.0301649678674	76.7134742494114	77.9818848910428	79.7903616343586	81.1805122268272	82.0890916976581	83.93584651959	82.6546297750545
630	72149	Villalba	2	78.223195607914	78.4703136011985	79.0446367627371	79.7054718780623	80.9719506021396	82.2590416239209	82.7814621820553	84.2954498177911	85.4025690334216
630	72151	Yabucoa	2	77.8257731592525	78.5324737064464	78.6659091172991	79.1568464009137	81.53736054246	82.7772356360713	82.536947459992	85.6245873039732	84.8760654124679
630	72153	Yauco	2	77.5207417261722	77.508714860384	78.2730914302879	78.8367697335807	79.4685631016323	80.7287985363767	81.975888826569	83.3167149013849	83.3976416115854
630	630	Puerto Rico	0	78.1006251177668	78.5187878489134	78.8079584318626	79.2804907681437	81.0280258296603	82.0129742483949	83.1919858899231	84.8692132224022	84.8540586190022
