country_code	reg_code	name	include_code	1980	1985	1990	1995	2000	2005	2010	2015	2020
630	72001	Adjuntas	2	78.7987271091558	78.9443709032967	78.474081930515	78.8314625355878	79.9146433785752	82.1495810808253	83.557026267578	84.8900147578577	86.188716992385
630	72003	Aguada	2	77.5824112983793	77.9657834681871	79.3132980555743	78.4682427143065	80.3186718829343	81.3640919123062	83.4339990124546	84.7164485533393	84.0189850359378
630	72005	Aguadilla	2	77.280815732038	77.5009192043621	77.8197720168783	77.9938979324195	79.9437174587188	80.7678048953316	81.5866722865377	83.4297267666097	83.3012125385366
630	72007	Aguas Buenas	2	78.7690942279916	78.7851121749518	80.7293367169567	79.1382225273216	81.3580323279761	83.4338159416373	83.839999946544	85.9383582742887	85.4327507045202
630	72009	Aibonito	2	78.211973527967	79.1459704576361	78.9555253060164	79.5057043592194	80.645774905383	81.235430291243	82.8774124939435	84.3490038744769	85.5635578071591
630	72011	Añasco	2	76.7376568463767	77.0519085078958	77.5059462544923	77.902390724554	80.2634577226745	81.5868034020116	82.7738407790413	84.8525069605565	84.2206014628223
630	72013	Arecibo	2	77.292155055823	77.1174800029017	77.8273012349379	77.6906614510212	79.8608435168559	80.6540100333653	81.6749023625683	84.2719789624323	83.6827115733015
630	72015	Arroyo	2	77.3974600651828	76.6140818082608	78.3191078169324	77.531053752456	79.4574854269125	80.9877217820486	82.1006433657601	83.4179425699679	83.0701408256712
630	72017	Barceloneta	2	77.3506785096785	78.5610894381391	79.5995479133101	78.5006202431937	80.2890028156477	82.3742384625981	82.7059283830011	84.9449611371249	84.4197479365225
630	72019	Barranquitas	2	77.655790647989	78.0389181069041	79.5739238225019	78.0098493242205	81.0474410577842	82.9830187639256	83.0286753182264	85.7747956899075	85.677905151431
630	72021	Bayamón	2	78.0382753406843	79.2682745636232	79.869996233406	79.670466839843	81.5903326059571	82.6938809561115	84.0179612990634	85.2336236094591	85.5485310356088
630	72023	Cabo Rojo	2	77.5521328881387	78.8826261593094	80.0261064116582	79.7582424265945	81.7870251941498	82.3356489084761	83.6389420256929	84.4170680605433	84.6188473102859
630	72025	Caguas	2	78.2848276788962	78.9906996768021	78.5682766689256	79.51577743563	80.9180250132865	82.9733923812187	83.6918746249336	84.6959240048376	84.489187985637
630	72027	Camuy	2	78.8351415644646	79.2290381088307	78.5355045358253	80.5092241189381	80.8032656972368	82.7328123565095	83.2021936477713	85.0388218781156	85.356034900047
630	72029	Canóvanas	2	78.5993890117824	77.7546761240442	78.156370586544	77.2667134257539	79.7803527099584	81.672631408121	81.9099008382375	83.2622035410615	84.0914980729601
630	72031	Carolina	2	79.6892925028725	79.7729893068598	79.2232230014333	80.02738380206	81.7392180335852	82.8097458077085	84.1612739157494	86.0875225441046	85.5325981154481
630	72033	Cataño	2	75.3140125758719	77.3850084527964	77.2450727561036	77.4610273859544	79.2711569538567	81.6406868675875	83.0122089740857	85.2523510015128	84.8098802857137
630	72035	Cayey	2	77.0819367780982	78.077547454894	78.2329140090835	78.8450403975645	80.5246685226536	81.766696918655	83.3288753078239	85.1285467477489	86.9229798594956
630	72037	Ceiba	2	77.8499247161888	78.3115602917095	78.6405172497383	78.4335548951468	80.7217157563843	82.1431446919256	82.3028630577569	85.4725209086977	83.9358226165721
630	72039	Ciales	2	78.7993156380572	79.1100145528872	79.3939021196553	79.6086857516081	81.1661812235294	82.2664189200015	83.4763099601829	85.7584039123806	84.31815649898
630	72041	Cidra	2	79.8926435063084	79.2712731567753	79.3632385568428	80.7002611876197	82.5763177064965	83.1609622734591	83.3200474612497	85.0366105827678	85.1534740998669
630	72043	Coamo	2	78.2404345518177	77.9970381771903	79.233477763697	78.6135064642778	80.9377744227564	82.0752233990838	82.3928616040744	84.4684782674484	85.0968775627411
630	72045	Comerío	2	79.3110274766894	79.0460904175792	78.48369267506	78.4688767084441	80.38543299148	81.6468891698146	82.9467104658079	84.4660467658202	83.6762942244379
630	72047	Corozal	2	78.3590065720006	78.2828603195723	78.824097119612	80.2188399219535	82.0771604658843	81.6169822534218	83.742307085526	84.5911035210872	85.3256201819537
630	72049	Culebra	2	80.0090541133679	80.4380617910936	80.3522128938819	81.3150421810545	82.8399346136414	84.026570339541	84.7319667895351	85.9224866382181	85.0344229598591
630	72051	Dorado	2	79.0892015044151	79.1614218126314	79.3400184431104	79.5387119411449	80.2174308115827	81.5118917554108	83.4787384108138	85.0590622796749	86.6178376499389
630	72053	Fajardo	2	76.8358893762515	77.1987033422996	77.8514368838123	78.5211765183625	79.7910497856702	80.2707676511542	81.2724654339044	83.6761839405665	83.383548626236
630	72054	Florida	2	78.324546913295	76.9931244934706	77.0644239125028	77.9201012723853	80.5586735142825	80.7811173067655	83.0443466350213	83.7572393265152	86.0295440484383
630	72055	Guánica	2	76.583208058915	76.6725890210716	77.0522368783055	77.0048161098978	78.5247788973371	79.7793932105616	81.0227019213706	81.5637496534246	81.952752076534
630	72057	Guayama	2	76.7497925315972	76.8146795143803	77.8030970719144	78.6645015880127	80.0079652704061	80.4685991678039	81.8529716927838	83.345106913433	82.4991422976287
630	72059	Guayanilla	2	77.3785096766874	76.7529835589617	77.8749855505303	78.6200543979863	79.7273509691214	79.6777069546239	80.8186180801693	84.2896235058107	84.4911534112454
630	72061	Guaynabo	2	79.3289379951904	80.4354416165444	80.3789951097608	81.3823470191171	82.3833040924511	83.5048138530472	84.4116169613199	86.313027511746	86.7144873074218
630	72063	Gurabo	2	77.630886192734	78.0332685488635	78.9472680863994	78.6941844881544	81.5633885396037	82.2561370353606	83.3486353552936	85.875044157352	84.7494287844232
630	72065	Hatillo	2	78.8515643239243	79.2284883155732	78.3227604499099	78.3820077920031	80.3287351665251	81.7014521496174	83.4412581435146	84.3978865711598	85.1551189160767
630	72067	Hormigueros	2	80.0787372520671	79.0483926289828	80.642557214575	80.2877827290937	81.9851325700344	83.6874450373573	83.3699429504331	86.2222203272881	86.0599025222814
630	72069	Humacao	2	76.1600049401645	77.9948431987312	78.681774211527	78.3427762704599	79.9085989878162	81.5525899590323	83.0357865417582	84.4213024073551	84.2064679887022
630	72071	Isabela	2	77.7634607067739	78.2435791642047	78.3503383941617	79.2826563373137	79.7241335471509	80.5435149565212	82.5315918252804	84.1283974105603	84.8559997097051
630	72073	Jayuya	2	77.2516733560985	77.1396259651749	78.1304398514099	78.4953912102624	81.5878538137638	82.2957363478702	83.0797996936189	85.7357110573455	85.4865936108067
630	72075	Juana Díaz	2	76.44437753379	77.7199868682187	77.9143702124519	78.2040748949864	79.9283386520079	81.3970295154256	82.6458064518104	85.8069725072507	85.2979419916283
630	72077	Juncos	2	77.0389956371085	77.4119593658253	78.3151788319107	78.6061872060431	80.3078823826967	80.3037496499145	82.3965895901641	83.4158572898432	84.4420560597158
630	72079	Lajas	2	77.7542050080711	77.7530009241717	79.2261842357956	79.5983468002748	80.8828466591453	81.5930423938607	83.2976269523025	84.6196694472138	85.4698450128999
630	72081	Lares	2	79.6820339201436	79.5008149684053	78.6808620682809	80.6472017865894	81.6142106202151	82.0560857760586	82.3901563276843	84.4071884912166	84.5758885447139
630	72083	Las Marías	2	81.104711480236	79.7064160725861	80.5565063388674	80.9717636815619	82.5065680290657	83.4350988386322	84.8685856307598	85.9888205862236	87.3831396017802
630	72085	Las Piedras	2	78.0082288744686	78.9961798511111	78.7956190393137	79.6971104739253	80.3977634249529	82.3431941211455	82.5570569891409	85.0978862267834	84.8085619213491
630	72087	Loíza	2	77.4502799843932	78.6496743466686	77.8002961288677	79.4809108619068	82.063665019623	81.2439843013479	82.7949423633908	84.5152083187479	85.0607907658709
630	72089	Luquillo	2	80.0477672940115	76.6263589856689	78.2254859731261	77.8212201131129	80.5185056762643	80.2601558195917	82.9092267331323	85.2554468860369	84.5743192438458
630	72091	Manatí	2	76.9335555770079	77.8938773159703	77.9475552009722	78.2380707934061	79.7566868489102	81.2044657089154	82.0531897437562	84.1056181277827	84.5218498304318
630	72093	Maricao	2	78.7437580992809	79.333607325767	79.6136331722672	80.1684953595495	81.4484677222874	82.8386251847634	85.3617401209658	86.8114295246626	84.4707639365819
630	72095	Maunabo	2	78.3725617352881	79.3047544343162	79.9942658511055	79.6507240888246	81.2505560030136	82.8567272337513	84.7537380390322	85.3771463199387	83.1278661680113
630	72097	Mayagüez	2	77.3118425267114	77.8084481949626	78.4199873232873	79.3787333752351	81.0403698723966	81.3291065590647	82.7215695373894	84.9115310321595	84.8404930461457
630	72099	Moca	2	78.1465841382034	78.8452977615531	79.1924956516959	79.5785473975966	81.3768842917944	81.8603957036678	82.5409702237977	85.1423886863404	84.9626010859382
630	72101	Morovis	2	79.4053824093037	79.077773997233	79.2781461594165	80.6300494898328	81.9515636790567	82.6980558874499	83.2060849612793	86.1994486642487	85.6129123906502
630	72103	Naguabo	2	76.6998534898374	77.1971845722488	77.7701143053925	77.2431630539756	79.9922310014795	80.8270723199799	82.4165256544994	84.2568834328384	83.7250822035468
630	72105	Naranjito	2	80.5309004182328	80.4808963440653	80.5363444922316	80.9884605462931	81.8809969666857	81.9432543756933	83.4975068877593	86.6531438899689	85.1725066571442
630	72107	Orocovis	2	79.2657033386126	81.1113507279676	80.2594326907243	79.985623922865	82.3320697991912	81.5399548756258	83.296501606093	85.2100145718457	84.7752945805149
630	72109	Patillas	2	77.616673823056	78.5922758605218	78.31855808692	78.2958570782131	80.6369017539085	81.5752169597569	83.1082511067059	85.5264619696007	85.435901547207
630	72111	Peñuelas	2	77.5294655165591	78.0390498574573	78.1280712068242	78.4208436932189	80.6552517149517	82.816560931562	82.3309962636826	83.4764155583414	83.3624154689638
630	72113	Ponce	2	77.5690874901048	77.2385903483428	77.7433039588451	78.5526704538494	79.9539152901093	81.4136018500013	81.7847037241868	84.4365405507207	83.860305015122
630	72115	Quebradillas	2	78.5232536141531	77.5442872568931	78.5925007105903	78.6895926113048	79.782134305423	82.2313480312483	82.8964104481654	83.5645173675702	83.9655221305914
630	72117	Rincón	2	78.4848751227315	78.7467201387861	79.3333624472359	80.2387555631968	82.2284275075437	81.2107582194224	83.8939522318326	86.2035488578835	85.6591624699928
630	72119	Río Grande	2	77.5864486179568	78.3200330236118	78.9091445245816	78.5363672339699	80.7944387114103	81.8444980843001	81.9497449608436	84.3455423089948	85.1671074770163
630	72121	Sabana Grande	2	77.2285253344461	78.7723143147068	77.6318773717366	77.7739304528566	80.507423138125	81.1267633477313	82.9444215897679	83.1234761506595	84.4814026436407
630	72123	Salinas	2	76.9678811447364	76.7456836040119	77.6124846436366	78.7893778348972	80.1864727157269	80.7614686582292	83.1985860821796	84.6767110471942	84.971212264546
630	72125	San Germán	2	77.415213510141	78.1064711002732	79.0221465779052	78.9297089583729	81.0541732203755	81.6421728559508	82.4854968808845	84.2285316430132	83.7800391239458
630	72127	San Juan	2	78.2873333938307	78.634847833944	78.5888468162664	79.5511434446089	81.795564732959	82.3961703649369	84.0292182383361	85.1091089054913	85.3791642154876
630	72129	San Lorenzo	2	78.3525025282411	78.7506101671039	79.057157813297	78.5610786424729	80.9911504236376	81.6952402620847	83.2808035175043	85.4012238670203	84.3185001751065
630	72131	San Sebastián	2	77.6771715996224	78.366077693471	78.6839711070218	79.3879077078822	80.2434904850888	81.0567242757654	82.9260141324771	83.991436356369	84.2553672748798
630	72133	Santa Isabel	2	77.122362177138	76.6000180167298	76.8597544046836	77.4772322761293	79.1488180566505	81.2890388766349	81.3349459012439	83.7644473307543	83.0071931851708
630	72135	Toa Alta	2	78.7453142942853	80.7898935643481	79.8216276322922	80.69645124655	81.5920830265942	83.3795927059668	84.310589445377	84.3791148588749	85.4002295454005
630	72137	Toa Baja	2	78.6277639965359	78.9295451229973	78.3478311668033	79.8548199043097	80.9871028559197	81.2184491393239	82.963899603709	85.0744574534257	84.7489431894751
630	72139	Trujillo Alto	2	80.0713574417215	80.581287074959	79.8390855782588	80.8139702132845	83.2125007398521	83.503724680569	84.9832690692179	86.2205016156787	85.8080975186296
630	72141	Utuado	2	78.2132078356066	78.4851410487932	78.8527193121106	79.3989023933226	81.033569151397	82.1322147601111	83.5297647861334	85.1463160470531	85.4182504245004
630	72143	Vega Alta	2	78.4980512007834	78.3118312037427	79.452251748189	79.3965968524262	81.6690447350602	82.3572315706068	84.1424638798876	84.7214299277239	85.8554534792243
630	72145	Vega Baja	2	77.1979683683481	78.2904558801299	79.4531991880518	78.462412100862	80.3394514696058	81.2702572631143	82.4542578299443	85.1218408986985	84.3676831023656
630	72147	Vieques	2	77.2802407444564	77.0232526626772	76.6394890635089	78.0003406427344	79.7934804544191	81.2269188834312	82.1151354935352	84.0024202850888	82.618207495914
630	72149	Villalba	2	78.1334390008859	78.3729446798461	78.9363004625753	79.6226848262146	80.8534359015992	82.175511489545	82.6444916116309	84.176869781277	85.3792470712951
630	72151	Yabucoa	2	77.721489302524	78.4461609775794	78.5487966941798	79.088736309828	81.4848871395762	82.7569088299095	82.4237899823786	85.6264701691423	84.8418103467457
630	72153	Yauco	2	77.4296817326758	77.3923135286673	78.1833625802386	78.7599439016919	79.310144678025	80.6041550773021	81.8568474943506	83.1865187485331	83.2992071163705
630	630	Puerto Rico	0	78.0628855528936	78.4837791236629	78.7757184460028	79.2577447516515	80.9860198599643	81.975698806622	83.1525985619244	84.8554675967589	84.8396247375996
