country_code	reg_code	name	include_code	1980	1985	1990	1995	2000	2005	2010	2015	2020
630	72001	Adjuntas	2	72.3012626921817	71.6804921853703	71.5429585870117	72.1642779749579	73.9350747134131	75.9091800550595	76.931059500357	79.2029136116437	79.0164923277902
630	72003	Aguada	2	73.1197420282992	72.9822810665982	73.0059733902157	72.7912133185005	75.2049960949036	76.6635791669321	77.0588910349828	79.1698850378309	78.1877164900784
630	72005	Aguadilla	2	71.0520407141748	70.7080157108272	70.7845720326399	70.7230174178588	73.1056004860347	73.9937527592232	75.4790069273976	76.8116286914141	76.5292322890685
630	72007	Aguas Buenas	2	71.3890902881595	71.7064616463205	71.562013836742	71.9006304296744	74.1533255954503	74.9526247717998	77.1714185949367	77.738837227963	77.832908954095
630	72009	Aibonito	2	71.6538623054459	71.3119903886305	72.109530929338	72.0459600634216	73.9434546099988	74.8855313893441	75.6055902476574	77.6342047280866	78.9102226394521
630	72011	Añasco	2	71.7873044317638	71.4932073984138	70.9023360855528	71.4161027448096	73.9695270168246	75.7048552080797	76.116452812923	77.6575593846113	77.5048875887437
630	72013	Arecibo	2	70.8605259350495	70.377683017016	70.6176353681648	70.4085069169252	73.0564139333572	73.6835953849838	75.4233731084	77.1801112451541	76.7265566302251
630	72015	Arroyo	2	69.8455391643881	69.5259549114627	69.6737837675882	69.8437521471034	72.2863241920974	73.3827569507598	74.1505717720936	76.1259042622529	76.4948703663863
630	72017	Barceloneta	2	70.5225579149641	71.4986234277394	70.8845860993363	70.478006788504	73.3020413716929	74.420399563228	75.3418666557335	77.4026358660455	75.8192793358476
630	72019	Barranquitas	2	71.4387320111843	71.441395451467	70.9897895433401	70.8824665963158	73.7465665850497	75.0943182383983	75.6768628199791	77.8945521269338	77.6521336152813
630	72021	Bayamón	2	71.8179884889175	71.4816148208653	69.6593686694679	70.8963096992158	73.4856531446026	74.6747209508766	76.2113748342519	77.3878195371808	76.2796080968953
630	72023	Cabo Rojo	2	72.5984240200018	72.8742873188503	72.5873876547227	72.3795945049793	74.7003791597199	75.9658249226519	76.1132751514672	79.2096409325653	79.0908067793063
630	72025	Caguas	2	71.4860625401538	70.3099795675844	69.179535668643	69.9318975882561	72.9979232589566	74.4786164963571	74.799567557279	77.1540110970593	76.181455593423
630	72027	Camuy	2	72.0511923323309	72.4806090144735	71.9048354253318	72.1283610490118	74.5718889321195	75.3831154320246	76.3007422962321	77.9422791572982	77.6520606427355
630	72029	Canóvanas	2	71.3935748774078	70.935792903651	69.1974768534216	68.8438450334678	71.8261985468368	72.8881719202174	74.4023189254789	76.5394886691064	75.3236250557613
630	72031	Carolina	2	72.4569855799628	71.4260669227605	70.1951037979435	70.8364300685877	73.9117465967318	74.7666718859968	75.9077556590239	77.9793929844152	78.2777474590884
630	72033	Cataño	2	65.9034605616363	66.4978544954032	65.2364003930412	66.2182264175005	69.8137467015489	70.4770906721982	72.6583918518651	74.0185656419456	73.4736363258506
630	72035	Cayey	2	70.9814908251362	69.8411071726895	69.9075167090177	70.4902354119553	73.4451602844716	74.4885121192012	75.5160865971462	78.075983032399	78.8580704629545
630	72037	Ceiba	2	71.6008197408018	70.8087233651274	70.9507662970096	71.4897207689858	73.6783494984323	74.809619884065	76.209333231645	77.806670298165	76.4526019354439
630	72039	Ciales	2	72.5532051268573	72.7843777986934	71.9664802379958	71.8694018034073	73.806264571171	75.0360177890583	76.4817403341345	78.7745915221431	77.9860267045878
630	72041	Cidra	2	73.2039541978291	72.7063394417951	73.5791780954314	73.5993273930817	75.5495623618989	76.1833686114646	77.5247313762331	79.048057649141	79.4111894247821
630	72043	Coamo	2	71.7792839433102	71.3473294725199	71.2243548036519	71.3911627544672	73.2502792216331	75.4355974591419	75.8466744473902	76.7087977122207	77.8035571215265
630	72045	Comerío	2	71.9868890720404	71.8660763562893	71.6845273256545	71.4625377683484	73.7284021556027	74.8863610798164	76.6620198701129	76.8032023115753	76.3272580452718
630	72047	Corozal	2	72.3866503219098	72.8598058556566	71.5014616432643	72.0490089188254	74.7767953620758	75.3455863553158	76.5611012483307	78.0902767309183	77.2998231648527
630	72049	Culebra	2	73.4384355200311	72.9573170385896	72.5350833841771	72.8857177487845	75.456162515949	76.2577462301165	77.3389953100287	78.5176469776714	78.113614473016
630	72051	Dorado	2	72.5435223987202	71.0554877783917	71.0797699453302	71.4782382113883	73.1832445652378	74.8775396364514	77.1141891593117	78.2546297247541	77.6200879906623
630	72053	Fajardo	2	70.1774533646674	70.416217149557	68.7149802079204	69.8634515412714	71.8735748058893	72.4513532125088	74.1560135961096	76.3638930736304	74.8904903200246
630	72054	Florida	2	71.4871593729696	71.1606103265827	70.6063445415777	71.6035514655717	73.8660189292519	74.8005983589562	77.0363298099368	77.153515032874	77.2093005239801
630	72055	Guánica	2	69.7536445331656	69.4135700385651	69.0731564234377	69.2966354113131	71.9217698213207	72.3014861303231	74.4429375770706	74.7001081787635	74.5910967546281
630	72057	Guayama	2	69.9667078613032	69.3308467355377	69.4439715331741	69.9259052165953	71.7092775154951	73.5211238960575	75.216041857903	76.2489154093023	75.076566976366
630	72059	Guayanilla	2	71.4203012333105	70.372592701125	71.1163811397883	71.1195317032912	73.2408022467973	73.632384159521	75.8765403752983	76.0681381292332	75.2929014350803
630	72061	Guaynabo	2	72.9564453414527	73.0509328158556	71.9406924484176	72.1369137596064	74.7556333407392	75.6106477051411	77.3614555115814	79.1560651991144	77.6355034649134
630	72063	Gurabo	2	71.9152630774865	71.91657023884	70.7719028762398	72.2783559603802	73.8976303729342	75.4273743820006	76.1750701671585	77.7999886323168	77.6927660725992
630	72065	Hatillo	2	72.2424238016462	72.3076309859425	71.9728993311088	72.1367042376404	73.9154205403453	75.0787555113985	76.9084586765219	78.8781807495622	78.0770471555948
630	72067	Hormigueros	2	73.7305180346734	73.1531503184748	73.3138979911074	73.5946561083896	75.3033855196408	76.3548949298169	77.2987477700819	78.5662401344344	78.9268374710778
630	72069	Humacao	2	70.6592347796707	70.7010651855654	69.8930913237245	71.2872571479116	73.246389155558	73.9522465107653	75.7479464684575	77.0599201339839	77.4622279477686
630	72071	Isabela	2	72.6737144920439	71.5678071838239	71.5641473469662	71.5674616965682	73.2464294050907	74.7636715546675	76.0664323268087	77.8176166408278	77.4403583261883
630	72073	Jayuya	2	71.9906396214318	71.6225463476787	71.3264464762437	72.2896545516461	73.9934072079923	75.6510975204203	77.0775223002059	78.2643822476181	79.0524747683606
630	72075	Juana Díaz	2	70.8738356266933	70.5389828640166	70.5605462328543	70.6062677576606	72.5548149391967	74.2688041536127	75.8241626356564	77.2059927874361	76.5628869008486
630	72077	Juncos	2	70.4839386169041	69.8338499522067	69.650513505208	70.3818595154022	73.0078124384469	73.0525898591881	74.6045489518951	76.7483095538702	76.3722934536885
630	72079	Lajas	2	72.0178331442451	72.4534792264837	72.0026013943934	72.0995601133254	74.0427029438732	75.3614584716273	76.4765222207589	78.1075690358005	77.5367604420003
630	72081	Lares	2	71.7130044677891	72.137665171867	71.9815299473828	73.583432580343	74.6426283225126	75.5539114435591	78.0317056875813	77.8882153433977	78.1150873763198
630	72083	Las Marías	2	73.6556300506702	73.3296442000374	73.3590711798887	73.7257721301397	75.7650752784614	76.9255307799241	77.6709544951363	79.3596912185562	79.0356602798354
630	72085	Las Piedras	2	72.6433712810338	72.2728574166296	71.7776459780279	72.8176768029357	74.4666847335477	75.7488111003598	76.4853889018055	78.2329285114359	77.9090615049225
630	72087	Loíza	2	70.0376550553585	69.9280116589065	68.7822792421099	68.7145111854278	70.8418002584707	71.5862583575508	74.0185673447969	76.1107595794019	75.2043172786408
630	72089	Luquillo	2	70.8225090103336	70.6579992732933	70.0646501996596	69.799141041631	72.1370312266523	73.8229502357916	75.026040761604	76.9326301273186	76.5011019546412
630	72091	Manatí	2	70.210460146993	69.834549304937	69.7807682286841	70.6569112093348	72.9805581321897	74.1994570004449	75.4525581631143	76.673659285634	76.3890462539965
630	72093	Maricao	2	72.0269993575016	72.9982204402973	72.0592406025781	72.2778866957817	75.3279561952992	75.9253060212495	77.4503740248558	78.3816746724515	78.448586927982
630	72095	Maunabo	2	71.5472399809988	71.8825263625316	71.7125731140236	71.4360605520274	73.7642323441965	74.3307869721784	75.5544849953736	77.5224608830955	76.3396180011475
630	72097	Mayagüez	2	70.2814253250812	70.4078992882311	70.27230358626	70.8123573632277	73.3451976089775	73.9167620307478	74.7928191450512	77.1806693660604	76.5423143046704
630	72099	Moca	2	72.6523717097462	73.525160962592	73.7113804786031	73.5105081644212	75.926656341452	77.2074047013048	78.0751737685143	78.6970122520552	79.2476782176157
630	72101	Morovis	2	72.8234827802937	72.7946956959102	73.3061722725245	72.6524293100503	74.6046228756063	76.0937554891681	77.3206995218343	78.3500930888711	78.5495503634158
630	72103	Naguabo	2	71.4094668782628	70.5619587966878	70.0927102498819	70.3513373516302	72.3801042139137	73.8221554487858	74.9949918775406	76.127610670973	76.6556854285002
630	72105	Naranjito	2	73.8657383378282	73.1670991320723	72.5378930597056	72.1325044892266	74.8650101912011	76.0399797465475	77.4981270172994	79.3151853054679	77.6928601112476
630	72107	Orocovis	2	73.1974299503554	72.522914518272	71.4972109670172	72.9631613706698	74.3131771636922	75.5667377796093	77.4559424579825	78.0753136953854	78.396284197809
630	72109	Patillas	2	71.5502040736883	70.7400305372573	71.3583726229879	71.1656609194315	73.3746316041302	74.3024646666215	75.8596345863053	77.1134892583962	76.4727496557798
630	72111	Peñuelas	2	71.7780205251211	71.8184951383477	71.1861209504177	71.8695932721137	73.2092167669843	74.4779606851052	76.7326689225861	76.8986427421369	77.495829223342
630	72113	Ponce	2	70.572882258788	69.0542178880121	68.3798349443645	69.123497610744	71.900743350915	72.7412792325058	74.7933176059032	76.0080813031142	76.0177352875782
630	72115	Quebradillas	2	71.4379045774577	70.9381609080686	71.470185255532	71.5386942717207	73.3012796572987	74.977649803344	76.1570409716357	77.0978750406445	77.3226054151764
630	72117	Rincón	2	72.6250854565537	72.4401256192507	72.8987999820208	71.8879451477315	74.7251809450597	75.7661518456242	77.6317910877683	78.8095617448553	79.3693366463361
630	72119	Río Grande	2	71.0535377999784	71.5368282061763	70.1745314771406	70.009616261243	73.2991376347791	74.649018313798	75.5993709024405	77.2160316101116	76.5905552118089
630	72121	Sabana Grande	2	71.9540510562823	71.9600977008494	71.4830859603438	71.7131251496802	74.2438859303823	74.8509430234224	75.8877877113736	77.0318647321025	77.4320819318991
630	72123	Salinas	2	69.6919627045774	69.0588498507002	69.9592706654034	69.6329006166261	72.7994834578486	73.5035472705342	75.2482530575905	77.2841919881199	76.8355709427608
630	72125	San Germán	2	72.1467675661808	72.645601753753	72.0565166935712	73.3810984474351	74.778946774277	75.5573565455204	76.4251153345225	78.0469581656709	77.6763486337509
630	72127	San Juan	2	68.5792254432737	67.3160971638946	65.0426925298738	67.286330442394	71.1961484454715	72.6562159465895	74.4196061875633	75.7545905763903	75.1290890939392
630	72129	San Lorenzo	2	71.997671971826	70.7661336898701	70.5306373884898	71.8071857238335	73.4291747938186	74.6895388011564	76.3464433841011	77.7189179577266	77.4956459348797
630	72131	San Sebastián	2	72.6446566455708	71.8296571044108	72.1969221947528	72.7068990489337	74.3952681129901	75.8545223793191	76.3774300462292	78.3415151427434	77.7365802814533
630	72133	Santa Isabel	2	69.0370224015612	69.2294370752804	68.1728927513678	69.0493696266226	70.6902941469312	72.323362188013	74.5634689393861	75.0328271360735	74.7789554630771
630	72135	Toa Alta	2	74.0331768485871	72.9657866642682	73.2386617182629	73.0624861024154	75.1160886509014	77.0068571938614	77.6817295438916	79.3536620817407	79.1069943048438
630	72137	Toa Baja	2	72.1463461436526	70.999261660952	69.9906878581401	71.1100601872425	73.3380062043584	73.9915376543154	75.5476766935688	76.9632412556913	76.2243087964142
630	72139	Trujillo Alto	2	73.4432550090614	72.7914177328607	72.6208768796761	72.5551874757905	74.7071387022893	75.7941084445265	77.6009875578053	79.2322813180824	78.4338108386509
630	72141	Utuado	2	72.6686060324537	72.3032082565785	72.7108099570056	72.542349425661	74.6464646565298	74.994489974391	75.9966234193091	78.7418096470618	78.9581612384717
630	72143	Vega Alta	2	72.8069289256358	72.1889837794617	70.9482588538967	71.8237726905767	74.1030245196652	74.8340330292924	76.6757616648386	78.4733684526389	78.7454609166954
630	72145	Vega Baja	2	71.5937450596141	71.0774516949189	69.6774475402506	70.029148162565	71.9308816472375	73.6386193205888	75.4562045804738	76.7267533455319	76.6075332581687
630	72147	Vieques	2	69.1623296916446	68.9214755439339	69.3765210094	68.7048590158085	71.3460413354426	72.4729306247106	74.2257965990119	75.7503346156597	75.0503566147524
630	72149	Villalba	2	71.6581437919825	71.1245322280173	71.4819021215785	72.5021054902194	74.466207400286	75.0502021372237	76.6562468640446	77.5224858741805	77.0596079241488
630	72151	Yabucoa	2	71.1323062436827	71.4510089044536	71.5076737720126	70.8801884023403	74.0902559236946	74.5485079749147	75.913148658932	77.8578142597047	77.0463754081356
630	72153	Yauco	2	70.9755572664076	70.1404476713267	71.1140323869628	71.4334132710166	72.9786881108794	73.5709529147752	75.4570036895132	77.0896455690299	76.3392189237716
630	630	Puerto Rico	0	71.1436645768763	70.6191874083801	69.9147462367925	70.647169502526	73.2361448906904	74.361027185195	75.7785014940763	77.3588861803636	76.9403971076243
