country_code	reg_code	name	include_code	1980	1985	1990	1995	2000	2005	2010	2015	2020
630	72001	Adjuntas	2	78.7862554798672	78.9252669835651	78.460875117045	78.8212092837096	79.9031727915578	82.1487525425247	83.5554140894416	84.8744407767752	86.1919025056297
630	72003	Aguada	2	77.5718793098952	77.9616517248147	79.3139659193161	78.4649394842211	80.3183617783295	81.3635787538255	83.4366787255628	84.7208110154223	84.0110163079622
630	72005	Aguadilla	2	77.2796222079555	77.5018647395227	77.8236839193586	77.9936353435351	79.9475354784956	80.7658819976028	81.5833728324818	83.4293832931696	83.2960574604568
630	72007	Aguas Buenas	2	78.760982009573	78.7744533481405	80.7318031692012	79.1354115067398	81.3574311481278	83.4311775486555	83.8394087284929	85.934699248429	85.4296225341216
630	72009	Aibonito	2	78.2074283860112	79.14541641865	78.9584086202932	79.5089850053136	80.6415385607496	81.2274034689471	82.872992293031	84.3449228973718	85.5675088829936
630	72011	Añasco	2	76.7361784697805	77.0468593226342	77.5008907694864	77.9037532515565	80.2695967130453	81.5936127912275	82.7742828462819	84.8584692936709	84.2196850240826
630	72013	Arecibo	2	77.29032724133	77.1134354714872	77.8260928894686	77.6868351281811	79.8609877765503	80.654656084302	81.6751591192596	84.2715452184525	83.6817203793308
630	72015	Arroyo	2	77.4049835187156	76.6197332660973	78.3384711558891	77.53827695897	79.4651876690956	80.9977741381162	82.1077067033009	83.4238340524919	83.086104724765
630	72017	Barceloneta	2	77.3375273887156	78.5603001809315	79.5956077503127	78.4883251266208	80.2885905633609	82.3776957087366	82.7050209329533	84.9527127358053	84.4184545951014
630	72019	Barranquitas	2	77.6586043581174	78.0398303183291	79.5795214982752	78.0081196126997	81.0512665834516	82.9924561094975	83.0317603024192	85.7857416249087	85.690256101114
630	72021	Bayamón	2	78.0407912817424	79.2708048596552	79.8694207512355	79.6738821780799	81.5898880424053	82.6934670605412	84.0181205504122	85.2326479553472	85.5465740741174
630	72023	Cabo Rojo	2	77.5470653736762	78.8788986137493	80.0290745315772	79.7576715564333	81.7920112167407	82.3392065193327	83.6337582631487	84.4170414204293	84.6189428532119
630	72025	Caguas	2	78.2875971079558	78.99345288478	78.5662889301237	79.5150951237417	80.9214561802702	82.9758914648781	83.6906175307395	84.7002936414946	84.4885319968862
630	72027	Camuy	2	78.8276235347343	79.2290629485197	78.5352572928775	80.5112891256571	80.8060293878709	82.7361300188363	83.1998527991287	85.0381963451344	85.3554831152758
630	72029	Canóvanas	2	78.6195046466472	77.7618542971918	78.1540794950864	77.2578326638863	79.7782221109476	81.6744389444253	81.9101006102998	83.2605984593526	84.0915232783765
630	72031	Carolina	2	79.6945305562262	79.7738338861748	79.2192863748268	80.0251272256183	81.7386715967387	82.8085107924068	84.1573289589531	86.0868115421874	85.5333342363621
630	72033	Cataño	2	75.3029604641021	77.3834610799922	77.2367660932396	77.4573361416485	79.2713484918315	81.6411184846318	83.0213468228277	85.2583897916084	84.8147561354456
630	72035	Cayey	2	77.075870547065	78.0684167852105	78.2267597154533	78.8429608210022	80.5261837974199	81.7634324255294	83.3272238570045	85.1247254927205	86.9272934908722
630	72037	Ceiba	2	77.834913264103	78.2990581054304	78.6339681913469	78.4276584435187	80.715714888915	82.1379952325748	82.2836880139746	85.457076838724	83.9187276266794
630	72039	Ciales	2	78.7989390735652	79.1125396873777	79.3993444094458	79.601996479837	81.1579557832615	82.2610931690163	83.4752513004642	85.7568285429657	84.3147505077348
630	72041	Cidra	2	79.8854574488479	79.2620613815769	79.3630886882363	80.6991164967585	82.5791883489666	83.1576798160458	83.316938685863	85.0301089800053	85.1428436412905
630	72043	Coamo	2	78.2323698923991	77.9881215301051	79.2331181933208	78.6108740779817	80.9348488720365	82.0819429242328	82.3919325042618	84.4626643286423	85.1021250888673
630	72045	Comerío	2	79.3187221185931	79.0525571525373	78.4882775551195	78.465409775908	80.3795935668719	81.6490292220941	82.9512633240308	84.4649036714167	83.6763850192164
630	72047	Corozal	2	78.3618644586845	78.2933226246557	78.8233927177059	80.2229640430264	82.0893386082559	81.616069472458	83.747383411692	84.5933905284054	85.3187573515477
630	72049	Culebra	2	80.0412882534183	80.4773768706113	80.3936841670254	81.3560580910053	82.8780448402285	84.0613780644611	84.7613754486359	85.9536929307516	85.0569478908929
630	72051	Dorado	2	79.0991788716656	79.160895769344	79.3427191304898	79.5376266314032	80.2149128677615	81.5117415766199	83.4844009163769	85.066182472228	86.6111609719015
630	72053	Fajardo	2	76.8376516886863	77.1978292086535	77.8486212740659	78.5203354721781	79.7837090600765	80.2672960691158	81.2653047787446	83.6683456109443	83.3829396827239
630	72054	Florida	2	78.3108054909257	76.9716277482904	77.0479890482703	77.9115828864362	80.5551413822651	80.7752811364496	83.0468857458235	83.7552784240014	86.0281914238551
630	72055	Guánica	2	76.5875469452684	76.6739338058603	77.0558661864919	77.0020764428911	78.5229492889132	79.781520743381	81.0218483411592	81.5608970083702	81.9492653779967
630	72057	Guayama	2	76.7446613402124	76.8106944802586	77.803775838179	78.6669837485634	80.0058824637892	80.4665191777115	81.8590493696186	83.3443268262014	82.4894802542651
630	72059	Guayanilla	2	77.3771941600594	76.7456182510912	77.8764478713803	78.6238763161342	79.7217794778968	79.6661950162558	80.8152366462282	84.2801767712752	84.4748919721901
630	72061	Guaynabo	2	79.3308125540268	80.4448736560255	80.3804313876393	81.3813919182046	82.3816455748528	83.5043542392882	84.4089524678571	86.3137336046981	86.7128837170567
630	72063	Gurabo	2	77.6206384201956	78.0262902263349	78.9414187356137	78.6912358681192	81.5583535202665	82.2549633098165	83.3505403662024	85.8728420553109	84.7490670516106
630	72065	Hatillo	2	78.8477868490381	79.2289631917548	78.3245057814197	78.3802339454538	80.3237397199093	81.7012510353981	83.4436387985986	84.4085476029397	85.153290173527
630	72067	Hormigueros	2	80.0755147765489	79.0457580093219	80.6524293222854	80.2970993075205	81.9858856801325	83.6863254170011	83.3672145889418	86.2229034052459	86.0593202982284
630	72069	Humacao	2	76.1542665737849	77.9965913257249	78.6849742346901	78.3409473922181	79.9074608813113	81.5513772376027	83.0375403141579	84.4227873682704	84.2113259593692
630	72071	Isabela	2	77.762026532016	78.2432286914195	78.3509761664521	79.2837216896115	79.7242845392165	80.5432731144692	82.5330778185493	84.1277996245466	84.8563244015198
630	72073	Jayuya	2	77.2269939144178	77.1216346289617	78.1165687880677	78.4875617265669	81.5874253698199	82.2959998081753	83.076157881386	85.73888506509	85.4819935388914
630	72075	Juana Díaz	2	76.4379738852491	77.7168705342192	77.913490936263	78.2027364614324	79.9214086912619	81.3968178159153	82.6469757347525	85.8078722626863	85.2986101276616
630	72077	Juncos	2	77.0378823744388	77.4136422569223	78.3160735474917	78.6135038601693	80.3130960204773	80.3034331543909	82.3953311877769	83.4172130320065	84.4480317480514
630	72079	Lajas	2	77.7541395171504	77.7534917997191	79.2257478274447	79.602942864942	80.8835603028283	81.5950728598195	83.2941096561265	84.6132528849879	85.4667137698166
630	72081	Lares	2	79.6722639214769	79.5030219090629	78.67712838102	80.651734237518	81.6111551346267	82.056092702109	82.3945184233814	84.4075238741708	84.5754096224017
630	72083	Las Marías	2	81.0892365722266	79.6837038339076	80.5428889375318	80.958507563041	82.4876873302811	83.4161346158357	84.859058993063	85.9611541707081	87.3716553673448
630	72085	Las Piedras	2	77.9913894295786	78.9889771089685	78.786738533545	79.6954051439625	80.3915873605366	82.3409668936554	82.5470709292238	85.0826490489161	84.806668367795
630	72087	Loíza	2	77.4528336746099	78.6569735653856	77.7937174599285	79.4785985159918	82.0585758875857	81.2365701816754	82.7856909340478	84.5182011515268	85.0600148988342
630	72089	Luquillo	2	80.0514576677754	76.6146032817015	78.2183845794521	77.8089902624394	80.5102447624945	80.2515555643758	82.9051860388801	85.2607979287283	84.5675638678284
630	72091	Manatí	2	76.9315009029606	77.8903753614515	77.9471976953738	78.2378387033261	79.7626594645233	81.2077017643066	82.0532669317926	84.1106489796859	84.5209586068177
630	72093	Maricao	2	78.7199057796408	79.3280410544029	79.6029425674366	80.1517876386309	81.4311655016451	82.8355059666617	85.3495431159939	86.8053897207466	84.4601097217313
630	72095	Maunabo	2	78.366047111953	79.3108609836223	80.0085327156471	79.6530704351959	81.2557977057542	82.863720750785	84.7521807650482	85.3816519344933	83.120652004197
630	72097	Mayagüez	2	77.310591525306	77.8107754105679	78.4210483126339	79.3799004706264	81.040865764882	81.3321063330923	82.7211817891143	84.918465721533	84.8398103200716
630	72099	Moca	2	78.1282464635388	78.8434483722861	79.1913653153034	79.5777088442635	81.3747683169597	81.8593745982542	82.5342372630846	85.1336952258364	84.9582473612562
630	72101	Morovis	2	79.396893622214	79.0741581647141	79.2778756868801	80.6287653978975	81.9431338885351	82.6975439409911	83.1990296916567	86.1990273262617	85.6099850228993
630	72103	Naguabo	2	76.6949687293219	77.1924520531186	77.7680049883512	77.2343445282658	79.9873276707761	80.819275572174	82.4159789989784	84.2553665013836	83.7234190777303
630	72105	Naranjito	2	80.5425649088024	80.4903581991338	80.5385833174434	80.986649281764	81.8830994901295	81.9374673103585	83.4988942152875	86.6517948238764	85.162993285602
630	72107	Orocovis	2	79.2571265402217	81.1166045591598	80.2567830233225	79.9887027598005	82.3283004975267	81.5342285226922	83.2950517794581	85.2075633572114	84.7731134146589
630	72109	Patillas	2	77.6073835105791	78.5854120494957	78.3219978334399	78.2928221351299	80.6311052903821	81.5788900921608	83.1047967211046	85.5242737490226	85.4319924506407
630	72111	Peñuelas	2	77.5256468308032	78.0366949615903	78.1222344153408	78.4210692691607	80.6443805110306	82.8156501409707	82.3237518801433	83.4692629610742	83.3572971390606
630	72113	Ponce	2	77.5751598628228	77.2378707981285	77.7447656607397	78.5522890761782	79.9534270405655	81.4139205219402	81.7844426157901	84.435747846613	83.8549136128865
630	72115	Quebradillas	2	78.5221232105821	77.5386363765945	78.5995741502151	78.6915167684671	79.7833963821587	82.2342005162905	82.8983258671872	83.5607986857519	83.9653225853148
630	72117	Rincón	2	78.4764316813527	78.7443853159415	79.3360186946004	80.2379528201864	82.233821829948	81.2086617090292	83.8991118149828	86.2050898533765	85.6680101656813
630	72119	Río Grande	2	77.5829672302466	78.3245408282548	78.906389760626	78.527350813899	80.7929144552685	81.8478862109849	81.9458355951246	84.3476586227548	85.1597354978926
630	72121	Sabana Grande	2	77.2269001789451	78.7778880642043	77.6363002075225	77.7744570593535	80.5096702385968	81.1281538935609	82.9385303999494	83.1225682288053	84.4838748338932
630	72123	Salinas	2	76.9576031192063	76.7306072651867	77.6043331382764	78.7800238430955	80.1838086169893	80.7560073447113	83.1967495624675	84.676985553785	84.9686012036782
630	72125	San Germán	2	77.4118255580973	78.1141531135322	79.0292941749028	78.932368304882	81.0548061991229	81.6417666169813	82.4826625573455	84.2278944678183	83.7772331564834
630	72127	San Juan	2	78.2909458706804	78.6347480293039	78.5864793732023	79.5503273426444	81.7962068560458	82.4031251248437	84.0310465497737	85.106029465524	85.3836569467684
630	72129	San Lorenzo	2	78.3513581106525	78.7513550679015	79.057311205715	78.5610546097164	80.9862725095435	81.6945668402967	83.2825703564181	85.4053801246963	84.3183086752844
630	72131	San Sebastián	2	77.6755069480694	78.3628490964908	78.6892290825145	79.3900773712319	80.2439184695188	81.057681151756	82.9250247896316	83.9988794219107	84.2544485396624
630	72133	Santa Isabel	2	77.120896704889	76.5959326596865	76.8427939203083	77.4713771181348	79.1371442831153	81.2826744525188	81.3295465004597	83.7656554914315	83.0076791639151
630	72135	Toa Alta	2	78.7364290570611	80.7892197560258	79.8158266118029	80.6945058705843	81.5845097888968	83.378863254396	84.3075875016963	84.3772832683365	85.399581285525
630	72137	Toa Baja	2	78.6308724712023	78.9295611921301	78.3453569016011	79.8576362089142	80.9867172439128	81.2168150477335	82.9624399990466	85.0777250737498	84.7438817521751
630	72139	Trujillo Alto	2	80.0735322679988	80.5799174237019	79.8343358588545	80.8133019180281	83.2105199819115	83.5030503109591	84.9822297615425	86.221620962554	85.8122126577751
630	72141	Utuado	2	78.2082819681821	78.4842283853508	78.8511582792468	79.3994078288351	81.024925879913	82.1252626357619	83.5305123612105	85.1445686671482	85.4178540219595
630	72143	Vega Alta	2	78.4927509337157	78.309790377848	79.4448536487905	79.3957167484057	81.6749547356836	82.353400375845	84.1415382076005	84.7213041688527	85.8521106256905
630	72145	Vega Baja	2	77.2013131427536	78.29185565294	79.4558399033077	78.46215476988	80.3386086281297	81.2689523419174	82.4554478557339	85.1261829263874	84.3662347939375
630	72147	Vieques	2	77.273967553897	77.0108594787506	76.6314090475402	77.9903215831687	79.7888352424878	81.2192857768776	82.105787688047	83.9941451171149	82.6054091284041
630	72149	Villalba	2	78.1284362241963	78.3613980561017	78.9409809616931	79.6298903697106	80.8550753839127	82.1756431508542	82.6465485741331	84.1735768502876	85.3823722512935
630	72151	Yabucoa	2	77.7142417815975	78.4433334814161	78.5504375715557	79.0870895151366	81.4850724324387	82.7547322850863	82.4184083533195	85.6183377123998	84.8379157357363
630	72153	Yauco	2	77.4294431412629	77.3882244902767	78.1917320636456	78.7647963331803	79.3098080593697	80.5999280793104	81.8590345668541	83.1834101731459	83.2981210341127
630	630	Puerto Rico	0	78.0620202103362	78.4857446192897	78.7716610407904	79.2569870221793	80.9839793582506	81.9751261121057	83.147332995583	84.8549778207714	84.8390872563802
