country_code	reg_code	name	include_code	1980	1985	1990	1995	2000	2005	2010	2015	2020
630	72001	Adjuntas	2	78.796428549048	78.9403504188066	78.470241993554	78.8285725713656	79.9132015962031	82.1467488507023	83.5491940954912	84.8884077868523	86.1807573637247
630	72003	Aguada	2	77.5846867385947	77.9673339339073	79.315591498446	78.4670088758658	80.319941099112	81.3639923447075	83.43574729621	84.7132403758765	84.0141312064078
630	72005	Aguadilla	2	77.2845584399325	77.5035745437266	77.8210643039221	77.9952330830367	79.9448177574978	80.7664632069788	81.5846042263546	83.4311606467411	83.297766785031
630	72007	Aguas Buenas	2	78.7647723052786	78.786424843627	80.7282656960733	79.1372904259032	81.3596448175443	83.4327962529902	83.8407926502636	85.9402990524713	85.431848091796
630	72009	Aibonito	2	78.2127715859653	79.1462418816264	78.9526087076598	79.5059475962889	80.6461796779036	81.2318601298425	82.8799269519572	84.3481180837001	85.564397979899
630	72011	Añasco	2	76.738787865691	77.0533461235776	77.5075819862948	77.9003782082792	80.2674697796128	81.5875972307468	82.7749345189207	84.8549374516578	84.2230519389151
630	72013	Arecibo	2	77.2920663605066	77.1171624543414	77.8251730776968	77.6890514504462	79.8624083236493	80.6553815788688	81.6761777815687	84.2720378936836	83.6841933065819
630	72015	Arroyo	2	77.408633875442	76.622696661526	78.3313737436375	77.539864927207	79.4655258531478	80.9987889492607	82.1100471539402	83.4275215732707	83.081311655682
630	72017	Barceloneta	2	77.3499632116569	78.5585348018894	79.5984031300427	78.4988725455747	80.2885275354859	82.3737007973304	82.7002087640598	84.94694285122	84.4203944856584
630	72019	Barranquitas	2	77.6607012424408	78.0427053267963	79.5791353894206	78.0131754408218	81.0507552308914	82.987226818132	83.0317596281796	85.7791044386555	85.680564179799
630	72021	Bayamón	2	78.0396489971158	79.2682866455234	79.8701630612379	79.6706029630453	81.59046102445	82.6939885772043	84.0180475614936	85.2338128295169	85.5487282470708
630	72023	Cabo Rojo	2	77.5516522140082	78.8835713488914	80.0268390632517	79.7574462637461	81.7877978389042	82.3362394423649	83.6398322966113	84.4177972539275	84.6194592841634
630	72025	Caguas	2	78.2841354436614	78.9935993349697	78.5694035697389	79.5151299793698	80.9208776656576	82.9741599870907	83.6955320292988	84.7000562183827	84.490173617178
630	72027	Camuy	2	78.8358242350904	79.2301924086385	78.5380797496364	80.5092137237944	80.8041782624311	82.7338698016142	83.203176583995	85.0389805033559	85.3561875967747
630	72029	Canóvanas	2	78.5983337362828	77.7548987186444	78.1572310955817	77.2677481142211	79.7812127764067	81.6748092209338	81.9106032997017	83.2632176682274	84.0920822481668
630	72031	Carolina	2	79.6885376916457	79.7709486211983	79.2232838563749	80.026630810912	81.7391700665978	82.8097113487469	84.1613289566513	86.0874407230181	85.5324636269144
630	72033	Cataño	2	75.3147675785685	77.3852785499065	77.2456910379703	77.4613241742502	79.2711389385076	81.6406797623146	83.0134370945731	85.2521572072629	84.8097274871228
630	72035	Cayey	2	77.0832604710505	78.0804824292573	78.2331181425792	78.8462306594711	80.525566550377	81.7687577310473	83.3258645218146	85.129301555464	86.9235587666183
630	72037	Ceiba	2	77.8462943538775	78.3065245610897	78.6337793893642	78.4286867643681	80.7185953228407	82.1368555597674	82.2978082818905	85.4685684986865	83.9312196903412
630	72039	Ciales	2	78.8000561077	79.1125503202299	79.393123447701	79.6085408218174	81.1656717464876	82.2663998762002	83.4684350741473	85.7560945491817	84.3129723502063
630	72041	Cidra	2	79.8874629933161	79.2701823399497	79.3617402086628	80.6978722911845	82.5744658579953	83.1641183234503	83.3192865781109	85.0382253486491	85.1530267942244
630	72043	Coamo	2	78.2380630664548	77.9965878160736	79.2356649925731	78.6131624207677	80.9376843112416	82.0733605947799	82.3923807824479	84.4684958007625	85.0964136183976
630	72045	Comerío	2	79.3140837002292	79.0508483798655	78.4902468593777	78.473892488524	80.392340458472	81.6521041734625	82.9463498403785	84.4710112254013	83.6851036926446
630	72047	Corozal	2	78.3623808833343	78.2847958330912	78.8271482168497	80.2218758090717	82.0788697886803	81.6171922926978	83.7416950499469	84.5919786533518	85.3197181774906
630	72049	Culebra	2	80.0299281591604	80.4611178333906	80.3766006703354	81.3441189079841	82.8622890786928	84.0477034556262	84.7602159638046	85.9426527522675	85.0572266845375
630	72051	Dorado	2	79.0898313905958	79.1635317269563	79.3410166529255	79.5406166006202	80.2175588806414	81.513495016727	83.4800923605273	85.062393099113	86.6192054943082
630	72053	Fajardo	2	76.8316217281163	77.196249480159	77.8508792663376	78.5164465906919	79.7848417059438	80.2661014559103	81.2714910277048	83.6811641470228	83.3877564217016
630	72054	Florida	2	78.3299714927336	76.9959648472754	77.0662260608988	77.9215547048035	80.5626234815253	80.7833133077412	83.041328675357	83.7636828531249	86.0318301277222
630	72055	Guánica	2	76.5839208089818	76.6732756659176	77.0516638361929	77.0056866454415	78.5254319784915	79.7804715749185	81.0233258424775	81.5684683123813	81.9556269236855
630	72057	Guayama	2	76.7468690166193	76.8145525630723	77.8021040890199	78.6632048191632	80.0079807430918	80.467178492133	81.8559831721662	83.3450687703759	82.496173188025
630	72059	Guayanilla	2	77.3756202101746	76.7502015040213	77.8726806793614	78.6171981529781	79.7246523145033	79.6770007966284	80.8185146421736	84.288279025669	84.4890022516365
630	72061	Guaynabo	2	79.3288393263346	80.4412271889123	80.3778915662762	81.3825579072726	82.3805596417981	83.5050082596183	84.4116994357724	86.313030112941	86.7146718408024
630	72063	Gurabo	2	77.6297536407285	78.0342258999906	78.9466495663401	78.6947518507546	81.5641639337481	82.2568612696933	83.3494504076475	85.8782829966366	84.7499426446411
630	72065	Hatillo	2	78.8538815108959	79.2297047349489	78.3234591352231	78.3829799441519	80.3258523782203	81.7023933875514	83.4442205260631	84.4103786731583	85.1469371326603
630	72067	Hormigueros	2	80.0800417078223	79.0475963100783	80.6437007708463	80.2887749831454	81.986587494451	83.6833959737413	83.3717086882104	86.2260639926733	86.060704615392
630	72069	Humacao	2	76.1607501616955	77.9950319172123	78.6835693051718	78.3428581747504	79.9088567388659	81.5530854350699	83.0360687320557	84.421877025837	84.2066231553707
630	72071	Isabela	2	77.7631185397003	78.2437098195575	78.3509297777022	79.2832366172573	79.7288243636469	80.5441221022615	82.5322324778844	84.1291048605085	84.8565321686843
630	72073	Jayuya	2	77.2516444816763	77.1416156123045	78.1320119884427	78.4967890343718	81.5890708276946	82.2969185775274	83.0770278084402	85.7369510589679	85.4922225511107
630	72075	Juana Díaz	2	76.4448546970471	77.7182808837394	77.9147433349193	78.2043518589293	79.9288962001248	81.4001251486175	82.6461579946763	85.8020755467399	85.2981185279162
630	72077	Juncos	2	77.0396327949935	77.4148167655605	78.3171961467628	78.6098776832226	80.309965672304	80.3079818714943	82.4140533891076	83.4142754593867	84.4475909616645
630	72079	Lajas	2	77.7577600948679	77.7535268971826	79.2273165276656	79.5994511418491	80.8840168913734	81.5940665859519	83.298927062999	84.6209205317148	85.4678473002831
630	72081	Lares	2	79.6829179391985	79.5010784115651	78.6802375216389	80.6473421991577	81.6143695550074	82.0556628787094	82.3963766662112	84.4074752819207	84.5759733596335
630	72083	Las Marías	2	81.1047017400748	79.7045164168111	80.5551335918322	80.9655530853878	82.5078271043693	83.4375291201992	84.8676868294164	85.9825839846759	87.3756930437378
630	72085	Las Piedras	2	78.0055843488294	78.990132706337	78.7920368891306	79.691962010009	80.391495744348	82.3370911977894	82.555339630292	85.0913808858587	84.804543124484
630	72087	Loíza	2	77.4480406019355	78.6463158091307	77.8015166843439	79.480704320182	82.059496945351	81.2456511990433	82.7950485709177	84.5113443454889	85.0674062755506
630	72089	Luquillo	2	80.0463499496192	76.6206851942361	78.2248311091916	77.8185071738835	80.5203555317896	80.2595558327888	82.9102822785884	85.2568603642285	84.5689175626253
630	72091	Manatí	2	76.9340368143821	77.8953669478435	77.9473888710918	78.2406504786347	79.7577032128602	81.2055075118856	82.052339678884	84.106581939142	84.5228795259353
630	72093	Maricao	2	78.7486854538483	79.3415664913013	79.6174562478712	80.1712636583641	81.4507706383435	82.8437996167075	85.3655767385243	86.8086033622593	84.4675887771995
630	72095	Maunabo	2	78.3729144976906	79.3037876787644	79.9985531043133	79.6528205912441	81.2565345245	82.8572107126767	84.7595072271367	85.3777033530786	83.1309177338518
630	72097	Mayagüez	2	77.3133705541048	77.8099076254747	78.42133532957	79.378229561442	81.041700910225	81.3322852042799	82.7237128493305	84.9191989173361	84.8410516087292
630	72099	Moca	2	78.1476605852843	78.8460248229353	79.1908169759221	79.576651500776	81.3778804851844	81.8602619032097	82.5399892542745	85.1444214535743	84.9649170813737
630	72101	Morovis	2	79.4013002475836	79.076816468787	79.2755999924011	80.6315477581274	81.9511467843996	82.7006903673276	83.2051921010378	86.1978488458928	85.6123683815929
630	72103	Naguabo	2	76.7013795929308	77.1985121634638	77.771522657051	77.2425502443998	79.995631653868	80.8302791868165	82.414841908974	84.2552656603703	83.7271817210743
630	72105	Naranjito	2	80.5325856484842	80.4873296603065	80.5374195119535	80.989695387742	81.8860886206185	81.9436452594574	83.5015157051504	86.6595630921652	85.1740628987676
630	72107	Orocovis	2	79.2635270908344	81.1107767593834	80.2593514760557	79.9850311520948	82.334486514541	81.5387185057743	83.2961496290708	85.2128894515811	84.7750735501827
630	72109	Patillas	2	77.6165404006771	78.586002939544	78.3169512878029	78.29588283292	80.6368242463835	81.5688904808538	83.1152351741812	85.526071153086	85.4338944530484
630	72111	Peñuelas	2	77.5266933648877	78.0360771248989	78.1220929729218	78.4147911024702	80.6513498806261	82.8159152780441	82.3247261368062	83.4693079139988	83.3592226457426
630	72113	Ponce	2	77.569548820807	77.2401006625618	77.744465124149	78.553439184679	79.9511531963437	81.4143998097741	81.7854113834367	84.4374666989333	83.8610977615547
630	72115	Quebradillas	2	78.5260840777882	77.5461590428961	78.5936563813149	78.6907349158785	79.784611452309	82.2294682793179	82.8995005634659	83.5619123471147	83.9668963960854
630	72117	Rincón	2	78.4880848795145	78.7519044493646	79.3340044835627	80.2451727022646	82.2325508592491	81.2124257986792	83.8974018656693	86.2095693091514	85.6592231927458
630	72119	Río Grande	2	77.5856086782388	78.3188658907673	78.9074521914646	78.5331295961415	80.791846128714	81.8484203238752	81.9468815385471	84.3436237568872	85.1717521887972
630	72121	Sabana Grande	2	77.2285598824134	78.7724764722276	77.6329920492804	77.7749964895317	80.5085609621762	81.1279102710323	82.9457177822541	83.1247229559146	84.4825384163436
630	72123	Salinas	2	76.9686263788686	76.7402036710531	77.6128869723711	78.7897728670602	80.1867875611424	80.7612666611309	83.1987888566395	84.6801446192592	84.9711745633904
630	72125	San Germán	2	77.4179077338673	78.1093298635948	79.0233583826257	78.9306257797489	81.0553986979724	81.6464343263383	82.4867252537102	84.2290237606476	83.7836188117305
630	72127	San Juan	2	78.2876950289714	78.6352791106137	78.5894091219448	79.5516000000701	81.7959060998924	82.399202551724	84.0295992572645	85.1095413939733	85.3822469224096
630	72129	San Lorenzo	2	78.3529362795287	78.7511866223487	79.0567149652525	78.5656076699434	80.9871830957129	81.695683363481	83.2811520355921	85.4017732133994	84.3188128651678
630	72131	San Sebastián	2	77.6782342003324	78.3672895980627	78.6858502234033	79.3885639109529	80.2440001065392	81.0574547802874	82.9261533407145	83.9922121258124	84.256169339865
630	72133	Santa Isabel	2	77.1229513841617	76.5998753694819	76.858044192547	77.4777039685594	79.1500694696563	81.2937956060938	81.3311438534296	83.7661490499259	83.0110546392786
630	72135	Toa Alta	2	78.7435867939886	80.7887256665918	79.8182254558004	80.6951636486999	81.5868030443052	83.379037864225	84.3082524081848	84.3787074716424	85.4005664231364
630	72137	Toa Baja	2	78.6273757618637	78.9295258762086	78.3466261669507	79.8547921689623	80.987190365909	81.2185505225148	82.9640207168863	85.0746251464113	84.749220237591
630	72139	Trujillo Alto	2	80.0704322372325	80.5822691859427	79.838849919792	80.813756500495	83.2091456127212	83.5008293555614	84.9831694531462	86.2235476035901	85.8080182958865
630	72141	Utuado	2	78.2116967022482	78.4861022666077	78.8492378667669	79.3958860503804	81.0302310720809	82.1322010790914	83.5290422150848	85.146135146791	85.4178186960792
630	72143	Vega Alta	2	78.5022545956453	78.3133442922804	79.4522305976134	79.3987379519275	81.6731007625598	82.3549734969008	84.1416455097872	84.7251346396743	85.8575532937471
630	72145	Vega Baja	2	77.1987931291277	78.291241473055	79.4541663931946	78.4633856706016	80.3389927699098	81.2712086849956	82.4549923860773	85.1225520632497	84.3670069795704
630	72147	Vieques	2	77.2749918335941	77.015565652872	76.6335396891086	77.9975919791295	79.7887971717217	81.2208673070092	82.1090064451721	84.0036649466648	82.6148375003209
630	72149	Villalba	2	78.1348676615289	78.3742076957674	78.9365949703643	79.6228813012594	80.8539699698791	82.1762640750384	82.6457738682931	84.1776405174973	85.3838071272633
630	72151	Yabucoa	2	77.7220405706904	78.4448523325412	78.5414361678531	79.0908328440021	81.4925819724385	82.757054998074	82.4240747370588	85.6211027242417	84.8422283907688
630	72153	Yauco	2	77.4336721124753	77.3943617636728	78.1874121286228	78.761139583491	79.3147417655394	80.6083381018715	81.8607632876321	83.1883312964474	83.3009648099962
630	630	Puerto Rico	0	78.063359978181	78.4870155650046	78.7742827248263	79.2581428451265	80.9864370729357	81.9761225147166	83.1482606427613	84.8559179510928	84.8400366558535
