country_code	reg_code	name	include_code	1980	1985	1990	1995	2000	2005	2010	2015	2020
630	72001	Adjuntas	2	72.2404442121732	71.5445348553864	71.4470991866923	72.0527500669875	73.8217580728309	75.9730430088995	76.8986174113666	79.445510164036	79.0861906974064
630	72003	Aguada	2	72.9543905142674	72.9055190745644	72.9601115904385	72.6406051816935	75.1352230032936	76.6713410003593	76.9155176595726	79.1649610947083	78.1417426575153
630	72005	Aguadilla	2	71.0825437797843	70.6898143275214	70.7907710064105	70.7396636763132	73.2931058346573	74.0772540333343	75.597582848901	76.9250441144746	76.50016678963
630	72007	Aguas Buenas	2	71.4774418587025	71.9536707308711	71.7790591154154	72.1444358057712	74.4312075788112	75.1480426076596	77.4958543268533	77.9547536750271	78.1382873491994
630	72009	Aibonito	2	71.6205265760581	71.2413444339859	72.3330747210384	72.2255280783658	74.0762396919678	74.9585380674158	75.5131581008047	77.7041473098632	79.1276109439699
630	72011	Añasco	2	71.6077861446391	71.3483982397134	70.6369562750155	71.2941625047908	73.9021653474471	75.8165774797672	75.9681338972731	77.647303263535	77.3840221518894
630	72013	Arecibo	2	70.966394657648	70.3873707188148	70.6830105377981	70.4418340367242	73.2473070016178	73.7595759028666	75.5913593521145	77.314837433045	76.8278954827977
630	72015	Arroyo	2	69.8326400175139	69.5580667159191	69.7574430011672	69.9609669960294	72.4872829532623	73.5779136279837	74.2399809945936	76.2495188420531	76.7694164160762
630	72017	Barceloneta	2	70.5537932235799	71.8475146483257	71.1646594706973	70.4743564240595	73.5845209285859	74.6686521211435	75.5032925157089	77.8252312496259	75.9759625495032
630	72019	Barranquitas	2	71.5675213585926	71.5817695142326	71.0974405060081	71.027977091909	73.8864654648934	75.3222788379248	75.763811203023	78.1772503662913	77.7737176916
630	72021	Bayamón	2	71.9941100917609	71.6100616836757	69.6280530379866	70.9265284065593	73.6187956264591	74.8030076975594	76.373138568274	77.5175544013359	76.3385355032213
630	72023	Cabo Rojo	2	72.6203535888636	72.9606296355324	72.747691899783	72.4432946107632	74.8353495388977	76.195580812193	76.1009376826673	79.4381656727872	79.2870692219232
630	72025	Caguas	2	71.7336631379605	70.4744361629768	69.1565030873702	69.9484510629836	73.1738830542952	74.6793557240916	74.8633762399296	77.2847390274473	76.3544278300557
630	72027	Camuy	2	72.176882039967	72.666141111569	72.0436508219479	72.2298518150669	74.7802444195334	75.513336297939	76.4370516466357	78.0678300923164	77.7936914110286
630	72029	Canóvanas	2	71.909416923433	71.3193115123791	69.2546867371947	68.7845734113713	71.8696416104218	72.8499222057797	74.4581936088229	76.8060319607111	75.4862437983392
630	72031	Carolina	2	72.6485274453663	71.5416574021724	70.1613969063346	70.8443928012246	74.033195043593	74.9040124269772	75.9708254033046	78.1369208171206	78.4998612727223
630	72033	Cataño	2	66.1179896735577	66.8432302455654	65.2129126697113	66.3524772684538	70.3747483470494	70.9392502596974	73.311859680176	74.5753294349561	74.0062255968227
630	72035	Cayey	2	71.1537496594839	69.9254370631124	69.8776870473994	70.5275408104632	73.638510789798	74.5272346636687	75.5762957547931	78.3992781072254	79.2495667421079
630	72037	Ceiba	2	71.5012013449086	70.595443368569	70.729482281342	71.473635824227	73.6154072546452	74.7692001183001	76.193986351481	77.9033450712185	76.0958146217074
630	72039	Ciales	2	72.6857742088699	72.9669844174874	72.0464775903272	71.7175639776672	73.6879704414531	74.9444687408885	76.4370900685209	79.02685019618	78.0874105699134
630	72041	Cidra	2	73.173143792866	72.7025059746129	73.8787591114144	73.7693395047007	75.7140495744125	76.2486807913623	77.5455366463093	79.1646649965896	79.5775420512825
630	72043	Coamo	2	71.8544677257972	71.3673365622845	71.2224810326025	71.3612571097999	73.3083764426106	75.7083508552014	75.9535424620491	76.6805043704545	77.9875180167901
630	72045	Comerío	2	72.1245442344977	72.0308737229831	71.8956238999997	71.38695139463	73.7564531470287	74.9560853086164	76.863609755712	76.7671336564443	76.1613408614265
630	72047	Corozal	2	72.5364690293869	73.1646834103472	71.5710052546654	72.1530064750898	75.0089004390192	75.4823497503325	76.6893942384755	78.3246018177887	77.2627057438928
630	72049	Culebra	2	73.5384695942262	72.8509456955113	72.3782728763487	72.6958795411851	75.4732467384013	76.1343953079928	76.9882462840142	78.1049107798206	77.5784481145445
630	72051	Dorado	2	72.7646706541586	71.0951739478341	71.0793855583265	71.5183221220725	73.1725251930142	74.9628449985238	77.3412567968225	78.5478879429878	77.798324735968
630	72053	Fajardo	2	70.4348318659542	70.794669120918	68.6878478874817	69.9994385111076	72.0150666364829	72.5248535006225	74.1599421255196	76.6054846860064	74.888782167287
630	72054	Florida	2	71.2900486460373	70.8121361638814	70.3688444031453	71.536595832562	73.8518243780915	74.7489677222174	77.3247294139824	77.0887646650271	77.127478774621
630	72055	Guánica	2	69.8787686002869	69.4928648077878	69.0903688574617	69.3099895478238	72.0368238892097	72.1522765142043	74.6066611934844	74.6684535952623	74.5104318834014
630	72057	Guayama	2	70.1848343141218	69.3949842170131	69.5143915474152	70.1126468924065	71.8843542830874	73.7386891576936	75.5601805640328	76.5180046021888	75.1458864938313
630	72059	Guayanilla	2	71.6007752319545	70.3747466423514	71.3120150285469	71.2712526577499	73.3997108143451	73.7034923599252	76.0821936021534	75.9639203266653	75.1394828406476
630	72061	Guaynabo	2	73.2182571396643	73.3160368544389	71.9943351015274	72.1497583878151	74.8910895832457	75.754278184672	77.5176484941544	79.4649879583576	77.7466471551756
630	72063	Gurabo	2	72.0132552856038	72.0645470589836	70.7295795027464	72.4682788403741	73.9463777907574	75.5199197827896	76.1879583841167	77.9350994044187	77.8280876808239
630	72065	Hatillo	2	72.3415296869761	72.444011490242	72.065111431022	72.253785814431	74.0580764012275	75.225737428471	77.0835196190913	79.0998213182038	78.2454203337826
630	72067	Hormigueros	2	73.6252840260039	72.9841911295448	73.3249555419659	73.6439792107499	75.2103588981227	76.1765469508818	77.0268489234387	78.4191470846216	78.9109059615818
630	72069	Humacao	2	70.7815487900106	70.7581806477667	69.8612750609162	71.4410991194554	73.3686491357458	73.9893902785947	75.8454318539816	77.1959032170966	77.4508561311694
630	72071	Isabela	2	72.7540971957377	71.5673200626841	71.6083862273228	71.5814292340727	73.23179363466	74.846172879672	76.0507981740116	77.8711257795041	77.5195429987113
630	72073	Jayuya	2	71.7368617958983	71.3895867021944	71.0748691836148	72.0962514668335	73.7424603290045	75.4489915992001	76.9752194926991	78.0962898131368	79.2031459674469
630	72075	Juana Díaz	2	70.973200578073	70.6262019447212	70.608957816058	70.6655003837143	72.6254461418178	74.3060843266607	75.9579930569504	77.3333357791525	76.5720955843535
630	72077	Juncos	2	70.7182077807614	69.9198758502656	69.752367082683	70.5574864742766	73.340006940797	73.0989549379586	74.6807786147937	76.9472961346	76.6032820368816
630	72079	Lajas	2	71.9977332185644	72.5073287827201	72.0191941174833	72.1215282884345	73.9486124144336	75.4689430183296	76.4334178764563	78.2119972356908	77.5387334995008
630	72081	Lares	2	71.646230478353	72.2074213446242	71.9264072348912	73.8580727991147	74.7803008519097	75.6740316381944	78.3007454382208	77.8323742980864	78.0463227255137
630	72083	Las Marías	2	73.3787899892064	73.084838372143	73.2074340675691	73.6911237156137	75.6071223147956	76.8771425443997	77.3768279437731	79.1979653719219	78.9045411188647
630	72085	Las Piedras	2	72.6483371706752	72.3120613839368	71.7621314092865	72.9440829660055	74.5191147033449	75.8482806857228	76.4523839169554	78.3535832842421	77.8906674302186
630	72087	Loíza	2	70.7831811554398	70.6523883266813	69.1840090074645	68.963583039321	71.0450920722543	71.6787902526359	74.3780517894133	76.7293929319187	75.6674501300325
630	72089	Luquillo	2	70.8850858006103	70.6909846876275	69.9677306466761	69.5628380249948	72.029457149309	73.8588167949246	74.9896551693893	77.1462680773345	76.5505639524867
630	72091	Manatí	2	70.2666161150898	69.8845749873252	69.7927054318872	70.7875134579744	73.2323976294889	74.4279578494129	75.7009988815	76.8077110331833	76.5663287918517
630	72093	Maricao	2	71.4603190328194	72.8835589788667	71.5931287095577	71.7982419957006	75.1971931121685	75.4689842684041	77.0809888459934	77.8710620764055	78.1573688853676
630	72095	Maunabo	2	71.6406704987703	72.1861326220793	72.0082239259149	71.4326809867801	73.8064309568976	74.2579254795634	75.4646030050394	77.7150840344587	76.1812661527079
630	72097	Mayagüez	2	70.3257855899675	70.5133155188806	70.3131792442115	70.877677518813	73.5052061204147	74.0025457141968	74.9470939735991	77.2990504409317	76.5272741555184
630	72099	Moca	2	72.2373764294043	73.4007853741526	73.5935020765682	73.390817262923	75.8871891423446	77.2148336254549	77.9186114614126	78.5628536373237	79.1452931582294
630	72101	Morovis	2	72.6607078947246	72.7953386147753	73.5389692032988	72.6650887631333	74.4958888725147	76.1371116695113	77.2630879211474	78.3955120183678	78.5352846596709
630	72103	Naguabo	2	71.5823188433092	70.4940712033997	70.0118856191856	70.1938243353358	72.2413536049316	73.7977479090856	74.9809248944588	76.081265042021	76.7683052190224
630	72105	Naranjito	2	74.1372447526784	73.3596228486579	72.6607895576051	72.0718966940986	74.9095760095656	76.0906062561137	77.5657685069997	79.5466635621178	77.5038122883977
630	72107	Orocovis	2	73.404767886202	72.616596999339	71.3924354532494	73.1531342194555	74.2867301941974	75.5771878784033	77.674367832273	78.104354979452	78.474899053075
630	72109	Patillas	2	71.692384224832	70.9108134132615	71.5988589534653	71.2855884227149	73.5826941962658	74.380714005439	75.9788607297114	77.2662367849508	76.450847821877
630	72111	Peñuelas	2	71.5650507363377	71.8252856365577	71.1126495740081	71.8584322376005	72.9760461458437	74.2877102154331	76.7945147816228	76.8272334405017	77.463766608973
630	72113	Ponce	2	70.8059625647349	69.0982092544704	68.334980122793	69.1056213663545	71.9721222902434	72.778763833015	74.9026679954493	76.125481059957	76.1434324121909
630	72115	Quebradillas	2	71.4646213047908	70.8715544769062	71.5827073177248	71.6994467868974	73.3246655290784	75.1300362076911	76.3537124676089	77.1795290434633	77.4896707842307
630	72117	Rincón	2	72.4721267325734	72.3994201266937	73.0817061123778	71.7268210504369	74.7297856896302	75.705775487899	77.7752716274565	78.9197135683915	79.5777466106932
630	72119	Río Grande	2	71.2150338465689	71.8370900840438	70.172708906581	69.9310516774439	73.5154298775985	74.850260746981	75.730664018469	77.3953640660955	76.5906828251521
630	72121	Sabana Grande	2	71.9353262753276	72.0032378591302	71.4873852883975	71.7548600109651	74.2916936799853	74.8467485690937	75.812112786786	76.9492757982067	77.4296218779893
630	72123	Salinas	2	69.7543564597833	68.9229081913299	69.9979666615931	69.5718160032715	73.0038273243347	73.5881984049502	75.452312005893	77.5937904119793	77.0438383690559
630	72125	San Germán	2	72.0106651038658	72.6307395410448	72.038363154403	73.434236472925	74.7421322994756	75.4354863752333	76.34509880251	78.0604903951792	77.6175061914113
630	72127	San Juan	2	68.6461454540685	67.3314782476265	64.9612801533901	67.2705414065195	71.2566297487682	72.7394068344224	74.5153447582552	75.8735192958218	75.2061257919105
630	72129	San Lorenzo	2	72.352963203252	70.8971366660502	70.6707805215225	72.1314342193155	73.6696398115782	74.9424227875041	76.60825488208	77.9904584996276	77.7535011124359
630	72131	San Sebastián	2	72.7405779960967	71.7653863490878	72.2565969706988	72.8378615388632	74.4827205571925	75.9910328170173	76.3682792024976	78.4317215421787	77.7942013025006
630	72133	Santa Isabel	2	69.3286088337478	69.5618600582299	68.1421670730146	69.2714642744257	70.8076914575121	72.5816449859938	74.9729288099852	75.2609310329712	75.0146682306157
630	72135	Toa Alta	2	74.1564406808411	72.8577960038852	73.2847194916039	73.0546611354936	75.1331572107426	77.0964205925903	77.6864258593764	79.4146968967822	79.1983152273692
630	72137	Toa Baja	2	72.4617070764751	71.16845375259	69.9835340806492	71.2074268060079	73.4763534916067	74.1122167697802	75.7304426261882	77.1539893307393	76.30079912022
630	72139	Trujillo Alto	2	73.7349309878621	73.0077637749956	72.7828353280028	72.7119413358559	74.8732046881251	75.936076369842	77.8482607814988	79.502000755866	78.5858844947989
630	72141	Utuado	2	72.759887879891	72.3623149426202	72.9039595933628	72.7028843070408	74.8150439091094	74.9628678861831	75.9453213078182	78.8425615220327	79.1184645991978
630	72143	Vega Alta	2	73.0191274287106	72.2655168684624	70.7956217796534	71.8424335198779	74.088066801133	74.7942875391425	76.7253966809637	78.6164082523123	78.8101234740653
630	72145	Vega Baja	2	71.918604398059	71.3120417647824	69.6661647993068	70.1017332431006	72.0354490702853	73.7283324490358	75.6485877078971	76.9544797515741	76.5984889588513
630	72147	Vieques	2	69.2733224868261	69.1144757539625	69.7220714795605	68.7051821399216	71.517197471782	72.6977147919761	74.4536533746074	76.1291078123245	75.1144027811494
630	72149	Villalba	2	71.616894438945	71.1641967708571	71.6121535468393	72.7640320234404	74.7027990776255	75.123242835062	76.8106503639863	77.5769486134566	77.1551149059821
630	72151	Yabucoa	2	71.3032464794892	71.713574892483	71.8172549949624	70.969754953322	74.3746791882146	74.7092401684258	76.0542542409902	78.075627021789	77.1633131982822
630	72153	Yauco	2	71.0592197251573	70.1129991196059	71.2626246707565	71.5572219687152	73.0185786374855	73.5401917895268	75.5152735165197	77.243236706436	76.3271686739046
630	630	Puerto Rico	0	71.2584622632628	70.7034884170205	69.9278697783923	70.6937543574921	73.3447706235238	74.4570463692343	75.8800053440053	77.4952992837509	77.0249283147064
