country_code	reg_code	name	include_code	1980	1985	1990	1995	2000	2005	2010	2015	2020
630	72001	Adjuntas	2	72.2454697692718	71.5412401062652	71.4467039340476	72.0543245037102	73.8234168331958	75.9800254644539	76.9142097564103	79.4519009888234	79.1096381256539
630	72003	Aguada	2	72.9426319619131	72.9020058692239	72.9621147369431	72.6411736866601	75.1362904111607	76.6375010441123	76.918237782761	79.1700989798996	78.143829776272
630	72005	Aguadilla	2	71.0812029903573	70.6887739559865	70.7928330049974	70.7395270638611	73.2959101478401	74.0793322363466	75.5984126847709	76.9223739989582	76.4995632192419
630	72007	Aguas Buenas	2	71.4747074427029	71.9499987422451	71.7933553380923	72.1474678633396	74.430716863303	75.1450172529482	77.4987033537128	77.9548079982277	78.1394976343136
630	72009	Aibonito	2	71.6130646993493	71.2418265928296	72.3401230161587	72.2310427068643	74.0750864036496	74.9531012226443	75.4988960781357	77.6993905114562	79.1463622953362
630	72011	Añasco	2	71.6044171700458	71.3405567823073	70.6285356708281	71.2961621408276	73.9035651890698	75.8257175125133	75.9696565980961	77.6434655232774	77.3830054167571
630	72013	Arecibo	2	70.967702834205	70.384009216037	70.6845125086838	70.4440428045636	73.2524725341231	73.7629512848297	75.594524608563	77.3214684018196	76.8291252888695
630	72015	Arroyo	2	69.8217276650355	69.5442503120336	69.7579608553915	69.9525097605687	72.4802545855284	73.5742931081087	74.2325291857422	76.237991321222	76.7610984315979
630	72017	Barceloneta	2	70.5444923083649	71.8562822902156	71.1744194614374	70.4680634300066	73.593478031268	74.6781084307334	75.509716180426	77.8312268506395	75.9785716949761
630	72019	Barranquitas	2	71.5528422372673	71.5694980502483	71.0904471608773	71.0160557243634	73.8773039595407	75.3183308339106	75.7563199923502	78.1762486316185	77.7749202477197
630	72021	Bayamón	2	71.9967003706293	71.6137007785394	69.6272692576201	70.9239160873138	73.6185569014351	74.8028472855204	76.3738179210921	77.5150281437758	76.3349385813156
630	72023	Cabo Rojo	2	72.6140284879309	72.9611319221808	72.7509165601333	72.4436520296397	74.833688198392	76.1982714828346	76.093394185921	79.4400859861721	79.2896061636823
630	72025	Caguas	2	71.7357709196848	70.4757463281724	69.1533338260287	69.9457038566018	73.1740909841571	74.6820832372958	74.8600264309667	77.2848697556118	76.3519588601557
630	72027	Camuy	2	72.1672409635522	72.6633770161765	72.039300150098	72.231163012971	74.7819235697144	75.513551186603	76.4367112737337	78.0637764016516	77.7924128424914
630	72029	Canóvanas	2	71.9357355858553	71.3296543291261	69.2528426698383	68.7752344384757	71.8608711697038	72.8508644399387	74.4575140424893	76.8021591714642	75.4861569689026
630	72031	Carolina	2	72.6538616992468	71.5452484477908	70.1579547746104	70.8437891956438	74.0334627235296	74.9034063394614	75.9685877536986	78.1373095224539	78.5026358173558
630	72033	Cataño	2	66.1116046487206	66.8475125143648	65.2090559234213	66.3529594855718	70.3844909630981	70.9491778656914	73.3308071794471	74.5897972833415	74.0219033923889
630	72035	Cayey	2	71.1512129185124	69.9202712858487	69.8735573173657	70.5230610749452	73.6443818748889	74.5295344886959	75.5756326077301	78.4048522917481	79.2610174117552
630	72037	Ceiba	2	71.5102312822272	70.6048697677449	70.7455785747298	71.4893484513378	73.6257412494527	74.788134960218	76.1929311828834	77.9164279481607	76.0854458400616
630	72039	Ciales	2	72.6897856227948	72.9692740085523	72.0528858138216	71.7118020843926	73.6787550144112	74.9407092331502	76.4349216689411	79.0270260626077	78.0866908289632
630	72041	Cidra	2	73.1730527153677	72.7011326004283	73.8834627817006	73.774019182741	75.7192238792998	76.2501749245916	77.5456864603374	79.1573652925783	79.5723777670024
630	72043	Coamo	2	71.8508524438857	71.3653398952052	71.2269643960837	71.3593398045544	73.3088294128847	75.7194870656772	75.9557322658207	76.6744873093443	77.993112210195
630	72045	Comerío	2	72.1277825368574	72.0294628424514	71.8962135891496	71.3776243025569	73.7443837255735	74.9515909786607	76.8629758716503	76.7546135762409	76.1533726113058
630	72047	Corozal	2	72.5355473664913	73.1658798798285	71.5600908680597	72.1494214123997	75.0088666362469	75.4734663516757	76.683144141632	78.308994238076	77.2527110834348
630	72049	Culebra	2	73.4557613591618	72.780847980835	72.3108630657674	72.621235069136	75.4072938663237	76.0599249942507	76.9003985784925	78.0218520172708	77.5022795460133
630	72051	Dorado	2	72.7686355238783	71.090159270841	71.074048943961	71.5087232715442	73.1655782126942	74.9550423229785	77.3420907702135	78.5473170338321	77.7978348461964
630	72053	Fajardo	2	70.4472632276751	70.805244027287	68.692260230987	70.007254580358	72.0197018777948	72.5261798620868	74.1563245502561	76.606309277618	74.8870510802554
630	72054	Florida	2	71.2955147454676	70.8094418061059	70.3680254760553	71.542719181329	73.8664417939161	74.758914675855	77.3477061450697	77.0936390181912	77.1382867902631
630	72055	Guánica	2	69.8898949922734	69.4999457643595	69.0990512207205	69.3114636136203	72.0407451192687	72.1573804731056	74.6098795304729	74.6627510484022	74.5068906338914
630	72057	Guayama	2	70.1878732347142	69.396459244827	69.5189280807286	70.1172941258817	71.8868440239838	73.743257680763	75.566858577682	76.5213186281584	75.1375301519854
630	72059	Guayanilla	2	71.6199956783387	70.3830141160364	71.335062852974	71.2903409192453	73.4094698257396	73.6975485035468	76.0864225886085	75.9624199759164	75.1344627354342
630	72061	Guaynabo	2	73.2220318326992	73.3162193419158	71.9926160807631	72.1483013066943	74.8903322447764	75.7502444759828	77.5176458117066	79.4674178058212	77.7399361665736
630	72063	Gurabo	2	72.0127501191192	72.063008922858	70.7253141319392	72.4711461762895	73.9518915147941	75.5264654860746	76.1925618667723	77.935712139435	77.833684471502
630	72065	Hatillo	2	72.332073634288	72.4431131432306	72.0657598684922	72.2479357348846	74.0534741441996	75.2246479883059	77.0875217510217	79.0995815401504	78.2470116008671
630	72067	Hormigueros	2	73.6159558620563	72.9745852236081	73.3310739189793	73.6510967887265	75.2077058199672	76.1738938572811	77.0078502294251	78.4096134128261	78.9060492144666
630	72069	Humacao	2	70.7738550535837	70.762422509189	69.8615836931057	71.4432497979129	73.3685875540405	73.9871149188445	75.8501275477078	77.1946094922459	77.4522891821761
630	72071	Isabela	2	72.7538391909524	71.5664373174405	71.6105166600074	71.5830424714873	73.2276025051388	74.8464913025648	76.0527129242025	77.8703334499481	77.521160490901
630	72073	Jayuya	2	71.7256559825479	71.3788103992282	71.0703232134011	72.0954530115576	73.7511137699704	75.4629099210343	76.9873076149312	78.1060890520857	79.2086589268321
630	72075	Juana Díaz	2	70.9678928796021	70.6240288528853	70.608972046057	70.6637139541013	72.6206299904642	74.3089441788073	75.9595850226982	77.3416272108409	76.5797271466087
630	72077	Juncos	2	70.7142455938582	69.9166530544181	69.7491728605979	70.5612364048112	73.3416845160245	73.0895310583579	74.6711569702394	76.9511447019634	76.6021047763783
630	72079	Lajas	2	71.992498122125	72.5088939751507	72.0238314598781	72.1212657636278	73.949171308059	75.4701594427112	76.4331060252605	78.2068186378992	77.5546110759454
630	72081	Lares	2	71.6333097342577	72.203844221609	71.9228492074465	73.8620542904185	74.7780471894319	75.6757461359098	78.3020331096002	77.8297453805652	78.0467283522076
630	72083	Las Marías	2	73.3868925928681	73.0854782182749	73.2237570960691	73.7051255192038	75.6074620786331	76.883050388412	77.3882369603316	79.2000122562905	78.915635539561
630	72085	Las Piedras	2	72.6471681330443	72.3200427311156	71.766645206351	72.9558062529282	74.5191257970457	75.855840595682	76.4530873802061	78.3537426897735	77.8923235015313
630	72087	Loíza	2	70.7961066055749	70.6707610215195	69.1859984666038	68.9622254440905	71.0413097461162	71.668850513341	74.3755237687599	76.7390571284645	75.6723286500197
630	72089	Luquillo	2	70.9030221763924	70.6942803593818	69.9719650125844	69.5581992686198	72.0300159601182	73.865434411653	74.9925103427996	77.1604949573989	76.5586322869161
630	72091	Manatí	2	70.2606114561103	69.8793025342502	69.7893079649412	70.78566728387	73.2342454695358	74.4303458631797	75.7029525076913	76.8155657122225	76.5675211300965
630	72093	Maricao	2	71.447155578646	72.8935499939985	71.5987769258427	71.8002464278426	75.2018368715219	75.4917233932927	77.0896918641429	77.8777673752649	78.161583148014
630	72095	Maunabo	2	71.6294762149254	72.188227923511	72.0144825094074	71.4298280824849	73.8055282166555	74.2592365330596	75.4474700759345	77.7141759616001	76.1625542677154
630	72097	Mayagüez	2	70.3244999145413	70.5125506516459	70.3138119088781	70.8776952529184	73.508974908062	74.0003729830559	74.9421379620306	77.2941861050161	76.5197038972636
630	72099	Moca	2	72.2237233953937	73.4043285500469	73.6033758857377	73.3974526394357	75.8890089729254	77.2212610534136	77.9200543932334	78.5631340302721	79.1476642127372
630	72101	Morovis	2	72.6581213514771	72.7974156523772	73.5452570022367	72.664188209926	74.4903183515786	76.1414565039123	77.2627767256254	78.3998126429804	78.535431200795
630	72103	Naguabo	2	71.5870475247696	70.4988905681004	70.0159608118686	70.1922362555269	72.2403259929017	73.7968378503984	74.9844971565568	76.0841748128662	76.7734215224615
630	72105	Naranjito	2	74.1490201133763	73.3656274877678	72.6596810535168	72.0655206976822	74.9045718626185	76.0772563206838	77.5635991082248	79.541196843042	77.4964236677395
630	72107	Orocovis	2	73.404519234179	72.6255701838946	71.3857855687103	73.1530176558707	74.2887473940322	75.5750816730389	77.6760159531187	78.0970479600729	78.4736011529693
630	72109	Patillas	2	71.6864981755299	70.9168800912512	71.6115265679332	71.2879528113635	73.5800427935428	74.3865681443142	75.9785294756396	77.2690626934735	76.4542513073208
630	72111	Peñuelas	2	71.5754281547411	71.8377309090723	71.1205635996388	71.8689246603594	72.9773610156009	74.295374383464	76.797916000307	76.8247608534649	77.469915223184
630	72113	Ponce	2	70.8120062854585	69.0979926439791	68.331374760853	69.104195935511	71.9722858288468	72.776429908006	74.9027354014792	76.1260002342362	76.1474576447928
630	72115	Quebradillas	2	71.4624548460173	70.8644922009731	71.5899744926795	71.7020990371961	73.3235879658724	75.1333603998681	76.35202490321	77.1778937979544	77.4858899438265
630	72117	Rincón	2	72.454616462523	72.3859736372996	73.0845918985391	71.7180308301859	74.725613817321	75.6977069890892	77.7762374191154	78.9137508350988	79.5814662430617
630	72119	Río Grande	2	71.2171937314027	71.8492407370678	70.176446605357	69.9249651980784	73.5205641227132	74.8505284170474	75.7318123824389	77.3992717796965	76.5895422087585
630	72121	Sabana Grande	2	71.9355039815096	72.0098791807144	71.491595346414	71.7556656607494	74.292312306338	74.8427370435502	75.8103477035035	76.9504988963255	77.4259206888634
630	72123	Salinas	2	69.7528916066656	68.915831322187	69.9998027075078	69.5761000934539	73.0105902619247	73.5901913583899	75.4605897845573	77.6099416075243	77.057792493401
630	72125	San Germán	2	72.005171534868	72.6364666680084	72.0414915291435	73.435541141059	74.7403307730867	75.4315481168322	76.3398294099813	78.0606047875986	77.6103458529932
630	72127	San Juan	2	68.646704360708	67.3304302740974	64.9580965210913	67.2686463598799	71.2574129576837	72.7402809980732	74.5167516545355	75.8742148965215	75.2074143797965
630	72129	San Lorenzo	2	72.3525257656646	70.8954678635793	70.6705413103894	72.1302846660777	73.662391392317	74.9410869593151	76.612506979855	77.9873263692752	77.7533280395152
630	72131	San Sebastián	2	72.7351862624555	71.7587506852784	72.263122461904	72.8423447387783	74.4825711628408	75.9921429018826	76.3642163924378	78.4320145904021	77.7922548639527
630	72133	Santa Isabel	2	69.3444304949081	69.5716171408474	68.1394209750941	69.2854239676223	70.807413073373	72.5878445746552	74.9910211273046	75.2755253614818	75.0256506766911
630	72135	Toa Alta	2	74.1549596941479	72.8584918654585	73.2816428597484	73.057210180065	75.1294651106688	77.0991961954016	77.6863447961081	79.417559023088	79.1986578371725
630	72137	Toa Baja	2	72.4725847387149	71.1702622365549	69.9829066638045	71.2102835058863	73.4766301532451	74.1112985545723	75.7297684917786	77.1532461949636	76.2959188978613
630	72139	Trujillo Alto	2	73.7394520885189	73.0066748481757	72.7797511610162	72.7118464209005	74.8704277349583	75.9359334217972	77.8486797743767	79.5001253383408	78.5852382129446
630	72141	Utuado	2	72.758549319374	72.3635385974601	72.9119899234987	72.7087668224448	74.8145414703959	74.9551428193121	75.9458048826741	78.8432793031255	79.120210480528
630	72143	Vega Alta	2	73.0163647789551	72.258815021123	70.7888100325833	71.8382491271155	74.0867894669623	74.7889951132266	76.7256734412627	78.6211953805685	78.8169004977359
630	72145	Vega Baja	2	71.9211971438601	71.3133075899078	69.667221742372	70.099686550105	72.0306245467328	73.7256959053439	75.6472685041046	76.9579284195118	76.5970409651267
630	72147	Vieques	2	69.2996198105297	69.1322017869274	69.7502278362763	68.7218327282068	71.5405109496185	72.7207269748223	74.4753266343687	76.1482154757616	75.1260679312813
630	72149	Villalba	2	71.6013775966196	71.1505365254865	71.6174571482941	72.7732284130381	74.7021208944261	75.1225134564226	76.8117062167882	77.572814997393	77.1524354184126
630	72151	Yabucoa	2	71.2929048576902	71.7134793398936	71.8236922489933	70.9677317307544	74.373532865907	74.710615007586	76.0529162872069	78.0762730299989	77.1519391522716
630	72153	Yauco	2	71.0610730088941	70.1106087888585	71.2725148558526	71.5676948565193	73.0163578177194	73.5342005207805	75.5161217148195	77.2379413177158	76.3268479860888
630	630	Puerto Rico	0	71.2589553228252	70.7032661290195	69.9277985901176	70.6938176762953	73.3450756698364	74.4573046250775	75.8802842752954	77.4956157241385	77.0256075209931
