country_code	reg_code	name	include_code	1980	1985	1990	1995	2000	2005	2010	2015	2020
630	72001	Adjuntas	2	78.8592107996526	79.0192107392071	78.6077597978871	78.9679026947238	80.0963090967302	82.2427061702426	83.6361563658227	84.9815009502157	86.1643649239288
630	72003	Aguada	2	77.7621456259449	78.1417489208805	79.4215821154845	78.6452447442414	80.5081430475212	81.5469959343718	83.5475666853075	84.8432569901257	84.1778866831525
630	72005	Aguadilla	2	77.3638153630323	77.5853300941721	77.9030835278149	78.0894259801068	80.0405703828609	80.8654528271731	81.7045597531255	83.5320406348043	83.3880150994287
630	72007	Aguas Buenas	2	78.8211174326354	78.8681761251593	80.6841985897623	79.2373248178596	81.4253150176606	83.4163416286569	83.8842159549313	85.9290565449141	85.4565076607671
630	72009	Aibonito	2	78.2912115729103	79.1922869079954	79.0335233510514	79.5624813444905	80.7540552373607	81.3599001951637	82.9754670127854	84.4420790646341	85.5674459059726
630	72011	Añasco	2	76.8985591620824	77.2247376085821	77.6449967106845	78.0417860980312	80.3813073041462	81.6819264633925	82.8547996998141	84.8790661265101	84.2884059236402
630	72013	Arecibo	2	77.3759569919938	77.2325780273488	77.9250533673779	77.8080643736132	79.9668851563809	80.7699138409658	81.7985181638831	84.3095134279664	83.7532199143207
630	72015	Arroyo	2	77.4679927976451	76.7665883510746	78.369033139888	77.6480092125494	79.5786722044007	81.0643763409919	82.1756193251238	83.507205333441	83.1775504175299
630	72017	Barceloneta	2	77.436778597241	78.5852890146594	79.5608043887276	78.5800375411312	80.3711783754422	82.3739769368668	82.7637756231488	84.949455168018	84.4513320940988
630	72019	Barranquitas	2	77.7730335732467	78.1542487022716	79.6019173766831	78.1721349576633	81.1346699696164	82.98792401902	83.1080944037093	85.7651551150025	85.6663246862734
630	72021	Bayamón	2	78.109784619407	79.279131520897	79.8508746998331	79.6943060217958	81.607562836111	82.7007552809651	84.0129223527844	85.2420745675779	85.5194575041103
630	72023	Cabo Rojo	2	77.7289472993663	78.9942261825326	80.0773957155161	79.8333003535899	81.8721234752082	82.4420897975485	83.740962488201	84.5507731993551	84.7475578964802
630	72025	Caguas	2	78.3200114809622	78.9949783438062	78.6145808282394	79.5159248428931	80.9604982453559	82.932867964412	83.6757493531573	84.7205175306976	84.5062357598137
630	72027	Camuy	2	78.9056080201491	79.3028481031881	78.680825512617	80.5299872131362	80.9403279053547	82.7995268667659	83.3161691319078	85.1274534646216	85.4037832198221
630	72029	Canóvanas	2	78.5424787271729	77.7786424981002	78.1645174413886	77.3465270197347	79.8310093326346	81.652380730887	81.9635856954301	83.3195719960797	84.0750163765192
630	72031	Carolina	2	79.6626709332576	79.7625673047063	79.2644286571734	80.0317068467131	81.7569396989876	82.8264983986499	84.1589830650937	86.0486165474232	85.5266280575476
630	72033	Cataño	2	75.3352200321291	77.2690923176509	77.1647081350454	77.4012648869529	79.2203513742087	81.4624262202193	82.8201584476262	84.977243799467	84.5683886105539
630	72035	Cayey	2	77.2064518213269	78.1453481409636	78.3101090934435	78.9094447032332	80.5966441357212	81.8116498718662	83.3456599731268	85.117310424449	86.7572072914826
630	72037	Ceiba	2	77.8948720320221	78.3435221341768	78.6756372110233	78.5149088222063	80.7684159409023	82.1559574449575	82.3783693006075	85.4048889028214	83.9899163922247
630	72039	Ciales	2	78.864709593253	79.1921331486703	79.4684836814605	79.6940101012514	81.2608928227169	82.3580014974282	83.5589684932673	85.7806022072524	84.4297434415291
630	72041	Cidra	2	79.9194401059199	79.3879286506234	79.4718359288267	80.7494946298539	82.6283909184294	83.2297571927759	83.4565668535062	85.1541584500302	85.2547295852634
630	72043	Coamo	2	78.3073223849664	78.1088445142423	79.2746788249498	78.725614330803	81.0121066958641	82.1366961679804	82.5093646209363	84.535217326722	85.112356908414
630	72045	Comerío	2	79.3166909461295	79.1027359511037	78.6066376070185	78.6129481156755	80.5197943551358	81.7518370175916	83.0484638524634	84.55182123386	83.8097248587138
630	72047	Corozal	2	78.436028767067	78.4067929043411	78.9226822849315	80.2461979584874	82.1029660816249	81.7371582633397	83.7927000531753	84.6926864234603	85.3463565383244
630	72049	Culebra	2	80.1104610616352	80.5375634019197	80.4831256279988	81.4018627419643	82.9427957938326	84.1096984819513	84.8473011311103	86.0512626935945	85.2111327984186
630	72051	Dorado	2	79.1110091959249	79.1985568026716	79.3900414166795	79.593528140463	80.355130264588	81.6280614053367	83.5394614230016	85.1058832581173	86.5141450793047
630	72053	Fajardo	2	76.8655079876667	77.228965164874	77.8456997753039	78.4881794244377	79.8079510684514	80.3228837853888	81.3365241883284	83.6681493075225	83.3864062168307
630	72054	Florida	2	78.3731936250353	77.1554022448676	77.2405535948401	78.0674199116139	80.6466085504387	80.9268532621986	83.1134532462323	83.8604941537753	85.9599955922648
630	72055	Guánica	2	76.6077952612209	76.7230121664201	77.0972569343927	77.0736016560088	78.6259170912591	79.8560802978429	81.0980683722258	81.7012568926097	82.0422586826
630	72057	Guayama	2	76.8326701333121	76.9151312108701	77.8503507941434	78.666882448219	80.051222403369	80.5480182542503	81.9150263145279	83.4031180035704	82.5965542657872
630	72059	Guayanilla	2	77.441510553373	76.8856226331553	77.9538723108785	78.6750472002831	79.8213725846358	79.8303310906171	80.9885600115147	84.311075996826	84.4796216184089
630	72061	Guaynabo	2	79.3848844547844	80.4352291125526	80.3998426662861	81.3472223378482	82.41769404057	83.5250834499479	84.4508440654836	86.321472634042	86.6675739345782
630	72063	Gurabo	2	77.7646757366795	78.1625329571257	79.0262786712386	78.8296910268058	81.6139913846721	82.3225954099634	83.4154846155676	85.8658605983928	84.8132984025722
630	72065	Hatillo	2	78.9164771886901	79.3011391138746	78.4752271338725	78.5628169642466	80.4851659766047	81.8335986740426	83.5386311875834	84.5233750833316	85.2125877654548
630	72067	Hormigueros	2	80.1233632655606	79.1933412778689	80.7033270962634	80.3922563643178	82.0985592203253	83.7390656294927	83.5299568386792	86.2771304544972	86.1116234396769
630	72069	Humacao	2	76.2987868988042	78.0446734592526	78.6987888436171	78.4099825280506	79.9994515690379	81.5865024441917	83.0537115232668	84.4370992227906	84.2317227462024
630	72071	Isabela	2	77.8483802702919	78.3257289455987	78.4501685812078	79.3419979483758	79.8838293939822	80.7111921230438	82.6374305265703	84.2257353045642	84.8792740102034
630	72073	Jayuya	2	77.4294509697986	77.3297561600057	78.2916904614147	78.6292202109737	81.6551623144637	82.375427765418	83.176901154507	85.7491546138096	85.5066526905742
630	72075	Juana Díaz	2	76.6125762104317	77.8118478157821	77.9943654933619	78.3055549458837	80.0357878688212	81.4646423388119	82.7088648826802	85.7387104515219	85.2554722974952
630	72077	Juncos	2	77.1009149879858	77.4807356219297	78.3405308612548	78.6410349777194	80.3559380125678	80.4132771350914	82.4534210685646	83.4907671275889	84.4274705718444
630	72079	Lajas	2	77.8734385020192	77.8972037522193	79.2884779165195	79.6585226305329	80.9830439400182	81.7075108314438	83.377848594571	84.7034998635371	85.4787784470266
630	72081	Lares	2	79.7041936523088	79.5708121942389	78.8244544113611	80.6846691376253	81.712326819408	82.1858314139698	82.5782154015015	84.5341489814003	84.6998569105008
630	72083	Las Marías	2	81.0882471171869	79.8150686387386	80.6353150728548	81.0371494278389	82.5937015547625	83.5255810366423	84.9358671035258	86.0743723198616	87.3441534396206
630	72085	Las Piedras	2	78.1140795105128	79.0634737152003	78.8905907312628	79.7574983437699	80.5158944362211	82.4160853817569	82.6875593157107	85.1522410266978	84.8757179861992
630	72087	Loíza	2	77.4652433610028	78.6011141856301	77.8290506780332	79.399697866527	81.9153255835589	81.2478830356534	82.7753746276773	84.4752951604846	84.962747612824
630	72089	Luquillo	2	79.8328769360162	76.7404664852602	78.2508103819208	77.9035846233236	80.5332411779078	80.3647665049188	82.9007575067191	85.1826858281118	84.5356243413653
630	72091	Manatí	2	77.0175763240085	77.9406311527824	78.0061199814653	78.3058183760897	79.8507038744538	81.2586915052179	82.1343570690591	84.1420511372799	84.509200372264
630	72093	Maricao	2	78.838154732962	79.4227136755319	79.7041671824248	80.2352400313633	81.56652046365	82.9234306385167	85.3260606946443	86.779327013679	84.5936588507565
630	72095	Maunabo	2	78.4327954649682	79.3227349865508	79.9912730521739	79.6934943707744	81.312303984468	82.8641272470762	84.6961391580283	85.3935794493367	83.2755713887875
630	72097	Mayagüez	2	77.4043499426194	77.8866814686383	78.4664266438248	79.3837333352566	81.064392671926	81.4013987109003	82.7797021013768	84.9025232651279	84.8339218336399
630	72099	Moca	2	78.2989993628127	78.9934857266493	79.3484759748597	79.7177103491277	81.5341793396486	82.0295654309174	82.7402990367433	85.2630761096972	85.0853864742494
630	72101	Morovis	2	79.4549058431439	79.186261384121	79.391893032142	80.6663204755105	82.030717760348	82.7956305065483	83.3280350717531	86.2208226328955	85.6697346533501
630	72103	Naguabo	2	76.7820997586217	77.2664883777118	77.8209603106801	77.3511716778723	80.0386221586381	80.8866079614346	82.4416753845478	84.2441219154438	83.7464999991497
630	72105	Naranjito	2	80.5213598712021	80.4941375725331	80.5656752583151	81.0121092995771	81.9672773895608	82.0909989013928	83.61583110665	86.645616890704	85.2592670481146
630	72107	Orocovis	2	79.3212356221558	81.048597584659	80.2817752949181	80.0652638049609	82.3716194563497	81.6974508958144	83.4120091759413	85.2952451329142	84.881332654015
630	72109	Patillas	2	77.7097708122146	78.6304745819031	78.41813091471	78.4081082595944	80.7129060986706	81.6530753547703	83.164887810312	85.5108804734298	85.4059118550079
630	72111	Peñuelas	2	77.6279343413016	78.1289633209662	78.2345840897122	78.5302822635455	80.7345531667529	82.7968624232674	82.4337389356313	83.5950110907115	83.4868562499903
630	72113	Ponce	2	77.5825828918987	77.2897107260305	77.7671591166192	78.5410409180638	79.9825840348151	81.4079092350051	81.8407730485506	84.3959595011881	83.8547399432875
630	72115	Quebradillas	2	78.5644329739184	77.6821232455201	78.6874273287127	78.7997862893264	79.9348291057458	82.2832839552312	82.9903311408079	83.6950971788075	84.0682522592001
630	72117	Rincón	2	78.605485325237	78.8746658189623	79.4446221383542	80.3086319982506	82.2802451307832	81.3996742050686	83.9873579323847	86.228602550765	85.7120961479726
630	72119	Río Grande	2	77.6446178904176	78.3635288455274	78.9163397999796	78.5914920067829	80.8220818693107	81.8664489363769	82.0441926307121	84.3788903029811	85.1140445462423
630	72121	Sabana Grande	2	77.3684026685401	78.8192438102551	77.7804863393843	77.9378757258677	80.6133575496213	81.2641327878045	83.0196541011399	83.2839768330675	84.5455808019713
630	72123	Salinas	2	77.0510169221375	76.8655350403524	77.6977298993571	78.8036727400209	80.2442637320999	80.8439342018291	83.1909015393895	84.6683673787421	84.9178159946916
630	72125	San Germán	2	77.5903338576546	78.2433194268722	79.1132230405151	79.0557345222039	81.15543498346	81.7648178582968	82.6381274853341	84.3441676132348	83.9156708706936
630	72127	San Juan	2	78.2011459586278	78.5289481815554	78.4978872594993	79.4116297265339	81.6348470155698	82.2730579963207	83.8652746861385	84.9768150157075	85.2005584977784
630	72129	San Lorenzo	2	78.408557516639	78.8038111980498	79.1150523889944	78.6697312038969	81.0663291488152	81.7864040709016	83.3323950857935	85.4056778240291	84.3861547103668
630	72131	San Sebastián	2	77.8207685582148	78.4784501570194	78.8029237464239	79.4758254379176	80.402750428375	81.2208218379956	83.033652869919	84.1309808419358	84.3681319977417
630	72133	Santa Isabel	2	77.1260502323648	76.6739559578956	76.9266691264343	77.53648021007	79.2109122650317	81.2682987767238	81.3956847295574	83.7537902634572	83.0469481587908
630	72135	Toa Alta	2	78.8761429397506	80.8128515990252	79.9377333376708	80.7690797909272	81.7341007695459	83.4568892365916	84.4106061699711	84.5723285179646	85.5174061009561
630	72137	Toa Baja	2	78.6309508306202	78.9324447135234	78.4152378989105	79.841265122985	81.0263679647814	81.3074423723121	83.0092849645211	85.0675740725742	84.7596137538014
630	72139	Trujillo Alto	2	80.0966682589053	80.596341777618	79.9213541414309	80.8529860807892	83.2068905185296	83.552907802059	85.0051658346108	86.2570382786152	85.8672320153417
630	72141	Utuado	2	78.3260284138034	78.6004190639638	78.9764179195605	79.507047869321	81.1517030334625	82.231640253615	83.6217804672952	85.2107446148639	85.4588672333191
630	72143	Vega Alta	2	78.5664753997109	78.4118060917088	79.4852378195738	79.4643565611326	81.7184899183091	82.4111525008889	84.146688006197	84.7931193287266	85.8278837617516
630	72145	Vega Baja	2	77.2822062100854	78.3169137333967	79.4123188736425	78.5243368147135	80.40642648644	81.3318546354764	82.5195251971213	85.0908700102507	84.3813876674889
630	72147	Vieques	2	77.2367730445406	77.0274251069596	76.7032695390533	77.9803919846803	79.7832606669818	81.1741728821012	82.0887291277212	83.9384816089539	82.6604420576601
630	72149	Villalba	2	78.2316282035505	78.4771597944935	79.0369266955605	79.6952941449702	80.9661446111649	82.2565641257109	82.781041764497	84.2968651061468	85.4035552961282
630	72151	Yabucoa	2	77.831087242104	78.5360583756807	78.656245017716	79.1561148598397	81.5313290476732	82.7742819332846	82.5438476818358	85.6237038176802	84.8859729246101
630	72153	Yauco	2	77.5184350888123	77.5100054028751	78.2633845690921	78.8263613269648	79.4634972556599	80.7306857542875	81.9752493111812	83.3160054627531	83.3933026475164
630	630	Puerto Rico	0	78.0988767677286	78.5128818036777	78.8053140217028	79.2807392579551	81.0248699138404	82.0094791085363	83.1901184985838	84.8696495394286	84.8538664342564
