country_code	reg_code	name	include_code	1980	1985	1990	1995	2000	2005	2010	2015	2020
630	72001	Adjuntas	2	72.2643345368675	71.5756062625233	71.4569352034865	72.0502970182744	73.8510128722351	75.9381100763807	76.8993951041994	79.334947136407	79.0166860795888
630	72003	Aguada	2	72.9216245717604	72.8777272210391	72.9090676077419	72.6201915096085	75.1084888728703	76.6119027517071	76.9085164417271	79.1094238300268	78.0978966496975
630	72005	Aguadilla	2	71.0754167846943	70.6855945538649	70.7499041353842	70.7274065263211	73.2779897080071	74.0541453008165	75.5575430392372	76.8660032822628	76.4495566291765
630	72007	Aguas Buenas	2	71.5289518729104	71.944437099373	71.794480150846	72.1329797647585	74.4186281637486	75.1298017079202	77.4260615164172	77.9314370082787	78.0661972887561
630	72009	Aibonito	2	71.6372427652243	71.28174765361	72.2859519040103	72.1924059769344	74.0662393633887	74.9288481657472	75.5186766435259	77.6749587650137	79.0047404724687
630	72011	Añasco	2	71.6023043983386	71.3300464819239	70.6229067438257	71.287007651553	73.8796500267947	75.7443231177187	75.9404090649567	77.5960424108443	77.314465197503
630	72013	Arecibo	2	70.9757932033748	70.4039504932431	70.6562021645573	70.4486365573912	73.2387689231423	73.7633074403813	75.5608761894317	77.2620670660983	76.7613734672963
630	72015	Arroyo	2	69.8813380502456	69.5932032716502	69.778816033837	69.9705078676095	72.4882732247186	73.5687010305515	74.2593875856764	76.2266899056938	76.6743336769513
630	72017	Barceloneta	2	70.5781212351738	71.8095866311749	71.1372671268421	70.4795299704642	73.5680833432572	74.642604828188	75.4972666643346	77.7557325050129	75.9878113057706
630	72019	Barranquitas	2	71.577792171039	71.5672095881243	71.0956673215773	71.0370463002576	73.8711969353203	75.2752775063828	75.7592289999964	78.1197062626725	77.7216523440984
630	72021	Bayamón	2	71.9911138891884	71.610384754591	69.732730610836	70.9541034938479	73.6179380035497	74.7801487948332	76.3373999379673	77.4798016466144	76.3394280121575
630	72023	Cabo Rojo	2	72.6219136410947	72.9246422428899	72.7144805104675	72.4451694193162	74.8249914065443	76.1605331784694	76.1251365028464	79.3460286776617	79.1737530717795
630	72025	Caguas	2	71.716671294669	70.5153695493193	69.2436013897266	70.0081492209454	73.1778727892987	74.6431852394278	74.8898492288783	77.2494488618238	76.3350304346187
630	72027	Camuy	2	72.1848695925852	72.6370447647035	72.0206444740704	72.2285761150523	74.7660354155941	75.4988247382939	76.4412274203792	78.0390212648198	77.7586747921872
630	72029	Canóvanas	2	71.871744791631	71.2664745217124	69.2720623385735	68.8366681811054	71.8935655558964	72.8806050308553	74.4616669512888	76.7160271157464	75.4655454352051
630	72031	Carolina	2	72.6285555084077	71.5630570631817	70.2305937228758	70.9030203200583	74.0340266584619	74.8902077919608	75.9701991022416	78.076976186838	78.380596881348
630	72033	Cataño	2	66.2413494431941	66.9302347088003	65.3865976267924	66.4665521661718	70.3982197879922	70.9741963543629	73.2863250939172	74.5461976269239	73.9630577778927
630	72035	Cayey	2	71.1619232636658	69.977945489431	69.9140705249256	70.5445029964383	73.6262173098006	74.5068843836126	75.5771013038521	78.3091421042223	79.0597803393047
630	72037	Ceiba	2	71.496609777149	70.6317562634377	70.7382014455839	71.4525931854362	73.5992135592799	74.7428298556029	76.1110077856108	77.8077221975677	76.0519694368452
630	72039	Ciales	2	72.6860795701698	72.9157286717518	72.0349697055637	71.7172747716717	73.7062674192343	74.944090563692	76.4408889233834	78.9490853542397	78.0388343481233
630	72041	Cidra	2	73.1852645006757	72.7167658995713	73.7955916529185	73.7165791124714	75.6915524201808	76.2306823494925	77.5252622027055	79.1068605594135	79.4534574501096
630	72043	Coamo	2	71.845029618738	71.3678255554255	71.2193318042091	71.3560713843341	73.330376491383	75.6655862999561	75.9488008975849	76.6929425970919	77.9147740967024
630	72045	Comerío	2	72.1371762441496	72.0158566729409	71.8622805294444	71.3820142436896	73.7453781649369	74.9324318159432	76.8092101064049	76.7792929961413	76.1867443710681
630	72047	Corozal	2	72.5309298877	73.0965912837706	71.544634031624	72.1378218790757	74.9630568613697	75.4380359131951	76.6558477965407	78.2460431714443	77.2307393178888
630	72049	Culebra	2	73.4652853938065	72.8162903889494	72.3419508305362	72.6502704073103	75.4093680194738	76.0677523518713	76.9162162108797	78.0459029963908	77.5339869278596
630	72051	Dorado	2	72.7400741169693	71.1299130005504	71.0952953074064	71.5144763230677	73.2110504713379	74.9390160521985	77.2664473791117	78.4636240856688	77.7389323819803
630	72053	Fajardo	2	70.4264297040199	70.7356800227481	68.7150187938243	69.9770012014642	71.9983596739228	72.5183698120493	74.1271954977378	76.4802487995389	74.865603131476
630	72054	Florida	2	71.3209300686529	70.835266019969	70.384221690421	71.5150881879463	73.853645002732	74.7352746732323	77.2575716702696	77.0824732176251	77.0978466430466
630	72055	Guánica	2	69.8824084957621	69.4885585188795	69.0746521506988	69.2928508283781	72.0073386570217	72.1677339967434	74.5461966055075	74.6601337503435	74.4913135107857
630	72057	Guayama	2	70.2020540361616	69.4385644642045	69.5188126740961	70.1121621294936	71.913695088064	73.6987784530772	75.5007161464087	76.4674914692065	75.131522451975
630	72059	Guayanilla	2	71.5952688465122	70.3976166474369	71.2738667602683	71.2539407475643	73.3727793432358	73.6743172508908	76.0050731280998	75.9674882549247	75.151039595701
630	72061	Guaynabo	2	73.2103183665038	73.2762126671089	72.0043319601028	72.1643804795433	74.8799337543087	75.737806521698	77.4838865995834	79.3850591317928	77.7308652130733
630	72063	Gurabo	2	72.0269273457658	72.0437158348471	70.7571280567544	72.4209090541912	73.9640730056968	75.489584784785	76.1988338798173	77.9033531619613	77.7839305561287
630	72065	Hatillo	2	72.3476408822889	72.4237654237523	72.0469726657597	72.2357236462904	74.070504772838	75.2225646052289	77.0557424948499	79.0193614142337	78.1880894988528
630	72067	Hormigueros	2	73.6093894301458	72.9878808345016	73.3053250543718	73.631739987767	75.2136041768707	76.174147575285	77.0172687794218	78.4106607954369	78.846543822876
630	72069	Humacao	2	70.7743903648396	70.753387807963	69.8827075427963	71.3979021161685	73.3278030088049	73.9649264063129	75.806186417243	77.1255129725944	77.3479006454893
630	72071	Isabela	2	72.6923341937583	71.5570632785849	71.5657172132919	71.5629817901675	73.239753369728	74.8160348508725	76.0326618841089	77.8092406975285	77.4613001498069
630	72073	Jayuya	2	71.7479739499855	71.3996135084408	71.080588811787	72.0791591520326	73.7865772034729	75.4411262992285	76.9492705255991	78.0722513671901	79.0709200024913
630	72075	Juana Díaz	2	70.9843649524133	70.6443816558484	70.599773581365	70.6712889752559	72.6482538005392	74.2873140412176	75.9133690039988	77.3024553147556	76.5540714583908
630	72077	Juncos	2	70.7109919980321	69.9437870526038	69.7673766365993	70.5524662299435	73.3019927800407	73.1027468940941	74.6685055758871	76.8981770295386	76.5211215495274
630	72079	Lajas	2	72.0043306935318	72.4710650099773	71.9873884831621	72.1017464144477	73.9530662693462	75.4293324656206	76.3977249389289	78.1365416942612	77.5074417546482
630	72081	Lares	2	71.6954479459259	72.2247778567384	71.9195330661262	73.7705544840121	74.7680922773604	75.6689953940566	78.211012225251	77.8413931689899	78.0218588195089
630	72083	Las Marías	2	73.4262183828515	73.1058554867517	73.2166980929806	73.6928515350748	75.6035066552459	76.8531312504576	77.40961646406	79.1704148815546	78.8908004490743
630	72085	Las Piedras	2	72.6295674606592	72.3040182516416	71.7554375938644	72.9012120631344	74.5085451847241	75.814259933718	76.4388334128244	78.2997086910334	77.8334720589905
630	72087	Loíza	2	70.7800676950945	70.6435901703757	69.1969480421517	69.0284417832756	71.1380438160411	71.7842870155557	74.3830222587445	76.6804020671213	75.6370088932825
630	72089	Luquillo	2	70.9104883394676	70.6658911863733	69.9557132612397	69.580673784333	72.0585296524255	73.8231608507343	74.9658645844307	77.0934645432029	76.4772925883925
630	72091	Manatí	2	70.2870739909356	69.9164474006576	69.7974042711202	70.7605705940371	73.1991583300421	74.3739112305858	75.6495435870742	76.781121345965	76.5098149225541
630	72093	Maricao	2	71.5205204161371	72.8871332284774	71.6327306772946	71.8399643977744	75.1701268033489	75.5143214289159	77.0870760988624	77.8990496240342	78.1265834581125
630	72095	Maunabo	2	71.6453942683499	72.1646895783707	71.9755351622835	71.4321115469269	73.8097045517465	74.2824038090764	75.4658276538359	77.6832115774017	76.1832536989267
630	72097	Mayagüez	2	70.3822757001495	70.534226864579	70.3264458235502	70.869354603659	73.4846464568541	73.9914751570583	74.9509559548216	77.2331387010137	76.4648674439163
630	72099	Moca	2	72.2779126110898	73.3886992444134	73.5438681081357	73.3749454690842	75.8511604885236	77.1539603257439	77.876898536155	78.5578011665023	79.0829050858472
630	72101	Morovis	2	72.6828438112939	72.7953202407405	73.4693221179714	72.6553679053251	74.5050584646978	76.1162877331671	77.2371439158942	78.3900873558017	78.4940427392131
630	72103	Naguabo	2	71.5098458019206	70.4700982978086	69.9992023422535	70.1692012034909	72.2401205582283	73.7500900830586	74.9570607576732	76.0625738031748	76.6725312104821
630	72105	Naranjito	2	74.1080440353902	73.3440117798714	72.6401782617276	72.0896287771037	74.9000407563152	76.0437336907271	77.5294921613673	79.4529644090257	77.5124101049184
630	72107	Orocovis	2	73.3681040538911	72.6368330435896	71.4139925667344	73.1031340447352	74.3117212146738	75.5604105895112	77.6163028526083	78.0847818515383	78.4077556921414
630	72109	Patillas	2	71.679210861207	70.9456133257536	71.5663686251179	71.2775810285615	73.5643358849434	74.3812427084172	75.9535101283372	77.2490428507405	76.4562499027776
630	72111	Peñuelas	2	71.5901789829395	71.815204570881	71.0965633857885	71.8264916059487	72.9973840443692	74.2908560096153	76.7026189136355	76.8116089138925	77.3940674639358
630	72113	Ponce	2	70.7903795235041	69.139771650776	68.4017049144598	69.1513354521008	71.9825794559984	72.7935076315848	74.8615014124888	76.0785312755173	76.0681026633391
630	72115	Quebradillas	2	71.4886528510745	70.8921521765677	71.5572115359588	71.6833045898674	73.3421434087917	75.1015518268972	76.3138084234208	77.1686296726243	77.4172805791932
630	72117	Rincón	2	72.4777994028038	72.3897502786162	73.0323135815602	71.7627602462662	74.7327356002261	75.6868765751361	77.7265527167379	78.870541126432	79.47385134592
630	72119	Río Grande	2	71.214439905598	71.7868994382187	70.1901915150147	69.9696452681097	73.4922138718482	74.7836459446724	75.6899928151877	77.3407850240355	76.5280628008168
630	72121	Sabana Grande	2	71.931833939658	71.984315455113	71.4604515157559	71.7276895461466	74.2508160681987	74.8085016921704	75.7984181315517	76.9451495581729	77.3631825553201
630	72123	Salinas	2	69.8117369934608	68.9972293247282	69.9876846926301	69.619021067492	72.9936162526059	73.580881408019	75.4261377243486	77.519894516195	76.9863849811593
630	72125	San Germán	2	72.0152923931305	72.6047110021137	72.0095407961774	73.3335942600619	74.6975454973673	75.4010704975489	76.3255371540873	78.0239596030827	77.5577474768141
630	72127	San Juan	2	68.714115266478	67.4748126721761	65.2743628842956	67.4262926269426	71.3027527937224	72.7322633707217	74.4781705387954	75.8229826909359	75.1672610383804
630	72129	San Lorenzo	2	72.3221926376531	70.9423147317	70.6969705151519	72.0824341425394	73.6577985214818	74.9155276483328	76.5680890910179	77.9250372183195	77.6730220451433
630	72131	San Sebastián	2	72.7103163805951	71.7704407941186	72.2208635284	72.7899588943801	74.4648082462681	75.9296760123908	76.3534302626088	78.3829769067214	77.745408275133
630	72133	Santa Isabel	2	69.3923474548508	69.5719693403824	68.1823998042772	69.3024803371499	70.8524456662445	72.5864129204045	74.9323968895893	75.2783246168989	75.0079317858416
630	72135	Toa Alta	2	74.118327195233	72.8938361373756	73.2550236292141	73.0687604649154	75.1460498827958	77.0533745681173	77.6858708136806	79.3751984943076	79.1384052012369
630	72137	Toa Baja	2	72.4184794371796	71.1670517458212	70.0339629620109	71.2103946466846	73.4717201374472	74.1060700240242	75.7073375784792	77.117005130715	76.2725909176489
630	72139	Trujillo Alto	2	73.7228893404909	73.0097983514232	72.756211255292	72.7244739220714	74.8908287647892	75.9441197061402	77.8293027497183	79.4283173315896	78.5438227370833
630	72141	Utuado	2	72.7485655343706	72.3658927824564	72.8498597558649	72.6846315558973	74.791803923181	74.9646761754568	75.9799535887046	78.7664866132868	79.0055970926475
630	72143	Vega Alta	2	72.9583254109566	72.2314141748021	70.8213106317396	71.8313160212423	74.0752984293488	74.7853525131149	76.6876349070748	78.5493354867986	78.6917456276088
630	72145	Vega Baja	2	71.8757760375014	71.277392012822	69.7020532452906	70.1290615031974	72.0842021026448	73.7286602201363	75.6164558911059	76.9240973040701	76.5582649324458
630	72147	Vieques	2	69.3275223332578	69.1364573956543	69.6836539071973	68.7452788053684	71.535832160399	72.70225883749	74.4206106978716	76.0476862123163	75.0659721195149
630	72149	Villalba	2	71.6346768486847	71.1851456280299	71.615842435411	72.7302769538946	74.6696896937717	75.1076389047326	76.7782292664256	77.5610430066003	77.1393596638873
630	72151	Yabucoa	2	71.3375094710675	71.7099803695361	71.7899969578402	70.9989337148503	74.3417606676688	74.716655136082	76.0453973338135	78.0301117357246	77.1211627401741
630	72153	Yauco	2	71.0793168724441	70.1596130120452	71.2366204218577	71.5318166479783	73.0153426515253	73.5495771468279	75.4976686913582	77.1812817736223	76.3024000655746
630	630	Puerto Rico	0	71.2661348748098	70.7286700104112	69.9804667566106	70.7157794785168	73.3469743148445	74.4398614463159	75.8584594559216	77.4529628341459	76.9753601272233
