country_code	reg_code	name	include_code	1980	1985	1990	1995	2000	2005	2010	2015	2020
630	72001	Adjuntas	2	72.2413107653841	71.532021158063	71.4420480397403	72.0499988743069	73.8194887294715	75.9839405684737	76.921427785333	79.452363735022	79.1207605050067
630	72003	Aguada	2	72.9307339487504	72.9000910191482	72.9653219070091	72.6409215228078	75.1380135150732	76.681961981423	76.9209483537622	79.1746417614449	78.1405942405858
630	72005	Aguadilla	2	71.0798059767973	70.6855610244482	70.7935454530374	70.7390264178404	73.2994005496641	74.0788616870092	75.5975711127403	76.9166035835845	76.4931155988833
630	72007	Aguas Buenas	2	71.4733181599374	71.9455542135532	71.8047039088765	72.1493816457433	74.4352368077421	75.1429748426478	77.5013114118063	77.9556721835544	78.1363494359497
630	72009	Aibonito	2	71.6078130288358	71.2464902589444	72.3482779118654	72.2329455439203	74.0742136270378	74.94875824646	75.4901396545717	77.6989468593629	79.1519955698912
630	72011	Añasco	2	71.6019576193192	71.3344039788506	70.6196760649488	71.2962984655123	73.907514401886	75.830934948418	75.9682251312723	77.6461042129016	77.3826146328579
630	72013	Arecibo	2	70.9670380287518	70.3844657201096	70.6846208901672	70.441122076295	73.2538044375272	73.762583417997	75.5916912165583	77.3221162971158	76.8292846807885
630	72015	Arroyo	2	69.8130247129196	69.5358955255978	69.7620068307177	69.9484858086012	72.4749243048461	73.5702967933678	74.2280626639592	76.2308266278101	76.7549660237711
630	72017	Barceloneta	2	70.5315889371205	71.8583552396527	71.1753306342622	70.4579995574741	73.5943263703822	74.6812531034133	75.5093623204007	77.8361160173754	75.9780479310035
630	72019	Barranquitas	2	71.5491056186331	71.564383604815	71.0896132743868	71.0115334626671	73.873788883896	75.3183360295747	75.7508360854433	78.17776020758	77.786152076398
630	72021	Bayamón	2	71.9979003376901	71.6151265149627	69.627298383859	70.9246860078828	73.6179832679163	74.8028261367848	76.3760476660944	77.5142917031051	76.3314902574601
630	72023	Cabo Rojo	2	72.6080044657788	72.9602596127989	72.756210335724	72.4449332733049	74.8343726507461	76.2017980895659	76.0925370200618	79.4379051491859	79.2877874678593
630	72025	Caguas	2	71.7385278540104	70.4766240105433	69.1497713009694	69.9432189536118	73.1749522801027	74.6836081727257	74.8606964089743	77.2860232157638	76.3482461169636
630	72027	Camuy	2	72.1581896177194	72.6625770574579	72.0401250566461	72.234971863282	74.7845958164801	75.5149457004262	76.4373319072951	78.0619753260932	77.7926860671113
630	72029	Canóvanas	2	71.9552877875528	71.3369369494556	69.2497116602036	68.7671980473201	71.8571593047057	72.8506687390392	74.4517623515782	76.796912388546	75.4806324992895
630	72031	Carolina	2	72.6596120147093	71.5474992459372	70.1552885539509	70.8434457150666	74.0356660190808	74.9031143057862	75.9682041505145	78.137882342333	78.5045933222275
630	72033	Cataño	2	66.0984556003995	66.8437166756665	65.2012045490432	66.3482502451522	70.3852170690778	70.9501268499502	73.340949053536	74.593671144175	74.0249247026136
630	72035	Cayey	2	71.1498297374621	69.9134636585221	69.8679291406206	70.5196300466657	73.6468678118528	74.5267013211819	75.5713175545704	78.4090275037957	79.2739526312777
630	72037	Ceiba	2	71.5034115498678	70.6042071027498	70.7497320591549	71.4905822749408	73.6250455313062	74.7891822907706	76.1810648551089	77.9099323461092	76.0699758308744
630	72039	Ciales	2	72.690655902752	72.9713375791432	72.0560728698066	71.7057065419085	73.6692773823753	74.9365237224647	76.4380762081303	79.0289066565738	78.0896580957386
630	72041	Cidra	2	73.1739074997338	72.7009116440741	73.8906067898321	73.776265995538	75.7294677781564	76.2491852105934	77.5470201447305	79.1527915582118	79.573308865775
630	72043	Coamo	2	71.845660930369	71.3597019799907	71.2292109864485	71.3564306463116	73.3074086600226	75.7280125822093	75.9567652544876	76.6709718134961	77.99737809242
630	72045	Comerío	2	72.1313896208167	72.0304278328961	71.8991559693414	71.3709806288614	73.7398557797857	74.948184469216	76.8651731494764	76.7494880338914	76.1468127167434
630	72047	Corozal	2	72.5342773740022	73.1713161515776	71.5571361557757	72.1541027715783	75.0127372287829	75.4737760433382	76.6816215597203	78.3037490616903	77.2522884104945
630	72049	Culebra	2	73.4706306329191	72.8001819080556	72.3304360083049	72.6375100198323	75.4252971378412	76.0750212406212	76.9088715166449	78.0233047301825	77.5087417532475
630	72051	Dorado	2	72.7753400615421	71.090212894848	71.077434705954	71.5055521415332	73.1640918760442	74.9536721869753	77.3468133076377	78.5479331823295	77.8007948180169
630	72053	Fajardo	2	70.4523011846355	70.8063047343483	68.6923783671348	70.009179682599	72.0198010944644	72.5185266829409	74.1477872615322	76.5945202362147	74.8827802460033
630	72054	Florida	2	71.284084981629	70.7896148357462	70.3533328592571	71.5332231797973	73.8660136206063	74.7550458854181	77.3523042280481	77.0893332028486	77.1381262962459
630	72055	Guánica	2	69.8917594074709	69.4984077665087	69.0994636510051	69.3066012970564	72.0376107814787	72.1574173476341	74.6073282079634	74.6502251257237	74.4980440532958
630	72057	Guayama	2	70.1862857911178	69.394003370655	69.5222025521859	70.1190036862837	71.8858164165198	73.7421735878211	75.5690494041738	76.5199492326005	75.1293641231576
630	72059	Guayanilla	2	71.6231474027722	70.3806770122699	71.3449395777251	71.2984232710234	73.4096553219261	73.6850215729749	76.0798981713621	75.9582680768857	75.1220900541836
630	72061	Guaynabo	2	73.2271249445978	73.3210359693724	71.9898231091462	72.1477357168287	74.889822803955	75.749154410346	77.5192627275727	79.4706383424417	77.7424189304462
630	72063	Gurabo	2	72.0086027831375	72.0571485460104	70.7192306152448	72.4695777234415	73.9511649715081	75.5270701484737	76.194805400262	77.934734528159	77.8372715296313
630	72065	Hatillo	2	72.3277863097601	72.4385629528137	72.0656399541077	72.2466603313821	74.0499163949595	75.220780126114	77.0901713233781	79.0990932619882	78.2514029610731
630	72067	Hormigueros	2	73.6148992897762	72.9750570064259	73.3445936499356	73.6637235123274	75.2094299092133	76.1770154961208	77.0009040649263	78.4024484768229	78.9028133399229
630	72069	Humacao	2	70.7639842751948	70.7657237426103	69.8631340194698	71.4456978332127	73.3663886157695	73.985815176629	75.8499579002494	77.1898544994282	77.4550306069941
630	72071	Isabela	2	72.7532313028256	71.5663248778897	71.6139738360863	71.5835587474479	73.2219668318014	74.8452017056051	76.0542987890086	77.8688147833949	77.5211366130286
630	72073	Jayuya	2	71.7102241378753	71.3638662854622	71.0595993765372	72.0913487073941	73.7564238909671	75.4641135244094	76.9868671688278	78.1060692228701	79.217796030842
630	72075	Juana Díaz	2	70.9618032869002	70.6233622525812	70.6081239728052	70.6625590130668	72.617205828814	74.3063435820633	75.9602261117113	77.3476303621472	76.5828388934799
630	72077	Juncos	2	70.7108482497183	69.914383346123	69.7495512724418	70.5667905195029	73.3454919345575	73.0849213152866	74.6658278263051	76.9499420800244	76.6043385135191
630	72079	Lajas	2	71.9912891430323	72.5104883878137	72.0284856354878	72.1259407478805	73.9487549591485	75.4704975544591	76.4283917952546	78.2012404754683	77.5510384523649
630	72081	Lares	2	71.6252685315659	72.2039031288854	71.92207405752	73.8699858399999	74.776813008718	75.6763055122209	78.3072565811669	77.8293838106404	78.0504993283858
630	72083	Las Marías	2	73.3933109160763	73.0790724742026	73.2308197555536	73.7099422517226	75.6060875349516	76.8811357906274	77.3933909870796	79.190835811864	78.9150457288727
630	72085	Las Piedras	2	72.6434888426204	72.3215405682601	71.7669845032638	72.9652384855695	74.5220117167236	75.8598585082572	76.4473751311688	78.3522702723712	77.8908658256796
630	72087	Loíza	2	70.8020168571023	70.6819802411971	69.1849423008408	68.9587405316281	71.0358960264781	71.6621151748148	74.3708379391468	76.7431080999627	75.671894499839
630	72089	Luquillo	2	70.9101304439208	70.6874619740837	69.9679017077103	69.5492849901116	72.0273601039297	73.8583881608693	74.9900946335964	77.1642688553515	76.55571408566
630	72091	Manatí	2	70.2550287676356	69.8744758118803	69.7880375424639	70.7829249206518	73.2352372469268	74.4319292417684	75.7036388008115	76.8202254898728	76.5688104827801
630	72093	Maricao	2	71.4310332432876	72.8947108665363	71.5981964848748	71.7977280073285	75.1976862560318	75.4996764297331	77.09389769086	77.8783318218847	78.1593282044781
630	72095	Maunabo	2	71.6231992258436	72.195509726807	72.026857104556	71.4304139624378	73.8083140678284	74.2633551104518	75.4454852902472	77.7171562740266	76.1518723507928
630	72097	Mayagüez	2	70.3243306486776	70.5135577323499	70.3163008340129	70.8793147389698	73.5115990062375	74.0001321197356	74.9375922736438	77.293422736919	76.5137074679511
630	72099	Moca	2	72.2120293197316	73.4068324067148	73.6084506263623	73.4036756038202	75.890277675688	77.2270650079945	77.9194329921094	78.5614843442019	79.1485507301157
630	72101	Morovis	2	72.6580124406053	72.7991347258478	73.5500607069872	72.6662256102059	74.4868647669264	76.1499901089729	77.2622850065328	78.4054813891625	78.5366343575294
630	72103	Naguabo	2	71.5832176821849	70.4957983916797	70.0142228586436	70.182581311028	72.234622380406	73.7876771724712	74.9836056471613	76.0879977663713	76.7683776036926
630	72105	Naranjito	2	74.1642191912101	73.3760016244407	72.6608601091003	72.0653029629463	74.9043649356047	76.0722927328798	77.567291969932	79.538217937818	77.4924433194748
630	72107	Orocovis	2	73.4064061171031	72.6350990223873	71.3842771451519	73.1562407552388	74.2898203388435	75.5720896898722	77.6790928162283	78.0939605464525	78.4730475193744
630	72109	Patillas	2	71.6779249463921	70.9194331511125	71.6159051896344	71.2853144224715	73.5759347656232	74.3862149688598	75.9751251610504	77.272025728435	76.4544882963755
630	72111	Peñuelas	2	71.5767267447276	71.8413192060321	71.1184372301965	71.8700127689235	72.9721093602639	74.292559977319	76.7867174086655	76.81573578856	77.4718105128458
630	72113	Ponce	2	70.8186820190231	69.0966395924973	68.3251998595817	69.1042221889501	71.9725181094433	72.7761620724968	74.9025369584521	76.1262688930157	76.1457106526825
630	72115	Quebradillas	2	71.461223087104	70.8553933821812	71.5945661112165	71.7028877729271	73.3220011244216	75.1389696306572	76.3475012296311	77.1778191428035	77.4840739256694
630	72117	Rincón	2	72.445642673002	72.3780979772632	73.0912111678233	71.716665600045	74.7305939821066	75.6951372403303	77.7810855422003	78.9147613701653	79.5923225742313
630	72119	Río Grande	2	71.215924143416	71.8528751064191	70.178017210935	69.9214521077615	73.5216825226917	74.8496355147937	75.7300803828575	77.4016844727395	76.5794642888289
630	72121	Sabana Grande	2	71.9350228593366	72.0142383177649	71.4945379988225	71.7550679495561	74.2915537237704	74.8374176223264	75.807946711119	76.9436471261043	77.4280494783287
630	72123	Salinas	2	69.7447777395144	68.9037486639315	69.9935208753724	69.5733017665148	73.0124353723714	73.5870823280927	75.460822901499	77.6187848871113	77.0636433863968
630	72125	San Germán	2	72.0023334503584	72.6437095520576	72.0437978269872	73.4390074364686	74.7410155058868	75.4313224376974	76.3373496233021	78.059492698416	77.600858582003
630	72127	San Juan	2	68.6478029522909	67.3302753277729	64.9560146575127	67.2684625688521	71.2577081996302	72.7412865638119	74.5175156909147	75.8755686369337	75.2094830890209
630	72129	San Lorenzo	2	72.3524786574431	70.8955466985496	70.6735158509638	72.1329887046836	73.6614908636163	74.9409856462373	76.6163195039468	77.9866384171375	77.7551395845315
630	72131	San Sebastián	2	72.731614262305	71.7563180533372	72.2652432357517	72.8469055338254	74.482275708662	75.98999430304	76.3649718250663	78.4322227914027	77.7906420068767
630	72133	Santa Isabel	2	69.3452669050524	69.5660547398639	68.1250101704528	69.2824719716653	70.7935805478709	72.5795033082232	74.9864137410151	75.2774118269154	75.0240090649947
630	72135	Toa Alta	2	74.1503550106367	72.8628194994394	73.281088279252	73.0608762634069	75.1296614155149	77.102842022357	77.6863922772971	79.4177774074139	79.2001809116536
630	72137	Toa Baja	2	72.4778404036986	71.1721792530892	69.9828429585461	71.214227747561	73.4774184225266	74.1098175203216	75.729142734184	77.1526182779867	76.2901403582064
630	72139	Trujillo Alto	2	73.744051329181	73.0087218876576	72.7789714857732	72.7129922828282	74.8725632286427	75.9386536432489	77.8487174937025	79.4894679266997	78.5827535042651
630	72141	Utuado	2	72.7551759776051	72.363842012929	72.9164588001892	72.7122627599582	74.8122753948116	74.9497390738206	75.9450425388486	78.8397290652342	79.1261303731311
630	72143	Vega Alta	2	73.011146824717	72.2556554151704	70.7878422740026	71.8362959207788	74.0861533797963	74.7845781644331	76.7265404483556	78.6275832062496	78.8160065899249
630	72145	Vega Baja	2	71.9232810177108	71.3154180319917	69.66745473012	70.0980123533438	72.0289961291093	73.7243757603018	75.6506930568056	76.9610183905668	76.5984646827064
630	72147	Vieques	2	69.295970577488	69.1216403911833	69.7450271571194	68.7128542140258	71.5323647020378	72.7173378921416	74.4666123124794	76.1357429189946	75.115794452551
630	72149	Villalba	2	71.5902773691676	71.1408960586019	71.6224768644704	72.7831968832081	74.703727929243	75.1216119587121	76.8134782340773	77.5720874903888	77.1511722411525
630	72151	Yabucoa	2	71.2880583849225	71.7142273216631	71.8278054403763	70.9670025202196	74.3764790063254	74.7156370415672	76.0489730350614	78.0784519422355	77.1517753797738
630	72153	Yauco	2	71.0572526506501	70.1050788849512	71.2789348574763	71.5749757536164	73.0113358156956	73.5281659330316	75.5164619185818	77.2282400393752	76.3236380691304
630	630	Puerto Rico	0	71.2587952103504	70.7036988021965	69.9278313210869	70.6937972594489	73.3448909707436	74.4571450399787	75.880142707585	77.495545491914	77.0252421944673
