country_code	reg_code	name	include_code	1980	1985	1990	1995	2000	2005	2010	2015	2020
630	72001	Adjuntas	2	78.7889987840055	78.9325764780239	78.4636827328618	78.821617017124	79.9041774446535	82.1465061065069	83.5493896157932	84.8864047697956	86.1838348141202
630	72003	Aguada	2	77.5797554248563	77.9645860968289	79.3163616542947	78.4643618061046	80.315133813618	81.367425756557	83.4368524953062	84.7140827053582	84.0142710765479
630	72005	Aguadilla	2	77.2865007378951	77.5066691323835	77.8233399226181	77.9969452973098	79.9473962691322	80.7684364418045	81.5854248112494	83.4320532655435	83.2978257739477
630	72007	Aguas Buenas	2	78.7639922239564	78.7819573430761	80.7287902483275	79.1317965940833	81.354548412377	83.4349837851084	83.8389327150476	85.9367483001855	85.4361259482083
630	72009	Aibonito	2	78.2124477583595	79.1509846957027	78.9564930083624	79.5077056696673	80.6452169210462	81.2328161465839	82.8802685925068	84.3487142438227	85.5680506168284
630	72011	Añasco	2	76.7409117131833	77.0549622527712	77.5080774700283	77.9056079865457	80.270175677644	81.5935149910375	82.7734549978338	84.8569727562409	84.2237581408357
630	72013	Arecibo	2	77.2900674003841	77.1158644671308	77.8262874072276	77.6882792872006	79.8625215590353	80.6509824614902	81.6737819489655	84.2684110277172	83.6840470690653
630	72015	Arroyo	2	77.423891581916	76.6374797622011	78.3480478619209	77.5533505685917	79.477651550446	81.0109276372423	82.1215677040834	83.4339903614194	83.0891145630799
630	72017	Barceloneta	2	77.3484932206141	78.5583058939258	79.5943532560049	78.4958114257529	80.2878415094353	82.3737513024773	82.6989146914246	84.9435413099918	84.4176088641527
630	72019	Barranquitas	2	77.666680472508	78.0467535388251	79.5864729869771	78.0163865115188	81.058190237544	82.997711959466	83.0391973292656	85.7880817029791	85.6838194330834
630	72021	Bayamón	2	78.0412745686023	79.2692350203532	79.8700181942896	79.6706653257766	81.590760715557	82.6942823928028	84.018515389132	85.2340611264365	85.5486531748448
630	72023	Cabo Rojo	2	77.552533355477	78.8815121480232	80.0291485192153	79.759105024855	81.7887953343824	82.3379540248402	83.6401229684161	84.4201381425172	84.6205695585819
630	72025	Caguas	2	78.2891029606975	78.9949700013814	78.5684985436606	79.5166877218377	80.9231280508811	82.9736325069581	83.6938960074103	84.7021387389248	84.4917440983045
630	72027	Camuy	2	78.8374864792748	79.2356926945924	78.5379915072096	80.5105143136804	80.806849589212	82.7379929361156	83.20167913727	85.0378615356311	85.3584296059349
630	72029	Canóvanas	2	78.6036435256305	77.7574984187337	78.1572032145566	77.2642688215834	79.781139346976	81.6721885404598	81.9120680918882	83.2665483935755	84.0930767153184
630	72031	Carolina	2	79.6937640361089	79.7709660762722	79.222556577033	80.026420223319	81.739225229654	82.8137525108697	84.1582227258221	86.0820581937067	85.5329289368117
630	72033	Cataño	2	75.3121773006744	77.383169549229	77.239963897435	77.4553014052737	79.2693919179932	81.6431043183749	83.0120425548924	85.2548349603486	84.8064713031147
630	72035	Cayey	2	77.084491985981	78.0796370740491	78.2340391378151	78.8473298966715	80.5284751285956	81.7689770819281	83.3278410621491	85.1303366267825	86.9193105118357
630	72037	Ceiba	2	77.8359340703368	78.2997291125224	78.6278772374874	78.4208628956021	80.711299578054	82.130894434129	82.2900106805979	85.4585498795165	83.9194361903784
630	72039	Ciales	2	78.8022692688494	79.1141684274255	79.4000149817781	79.6089381937484	81.1638071370831	82.2672846153089	83.4768737185436	85.7587559974358	84.3131367984695
630	72041	Cidra	2	79.8888938266301	79.2657655638575	79.3614845131204	80.6976160709068	82.5758904858924	83.163535372571	83.3160507399988	85.0364605265836	85.1477219097494
630	72043	Coamo	2	78.2388222747624	77.9920427495229	79.2330538497205	78.6137322434363	80.9371496391458	82.0769300906898	82.3924052144198	84.4727313352361	85.0970964802247
630	72045	Comerío	2	79.3293422180693	79.0617881081703	78.5005707809032	78.477803675742	80.3983145330147	81.6571488888333	82.961782598867	84.4766929989551	83.6850179644103
630	72047	Corozal	2	78.3689317505514	78.2945689432798	78.8315558524444	80.2261005719324	82.0908911441508	81.6185528923065	83.7422440545784	84.5975303766865	85.3237879328096
630	72049	Culebra	2	80.0994919255754	80.5268782121758	80.4380894063746	81.4077296257352	82.9249396528734	84.1126267491345	84.8145856242194	86.0074535148396	85.1133589303856
630	72051	Dorado	2	79.0982695877751	79.1696731235212	79.3459209491024	79.5428379839534	80.2224906152695	81.5126729079739	83.4857779734354	85.065671845201	86.6127881974642
630	72053	Fajardo	2	76.834685394649	77.1949221785163	77.8486985376888	78.5132324046998	79.7851007684753	80.2660932595819	81.2690419621063	83.6652215357083	83.3807404101072
630	72054	Florida	2	78.3315446299931	76.9945464310686	77.0647384273285	77.9225558409939	80.5610466801548	80.7822354274986	83.0482127969472	83.7634124539129	86.0345761444237
630	72055	Guánica	2	76.5882972852442	76.6716977743075	77.0529803330871	77.0047270318622	78.5248821072988	79.7784351432014	81.0170029615762	81.5674534875248	81.9495833503623
630	72057	Guayama	2	76.747427688603	76.8110438591108	77.8030665128695	78.6612932974449	80.0094162853363	80.4678495699572	81.8565187938927	83.3426829375521	82.4925105416839
630	72059	Guayanilla	2	77.3722061780758	76.7445196493548	77.8672300379605	78.6172653517783	79.7197647830223	79.6709152813212	80.8103078326322	84.2827912589824	84.483611938766
630	72061	Guaynabo	2	79.3321438101871	80.4428386467885	80.3830793738146	81.3831026497967	82.3809727351941	83.5053394399636	84.4100278991453	86.3143146441674	86.7076127790917
630	72063	Gurabo	2	77.6296621724257	78.0336131348523	78.9489242023508	78.6913220856836	81.5639598366077	82.2585733020301	83.3487337151632	85.8796784194748	84.75140188145
630	72065	Hatillo	2	78.8556463451994	79.2303070746997	78.3254383133301	78.3838555906136	80.3275779936325	81.7014295232471	83.4426625898018	84.4080963333254	85.1564457629295
630	72067	Hormigueros	2	80.0838498016308	79.0533795359106	80.6505987352819	80.2939199081005	81.9918021871414	83.6903114383615	83.3733566889342	86.2282003835203	86.0636095034411
630	72069	Humacao	2	76.1581474497775	77.9963596382149	78.6845907660306	78.3413878187504	79.909314159968	81.5532356430767	83.037596236297	84.4226768858656	84.2077019432738
630	72071	Isabela	2	77.7630727535656	78.245463839464	78.3508679915801	79.2818044998378	79.7282074451085	80.546052407584	82.5329461611418	84.1299382151337	84.8574727949861
630	72073	Jayuya	2	77.2498208152827	77.1418989526645	78.1350249059709	78.4998325838648	81.5997235188706	82.3010160650934	83.0838126092447	85.7447241467605	85.4877882592701
630	72075	Juana Díaz	2	76.4423055554571	77.7193161119177	77.9152101462208	78.2058366661325	79.9255385236051	81.4008512603869	82.6449792781895	85.8057109111869	85.2993248031995
630	72077	Juncos	2	77.0455562267793	77.4172507319019	78.3183878611726	78.6121900051608	80.3150253852668	80.3098799835032	82.411643353453	83.4244732014206	84.451654239479
630	72079	Lajas	2	77.7597603734559	77.7558340375168	79.2300146436533	79.6036219241009	80.8838919369658	81.5989615010109	83.297670630405	84.621780192323	85.4724184266901
630	72081	Lares	2	79.683116242479	79.5044891599662	78.6811463296222	80.6495427044601	81.615402709361	82.0529558594952	82.3927377009044	84.4081441903018	84.5773455952139
630	72083	Las Marías	2	81.1063308919235	79.7020943140125	80.5517226946064	80.9690967706499	82.5011725905217	83.427792849774	84.8607983037288	85.9814620184937	87.3753690895208
630	72085	Las Piedras	2	77.9952832695553	78.9867990834093	78.784567617443	79.6891964414019	80.3904543820216	82.3328798885119	82.5483647547877	85.0873592274113	84.8064368346895
630	72087	Loíza	2	77.44716128501	78.6460154463018	77.7947977871082	79.481130165493	82.0625941678608	81.2443002196647	82.7919702333392	84.5154804069354	85.0608036674626
630	72089	Luquillo	2	80.0493132504314	76.6164472762423	78.22042001308	77.8119461278221	80.5135049575233	80.2548040187256	82.9067671384608	85.256405598062	84.5712078619517
630	72091	Manatí	2	76.9350425211781	77.8963773610548	77.9488558112563	78.2419446356	79.7612895423008	81.2077287661339	82.0561205280766	84.1093742008705	84.5219226493769
630	72093	Maricao	2	78.7492398474668	79.3453000295472	79.6207437624341	80.1758130411372	81.4508848268559	82.847718947389	85.3667131103662	86.815046383034	84.4775258087142
630	72095	Maunabo	2	78.3791084964727	79.3109084861469	80.0094952134515	79.6573537023912	81.2594741168302	82.8652421585618	84.7617198385526	85.3861184009298	83.1357494319177
630	72097	Mayagüez	2	77.3122653822276	77.8097346644295	78.4230770722253	79.3805402249065	81.0461624251097	81.3365347039054	82.7251024537572	84.9211500419864	84.8425834553872
630	72099	Moca	2	78.140168100722	78.8415050120711	79.1886379266287	79.5752055503148	81.3758154956353	81.8617656668629	82.5357810747746	85.1358201989287	84.9598474745305
630	72101	Morovis	2	79.4008128148086	79.0730335571214	79.2758694517106	80.6305861590431	81.9479822225177	82.7000071395696	83.2030411839036	86.1999423028402	85.6118060496986
630	72103	Naguabo	2	76.7060151247599	77.201896449981	77.7748305710711	77.2439645985043	79.9949511761894	80.8326955390368	82.4170786030626	84.2580434071466	83.7303329119382
630	72105	Naranjito	2	80.5387429089037	80.4907645037355	80.5420799276387	80.9862652127962	81.8858792811314	81.9433760913346	83.5032819586893	86.6646519503081	85.1702086821442
630	72107	Orocovis	2	79.2662593515059	81.1137886086243	80.2620021671604	79.9889402909968	82.3306876818512	81.5408573682691	83.2930219328097	85.215942550061	84.7768265559437
630	72109	Patillas	2	77.6137888123113	78.5899132919017	78.318719376019	78.2937031895026	80.6313888181165	81.5730949962409	83.1076085455634	85.5262249593807	85.433647933985
630	72111	Peñuelas	2	77.5251299675072	78.0332618854222	78.1194836796104	78.4155733619228	80.6465172229492	82.8128378265906	82.3222102097869	83.4682258334415	83.3588408019175
630	72113	Ponce	2	77.571934705961	77.2410558794642	77.7449721578817	78.5544261006059	79.9525115407087	81.4179708993714	81.7858981818645	84.438572192629	83.8558576517811
630	72115	Quebradillas	2	78.5280339231932	77.5465881071866	78.5966618596836	78.6925569623254	79.7827085978035	82.2317206094749	82.9008684399239	83.5655007242686	83.9663692584123
630	72117	Rincón	2	78.4903028955061	78.7509617175932	79.3390934021115	80.2459146432646	82.241990093713	81.2127314799246	83.9022089219398	86.210986533742	85.6604779960949
630	72119	Río Grande	2	77.58213782985	78.3189121476129	78.9066234693051	78.5308933915465	80.7872476876814	81.839981109439	81.9439479633785	84.3430335863763	85.1636618349363
630	72121	Sabana Grande	2	77.2308469148416	78.7757322576545	77.6348837133881	77.7764095020598	80.5117454724715	81.1283853875674	82.9447768928377	83.1260190339318	84.4839748706272
630	72123	Salinas	2	76.9689652813124	76.7417033297765	77.6126981844854	78.7882038029662	80.1892006927764	80.7599098287156	83.1966078133294	84.6841976853725	84.9578189580226
630	72125	San Germán	2	77.4177163352891	78.1108146963857	79.0288250008152	78.9326582043264	81.0570740310256	81.6478699350443	82.4877685001256	84.2300670466629	83.7810726797234
630	72127	San Juan	2	78.2909092739137	78.6356387695216	78.5894104599749	79.5517085362561	81.7970972648252	82.3999062609458	84.030522040336	85.1059360903362	85.3832068479979
630	72129	San Lorenzo	2	78.353421649036	78.7506348978926	79.0584050620911	78.5648888405643	80.9895333437366	81.6970311548657	83.2832681611151	85.4031819487557	84.3199390631149
630	72131	San Sebastián	2	77.6818991480924	78.3683403915145	78.6872736802633	79.3890448096305	80.2461890288468	81.060136516941	82.9274777176366	84.0006984682785	84.2573788251624
630	72133	Santa Isabel	2	77.1221706281518	76.6004268204791	76.8574639604842	77.4747680676026	79.1483293518601	81.2904810613442	81.3329945003709	83.7672866542754	83.0112276013154
630	72135	Toa Alta	2	78.7400922363248	80.7876568626166	79.8168279206785	80.6962624193894	81.5862363750979	83.3787457795903	84.3069072306652	84.3786396386742	85.4007544009854
630	72137	Toa Baja	2	78.6285307794268	78.9288451723449	78.3447970697926	79.8555874670955	80.987292658177	81.2182262428469	82.9637808889021	85.0792485705883	84.7510465686812
630	72139	Trujillo Alto	2	80.0731440685742	80.5819103179669	79.8371387475815	80.8070066986339	83.2095091334505	83.5015890353118	84.9838260562059	86.2238397491528	85.8086490848597
630	72141	Utuado	2	78.2121967332224	78.4843910634217	78.8502448391988	79.3951750172549	81.0315981817393	82.125954744511	83.5264649157609	85.1466055692075	85.414191148093
630	72143	Vega Alta	2	78.5065853869344	78.3181722399182	79.455890949957	79.4024221360675	81.679799494251	82.3596419348254	84.1456400923151	84.7124132885707	85.8625535379222
630	72145	Vega Baja	2	77.2003056494788	78.2927002351618	79.4551485268773	78.4645739814133	80.3396475444781	81.2714533399956	82.4560107416405	85.124925310006	84.3654728958619
630	72147	Vieques	2	77.2633519025276	77.0048501475893	76.62130271608	77.986017069813	79.7820055159611	81.2110338964869	82.0992092339658	83.9913208787357	82.60665636622
630	72149	Villalba	2	78.1353683187585	78.3710151095243	78.9373003097501	79.6254725866431	80.8566904190301	82.178749098341	82.6494153322772	84.1749197008238	85.3793593791606
630	72151	Yabucoa	2	77.7227312238026	78.4463385100683	78.5472923433694	79.0912474367491	81.4865468649137	82.7582479944197	82.4216322448848	85.6200530523511	84.8421689130291
630	72153	Yauco	2	77.4364418234822	77.3968875155162	78.1913021457103	78.765785945624	79.3145962881075	80.6077241627536	81.8621117755042	83.1901119490919	83.3020590118499
630	630	Puerto Rico	0	78.0643751823884	78.4851496894529	78.7738323899704	79.2589538911214	80.985852245957	81.9770490235508	83.1492125854083	84.8519657740669	84.840964327558
