country_code	reg_code	name	include_code	1980	1985	1990	1995	2000	2005	2010	2015	2020
630	72001	Adjuntas	2	78.7884566274085	78.927061566665	78.4630849566889	78.8234006283704	79.9048306922193	82.1495788836914	83.5562962675701	84.8884239511486	86.1928539780157
630	72003	Aguada	2	77.5729449266714	77.9610588012689	79.3183834393319	78.4673358376763	80.3182686183359	81.3640710421095	83.4342107291176	84.7194090567282	84.0114575538372
630	72005	Aguadilla	2	77.279340232833	77.5016002073398	77.8235402487996	77.9934189046666	79.9472254610252	80.7675979099916	81.5835880750362	83.4293421373406	83.2958106497317
630	72007	Aguas Buenas	2	78.7627080366071	78.7763558348781	80.732624470658	79.1362875973557	81.3564686642219	83.4314876306254	83.8424678552035	85.9348853057316	85.4301295352421
630	72009	Aibonito	2	78.2064673767071	79.1484586914839	78.9603800805959	79.5096311613703	80.6411501442888	81.2304319470479	82.8739961296668	84.3433171311328	85.568150344427
630	72011	Añasco	2	76.7370862252309	77.0494310215377	77.5005227174828	77.9045950874889	80.2663834132556	81.600455955873	82.7757278728039	84.8582762372987	84.2198962706337
630	72013	Arecibo	2	77.2906489634503	77.1134622272397	77.8263491853791	77.6868473605177	79.8609708450496	80.6527541074612	81.6750219627052	84.2714133366906	83.6816805415443
630	72015	Arroyo	2	77.404532909334	76.6184730161136	78.3378997920827	77.5374936958834	79.4645708135262	80.9996118822398	82.1091515073035	83.4232926384614	83.0816693460065
630	72017	Barceloneta	2	77.3359206194678	78.5602405404425	79.5989941154253	78.4881454608497	80.2888731296993	82.3792812621511	82.7058802591441	84.9512946444472	84.4164129787117
630	72019	Barranquitas	2	77.6588160256441	78.0410480743172	79.5816583434688	78.0095670972442	81.0462028654682	82.9906315948741	83.0318377367877	85.7855623852387	85.6904671718311
630	72021	Bayamón	2	78.0407656144492	79.2706164390931	79.8692301003193	79.6738081324892	81.5897564969349	82.6940520916519	84.0179977506834	85.2324618112606	85.5464779653619
630	72023	Cabo Rojo	2	77.5449450688794	78.8827068855822	80.0292152279124	79.7600994084338	81.792143660319	82.3393436638532	83.6340175557434	84.4171499787434	84.6220053823428
630	72025	Caguas	2	78.2876730720351	78.9934617035479	78.5662892909353	79.5150534427943	80.921382182976	82.9730495786661	83.690461422613	84.7002578871729	84.4886039220059
630	72027	Camuy	2	78.8279401596536	79.2333457721284	78.5340136082167	80.5094505257673	80.8088105966726	82.7362160673657	83.2016119090483	85.0419593431001	85.3555800175306
630	72029	Canóvanas	2	78.6191479322185	77.7630119346122	78.1536186383924	77.2573730880346	79.7777272775664	81.6736609109581	81.9094413400615	83.2602519546006	84.0911380749383
630	72031	Carolina	2	79.6945210992125	79.7737523951751	79.2200387252133	80.0250092674438	81.738561263599	82.8084559967315	84.1572118454739	86.0867783246982	85.5331989358661
630	72033	Cataño	2	75.2988538224768	77.3811690909588	77.2359022121389	77.4517490626639	79.2690735616172	81.6399107269956	83.0225563631759	85.2576330030211	84.8158599157374
630	72035	Cayey	2	77.0782875697402	78.0721185998127	78.2273278934206	78.8439974087191	80.526223669868	81.7654405398433	83.3270900085557	85.1249146791349	86.9305668245229
630	72037	Ceiba	2	77.8357500150215	78.3005209787996	78.6339716067282	78.4293483481127	80.7141228965494	82.1415854691852	82.2848855914788	85.4634846600266	83.9125182521558
630	72039	Ciales	2	78.7971066153331	79.1150946302862	79.3978359330279	79.6076842828272	81.1573632656337	82.2630059557995	83.4760152917468	85.759843354923	84.3156750140305
630	72041	Cidra	2	79.8854040711523	79.265523152064	79.364532702424	80.691965930428	82.5801703040617	83.1623831508355	83.3179516109071	85.0330958794944	85.1435273388391
630	72043	Coamo	2	78.2331108088857	77.9952193057936	79.2368988741861	78.6097314128329	80.9348282739734	82.0821593207877	82.3920224220128	84.4651606869629	85.1024271820778
630	72045	Comerío	2	79.3192199506752	79.0531840339023	78.490182797948	78.4697993687562	80.3845190640247	81.6460761424634	82.9510776431286	84.4744998862364	83.6831560008639
630	72047	Corozal	2	78.3656715428029	78.294690485676	78.8257059468413	80.2293528949835	82.0935476211115	81.6169810204208	83.7430166363303	84.5907307450712	85.3207177935145
630	72049	Culebra	2	80.0586657569207	80.4950741442397	80.4100485765193	81.3754342416763	82.8905609389522	84.0748943733279	84.7809394279639	85.9700310032588	85.0700855427849
630	72051	Dorado	2	79.0994734027849	79.1626889070054	79.3429090037278	79.5379358493468	80.2155121232567	81.5118746751271	83.4844361030878	85.0673151694337	86.6112026886669
630	72053	Fajardo	2	76.8380066380846	77.1981711140638	77.8485875368016	78.5202240762894	79.7871955265502	80.2671535581685	81.2672287436532	83.6621721703381	83.3803791309687
630	72054	Florida	2	78.3133889754017	76.9736154120807	77.0513820387703	77.9132996466438	80.5539370659924	80.7755296411725	83.0465247281742	83.751172885279	86.0042663286935
630	72055	Guánica	2	76.5861116246048	76.6728642098144	77.0545477471336	77.0016586463849	78.5239587341859	79.780056943277	81.0185739384413	81.5596769388371	81.9472432199428
630	72057	Guayama	2	76.7442547253643	76.8102339880391	77.8019774314241	78.6650758656253	80.0062514552602	80.4572469483237	81.8574107524639	83.3436634156885	82.4925251897993
630	72059	Guayanilla	2	77.377137121849	76.7457950825443	77.8786333775628	78.622085230372	79.7213163209819	79.66564971313	80.8128654910516	84.2821756147364	84.4716242575777
630	72061	Guaynabo	2	79.3322659183276	80.4451048304718	80.3771451015746	81.3815556905257	82.3819147213352	83.504614104872	84.4091667097511	86.3139576946097	86.713079515726
630	72063	Gurabo	2	77.6249164492883	78.0235184428455	78.9403356282515	78.6875425986819	81.5585572962739	82.2551200565526	83.3495099643033	85.8730676044242	84.7494434242511
630	72065	Hatillo	2	78.8481267753779	79.2279595790015	78.3248261572406	78.3811876796992	80.3240045900869	81.7014598869726	83.4437829637889	84.4102555348376	85.1579137953813
630	72067	Hormigueros	2	80.0779440547706	79.0486033407595	80.6555451036919	80.2988991868606	81.9915340633729	83.6841538308784	83.3684564299408	86.2238950575454	86.0596670938241
630	72069	Humacao	2	76.1529845154103	77.9953240431366	78.6850444106415	78.3411756223716	79.911429846982	81.5477953302946	83.0374315690319	84.4225350269497	84.2115013802632
630	72071	Isabela	2	77.761875195562	78.2431054630312	78.3532079114558	79.2828552757774	79.7207012700104	80.543236386358	82.5327134047346	84.127593703549	84.8563723665117
630	72073	Jayuya	2	77.2295500546211	77.1266595598219	78.1191186537991	78.4921536785845	81.5955255104637	82.2958622975818	83.0786920842077	85.7350634244153	85.4922800901306
630	72075	Juana Díaz	2	76.4354579649893	77.7181735070538	77.9134758535922	78.2028346877218	79.9211900074314	81.396509398215	82.6470702742094	85.8067081970957	85.2983264746556
630	72077	Juncos	2	77.0396857243255	77.4134045651982	78.3158269294614	78.6136430227998	80.3127699661055	80.3032496518441	82.3951127093464	83.4197300728001	84.4479628332551
630	72079	Lajas	2	77.7528869484857	77.7559184462608	79.22411171088	79.6007151472995	80.8835161882923	81.5951938676305	83.2940724542388	84.6133728773888	85.4699032346354
630	72081	Lares	2	79.6730135125116	79.5024071423543	78.678176548488	80.652599476503	81.6130277944148	82.0562616084213	82.39624078299	84.4038593698151	84.5811125791286
630	72083	Las Marías	2	81.0915539356817	79.6900802763702	80.5495157861305	80.9652207588379	82.4908958117316	83.4210767110846	84.8638928849317	85.9682074554575	87.3696681555624
630	72085	Las Piedras	2	77.9921036807815	78.9912391593791	78.7880372876599	79.7000569917965	80.3911793454224	82.3406018126862	82.5460003688726	85.0903227256689	84.8079893339012
630	72087	Loíza	2	77.4528568390121	78.6559387936034	77.7935234891475	79.4752309108296	82.0591445572075	81.2378823170745	82.787827266297	84.5151065464732	85.0590168076813
630	72089	Luquillo	2	80.0567479480589	76.6146720267815	78.2208650719797	77.8081538647019	80.5106411552578	80.2521558810964	82.9053040212546	85.2557916588506	84.5682321838911
630	72091	Manatí	2	76.9294873962332	77.8901856327685	77.9468412921885	78.2376061104845	79.762338825256	81.2072083640944	82.0528724505019	84.108995020642	84.5205890542911
630	72093	Maricao	2	78.7219782775148	79.3308617314839	79.6076717082678	80.1577906080166	81.4405496869508	82.8405260138682	85.3543720587309	86.8081624247619	84.4687302221539
630	72095	Maunabo	2	78.370157572443	79.3106214012962	80.0098430645097	79.6543536534806	81.2569025417418	82.8647426835563	84.7496537673635	85.3854151222136	83.1205046460825
630	72097	Mayagüez	2	77.3101649109395	77.81039416193	78.4207067189131	79.3795254862038	81.040493193789	81.3317686247681	82.7208685603951	84.9180417507255	84.8381097906288
630	72099	Moca	2	78.1300913459072	78.8436848875382	79.1925612306111	79.5784173354355	81.376343601278	81.8655454997399	82.537653616331	85.1363223968139	84.9633551831276
630	72101	Morovis	2	79.3980154224021	79.0753268328048	79.2789185712943	80.6271509684888	81.944105722709	82.7000632462412	83.200540061619	86.2041472667171	85.610895781276
630	72103	Naguabo	2	76.6982803696738	77.1946363932665	77.769161801927	77.2358064623304	79.9879495790958	80.8259238199711	82.416315031582	84.255646090358	83.724139941124
630	72105	Naranjito	2	80.544676665196	80.4920138946635	80.5425010355497	80.9878452763112	81.8846985885437	81.9401807934892	83.4967996671908	86.6527244576148	85.1712228018077
630	72107	Orocovis	2	79.2617786644777	81.1163121344053	80.2573203179963	79.9878097767412	82.3316366420748	81.5357330888656	83.2969987966832	85.2084441297863	84.7740309058513
630	72109	Patillas	2	77.6065489796454	78.5914058473583	78.3217035428729	78.293677046416	80.6346532734875	81.5742294298389	83.1078138590586	85.5243316217322	85.4330221566261
630	72111	Peñuelas	2	77.5294168447604	78.0372852328614	78.1204014052628	78.4201150479716	80.6466859429361	82.8079153365033	82.3242709345744	83.4692016485215	83.3576784418465
630	72113	Ponce	2	77.5749379373181	77.2376171279999	77.7445978751892	78.5520390846184	79.953129884354	81.4135584535586	81.7850280459176	84.4354820945179	83.8587305403305
630	72115	Quebradillas	2	78.5238697497079	77.5392466291395	78.5993889810493	78.6914776452795	79.7818831072715	82.2339920001009	82.9003520929621	83.5602483549989	83.9604459855693
630	72117	Rincón	2	78.4800822309517	78.7459995378902	79.3401773680213	80.239824762601	82.2324543529327	81.2100900428768	83.9004751980135	86.2060213246149	85.6668338097115
630	72119	Río Grande	2	77.5840137999562	78.3250307538798	78.90677191837	78.5275202209978	80.7931538442647	81.8477964913206	81.946012945222	84.3451645073424	85.1600273800009
630	72121	Sabana Grande	2	77.2280956947632	78.7790295975001	77.6363840844741	77.7745984744083	80.508037714882	81.1247558170098	82.9381926772261	83.1221999468778	84.4813177490941
630	72123	Salinas	2	76.9575735593102	76.728470940022	77.6049431057638	78.7797286765492	80.1867075185383	80.7567777186969	83.1984945885835	84.6768091041614	84.9648885802267
630	72125	San Germán	2	77.4132874421658	78.1144715886696	79.0290095968687	78.9312292494551	81.0575132474374	81.6449093923041	82.4846964473515	84.2287059327385	83.7810906346717
630	72127	San Juan	2	78.2906878986426	78.6344970505307	78.5850372947469	79.5501331892048	81.7984370879335	82.3999989372864	84.0307384515154	85.1057685027203	85.3833520196305
630	72129	San Lorenzo	2	78.3528035432755	78.7497752101553	79.0577890444706	78.5665943601645	80.9838845839057	81.6947188274318	83.2841209592352	85.4053623951452	84.318565339828
630	72131	San Sebastián	2	77.6735368722969	78.3630304089981	78.6897002835607	79.3901090043253	80.2440192529803	81.0575256206371	82.9250043877112	83.991758807354	84.2546223503859
630	72133	Santa Isabel	2	77.1201780416168	76.5944509902951	76.8457006030523	77.4708397696461	79.1325967711806	81.2861027596666	81.3286609154845	83.7675666458101	83.0089534319639
630	72135	Toa Alta	2	78.7404169699705	80.7921769343858	79.8173109825833	80.6992772939336	81.5886584811455	83.3793963890399	84.3076967679758	84.3774531681886	85.3993174425175
630	72137	Toa Baja	2	78.6308387802071	78.9293503205126	78.3432587725946	79.8572006140329	80.9863903060658	81.216641413913	82.9622216356933	85.077435413442	84.7438171384465
630	72139	Trujillo Alto	2	80.0756660306644	80.580402104422	79.8352032999058	80.8137562946759	83.2079241842103	83.5033997849654	84.9825913316406	86.2221830729546	85.8071763157105
630	72141	Utuado	2	78.2090096337484	78.4849139509695	78.8532837382462	79.3968135334941	81.0255336047286	82.1242504115341	83.5309145870151	85.1446110853552	85.414125233929
630	72143	Vega Alta	2	78.4976035938596	78.3096579359561	79.4511667021449	79.3964773648194	81.6712316893384	82.3510669615847	84.1449219965021	84.7288562708272	85.8600405877241
630	72145	Vega Baja	2	77.2001794617817	78.291382741895	79.4553451710325	78.4615977633753	80.334018774497	81.2684058808537	82.4550577166669	85.1240236539797	84.3672291427494
630	72147	Vieques	2	77.2701795949714	77.0040753143051	76.6295360508765	77.9876895517626	79.7843695364332	81.2169119585915	82.1013655709571	83.9932411801533	82.6055305637572
630	72149	Villalba	2	78.1235951488254	78.3633041869828	78.9409598576264	79.6343226049207	80.8563805081188	82.1759438483732	82.6504996790945	84.1736354259634	85.3828249433126
630	72151	Yabucoa	2	77.7166658782246	78.4456373768871	78.5517915379213	79.0892231624054	81.4913066309318	82.7549847377714	82.4188967934876	85.6187033443011	84.8381993688891
630	72153	Yauco	2	77.4290886970625	77.3893551218316	78.1875413982031	78.7649551722801	79.3114350350959	80.5998897731064	81.8567053169311	83.1836161906532	83.2979108929382
630	630	Puerto Rico	0	78.0622452750886	78.4859216618374	78.7717708374845	79.2571200972621	80.985511149931	81.9751823987706	83.1538248077748	84.8549770651256	84.8391309365464
