country_code	reg_code	name	include_code	1980	1985	1990	1995	2000	2005	2010	2015	2020
630	72001	Adjuntas	2	72.2558826811944	72.1145319858984	72.3059823723573	72.6289961805465	74.1997784757288	75.7952870534709	77.1321318539977	78.3347489936596	79.4689902835117
630	72003	Aguada	2	71.8514091152571	72.3777155069522	72.7191744414002	72.7191351786789	74.397777005259	75.4705045918114	76.7025946718242	78.5940953487163	77.8005965947281
630	72005	Aguadilla	2	70.8088910876787	71.0615221990167	71.4476916184817	71.3348391696464	73.2318692526918	73.8764968636578	75.1335681481623	76.3731678099109	76.5226020203604
630	72007	Aguas Buenas	2	72.1959860999427	72.3915421538985	73.3175322518081	73.1994955555908	74.8907931074166	75.572732185154	77.4545088075864	78.5217849708823	78.2082058701472
630	72009	Aibonito	2	71.9075026419085	72.4457413726988	72.8780590439761	72.5913767285915	74.1611515867668	74.9409853411241	76.0141238036315	78.0947488535102	79.1166140182605
630	72011	Añasco	2	71.3714455803132	71.3145034920745	71.3112534023127	71.9941027389193	74.0758779392187	75.1383205451989	75.8764649051761	77.4595941010409	77.5548548162895
630	72013	Arecibo	2	70.9421246702128	70.749988273987	71.3415563962251	71.229658551933	72.9471376188212	73.8349549422267	74.9680990420316	77.0259045031086	76.7031421400164
630	72015	Arroyo	2	70.5175214568906	70.60913519727	71.4781129517822	71.1849116519821	73.0889559083784	73.9778252399473	74.8926099672397	76.5285588702306	76.8083765947248
630	72017	Barceloneta	2	70.8287504268656	71.8771231756652	71.8079203550008	71.3786710509879	73.610731407537	75.0573595608638	75.8499017068814	77.2614657239316	77.0307903766161
630	72019	Barranquitas	2	71.7618069018068	71.8556130710887	72.188370759977	71.7685394168244	74.2008445464635	75.3975057993304	76.0013709510823	78.3335153873088	78.66912210907
630	72021	Bayamón	2	72.0200343886623	72.2234906007863	72.1105115905363	72.3513647517431	74.1835926948058	75.2001302375619	76.295561355354	77.6407840568809	77.3377357774742
630	72023	Cabo Rojo	2	72.351557911966	72.9597278933095	73.1981153661086	72.9168120521211	74.6407379285674	75.7703242143123	76.3503939808302	78.1924697504746	78.2668141209654
630	72025	Caguas	2	72.1211024158444	71.8010536676301	71.3418137643127	71.8381240987171	73.9415549366067	75.4875628717858	75.5773426288352	77.6850922288363	77.0013901520945
630	72027	Camuy	2	71.5086834452838	72.183644062573	72.0351821396493	72.7412137228842	74.396241195827	75.2250841026319	76.2132428663614	77.5369664552643	77.5473211932853
630	72029	Canóvanas	2	72.1555269418276	71.5849667937619	70.9783473473901	70.5708229270602	72.9955912907804	74.4370919613361	75.2151937700226	76.7556497287618	76.6269229918168
630	72031	Carolina	2	73.2584580610763	72.7641793104191	72.1011355948647	72.818165494252	74.7562355657539	75.5121874900397	76.3790087899412	78.3698192308761	78.4342522916393
630	72033	Cataño	2	68.2964868518286	69.2786386474547	68.9525136998135	69.6273295948328	72.0953137577367	73.1350199874038	74.8207340731934	76.2843278244645	76.2448612373738
630	72035	Cayey	2	71.2511238724937	71.1042518234493	71.4660429815941	71.9209867089174	74.0582847972182	74.9541528147523	75.8961053489753	78.1435979167051	78.7704670636119
630	72037	Ceiba	2	71.455487042451	71.5587822175113	71.9195543637194	72.2677419976854	73.9255968764942	75.060705871626	75.6508336657779	77.4561040939824	76.9020421201025
630	72039	Ciales	2	72.7413650009517	72.9892390794538	73.0463521887958	72.8502806635527	74.3816397301748	75.7528055784808	76.9446042558118	78.60375050769	78.581586718868
630	72041	Cidra	2	73.5499255248524	73.2261686871519	73.7343354436529	74.1801168908828	75.8733782733292	76.453439552374	77.6524892061188	78.8026227746183	78.701647193806
630	72043	Coamo	2	71.8772744060626	71.8928525055346	72.4338463266113	72.3459284362312	73.8435055295448	75.567724717492	76.20914175047	77.426086420866	78.479005970746
630	72045	Comerío	2	72.4163417939316	72.3841943257117	72.5130654657182	72.2676294900517	74.0007268139887	75.0081710416483	76.6040007006786	77.5818766417885	77.5927660820714
630	72047	Corozal	2	72.3679200825208	72.8308530153082	72.2135134148031	72.9193147039081	75.095620054699	75.3439084483766	76.6181884841884	77.6746314606155	78.2335583444653
630	72049	Culebra	2	73.2189643533521	73.4221735764475	73.5755159360814	73.7874075948724	75.6062023987046	76.4215505653359	77.3573922664861	78.7820576027529	78.8138245234627
630	72051	Dorado	2	72.8182640235889	72.0357236924461	72.5378252021728	72.645510757125	74.1471856193348	75.246525517904	76.9980750578566	77.9982746585515	78.1517001853189
630	72053	Fajardo	2	70.6594316045246	70.7111142031098	70.7551630651868	71.2397175526795	72.7713024120154	73.4109411403642	74.5907499091592	76.374583026088	76.4238947904772
630	72054	Florida	2	71.3269353040942	71.0719422755741	71.2841156882051	71.9383111706551	73.9258642621606	74.6272791143479	76.4322412849286	77.3273602938261	77.6270492611529
630	72055	Guánica	2	70.1483802413922	69.8657053442649	70.0071703032521	70.1453893349592	72.0855245059646	73.007649191758	74.3035563274288	74.7191123133177	75.0606985017636
630	72057	Guayama	2	70.3713520118545	70.4209227430193	70.85827300045	71.1737357439716	72.7633938429848	73.6774208377418	75.2773431249078	76.4239749013085	75.5572961308687
630	72059	Guayanilla	2	71.4224235357229	70.7266143894735	71.7630266088423	72.0418390151869	73.2260652227708	73.2372193558206	75.0225970345489	76.3017748064211	76.0497279838268
630	72061	Guaynabo	2	73.3353988123	73.5947888254522	73.2631866120849	73.7754677652588	75.5215880016003	76.1027932486814	77.181158063808	78.6722409095122	78.0738677026434
630	72063	Gurabo	2	72.2041611000659	72.243007782675	72.1512624966906	72.997509198939	74.8420025579521	75.8404476873874	76.8228832471937	78.1903188183028	78.2160974397979
630	72065	Hatillo	2	72.0601813673071	72.1935179651405	72.4581707411413	72.3884619291093	74.0041854943053	74.923298649955	76.7033452242191	78.1746768228812	77.9867613694512
630	72067	Hormigueros	2	73.53567131551	73.739566593942	74.2196650974027	74.7565159574716	75.9591751390919	76.7893190326777	77.2628280498658	79.045899851058	78.9011404418553
630	72069	Humacao	2	70.5262762946459	71.8383867751858	71.5807660713544	72.0057479767579	73.8328759012726	74.4432183863341	76.0635284903989	77.1275834342935	78.1555866923958
630	72071	Isabela	2	71.745437642955	71.6515434445376	71.7218506118028	71.9848348183134	73.2715491117439	74.5021664414412	75.9373229050352	77.3593598417561	77.4822517525529
630	72073	Jayuya	2	71.4090433012335	71.3390388671367	71.7514861633921	72.4094557741043	74.564370091355	75.6661605391279	76.9048982975875	78.2253339812409	78.4459774277716
630	72075	Juana Díaz	2	70.8963238215513	71.3101275423615	71.415127616223	71.6086892936621	73.0056438133559	74.809603086202	75.9731054351568	78.0941179974684	77.8608593594161
630	72077	Juncos	2	70.9333346124922	70.9192660174292	71.1523679348224	72.0823052336391	73.5864678513343	73.8373018006001	75.2565262525722	77.1556470984549	76.8921294970586
630	72079	Lajas	2	71.8653123380755	72.2927048155062	72.3042387808795	72.5495345032806	74.1724694026569	74.9583311712503	76.0080763143868	77.4592812090343	78.0098401501456
630	72081	Lares	2	71.9210249240054	72.581328646963	72.6608850907881	73.7080292981492	74.6384487516837	75.7243521925509	77.1954315753465	78.2670139759654	78.8098714740344
630	72083	Las Marías	2	73.7157924583187	73.4377486321941	74.0508510019183	74.160868107364	75.5930647310786	76.5379892284105	77.9336711865496	79.0781823417657	79.4440160018265
630	72085	Las Piedras	2	72.3408473237058	72.5897087575085	72.7265435734329	73.6202063761153	74.7441642508122	76.0531261610553	76.2546870916794	77.9765645781289	78.154247156014
630	72087	Loíza	2	71.7715566701742	72.1597839814654	71.3779793705318	71.7761158192078	73.697467996683	74.1527477600546	75.9043693660175	77.8607885768853	77.8317978749888
630	72089	Luquillo	2	71.5494177456605	70.9802613624464	71.1994044225732	71.0532582165882	73.181932789927	74.1965729469827	75.611914561927	77.5102294463254	77.2462269887002
630	72091	Manatí	2	70.546252402675	70.7251096931042	71.0781650816414	71.4600150828254	73.4004080082158	74.4747112701292	75.452022926854	77.6999612344099	77.2140921137587
630	72093	Maricao	2	72.2867134187491	73.1165086700028	73.062863517382	73.3515621592286	75.1395578378327	76.4158028569255	77.4279761167431	78.8247413204519	78.7493746482088
630	72095	Maunabo	2	71.8822027611243	72.4808987685634	72.863079035637	72.7830188441254	74.4750707105272	75.4283829177449	76.0737899558768	77.7932002737507	77.2348113510686
630	72097	Mayagüez	2	70.8041430614191	71.2564797562749	71.5239097488392	71.9667963523963	73.7819667359668	74.1858800056272	75.1962230895954	77.6457349180231	77.312437398451
630	72099	Moca	2	72.3102851950239	73.1429540777955	73.5962790667961	73.6922863819377	75.1058710083122	76.4973714609927	77.4016050342946	78.5251647219793	79.0168936197952
630	72101	Morovis	2	72.7595530001215	72.9865142715134	73.3327316657291	73.2799952555105	74.8348415785501	76.0337592032567	77.0492462384288	78.5517636401538	78.922594369535
630	72103	Naguabo	2	71.195634373878	71.2380955623321	71.31456188764	71.3094621943708	73.036634282457	73.7272145028671	75.2717507326215	76.6102355741539	76.7763451875933
630	72105	Naranjito	2	73.9795005904097	73.7610676953754	73.5725954587407	73.3246967862458	75.1254330511677	75.8658160369684	77.5157048645924	79.1370140758068	78.7603019692689
630	72107	Orocovis	2	72.9596829783872	73.3803274976321	72.7425374294144	73.4899538560331	75.1629798386443	75.5085115369395	77.2072563033445	78.227922654061	78.757924842036
630	72109	Patillas	2	71.3530285772067	71.708107569484	72.243911512094	72.235512781351	73.6587872022556	74.8607103379474	76.06800612657	77.5820896725257	77.9010733652697
630	72111	Peñuelas	2	71.702103859931	71.7565475255752	71.512741409691	72.3815147222252	73.3632546951787	74.5962408511886	75.6832549299558	76.7314046760671	77.2709029817797
630	72113	Ponce	2	71.0603110095265	70.415037319227	70.5937875783163	71.2264941106173	72.9125417709142	73.8685396555074	75.0679017960724	76.5146058105231	76.7239338032181
630	72115	Quebradillas	2	71.3264828434857	70.7591871837944	71.8687010363979	71.7152071197348	73.5186569720317	74.8444403159465	75.6212953000699	76.9635871473108	77.0842638895455
630	72117	Rincón	2	72.4170776213707	72.4356175370654	73.2159373230997	73.0258976794059	75.1837368779426	75.5897891645597	77.27608711652	78.8702683373615	79.3939007877161
630	72119	Río Grande	2	71.5015372126845	71.9935807786125	71.9827629367952	71.7232055067321	74.1144855448117	75.0482471276907	76.0587782332128	77.5676121708954	77.4285428660654
630	72121	Sabana Grande	2	71.4830769028472	72.0259107958859	71.9262738025854	71.8483061966836	73.9918680353865	74.4012797451887	75.8238980097221	76.9850549994886	77.4124179780451
630	72123	Salinas	2	70.4237335529385	70.317725852287	71.2047521374052	71.233244951195	73.4995856429905	73.993409604839	75.8492445546136	77.7736825516023	77.8344290212647
630	72125	San Germán	2	71.5860671308348	72.4614396759672	72.3507117018978	73.1830742721678	74.2751175670644	74.9312513783397	75.9956848660349	77.3076092673773	76.9111394474981
630	72127	San Juan	2	70.7786585049772	70.7140847462389	70.4501901688955	71.474752987705	73.9782356705908	74.9159993207288	75.9850527208786	77.0571483789749	76.92959603657
630	72129	San Lorenzo	2	72.4674601947773	72.1224893814204	72.2681392709643	72.6224064819928	74.1068594784762	75.0423373276908	76.8177381349555	78.0034086930882	77.9849125790213
630	72131	San Sebastián	2	71.7016313612835	71.7119539494071	72.4219031276026	72.7760309744237	74.050328394361	75.0962123748007	76.0792457050629	77.6639415442433	77.5176590792837
630	72133	Santa Isabel	2	70.2696478842918	70.2336779876227	69.895132722329	70.6853278801329	71.9008718285684	73.0054432460471	74.7322786682105	76.1067937291707	76.039998074705
630	72135	Toa Alta	2	73.4765466378613	73.7360544669805	73.8652671982689	74.1622401480521	75.6923675037193	77.0615599549899	78.1056015415238	79.1001978163333	78.8699214279251
630	72137	Toa Baja	2	72.4875279751033	72.033637287815	71.7993409764802	72.6403402007817	74.1845294821957	74.6939373691274	75.9908217865453	77.6067246045508	77.0838380111937
630	72139	Trujillo Alto	2	73.8936811994582	73.6027426711761	73.7420171404518	74.0914330895355	76.0122531070822	76.7364162854357	77.7230416787036	78.9647273218847	78.82556863242
630	72141	Utuado	2	72.254377514434	72.6329900690181	72.8050413066582	72.7053997370614	74.1814497027927	74.9166428764369	76.4302339063062	78.1781848689186	78.2903722974867
630	72143	Vega Alta	2	72.2849022582886	72.4416784542598	72.3069607734931	72.7304022425628	74.5985731254777	75.2523065854565	76.7264720590091	78.5177205879823	78.8471461743387
630	72145	Vega Baja	2	71.5332919846898	71.8432644535995	71.5630030857176	71.4262898124423	72.9164465886567	74.2616884765453	75.9245381423919	77.47887271831	77.5541488870994
630	72147	Vieques	2	70.304920561957	70.1170586625109	70.55249555699	70.7478534943469	72.6709495726382	73.6616425391883	74.9874966530973	76.2261141009233	76.5125964018181
630	72149	Villalba	2	71.4852688098166	71.4270526744171	72.369852162408	73.052777062651	74.4715849089512	75.1928218328312	76.6449096193465	77.6647414810112	77.9177682665403
630	72151	Yabucoa	2	71.5380600385022	72.2391796907011	72.7348936157766	72.4977098841952	74.6181556827689	75.8975537725825	76.5820854940624	78.222344004325	77.7755676390566
630	72153	Yauco	2	70.863094210246	70.5465432295939	71.8629888021419	72.2094537003537	73.114504661266	73.7727951107121	75.3439942883245	76.3039165584084	76.3364257504974
630	630	Puerto Rico	0	71.6063602539664	71.6674244736624	71.7360126787923	72.1634202446927	74.0111125782625	74.9525821608799	76.0893818779678	77.6045627383976	77.5745961992254
