country_code	reg_code	name	include_code	1980	1985	1990	1995	2000	2005	2010	2015	2020
630	72001	Adjuntas	2	78.7941952165325	78.9360372789457	78.4747100156496	78.8275939491577	79.9100573214678	82.1561620202143	83.5621612973529	84.8902623191023	86.1983460464255
630	72003	Aguada	2	77.5752994724262	77.9645394469305	79.3202543838686	78.4677552676169	80.3212219809232	81.3655508307544	83.4385435774903	84.7188581559434	84.0131020772917
630	72005	Aguadilla	2	77.2821367119962	77.5024844378992	77.8257570958764	77.9955455203581	79.9492480510126	80.7676189428445	81.5852240457552	83.4292535911197	83.2988291874389
630	72007	Aguas Buenas	2	78.7666789684169	78.7805207479443	80.7356957805209	79.1390188305137	81.3584656806599	83.434573778739	83.840786259113	85.940736669509	85.4327580622538
630	72009	Aibonito	2	78.207977189195	79.1512635862425	78.9629841229209	79.5109836188718	80.6439106209175	81.2292691868135	82.8748473929872	84.3467404780788	85.569268497322
630	72011	Añasco	2	76.7356124750607	77.0490327855543	77.5018027392481	77.904451654955	80.2698470750147	81.5977520522818	82.7749806421318	84.862227892334	84.2204776077453
630	72013	Arecibo	2	77.2920961182845	77.1151471573025	77.8276888277291	77.688309276859	79.8623121850294	80.6559556649873	81.6764995321289	84.2729560481768	83.6890173045879
630	72015	Arroyo	2	77.4036792442803	76.6186783845186	78.3375143838623	77.5368840838656	79.4639781836455	80.9986766145083	82.1090709473133	83.4195477813339	83.0804958940168
630	72017	Barceloneta	2	77.3420927411508	78.5609306012382	79.6015045942174	78.4938031414647	80.29131309004	82.3814917050326	82.7075511471573	84.9505217419472	84.4200193187153
630	72019	Barranquitas	2	77.6579533062477	78.0387250542722	79.5791436260304	78.0070045618207	81.0484772037858	82.9865860675101	83.0289049939415	85.7791681018207	85.6820038848137
630	72021	Bayamón	2	78.0414791369307	79.2713689670883	79.870011367794	79.6744825363529	81.5904768228767	82.6940759397732	84.0187323585615	85.233296624495	85.5473131663916
630	72023	Cabo Rojo	2	77.5492864469867	78.8807091034401	80.0306563308022	79.7586153870554	81.788183335906	82.3404790979565	83.6352304630415	84.4183827151194	84.6202836748562
630	72025	Caguas	2	78.2884486121514	78.9941839341496	78.5670140239156	79.5157354160205	80.9217660709006	82.9736106619919	83.6912600548252	84.7009578061958	84.486824178148
630	72027	Camuy	2	78.828785131798	79.2305902751315	78.5351089936346	80.5104705687239	80.8071751117393	82.7370503115934	83.2008116136007	85.0392003548354	85.3569261423659
630	72029	Canóvanas	2	78.6194071687966	77.7621734242421	78.1527790172408	77.2599873183771	79.7777606020258	81.6738910910306	81.9107766921373	83.2659081624301	84.0920432339387
630	72031	Carolina	2	79.6955446785948	79.7732649529061	79.2202894637885	80.0259874071823	81.7395056693489	82.8094094889433	84.1582673796909	86.087804149164	85.5342691987343
630	72033	Cataño	2	75.3046800860368	77.3837146790772	77.2381109086168	77.4510335579505	79.2721765856826	81.6420084526506	83.0255255956567	85.2606676240786	84.8067046930207
630	72035	Cayey	2	77.0808854821999	78.072286627389	78.2290329909997	78.8469349234439	80.5290134020853	81.7692817541102	83.3258836170335	85.1311086099944	86.9288883267962
630	72037	Ceiba	2	77.8469419325221	78.3109363118929	78.6389462547469	78.4338920838436	80.7216345168245	82.1443225820011	82.2897710482314	85.4691043596037	83.9187280674412
630	72039	Ciales	2	78.7991422606174	79.1171714661002	79.3999361264517	79.6061171168424	81.1590606767423	82.2645008688435	83.4784528864991	85.7617285274031	84.3168529364919
630	72041	Cidra	2	79.8881100323109	79.2690697529518	79.3669805537289	80.6996798062156	82.584308774414	83.1647057835402	83.320374996848	85.0355515251954	85.1470634434651
630	72043	Coamo	2	78.2351102905542	77.9913108573968	79.2362904163593	78.6134453805656	80.9370367364925	82.0853019445376	82.3939337842108	84.4662316160851	85.1034716298406
630	72045	Comerío	2	79.3272228014672	79.0550800903628	78.4921686930776	78.470887548259	80.3861798120372	81.6520433409735	82.9531130413645	84.4601344598882	83.6792826619859
630	72047	Corozal	2	78.3630495534186	78.2926467067149	78.822783287278	80.2256276379004	82.0884620867266	81.6157325793595	83.7417068881555	84.5865641422261	85.3215587006509
630	72049	Culebra	2	80.025861291191	80.4624325359909	80.38142558036	81.3439877452342	82.8654789593105	84.0481245673407	84.747230735031	85.9404024854198	85.0480821510176
630	72051	Dorado	2	79.1005110298034	79.1628933117219	79.3415963653765	79.5393964951826	80.2164646288056	81.5165459326031	83.4891146830435	85.0665389162202	86.611431289555
630	72053	Fajardo	2	76.8399656549186	77.2007669465625	77.8512237606808	78.5226920218285	79.7859154946303	80.2699375219751	81.2675225315655	83.6645768727562	83.3811540401264
630	72054	Florida	2	78.328407377741	76.9862451520898	77.063004317168	77.9221180746377	80.564760567648	80.786788741774	83.0539948653633	83.7629718856413	86.0413657878955
630	72055	Guánica	2	76.5887292856704	76.674995739784	77.0558276488554	77.0035814739159	78.525644185303	79.7817184406238	81.0210971182056	81.561619899148	81.9493125463437
630	72057	Guayama	2	76.7469043268836	76.8126515912599	77.8054175931766	78.6672442570129	80.0085401068026	80.4679175627562	81.8603702292883	83.3436075574392	82.4912977773048
630	72059	Guayanilla	2	77.3834748411291	76.7505413949215	77.8815239364506	78.6294286824409	79.7274971304669	79.6704131537945	80.8179597901216	84.2863475546447	84.4817662527918
630	72061	Guaynabo	2	79.3323287508591	80.4461774885659	80.3817285002115	81.3825541696101	82.3828143343541	83.5055247384023	84.4100591441408	86.3148304471354	86.7140886019474
630	72063	Gurabo	2	77.6298977507186	78.0324451379031	78.946786920581	78.6960321354427	81.5663855520664	82.2588939321562	83.3506259856016	85.8794642329618	84.7490837447916
630	72065	Hatillo	2	78.8495502607761	79.2304653236274	78.3256748463714	78.3813332075509	80.3258143588604	81.7021801392333	83.4445193890852	84.4077185879525	85.1588179740034
630	72067	Hormigueros	2	80.07977649064	79.0453601534752	80.6554368595915	80.2996925401678	81.9898934713224	83.6860465775794	83.3696639487664	86.2249581104845	86.0543262879157
630	72069	Humacao	2	76.1536450842967	77.997143969254	78.6843337681799	78.3417792487643	79.9098037033419	81.5488356088086	83.038272787845	84.4182309824396	84.2082559755094
630	72071	Isabela	2	77.7649910923038	78.2446714382018	78.3536230157794	79.284625429462	79.7253987933999	80.5435115415941	82.5340161744812	84.1288410532653	84.857586317739
630	72073	Jayuya	2	77.2420390925165	77.1338217048347	78.1262914523451	78.4969524311577	81.5979015272917	82.3047371451717	83.0878352207642	85.7466467267916	85.4950545898456
630	72075	Juana Díaz	2	76.4399087187231	77.7184168021241	77.9148254551877	78.2052523285238	79.9224755609184	81.4004802089	82.6498201481139	85.8111794897431	85.2991542015977
630	72077	Juncos	2	77.039555246468	77.4146793037598	78.3172713051237	78.6122073000487	80.3136203967527	80.3038397666322	82.4090130763418	83.4155010699605	84.4485426554817
630	72079	Lajas	2	77.7566223668852	77.7554487069149	79.2288131585348	79.6044791703973	80.8849795837387	81.5964799132396	83.2955656911834	84.6147639163623	85.4712257665367
630	72081	Lares	2	79.6770942358844	79.5034144022927	78.6799467462579	80.6541179284936	81.6146229791193	82.0577890423453	82.3966112074953	84.4078292740672	84.5775677290783
630	72083	Las Marías	2	81.1151853657508	79.7067979275274	80.5645144127483	80.976826677936	82.5060553956067	83.4356763182948	84.8761980876386	85.9758890958798	87.3861424756014
630	72085	Las Piedras	2	77.9989262058052	78.995221743143	78.7920388179324	79.700928279971	80.3931345533549	82.3482915832334	82.5484831056982	85.0875777218765	84.8046505522055
630	72087	Loíza	2	77.4555485679208	78.6591003467321	77.7956624262607	79.4775956499153	82.0617212697933	81.2380197955305	82.7871736998316	84.5170515806836	85.0616738318026
630	72089	Luquillo	2	80.06082958261	76.6205138668008	78.2241897712118	77.8111128349167	80.5139642179845	80.2613129462597	82.9107844989344	85.2618338647929	84.5733025525353
630	72091	Manatí	2	76.9298460273411	77.8909126161682	77.9460025615265	78.2385866060496	79.7608335754516	81.2085098579164	82.0535011945707	84.1097666690217	84.5212219608338
630	72093	Maricao	2	78.7388951359516	79.3474188570529	79.6234644237991	80.1755168985063	81.4563643862512	82.8535077877298	85.3663440926952	86.8173162094555	84.474102789738
630	72095	Maunabo	2	78.3683982121842	79.3103365868127	80.008774800252	79.6535281406553	81.2556274940439	82.8641947928693	84.7469918468794	85.3816892322501	83.1165831641261
630	72097	Mayagüez	2	77.3136542184197	77.8104470461373	78.4223321988544	79.3794180777234	81.0455872141702	81.3299805102635	82.7207769395795	84.912048023305	84.8380489751924
630	72099	Moca	2	78.13624175139	78.8461774825534	79.1961145051251	79.5840087622123	81.3793873839367	81.8675666988222	82.5405938757871	85.1409068610401	84.9663761314412
630	72101	Morovis	2	79.4011621373488	79.0785435188434	79.2816195401168	80.6342931186675	81.946830675036	82.7024317741503	83.2012517956041	86.2066858448485	85.6162826213666
630	72103	Naguabo	2	76.702677376511	77.200010402327	77.7735900943281	77.2382538765848	79.9916120799274	80.8309823993721	82.4195317633258	84.2560925777945	83.7291272389527
630	72105	Naranjito	2	80.5441177461922	80.4923679415318	80.538454395455	80.9882615256545	81.8845420620678	81.9390013765663	83.5003609478131	86.6532626536968	85.1697150004707
630	72107	Orocovis	2	79.2665850775991	81.1206835576163	80.2601326379055	79.9916094954305	82.3340038757977	81.5371074271759	83.2989682870586	85.2106337825669	84.776007579795
630	72109	Patillas	2	77.6114325636708	78.5916666124407	78.3241969542989	78.296382236612	80.6303912657671	81.5761007106326	83.1076955420592	85.5272350802466	85.4369569408929
630	72111	Peñuelas	2	77.5346571279918	78.0405073433289	78.127740606842	78.4223430450863	80.6504203537648	82.8127203595972	82.328141231456	83.4682377105371	83.3606698537221
630	72113	Ponce	2	77.5755657467158	77.2390602292171	77.745275331856	78.5526830508203	79.9516668424277	81.4142985492124	81.7856221737599	84.4362651738434	83.8553719195661
630	72115	Quebradillas	2	78.525109103928	77.5411920289688	78.6021863735164	78.6914731832339	79.7833752907308	82.2351026287096	82.9022730314539	83.5617898767099	83.9662280681236
630	72117	Rincón	2	78.4797023233321	78.7436895493084	79.340340100678	80.2401469232856	82.2344283787785	81.2106762647212	83.9009748653096	86.2069795715846	85.6615406805787
630	72119	Río Grande	2	77.5880760001108	78.3254418884694	78.9102566022632	78.5282603999926	80.7950842260928	81.844233587518	81.9469489095598	84.3495797047262	85.1620832106196
630	72121	Sabana Grande	2	77.2291432207473	78.7805952597784	77.6356860700796	77.7756108034181	80.5093260315592	81.1265262701484	82.9397037595559	83.1237107103535	84.4827189816072
630	72123	Salinas	2	76.9655375994427	76.7366432323855	77.6124768677957	78.7898634291004	80.1917666012748	80.7595980495477	83.1974696916145	84.6913846708271	84.9700237959636
630	72125	San Germán	2	77.4135799722294	78.1129066124007	79.0293403765157	78.9314552044778	81.0557899604523	81.6416381122433	82.4851383842184	84.22962387535	83.7782658553631
630	72127	San Juan	2	78.2909206342114	78.6347236816252	78.5864908055366	79.5502958553477	81.7972570435195	82.4001030996342	84.0309171785557	85.1059225862248	85.3835127865553
630	72129	San Lorenzo	2	78.3535649160407	78.753131278692	79.0580731146415	78.5667733708608	80.9861848085376	81.6953572891119	83.2837106578563	85.4065798910226	84.3195251404639
630	72131	San Sebastián	2	77.677420566589	78.3612422157156	78.68916071311	79.3914965865956	80.2447344914836	81.0587432389694	82.926128144698	83.9999507919708	84.2574586619555
630	72133	Santa Isabel	2	77.1302964830907	76.6023959627024	76.8505587044953	77.479273679065	79.1442047120009	81.2905924255008	81.3398414155425	83.7716853150271	83.0091523045406
630	72135	Toa Alta	2	78.7424465572738	80.7906400801494	79.8174460530045	80.7007591462553	81.5863443597753	83.3807777992732	84.3113433935593	84.381258196035	85.4009504464179
630	72137	Toa Baja	2	78.632261761394	78.9308336187626	78.3464639587595	79.858559281519	80.987716247097	81.2178874481874	82.9635418092447	85.0788900457393	84.7452456288859
630	72139	Trujillo Alto	2	80.0760947364985	80.583222250721	79.8364414610579	80.8149932994024	83.2091243962648	83.5046188976326	84.9838523837442	86.2233367843274	85.8084633022733
630	72141	Utuado	2	78.2117810169179	78.4874463256653	78.8551128590735	79.4022081453694	81.0318987587029	82.1265193546384	83.5300902182363	85.1471726257198	85.416166311343
630	72143	Vega Alta	2	78.5004720940573	78.31180373178	79.4538243723127	79.3970876075625	81.6732951632503	82.3561864768619	84.1469820537367	84.7278849922257	85.8594354122181
630	72145	Vega Baja	2	77.2013926715274	78.292644397914	79.4543836275497	78.4626922223517	80.334317896799	81.2700557881757	82.4559981202332	85.1250810945141	84.3683346767338
630	72147	Vieques	2	77.2803678624433	77.015178619934	76.6379704901452	77.9976739858197	79.7959210797275	81.2227227231288	82.1125342599242	83.9988254650538	82.6112080014137
630	72149	Villalba	2	78.1273690671463	78.3637544936746	78.942897886272	79.6314998447385	80.8565275777878	82.1770283697292	82.6480346224435	84.1757199413843	85.3838728578944
630	72151	Yabucoa	2	77.7167356833904	78.4453955884818	78.552248209409	79.0886342884627	81.4866169768892	82.7561071218481	82.4199446387367	85.6198225868268	84.8395482328867
630	72153	Yauco	2	77.434235140448	77.3922503353558	78.1912331151463	78.7671896139486	79.3097800899456	80.6024325080598	81.8589882611443	83.1859685371589	83.2979906545524
630	630	Puerto Rico	0	78.0640446684132	78.4847567872079	78.7745970475369	79.2585332943269	80.9869335766891	81.9765982351663	83.1487489313448	84.8514674964588	84.8405326316377
